Index,Mass,Calibrated_Mass,Calculated_Mass,Peak_Height,Peak_Area,Resolving_Power,S_N,Ion_Charge,Error_ppm,Error_Score,Isotopologue_Similarity,Confidence_Score,DBE,HtoC_ratio,OtoC_ratio,Heteroatom_Class,Ion_Type,Is_Isotopologue,Mono_Isotopic_Index,Molecular_Formula,C,H,O,N,P,S,13C,15N,17O,18O,33S,34S
46,233.073724,233.07352958154493,233.07369026868903,978262.3,-9999,1002018.7,15.67,-1,-0.6894263524374944,0.917370238595518,0,0.5504221431573109,7,1.1538461538461535,0.15384615384615383,P1 O2,de-protonated,0,-9999,C13 H15 O2 P1,13,15,2,-9999,1,-9999,-9999,N/A,-9999,-9999,N/A,-9999
49,233.075655,233.07546058307568,233.0754078017291,776406.6,-9999,862115.6,12.02,-1,0.22645609447116544,0.9907380412882314,0,0.5944428247729389,7,1.1666666666666667,0.08333333333333333,N2 S1 O1,de-protonated,0,-9999,C12 H14 O1 N2 S1,12,14,1,2,-9999,1,-9999,N/A,-9999,-9999,N/A,-9999
56,239.082936,239.0827463450987,239.08260118243908,922425.9,-9999,739390.1,14.53,-1,0.6071653016380948,0.9352971390432828,0,0.5611782834259696,10,0.8571428571428571,0.14285714285714285,N2 O2,de-protonated,0,-9999,C14 H12 O2 N2,14,12,2,2,-9999,-9999,-9999,N/A,-9999,-9999,N/A,-9999
67,243.008116,243.00792945662255,243.00811608662903,943207.6,-9999,675795.9,14.77,-1,-0.7679990673388959,0.8985054294190559,0,0.5391032576514335,6,1,0.625,N2 S1 O5,de-protonated,0,-9999,C8 H8 O5 N2 S1,8,8,5,2,-9999,1,-9999,N/A,-9999,-9999,N/A,-9999
67,243.008116,243.00792945662255,243.00773596410903,943207.6,-9999,675795.9,14.77,-1,0.7962401391105043,0.8913321216560125,0,0.5347992729936075,11,0.5,0.2,N4 P1 O2,de-protonated,0,-9999,C10 H5 O2 N4 P1,10,5,2,4,1,-9999,-9999,N/A,-9999,-9999,N/A,-9999
68,243.139024,243.13883756039445,243.13905343141903,1279038.3,-9999,621241.2,20.74,-1,-0.8878500658831409,0.8667263676364408,0,0.5200358205818645,7,1.25,0.125,O2,de-protonated,0,-9999,C16 H20 O2,16,20,2,-9999,-9999,-9999,-9999,N/A,-9999,-9999,N/A,-9999
69,245.053994,245.0538090784075,245.05362698498908,911752.1,-9999,809684,14.2,-1,0.743075794060666,0.9046664168182356,0,0.5427998500909413,4,1.75,0.125,N4 S2 O1,de-protonated,0,-9999,C8 H14 O1 N4 S2,8,14,1,4,-9999,2,-9999,N/A,-9999,-9999,N/A,-9999
71,247.116247,247.11606371317316,247.1162099862491,1002982.8,-9999,658097.4,15.75,-1,-0.5919201979316653,0.9384045910250624,0,0.5630427546150374,6,1.3333333333333333,0.06666666666666667,S1 O1,de-protonated,0,-9999,C15 H20 O1 S1,15,20,1,-9999,-9999,1,-9999,N/A,-9999,-9999,N/A,-9999
83,255.056706,255.056529007643,255.05638643394903,1440109.9,-9999,762850.7,23.26,-1,0.5589889198342634,0.9448803065449146,0,0.5669281839269488,15,0.4705882352941176,0.0588235294117647,N2 O1,de-protonated,0,-9999,C17 H8 O1 N2,17,8,1,2,-9999,-9999,-9999,N/A,-9999,-9999,N/A,-9999
86,257.072391,257.0722156054938,257.0720364984091,1214112,-9999,538218.9,19.29,-1,0.6967194376503834,0.9156890345847296,0,0.5494134207508378,14,0.5882352941176471,0.0588235294117647,N2 O1,de-protonated,0,-9999,C17 H10 O1 N2,17,10,1,2,-9999,-9999,-9999,N/A,-9999,-9999,N/A,-9999
92,265.041037,265.0408679223077,265.0407363694891,891573.4,-9999,655436.6,13.32,-1,0.49634943077673765,0.9562822215292766,0,0.5737693329175659,17,0.3333333333333333,0.05555555555555555,N2 O1,de-protonated,0,-9999,C18 H6 O1 N2,18,6,1,2,-9999,-9999,-9999,N/A,-9999,-9999,N/A,-9999
95,265.151784,265.1516150100978,265.15174337230906,1278851.8,-9999,442474,19.97,-1,-0.4841084942368722,0.9583669835393512,0,0.5750201901236107,1,2.4444444444444446,0.5555555555555556,N4 O5,de-protonated,0,-9999,C9 H22 O5 N4,9,22,5,4,-9999,-9999,-9999,N/A,-9999,-9999,N/A,-9999
142,281.036004,281.035847601655,281.0356509890591,861504.1,-9999,836829.3,12.48,-1,0.6996001938627959,0.9150209449813796,0,0.5490125669888277,17,0.3333333333333333,0.1111111111111111,N2 O2,de-protonated,0,-9999,C18 H6 O2 N2,18,6,2,2,-9999,-9999,-9999,N/A,-9999,-9999,N/A,-9999
152,283.067473,283.0673182120179,283.0675595164091,1503257.3,-9999,538956.8,23.04,-1,-0.8524621883574922,0.876466084767816,0,0.5258796508606896,6,1.4166666666666667,0.16666666666666666,N2 S1 P1 O2,de-protonated,0,-9999,C12 H17 O2 N2 P1 S1,12,17,2,2,1,1,-9999,N/A,-9999,-9999,N/A,-9999
153,283.087826,283.0876712281519,283.08768656286907,986299.4,-9999,390127.6,14.45,-1,-0.05416949544446882,0.999467710623832,0,0.5996806263742992,15,0.631578947368421,0.05263157894736842,N2 O1,de-protonated,0,-9999,C19 H12 O1 N2,19,12,1,2,-9999,-9999,-9999,N/A,-9999,-9999,N/A,-9999
157,285.103669,285.10351582612793,285.1033366273291,1159985,-9999,442452.4,17.33,-1,0.628539816308417,0.9308254224344904,0,0.5584952534606943,14,0.7368421052631579,0.05263157894736842,N2 O1,de-protonated,0,-9999,C19 H14 O1 N2,19,14,1,2,-9999,-9999,-9999,N/A,-9999,-9999,N/A,-9999
169,289.041618,289.0414679477738,289.04173869108905,1163535.5,-9999,637052.1,17.24,-1,-0.936692798994893,0.8528241736567267,0,0.511694504194036,5,1.5,0.4,N2 S1 P1 O4,de-protonated,0,-9999,C10 H15 O4 N2 P1 S1,10,15,4,2,1,1,-9999,N/A,-9999,-9999,N/A,-9999
170,289.078108,289.07795797669974,289.07812420043905,966227.3,-9999,550893.9,13.98,-1,-0.57501320715003,0.9417699696282974,0,0.5650619817769784,4,1.7272727272727273,0.2727272727272727,N2 S1 P1 O3,de-protonated,0,-9999,C11 H19 O3 N2 P1 S1,11,19,3,2,1,1,-9999,N/A,-9999,-9999,N/A,-9999
174,291.093639,291.0934905744284,291.0937742648991,2025959.6,-9999,537218,31.19,-1,-0.9745672898134038,0.8416958209872938,0,0.5050174925923763,3,1.9090909090909092,0.2727272727272727,N2 S1 P1 O3,de-protonated,0,-9999,C11 H21 O3 N2 P1 S1,11,21,3,2,1,1,-9999,N/A,-9999,-9999,N/A,-9999
176,291.130045,291.12989660328776,291.13015977424914,1342443.4,-9999,556153.4,20.01,-1,-0.9039632361664328,0.8621976785346737,0,0.5173186071208041,2,2.0833333333333335,0.16666666666666666,N2 S1 P1 O2,de-protonated,0,-9999,C12 H25 O2 N2 P1 S1,12,25,2,2,1,1,-9999,N/A,-9999,-9999,N/A,-9999
179,293.036608,293.0364611146366,293.03665331065906,1330741.1,-9999,539296.1,19.82,-1,-0.65587707299475,0.9249138873792704,0,0.5549483324275623,4,1.6666666666666667,0.5555555555555556,N2 S1 P1 O5,de-protonated,0,-9999,C9 H15 O5 N2 P1 S1,9,15,5,2,1,1,-9999,N/A,-9999,-9999,N/A,-9999
180,293.072391,293.0722441430021,293.0720364984091,1532473,-9999,570298.7,23.11,-1,0.7085104245054474,0.9129402121134644,0,0.5477641272680785,17,0.5,0.05,N2 O1,de-protonated,0,-9999,C20 H10 O1 N2,20,10,1,2,-9999,-9999,-9999,N/A,-9999,-9999,N/A,-9999
181,293.07296,293.0728131434532,293.07303882000906,4081337,-9999,479865.6,64.79,-1,-0.7700351993963394,0.8979950148021487,0,0.5387970088812892,3,1.9,0.4,N2 S1 P1 O4,de-protonated,0,-9999,C10 H19 O4 N2 P1 S1,10,19,4,2,1,1,-9999,N/A,-9999,-9999,N/A,-9999
183,293.109388,293.1092411723299,293.1094243293591,3143869,-9999,476911.4,49.46,-1,-0.6248759473272573,0.9316013802431116,0,0.5589608281458669,2,2.090909090909091,0.2727272727272727,N2 S1 P1 O3,de-protonated,0,-9999,C11 H23 O3 N2 P1 S1,11,23,3,2,1,1,-9999,N/A,-9999,-9999,N/A,-9999
185,293.179638,293.1794912280177,293.17920416725906,5452740.5,-9999,557681.9,87.21,-1,0.9791306973928898,0.4201676512400955,0.8684926696514785,0.5994976586046488,0,2.142857142857143,0.2857142857142857,S1 O4,de-protonated,0,-9999,C14 H30 O4 S1,14,30,4,-9999,-9999,1,-9999,N/A,-9999,-9999,N/A,-9999
186,293.182117,293.1819702299828,293.1821953480591,68022216,-9999,473616.9,1110.19,-1,-0.7678436134896762,0.599236607669821,0.9622544379409508,0.7444437397782729,0,2.3846153846153846,0.07692307692307693,N2 S1 P1 O1,de-protonated,0,-9999,C13 H31 O1 N2 P1 S1,13,31,1,2,1,1,-9999,N/A,-9999,-9999,N/A,-9999
189,294.185471,294.18532502535015,294.1855501831291,11520047,-9999,428191.7,186.4,-1,-0.7653597494184791,0.5994436455158639,0.9622544379409508,0.7445679624858987,0,2.5833333333333335,0.08333333333333333,13C1 N2 S1 P1 O1,de-protonated,1,186,C12 H31 O1 N2 P1 S1 13C1,12,31,1,2,1,1,1,N/A,-9999,-9999,N/A,-9999
196,295.052276,295.05213071247385,295.0523033751191,2435724.3,-9999,599584.4,37.88,-1,-0.5851933479788655,0.9397538212941174,0,0.5638522927764704,3,1.8888888888888888,0.5555555555555556,N2 S1 P1 O5,de-protonated,0,-9999,C9 H17 O5 N2 P1 S1,9,17,5,2,1,1,-9999,N/A,-9999,-9999,N/A,-9999
197,295.087814,295.08766874064514,295.08768656286907,1069968,-9999,625438.2,15.55,-1,-0.06039636601514415,0.9993383448018718,0,0.599603006881123,16,0.6,0.05,N2 O1,de-protonated,0,-9999,C20 H12 O1 N2,20,12,1,2,-9999,-9999,-9999,N/A,-9999,-9999,N/A,-9999
198,295.088679,295.0885337413309,295.0886888844691,3863696.3,-9999,488363.9,61.23,-1,-0.5257508812076097,0.951082037975766,0,0.5706492227854596,2,2.1,0.4,N2 S1 P1 O4,de-protonated,0,-9999,C10 H21 O4 N2 P1 S1,10,21,4,2,1,1,-9999,N/A,-9999,-9999,N/A,-9999
199,295.124992,295.1248467701165,295.12507439381915,3960212,-9999,446248.9,62.8,-1,-0.7712787641297887,0.897682758116757,0,0.5386096548700542,1,2.272727272727273,0.2727272727272727,N2 S1 P1 O3,de-protonated,0,-9999,C11 H25 O3 N2 P1 S1,11,25,3,2,1,1,-9999,N/A,-9999,-9999,N/A,-9999
200,295.137458,295.13731277999835,295.13733935430906,1194325.4,-9999,398245.5,17.58,-1,-0.09004049019155416,0.9985300243769508,0,0.5991180146261705,5,1.5,0.1875,S1 O3,de-protonated,0,-9999,C16 H24 O3 S1,16,24,3,-9999,-9999,1,-9999,N/A,-9999,-9999,N/A,-9999
202,295.161464,295.16131879902815,295.1614599031691,1141144,-9999,552813.8,16.71,-1,-0.47805747058990206,0.9593799473478892,0,0.5756279684087335,0,2.4166666666666665,0.16666666666666666,N2 S1 P1 O2,de-protonated,0,-9999,C12 H29 O2 N2 P1 S1,12,29,2,2,1,1,-9999,N/A,-9999,-9999,N/A,-9999
206,297.067191,297.0670473097142,297.0669511179791,1404773.8,-9999,569800.6,20.83,-1,0.32380490239168014,0.9811550048969244,0,0.5886930029381546,16,0.5263157894736842,0.10526315789473684,N2 O2,de-protonated,0,-9999,C19 H10 O2 N2,19,10,2,2,-9999,-9999,-9999,N/A,-9999,-9999,N/A,-9999
207,297.067881,297.06773731026124,297.06795343957907,3118437.8,-9999,463791.1,48.61,-1,-0.7275416797140846,0.9084241759157616,0,0.545054505549457,2,2.111111111111111,0.5555555555555556,N2 S1 P1 O5,de-protonated,0,-9999,C9 H19 O5 N2 P1 S1,9,19,5,2,1,1,-9999,N/A,-9999,-9999,N/A,-9999
208,297.104289,297.10414533912217,297.10433894892907,4302442,-9999,388734.7,67.79,-1,-0.6516559387334002,0.9258406199789,0,0.55550437198734,1,2.3,0.4,N2 S1 P1 O4,de-protonated,0,-9999,C10 H23 O4 N2 P1 S1,10,23,4,2,1,1,-9999,N/A,-9999,-9999,N/A,-9999
209,297.135136,297.13499236357484,297.1352313540291,1382893.1,-9999,506049.8,20.48,-1,-0.8043154396758049,0.8892442024785727,0,0.5335465214871437,4,1.625,0.0625,S2 O1,de-protonated,0,-9999,C16 H26 O1 S2,16,26,1,-9999,-9999,2,-9999,N/A,-9999,-9999,N/A,-9999
211,297.140755,297.14061136802906,297.14072445827907,2159469.8,-9999,365073.3,33.07,-1,-0.38059491918182525,0.9740591049560104,0,0.5844354629736062,0,2.4545454545454546,0.2727272727272727,N2 S1 P1 O3,de-protonated,0,-9999,C11 H27 O3 N2 P1 S1,11,27,3,2,1,1,-9999,N/A,-9999,-9999,N/A,-9999
212,297.156739,297.15659538069974,297.15682875273905,1008111.5,-9999,498682.1,14.41,-1,-0.785349743714437,0.894122157216727,0,0.5364732943300362,5,1.6923076923076923,0.3076923076923077,N4 O4,de-protonated,0,-9999,C13 H22 O4 N4,13,22,4,4,-9999,-9999,-9999,N/A,-9999,-9999,N/A,-9999
214,298.107733,298.1075901345608,298.1078301296191,878039.3,-9999,586470.3,12.3,-1,-0.8050612365074942,0.8890505576885852,0,0.5334303346131511,1,2.3333333333333335,0.6666666666666666,N3 S1 O6,de-protonated,0,-9999,C9 H21 O6 N3 S1,9,21,6,3,-9999,1,-9999,N/A,-9999,-9999,N/A,-9999
219,299.047166,299.0470238792574,299.0472179946891,1440254.8,-9999,344084.6,21.41,-1,-0.6491129829823135,0.9263964722083412,0,0.5558378833250047,2,2.125,0.75,N2 S1 P1 O6,de-protonated,0,-9999,C8 H17 O6 N2 P1 S1,8,17,6,2,1,1,-9999,N/A,-9999,-9999,N/A,-9999
220,299.062344,299.06220189128913,299.06247413597913,988736.4,-9999,468765.8,14.09,-1,-0.9103271508127068,0.8603932612522077,0,0.5162359567513246,6,1.4166666666666667,0.25,N2 S1 P1 O3,de-protonated,0,-9999,C12 H17 O3 N2 P1 S1,12,17,3,2,1,1,-9999,N/A,-9999,-9999,N/A,-9999
221,299.08269,299.08254790741756,299.0826011824391,1076802.6,-9999,776966.4,15.52,-1,-0.17812812013699217,0.9942592423172696,0,0.5965555453903618,15,0.631578947368421,0.10526315789473684,N2 O2,de-protonated,0,-9999,C19 H12 O2 N2,19,12,2,2,-9999,-9999,-9999,N/A,-9999,-9999,N/A,-9999
223,299.083688,299.0835459082087,299.0836035040391,2953282.8,-9999,424016.9,45.93,-1,-0.19257434957232647,0.9932935862649916,0,0.5959761517589949,1,2.3333333333333335,0.5555555555555556,N2 S1 P1 O5,de-protonated,0,-9999,C9 H21 O5 N2 P1 S1,9,21,5,2,1,1,-9999,N/A,-9999,-9999,N/A,-9999
224,299.119214,299.11907193637046,299.1189866917891,1070214.6,-9999,658589.7,15.41,-1,0.2849855247492168,0.9853713808544184,0,0.5912228285126511,14,0.8,0.05,N2 O1,de-protonated,0,-9999,C20 H16 O1 N2,20,16,1,2,-9999,-9999,-9999,N/A,-9999,-9999,N/A,-9999
225,299.119955,299.1198129369578,299.1199890133891,3230022.8,-9999,430697.5,50.41,-1,-0.5886481604063074,0.9390625602437516,0,0.5634375361462509,0,2.5,0.4,N2 S1 P1 O4,de-protonated,0,-9999,C10 H25 O4 N2 P1 S1,10,25,4,2,1,1,-9999,N/A,-9999,-9999,N/A,-9999
230,301.062872,301.0627314771248,301.0628680591491,1814559.5,-9999,536409.4,27.22,-1,-0.45366612340650886,0.9633442160398368,0,0.578006529623902,1,2.375,0.75,N2 S1 P1 O6,de-protonated,0,-9999,C8 H19 O6 N2 P1 S1,8,19,6,2,1,1,-9999,N/A,-9999,-9999,N/A,-9999
231,301.078099,301.0779584891954,301.07812420043905,953697.3,-9999,409342.9,13.4,-1,-0.5503928393779842,0.9465167006797331,0,0.5679100204078399,5,1.5833333333333333,0.25,N2 S1 P1 O3,de-protonated,0,-9999,C12 H19 O3 N2 P1 S1,12,19,3,2,1,1,-9999,N/A,-9999,-9999,N/A,-9999
237,303.057439,303.0573000582351,303.0573887555491,1414658.8,-9999,539032.8,20.79,-1,-0.2926749759648073,0.9845775156125856,0,0.5907465093675514,5,1.5454545454545454,0.3636363636363637,N2 S1 P1 O4,de-protonated,0,-9999,C11 H17 O4 N2 P1 S1,11,17,4,2,1,1,-9999,N/A,-9999,-9999,N/A,-9999
238,303.09383,303.0936910870826,303.0937742648991,1416838.9,-9999,463393,20.83,-1,-0.27442931371838325,0.9864277811505334,0,0.59185666869032,4,1.75,0.25,N2 S1 P1 O3,de-protonated,0,-9999,C12 H21 O3 N2 P1 S1,12,21,3,2,1,1,-9999,N/A,-9999,-9999,N/A,-9999
240,303.130137,303.12999811586343,303.13015977424914,1021451.1,-9999,593412.6,14.48,-1,-0.5332969369578207,0.9497039004885632,0,0.5698223402931379,3,1.9230769230769231,0.15384615384615383,N2 S1 P1 O2,de-protonated,0,-9999,C13 H25 O2 N2 P1 S1,13,25,2,2,1,1,-9999,N/A,-9999,-9999,N/A,-9999
243,305.036787,305.03664962728124,305.03665331065906,1252841.5,-9999,476196.3,18.19,-1,-0.01207519747797379,0.9999735432455202,0,0.5999841259473121,5,1.5,0.5,N2 S1 P1 O5,de-protonated,0,-9999,C10 H15 O5 N2 P1 S1,10,15,5,2,1,1,-9999,N/A,-9999,-9999,N/A,-9999
244,305.058534,305.0583966445203,305.05843412739904,1646316,-9999,419448.7,24.51,-1,-0.12287114379125962,0.9972643601872077,0,0.5983586161123245,9,1,0.3333333333333333,P1 O5,de-protonated,0,-9999,C15 H15 O5 P1,15,15,5,-9999,1,-9999,-9999,N/A,-9999,-9999,N/A,-9999
246,305.073101,305.07296365606766,305.07303882000906,1975789.8,-9999,449933.7,29.8,-1,-0.2463801511077978,0.9890459255783348,0,0.593427555347001,4,1.7272727272727273,0.3636363636363637,N2 S1 P1 O4,de-protonated,0,-9999,C11 H19 O4 N2 P1 S1,11,19,4,2,1,1,-9999,N/A,-9999,-9999,N/A,-9999
247,305.109603,305.1094656850031,305.1094243293591,2152818,-9999,470714.5,32.65,-1,0.1355436466033902,0.9966719604361496,0,0.5980031762616896,3,1.9166666666666667,0.25,N2 S1 P1 O3,de-protonated,0,-9999,C12 H23 O3 N2 P1 S1,12,23,3,2,1,1,-9999,N/A,-9999,-9999,N/A,-9999
248,305.145792,305.1456547136904,305.1458098387091,1222134.4,-9999,441205.8,17.7,-1,-0.5083635878058405,0.9541900382410472,0,0.5725140229446283,2,2.076923076923077,0.15384615384615383,N2 S1 P1 O2,de-protonated,0,-9999,C13 H27 O2 N2 P1 S1,13,27,2,2,1,1,-9999,N/A,-9999,-9999,N/A,-9999
252,307.052376,307.05224022505587,307.0523033751191,2664666.8,-9999,487293.1,40.48,-1,-0.20566549259690425,0.992354407344762,0,0.5954126444068573,4,1.7,0.5,N2 S1 P1 O5,de-protonated,0,-9999,C10 H17 O5 N2 P1 S1,10,17,5,2,1,1,-9999,N/A,-9999,-9999,N/A,-9999
253,307.088852,307.08871625397074,307.0886888844691,3061087,-9999,306541,46.79,-1,0.08912572374821741,0.9985597196795586,0,0.5991358318077351,3,1.9090909090909092,0.3636363636363637,N2 S1 P1 O4,de-protonated,0,-9999,C11 H21 O4 N2 P1 S1,11,21,4,2,1,1,-9999,N/A,-9999,-9999,N/A,-9999
254,307.125161,307.1250252827532,307.12507439381915,3141091.5,-9999,375685,48.06,-1,-0.1599057518996576,0.9953711307910724,0,0.5972226784746434,2,2.0833333333333335,0.25,N2 S1 P1 O3,de-protonated,0,-9999,C12 H25 O3 N2 P1 S1,12,25,3,2,1,1,-9999,N/A,-9999,-9999,N/A,-9999
255,307.161612,307.1614763116482,307.1614599031691,1135080,-9999,414948.4,16.15,-1,0.05341971972424698,0.9994823400026872,0,0.5996894040016122,1,2.230769230769231,0.15384615384615383,N2 S1 P1 O2,de-protonated,0,-9999,C13 H29 O2 N2 P1 S1,13,29,2,2,1,1,-9999,N/A,-9999,-9999,N/A,-9999
260,309.031704,309.0315697940862,309.0315679302291,1183950.4,-9999,402388.5,16.92,-1,0.00603128385960005,0.9999933995745128,0,0.5999960397447077,4,1.6666666666666667,0.6666666666666666,N2 S1 P1 O6,de-protonated,0,-9999,C9 H15 O6 N2 P1 S1,9,15,6,2,1,1,-9999,N/A,-9999,-9999,N/A,-9999
261,309.0681,309.0679658229376,309.06795343957907,3666899,-9999,401166.4,56.43,-1,0.0400667826789562,0.9997087543025694,0,0.5998252525815416,3,1.9,0.5,N2 S1 P1 O5,de-protonated,0,-9999,C10 H19 O5 N2 P1 S1,10,19,5,2,1,1,-9999,N/A,-9999,-9999,N/A,-9999
262,309.104512,309.1043778518017,309.10433894892907,5558999.5,-9999,382528.8,86.53,-1,0.1258567665663845,0.9971299926602726,0,0.5982779955961636,2,2.090909090909091,0.3636363636363637,N2 S1 P1 O4,de-protonated,0,-9999,C11 H23 O4 N2 P1 S1,11,23,4,2,1,1,-9999,N/A,-9999,-9999,N/A,-9999
263,309.140841,309.1407068806,309.14072445827907,3084508,-9999,447324.2,47.16,-1,-0.05685979767449285,0.9994135417915389,0,0.5996481250749233,1,2.25,0.25,N2 S1 P1 O3,de-protonated,0,-9999,C12 H27 O3 N2 P1 S1,12,27,3,2,1,1,-9999,N/A,-9999,-9999,N/A,-9999
266,309.17726,309.1771259094696,309.1771099676291,4681184.5,-9999,365411,72.57,-1,0.05156216287673664,0.9995177065861,0,0.59971062395166,0,2.3846153846153846,0.15384615384615383,N2 S1 P1 O2,de-protonated,0,-9999,C13 H31 O2 N2 P1 S1,13,31,2,2,1,1,-9999,N/A,-9999,-9999,N/A,-9999
268,310.107923,310.1077896472142,310.1078301296191,1072853.9,-9999,538109.7,15.15,-1,-0.130542995028577,0.9969126227926554,0,0.5981475736755932,2,2.1,0.6,N3 S1 O6,de-protonated,0,-9999,C10 H21 O6 N3 S1,10,21,6,3,-9999,1,-9999,N/A,-9999,-9999,N/A,-9999
269,310.180624,310.1804907048449,310.18060114831906,976607.2,-9999,470751.2,13.62,-1,-0.35606183546514253,0.9772585063069604,0,0.5863551037841762,0,2.4166666666666665,0.3333333333333333,N3 S1 O4,de-protonated,0,-9999,C12 H29 O4 N3 S1,12,29,4,3,-9999,1,-9999,N/A,-9999,-9999,N/A,-9999
273,311.047328,311.0471953918886,311.0472179946891,2139598.3,-9999,438043.9,32.12,-1,-0.07266678246781237,0.9990423261013052,0,0.5994253956607831,3,1.8888888888888888,0.6666666666666666,N2 S1 P1 O6,de-protonated,0,-9999,C9 H17 O6 N2 P1 S1,9,17,6,2,1,1,-9999,N/A,-9999,-9999,N/A,-9999
274,311.082855,311.08272242005114,311.0826011824391,1555922.8,-9999,597434.4,22.83,-1,0.3897280387992339,0.9728164402875276,0,0.5836898641725166,16,0.6,0.1,N2 O2,de-protonated,0,-9999,C20 H12 O2 N2,20,12,2,2,-9999,-9999,-9999,N/A,-9999,-9999,N/A,-9999
275,311.083839,311.08370642083116,311.0836035040391,4922323,-9999,399692.7,76.4,-1,0.3308332258593892,0.9803362324544354,0,0.5882017394726612,2,2.1,0.5,N2 S1 P1 O5,de-protonated,0,-9999,C10 H21 O5 N2 P1 S1,10,21,5,2,1,1,-9999,N/A,-9999,-9999,N/A,-9999
276,311.084654,311.08452142147723,311.08425495271905,887251,-9999,711044.3,12.2,-1,0.8565806656612891,0.8753474166199764,0,0.5252084499719858,11,0.9444444444444444,0.16666666666666666,P1 O3,de-protonated,0,-9999,C18 H17 O3 P1,18,17,3,-9999,1,-9999,-9999,N/A,-9999,-9999,N/A,-9999
277,311.098987,311.0988544328391,311.0988596453291,2207956.8,-9999,492440.5,33.21,-1,-0.01675509198375445,0.9999490626438122,0,0.5999694375862873,6,1.5,0.14285714285714285,N2 S1 P1 O2,de-protonated,0,-9999,C14 H21 O2 N2 P1 S1,14,21,2,2,1,1,-9999,N/A,-9999,-9999,N/A,-9999
278,311.119262,311.1191294489113,311.1189866917891,2214359.5,-9999,694107.6,33.31,-1,0.45885056300553606,0.9625176233358784,0,0.577510574001527,15,0.7619047619047619,0.04761904761904761,N2 O1,de-protonated,0,-9999,C21 H16 O1 N2,21,16,1,2,-9999,-9999,-9999,N/A,-9999,-9999,N/A,-9999
279,311.120073,311.1199404495541,311.1199890133891,6041815.5,-9999,353506.7,94.21,-1,-0.15609358670296364,0.995588723440192,0,0.5973532340641152,1,2.272727272727273,0.3636363636363637,N2 S1 P1 O4,de-protonated,0,-9999,C11 H25 O4 N2 P1 S1,11,25,4,2,1,1,-9999,N/A,-9999,-9999,N/A,-9999
280,311.156643,311.15651047854345,311.1563745227391,1980636.3,-9999,377892.7,29.59,-1,0.43693722991132394,0.965952014509412,0,0.5795712087056472,0,2.4166666666666665,0.25,N2 S1 P1 O3,de-protonated,0,-9999,C12 H29 O3 N2 P1 S1,12,29,3,2,1,1,-9999,N/A,-9999,-9999,N/A,-9999
281,311.172401,311.17226849103497,311.1724788171991,3986398.3,-9999,518146.7,61.51,-1,-0.6759150581300856,0.9204460786402,0,0.5522676471841199,5,1.7142857142857142,0.2857142857142857,N4 O4,de-protonated,0,-9999,C14 H24 O4 N4,14,24,4,4,-9999,-9999,-9999,N/A,-9999,-9999,N/A,-9999
284,312.123346,312.12321424485725,312.1234801940791,1197146.1,-9999,592874.3,16.96,-1,-0.8520641307598609,0.8765739956658477,0,0.5259443973995086,1,2.3,0.6,N3 S1 O6,de-protonated,0,-9999,C10 H23 O6 N3 S1,10,23,6,3,-9999,1,-9999,N/A,-9999,-9999,N/A,-9999
285,312.177627,312.17749528788625,312.1776237681691,2337377.3,-9999,574382.4,34.93,-1,-0.41156147357002265,0.9697332018218016,0,0.581839921093081,0,2.4545454545454546,0.6363636363636364,N3 O7,de-protonated,0,-9999,C11 H27 O7 N3,11,27,7,3,-9999,-9999,-9999,N/A,-9999,-9999,N/A,-9999
287,313.041948,313.0418169730409,313.0421188136091,928475.7,-9999,414843,12.73,-1,-0.9642171133839836,0.8447660951742154,0,0.5068596571045292,2,1.8,0.7,S2 O7,de-protonated,0,-9999,C10 H18 O7 S2,10,18,7,-9999,-9999,2,-9999,N/A,-9999,-9999,N/A,-9999
287,313.041948,313.0418169730409,313.04173869108905,928475.7,-9999,414843,12.73,-1,0.2500687358336921,0.988717352147662,0,0.5932304112885972,7,1.25,0.3333333333333333,N2 S1 P1 O4,de-protonated,0,-9999,C12 H15 O4 N2 P1 S1,12,15,4,2,1,1,-9999,N/A,-9999,-9999,N/A,-9999
288,313.063074,313.06294298978764,313.0628680591491,2805462.5,-9999,381610.8,42.31,-1,0.23934693700978105,0.9896591946433102,0,0.5937955167859861,2,2.111111111111111,0.6666666666666666,N2 S1 P1 O6,de-protonated,0,-9999,C9 H19 O6 N2 P1 S1,9,19,6,2,1,1,-9999,N/A,-9999,-9999,N/A,-9999
289,313.098543,313.09841201790425,313.0982512468991,1760475.3,-9999,624936.7,25.84,-1,0.5134842002515373,0.9532845336142188,0,0.5719707201685312,15,0.7,0.1,N2 O2,de-protonated,0,-9999,C20 H14 O2 N2,20,14,2,2,-9999,-9999,-9999,N/A,-9999,-9999,N/A,-9999
290,313.099437,313.099306018613,313.0992535684991,5792987.5,-9999,411355.3,89.39,-1,0.16751912792744117,0.9949210094436544,0,0.5969526056661926,1,2.3,0.5,N2 S1 P1 O5,de-protonated,0,-9999,C10 H23 O5 N2 P1 S1,10,23,5,2,1,1,-9999,N/A,-9999,-9999,N/A,-9999
291,313.135054,313.1349230468469,313.1346367562491,1500896.1,-9999,455126.6,21.75,-1,0.9142731725580712,0.8592699647753618,0,0.515561978865217,14,0.8571428571428571,0.04761904761904761,N2 O1,de-protonated,0,-9999,C21 H18 O1 N2,21,18,1,2,-9999,-9999,-9999,N/A,-9999,-9999,N/A,-9999
292,313.135802,313.1356710474398,313.1356390778491,4910304,-9999,449228.9,75.48,-1,0.10209502447765874,0.998110476249518,0,0.5988662857497108,0,2.4545454545454546,0.3636363636363637,N2 S1 P1 O4,de-protonated,0,-9999,C11 H27 O4 N2 P1 S1,11,27,4,2,1,1,-9999,N/A,-9999,-9999,N/A,-9999
295,315.042258,315.0421285587038,315.0421326142591,923427,-9999,422873,12.64,-1,-0.01287305702014167,0.9999699315746792,0,0.5999819589448075,2,2.125,0.875,N2 S1 P1 O7,de-protonated,0,-9999,C8 H17 O7 N2 P1 S1,8,17,7,2,1,1,-9999,N/A,-9999,-9999,N/A,-9999
296,315.057603,315.0574735708679,315.05776887806906,1059109.1,-9999,420980.6,14.78,-1,-0.9373112816993716,0.8526448383684039,0,0.5115869030210423,1,2,0.7,S2 O7,de-protonated,0,-9999,C10 H20 O7 S2,10,20,7,-9999,-9999,2,-9999,N/A,-9999,-9999,N/A,-9999
296,315.057603,315.0574735708679,315.0573887555491,1059109.1,-9999,420980.6,14.78,-1,0.26920593466939063,0.986936163147224,0,0.5921616978883344,6,1.4166666666666667,0.3333333333333333,N2 S1 P1 O4,de-protonated,0,-9999,C12 H17 O4 N2 P1 S1,12,17,4,2,1,1,-9999,N/A,-9999,-9999,N/A,-9999
297,315.078696,315.0785665875885,315.0785181236091,2966248,-9999,389647.8,44.84,-1,0.15381556218223666,0.9957162657875502,0,0.5974297594725301,1,2.3333333333333335,0.6666666666666666,N2 S1 P1 O6,de-protonated,0,-9999,C9 H21 O6 N2 P1 S1,9,21,6,2,1,1,-9999,N/A,-9999,-9999,N/A,-9999
298,315.094067,315.0939375997732,315.0941543874191,1733994.1,-9999,379081.4,25.42,-1,-0.6880091010657281,0.9176952462113708,0,0.5506171477268224,0,2.1818181818181817,0.5454545454545454,S2 O6,de-protonated,0,-9999,C11 H24 O6 S2,11,24,6,-9999,-9999,2,-9999,N/A,-9999,-9999,N/A,-9999
298,315.094067,315.0939375997732,315.0937742648991,1733994.1,-9999,379081.4,25.42,-1,0.5183690934472618,0.9524130668737654,0,0.5714478401242592,5,1.6153846153846154,0.2307692307692308,N2 S1 P1 O3,de-protonated,0,-9999,C13 H21 O3 N2 P1 S1,13,21,3,2,1,1,-9999,N/A,-9999,-9999,N/A,-9999
299,315.114197,315.11406761573045,315.1139013113591,1033196.9,-9999,654800.6,14.37,-1,0.5277595519268443,0.9507169176405008,0,0.5704301505843005,14,0.8,0.1,N2 O2,de-protonated,0,-9999,C20 H16 O2 N2,20,16,2,2,-9999,-9999,-9999,N/A,-9999,-9999,N/A,-9999
300,315.11513,315.11500061647007,315.1149036329591,3084013,-9999,402708.8,46.69,-1,0.30777189475677985,0.9829594000719843,0,0.5897756400431906,0,2.5,0.5,N2 S1 P1 O5,de-protonated,0,-9999,C10 H25 O5 N2 P1 S1,10,25,5,2,1,1,-9999,N/A,-9999,-9999,N/A,-9999
303,317.036878,317.03675013985617,317.03703343317903,1300603.3,-9999,524698.6,18.58,-1,-0.8935653977021533,0.8651266570862335,0,0.5190759942517401,1,2,0.8888888888888888,S2 O8,de-protonated,0,-9999,C9 H18 O8 S2,9,18,8,-9999,-9999,2,-9999,N/A,-9999,-9999,N/A,-9999
303,317.036878,317.03675013985617,317.03665331065906,1300603.3,-9999,524698.6,18.58,-1,0.3054195661407376,0.9832167003959872,0,0.5899300202375923,6,1.3636363636363635,0.4545454545454546,N2 S1 P1 O5,de-protonated,0,-9999,C11 H15 O5 N2 P1 S1,11,15,5,2,1,1,-9999,N/A,-9999,-9999,N/A,-9999
304,317.057967,317.0578391565736,317.0577826787191,955582.3,-9999,528426.6,13.14,-1,0.1781311092156487,0.9942590502042092,0,0.5965554301225255,1,2.375,0.875,N2 S1 P1 O7,de-protonated,0,-9999,C8 H19 O7 N2 P1 S1,8,19,7,2,1,1,-9999,N/A,-9999,-9999,N/A,-9999
305,317.073157,317.0730291686148,317.07303882000906,1762944.5,-9999,402938.7,25.87,-1,-0.03043902525618711,0.9998318957070744,0,0.5998991374242446,5,1.5833333333333333,0.3333333333333333,N2 S1 P1 O4,de-protonated,0,-9999,C12 H19 O4 N2 P1 S1,12,19,4,2,1,1,-9999,N/A,-9999,-9999,N/A,-9999
308,317.109719,317.1095911975978,317.1094243293591,1711877.8,-9999,441615.6,25.06,-1,0.5262165861087177,0.9509974973179072,0,0.5705984983907443,4,1.7692307692307692,0.2307692307692308,N2 S1 P1 O3,de-protonated,0,-9999,C13 H23 O3 N2 P1 S1,13,23,3,2,1,1,-9999,N/A,-9999,-9999,N/A,-9999
311,317.146037,317.1459092263874,317.1458098387091,6219531,-9999,440133.9,95.17,-1,0.3133816535067314,0.9860654265622524,0.995595529712526,0.989877467822362,3,1.9285714285714288,0.14285714285714285,N2 S1 P1 O2,de-protonated,0,-9999,C14 H27 O2 N2 P1 S1,14,27,2,2,1,1,-9999,N/A,-9999,-9999,N/A,-9999
312,318.149216,318.149089021616,318.1491646737791,905628.1,-9999,628087.1,12.23,-1,-0.23778834428891105,0.9897927443591648,0.995595529712526,0.9921138585005094,3,2.076923076923077,0.15384615384615383,13C1 N2 S1 P1 O2,de-protonated,1,311,C13 H27 O2 N2 P1 S1 13C1,13,27,2,2,1,1,1,N/A,-9999,-9999,N/A,-9999
312,318.149216,318.149089021616,318.1493010193991,905628.1,-9999,628087.1,12.23,-1,-0.6663468453450417,0.922593545138533,0,0.5535561270831197,3,1.9230769230769231,0.3076923076923077,N3 S1 O4,de-protonated,0,-9999,C13 H25 O4 N3 S1,13,25,4,3,-9999,1,-9999,N/A,-9999,-9999,N/A,-9999
313,318.149612,318.14948502192993,318.1493010193991,962588.2,-9999,472537.3,13.12,-1,0.5783527741225822,0.94111200248461,0,0.564667201490766,3,1.9230769230769231,0.3076923076923077,N3 S1 O4,de-protonated,0,-9999,C13 H25 O4 N3 S1,13,25,4,3,-9999,1,-9999,N/A,-9999,-9999,N/A,-9999
314,319.052654,319.0525277377791,319.05268349763907,1998113.3,-9999,382906,29.28,-1,-0.4881947967693431,0.957676328144868,0,0.5746057968869208,0,2.2222222222222223,0.8888888888888888,S2 O8,de-protonated,0,-9999,C9 H20 O8 S2,9,20,8,-9999,-9999,2,-9999,N/A,-9999,-9999,N/A,-9999
314,319.052654,319.0525277377791,319.0523033751191,1998113.3,-9999,382906,29.28,-1,0.7032159229649856,0.914179197820664,0,0.5485075186923983,5,1.5454545454545454,0.4545454545454546,N2 S1 P1 O5,de-protonated,0,-9999,C11 H17 O5 N2 P1 S1,11,17,5,2,1,1,-9999,N/A,-9999,-9999,N/A,-9999
315,319.08798,319.08785376578226,319.0876865628691,1009702.5,-9999,551328.6,13.86,-1,0.5240030254186114,0.9513987300544297,0,0.5708392380326577,18,0.5454545454545454,0.04545454545454545,N2 O1,de-protonated,0,-9999,C22 H12 O1 N2,22,12,1,2,-9999,-9999,-9999,N/A,-9999,-9999,N/A,-9999
316,319.088889,319.08876276650284,319.0886888844691,2971686.8,-9999,416440.6,44.48,-1,0.23154074813595535,0.9903194937655768,0,0.594191696259346,4,1.75,0.3333333333333333,N2 S1 P1 O4,de-protonated,0,-9999,C12 H21 O4 N2 P1 S1,12,21,4,2,1,1,-9999,N/A,-9999,-9999,N/A,-9999
319,319.1254,319.1252737954454,319.12507439381915,2900524,-9999,468805,43.37,-1,0.6248384795660308,0.9316092953051603,0,0.5589655771830961,3,1.9230769230769231,0.2307692307692308,N2 S1 P1 O3,de-protonated,0,-9999,C13 H25 O3 N2 P1 S1,13,25,3,2,1,1,-9999,N/A,-9999,-9999,N/A,-9999
321,319.16161,319.1614838241494,319.1614599031691,1299889.5,-9999,498655.2,18.38,-1,0.07494946388103725,0.998981245416118,0,0.5993887472496708,2,2.0714285714285716,0.14285714285714285,N2 S1 P1 O2,de-protonated,0,-9999,C14 H29 O2 N2 P1 S1,14,29,2,2,1,1,-9999,N/A,-9999,-9999,N/A,-9999
323,321.031413,321.03128830635825,321.0315679302291,964940.9,-9999,594614.5,13.15,-1,-0.871016743390869,0.8713951725483644,0,0.5228371035290186,5,1.5,0.6,N2 S1 P1 O6,de-protonated,0,-9999,C10 H15 O6 N2 P1 S1,10,15,6,2,1,1,-9999,N/A,-9999,-9999,N/A,-9999
324,321.031922,321.03179730676175,321.0315679302291,1275469,-9999,539275.3,18,-1,0.7144983720806012,0.9115297999336468,0,0.546917879960188,5,1.5,0.6,N2 S1 P1 O6,de-protonated,0,-9999,C10 H15 O6 N2 P1 S1,10,15,6,2,1,1,-9999,N/A,-9999,-9999,N/A,-9999
326,321.068272,321.06814733557667,321.06795343957907,2946770.8,-9999,335806.3,44.08,-1,0.6039095322972691,0.9359665355010304,0,0.5615799213006182,4,1.7272727272727273,0.4545454545454546,N2 S1 P1 O5,de-protonated,0,-9999,C11 H19 O5 N2 P1 S1,11,19,5,2,1,1,-9999,N/A,-9999,-9999,N/A,-9999
327,321.10375,321.1036253637004,321.1033366273291,1689688.1,-9999,527438.8,24.46,-1,0.8992007817477331,0.8635421919570273,0,0.5181253151742163,17,0.6363636363636364,0.04545454545454545,N2 O1,de-protonated,0,-9999,C22 H14 O1 N2,22,14,1,2,-9999,-9999,-9999,N/A,-9999,-9999,N/A,-9999
328,321.104626,321.1045013643948,321.10433894892907,4646232.5,-9999,357822.2,70.6,-1,0.5058027751467139,0.9546397953626083,0,0.5727838772175651,3,1.9166666666666667,0.3333333333333333,N2 S1 P1 O4,de-protonated,0,-9999,C12 H23 O4 N2 P1 S1,12,23,4,2,1,1,-9999,N/A,-9999,-9999,N/A,-9999
331,321.141002,321.1408773932304,321.14072445827907,3509598,-9999,436762.1,52.87,-1,0.476224096513795,0.9596845551495792,0,0.5758107330897474,2,2.076923076923077,0.2307692307692308,N2 S1 P1 O3,de-protonated,0,-9999,C13 H27 O3 N2 P1 S1,13,27,3,2,1,1,-9999,N/A,-9999,-9999,N/A,-9999
332,321.177462,321.17733742213255,321.1771099676291,1493731.5,-9999,377746.2,21.4,-1,0.7081902675256502,0.9130153493324348,0,0.5478092095994609,1,2.2142857142857144,0.14285714285714285,N2 S1 P1 O2,de-protonated,0,-9999,C14 H31 O2 N2 P1 S1,14,31,2,2,1,1,-9999,N/A,-9999,-9999,N/A,-9999
337,323.047437,323.04731390447773,323.0472179946891,2629770.5,-9999,455453.3,38.51,-1,0.29689092889260027,0.9841335657517294,0,0.5904801394510376,4,1.7,0.6,N2 S1 P1 O6,de-protonated,0,-9999,C10 H17 O6 N2 P1 S1,10,17,6,2,1,1,-9999,N/A,-9999,-9999,N/A,-9999
338,323.083974,323.08385093344094,323.0836035040391,5893264.5,-9999,380270.6,88.64,-1,0.7658370748465538,0.8990462314932433,0,0.539427738895946,3,1.9090909090909092,0.4545454545454546,N2 S1 P1 O5,de-protonated,0,-9999,C11 H21 O5 N2 P1 S1,11,21,5,2,1,1,-9999,N/A,-9999,-9999,N/A,-9999
339,323.11942,323.11929696153925,323.1189866917891,2295958,-9999,492727.6,33.39,-1,0.9602337310777548,0.8459419431951748,0,0.5075651659171049,16,0.7272727272727273,0.04545454545454545,N2 O1,de-protonated,0,-9999,C22 H16 O1 N2,22,16,1,2,-9999,-9999,-9999,N/A,-9999,-9999,N/A,-9999
340,323.120301,323.1201779622376,323.1199890133891,7541910,-9999,390283.5,113.97,-1,0.5847637253719459,0.9597808753079908,0.9737426833639328,0.9653655985303676,2,2.0833333333333335,0.3333333333333333,N2 S1 P1 O4,de-protonated,0,-9999,C12 H25 O4 N2 P1 S1,12,25,4,2,1,1,-9999,N/A,-9999,-9999,N/A,-9999
343,323.156557,323.15643399097814,323.1563745227391,2638236,-9999,396718.6,38.64,-1,0.18402310377464423,0.9938741703421548,0,0.5963245022052929,1,2.230769230769231,0.2307692307692308,N2 S1 P1 O3,de-protonated,0,-9999,C13 H29 O3 N2 P1 S1,13,29,3,2,1,1,-9999,N/A,-9999,-9999,N/A,-9999
346,324.087299,324.0871767287852,324.0870946847291,1150643.1,-9999,509946.1,15.79,-1,0.25315434480363963,0.988438825824357,0,0.5930632954946142,3,1.9,0.7,N3 S1 O7,de-protonated,0,-9999,C10 H19 O7 N3 S1,10,19,7,3,-9999,1,-9999,N/A,-9999,-9999,N/A,-9999
347,324.123575,324.12345275754154,324.1233438484591,1239353.1,-9999,431104.6,17.15,-1,0.336011226883179,0.9797222166986478,0.9737426833639328,0.9773304033647618,2,2.272727272727273,0.3636363636363637,13C1 N2 S1 P1 O4,de-protonated,1,340,C11 H25 O4 N2 P1 S1 13C1,11,25,4,2,1,1,1,N/A,-9999,-9999,N/A,-9999
347,324.123575,324.12345275754154,324.1234801940791,1239353.1,-9999,431104.6,17.15,-1,-0.08464841095097736,0.9987007008457356,0,0.5992204205074414,2,2.090909090909091,0.5454545454545454,N3 S1 O6,de-protonated,0,-9999,C11 H23 O6 N3 S1,11,23,6,3,-9999,1,-9999,N/A,-9999,-9999,N/A,-9999
349,325.062242,325.06212050163094,325.0618657375491,1089236.6,-9999,652953.8,14.84,-1,0.7837402927981872,0.894531960839081,0,0.5367191765034486,17,0.5,0.15,N2 O3,de-protonated,0,-9999,C20 H10 O3 N2,20,10,3,2,-9999,-9999,-9999,N/A,-9999,-9999,N/A,-9999
350,325.063197,325.06307550238796,325.0628680591491,4148692.8,-9999,453534.3,61.84,-1,0.6381634424032909,0.9287687957253318,0,0.557261277435199,3,1.9,0.6,N2 S1 P1 O6,de-protonated,0,-9999,C10 H19 O6 N2 P1 S1,10,19,6,2,1,1,-9999,N/A,-9999,-9999,N/A,-9999
351,325.098649,325.0985275304911,325.0982512468991,2864602.8,-9999,633222.4,42.12,-1,0.8498464415383413,0.8771745171554758,0,0.5263047102932854,16,0.6666666666666666,0.09523809523809525,N2 O2,de-protonated,0,-9999,C21 H14 O2 N2,21,14,2,2,-9999,-9999,-9999,N/A,-9999,-9999,N/A,-9999
352,325.099549,325.0994275312045,325.0992535684991,8419803,-9999,345207.4,127.45,-1,0.5351064437604888,0.9500943067070668,0.9748715868784998,0.96000521877564,2,2.090909090909091,0.4545454545454546,N2 S1 P1 O5,de-protonated,0,-9999,C11 H23 O5 N2 P1 S1,11,23,5,2,1,1,-9999,N/A,-9999,-9999,N/A,-9999
353,325.136011,325.13588956010824,325.1356390778491,4328161,-9999,355896.7,64.6,-1,0.7703931192293104,0.8979051823430463,0,0.5387431094058277,1,2.25,0.3333333333333333,N2 S1 P1 O4,de-protonated,0,-9999,C12 H27 O4 N2 P1 S1,12,27,4,2,1,1,-9999,N/A,-9999,-9999,N/A,-9999
354,325.172236,325.1721145888241,325.17202458719913,2072167,-9999,384545.2,29.94,-1,0.2767815746056758,0.9861957366328246,0,0.5917174419796947,0,2.3846153846153846,0.2307692307692308,N2 S1 P1 O3,de-protonated,0,-9999,C13 H31 O3 N2 P1 S1,13,31,3,2,1,1,-9999,N/A,-9999,-9999,N/A,-9999
356,325.19002,325.18989860292163,325.1897826519391,17891306,-9999,612150.1,272.94,-1,0.35656403962459526,0.9611630065979148,0.9675685274391032,0.9637252149343902,0,2.3846153846153846,0.38461538461538464,N2 P1 O5,de-protonated,0,-9999,C13 H31 O5 N2 P1,13,31,5,2,1,-9999,-9999,N/A,-9999,-9999,N/A,-9999
358,326.102901,326.1027803265702,326.1026084035691,1274308.5,-9999,376123.4,17.68,-1,0.5272052313860928,0.950817802739882,0.9748715868784998,0.9604393163953292,2,2.3,0.5,13C1 N2 S1 P1 O5,de-protonated,1,352,C10 H23 O5 N2 P1 S1 13C1,10,23,5,2,1,1,1,N/A,-9999,-9999,N/A,-9999
358,326.102901,326.1027803265702,326.1027447491891,1274308.5,-9999,376123.4,17.68,-1,0.10909868640082482,0.9978426332379848,0,0.5987055799427908,2,2.1,0.7,N3 S1 O7,de-protonated,0,-9999,C10 H21 O7 N3 S1,10,21,7,3,-9999,1,-9999,N/A,-9999,-9999,N/A,-9999
360,326.19344,326.19331939834126,326.1931374870091,3299476,-9999,512677.3,48.79,-1,0.5576798260211671,0.9451309655754798,0.9675685274391032,0.9541059903209292,0,2.5833333333333335,0.4166666666666667,13C1 N2 P1 O5,de-protonated,1,356,C12 H31 O5 N2 P1 13C1,12,31,5,2,1,-9999,1,N/A,-9999,-9999,N/A,-9999
360,326.19344,326.19331939834126,326.1932738326291,3299476,-9999,512677.3,48.79,-1,0.13968930643280278,0.996465633844038,0,0.5978793803064227,0,2.4166666666666665,0.5833333333333334,N3 O7,de-protonated,0,-9999,C12 H29 O7 N3,12,29,7,3,-9999,-9999,-9999,N/A,-9999,-9999,N/A,-9999
362,327.042383,327.0422630713056,327.0421326142591,1350182.5,-9999,457408.4,18.85,-1,0.3988998159554053,0.9715405146176496,0,0.5829243087705896,3,1.8888888888888888,0.7777777777777778,N2 S1 P1 O7,de-protonated,0,-9999,C9 H17 O7 N2 P1 S1,9,17,7,2,1,1,-9999,N/A,-9999,-9999,N/A,-9999
363,327.077913,327.0777930994706,327.07751580200903,1310124.6,-9999,543613.9,18.23,-1,0.847803496714581,0.8777266979180922,0,0.5266360187508553,16,0.6,0.15,N2 O3,de-protonated,0,-9999,C20 H12 O3 N2,20,12,3,2,-9999,-9999,-9999,N/A,-9999,-9999,N/A,-9999
364,327.078813,327.07869310018407,327.0785181236091,4857133,-9999,384758.2,72.72,-1,0.5349681047764873,0.9493963114946234,0,0.569637786896774,2,2.1,0.6,N2 S1 P1 O6,de-protonated,0,-9999,C10 H21 O6 N2 P1 S1,10,21,6,2,1,1,-9999,N/A,-9999,-9999,N/A,-9999
365,327.094153,327.09403311234416,327.0941543874191,1213231.5,-9999,576769.3,16.74,-1,-0.3707650330012583,0.9753653561826722,0,0.5852192137096033,1,2,0.5,S2 O6,de-protonated,0,-9999,C12 H24 O6 S2,12,24,6,-9999,-9999,2,-9999,N/A,-9999,-9999,N/A,-9999
365,327.094153,327.09403311234416,327.0937742648991,1213231.5,-9999,576769.3,16.74,-1,0.7913554627063197,0.8925872110462507,0,0.5355523266277504,6,1.5,0.21428571428571427,N2 S1 P1 O3,de-protonated,0,-9999,C14 H21 O3 N2 P1 S1,14,21,3,2,1,1,-9999,N/A,-9999,-9999,N/A,-9999
367,327.115351,327.11523112914796,327.1155550816391,7108915,-9999,376935.6,107.31,-1,-0.9903304386639382,0.41848937653606483,0.8295321147073604,0.5829064718045831,10,1.105263157894737,0.15789473684210523,P1 O3,de-protonated,0,-9999,C19 H21 O3 P1,19,21,3,-9999,1,-9999,-9999,N/A,-9999,-9999,N/A,-9999
368,327.151545,327.1514251578393,327.15128914230905,2750265.5,-9999,385204.8,40.35,-1,0.41575728037506793,0.9691226005829492,0,0.5814735603497696,0,2.4166666666666665,0.3333333333333333,N2 S1 P1 O4,de-protonated,0,-9999,C12 H29 O4 N2 P1 S1,12,29,4,2,1,1,-9999,N/A,-9999,-9999,N/A,-9999
370,327.186038,327.1859181851822,327.18602088137914,1091775.5,-9999,487331.9,14.88,-1,-0.3138770925628658,0.9822827177225514,0,0.5893696306335308,4,1.8666666666666667,0.13333333333333333,N4 S1 O2,de-protonated,0,-9999,C15 H28 O2 N4 S1,15,28,2,4,-9999,1,-9999,N/A,-9999,-9999,N/A,-9999
374,328.118548,328.11842892439086,328.1183948136491,1114595.9,-9999,398106.3,15.23,-1,0.10395863898628692,0.9980409331992928,0,0.5988245599195757,1,2.3,0.7,N3 S1 O7,de-protonated,0,-9999,C10 H23 O7 N3 S1,10,23,7,3,-9999,1,-9999,N/A,-9999,-9999,N/A,-9999
377,329.058164,329.05804566923246,329.0577826787191,2021772.8,-9999,417750.1,28.57,-1,0.7992228939920495,0.8905627960175588,0,0.5343376776105353,2,2.111111111111111,0.7777777777777778,N2 S1 P1 O7,de-protonated,0,-9999,C9 H19 O7 N2 P1 S1,9,19,7,2,1,1,-9999,N/A,-9999,-9999,N/A,-9999
378,329.073165,329.07304668112397,329.07303882000906,1123727.5,-9999,505152.3,15.06,-1,0.02388866294678861,0.9998964583624412,0,0.5999378750174647,6,1.4615384615384617,0.3076923076923077,N2 S1 P1 O4,de-protonated,0,-9999,C13 H19 O4 N2 P1 S1,13,19,4,2,1,1,-9999,N/A,-9999,-9999,N/A,-9999
380,329.093588,329.0934696973134,329.09316586646906,1194387.1,-9999,583421.7,16.12,-1,0.9232365660322912,0.8567058539994286,0,0.5140235123996572,15,0.7,0.15,N2 O3,de-protonated,0,-9999,C20 H14 O3 N2,20,14,3,2,-9999,-9999,-9999,N/A,-9999,-9999,N/A,-9999
381,329.094504,329.0943856980395,329.0941681880691,4374675.5,-9999,388426.4,63.99,-1,0.6609353535779144,0.9237967166603296,0,0.5542780299961977,1,2.3,0.6,N2 S1 P1 O6,de-protonated,0,-9999,C10 H23 O6 N2 P1 S1,10,23,6,2,1,1,-9999,N/A,-9999,-9999,N/A,-9999
382,329.109809,329.10969071017195,329.1098044518791,1509014.1,-9999,466631.6,20.86,-1,-0.34560412847165983,0.978560531290325,0,0.587136318774195,0,2.1666666666666665,0.5,S2 O6,de-protonated,0,-9999,C12 H26 O6 S2,12,26,6,-9999,-9999,2,-9999,N/A,-9999,-9999,N/A,-9999
382,329.109809,329.10969071017195,329.1094243293591,1509014.1,-9999,466631.6,20.86,-1,0.8093989206618084,0.8879215688529016,0,0.532752941311741,5,1.6428571428571428,0.21428571428571427,N2 S1 P1 O3,de-protonated,0,-9999,C14 H23 O3 N2 P1 S1,14,23,3,2,1,1,-9999,N/A,-9999,-9999,N/A,-9999
384,329.130936,329.13081772691953,329.1305536974191,3050394,-9999,379212.1,44.06,-1,0.8022029479685029,0.8897919612095677,0,0.5338751767257406,0,2.4545454545454546,0.4545454545454546,N2 S1 P1 O5,de-protonated,0,-9999,C11 H27 O5 N2 P1 S1,11,27,5,2,1,1,-9999,N/A,-9999,-9999,N/A,-9999
386,329.158305,329.1581867486151,329.1580747991991,6843039,-9999,551615.3,101.15,-1,0.34010836914036585,0.9467981140642048,0.9907201786062588,0.9643669398810264,8,1.3,0.1,S1 O2,de-protonated,0,-9999,C20 H26 O2 S1,20,26,2,-9999,-9999,1,-9999,N/A,-9999,-9999,N/A,-9999
392,330.161779,330.1616615440776,330.16142963426915,1387351.1,-9999,501747.7,19.02,-1,0.7024133882614773,0.9143663367915806,0.9907201786062588,0.944907873517452,8,1.368421052631579,0.10526315789473684,13C1 S1 O2,de-protonated,1,386,C19 H26 O2 S1 13C1,19,26,2,-9999,-9999,1,1,N/A,-9999,-9999,N/A,-9999
394,331.052638,331.05252125026914,331.05268349763907,1262589.8,-9999,306064.9,17.14,-1,-0.49009531719954647,0.9573533006172208,0,0.5744119803703325,1,2,0.8,S2 O8,de-protonated,0,-9999,C10 H20 O8 S2,10,20,8,-9999,-9999,2,-9999,N/A,-9999,-9999,N/A,-9999
394,331.052638,331.05252125026914,331.0523033751191,1262589.8,-9999,306064.9,17.14,-1,0.6581290866158667,0.924417401439802,0,0.5546504408638812,6,1.4166666666666667,0.4166666666666667,N2 S1 P1 O5,de-protonated,0,-9999,C12 H17 O5 N2 P1 S1,12,17,5,2,1,1,-9999,N/A,-9999,-9999,N/A,-9999
395,331.073764,331.0736472670159,331.0734327431791,1227265.8,-9999,348269.2,16.61,-1,0.6479645164175697,0.92664690644331,0,0.555988143865986,1,2.3333333333333335,0.7777777777777778,N2 S1 P1 O7,de-protonated,0,-9999,C9 H21 O7 N2 P1 S1,9,21,7,2,1,1,-9999,N/A,-9999,-9999,N/A,-9999
396,331.088977,331.0888602790754,331.08906900698906,1803332.6,-9999,360466.7,25.28,-1,-0.6304282841445762,0.9304239527936856,0,0.5582543716762114,0,2.1818181818181817,0.6363636363636364,S2 O7,de-protonated,0,-9999,C11 H24 O7 S2,11,24,7,-9999,-9999,2,-9999,N/A,-9999,-9999,N/A,-9999
396,331.088977,331.0888602790754,331.0886888844691,1803332.6,-9999,360466.7,25.28,-1,0.5176697726378324,0.952538282987366,0,0.5715229697924197,5,1.6153846153846154,0.3076923076923077,N2 S1 P1 O4,de-protonated,0,-9999,C13 H21 O4 N2 P1 S1,13,21,4,2,1,1,-9999,N/A,-9999,-9999,N/A,-9999
398,331.110193,331.11007629589346,331.1098182525291,1768968.6,-9999,427437,24.76,-1,0.7793286399722736,0.8956519166232677,0,0.5373911499739606,0,2.5,0.6,N2 S1 P1 O6,de-protonated,0,-9999,C10 H25 O6 N2 P1 S1,10,25,6,2,1,1,-9999,N/A,-9999,-9999,N/A,-9999
399,331.125469,331.1253523080029,331.12507439381915,1956107.5,-9999,382401,27.58,-1,0.8393027446313773,0.8800137608727912,0,0.5280082565236747,4,1.7857142857142858,0.21428571428571427,N2 S1 P1 O3,de-protonated,0,-9999,C14 H25 O3 N2 P1 S1,14,25,3,2,1,1,-9999,N/A,-9999,-9999,N/A,-9999
401,331.155495,331.15537833180474,331.15509741904907,2106769.3,-9999,350934.2,29.85,-1,0.8482815389513498,0.8775975774526068,0,0.5265585464715641,8,1.263157894736842,0.2631578947368421,O5,de-protonated,0,-9999,C19 H24 O5,19,24,5,-9999,-9999,-9999,-9999,N/A,-9999,-9999,N/A,-9999
402,331.156367,331.156250332496,331.1564348295691,6655505.5,-9999,397315.1,98.32,-1,-0.5571296635568763,0.9561876786018718,0.986792803017939,0.9684297283682988,13,1,0.05,N4 O1,de-protonated,0,-9999,C20 H20 O1 N4,20,20,1,4,-9999,-9999,-9999,N/A,-9999,-9999,N/A,-9999
403,331.161875,331.16175833686225,331.1614599031691,1238674.4,-9999,496749,16.78,-1,0.9011727791261284,0.8629860745740846,0,0.5177916447444507,3,1.9333333333333331,0.13333333333333333,N2 S1 P1 O2,de-protonated,0,-9999,C15 H29 O2 N2 P1 S1,15,29,2,2,1,1,-9999,N/A,-9999,-9999,N/A,-9999
404,332.159763,332.1596471278966,332.1597896646391,1311696.8,-9999,557839,17.88,-1,-0.4291210041742851,0.967139204741832,0.986792803017939,0.9750006440522748,13,1.0526315789473684,0.05263157894736842,13C1 N4 O1,de-protonated,1,402,C19 H20 O1 N4 13C1,19,20,1,4,-9999,-9999,1,N/A,-9999,-9999,N/A,-9999
408,333.031978,333.03186281930886,333.0315679302291,1386106,-9999,573727.8,18.99,-1,0.8854688509416584,0.8673907034582901,0,0.520434422074974,6,1.3636363636363635,0.5454545454545454,N2 S1 P1 O6,de-protonated,0,-9999,C11 H15 O6 N2 P1 S1,11,15,6,2,1,1,-9999,N/A,-9999,-9999,N/A,-9999
409,333.06837,333.06825484815715,333.0683335620991,3089537,-9999,444362.4,44.64,-1,-0.2363297077929244,0.9899169550307668,0,0.59395017301846,0,2.2,0.8,S2 O8,de-protonated,0,-9999,C10 H22 O8 S2,10,22,8,-9999,-9999,2,-9999,N/A,-9999,-9999,N/A,-9999
409,333.06837,333.06825484815715,333.06795343957907,3089537,-9999,444362.4,44.64,-1,0.904946197823251,0.8619195509772571,0,0.5171517305863542,5,1.5833333333333333,0.4166666666666667,N2 S1 P1 O5,de-protonated,0,-9999,C12 H19 O5 N2 P1 S1,12,19,5,2,1,1,-9999,N/A,-9999,-9999,N/A,-9999
411,333.081481,333.0813658585503,333.0815558105891,1197315.6,-9999,442666.9,16.15,-1,-0.5702868726335166,0.9426954254930764,0,0.5656172552958458,14,0.7777777777777778,0.05555555555555555,N4 S1 O1,de-protonated,0,-9999,C18 H14 O1 N4 S1,18,14,1,4,-9999,1,-9999,N/A,-9999,-9999,N/A,-9999
413,333.104674,333.10455887693564,333.10433894892907,2959112.3,-9999,322697.1,42.67,-1,0.6602375918200336,0.9239512539889972,0,0.5543707523933983,4,1.7692307692307692,0.3076923076923077,N2 S1 P1 O4,de-protonated,0,-9999,C13 H23 O4 N2 P1 S1,13,23,4,2,1,1,-9999,N/A,-9999,-9999,N/A,-9999
415,333.116848,333.1167328865861,333.11660390941904,4616586.5,-9999,525347.5,67.62,-1,0.38718324311526486,0.4865827448770933,0.8370420509349343,0.6267664673002298,8,1.2222222222222223,0.2222222222222222,S1 O4,de-protonated,0,-9999,C18 H22 O4 S1,18,22,4,-9999,-9999,1,-9999,N/A,-9999,-9999,N/A,-9999
417,333.11913500000003,333.119019888399,333.1191058328691,1068171,-9999,490350.4,14.21,-1,-0.2579992218020152,0.9879947673082546,0,0.5927968603849527,4,1.5714285714285714,0.6428571428571429,O9,de-protonated,0,-9999,C14 H22 O9,14,22,9,-9999,-9999,-9999,-9999,N/A,-9999,-9999,N/A,-9999
418,333.141184,333.14106890587743,333.14137590695907,2548623.5,-9999,383779.7,36.49,-1,-0.9215339307568384,0.8571942513480622,0,0.5143165508088373,12,1.0454545454545454,0.04545454545454545,P1 O1,de-protonated,0,-9999,C22 H23 O1 P1,22,23,1,-9999,1,-9999,-9999,N/A,-9999,-9999,N/A,-9999
429,335.047726,335.0476124172096,335.04786944336905,2365451.3,-9999,408681.2,33.73,-1,-0.7671326484137068,0.8987222999363986,0,0.5392333799618392,14,0.6842105263157895,0.21052631578947367,P1 O4,de-protonated,0,-9999,C19 H13 O4 P1,19,13,4,-9999,1,-9999,-9999,N/A,-9999,-9999,N/A,-9999
430,335.075107,335.07499343891476,335.07473909646905,1166684.9,-9999,377482.2,15.69,-1,0.7590618331906016,0.9007332072242772,0,0.5404399243345662,13,0.8,0.15,S1 O3,de-protonated,0,-9999,C20 H16 O3 S1,20,16,3,-9999,-9999,1,-9999,N/A,-9999,-9999,N/A,-9999
433,335.08406,335.0839464460119,335.08425495271905,4849938.5,-9999,402804.7,71.13,-1,-0.9206839849457346,0.42871891157599346,0.8221557383861046,0.5860936423000379,13,0.85,0.15,P1 O3,de-protonated,0,-9999,C20 H17 O3 P1,20,17,3,-9999,1,-9999,-9999,N/A,-9999,-9999,N/A,-9999
434,335.113823,335.1137094696053,335.1136265292691,1313048.8,-9999,531889.4,17.89,-1,0.24749914546312943,0.9889467517157308,0,0.5933680510294385,8,1.1764705882352942,0.4117647058823529,O7,de-protonated,0,-9999,C17 H20 O7,17,20,7,-9999,-9999,-9999,-9999,N/A,-9999,-9999,N/A,-9999
434,335.113823,335.1137094696053,335.1134643379391,1313048.8,-9999,531889.4,17.89,-1,0.7314885621642677,0.9074754645107808,0,0.5444852787064685,3,2.0833333333333335,0.08333333333333333,N4 S2 P1 O1,de-protonated,0,-9999,C12 H25 O1 N4 P1 S2,12,25,1,4,1,2,-9999,N/A,-9999,-9999,N/A,-9999
435,335.114925,335.11481147047886,335.11449590913907,4184857,-9999,396245.3,61.12,-1,0.9416523117965702,0.42569192393068783,0.8370420509349343,0.5902319747323864,7,1.3333333333333333,0.1111111111111111,S2 O2,de-protonated,0,-9999,C18 H24 O2 S2,18,24,2,-9999,-9999,2,-9999,N/A,-9999,-9999,N/A,-9999
435,335.114925,335.11481147047886,335.1149639397891,4184857,-9999,396245.3,61.12,-1,-0.4549761325442633,0.4815680859043732,0.8370420509349343,0.6237576719165977,13,0.8888888888888888,0.16666666666666666,N4 O3,de-protonated,0,-9999,C18 H16 O3 N4,18,16,3,4,-9999,-9999,-9999,N/A,-9999,-9999,N/A,-9999
436,335.119423,335.1193094740444,335.1189866917891,2149145.8,-9999,536431.6,30.47,-1,0.963187011691206,0.8450704788928205,0,0.5070422873356922,17,0.6956521739130435,0.04347826086956521,N2 O1,de-protonated,0,-9999,C23 H16 O1 N2,23,16,1,2,-9999,-9999,-9999,N/A,-9999,-9999,N/A,-9999
437,335.120436,335.1203224748474,335.1206404620691,6025498,-9999,392440.2,88.83,-1,-0.9488738779790368,0.4246386883588935,0.8149093904448103,0.5807469691932602,12,1,0.09523809523809525,P1 O2,de-protonated,0,-9999,C21 H21 O2 P1,21,21,2,-9999,1,-9999,-9999,N/A,-9999,-9999,N/A,-9999
437,335.120436,335.1203224748474,335.1199890133891,6025498,-9999,392440.2,88.83,-1,0.9950509346773148,0.8635260414260415,0.9440089489829928,0.895719204448822,3,1.9230769230769231,0.3076923076923077,N2 S1 P1 O4,de-protonated,0,-9999,C13 H25 O4 N2 P1 S1,13,25,4,2,1,1,-9999,N/A,-9999,-9999,N/A,-9999
439,335.156833,335.15671950369966,335.1570259714191,2902177.5,-9999,372628.5,40.96,-1,-0.914400402473857,0.859233690418461,0,0.5155402142510765,11,1.1363636363636365,0.04545454545454545,P1 O1,de-protonated,0,-9999,C22 H25 O1 P1,22,25,1,-9999,1,-9999,-9999,N/A,-9999,-9999,N/A,-9999
443,336.123724,336.1236112701624,336.1233438484591,1316071.3,-9999,609031.7,17.57,-1,0.7956058637621498,0.8914954313828907,0.9440089489829928,0.9125008384229316,3,2.0833333333333335,0.3333333333333333,13C1 N2 S1 P1 O4,de-protonated,1,437,C12 H25 O4 N2 P1 S1 13C1,12,25,4,2,1,1,1,N/A,-9999,-9999,N/A,-9999
443,336.123724,336.1236112701624,336.1234801940791,1316071.3,-9999,609031.7,17.57,-1,0.38996407885329193,0.9727839550289874,0,0.5836703730173924,3,1.9166666666666667,0.5,N3 S1 O6,de-protonated,0,-9999,C12 H23 O6 N3 S1,12,23,6,3,-9999,1,-9999,N/A,-9999,-9999,N/A,-9999
449,337.063326,337.063214014993,337.063519507829,4567210.5,-9999,441663.1,65.51,-1,-0.9063361009654436,0.4307629587389208,0.8295321147073604,0.5902706211262967,13,0.7894736842105263,0.21052631578947367,P1 O4,de-protonated,0,-9999,C19 H15 O4 P1,19,15,4,-9999,1,-9999,-9999,N/A,-9999,-9999,N/A,-9999
450,337.098686,337.0985740430231,337.0982512468991,2425522,-9999,547317.9,33.92,-1,0.9575728228075534,0.846725607692189,0,0.5080353646153134,17,0.6363636363636364,0.09090909090909093,N2 O2,de-protonated,0,-9999,C22 H14 O2 N2,22,14,2,2,-9999,-9999,-9999,N/A,-9999,-9999,N/A,-9999
451,337.099772,337.099660043884,337.0999050171791,8112306,-9999,377073.6,117.78,-1,-0.7267082886592149,0.8827227330516182,0.9791295631613268,0.9212854650955016,12,0.95,0.15,P1 O3,de-protonated,0,-9999,C20 H19 O3 P1,20,19,3,-9999,1,-9999,-9999,N/A,-9999,-9999,N/A,-9999
453,337.136112,337.1360000726911,337.1362905265291,7093945.5,-9999,387984.6,102.76,-1,-0.8615324014007347,0.8885244841787047,0.9538138580318706,0.914640233719971,11,1.0952380952380951,0.09523809523809525,P1 O2,de-protonated,0,-9999,C21 H23 O2 P1,21,23,2,-9999,1,-9999,-9999,N/A,-9999,-9999,N/A,-9999
454,337.172397,337.17228510145446,337.17202458719913,2305729.3,-9999,375164.5,32.16,-1,0.7726449299868191,0.8973392611809622,0,0.5384035567085773,1,2.2142857142857144,0.21428571428571427,N2 S1 P1 O3,de-protonated,0,-9999,C14 H31 O3 N2 P1 S1,14,31,3,2,1,1,-9999,N/A,-9999,-9999,N/A,-9999
456,338.094726,338.0946148325926,338.09450254069907,942724.2,-9999,552214.7,12.05,-1,0.33213167523104264,0.98018311999862,0,0.588109871999172,3,2,0.4545454545454546,N3 S1 P1 O5,de-protonated,0,-9999,C11 H22 O5 N3 P1 S1,11,22,5,3,1,1,-9999,N/A,-9999,-9999,N/A,-9999
457,338.103059,338.1029478391982,338.1032598522491,1510534,-9999,466916.8,20.43,-1,-0.9228336072605244,0.8568214981559387,0.9791295631613268,0.905744724158094,12,1,0.15789473684210523,13C1 P1 O3,de-protonated,1,451,C19 H19 O3 P1 13C1,19,19,3,-9999,1,-9999,1,N/A,-9999,-9999,N/A,-9999
457,338.103059,338.1029478391982,338.1027447491891,1510534,-9999,466916.8,20.43,-1,0.6006754225032294,0.9366283859226672,0,0.5619770315536003,3,1.9090909090909092,0.6363636363636364,N3 S1 O7,de-protonated,0,-9999,C11 H21 O7 N3 S1,11,21,7,3,-9999,1,-9999,N/A,-9999,-9999,N/A,-9999
458,338.139503,338.13939186808767,338.1396453615991,1144333.8,-9999,398748.3,15.03,-1,-0.7496710749536486,0.903051783486981,0.9538138580318706,0.9233566133049368,11,1.15,0.1,13C1 P1 O2,de-protonated,1,453,C20 H23 O2 P1 13C1,20,23,2,-9999,1,-9999,1,N/A,-9999,-9999,N/A,-9999
458,338.139503,338.13939186808767,338.1391302585391,1144333.8,-9999,398748.3,15.03,-1,0.7736742811901528,0.8970801354663952,0,0.5382480812798371,2,2.0833333333333335,0.5,N3 S1 O6,de-protonated,0,-9999,C12 H25 O6 N3 S1,12,25,6,3,-9999,1,-9999,N/A,-9999,-9999,N/A,-9999
462,339.042646,339.0425355840169,339.04278406293906,1975119.4,-9999,371025.2,27.27,-1,-0.7328836767923004,0.907139131413336,0,0.5442834788480015,13,0.7222222222222222,0.2777777777777778,P1 O5,de-protonated,0,-9999,C18 H13 O5 P1,18,13,5,-9999,1,-9999,-9999,N/A,-9999,-9999,N/A,-9999
463,339.077911,339.0778006119717,339.07751580200915,1901911,-9999,595071.6,26.2,-1,0.8399553179034894,0.8798387976219727,0,0.5279032785731836,17,0.5714285714285714,0.14285714285714285,N2 O3,de-protonated,0,-9999,C21 H12 O3 N2,21,12,3,2,-9999,-9999,-9999,N/A,-9999,-9999,N/A,-9999
464,339.079065,339.07895461288655,339.07916957228906,6896215.5,-9999,422362.7,99.84,-1,-0.6339504806026627,0.901026461951155,0.95748812783622,0.9236111283051808,12,0.8947368421052632,0.21052631578947367,P1 O4,de-protonated,0,-9999,C19 H17 O4 P1,19,17,4,-9999,1,-9999,-9999,N/A,-9999,-9999,N/A,-9999
465,339.088075,339.08796462002886,339.0882811606491,1067865.3,-9999,414606.9,13.9,-1,-0.9335050422961386,0.8537472146071576,0,0.5122483287642946,11,1,0.05,S2 O1,de-protonated,0,-9999,C20 H20 O1 S2,20,20,1,-9999,-9999,2,-9999,N/A,-9999,-9999,N/A,-9999
466,339.112063,339.1119526390443,339.11191245215906,1504862.4,-9999,513664,20.34,-1,0.118506262334335,0.997455026825483,0,0.5984730160952898,2,1.8461538461538465,0.6153846153846154,S1 O8,de-protonated,0,-9999,C13 H24 O8 S1,13,24,8,-9999,-9999,1,-9999,N/A,-9999,-9999,N/A,-9999
468,339.115345,339.115234641646,339.1155550816391,16517727,-9999,441938.1,241.73,-1,-0.9449286189206884,0.9095446765330162,0.9541214998340352,0.9273754058534238,11,1.05,0.15,P1 O3,de-protonated,0,-9999,C20 H21 O3 P1,20,21,3,-9999,1,-9999,-9999,N/A,-9999,-9999,N/A,-9999
468,339.115345,339.115234641646,339.1149036329591,16517727,-9999,441938.1,241.73,-1,0.9760959584463956,0.280413510658245,0.8514041804161763,0.5088097785614175,2,2.0833333333333335,0.4166666666666667,N2 S1 P1 O5,de-protonated,0,-9999,C12 H25 O5 N2 P1 S1,12,25,5,2,1,1,-9999,N/A,-9999,-9999,N/A,-9999
470,339.151849,339.1517386705831,339.1519405909891,4922983,-9999,413218.8,70.74,-1,-0.5953685704279184,0.9196713915799352,0.9965801610512944,0.950434899368479,10,1.1904761904761905,0.09523809523809525,P1 O2,de-protonated,0,-9999,C21 H25 O2 P1,21,25,2,-9999,1,-9999,-9999,N/A,-9999,-9999,N/A,-9999
472,339.188266,339.1881556994511,339.1883261003391,1047406.9,-9999,396316.1,13.59,-1,-0.5023783983628982,0.955237999655262,0,0.5731427997931571,9,1.318181818181818,0.04545454545454545,P1 O1,de-protonated,0,-9999,C22 H29 O1 P1,22,29,1,-9999,1,-9999,-9999,N/A,-9999,-9999,N/A,-9999
474,339.205776,339.2056657133314,339.20543271639906,11172467,-9999,497243.1,162.9,-1,0.6868903322165428,0.8787707228833102,0.9616693511839594,0.9119301742035698,0,2.357142857142857,0.35714285714285715,N2 P1 O5,de-protonated,0,-9999,C14 H33 O5 N2 P1,14,33,5,2,1,-9999,-9999,N/A,-9999,-9999,N/A,-9999
476,340.082339,340.0822294081904,340.0825244073591,1011889.6,-9999,430458.6,13.07,-1,-0.8674340711074089,0.8723805075140917,0.95748812783622,0.906423555642943,12,0.9444444444444444,0.2222222222222222,13C1 P1 O4,de-protonated,1,464,C18 H17 O4 P1 13C1,18,17,4,-9999,1,-9999,1,N/A,-9999,-9999,N/A,-9999
476,340.082339,340.0822294081904,340.0820093042991,1011889.6,-9999,430458.6,13.07,-1,0.6472082770823937,0.9268116064728088,0,0.5560869638836852,3,1.9,0.8,N3 S1 O8,de-protonated,0,-9999,C10 H19 O8 N3 S1,10,19,8,3,-9999,1,-9999,N/A,-9999,-9999,N/A,-9999
477,340.117734,340.1176244362483,340.11754666047915,1058105.4,-9999,671896,13.75,-1,0.228673204115588,0.9905566590009603,0,0.5943339954005762,1,2.1538461538461537,0.2307692307692308,N1 S2 P1 O3,de-protonated,0,-9999,C13 H28 O3 N1 P1 S2,13,28,3,1,1,2,-9999,N/A,-9999,-9999,N/A,-9999
478,340.118877,340.1187674371544,340.11890991670913,2511161.8,-9999,398513.3,35.18,-1,-0.4189110059943697,0.9686598290276668,0.9541214998340352,0.962844497350214,11,1.105263157894737,0.15789473684210523,13C1 P1 O3,de-protonated,1,468,C19 H21 O3 P1 13C1,19,21,3,-9999,1,-9999,1,N/A,-9999,-9999,N/A,-9999
478,340.118877,340.1187674371544,340.11904626232905,2511161.8,-9999,398513.3,35.18,-1,-0.8197870060394921,0.8851990685537464,0,0.5311194411322478,11,1,0.2631578947368421,N1 O5,de-protonated,0,-9999,C19 H19 O5 N1,19,19,5,1,-9999,-9999,-9999,N/A,-9999,-9999,N/A,-9999
479,340.155148,340.1550384659067,340.1552954260591,1143617.6,-9999,530865.6,15.01,-1,-0.7554201150297526,0.9016350643955752,0.9965801610512944,0.9396131030578628,10,1.25,0.1,13C1 P1 O2,de-protonated,1,470,C20 H25 O2 P1 13C1,20,25,2,-9999,1,-9999,1,N/A,-9999,-9999,N/A,-9999
479,340.155148,340.1550384659067,340.1547803229991,1143617.6,-9999,530865.6,15.01,-1,0.7588983679156327,0.9007737623426704,0,0.5404642574056022,1,2.25,0.5,N3 S1 O6,de-protonated,0,-9999,C12 H27 O6 N3 S1,12,27,6,3,-9999,1,-9999,N/A,-9999,-9999,N/A,-9999
480,340.209231,340.2091215087788,340.20878755146913,2285709.5,-9999,405840.2,31.85,-1,0.9816245844084784,0.8395900319451325,0.9616693511839594,0.8884217596406633,0,2.5384615384615383,0.38461538461538464,13C1 N2 P1 O5,de-protonated,1,474,C13 H33 O5 N2 P1 13C1,13,33,5,2,1,-9999,1,N/A,-9999,-9999,N/A,-9999
480,340.209231,340.2091215087788,340.2089238970891,2285709.5,-9999,405840.2,31.85,-1,0.5808539277875343,0.940617028736711,0,0.5643702172420266,0,2.3846153846153846,0.5384615384615384,N3 O7,de-protonated,0,-9999,C13 H31 O7 N3,13,31,7,3,-9999,-9999,-9999,N/A,-9999,-9999,N/A,-9999
486,341.05839,341.0582811819144,341.05843412739904,3160073.3,-9999,356951,44.74,-1,-0.44844363695707173,0.964168084102596,0,0.5785008504615576,12,0.8333333333333334,0.2777777777777778,P1 O5,de-protonated,0,-9999,C18 H15 O5 P1,18,15,5,-9999,1,-9999,-9999,N/A,-9999,-9999,N/A,-9999
489,341.094722,341.0946132107151,341.09481963674904,8367121.5,-9999,378221.6,121.53,-1,-0.6051866578693744,0.938231156506785,0.9838246479799624,0.956468553096056,11,1,0.21052631578947367,P1 O4,de-protonated,0,-9999,C19 H19 O4 P1,19,19,4,-9999,1,-9999,-9999,N/A,-9999,-9999,N/A,-9999
491,341.131025,341.1309162394928,341.13120514609903,7452697.5,-9999,431258.7,108.04,-1,-0.8469075882153481,0.9258696182211472,0.9407342056909158,0.9318154532090546,10,1.15,0.15,P1 O3,de-protonated,0,-9999,C20 H23 O3 P1,20,23,3,-9999,1,-9999,-9999,N/A,-9999,-9999,N/A,-9999
492,341.144138,341.1440292498876,341.1441560684291,1503516.3,-9999,476977,20.31,-1,-0.37174472798951574,0.9752366244702356,0,0.5851419746821415,10,1.2222222222222223,0.05555555555555555,N4 S1 O1,de-protonated,0,-9999,C18 H22 O1 N4 S1,18,22,1,4,-9999,1,-9999,N/A,-9999,-9999,N/A,-9999
493,341.16749600000003,341.16738726840373,341.1675906554491,2346785.5,-9999,416945.1,32.75,-1,-0.5961499595240375,0.9375493196375496,0,0.5625295917825297,9,1.2857142857142858,0.09523809523809525,P1 O2,de-protonated,0,-9999,C21 H27 O2 P1,21,27,2,-9999,1,-9999,-9999,N/A,-9999,-9999,N/A,-9999
497,342.098084,342.09797600608874,342.09817447181905,1526514.1,-9999,545754.5,20.22,-1,-0.580142617286185,0.940757986614272,0.9838246479799624,0.9579846511605484,11,1.0555555555555556,0.2222222222222222,13C1 P1 O4,de-protonated,1,489,C18 H19 O4 P1 13C1,18,19,4,-9999,1,-9999,1,N/A,-9999,-9999,N/A,-9999
497,342.098084,342.09797600608874,342.0983108174391,1526514.1,-9999,545754.5,20.22,-1,-0.9786992211158602,0.8404641190129125,0,0.5042784714077475,11,0.9444444444444444,0.3333333333333333,N1 O6,de-protonated,0,-9999,C18 H17 O6 N1,18,17,6,1,-9999,-9999,-9999,N/A,-9999,-9999,N/A,-9999
497,342.098084,342.09797600608874,342.09765936875914,1526514.1,-9999,545754.5,20.22,-1,0.925575843425018,0.8560338223294047,0,0.5136202933976428,2,2.1,0.8,N3 S1 O8,de-protonated,0,-9999,C10 H21 O8 N3 S1,10,21,8,3,-9999,1,-9999,N/A,-9999,-9999,N/A,-9999
498,342.134537,342.1344290349854,342.1345599811691,1002618.4,-9999,338444.8,12.66,-1,-0.38273299177403103,0.973770696211181,0.9407342056909158,0.9605561000030748,10,1.2105263157894737,0.15789473684210523,13C1 P1 O3,de-protonated,1,491,C19 H23 O3 P1 13C1,19,23,3,-9999,1,-9999,1,N/A,-9999,-9999,N/A,-9999
498,342.134537,342.1344290349854,342.1346963267891,1002618.4,-9999,338444.8,12.66,-1,-0.7812472882139672,0.895165447385813,0,0.5370992684314878,10,1.105263157894737,0.2631578947368421,N1 O5,de-protonated,0,-9999,C19 H21 O5 N1,19,21,5,1,-9999,-9999,-9999,N/A,-9999,-9999,N/A,-9999
503,343.05284,343.052732762932,343.0529548237991,1346507.1,-9999,414301.6,17.62,-1,-0.6473078396956503,0.9267899322285762,0,0.5560739593371457,16,0.6190476190476191,0.14285714285714285,P1 O3,de-protonated,0,-9999,C21 H13 O3 P1,21,13,3,-9999,1,-9999,-9999,N/A,-9999,-9999,N/A,-9999
503,343.05284,343.052732762932,343.05268349763907,1346507.1,-9999,414301.6,17.62,-1,0.14360853394735196,0.9962649020592168,0,0.5977589412355301,2,1.818181818181818,0.7272727272727273,S2 O8,de-protonated,0,-9999,C11 H20 O8 S2,11,20,8,-9999,-9999,2,-9999,N/A,-9999,-9999,N/A,-9999
505,343.073985,343.0738777796938,343.0740841918591,3719888,-9999,326997.9,51.89,-1,-0.6016547875990383,0.9364282877463932,0,0.5618569726478359,11,0.9444444444444444,0.2777777777777778,P1 O5,de-protonated,0,-9999,C18 H17 O5 P1,18,17,5,-9999,1,-9999,-9999,N/A,-9999,-9999,N/A,-9999
506,343.089249,343.08914179179374,343.0893403331491,1473619.5,-9999,442337.4,19.45,-1,-0.5786870415939026,0.941045960164514,0,0.5646275760987083,15,0.7727272727272727,0.09090909090909093,P1 O2,de-protonated,0,-9999,C22 H17 O2 P1,22,17,2,-9999,1,-9999,-9999,N/A,-9999,-9999,N/A,-9999
506,343.089249,343.08914179179374,343.08906900698906,1473619.5,-9999,442337.4,19.45,-1,0.21214550752920508,0.9918670249509458,0,0.5951202149705674,1,2,0.5833333333333334,S2 O7,de-protonated,0,-9999,C12 H24 O7 S2,12,24,7,-9999,-9999,2,-9999,N/A,-9999,-9999,N/A,-9999
507,343.091458,343.09135079354485,343.0910578661891,1008595.9,-9999,543449.2,12.74,-1,0.8537889549794442,0.8761061388575431,0,0.5256636833145258,15,0.7619047619047619,0.04761904761904761,N2 S1 O1,de-protonated,0,-9999,C21 H16 O1 N2 S1,21,16,1,2,-9999,1,-9999,N/A,-9999,-9999,N/A,-9999
507,343.091458,343.09135079354485,343.0911908079191,1008595.9,-9999,543449.2,12.74,-1,0.4663064224834916,0.9613136859223248,0,0.5767882115533949,2,2.1,0.9,N2 P1 O9,de-protonated,0,-9999,C10 H21 O9 N2 P1,10,21,9,2,1,-9999,-9999,N/A,-9999,-9999,N/A,-9999
508,343.102297,343.10218980213705,343.1024241972091,1202262.4,-9999,441687.7,15.54,-1,-0.6831635555354059,0.9188022495822012,0,0.5512813497493206,2,2.3333333333333335,0.8888888888888888,N4 P1 O8,de-protonated,0,-9999,C9 H21 O8 N4 P1,9,21,8,4,1,-9999,-9999,N/A,-9999,-9999,N/A,-9999
510,343.110425,343.11031780858013,343.11046970120907,6559192.5,-9999,386761.3,92.89,-1,-0.44269307511156586,0.4825325117718864,0.8295321147073605,0.6213323529460761,10,1.105263157894737,0.21052631578947367,P1 O4,de-protonated,0,-9999,C19 H21 O4 P1,19,21,4,-9999,1,-9999,-9999,N/A,-9999,-9999,N/A,-9999
511,343.125157,343.1250498202583,343.12507439381915,1146971.6,-9999,526651.9,14.74,-1,-0.07161691951360234,0.9990697856612418,0,0.5994418713967451,5,1.6666666666666667,0.2,N2 S1 P1 O3,de-protonated,0,-9999,C15 H25 O3 N2 P1 S1,15,25,3,2,1,1,-9999,N/A,-9999,-9999,N/A,-9999
512,343.125725,343.12561782070856,343.1257258424991,1867227.8,-9999,415591.1,25.14,-1,-0.31481693852312204,0.9821774093098852,0,0.589306445585931,14,0.9130434782608696,0.04347826086956521,P1 O1,de-protonated,0,-9999,C23 H21 O1 P1,23,21,1,-9999,1,-9999,-9999,N/A,-9999,-9999,N/A,-9999
512,343.125725,343.12561782070856,343.12545451633906,1867227.8,-9999,415591.1,25.14,-1,0.47593195825105383,0.959732993558516,0,0.5758397961351095,0,2.1538461538461537,0.4615384615384616,S2 O6,de-protonated,0,-9999,C13 H28 O6 S2,13,28,6,-9999,-9999,2,-9999,N/A,-9999,-9999,N/A,-9999
512,343.125725,343.12561782070856,343.12592254698905,1867227.8,-9999,415591.1,25.14,-1,-0.8880887757703604,0.8666596996179463,0,0.5199958197707678,6,1.5384615384615383,0.5384615384615384,N4 O7,de-protonated,0,-9999,C13 H20 O7 N4,13,20,7,4,-9999,-9999,-9999,N/A,-9999,-9999,N/A,-9999
514,343.146725,343.14661783735545,343.14685521055907,3316704.5,-9999,457713.4,46.07,-1,-0.6917539823349186,0.9168352603470384,0,0.5501011562082231,9,1.25,0.15,P1 O3,de-protonated,0,-9999,C20 H25 O3 P1,20,25,3,-9999,1,-9999,-9999,N/A,-9999,-9999,N/A,-9999
515,344.113568,344.1134616037802,344.11330943321906,1241919.5,-9999,442865.6,16.1,-1,0.4422106235511095,0.965139784862149,0,0.5790838709172894,1,2.3,0.8,N3 S1 O8,de-protonated,0,-9999,C10 H23 O8 N3 S1,10,23,8,3,-9999,1,-9999,N/A,-9999,-9999,N/A,-9999
520,345.053253,345.05314734867653,345.0533487469691,1076762.8,-9999,489331.4,13.72,-1,-0.5836729111772285,0.94005691097394,0,0.564034146584364,11,0.8823529411764706,0.35294117647058826,P1 O6,de-protonated,0,-9999,C17 H15 O6 P1,17,15,6,-9999,1,-9999,-9999,N/A,-9999,-9999,N/A,-9999
521,345.068575,345.0684693608224,345.06860488825913,1988126.4,-9999,377372.5,26.88,-1,-0.39275504872287953,0.9723984365042362,0,0.5834390619025417,15,0.7142857142857143,0.14285714285714285,P1 O3,de-protonated,0,-9999,C21 H15 O3 P1,21,15,3,-9999,1,-9999,-9999,N/A,-9999,-9999,N/A,-9999
521,345.068575,345.0684693608224,345.0683335620991,1988126.4,-9999,377372.5,26.88,-1,0.39354153974242023,0.9722893291879496,0,0.5833735975127697,1,2,0.7272727272727273,S2 O8,de-protonated,0,-9999,C11 H22 O8 S2,11,22,8,-9999,-9999,2,-9999,N/A,-9999,-9999,N/A,-9999
521,345.068575,345.0684693608224,345.0688015927491,1988126.4,-9999,377372.5,26.88,-1,-0.9627990857002958,0.8451850508213412,0,0.5071110304928047,7,1.2727272727272727,0.8181818181818182,N4 O9,de-protonated,0,-9999,C11 H14 O9 N4,11,14,9,4,-9999,-9999,-9999,N/A,-9999,-9999,N/A,-9999
522,345.081563,345.0814573711181,345.0815558105891,1210913.4,-9999,393842.5,15.65,-1,-0.2852643653232738,0.9853429513894832,0,0.59120577083369,15,0.7368421052631579,0.05263157894736842,N4 S1 O1,de-protonated,0,-9999,C19 H14 O1 N4 S1,19,14,1,4,-9999,1,-9999,N/A,-9999,-9999,N/A,-9999
523,345.089593,345.0894873774835,345.08973425631905,2167843.3,-9999,360654.4,29.47,-1,-0.7154047513407187,0.9113154663578128,0,0.5467892798146876,10,1.0555555555555556,0.2777777777777778,P1 O5,de-protonated,0,-9999,C18 H19 O5 P1,18,19,5,-9999,1,-9999,-9999,N/A,-9999,-9999,N/A,-9999
525,345.104943,345.1048373896516,345.1049903976091,2475175,-9999,358491.1,33.91,-1,-0.44336640072545014,0.9649605575577892,0,0.5789763345346736,14,0.8636363636363636,0.09090909090909093,P1 O2,de-protonated,0,-9999,C22 H19 O2 P1,22,19,2,-9999,1,-9999,-9999,N/A,-9999,-9999,N/A,-9999
525,345.104943,345.1048373896516,345.1047190714491,2475175,-9999,358491.1,33.91,-1,0.34284724598531297,0.9788975917694648,0,0.5873385550616789,0,2.1666666666666665,0.5833333333333334,S2 O7,de-protonated,0,-9999,C12 H26 O7 S2,12,26,7,-9999,-9999,2,-9999,N/A,-9999,-9999,N/A,-9999
527,345.125995,345.12588940633975,345.12611976566905,2280107.8,-9999,415002.7,31.09,-1,-0.667464199609155,0.9223440909959656,0,0.5534064545975794,9,1.2105263157894737,0.21052631578947367,P1 O4,de-protonated,0,-9999,C19 H23 O4 P1,19,23,4,-9999,1,-9999,-9999,N/A,-9999,-9999,N/A,-9999
528,345.141293,345.1411874184666,345.14137590695907,2270895.5,-9999,373833.6,30.96,-1,-0.5461196646971734,0.9473217657327924,0,0.5683930594396754,13,1,0.04347826086956521,P1 O1,de-protonated,0,-9999,C23 H23 O1 P1,23,23,1,-9999,1,-9999,-9999,N/A,-9999,-9999,N/A,-9999
531,345.16243,345.16232443522205,345.1625052750191,1294004.4,-9999,407737.3,16.85,-1,-0.5239265397886502,0.9514125667216168,0,0.57084754003297,8,1.35,0.15,P1 O3,de-protonated,0,-9999,C20 H27 O3 P1,20,27,3,-9999,1,-9999,-9999,N/A,-9999,-9999,N/A,-9999
532,345.177782,345.1776764473917,345.1779581207991,1051832,-9999,408104.2,13.36,-1,-0.8160237371212881,0.8861883859859834,0,0.53171303159159,4,1.8571428571428572,0.42857142857142855,N4 O6,de-protonated,0,-9999,C14 H26 O6 N4,14,26,6,4,-9999,-9999,-9999,N/A,-9999,-9999,N/A,-9999
535,346.157682,346.15757722416686,346.1577542472191,958880,-9999,529994.7,12.01,-1,-0.5113941550033292,0.9536551194246544,0,0.5721930716547926,8,1.368421052631579,0.15789473684210523,N1 P1 O3,de-protonated,0,-9999,C19 H26 O3 N1 P1,19,26,3,1,1,-9999,-9999,N/A,-9999,-9999,N/A,-9999
541,347.047832,347.0477279297964,347.04786944336905,2135669.3,-9999,371230.3,29,-1,-0.4077638421593914,0.9702808452499904,0,0.5821685071499942,15,0.65,0.2,P1 O4,de-protonated,0,-9999,C20 H13 O4 P1,20,13,4,-9999,1,-9999,-9999,N/A,-9999,-9999,N/A,-9999
541,347.047832,347.0477279297964,347.0475981172091,2135669.3,-9999,371230.3,29,-1,0.3740483669155363,0.974932655741932,0,0.5849595934451591,1,2,0.9,S2 O9,de-protonated,0,-9999,C10 H20 O9 S2,10,20,9,-9999,-9999,2,-9999,N/A,-9999,-9999,N/A,-9999
543,347.084181,347.0840769586106,347.08425495271905,3389310,-9999,361200.9,47.1,-1,-0.5128268019344169,0.4767006221380236,0.8149093904448103,0.6119841294607382,14,0.8095238095238095,0.14285714285714285,P1 O3,de-protonated,0,-9999,C21 H17 O3 P1,21,17,3,-9999,1,-9999,-9999,N/A,-9999,-9999,N/A,-9999
543,347.084181,347.0840769586106,347.0839836265591,3389310,-9999,361200.9,47.1,-1,0.26890336606942716,0.9869653202025,0,0.5921791921214999,0,2.1818181818181817,0.7272727272727273,S2 O8,de-protonated,0,-9999,C11 H24 O8 S2,11,24,8,-9999,-9999,2,-9999,N/A,-9999,-9999,N/A,-9999
544,347.09629,347.09618596820945,347.0958684645291,1172096.9,-9999,389766.7,15.09,-1,0.914743473561806,0.8591358603431796,0,0.5154815162059078,9,1.1111111111111112,0.2777777777777778,S1 O5,de-protonated,0,-9999,C18 H20 O5 S1,18,20,5,-9999,-9999,1,-9999,N/A,-9999,-9999,N/A,-9999
545,347.097209,347.09710496893797,347.0972058750491,3167617,-9999,494076.9,43.9,-1,-0.29071427087584106,0.9847818867244894,0,0.5908691320346936,14,0.8421052631578947,0.05263157894736842,N4 S1 O1,de-protonated,0,-9999,C19 H16 O1 N4 S1,19,16,1,4,-9999,1,-9999,N/A,-9999,-9999,N/A,-9999
547,347.120533,347.1204289874271,347.1206404620691,4636038.5,-9999,396767.1,65.11,-1,-0.6092252011671211,0.46743600353340375,0.8077896627745538,0.6035774672298637,13,0.9545454545454546,0.09090909090909093,P1 O2,de-protonated,0,-9999,C22 H21 O2 P1,22,21,2,-9999,1,-9999,-9999,N/A,-9999,-9999,N/A,-9999
549,347.157083,347.1569790164006,347.1570259714191,3022223.5,-9999,392869.6,41.8,-1,-0.13525584959396958,0.4983430273641288,0.8007932653391622,0.6193231225541421,12,1.0869565217391304,0.04347826086956521,P1 O1,de-protonated,0,-9999,C23 H25 O1 P1,23,25,1,-9999,1,-9999,-9999,N/A,-9999,-9999,N/A,-9999
549,347.157083,347.1569790164006,347.15722267590905,3022223.5,-9999,392869.6,41.8,-1,-0.7018707736042736,0.91449276692578,0,0.548695660155468,4,1.8461538461538465,0.5384615384615384,N4 O7,de-protonated,0,-9999,C13 H24 O7 N4,13,24,7,4,-9999,-9999,-9999,N/A,-9999,-9999,N/A,-9999
559,349.027116,349.02701349879175,349.0271339984791,1160279.6,-9999,461181.7,14.59,-1,-0.34524446841919515,0.978604650365144,0,0.5871627902190864,15,0.5789473684210527,0.2631578947368421,P1 O5,de-protonated,0,-9999,C19 H11 O5 P1,19,11,5,-9999,1,-9999,-9999,N/A,-9999,-9999,N/A,-9999
561,349.063521,349.0634185276503,349.063519507829,3977568.5,-9999,406628.7,54.42,-1,-0.28928883451195186,0.4924648144701705,0.8221557383861047,0.62434118403654415,14,0.75,0.2,P1 O4,de-protonated,0,-9999,C20 H15 O4 P1,20,15,4,-9999,1,-9999,-9999,N/A,-9999,-9999,N/A,-9999
561,349.063521,349.0634185276503,349.06324818166905,3977568.5,-9999,406628.7,54.42,-1,0.48800892713129296,0.9577078584841044,0,0.5746247150904625,0,2.2,0.9,S2 O9,de-protonated,0,-9999,C10 H22 O9 S2,10,22,9,-9999,-9999,2,-9999,N/A,-9999,-9999,N/A,-9999
562,349.094476,349.0943735521886,349.0942284948991,989032.3,-9999,558932.4,12.17,-1,0.4155247427790182,0.9691565929755176,0,0.5814939557853106,14,0.7777777777777778,0.2222222222222222,N4 O4,de-protonated,0,-9999,C18 H14 O4 N4,18,14,4,4,-9999,-9999,-9999,N/A,-9999,-9999,N/A,-9999
563,349.099897,349.0997945564859,349.0999050171791,6129001.5,-9999,339142.2,84.83,-1,-0.31641570676897596,0.9674560373830364,0.9663683967250504,0.967020981119842,13,0.9047619047619048,0.14285714285714285,P1 O3,de-protonated,0,-9999,C21 H19 O3 P1,21,19,3,-9999,1,-9999,-9999,N/A,-9999,-9999,N/A,-9999
563,349.099897,349.0997945564859,349.1001017216691,6129001.5,-9999,339142.2,84.83,-1,-0.8798770944853657,0.8689457223335452,0,0.521367433400127,5,1.6363636363636365,0.8181818181818182,N4 O9,de-protonated,0,-9999,C11 H18 O9 N4,11,18,9,4,-9999,-9999,-9999,N/A,-9999,-9999,N/A,-9999
564,349.109412,349.10930956402854,349.1094846361891,2600812,-9999,643529.4,34.96,-1,-0.5014821088448896,0.9553939630059076,0,0.5732363778035445,18,0.6363636363636364,0.04545454545454545,N4 O1,de-protonated,0,-9999,C22 H14 O1 N4,22,14,1,4,-9999,-9999,-9999,N/A,-9999,-9999,N/A,-9999
565,349.111845,349.1117425659572,349.11151852898905,6292332.5,-9999,518522.5,87.13,-1,0.6417346785472545,0.46399941150916113,0.8370420509349343,0.6132164672794704,8,1.2222222222222223,0.2777777777777778,S1 O5,de-protonated,0,-9999,C18 H22 O5 S1,18,22,5,-9999,-9999,1,-9999,N/A,-9999,-9999,N/A,-9999
566,349.112882,349.11277956677924,349.11285593950913,21635948,-9999,462505.2,304.02,-1,-0.2187622958988662,0.9926598354784903,0.938449898740966,0.9709758607834806,13,0.9473684210526316,0.05263157894736842,N4 S1 O1,de-protonated,0,-9999,C19 H18 O1 N4 S1,19,18,1,4,-9999,1,-9999,N/A,-9999,-9999,N/A,-9999
568,349.136161,349.13605858523266,349.1362905265291,7549810.5,-9999,411478.3,104.91,-1,-0.6643288100185817,0.9226057613040652,0.954914809869505,0.9355293807302412,12,1.0454545454545454,0.09090909090909093,P1 O2,de-protonated,0,-9999,C22 H23 O2 P1,22,23,2,-9999,1,-9999,-9999,N/A,-9999,-9999,N/A,-9999
570,349.172762,349.1726596142466,349.1726760358791,2774907.5,-9999,335130.3,37.42,-1,-0.04703011896905862,0.9995987464966116,0,0.599759247897967,11,1.173913043478261,0.04347826086956521,P1 O1,de-protonated,0,-9999,C23 H27 O1 P1,23,27,1,-9999,1,-9999,-9999,N/A,-9999,-9999,N/A,-9999
570,349.172762,349.1726596142466,349.1728727403691,2774907.5,-9999,335130.3,37.42,-1,-0.6103742276153242,0.934634324128255,0,0.5607805944769529,3,2,0.5384615384615384,N4 O7,de-protonated,0,-9999,C13 H26 O7 N4,13,26,7,4,-9999,-9999,-9999,N/A,-9999,-9999,N/A,-9999
573,350.103181,350.1030793517977,350.1032598522491,1093986.6,-9999,526427.5,13.65,-1,-0.5155634696711845,0.9529145024239604,0.9663683967250504,0.9582960601443964,13,0.95,0.15,13C1 P1 O3,de-protonated,1,563,C20 H19 O3 P1 13C1,20,19,3,-9999,1,-9999,1,N/A,-9999,-9999,N/A,-9999
573,350.103181,350.1030793517977,350.1033961978691,1093986.6,-9999,526427.5,13.65,-1,-0.9050071344977,0.8619023020400508,0,0.5171413812240304,13,0.85,0.25,N1 O5,de-protonated,0,-9999,C20 H17 O5 N1,20,17,5,1,-9999,-9999,-9999,N/A,-9999,-9999,N/A,-9999
573,350.103181,350.1030793517977,350.1027447491891,1093986.6,-9999,526427.5,13.65,-1,0.9557268933004311,0.8472684001527173,0,0.5083610400916304,4,1.75,0.5833333333333334,N3 S1 O7,de-protonated,0,-9999,C12 H21 O7 N3 S1,12,21,7,3,-9999,1,-9999,N/A,-9999,-9999,N/A,-9999
574,350.116258,350.11615636216396,350.11628335743904,2664294,-9999,345255.5,35.85,-1,-0.36272313262306166,0.9764098488312156,0,0.5858459092987294,8,1.2941176470588236,0.29411764705882354,N1 P1 O5,de-protonated,0,-9999,C17 H22 O5 N1 P1,17,22,5,1,1,-9999,-9999,N/A,-9999,-9999,N/A,-9999
574,350.116258,350.11615636216396,350.11621077457914,2664294,-9999,345255.5,35.85,-1,-0.15541244166095664,0.9940841822000428,0.938449898740966,0.971830468816412,13,1,0.05555555555555555,13C1 N4 S1 O1,de-protonated,1,566,C18 H18 O1 N4 S1 13C1,18,18,1,4,-9999,1,1,N/A,-9999,-9999,N/A,-9999
575,350.139513,350.1394113805984,350.1396453615991,1302379.8,-9999,345207,16.6,-1,-0.6682505217269115,0.9221683311675668,0.954914809869505,0.9352669226483422,12,1.0952380952380951,0.09523809523809525,13C1 P1 O2,de-protonated,1,568,C21 H23 O2 P1 13C1,21,23,2,-9999,1,-9999,1,N/A,-9999,-9999,N/A,-9999
575,350.139513,350.1394113805984,350.1391302585391,1302379.8,-9999,345207,16.6,-1,0.8028867241144176,0.8896147821837259,0,0.5337688693102355,3,1.9230769230769231,0.4615384615384616,N3 S1 O6,de-protonated,0,-9999,C13 H25 O6 N3 S1,13,25,6,3,-9999,1,-9999,N/A,-9999,-9999,N/A,-9999
577,351.0427,351.04259909656247,351.04278406293906,2328654.5,-9999,342020.1,31.1,-1,-0.5269055083629275,0.950872311954424,0,0.5705233871726543,14,0.6842105263157895,0.2631578947368421,P1 O5,de-protonated,0,-9999,C19 H13 O5 P1,19,13,5,-9999,1,-9999,-9999,N/A,-9999,-9999,N/A,-9999
579,351.079102,351.07900112541864,351.07916957228906,6411095.5,-9999,379766.3,88.81,-1,-0.47979739334466176,0.9343236873808498,0.9993770415969956,0.960345029067308,13,0.85,0.2,P1 O4,de-protonated,0,-9999,C20 H17 O4 P1,20,17,4,-9999,1,-9999,-9999,N/A,-9999,-9999,N/A,-9999
580,351.108831,351.1087301489851,351.10854114883904,1612639.1,-9999,457296.1,20.98,-1,0.5382954953096265,0.9487813175421052,0,0.5692687905252631,8,1.1764705882352942,0.4705882352941176,O8,de-protonated,0,-9999,C17 H20 O8,17,20,8,-9999,-9999,-9999,-9999,N/A,-9999,-9999,N/A,-9999
580,351.108831,351.1087301489851,351.10865176910914,1612639.1,-9999,457296.1,20.98,-1,0.2232353875746495,0.9925413101308268,0.938449898740966,0.9709047455748824,13,0.9473684210526316,0.05263157894736842,N4 34S1 O1,de-protonated,1,566,C19 H18 O1 N4 34S1,19,18,1,4,-9999,-9999,-9999,N/A,-9999,-9999,N/A,1
581,351.11002,351.10991914992763,351.10987855935906,5396319.5,-9999,353333.9,74.46,-1,0.11560645556430672,0.9983152539886936,0.9908374256184612,0.9953241226406008,13,0.8888888888888888,0.2222222222222222,N4 O4,de-protonated,0,-9999,C18 H16 O4 N4,18,16,4,4,-9999,-9999,-9999,N/A,-9999,-9999,N/A,-9999
582,351.11187,351.1117691513941,351.11191245215906,1043807.9,-9999,450173.6,12.94,-1,-0.4081341585129061,0.9702276530268572,0,0.5821365918161143,3,1.7142857142857142,0.5714285714285714,S1 O8,de-protonated,0,-9999,C14 H24 O8 S1,14,24,8,-9999,-9999,1,-9999,N/A,-9999,-9999,N/A,-9999
582,351.11187,351.1117691513941,351.1115323296391,1043807.9,-9999,450173.6,12.94,-1,0.6744915311298422,0.9207671918575094,0,0.5524603151145057,8,1.3125,0.3125,N2 P1 O5,de-protonated,0,-9999,C16 H21 O5 N2 P1,16,21,5,2,1,-9999,-9999,N/A,-9999,-9999,N/A,-9999
584,351.11559,351.115489154343,351.1155550816391,9766241,-9999,339035.8,136.23,-1,-0.18776523905064796,0.988198390906464,0.9890356987808904,0.9885333140562346,12,1,0.14285714285714285,P1 O3,de-protonated,0,-9999,C21 H21 O3 P1,21,21,3,-9999,1,-9999,-9999,N/A,-9999,-9999,N/A,-9999
584,351.11559,351.115489154343,351.11575178612907,9766241,-9999,339035.8,136.23,-1,-0.7479920361016728,0.8878319496892417,0.9321970882312188,0.9055780051060328,4,1.818181818181818,0.8181818181818182,N4 O9,de-protonated,0,-9999,C11 H20 O9 N4,11,20,9,4,-9999,-9999,-9999,N/A,-9999,-9999,N/A,-9999
585,351.12866,351.1285591647037,351.1285060039691,979172.2,-9999,421164.8,12.03,-1,0.1513996547463856,0.9958494966858908,0,0.5975096980115345,12,1.0526315789473684,0.05263157894736842,N4 S1 O1,de-protonated,0,-9999,C19 H20 O1 N4 S1,19,20,1,4,-9999,1,-9999,N/A,-9999,-9999,N/A,-9999
586,351.141511,351.1414101748908,351.14139316353914,1982055.4,-9999,405827.4,26.2,-1,0.04844587387265463,0.9995742301099066,0,0.599744538065944,7,1.5625,0.0625,N4 S1 P1 O1,de-protonated,0,-9999,C16 H25 O1 N4 P1 S1,16,25,1,4,1,1,-9999,N/A,-9999,-9999,N/A,-9999
588,351.151924,351.15182318314527,351.1519405909891,5921642,-9999,336542.6,81.89,-1,-0.33435054822048743,0.9834766292393884,0.9908819900964976,0.986438773582232,11,1.1363636363636365,0.09090909090909093,P1 O2,de-protonated,0,-9999,C22 H25 O2 P1,22,25,2,-9999,1,-9999,-9999,N/A,-9999,-9999,N/A,-9999
588,351.151924,351.15182318314527,351.15213729547906,5921642,-9999,336542.6,81.89,-1,-0.894519213854435,0.8741064397214688,0.9317864415784765,0.8971784404642718,3,2,0.6666666666666666,N4 O8,de-protonated,0,-9999,C12 H24 O8 N4,12,24,8,4,-9999,-9999,-9999,N/A,-9999,-9999,N/A,-9999
589,351.18824,351.1881392119333,351.1883261003391,2303859.3,-9999,394291.4,30.75,-1,-0.532160074654546,0.949912653896608,0,0.5699475923379648,10,1.2608695652173914,0.04347826086956521,P1 O1,de-protonated,0,-9999,C23 H29 O1 P1,23,29,1,-9999,1,-9999,-9999,N/A,-9999,-9999,N/A,-9999
591,352.08237,352.0822699207178,352.0825244073591,1392726.4,-9999,523566.9,17.87,-1,-0.7228039553967269,0.909557501196136,0.9993770415969956,0.94548531735648,13,0.8947368421052632,0.21052631578947367,13C1 P1 O4,de-protonated,1,579,C19 H17 O4 P1 13C1,19,17,4,-9999,1,-9999,1,N/A,-9999,-9999,N/A,-9999
591,352.08237,352.0822699207178,352.0820093042991,1392726.4,-9999,523566.9,17.87,-1,0.7402150970876891,0.9053632160806578,0,0.5432179296483947,4,1.7272727272727273,0.7272727272727273,N3 S1 O8,de-protonated,0,-9999,C11 H19 O8 N3 S1,11,19,8,3,-9999,1,-9999,N/A,-9999,-9999,N/A,-9999
592,352.113308,352.1132079452426,352.1132333944291,980766.3,-9999,425008.7,12.05,-1,-0.0722755751645467,0.9990526048968056,0.9908374256184612,0.995766533185468,13,0.9411764705882352,0.2352941176470588,13C1 N4 O4,de-protonated,1,581,C17 H16 O4 N4 13C1,17,16,4,4,-9999,-9999,1,N/A,-9999,-9999,N/A,-9999
593,352.118901,352.1188009496762,352.11890991670913,2059103.6,-9999,439119.5,27.29,-1,-0.30946089477290795,0.9827734797014815,0.9890356987808904,0.9852783673332453,12,1.05,0.15,13C1 P1 O3,de-protonated,1,584,C20 H21 O3 P1 13C1,20,21,3,-9999,1,-9999,1,N/A,-9999,-9999,N/A,-9999
593,352.118901,352.1188009496762,352.11904626232905,2059103.6,-9999,439119.5,27.29,-1,-0.6966753302745595,0.915699246087486,0,0.5494195476524917,12,0.95,0.25,N1 O5,de-protonated,0,-9999,C20 H19 O5 N1,20,19,5,1,-9999,-9999,-9999,N/A,-9999,-9999,N/A,-9999
593,352.118901,352.1188009496762,352.1191066211991,2059103.6,-9999,439119.5,27.29,-1,-0.8680912712007158,0.8721999799933412,0.9321970882312188,0.8961988232884923,4,2,0.9,13C1 N4 O9,de-protonated,1,584,C10 H20 O9 N4 13C1,10,20,9,4,-9999,-9999,1,N/A,-9999,-9999,N/A,-9999
594,352.155301,352.1552009785308,352.1552954260591,1327209,-9999,421349.2,16.94,-1,-0.26819851800370076,0.9870331191302492,0.9908819900964976,0.9885726675167484,11,1.1904761904761905,0.09523809523809525,13C1 P1 O2,de-protonated,1,588,C21 H25 O2 P1 13C1,21,25,2,-9999,1,-9999,1,N/A,-9999,-9999,N/A,-9999
594,352.155301,352.1552009785308,352.15543177167905,1327209,-9999,421349.2,16.94,-1,-0.6553729615948252,0.9250248286675964,0,0.5550148972005579,11,1.0952380952380951,0.1904761904761905,N1 O4,de-protonated,0,-9999,C21 H23 O4 N1,21,23,4,1,-9999,-9999,-9999,N/A,-9999,-9999,N/A,-9999
594,352.155301,352.1552009785308,352.1554921305491,1327209,-9999,421349.2,16.94,-1,-0.8267711985138132,0.8833539042921043,0.9317864415784765,0.9027269192066532,3,2.1818181818181817,0.7272727272727273,13C1 N4 O8,de-protonated,1,588,C11 H24 O8 N4 13C1,11,24,8,4,-9999,-9999,1,N/A,-9999,-9999,N/A,-9999
596,353.058456,353.05835669446947,353.05843412739904,4510033,-9999,388187,61.93,-1,-0.2193204356204537,0.49565501620140984,0.8295321147073604,0.62920585560379,13,0.7894736842105263,0.2631578947368421,P1 O5,de-protonated,0,-9999,C19 H15 O5 P1,19,15,5,-9999,1,-9999,-9999,N/A,-9999,-9999,N/A,-9999
598,353.094881,353.0947817233439,353.09481963674904,9846618,-9999,357144.6,137.36,-1,-0.10737457204940404,0.994906626248877,0.993324239338334,0.9942736714846598,12,0.95,0.2,P1 O4,de-protonated,0,-9999,C20 H19 O4 P1,20,19,4,-9999,1,-9999,-9999,N/A,-9999,-9999,N/A,-9999
599,353.127576,353.1274767492615,353.1275625166191,1066082.6,-9999,498608.2,13.25,-1,-0.2428792501041719,0.9893533630401552,0,0.593612017824093,2,1.8571428571428572,0.5714285714285714,S1 O8,de-protonated,0,-9999,C14 H26 O8 S1,14,26,8,-9999,-9999,1,-9999,N/A,-9999,-9999,N/A,-9999
599,353.127576,353.1274767492615,353.12718239409907,1066082.6,-9999,498608.2,13.25,-1,0.83356698982200506,0.8815472267216524,0,0.5289283360329914,7,1.4375,0.3125,N2 P1 O5,de-protonated,0,-9999,C16 H23 O5 N2 P1,16,23,5,2,1,-9999,-9999,N/A,-9999,-9999,N/A,-9999
601,353.131195,353.1310957521303,353.13120514609903,11944804,-9999,395769.2,167.02,-1,-0.30978278649359503,0.9845483122175728,0.9607453575533847,0.9750271303518976,11,1.0952380952380951,0.14285714285714285,P1 O3,de-protonated,0,-9999,C21 H23 O3 P1,21,23,3,-9999,1,-9999,-9999,N/A,-9999,-9999,N/A,-9999
601,353.131195,353.1310957521303,353.13140185058904,11944804,-9999,395769.2,167.02,-1,-0.866811779219583,0.8774466826268337,0.9604874294587245,0.91066298135959,3,2,0.8181818181818182,N4 O9,de-protonated,0,-9999,C11 H22 O9 N4,11,22,9,4,-9999,-9999,-9999,N/A,-9999,-9999,N/A,-9999
602,353.144164,353.14406476241095,353.1441560684291,1084774.9,-9999,458431.8,13.51,-1,-0.25855168934745504,0.9879436088873084,0,0.5927661653323849,11,1.1578947368421053,0.05263157894736842,N4 S1 O1,de-protonated,0,-9999,C19 H22 O1 N4 S1,19,22,1,4,-9999,1,-9999,N/A,-9999,-9999,N/A,-9999
604,353.16754,353.1674407809413,353.1675906554491,4654445,-9999,428535.7,63.97,-1,-0.4243722010039344,0.4839253620817956,0.8077896627745539,0.6134710823588989,10,1.2272727272727273,0.09090909090909093,P1 O2,de-protonated,0,-9999,C22 H27 O2 P1,22,27,2,-9999,1,-9999,-9999,N/A,-9999,-9999,N/A,-9999
604,353.16754,353.1674407809413,353.16778735993904,4654445,-9999,428535.7,63.97,-1,-0.9813437412060936,0.8396740204851474,0,0.5038044122910884,2,2.1666666666666665,0.6666666666666666,N4 O8,de-protonated,0,-9999,C12 H26 O8 N4,12,26,8,4,-9999,-9999,-9999,N/A,-9999,-9999,N/A,-9999
606,353.207426,353.2073268125593,353.2073474681191,5824887,-9999,353531.9,80.51,-1,-0.05847998337636867,0.9772209637455104,0.9748199396481024,0.976260554106547,4,1.75,0.05,S1 P1 O1,de-protonated,0,-9999,C20 H35 O1 P1 S1,20,35,1,-9999,1,1,-9999,N/A,-9999,-9999,N/A,-9999
607,353.222781,353.22268182473135,353.2228003138991,1086587.3,-9999,427997,13.54,-1,-0.33545164023190754,0.979789014310518,0,0.5878734085863108,0,2.4285714285714284,0.2857142857142857,N4 S1 O4,de-protonated,0,-9999,C14 H34 O4 N4 S1,14,34,4,4,-9999,1,-9999,N/A,-9999,-9999,N/A,-9999
608,354.098198,354.0980995186819,354.09817447181905,2033502.4,-9999,415114,26.92,-1,-0.211673322636012,0.9919030419481584,0.993324239338334,0.9924715209042284,12,1,0.21052631578947367,13C1 P1 O4,de-protonated,1,598,C19 H19 O4 P1 13C1,19,19,4,-9999,1,-9999,1,N/A,-9999,-9999,N/A,-9999
608,354.098198,354.0980995186819,354.0983108174391,2033502.4,-9999,415114,26.92,-1,-0.5967234259807205,0.9374329543713108,0,0.5624597726227865,12,0.8947368421052632,0.3157894736842105,N1 O6,de-protonated,0,-9999,C19 H17 O6 N1,19,17,6,1,-9999,-9999,-9999,N/A,-9999,-9999,N/A,-9999
609,354.134561,354.13446254750716,354.1345599811691,2039399.9,-9999,427141.7,27,-1,-0.27513175205050383,0.9863586891013784,0.9607453575533847,0.9761133564821808,11,1.15,0.15,13C1 P1 O3,de-protonated,1,601,C20 H23 O3 P1 13C1,20,23,3,-9999,1,-9999,1,N/A,-9999,-9999,N/A,-9999
609,354.134561,354.13446254750716,354.1346963267891,2039399.9,-9999,427141.7,27,-1,-0.6601422688949253,0.9239723550405704,0,0.5543834130243421,11,1.05,0.25,N1 O5,de-protonated,0,-9999,C20 H21 O5 N1,20,21,5,1,-9999,-9999,-9999,N/A,-9999,-9999,N/A,-9999
609,354.134561,354.13446254750716,354.1347566856591,2039399.9,-9999,427141.7,27,-1,-0.830582557641339,0.8823420108377628,0.9604874294587245,0.9136001782861476,3,2.2,0.9,13C1 N4 O9,de-protonated,1,601,C10 H22 O9 N4 13C1,10,22,9,4,-9999,-9999,1,N/A,-9999,-9999,N/A,-9999
610,354.210979,354.2108806080844,354.2107023031891,1049467.9,-9999,403485.9,13.01,-1,0.5033865269967929,0.9550622728937912,0.9748199396481024,0.9629653395955156,4,1.8421052631578947,0.05263157894736842,13C1 S1 P1 O1,de-protonated,1,606,C19 H35 O1 P1 S1 13C1,19,35,1,-9999,1,1,1,N/A,-9999,-9999,N/A,-9999
610,354.210979,354.2108806080844,354.2108386488091,1049467.9,-9999,403485.9,13.01,-1,0.11845847360071944,0.9974570763675696,0,0.5984742458205418,4,1.736842105263158,0.15789473684210523,N1 S1 O3,de-protonated,0,-9999,C19 H33 O3 N1 S1,19,33,3,1,-9999,1,-9999,N/A,-9999,-9999,N/A,-9999
611,355.037673,355.0375752634118,355.0376986825091,1275476.5,-9999,376162.9,16.2,-1,-0.3476225137507604,0.9783121232149676,0,0.5869872739289806,13,0.7222222222222222,0.3333333333333333,P1 O6,de-protonated,0,-9999,C18 H13 O6 P1,18,13,6,-9999,1,-9999,-9999,N/A,-9999,-9999,N/A,-9999
613,355.074167,355.0740692923409,355.0740841918591,6258526,-9999,372066,86.64,-1,-0.04196171687826749,0.4998402793915449,0.8295321147073605,0.6317170135178711,12,0.8947368421052632,0.2631578947368421,P1 O5,de-protonated,0,-9999,C19 H17 O5 P1,19,17,5,-9999,1,-9999,-9999,N/A,-9999,-9999,N/A,-9999
614,355.110559,355.1104613211892,355.11046970120907,11299176,-9999,412269.3,157.88,-1,-0.02359834645055664,0.9999447168112092,0.9604983869146748,0.9841661848525952,11,1.05,0.2,P1 O4,de-protonated,0,-9999,C20 H21 O4 P1,20,21,4,-9999,1,-9999,-9999,N/A,-9999,-9999,N/A,-9999
616,355.146902,355.14680434999855,355.14685521055907,6479217.5,-9999,385661,89.75,-1,-0.1432099419558443,0.996350733778898,0.9876120984826652,0.9928552796604048,10,1.1904761904761905,0.14285714285714285,P1 O3,de-protonated,0,-9999,C21 H25 O3 P1,21,25,3,-9999,1,-9999,-9999,N/A,-9999,-9999,N/A,-9999
616,355.146902,355.14680434999855,355.1470519150491,6479217.5,-9999,385661,89.75,-1,-0.6970775885481288,0.9426641822811987,0.9336206885294442,0.939046784780497,2,2.1818181818181817,0.8181818181818182,N4 O9,de-protonated,0,-9999,C11 H24 O9 N4,11,24,9,4,-9999,-9999,-9999,N/A,-9999,-9999,N/A,-9999
617,355.159931,355.15983336032673,355.1598061328891,1228660.8,-9999,429502.2,15.54,-1,0.076662497114825,0.9989341693478632,0,0.5993605016087179,10,1.263157894736842,0.05263157894736842,N4 S1 O1,de-protonated,0,-9999,C19 H24 O1 N4 S1,19,24,1,4,-9999,1,-9999,N/A,-9999,-9999,N/A,-9999
618,355.183153,355.183055378735,355.1832407199091,1670010.9,-9999,364493.8,21.78,-1,-0.5218184668712537,0.951793212487264,0,0.5710759274923584,9,1.318181818181818,0.09090909090909093,P1 O2,de-protonated,0,-9999,C22 H29 O2 P1,22,29,2,-9999,1,-9999,-9999,N/A,-9999,-9999,N/A,-9999
620,356.113924,356.1138271165652,356.1138245362791,1814129.4,-9999,396248.3,23.3,-1,0.00724567796994243,0.9999904740166956,0.9604983869146748,0.9841936391758872,11,1.105263157894737,0.21052631578947367,13C1 P1 O4,de-protonated,1,614,C19 H21 O4 P1 13C1,19,21,4,-9999,1,-9999,1,N/A,-9999,-9999,N/A,-9999
620,356.113924,356.1138271165652,356.11396088189906,1814129.4,-9999,396248.3,23.3,-1,-0.3756250767418125,0.974723578975478,0,0.5848341473852868,11,1,0.3157894736842105,N1 O6,de-protonated,0,-9999,C19 H19 O6 N1,19,19,6,1,-9999,-9999,-9999,N/A,-9999,-9999,N/A,-9999
621,356.150357,356.1502601454459,356.15021004562914,1352571.1,-9999,442187.8,16.91,-1,0.1406704680599031,0.9964158989070566,0.9876120984826652,0.9928943787373,10,1.25,0.15,13C1 P1 O3,de-protonated,1,616,C20 H25 O3 P1 13C1,20,25,3,-9999,1,-9999,1,N/A,-9999,-9999,N/A,-9999
621,356.150357,356.1502601454459,356.15034639124906,1352571.1,-9999,442187.8,16.91,-1,-0.24216122221593567,0.9894158858195192,0,0.5936495314917116,10,1.15,0.25,N1 O5,de-protonated,0,-9999,C20 H23 O5 N1,20,23,5,1,-9999,-9999,-9999,N/A,-9999,-9999,N/A,-9999
621,356.150357,356.1502601454459,356.1504067501191,1352571.1,-9999,442187.8,16.91,-1,-0.4116369669280767,0.9697222668686238,0.9336206885294442,0.955281635532952,2,2.4,0.9,13C1 N4 O9,de-protonated,1,616,C10 H24 O9 N4 13C1,10,24,9,4,-9999,-9999,1,N/A,-9999,-9999,N/A,-9999
625,357.053238,357.05314186116743,357.05334874696905,2453356.5,-9999,406835.1,32.13,-1,-0.5794254621707263,0.940899949186705,0,0.564539969512023,12,0.8333333333333334,0.3333333333333333,P1 O6,de-protonated,0,-9999,C18 H15 O6 P1,18,15,6,-9999,1,-9999,-9999,N/A,-9999,-9999,N/A,-9999
626,357.068421,357.0683248732031,357.06860488825913,1181424.5,-9999,418840,14.54,-1,-0.7842051981084335,0.8944136522059594,0,0.5366481913235756,16,0.6818181818181818,0.13636363636363635,P1 O3,de-protonated,0,-9999,C22 H15 O3 P1,22,15,3,-9999,1,-9999,-9999,N/A,-9999,-9999,N/A,-9999
626,357.068421,357.0683248732031,357.0683335620991,1181424.5,-9999,418840,14.54,-1,-0.02433398648380641,0.9998925622208656,0,0.5999355373325194,2,1.8333333333333333,0.6666666666666666,S2 O8,de-protonated,0,-9999,C12 H22 O8 S2,12,22,8,-9999,-9999,2,-9999,N/A,-9999,-9999,N/A,-9999
627,357.081807,357.0817108838143,357.0815558105891,1097076.1,-9999,461922.8,13.38,-1,0.4342795718897605,0.9663579209591332,0,0.5798147525754799,16,0.7,0.05,N4 S1 O1,de-protonated,0,-9999,C20 H14 O1 N4 S1,20,14,1,4,-9999,1,-9999,N/A,-9999,-9999,N/A,-9999
629,357.089858,357.08976189019637,357.08973425631905,6042998.5,-9999,376478.2,81.78,-1,0.07738636726941267,0.998803302343408,0.9908524690940794,0.9956229690436764,11,1,0.2631578947368421,P1 O5,de-protonated,0,-9999,C19 H19 O5 P1,19,19,5,-9999,1,-9999,-9999,N/A,-9999,-9999,N/A,-9999
630,357.104979,357.10488290218296,357.1049903976091,1520762.4,-9999,395437.8,19.24,-1,-0.3010191092188858,0.9836929042319238,0,0.5902157425391542,15,0.8260869565217391,0.08695652173913043,P1 O2,de-protonated,0,-9999,C23 H19 O2 P1,23,19,2,-9999,1,-9999,-9999,N/A,-9999,-9999,N/A,-9999
630,357.104979,357.10488290218296,357.1047190714491,1520762.4,-9999,395437.8,19.24,-1,0.4587750458578351,0.9625297258710124,0,0.5775178355226074,1,2,0.5384615384615384,S2 O7,de-protonated,0,-9999,C13 H26 O7 S2,13,26,7,-9999,-9999,2,-9999,N/A,-9999,-9999,N/A,-9999
630,357.104979,357.10488290218296,357.1051871020991,1520762.4,-9999,395437.8,19.24,-1,-0.8518496149106586,0.8766321341633929,0,0.5259792804980358,7,1.3846153846153846,0.6153846153846154,N4 O8,de-protonated,0,-9999,C13 H18 O8 N4,13,18,8,4,-9999,-9999,-9999,N/A,-9999,-9999,N/A,-9999
631,357.118191,357.1180949126562,357.11807426166905,1562493.9,-9999,526850.6,19.81,-1,0.0578267767485551,0.9993934312231544,0,0.5996360587338926,2,2.3,0.8,N4 P1 O8,de-protonated,0,-9999,C10 H23 O8 N4 P1,10,23,8,4,1,-9999,-9999,N/A,-9999,-9999,N/A,-9999
633,357.126231,357.1261349190296,357.12611976566905,6344576,-9999,414210.6,85.95,-1,0.0424313980738802,0.4998366844344875,0.8221557383861046,0.6287643060151343,10,1.15,0.2,P1 O4,de-protonated,0,-9999,C20 H23 O4 P1,20,23,4,-9999,1,-9999,-9999,N/A,-9999,-9999,N/A,-9999
634,357.14126,357.1411639309432,357.14137590695907,1110660.1,-9999,320304.5,13.56,-1,-0.5935353060781036,0.9380786377263656,0,0.5628471826358193,14,0.9583333333333334,0.04166666666666666,P1 O1,de-protonated,0,-9999,C24 H23 O1 P1,24,23,1,-9999,1,-9999,-9999,N/A,-9999,-9999,N/A,-9999
634,357.14126,357.1411639309432,357.1411045807991,1110660.1,-9999,320304.5,13.56,-1,0.16618121899670915,0.9950016109636955,0,0.5970009665782173,0,2.142857142857143,0.42857142857142855,S2 O6,de-protonated,0,-9999,C14 H30 O6 S2,14,30,6,-9999,-9999,2,-9999,N/A,-9999,-9999,N/A,-9999
635,357.154314,357.1542179412912,357.15445977101905,1129351.6,-9999,456274.1,13.82,-1,-0.6771012406841255,0.9201780732637816,0,0.5521068439582689,1,2.4545454545454546,0.6363636363636364,N4 P1 O7,de-protonated,0,-9999,C11 H27 O7 N4 P1,11,27,7,4,1,-9999,-9999,N/A,-9999,-9999,N/A,-9999
636,357.162532,357.1624359478057,357.1625052750191,2438537.8,-9999,369032.6,31.93,-1,-0.19410551883778007,0.993186881725308,0,0.5959121290351848,9,1.2857142857142858,0.14285714285714285,P1 O3,de-protonated,0,-9999,C21 H27 O3 P1,21,27,3,-9999,1,-9999,-9999,N/A,-9999,-9999,N/A,-9999
636,357.162532,357.1624359478057,357.1627019795091,2438537.8,-9999,369032.6,31.93,-1,-0.7448473816828899,0.9042338217280969,0,0.5425402930368581,1,2.363636363636364,0.8181818181818182,N4 O9,de-protonated,0,-9999,C11 H26 O9 N4,11,26,9,4,-9999,-9999,-9999,N/A,-9999,-9999,N/A,-9999
639,358.093154,358.09305868551775,358.0930890913891,1162373.1,-9999,554357.6,14.28,-1,-0.08491052270257883,0.9986926471614428,0.9908524690940794,0.9955565759344974,11,1.0555555555555556,0.2777777777777778,13C1 P1 O5,de-protonated,1,629,C18 H19 O5 P1 13C1,18,19,5,-9999,1,-9999,1,N/A,-9999,-9999,N/A,-9999
639,358.093154,358.09305868551775,358.0932254370091,1162373.1,-9999,554357.6,14.28,-1,-0.4656650266023875,0.9614179587811984,0,0.576850775268719,11,0.9444444444444444,0.3888888888888889,N1 O7,de-protonated,0,-9999,C18 H17 O7 N1,18,17,7,1,-9999,-9999,-9999,N/A,-9999,-9999,N/A,-9999
644,359.048134,359.04803944253854,359.04786944336905,1680009.3,-9999,432781.8,21.43,-1,0.4734721577651886,0.9601397620126236,0,0.5760838572075743,16,0.6190476190476191,0.1904761904761905,P1 O4,de-protonated,0,-9999,C21 H13 O4 P1,21,13,4,-9999,1,-9999,-9999,N/A,-9999,-9999,N/A,-9999
644,359.048134,359.04803944253854,359.04806614785906,1680009.3,-9999,432781.8,21.43,-1,-0.07437812103706364,0.9989967104671832,0,0.5993980262803099,8,1.0909090909090908,0.9090909090909092,N4 O10,de-protonated,0,-9999,C11 H12 O10 N4,11,12,10,4,-9999,-9999,-9999,N/A,-9999,-9999,N/A,-9999
645,359.06912,359.0690254591743,359.0689988114291,1923726.9,-9999,344665.2,24.8,-1,0.07421343901143898,0.9990011461368224,0,0.5994006876820934,11,0.9444444444444444,0.3333333333333333,P1 O6,de-protonated,0,-9999,C18 H17 O6 P1,18,17,6,-9999,1,-9999,-9999,N/A,-9999,-9999,N/A,-9999
646,359.078448,359.07835346656867,359.07811039978907,1315729.5,-9999,650260,16.39,-1,0.6769189559696943,0.9202192840431688,0,0.5521315704259013,10,1.0526315789473684,0.15789473684210523,S2 O3,de-protonated,0,-9999,C19 H20 O3 S2,19,20,3,-9999,-9999,2,-9999,N/A,-9999,-9999,N/A,-9999
646,359.078448,359.07835346656867,359.07857843043905,1315729.5,-9999,650260,16.39,-1,-0.6265031775593917,0.93125723510963,0,0.5587543410657779,16,0.631578947368421,0.21052631578947367,N4 O4,de-protonated,0,-9999,C19 H12 O4 N4,19,12,4,4,-9999,-9999,-9999,N/A,-9999,-9999,N/A,-9999
647,359.080958,359.08086346855845,359.0806123232391,5883282,-9999,639851.3,79.56,-1,0.699412083861416,0.4575323198348163,0.8604105061749867,0.6186835943708844,6,1.3333333333333333,0.5333333333333333,S1 O8,de-protonated,0,-9999,C15 H20 O8 S1,15,20,8,-9999,-9999,1,-9999,N/A,-9999,-9999,N/A,-9999
648,359.082109,359.08201446947083,359.0819497337591,18144658,-9999,412199.3,249.14,-1,0.18028116369541955,0.9586403066866862,0.9333449574902524,0.9485221670081126,11,1,0.25,N4 S1 O4,de-protonated,0,-9999,C16 H16 O4 N4 S1,16,16,4,4,-9999,1,-9999,N/A,-9999,-9999,N/A,-9999
649,359.084524,359.0844294713852,359.08425495271905,2019475.1,-9999,333205.3,26.13,-1,0.4860103547713472,0.9580461966672276,0,0.5748277180003365,15,0.7727272727272727,0.13636363636363635,P1 O3,de-protonated,0,-9999,C22 H17 O3 P1,22,17,3,-9999,1,-9999,-9999,N/A,-9999,-9999,N/A,-9999
649,359.084524,359.0844294713852,359.08445165720906,2019475.1,-9999,333205.3,26.13,-1,-0.06178441802102304,0.9993075931575048,0,0.5995845558945029,7,1.3333333333333333,0.75,N4 O9,de-protonated,0,-9999,C12 H16 O9 N4,12,16,9,4,-9999,-9999,-9999,N/A,-9999,-9999,N/A,-9999
650,359.085175,359.0850804719013,359.08532103707904,1047955.3,-9999,571581.3,12.69,-1,-0.6699387685004355,0.9217903862595372,0,0.5530742317557223,6,1.5384615384615383,0.3076923076923077,N4 S2 O4,de-protonated,0,-9999,C13 H20 O4 N4 S2,13,20,4,4,-9999,2,-9999,N/A,-9999,-9999,N/A,-9999
651,359.097395,359.09730048158815,359.0972058750491,2160022.8,-9999,404981.3,28.07,-1,0.2634566281858518,0.9874847320627708,0,0.5924908392376624,15,0.8,0.05,N4 S1 O1,de-protonated,0,-9999,C20 H16 O1 N4 S1,20,16,1,4,-9999,1,-9999,N/A,-9999,-9999,N/A,-9999
653,359.105462,359.10536748798296,359.1053843207791,3061912.8,-9999,394824,40.54,-1,-0.04687425155811291,0.9996014012319758,0,0.5997608407391855,10,1.105263157894737,0.2631578947368421,P1 O5,de-protonated,0,-9999,C19 H21 O5 P1,19,21,5,-9999,1,-9999,-9999,N/A,-9999,-9999,N/A,-9999
654,359.120745,359.1206505000979,359.1206404620691,2658717,-9999,311929,34.97,-1,0.02795168993207654,0.9998582447393902,0,0.5999149468436341,14,0.9130434782608696,0.08695652173913043,P1 O2,de-protonated,0,-9999,C23 H21 O2 P1,23,21,2,-9999,1,-9999,-9999,N/A,-9999,-9999,N/A,-9999
654,359.120745,359.1206505000979,359.1203691359091,2658717,-9999,311929,34.97,-1,0.7834815649677784,0.8945977780225914,0,0.5367586668135549,0,2.1538461538461537,0.5384615384615384,S2 O7,de-protonated,0,-9999,C13 H28 O7 S2,13,28,7,-9999,-9999,2,-9999,N/A,-9999,-9999,N/A,-9999
654,359.120745,359.1206505000979,359.12083716655906,2658717,-9999,311929,34.97,-1,-0.5197873301754181,0.9521586577476772,0,0.5712951946486062,6,1.5384615384615383,0.6153846153846154,N4 O8,de-protonated,0,-9999,C13 H20 O8 N4,13,20,8,4,-9999,-9999,-9999,N/A,-9999,-9999,N/A,-9999
655,359.133707,359.13361251037304,359.1337243261291,1425568.6,-9999,421531,17.91,-1,-0.311348526937972,0.9825645324063754,0,0.5895387194438252,1,2.5,0.8,N4 P1 O8,de-protonated,0,-9999,C10 H25 O8 N4 P1,10,25,8,4,1,-9999,-9999,N/A,-9999,-9999,N/A,-9999
656,359.141867,359.1417725168415,359.1417698301291,2128034.8,-9999,470274.5,27.63,-1,0.00748092441606727,0.9999898454155226,0,0.5999939072493136,9,1.25,0.2,P1 O4,de-protonated,0,-9999,C20 H25 O4 P1,20,25,4,-9999,1,-9999,-9999,N/A,-9999,-9999,N/A,-9999
657,359.157096,359.15700152891367,359.1570259714191,1935015,-9999,390645.7,24.96,-1,-0.068055206127884807,0.9991599714204156,0,0.5994959828522494,13,1.0416666666666667,0.04166666666666666,P1 O1,de-protonated,0,-9999,C24 H25 O1 P1,24,25,1,-9999,1,-9999,-9999,N/A,-9999,-9999,N/A,-9999
657,359.157096,359.15700152891367,359.15722267590905,1935015,-9999,390645.7,24.96,-1,-0.615738683294947,0.9335195354493148,0,0.5601117212695889,5,1.7142857142857142,0.5,N4 O7,de-protonated,0,-9999,C14 H24 O7 N4,14,24,7,4,-9999,-9999,-9999,N/A,-9999,-9999,N/A,-9999
658,360.085445,360.0853512648238,360.0853771516891,1991846.3,-9999,375671.8,25.74,-1,-0.07189090953476969,0.999062657813001,0,0.5994375946878006,6,1.4285714285714286,0.5714285714285714,N1 P1 O8,de-protonated,0,-9999,C14 H20 O8 N1 P1,14,20,8,1,1,-9999,-9999,N/A,-9999,-9999,N/A,-9999
658,360.085445,360.0853512648238,360.08530456882903,1991846.3,-9999,375671.8,25.74,-1,0.1296803679701216,0.9595847038427596,0.9333449574902524,0.9490888053017568,11,1.0666666666666669,0.26666666666666666,13C1 N4 S1 O4,de-protonated,1,648,C15 H16 O4 N4 S1 13C1,15,16,4,4,-9999,1,1,N/A,-9999,-9999,N/A,-9999
660,361.063547,361.0634540401737,361.0635195078291,2758837.5,-9999,347797.7,36.34,-1,-0.18131894202466736,0.994052349327156,0,0.5964314095962936,15,0.7142857142857143,0.1904761904761905,P1 O4,de-protonated,0,-9999,C21 H15 O4 P1,21,15,4,-9999,1,-9999,-9999,N/A,-9999,-9999,N/A,-9999
660,361.063547,361.0634540401737,361.06324818166905,2758837.5,-9999,347797.7,36.34,-1,0.5701452742915658,0.942723047753112,0,0.5656338286518671,1,2,0.8181818181818182,S2 O9,de-protonated,0,-9999,C11 H22 O9 S2,11,22,9,-9999,-9999,2,-9999,N/A,-9999,-9999,N/A,-9999
660,361.063547,361.0634540401737,361.0637162123191,2758837.5,-9999,347797.7,36.34,-1,-0.7261104719121376,0.9087671708279648,0,0.5452603024967788,7,1.2727272727272727,0.9090909090909092,N4 O10,de-protonated,0,-9999,C11 H14 O10 N4,11,14,10,4,-9999,-9999,-9999,N/A,-9999,-9999,N/A,-9999
661,361.075554,361.07546104969174,361.0751330196391,1447608.9,-9999,404149.8,18.21,-1,0.9084814284639482,0.8609175088754947,0,0.5165505053252968,10,1,0.3333333333333333,S1 O6,de-protonated,0,-9999,C18 H18 O6 S1,18,18,6,-9999,-9999,1,-9999,N/A,-9999,-9999,N/A,-9999
662,361.076487,361.0763940504313,361.07647043015913,1170233.1,-9999,333459.1,14.37,-1,-0.21153338443404152,0.9919137008930092,0,0.5951482205358056,15,0.7368421052631579,0.10526315789473684,N4 S1 O2,de-protonated,0,-9999,C19 H14 O2 N4 S1,19,14,2,4,-9999,1,-9999,N/A,-9999,-9999,N/A,-9999
663,361.076878,361.0767850507413,361.07647043015913,1200889.3,-9999,357856.2,14.8,-1,0.8713405827822558,0.8713059625263168,0,0.5227835775157901,15,0.7368421052631579,0.10526315789473684,N4 S1 O2,de-protonated,0,-9999,C19 H14 O2 N4 S1,19,14,2,4,-9999,1,-9999,N/A,-9999,-9999,N/A,-9999
664,361.078135,361.0780420517377,361.07812420043905,2322105.8,-9999,483305.7,30.3,-1,-0.22750949397991416,0.9906520786233104,0,0.5943912471739862,10,1.1176470588235294,0.17647058823529413,N2 S1 P1 O3,de-protonated,0,-9999,C17 H19 O3 N2 P1 S1,17,19,3,2,1,1,-9999,N/A,-9999,-9999,N/A,-9999
664,361.078135,361.0780420517377,361.07774556335903,2322105.8,-9999,483305.7,30.3,-1,0.8211206100001057,0.9222161789938852,0.9333449574902524,0.926667690392432,11,1,0.25,N4 34S1 O4,de-protonated,1,648,C16 H16 O4 N4 34S1,16,16,4,4,-9999,-9999,-9999,N/A,-9999,-9999,N/A,1
665,361.079117,361.07902405251616,361.0787756491191,5051322,-9999,324977.9,68.05,-1,0.687947932152003,0.45885463057607634,0.787157861234881,0.5901759228395982,19,0.6,0.04,P1 O1,de-protonated,0,-9999,C25 H15 O1 P1,25,15,1,-9999,1,-9999,-9999,N/A,-9999,-9999,N/A,-9999
665,361.079117,361.07902405251616,361.07897235360906,5051322,-9999,324977.9,68.05,-1,0.14317894715172672,0.4981435866554649,0.8604105061749866,0.6430503544632735,11,0.9333333333333332,0.4666666666666667,N4 O7,de-protonated,0,-9999,C15 H14 O7 N4,15,14,7,4,-9999,-9999,-9999,N/A,-9999,-9999,N/A,-9999
666,361.099012,361.0989190682871,361.0992535684991,1719999.5,-9999,442725.3,21.98,-1,-0.92633869683083,0.8558144150050683,0,0.5134886490030409,5,1.6428571428571428,0.35714285714285715,N2 S1 P1 O5,de-protonated,0,-9999,C14 H23 O5 N2 P1 S1,14,23,5,2,1,1,-9999,N/A,-9999,-9999,N/A,-9999
667,361.099987,361.09989406906,361.0999050171791,4147135.8,-9999,344675.5,55.54,-1,-0.03031880913122754,0.4999166103996619,0.8077896627745538,0.6230658313496187,14,0.8636363636363636,0.13636363636363635,P1 O3,de-protonated,0,-9999,C22 H19 O3 P1,22,19,3,-9999,1,-9999,-9999,N/A,-9999,-9999,N/A,-9999
667,361.099987,361.09989406906,361.09963369101905,4147135.8,-9999,344675.5,55.54,-1,0.7210698007998546,0.9099708338175851,0,0.5459825002905511,0,2.1666666666666665,0.6666666666666666,S2 O8,de-protonated,0,-9999,C12 H26 O8 S2,12,26,8,-9999,-9999,2,-9999,N/A,-9999,-9999,N/A,-9999
667,361.099987,361.09989406906,361.1001017216691,4147135.8,-9999,344675.5,55.54,-1,-0.5750555264755663,0.9417616527703708,0,0.5650569916622225,6,1.5,0.75,N4 O9,de-protonated,0,-9999,C12 H18 O9 N4,12,18,9,4,-9999,-9999,-9999,N/A,-9999,-9999,N/A,-9999
668,361.113142,361.11304907948806,361.11285593950913,1935299.4,-9999,412076.5,24.95,-1,0.5348465881401087,0.9494187064802664,0,0.5696512238881597,14,0.9,0.05,N4 S1 O1,de-protonated,0,-9999,C20 H18 O1 N4 S1,20,18,1,4,-9999,1,-9999,N/A,-9999,-9999,N/A,-9999
669,361.121274,361.1211810859344,361.12103438523906,1054213.6,-9999,366998.8,12.77,-1,0.4062369161946904,0.9704996934853076,0,0.5822998160911845,9,1.2105263157894737,0.2631578947368421,P1 O5,de-protonated,0,-9999,C19 H23 O5 P1,19,23,5,-9999,1,-9999,-9999,N/A,-9999,-9999,N/A,-9999
670,361.135401,361.13530809713296,361.1356390778491,1461961.6,-9999,423956.5,18.41,-1,-0.9164997311249392,0.8586346463403502,0,0.5151807878042102,4,1.8,0.26666666666666666,N2 S1 P1 O4,de-protonated,0,-9999,C15 H27 O4 N2 P1 S1,15,27,4,2,1,1,-9999,N/A,-9999,-9999,N/A,-9999
671,361.136502,361.13640909800574,361.1362905265291,4737994,-9999,375042.5,63.72,-1,0.3283288879364082,0.49031495782386375,0.8007932653391622,0.6145062808299832,13,1,0.08695652173913043,P1 O2,de-protonated,0,-9999,C23 H23 O2 P1,23,23,2,-9999,1,-9999,-9999,N/A,-9999,-9999,N/A,-9999
671,361.136502,361.13640909800574,361.1364872310191,4737994,-9999,375042.5,63.72,-1,-0.2163531410116921,0.991542593011692,0,0.5949255558070151,5,1.6923076923076923,0.6153846153846154,N4 O8,de-protonated,0,-9999,C13 H22 O8 N4,13,22,8,4,-9999,-9999,-9999,N/A,-9999,-9999,N/A,-9999
673,361.171764,361.17167112595826,361.17202458719913,1042387.7,-9999,408407.4,12.6,-1,-0.9786506617755992,0.840478614005328,0,0.5042871684031968,3,1.9375,0.1875,N2 S1 P1 O3,de-protonated,0,-9999,C16 H31 O3 N2 P1 S1,16,31,3,2,1,1,-9999,N/A,-9999,-9999,N/A,-9999
674,361.172796,361.1727031267763,361.1726760358791,2496212,-9999,379103.3,32.71,-1,0.07500815819483285,0.9989796499947988,0,0.5993877899968794,12,1.125,0.04166666666666666,P1 O1,de-protonated,0,-9999,C24 H27 O1 P1,24,27,1,-9999,1,-9999,-9999,N/A,-9999,-9999,N/A,-9999
674,361.172796,361.1727031267763,361.1728727403691,2496212,-9999,379103.3,32.71,-1,-0.46961886008142134,0.9607730739081152,0,0.576463844344869,4,1.8571428571428572,0.5,N4 O7,de-protonated,0,-9999,C14 H26 O7 N4,14,26,7,4,-9999,-9999,-9999,N/A,-9999,-9999,N/A,-9999
675,362.152876,362.1527839036941,362.15266886678904,1143526.4,-9999,558063.4,14,-1,0.31764754193842143,0.9818584109870856,0,0.5891150465922514,8,1.368421052631579,0.21052631578947367,N1 P1 O4,de-protonated,0,-9999,C19 H26 O4 N1 P1,19,26,4,1,1,-9999,-9999,N/A,-9999,-9999,N/A,-9999
676,362.976645,362.97655355670287,362.97675565087906,2065102.8,-9999,464070.2,26.15,-1,-0.556768919888684,0.9453050739036054,0,0.5671830443421633,7,1.0833333333333333,0.5833333333333334,S2 P1 O7,de-protonated,0,-9999,C12 H13 O7 P1 S2,12,13,7,-9999,1,2,-9999,N/A,-9999,-9999,N/A,-9999
677,362.977099,362.97700755706273,362.97675565087906,2043343,-9999,530407.8,25.86,-1,0.6940008685298981,0.916317427083522,0,0.5497904562501131,7,1.0833333333333333,0.5833333333333334,S2 P1 O7,de-protonated,0,-9999,C12 H13 O7 P1 S2,12,13,7,-9999,1,2,-9999,N/A,-9999,-9999,N/A,-9999
677,362.977099,362.97700755706273,362.9772236815291,2043343,-9999,530407.8,25.86,-1,-0.5954215643904103,0.9376969818260588,0,0.5626181890956353,13,0.4166666666666667,0.6666666666666666,N4 P1 O8,de-protonated,0,-9999,C12 H5 O8 N4 P1,12,5,8,4,1,-9999,-9999,N/A,-9999,-9999,N/A,-9999
678,363.042907,363.0428156092293,363.04278406293906,2181857.5,-9999,350128,27.73,-1,0.08689413928542254,0.9986308931850032,0,0.599178535911002,15,0.65,0.25,P1 O5,de-protonated,0,-9999,C20 H13 O5 P1,20,13,5,-9999,1,-9999,-9999,N/A,-9999,-9999,N/A,-9999
680,363.079281,363.07918963806327,363.07916957228906,5072876,-9999,362540.9,66.84,-1,0.05526556159107344,0.49972297901368745,0.8149093904448103,0.6257975435861366,14,0.8095238095238095,0.1904761904761905,P1 O4,de-protonated,0,-9999,C21 H17 O4 P1,21,17,4,-9999,1,-9999,-9999,N/A,-9999,-9999,N/A,-9999
680,363.079281,363.07918963806327,363.0788982461291,5072876,-9999,362540.9,66.84,-1,0.8025581646060319,0.8896999324566709,0,0.5338199594740025,0,2.1818181818181817,0.8181818181818182,S2 O9,de-protonated,0,-9999,C11 H24 O9 S2,11,24,9,-9999,-9999,2,-9999,N/A,-9999,-9999,N/A,-9999
680,363.079281,363.07918963806327,363.079366276779,5072876,-9999,362540.9,66.84,-1,-0.4865016638409798,0.957963140628882,0,0.5747778843773291,6,1.4545454545454546,0.9090909090909092,N4 O10,de-protonated,0,-9999,C11 H16 O10 N4,11,16,10,4,-9999,-9999,-9999,N/A,-9999,-9999,N/A,-9999
682,363.092342,363.0922506484168,363.0921204946191,3843055.5,-9999,330739.5,50.2,-1,0.3584594387497611,0.4884773879476494,0.8295321147073604,0.6248992786515338,14,0.8421052631578947,0.10526315789473684,N4 S1 O2,de-protonated,0,-9999,C19 H16 O2 N4 S1,19,16,2,4,-9999,1,-9999,N/A,-9999,-9999,N/A,-9999
683,363.114689,363.11459766613154,363.1149036329591,2492918,-9999,439062.4,31.94,-1,-0.8426171013831533,0.879124092364868,0,0.5274744554189208,4,1.7857142857142858,0.35714285714285715,N2 S1 P1 O5,de-protonated,0,-9999,C14 H25 O5 N2 P1 S1,14,25,5,2,1,1,-9999,N/A,-9999,-9999,N/A,-9999
684,363.115804,363.11571266701543,363.1155550816391,7443446,-9999,331929.3,98.9,-1,0.43398134315354053,0.9821860105919512,0.9578151422117356,0.972437663239865,13,0.9545454545454546,0.13636363636363635,P1 O3,de-protonated,0,-9999,C22 H21 O3 P1,22,21,3,-9999,1,-9999,-9999,N/A,-9999,-9999,N/A,-9999
684,363.115804,363.11571266701543,363.11575178612907,7443446,-9999,331929.3,98.9,-1,-0.10773180024517044,0.9821209555628074,0.9648532894632385,0.9752138891229798,5,1.6666666666666667,0.75,N4 O9,de-protonated,0,-9999,C12 H20 O9 N4,12,20,9,4,-9999,-9999,-9999,N/A,-9999,-9999,N/A,-9999
685,363.128542,363.1284506771129,363.1285060039691,1110393.9,-9999,469821.3,13.24,-1,-0.15236164419024345,0.9957966960964744,0,0.5974780176578846,13,1,0.05,N4 S1 O1,de-protonated,0,-9999,C20 H20 O1 N4 S1,20,20,1,4,-9999,1,-9999,N/A,-9999,-9999,N/A,-9999
687,363.151121,363.15102969501146,363.15128914230905,2677760.3,-9999,444977.2,34.44,-1,-0.7144330898757625,0.9115452288202596,0,0.5469271372921557,3,1.9333333333333331,0.26666666666666666,N2 S1 P1 O4,de-protonated,0,-9999,C15 H29 O4 N2 P1 S1,15,29,4,2,1,1,-9999,N/A,-9999,-9999,N/A,-9999
688,363.152081,363.1519896957725,363.1519405909891,5989888.5,-9999,362460.9,79.24,-1,0.1352182871616856,0.9973536308535568,0.9650942132292728,0.9844498638038433,12,1.0869565217391304,0.08695652173913043,P1 O2,de-protonated,0,-9999,C23 H25 O2 P1,23,25,2,-9999,1,-9999,-9999,N/A,-9999,-9999,N/A,-9999
688,363.152081,363.1519896957725,363.15213729547906,5989888.5,-9999,362460.9,79.24,-1,-0.4064404182352943,0.968310768843007,0.9589709415108116,0.9645748379101288,4,1.8461538461538465,0.6153846153846154,N4 O8,de-protonated,0,-9999,C13 H24 O8 N4,13,24,8,4,-9999,-9999,-9999,N/A,-9999,-9999,N/A,-9999
690,363.187699,363.1876077240072,363.18767465165905,1215242.6,-9999,388282.1,14.66,-1,-0.18427842277986753,0.9938572125936638,0,0.5963143275561983,2,2.0625,0.1875,N2 S1 P1 O3,de-protonated,0,-9999,C16 H33 O3 N2 P1 S1,16,33,3,2,1,1,-9999,N/A,-9999,-9999,N/A,-9999
691,363.188545,363.1884537246778,363.1883261003391,2444298.8,-9999,384485.5,31.28,-1,0.3513998923330849,0.9778435161408696,0,0.5867061096845219,11,1.2083333333333333,0.04166666666666666,P1 O1,de-protonated,0,-9999,C24 H29 O1 P1,24,29,1,-9999,1,-9999,-9999,N/A,-9999,-9999,N/A,-9999
691,363.188545,363.1884537246778,363.18852280482906,2444298.8,-9999,384485.5,31.28,-1,-0.19020466486602397,0.9934570817955326,0,0.5960742490773195,3,2,0.5,N4 O7,de-protonated,0,-9999,C14 H28 O7 N4,14,28,7,4,-9999,-9999,-9999,N/A,-9999,-9999,N/A,-9999
692,364.119039,364.1189484622883,364.11890991670913,1313811.8,-9999,335079,15.99,-1,0.10585986659850584,0.9979686954232704,0.9578151422117356,0.9819072741386564,13,1,0.14285714285714285,13C1 P1 O3,de-protonated,1,684,C21 H21 O3 P1 13C1,21,21,3,-9999,1,-9999,1,N/A,-9999,-9999,N/A,-9999
692,364.119039,364.1189484622883,364.11904626232905,1313811.8,-9999,335079,15.99,-1,-0.26859358689314233,0.9869951390263012,0,0.5921970834157806,13,0.9047619047619048,0.23809523809523808,N1 O5,de-protonated,0,-9999,C21 H19 O5 N1,21,19,5,1,-9999,-9999,-9999,N/A,-9999,-9999,N/A,-9999
692,364.119039,364.1189484622883,364.1191066211991,1313811.8,-9999,335079,15.99,-1,-0.434360372322706,0.966345614232385,0.9648532894632385,0.9657486843247264,5,1.818181818181818,0.8181818181818182,13C1 N4 O9,de-protonated,1,684,C11 H20 O9 N4 13C1,11,20,9,4,-9999,-9999,1,N/A,-9999,-9999,N/A,-9999
693,364.155424,364.15533349113105,364.1552954260591,1177630.1,-9999,316908.3,14.15,-1,0.10452977726125068,0.9980193696281516,0.9650942132292728,0.9848493070686002,12,1.1363636363636365,0.09090909090909093,13C1 P1 O2,de-protonated,1,688,C22 H25 O2 P1 13C1,22,25,2,-9999,1,-9999,1,N/A,-9999,-9999,N/A,-9999
693,364.155424,364.15533349113105,364.15543177167905,1177630.1,-9999,316908.3,14.15,-1,-0.26988626127020116,0.9868704868079972,0,0.5921222920847984,12,1.0454545454545454,0.18181818181818185,N1 O4,de-protonated,0,-9999,C22 H23 O4 N1,22,23,4,1,-9999,-9999,-9999,N/A,-9999,-9999,N/A,-9999
693,364.155424,364.15533349113105,364.1554921305491,1177630.1,-9999,316908.3,14.15,-1,-0.4356364834813708,0.9661509667661928,0.9589709415108116,0.9632789566640404,4,2,0.6666666666666666,13C1 N4 O8,de-protonated,1,688,C12 H24 O8 N4 13C1,12,24,8,4,-9999,-9999,1,N/A,-9999,-9999,N/A,-9999
695,365.058614,365.0585242070975,365.05843412739904,3867681.3,-9999,326711.9,50.53,-1,0.2467541906482606,0.9941776414160736,0.946045425983442,0.9749247552430208,14,0.75,0.25,P1 O5,de-protonated,0,-9999,C20 H15 O5 P1,20,15,5,-9999,1,-9999,-9999,N/A,-9999,-9999,N/A,-9999
696,365.089363,365.08927323147253,365.0891431144691,1342506.1,-9999,418677.4,16.37,-1,0.3563978986794576,0.9772160506901169,0,0.58632963041407,14,0.7777777777777778,0.2777777777777778,N4 O5,de-protonated,0,-9999,C18 H14 O5 N4,18,14,5,4,-9999,-9999,-9999,N/A,-9999,-9999,N/A,-9999
697,365.094943,365.0948532358958,365.09481963674904,8947756,-9999,337296.5,119.25,-1,0.0920285497571872,0.9992305764931114,0.9644496972220088,0.9853182247846703,13,0.9047619047619048,0.1904761904761905,P1 O4,de-protonated,0,-9999,C21 H19 O4 P1,21,19,4,-9999,1,-9999,-9999,N/A,-9999,-9999,N/A,-9999
697,365.094943,365.0948532358958,365.09501634123905,8947756,-9999,337296.5,119.25,-1,-0.44674765727542864,0.957092423466708,0.9567830897901006,0.9569686899960652,5,1.6363636363636365,0.9090909090909092,N4 O10,de-protonated,0,-9999,C11 H18 O10 N4,11,18,10,4,-9999,-9999,-9999,N/A,-9999,-9999,N/A,-9999
698,365.108016,365.1079262462589,365.10777055907914,1972783.5,-9999,360913.3,24.9,-1,0.42641431464938423,0.967545657846422,0,0.5805273947078532,13,0.9473684210526316,0.10526315789473684,N4 S1 O2,de-protonated,0,-9999,C19 H18 O2 N4 S1,19,18,2,4,-9999,1,-9999,N/A,-9999,-9999,N/A,-9999
700,365.131386,365.1312962647845,365.13120514609903,11428918,-9999,391646.9,152.81,-1,0.24955052920937737,0.992956792653082,0.9573679565412044,0.9787212582083308,12,1.0454545454545454,0.13636363636363635,P1 O3,de-protonated,0,-9999,C22 H23 O3 P1,22,23,3,-9999,1,-9999,-9999,N/A,-9999,-9999,N/A,-9999
700,365.131386,365.1312962647845,365.13140185058904,11428918,-9999,391646.9,152.81,-1,-0.28917207339113893,0.954177093534958,0.9653004751337696,0.9586264461744828,4,1.8333333333333333,0.75,N4 O9,de-protonated,0,-9999,C12 H22 O9 N4,12,22,9,4,-9999,-9999,-9999,N/A,-9999,-9999,N/A,-9999
701,365.144467,365.14437727515394,365.14415606842914,1170874,-9999,420132.8,14.05,-1,0.6058065592071513,0.935576880116777,0,0.5613461280700661,12,1.1,0.05,N4 S1 O1,de-protonated,0,-9999,C20 H22 O1 N4 S1,20,22,1,4,-9999,1,-9999,N/A,-9999,-9999,N/A,-9999
702,365.166706,365.166616292783,365.1669392067691,2403904.3,-9999,440298.5,30.73,-1,-0.8842914060400815,0.8677187275407163,0,0.5206312365244298,2,2.066666666666667,0.26666666666666666,N2 S1 P1 O4,de-protonated,0,-9999,C15 H31 O4 N2 P1 S1,15,31,4,2,1,1,-9999,N/A,-9999,-9999,N/A,-9999
703,365.167774,365.1676842936296,365.1675906554491,5753920.5,-9999,391257.6,76.04,-1,0.25642522196346523,0.9722463902736256,0.9708795990439232,0.9716996737817448,11,1.173913043478261,0.08695652173913043,P1 O2,de-protonated,0,-9999,C23 H27 O2 P1,23,27,2,-9999,1,-9999,-9999,N/A,-9999,-9999,N/A,-9999
703,365.167774,365.1676842936296,365.16778735993904,5753920.5,-9999,391257.6,76.04,-1,-0.2822437055826434,0.9926703665320352,0.9531855556961611,0.9768764421976855,3,2,0.6153846153846154,N4 O8,de-protonated,0,-9999,C13 H26 O8 N4,13,26,8,4,-9999,-9999,-9999,N/A,-9999,-9999,N/A,-9999
704,365.204213,365.2041233225151,365.2039761647991,1648971.1,-9999,415384.3,20.52,-1,0.4029466424762708,0.970968650694277,0,0.5825811904165662,10,1.2916666666666667,0.04166666666666666,P1 O1,de-protonated,0,-9999,C24 H31 O1 P1,24,31,1,-9999,1,-9999,-9999,N/A,-9999,-9999,N/A,-9999
704,365.204213,365.2041233225151,365.2041728692891,1648971.1,-9999,415384.3,20.52,-1,-0.13566869623792135,0.996665827102235,0,0.597999496261341,2,2.142857142857143,0.5,N4 O7,de-protonated,0,-9999,C14 H30 O7 N4,14,30,7,4,-9999,-9999,-9999,N/A,-9999,-9999,N/A,-9999
705,366.0619,366.0618110024109,366.0617889624691,1167043.3,-9999,485020.3,13.99,-1,0.06020825563627845,0.999342458609532,0.946045425983442,0.978023645559096,14,0.7894736842105263,0.2631578947368421,13C1 P1 O5,de-protonated,1,695,C19 H15 O5 P1 13C1,19,15,5,-9999,1,-9999,1,N/A,-9999,-9999,N/A,-9999
705,366.0619,366.0618110024109,366.0619253080891,1167043.3,-9999,485020.3,13.99,-1,-0.3122577638021208,0.982463448947498,0,0.5894780693684988,14,0.6842105263157895,0.3684210526315789,N1 O7,de-protonated,0,-9999,C19 H13 O7 N1,19,13,7,1,-9999,-9999,-9999,N/A,-9999,-9999,N/A,-9999
706,366.098265,366.0981760312378,366.09817447181905,1573325.8,-9999,329172,19.49,-1,0.00425956443311524,0.9999967078205666,0.9644496972220088,0.9857779035811436,13,0.95,0.2,13C1 P1 O4,de-protonated,1,697,C20 H19 O4 P1 13C1,20,19,4,-9999,1,-9999,1,N/A,-9999,-9999,N/A,-9999
706,366.098265,366.0981760312378,366.0983108174391,1573325.8,-9999,329172,19.49,-1,-0.3681694159451525,0.9757048589044108,0,0.5854229153426465,13,0.85,0.3,N1 O6,de-protonated,0,-9999,C20 H17 O6 N1,20,17,6,1,-9999,-9999,-9999,N/A,-9999,-9999,N/A,-9999
706,366.098265,366.0981760312378,366.0983711763091,1573325.8,-9999,329172,19.49,-1,-0.5330399877913408,0.9497511170663836,0.9567830897901006,0.9525639061558704,5,1.8,1,13C1 N4 O10,de-protonated,1,697,C10 H18 O10 N4 13C1,10,18,10,4,-9999,-9999,1,N/A,-9999,-9999,N/A,-9999
707,366.134603,366.1345140600432,366.1345599811691,2010200.4,-9999,369193.8,25.4,-1,-0.12542144585009388,0.997149783949554,0.9573679565412044,0.9812370529862142,12,1.0952380952380951,0.14285714285714285,13C1 P1 O3,de-protonated,1,700,C21 H23 O3 P1 13C1,21,23,3,-9999,1,-9999,1,N/A,-9999,-9999,N/A,-9999
707,366.134603,366.1345140600432,366.1346963267891,2010200.4,-9999,369193.8,25.4,-1,-0.4978133667620912,0.9560297210765348,0,0.5736178326459209,12,1,0.23809523809523808,N1 O5,de-protonated,0,-9999,C21 H21 O5 N1,21,21,5,1,-9999,-9999,-9999,N/A,-9999,-9999,N/A,-9999
707,366.134603,366.1345140600432,366.1347566856591,2010200.4,-9999,369193.8,25.4,-1,-0.6626675328320288,0.9234124873877316,0.9653004751337696,0.9401676824861468,4,2,0.8181818181818182,13C1 N4 O9,de-protonated,1,700,C11 H22 O9 N4 13C1,11,22,9,4,-9999,-9999,1,N/A,-9999,-9999,N/A,-9999
708,366.171216,366.17112708906666,366.1709454905191,1179235,-9999,439723,14.16,-1,0.4959392594971793,0.956352846655286,0.9708795990439232,0.962163547610741,11,1.2272727272727273,0.09090909090909093,13C1 P1 O2,de-protonated,1,703,C22 H27 O2 P1 13C1,22,27,2,-9999,1,-9999,1,N/A,-9999,-9999,N/A,-9999
708,366.171216,366.17112708906666,366.1710818361391,1179235,-9999,439723,14.16,-1,0.1235841108770901,0.997232564752512,0,0.5983395388515071,11,1.1363636363636365,0.18181818181818185,N1 O4,de-protonated,0,-9999,C22 H25 O4 N1,22,25,4,1,-9999,-9999,-9999,N/A,-9999,-9999,N/A,-9999
708,366.171216,366.17112708906666,366.17114219500905,1179235,-9999,439723,14.16,-1,-0.04125377632182817,0.9996912448620792,0.9531855556961611,0.981088969195712,3,2.1666666666666665,0.6666666666666666,13C1 N4 O8,de-protonated,1,703,C12 H26 O8 N4 13C1,12,26,8,4,-9999,-9999,1,N/A,-9999,-9999,N/A,-9999
709,367.037961,367.0378727761428,367.0376986825091,1540703.5,-9999,337967.7,19.05,-1,0.47432085142876534,0.9599996352620674,0,0.5759997811572405,14,0.6842105263157895,0.3157894736842105,P1 O6,de-protonated,0,-9999,C19 H13 O6 P1,19,13,6,-9999,1,-9999,-9999,N/A,-9999,-9999,N/A,-9999
711,367.074374,367.0742858050077,367.0740841918591,6894186,-9999,354041.4,91.46,-1,0.5492437557692214,0.9295857873331296,0.9900192981494752,0.953759191659668,13,0.85,0.25,P1 O5,de-protonated,0,-9999,C20 H17 O5 P1,20,17,5,-9999,1,-9999,-9999,N/A,-9999,-9999,N/A,-9999
712,367.106745,367.1066568306685,367.10682707172913,1385587.6,-9999,576284.3,16.95,-1,-0.46373711431044007,0.9617305865854752,0,0.5770383519512851,3,1.7142857142857142,0.6428571428571429,S1 O9,de-protonated,0,-9999,C14 H24 O9 S1,14,24,9,-9999,-9999,1,-9999,N/A,-9999,-9999,N/A,-9999
712,367.106745,367.1066568306685,367.1064469492091,1385587.6,-9999,576284.3,16.95,-1,0.5717182608532574,0.9424158582284484,0,0.565449514937069,8,1.3125,0.375,N2 P1 O6,de-protonated,0,-9999,C16 H21 O6 N2 P1,16,21,6,2,1,-9999,-9999,N/A,-9999,-9999,N/A,-9999
714,367.110636,367.11054783375295,367.110469701209,14433909,-9999,374990.2,193.45,-1,0.2128311511795222,0.9798578248311778,0.9480079646232142,0.9671178807479924,12,1,0.1904761904761905,P1 O4,de-protonated,0,-9999,C21 H21 O4 P1,21,21,4,-9999,1,-9999,-9999,N/A,-9999,-9999,N/A,-9999
714,367.110636,367.11054783375295,367.1106664056991,14433909,-9999,374990.2,193.45,-1,-0.3229869273283817,0.9895215884696514,0.9732248223888952,0.9830028820373488,4,1.818181818181818,0.9090909090909092,N4 O10,de-protonated,0,-9999,C11 H20 O10 N4,11,20,10,4,-9999,-9999,-9999,N/A,-9999,-9999,N/A,-9999
715,367.143157,367.1430688595326,367.1432125810791,1038974.2,-9999,522660.5,12.26,-1,-0.3914590862548158,0.9725777715693188,0,0.5835466629415913,2,1.8666666666666667,0.5333333333333333,S1 O8,de-protonated,0,-9999,C15 H28 O8 S1,15,28,8,-9999,-9999,1,-9999,N/A,-9999,-9999,N/A,-9999
715,367.143157,367.1430688595326,367.1428324585591,1038974.2,-9999,522660.5,12.26,-1,0.6438937454478635,0.9275315470397903,0,0.5565189282238743,7,1.4705882352941178,0.29411764705882354,N2 P1 O5,de-protonated,0,-9999,C17 H25 O5 N2 P1,17,25,5,2,1,-9999,-9999,N/A,-9999,-9999,N/A,-9999
717,367.146968,367.1468798625537,367.14685521055907,10604159,-9999,367795.1,141.64,-1,0.0671447793414408,0.9975418227313326,0.9600475816373238,0.9825441262937292,11,1.1363636363636365,0.13636363636363635,P1 O3,de-protonated,0,-9999,C22 H25 O3 P1,22,25,3,-9999,1,-9999,-9999,N/A,-9999,-9999,N/A,-9999
717,367.146968,367.1468798625537,367.1470519150491,10604159,-9999,367795.1,141.64,-1,-0.46862011973667583,0.9396880933456124,0.9626208500376502,0.9488611960224276,3,2,0.75,N4 O9,de-protonated,0,-9999,C12 H24 O9 N4,12,24,9,4,-9999,-9999,-9999,N/A,-9999,-9999,N/A,-9999
718,367.16459,367.1645018765227,367.1648312064891,1400964.5,-9999,439903.7,17.15,-1,-0.8969540065233009,0.8641747491397064,0,0.5185048494838238,1,2.2,0.13333333333333333,N2 S2 P1 O2,de-protonated,0,-9999,C15 H33 O2 N2 P1 S2,15,33,2,2,1,2,-9999,N/A,-9999,-9999,N/A,-9999
719,367.165558,367.1654698772901,367.16567935965907,2929284.8,-9999,358284.7,37.83,-1,-0.5705390803282481,0.9426462111586248,0,0.5655877266951749,2,2.1538461538461537,0.4615384615384616,N4 S1 O6,de-protonated,0,-9999,C13 H28 O6 N4 S1,13,28,6,4,-9999,1,-9999,N/A,-9999,-9999,N/A,-9999
720,367.182585,367.18249689078755,367.18258927122906,1185993.8,-9999,273854.3,14.25,-1,-0.2515926523055306,0.9885802110245137,0,0.5931481266147082,1,2.2,0.26666666666666666,N2 S1 P1 O4,de-protonated,0,-9999,C15 H33 O4 N2 P1 S1,15,33,4,2,1,1,-9999,N/A,-9999,-9999,N/A,-9999
721,367.183488,367.18339989150337,367.1832407199091,2960522,-9999,389055.2,38.25,-1,0.4334936255153916,0.4832387586453768,0.8007932653391622,0.610260561322891,10,1.2608695652173914,0.08695652173913043,P1 O2,de-protonated,0,-9999,C23 H29 O2 P1,23,29,2,-9999,1,-9999,-9999,N/A,-9999,-9999,N/A,-9999
721,367.183488,367.18339989150337,367.1834374243991,2960522,-9999,389055.2,38.25,-1,-0.10221837882089908,0.9981059118594402,0,0.5988635471156641,2,2.1538461538461537,0.6153846153846154,N4 O8,de-protonated,0,-9999,C13 H28 O8 N4,13,28,8,4,-9999,-9999,-9999,N/A,-9999,-9999,N/A,-9999
722,367.223097,367.2230089229017,367.2229975325791,1082517.6,-9999,545244.2,12.85,-1,0.03101745456349291,0.999825446632714,0,0.5998952679796283,4,1.761904761904762,0.04761904761904761,S1 P1 O1,de-protonated,0,-9999,C21 H37 O1 P1 S1,21,37,1,-9999,1,1,-9999,N/A,-9999,-9999,N/A,-9999
723,368.077788,368.0777006004226,368.0774390269291,1390736.6,-9999,453194.6,17.01,-1,0.710647993517154,0.912437837519778,0.9900192981494752,0.9434704217716569,13,0.8947368421052632,0.2631578947368421,13C1 P1 O5,de-protonated,1,711,C19 H17 O5 P1 13C1,19,17,5,-9999,1,-9999,1,N/A,-9999,-9999,N/A,-9999
723,368.077788,368.0777006004226,368.07757537254906,1390736.6,-9999,453194.6,17.01,-1,0.3402214150056329,0.9792162263371234,0,0.587529735802274,13,0.7894736842105263,0.3684210526315789,N1 O7,de-protonated,0,-9999,C19 H15 O7 N1,19,15,7,1,-9999,-9999,-9999,N/A,-9999,-9999,N/A,-9999
724,368.114068,368.1139806291821,368.1138245362791,2216091.3,-9999,351072.7,28.18,-1,0.4240343408775405,0.967901064307238,0.9480079646232142,0.9599438244336286,12,1.05,0.2,13C1 P1 O4,de-protonated,1,714,C20 H21 O4 P1 13C1,20,21,4,-9999,1,-9999,1,N/A,-9999,-9999,N/A,-9999
724,368.114068,368.1139806291821,368.11396088189906,2216091.3,-9999,351072.7,28.18,-1,0.05364448262031145,0.9994779758804138,0,0.5996867855282483,12,0.95,0.3,N1 O6,de-protonated,0,-9999,C20 H19 O6 N1,20,19,6,1,-9999,-9999,-9999,N/A,-9999,-9999,N/A,-9999
724,368.114068,368.1139806291821,368.1140212407691,2216091.3,-9999,351072.7,28.18,-1,-0.11032339087866636,0.997793979420287,0.9732248223888952,0.9879663166077304,4,2,1,13C1 N4 O10,de-protonated,1,714,C10 H20 O10 N4 13C1,10,20,10,4,-9999,-9999,1,N/A,-9999,-9999,N/A,-9999
725,368.150242,368.1501546578575,368.15021004562914,1904550,-9999,369875,23.96,-1,-0.15044883885144997,0.9959013580923896,0.9600475816373238,0.9815598475103632,11,1.1904761904761905,0.14285714285714285,13C1 P1 O3,de-protonated,1,717,C21 H25 O3 P1 13C1,21,25,3,-9999,1,-9999,1,N/A,-9999,-9999,N/A,-9999
725,368.150242,368.1501546578575,368.15034639124906,1904550,-9999,369875,23.96,-1,-0.5208018773449808,0.9519762794684592,0,0.5711857676810755,11,1.0952380952380951,0.23809523809523808,N1 O5,de-protonated,0,-9999,C21 H23 O5 N1,21,23,5,1,-9999,-9999,-9999,N/A,-9999,-9999,N/A,-9999
725,368.150242,368.1501546578575,368.1504067501191,1904550,-9999,369875,23.96,-1,-0.6847534511810561,0.9184397407781084,0.9626208500376502,0.9361121844819252,3,2.1818181818181817,0.8181818181818182,13C1 N4 O9,de-protonated,1,717,C11 H24 O9 N4 13C1,11,24,9,4,-9999,-9999,1,N/A,-9999,-9999,N/A,-9999
727,369.053551,369.0534643739183,369.05334874696905,3449009,-9999,384203.1,44.85,-1,0.313306869169956,0.9823464624688016,0,0.5894078774812809,13,0.7894736842105263,0.3157894736842105,P1 O6,de-protonated,0,-9999,C19 H15 O6 P1,19,15,6,-9999,1,-9999,-9999,N/A,-9999,-9999,N/A,-9999
728,369.086045,369.0859583996766,369.08609162683905,1137850.6,-9999,627303,13.59,-1,-0.3609650037565344,0.9766352926175804,0,0.5859811755705482,3,1.6923076923076923,0.7692307692307693,S1 O10,de-protonated,0,-9999,C13 H22 O10 S1,13,22,10,-9999,-9999,1,-9999,N/A,-9999,-9999,N/A,-9999
728,369.086045,369.0859583996766,369.0857115043191,1137850.6,-9999,627303,13.59,-1,0.6689377286214091,0.9220145837302336,0,0.5532087502381401,8,1.2666666666666666,0.4666666666666667,N2 P1 O7,de-protonated,0,-9999,C15 H19 O7 N2 P1,15,19,7,2,1,-9999,-9999,N/A,-9999,-9999,N/A,-9999
729,369.088844,369.08875740189535,369.0890828076391,3835067.5,-9999,448973,50.07,-1,-0.8816455400855376,0.8684546972525633,0,0.521072818351538,3,1.9166666666666667,0.5833333333333334,N2 S1 P1 O7,de-protonated,0,-9999,C12 H23 O7 N2 P1 S1,12,23,7,2,1,1,-9999,N/A,-9999,-9999,N/A,-9999
730,369.089842,369.0897554026865,369.08973425631905,10223804,-9999,359143.8,136.49,-1,0.05729329609520237,0.9688933458038128,0.963146709325719,0.9665946912125752,12,0.95,0.25,P1 O5,de-protonated,0,-9999,C20 H19 O5 P1,20,19,5,-9999,1,-9999,-9999,N/A,-9999,-9999,N/A,-9999
732,369.11832,369.1182334252612,369.11807426166905,1474244.3,-9999,436042,18.14,-1,0.4311996709754339,0.9668254302775048,0,0.5800952581665029,3,2.090909090909091,0.7272727272727273,N4 P1 O8,de-protonated,0,-9999,C11 H23 O8 N4 P1,11,23,8,4,1,-9999,-9999,N/A,-9999,-9999,N/A,-9999
733,369.122379,369.1222924284789,369.12247713618905,1188805.5,-9999,614926.9,14.28,-1,-0.5003968102798527,0.9555824770157512,0,0.5733494862094507,2,1.8571428571428572,0.6428571428571429,S1 O9,de-protonated,0,-9999,C14 H26 O9 S1,14,26,9,-9999,-9999,1,-9999,N/A,-9999,-9999,N/A,-9999
733,369.122379,369.1222924284789,369.1220970136691,1188805.5,-9999,614926.9,14.28,-1,0.5294042578060535,0.950417024123952,0,0.5702502144743711,7,1.4375,0.375,N2 P1 O6,de-protonated,0,-9999,C16 H23 O6 N2 P1,16,23,6,2,1,-9999,-9999,N/A,-9999,-9999,N/A,-9999
734,369.125215,369.125128430727,369.1254683169891,5162182.5,-9999,488605,68.02,-1,-0.9207878926935552,0.8574080543094555,0,0.5144448325856733,2,2.076923076923077,0.4615384615384616,N2 S1 P1 O6,de-protonated,0,-9999,C13 H27 O6 N2 P1 S1,13,27,6,2,1,1,-9999,N/A,-9999,-9999,N/A,-9999
735,369.12632,369.12623343160294,369.12611976566905,13373639,-9999,380415.5,179.1,-1,0.30793251360144497,0.985070487585946,0.9717548393032284,0.9797442282728588,11,1.0952380952380951,0.1904761904761905,P1 O4,de-protonated,0,-9999,C21 H23 O4 P1,21,23,4,-9999,1,-9999,-9999,N/A,-9999,-9999,N/A,-9999
735,369.12632,369.12623343160294,369.12631647015905,13373639,-9999,380415.5,179.1,-1,-0.22495972898138583,0.98909982318241,0.949477947708881,0.9732510729929984,3,2,0.9090909090909092,N4 O10,de-protonated,0,-9999,C11 H22 O10 N4,11,22,10,4,-9999,-9999,-9999,N/A,-9999,-9999,N/A,-9999
736,369.134408,369.1343214380143,369.1343619741591,1347273,-9999,429772.9,16.42,-1,-0.1098140648168804,0.9978142790897784,0,0.5986885674538671,11,1.0476190476190477,0.2857142857142857,O6,de-protonated,0,-9999,C21 H22 O6,21,22,6,-9999,-9999,-9999,-9999,N/A,-9999,-9999,N/A,-9999
737,369.161739,369.16165245967983,369.1618538263391,2016209.1,-9999,420314.3,25.47,-1,-0.5454698452228738,0.9474437015712532,0,0.5684662209427519,1,2.2142857142857144,0.35714285714285715,N2 S1 P1 O5,de-protonated,0,-9999,C14 H31 O5 N2 P1 S1,14,31,5,2,1,1,-9999,N/A,-9999,-9999,N/A,-9999
738,369.162677,369.16259046042336,369.1625052750191,4957905.5,-9999,346967.1,65.26,-1,0.2307531318651385,0.9940177636001076,0.9931269028610832,0.993661419304498,10,1.2272727272727273,0.13636363636363635,P1 O3,de-protonated,0,-9999,C22 H27 O3 P1,22,27,3,-9999,1,-9999,-9999,N/A,-9999,-9999,N/A,-9999
738,369.162677,369.16259046042336,369.1627019795091,4957905.5,-9999,346967.1,65.26,-1,-0.30208654653094774,0.9835780032388576,0,0.5901468019433146,2,2.1666666666666665,0.75,N4 O9,de-protonated,0,-9999,C12 H26 O9 N4,12,26,9,4,-9999,-9999,-9999,N/A,-9999,-9999,N/A,-9999
739,369.181331,369.1812444752106,369.1813294241191,1752535,-9999,380748.3,21.9,-1,-0.230100770954832,0.9904389519252584,0,0.5942633711551552,1,2.3076923076923075,0.4615384615384616,N4 S1 O6,de-protonated,0,-9999,C13 H30 O6 N4 S1,13,30,6,4,-9999,1,-9999,N/A,-9999,-9999,N/A,-9999
740,369.198954,369.1988674891805,369.1988907843691,1277852.3,-9999,322272.1,15.48,-1,-0.06309658342253308,0.9992778811829626,0,0.5995667287097776,9,1.3478260869565215,0.08695652173913043,P1 O2,de-protonated,0,-9999,C23 H31 O2 P1,23,31,2,-9999,1,-9999,-9999,N/A,-9999,-9999,N/A,-9999
740,369.198954,369.1988674891805,369.1990874888591,1277852.3,-9999,322272.1,15.48,-1,-0.5958835925533972,0.9376033364948154,0,0.5625620018968892,1,2.3076923076923075,0.6153846153846154,N4 O8,de-protonated,0,-9999,C13 H30 O8 N4,13,30,8,4,-9999,-9999,-9999,N/A,-9999,-9999,N/A,-9999
741,370.093394,370.0933081982107,370.0930890913891,1678054.6,-9999,426410.5,20.89,-1,0.5920316483813504,0.9383821235319456,0.963146709325719,0.9482879578494549,12,1,0.2631578947368421,13C1 P1 O5,de-protonated,1,730,C19 H19 O5 P1 13C1,19,19,5,-9999,1,-9999,1,N/A,-9999,-9999,N/A,-9999
741,370.093394,370.0933081982107,370.0932254370091,1678054.6,-9999,426410.5,20.89,-1,0.22362257918465633,0.9909673269574928,0,0.5945803961744958,12,0.8947368421052632,0.3684210526315789,N1 O7,de-protonated,0,-9999,C19 H17 O7 N1,19,17,7,1,-9999,-9999,-9999,N/A,-9999,-9999,N/A,-9999
742,370.128681,370.128595226183,370.1289594976791,1255153.3,-9999,459436.2,15.17,-1,-0.9841745336286348,0.8388267336725975,0,0.5032960402035584,2,2.0833333333333335,0.6666666666666666,N3 S1 O8,de-protonated,0,-9999,C12 H25 O8 N3 S1,12,25,8,3,-9999,1,-9999,N/A,-9999,-9999,N/A,-9999
743,370.129659,370.1295732269583,370.12947460073906,2487793.5,-9999,439142.1,31.84,-1,0.2664641051942213,0.987199213300312,0.9717548393032284,0.9810214637014784,11,1.15,0.2,13C1 P1 O4,de-protonated,1,735,C20 H23 O4 P1 13C1,20,23,4,-9999,1,-9999,1,N/A,-9999,-9999,N/A,-9999
743,370.129659,370.1295732269583,370.1296109463591,2487793.5,-9999,439142.1,31.84,-1,-0.1019086278540014,0.998117362929857,0,0.5988704177579142,11,1.05,0.3,N1 O6,de-protonated,0,-9999,C20 H21 O6 N1,20,21,6,1,-9999,-9999,-9999,N/A,-9999,-9999,N/A,-9999
743,370.129659,370.1295732269583,370.1296713052291,2487793.5,-9999,439142.1,31.84,-1,-0.26498354067076196,0.98734016731761,0.949477947708881,0.9721952794741184,3,2.2,1,13C1 N4 O10,de-protonated,1,735,C10 H22 O10 N4 13C1,10,22,10,4,-9999,-9999,1,N/A,-9999,-9999,N/A,-9999
745,370.165988,370.16590225575663,370.1658601100891,1127932.4,-9999,530051.5,13.45,-1,0.1138561711464142,0.997650603524162,0.9931269028610832,0.9958411232589304,10,1.2857142857142858,0.14285714285714285,13C1 P1 O3,de-protonated,1,738,C21 H27 O3 P1 13C1,21,27,3,-9999,1,-9999,1,N/A,-9999,-9999,N/A,-9999
745,370.165988,370.16590225575663,370.1659964557091,1127932.4,-9999,530051.5,13.45,-1,-0.25448029629686925,0.988318112282889,0,0.5929908673697334,10,1.1904761904761905,0.23809523809523808,N1 O5,de-protonated,0,-9999,C21 H25 O5 N1,21,25,5,1,-9999,-9999,-9999,N/A,-9999,-9999,N/A,-9999
746,371.013192,371.0131069273425,371.01320146705905,1085946.4,-9999,534628.7,12.59,-1,-0.254814966606463,0.988287546840273,0,0.5929725281041638,18,0.4,0.2,N2 S1 O4,de-protonated,0,-9999,C20 H8 O4 N2 S1,20,8,4,2,-9999,1,-9999,N/A,-9999,-9999,N/A,-9999
747,371.048046,371.04796095497153,371.04786944336905,1351940.9,-9999,469474.8,16.11,-1,0.24663017905046675,0.9890238043114076,0,0.5934142825868446,17,0.5909090909090909,0.18181818181818185,P1 O4,de-protonated,0,-9999,C22 H13 O4 P1,22,13,4,-9999,1,-9999,-9999,N/A,-9999,-9999,N/A,-9999
747,371.048046,371.04796095497153,371.0475981172091,1351940.9,-9999,469474.8,16.11,-1,0.977873901605629,0.8407104135771938,0,0.5044262481463162,3,1.6666666666666667,0.75,S2 O9,de-protonated,0,-9999,C12 H20 O9 S2,12,20,9,-9999,-9999,2,-9999,N/A,-9999,-9999,N/A,-9999
747,371.048046,371.04796095497153,371.04806614785906,1351940.9,-9999,469474.8,16.11,-1,-0.28350205034995135,0.9855221762339458,0,0.5913133057403674,9,1,0.8333333333333334,N4 O10,de-protonated,0,-9999,C12 H12 O10 N4,12,12,10,4,-9999,-9999,-9999,N/A,-9999,-9999,N/A,-9999
749,371.069107,371.0690219716667,371.0689988114291,4351755,-9999,322985.2,55.78,-1,0.0624149086787936,0.4996466972411043,0.8295321147073604,0.6316008642276068,12,0.8947368421052632,0.3157894736842105,P1 O6,de-protonated,0,-9999,C19 H17 O6 P1,19,17,6,-9999,1,-9999,-9999,N/A,-9999,-9999,N/A,-9999
750,371.084465,371.0843799838413,371.08425495271905,1416719.9,-9999,377581.6,16.96,-1,0.3369345924179043,0.9796117615252776,0,0.5877670569151666,16,0.7391304347826086,0.13043478260869565,P1 O3,de-protonated,0,-9999,C23 H17 O3 P1,23,17,3,-9999,1,-9999,-9999,N/A,-9999,-9999,N/A,-9999
750,371.084465,371.0843799838413,371.08445165720906,1416719.9,-9999,377581.6,16.96,-1,-0.1931457044161668,0.9932538670269416,0,0.5959523202161651,8,1.2307692307692308,0.6923076923076923,N4 O9,de-protonated,0,-9999,C13 H16 O9 N4,13,16,9,4,-9999,-9999,-9999,N/A,-9999,-9999,N/A,-9999
751,371.097411,371.0973259941037,371.0972058750491,1778451.8,-9999,350930,21.75,-1,0.3236862273316489,0.9811686849493808,0,0.5887012109696284,16,0.7619047619047619,0.04761904761904761,N4 S1 O1,de-protonated,0,-9999,C21 H16 O1 N4 S1,21,16,1,4,-9999,1,-9999,N/A,-9999,-9999,N/A,-9999
751,371.097411,371.0973259941037,371.0973388167791,1778451.8,-9999,350930,21.75,-1,-0.03455340177053622,0.9997833850600796,0,0.5998700310360477,3,2.1,0.9,N4 P1 O9,de-protonated,0,-9999,C10 H21 O9 N4 P1,10,21,9,4,1,-9999,-9999,N/A,-9999,-9999,N/A,-9999
753,371.105685,371.1056000006625,371.1053843207791,7415574,-9999,317565,96.29,-1,0.5811823070298718,0.9659278906014136,0.9747029323396432,0.9694379072967054,11,1.05,0.25,P1 O5,de-protonated,0,-9999,C20 H21 O5 P1,20,21,5,-9999,1,-9999,-9999,N/A,-9999,-9999,N/A,-9999
754,371.121021,371.1209360128194,371.1206404620691,1635098.9,-9999,433242.3,19.85,-1,0.796373788312372,0.8912976976127873,0,0.5347786185676724,15,0.875,0.08333333333333333,P1 O2,de-protonated,0,-9999,C24 H21 O2 P1,24,21,2,-9999,1,-9999,-9999,N/A,-9999,-9999,N/A,-9999
754,371.121021,371.1209360128194,371.12083716655906,1635098.9,-9999,433242.3,19.85,-1,0.26634521836282204,0.9872105599250758,0,0.5923263359550455,7,1.4285714285714286,0.5714285714285714,N4 O8,de-protonated,0,-9999,C14 H20 O8 N4,14,20,8,4,-9999,-9999,-9999,N/A,-9999,-9999,N/A,-9999
755,371.13401,371.1339250231159,371.1337243261291,2162206.8,-9999,405500,26.82,-1,0.5407673129192548,0.9483222484958496,0,0.5689933490975096,2,2.272727272727273,0.7272727272727273,N4 P1 O8,de-protonated,0,-9999,C11 H25 O8 N4 P1,11,25,8,4,1,-9999,-9999,N/A,-9999,-9999,N/A,-9999
756,371.140983,371.1408980286435,371.1411183814491,2122784.8,-9999,393371.5,26.3,-1,-0.5937170382283755,0.9380419129318722,0,0.5628251477591233,1,2.230769230769231,0.4615384615384616,N2 S1 P1 O6,de-protonated,0,-9999,C13 H29 O6 N2 P1 S1,13,29,6,2,1,1,-9999,N/A,-9999,-9999,N/A,-9999
757,371.142131,371.1420460295536,371.1417698301291,5815073,-9999,391175.6,75.12,-1,0.744188466356287,0.9506372030179058,0.9744936137248849,0.9601797673006972,10,1.1904761904761905,0.1904761904761905,P1 O4,de-protonated,0,-9999,C21 H25 O4 P1,21,25,4,-9999,1,-9999,-9999,N/A,-9999,-9999,N/A,-9999
757,371.142131,371.1420460295536,371.14196653461903,5815073,-9999,391175.6,75.12,-1,0.21419009895679764,0.9917101581367288,0,0.5950260948820372,2,2.1818181818181817,0.9090909090909092,N4 O10,de-protonated,0,-9999,C11 H24 O10 N4,11,24,10,4,-9999,-9999,-9999,N/A,-9999,-9999,N/A,-9999
758,371.170292,371.170207051877,371.1701098354791,1294121.6,-9999,573927.3,15.34,-1,0.2619187142407264,0.9876295151305484,0,0.5925777090783291,1,2.4166666666666665,0.5833333333333334,N4 P1 O7,de-protonated,0,-9999,C12 H29 O7 N4 P1,12,29,7,4,1,-9999,-9999,N/A,-9999,-9999,N/A,-9999
759,371.178421,371.17833605832095,371.17815533947913,2190636.3,-9999,455468.2,27.2,-1,0.4868789803997925,0.9578993030029656,0,0.5747395818017793,9,1.318181818181818,0.13636363636363635,P1 O3,de-protonated,0,-9999,C22 H29 O3 P1,22,29,3,-9999,1,-9999,-9999,N/A,-9999,-9999,N/A,-9999
759,371.178421,371.17833605832095,371.1783520439691,2190636.3,-9999,455468.2,27.2,-1,-0.04306729647669829,0.9996635070499914,0,0.5997981042299948,1,2.3333333333333335,0.75,N4 O9,de-protonated,0,-9999,C12 H28 O9 N4,12,28,9,4,-9999,-9999,-9999,N/A,-9999,-9999,N/A,-9999
760,372.100827,372.10074278952,372.100633292979,1145154.6,-9999,539372,13.37,-1,0.29426593554281294,0.9844107062289916,0,0.590646423737395,11,1.0526315789473684,0.2631578947368421,N1 P1 O5,de-protonated,0,-9999,C19 H20 O5 N1 P1,19,20,5,1,1,-9999,-9999,N/A,-9999,-9999,N/A,-9999
761,372.108905,372.1088207959236,372.1087391558491,1334853.1,-9999,313524.2,15.88,-1,0.21939843355752095,0.9913038773552824,0.9747029323396432,0.9846634993490266,11,1.105263157894737,0.2631578947368421,13C1 P1 O5,de-protonated,1,753,C19 H21 O5 P1 13C1,19,21,5,-9999,1,-9999,1,N/A,-9999,-9999,N/A,-9999
761,372.108905,372.1088207959236,372.1088755014691,1334853.1,-9999,313524.2,15.88,-1,-0.14701489025422393,0.9960859608604016,0,0.5976515765162409,11,1,0.3684210526315789,N1 O7,de-protonated,0,-9999,C19 H19 O7 N1,19,19,7,1,-9999,-9999,-9999,N/A,-9999,-9999,N/A,-9999
762,372.14516,372.1450758246632,372.1451246651991,1104208.1,-9999,367708.3,12.83,-1,-0.13124056358504696,0.9968795909355272,0.9744936137248849,0.9879252000512702,10,1.25,0.2,13C1 P1 O4,de-protonated,1,757,C20 H25 O4 P1 13C1,20,25,4,-9999,1,-9999,1,N/A,-9999,-9999,N/A,-9999
762,372.14516,372.1450758246632,372.145261010819,1104208.1,-9999,367708.3,12.83,-1,-0.49761793384608793,0.9560634685987558,0,0.5736380811592534,10,1.15,0.3,N1 O6,de-protonated,0,-9999,C20 H23 O6 N1,20,23,6,1,-9999,-9999,-9999,N/A,-9999,-9999,N/A,-9999
767,373.062616,373.0625325519384,373.0628680591491,1149799,-9999,478377.3,13.43,-1,-0.8993315587680693,0.8635053385357088,0,0.5181032031214252,7,1.3571428571428572,0.42857142857142855,N2 S1 P1 O6,de-protonated,0,-9999,C14 H19 O6 N2 P1 S1,14,19,6,2,1,1,-9999,N/A,-9999,-9999,N/A,-9999
768,373.063739,373.06365555282866,373.0635195078291,2151527.3,-9999,374844,26.67,-1,0.36466980142717725,0.9761590119822984,0,0.585695407189379,16,0.6818181818181818,0.18181818181818185,P1 O4,de-protonated,0,-9999,C22 H15 O4 P1,22,15,4,-9999,1,-9999,-9999,N/A,-9999,-9999,N/A,-9999
768,373.063739,373.06365555282866,373.0637162123191,2151527.3,-9999,374844,26.67,-1,-0.16259820452559937,0.9952143157292266,0,0.5971285894375359,8,1.1666666666666667,0.8333333333333334,N4 O10,de-protonated,0,-9999,C12 H14 O10 N4,12,14,10,4,-9999,-9999,-9999,N/A,-9999,-9999,N/A,-9999
769,373.076912,373.076828563271,373.07647043015913,1232619.3,-9999,314582.6,14.52,-1,0.9599455883001888,0.8460268740926298,0,0.5076161244555778,16,0.7,0.1,N4 S1 O2,de-protonated,0,-9999,C20 H14 O2 N4 S1,20,14,2,4,-9999,1,-9999,N/A,-9999,-9999,N/A,-9999
771,373.084828,373.0847445695461,373.08464887588906,2989037.8,-9999,300374.7,37.75,-1,0.25649315063746386,0.9881336868805576,0,0.5928802121283345,11,1,0.3157894736842105,P1 O6,de-protonated,0,-9999,C19 H19 O6 P1,19,19,6,-9999,1,-9999,-9999,N/A,-9999,-9999,N/A,-9999
773,373.097912,373.0978285799179,373.0975997982191,3758449.8,-9999,361327.7,47.92,-1,0.6131953111797553,0.934049124334218,0,0.5604294746005307,11,1.0588235294117647,0.2352941176470588,N4 S1 O4,de-protonated,0,-9999,C17 H18 O4 N4 S1,17,18,4,4,-9999,1,-9999,N/A,-9999,-9999,N/A,-9999
774,373.100161,373.1000775817007,373.0999050171791,2388850.3,-9999,360055,29.81,-1,0.4625155871100744,0.9619280490109332,0,0.57715682940656,15,0.8260869565217391,0.13043478260869565,P1 O3,de-protonated,0,-9999,C23 H19 O3 P1,23,19,3,-9999,1,-9999,-9999,N/A,-9999,-9999,N/A,-9999
774,373.100161,373.1000775817007,373.1001017216691,2388850.3,-9999,360055,29.81,-1,-0.06470105013986154,0.9992407032236011,0,0.5995444219341607,7,1.3846153846153846,0.6923076923076923,N4 O9,de-protonated,0,-9999,C13 H18 O9 N4,13,18,9,4,-9999,-9999,-9999,N/A,-9999,-9999,N/A,-9999
775,373.105241,373.1051575857276,373.10499385353904,1935732,-9999,484481.8,23.82,-1,0.4388367651991718,0.9656604845129028,0,0.5793962907077417,10,1.1578947368421053,0.10526315789473684,N2 S2 O2,de-protonated,0,-9999,C19 H22 O2 N2 S2,19,22,2,2,-9999,2,-9999,N/A,-9999,-9999,N/A,-9999
776,373.108113,373.1080295880043,373.1081472256691,7583093,-9999,422534.4,98.5,-1,-0.3152910641999175,0.9520497428412208,0.9788223954430896,0.9627588038819684,15,0.782608695652174,0.21739130434782608,O5,de-protonated,0,-9999,C23 H18 O5,23,18,5,-9999,-9999,-9999,-9999,N/A,-9999,-9999,N/A,-9999
777,373.109228,373.10914458888817,373.10914954726906,21466486,-9999,332889.9,282.08,-1,-0.01328935752597324,0.6658204756168647,0.9622544379409508,0.7843940605464992,1,2.076923076923077,0.6153846153846154,S1 P1 O8,de-protonated,0,-9999,C13 H27 O8 P1 S1,13,27,8,-9999,1,1,-9999,N/A,-9999,-9999,N/A,-9999
777,373.109228,373.10914458888817,373.1094846361891,21466486,-9999,332889.9,282.08,-1,-0.9113874477605758,0.430045882271884,0.7939170211058493,0.5755943378054702,20,0.5833333333333334,0.04166666666666666,N4 O1,de-protonated,0,-9999,C24 H14 O1 N4,24,14,1,4,-9999,-9999,-9999,N/A,-9999,-9999,N/A,-9999
779,373.11331,373.113226592124,373.11285593950913,2077046.4,-9999,255902.7,25.69,-1,0.9934061745393844,0.8360526465825204,0,0.5016315879495122,15,0.8571428571428571,0.04761904761904761,N4 S1 O1,de-protonated,0,-9999,C21 H18 O1 N4 S1,21,18,1,4,-9999,1,-9999,N/A,-9999,-9999,N/A,-9999
779,373.11331,373.113226592124,373.1129888812391,2077046.4,-9999,255902.7,25.69,-1,0.6371016072530005,0.9289970255277292,0,0.5573982153166375,2,2.3,0.9,N4 P1 O9,de-protonated,0,-9999,C10 H23 O9 N4 P1,10,23,9,4,1,-9999,-9999,N/A,-9999,-9999,N/A,-9999
780,373.120124,373.12004059752553,373.1203829365591,1660792.5,-9999,493474.1,20.18,-1,-0.9175029004993452,0.858348054403356,0,0.5150088326420136,1,2.25,0.5833333333333334,N2 S1 P1 O7,de-protonated,0,-9999,C12 H27 O7 N2 P1 S1,12,27,7,2,1,1,-9999,N/A,-9999,-9999,N/A,-9999
781,373.121316,373.1212325984704,373.12103438523906,3282296.8,-9999,322037.1,41.62,-1,0.5312303867085909,0.9500830683457342,0,0.5700498410074405,10,1.15,0.25,P1 O5,de-protonated,0,-9999,C20 H23 O5 P1,20,23,5,-9999,1,-9999,-9999,N/A,-9999,-9999,N/A,-9999
782,373.136646,373.13656261062266,373.1362905265291,2432893.5,-9999,305903.6,30.39,-1,0.7291815363144664,0.9080305068340516,0,0.5448183041004309,14,0.9583333333333334,0.08333333333333333,P1 O2,de-protonated,0,-9999,C24 H23 O2 P1,24,23,2,-9999,1,-9999,-9999,N/A,-9999,-9999,N/A,-9999
782,373.136646,373.13656261062266,373.1364872310191,2432893.5,-9999,305903.6,30.39,-1,0.20201616875310083,0.9926223320938784,0,0.5955733992563269,6,1.5714285714285714,0.5714285714285714,N4 O8,de-protonated,0,-9999,C14 H22 O8 N4,14,22,8,4,-9999,-9999,-9999,N/A,-9999,-9999,N/A,-9999
783,373.149689,373.149605620962,373.14937439058906,1688961.5,-9999,371658.5,20.56,-1,0.6196724122194937,0.9326967213983476,0,0.5596180328390086,1,2.4545454545454546,0.7272727272727273,N4 P1 O8,de-protonated,0,-9999,C11 H27 O8 N4 P1,11,27,8,4,1,-9999,-9999,N/A,-9999,-9999,N/A,-9999
784,373.157734,373.1576506273393,373.15741989458905,2146436,-9999,418307.6,26.6,-1,0.61832550540926,0.9329789606702344,0,0.5597873764021406,9,1.2857142857142858,0.1904761904761905,P1 O4,de-protonated,0,-9999,C21 H27 O4 P1,21,27,4,-9999,1,-9999,-9999,N/A,-9999,-9999,N/A,-9999
784,373.157734,373.1576506273393,373.15761659907906,2146436,-9999,418307.6,26.6,-1,0.091190046059498,0.9984922786141994,0,0.5990953671685196,1,2.363636363636364,0.9090909090909092,N4 O10,de-protonated,0,-9999,C11 H26 O10 N4,11,26,10,4,-9999,-9999,-9999,N/A,-9999,-9999,N/A,-9999
785,373.172925,373.1728416393814,373.1726760358791,1297544.6,-9999,393584.1,15.38,-1,0.4437717789396393,0.964897592312984,0,0.5789385553877904,13,1.08,0.04,P1 O1,de-protonated,0,-9999,C25 H27 O1 P1,25,27,1,-9999,1,-9999,-9999,N/A,-9999,-9999,N/A,-9999
785,373.172925,373.1728416393814,373.1728727403691,1297544.6,-9999,393584.1,15.38,-1,-0.08334203792445849,0.9987404702994152,0,0.5992442821796491,5,1.7333333333333334,0.4666666666666667,N4 O7,de-protonated,0,-9999,C15 H26 O7 N4,15,26,7,4,-9999,-9999,-9999,N/A,-9999,-9999,N/A,-9999
786,373.193998,373.1939146560861,373.19380540393905,1175695,-9999,607550.8,13.77,-1,0.2927490903857048,0.9845697642986964,0,0.5907418585792178,8,1.4090909090909092,0.13636363636363635,P1 O3,de-protonated,0,-9999,C22 H31 O3 P1,22,31,3,-9999,1,-9999,-9999,N/A,-9999,-9999,N/A,-9999
786,373.193998,373.1939146560861,373.19400210842906,1175695,-9999,607550.8,13.77,-1,-0.23433480293025497,0.990085619354009,0,0.5940513716124054,0,2.5,0.75,N4 O9,de-protonated,0,-9999,C12 H30 O9 N4,12,30,9,4,-9999,-9999,-9999,N/A,-9999,-9999,N/A,-9999
787,374.111835,374.1117523836633,374.1115020607391,1642407.9,-9999,493410.9,19.94,-1,0.6691131463151869,0.9219753166695146,0.9788223954430896,0.9447141481789446,15,0.8181818181818182,0.2272727272727273,13C1 O5,de-protonated,1,776,C22 H18 O5 13C1,22,18,5,-9999,-9999,-9999,1,N/A,-9999,-9999,N/A,-9999
788,374.112543,374.11246038422456,374.11250438233907,3611816,-9999,302356.1,45.98,-1,-0.11760663968993748,0.6649956476330361,0.9622544379409508,0.78389916375620206,1,2.25,0.6666666666666666,13C1 S1 P1 O8,de-protonated,1,777,C12 H27 O8 P1 S1 13C1,12,27,8,-9999,1,1,1,N/A,-9999,-9999,N/A,-9999
788,374.112543,374.11246038422456,374.1126407279591,3611816,-9999,302356.1,45.98,-1,-0.4820573135156512,0.9587116661298836,0,0.57522699967793,1,2.0833333333333335,0.8333333333333334,N1 S1 O10,de-protonated,0,-9999,C12 H25 O10 N1 S1,12,25,10,1,-9999,1,-9999,N/A,-9999,-9999,N/A,-9999
788,374.112543,374.11246038422456,374.1122606054391,3611816,-9999,302356.1,45.98,-1,0.5340075868212681,0.9495732063253512,0,0.5697439237952107,6,1.5714285714285714,0.5,N3 P1 O7,de-protonated,0,-9999,C14 H22 O7 N3 P1,14,22,7,3,1,-9999,-9999,N/A,-9999,-9999,N/A,-9999
795,375.043112,375.0430301218946,375.04278406293906,1844678.4,-9999,321788.8,22.61,-1,0.6560823618264031,0.924868688231442,0,0.5549212129388652,16,0.6190476190476191,0.23809523809523808,P1 O5,de-protonated,0,-9999,C21 H13 O5 P1,21,13,5,-9999,1,-9999,-9999,N/A,-9999,-9999,N/A,-9999
796,375.052225,375.0521431291186,375.05189565129905,1049545.3,-9999,427435.5,12.09,-1,0.6598495365503247,0.9240371393713432,0,0.5544222836228059,15,0.7272727272727273,0.09090909090909093,S2 O2,de-protonated,0,-9999,C22 H16 O2 S2,22,16,2,-9999,-9999,2,-9999,N/A,-9999,-9999,N/A,-9999
796,375.052225,375.0521431291186,375.0520285930291,1049545.3,-9999,427435.5,12.09,-1,0.3053872016464864,0.983220227160962,0,0.5899321362965773,2,1.9090909090909092,0.9090909090909092,S1 P1 O10,de-protonated,0,-9999,C11 H21 O10 P1 S1,11,21,10,-9999,1,1,-9999,N/A,-9999,-9999,N/A,-9999
796,375.052225,375.0521431291186,375.0523636819491,1049545.3,-9999,427435.5,12.09,-1,-0.5880587669076011,0.9391807416986122,0,0.5635084450191673,21,0.3636363636363637,0.13636363636363635,N4 O3,de-protonated,0,-9999,C22 H8 O3 N4,22,8,3,4,-9999,-9999,-9999,N/A,-9999,-9999,N/A,-9999
798,375.079385,375.0793031506485,375.07916957228906,3748305.8,-9999,291162.2,47.78,-1,0.3561337719848191,0.4886247108098394,0.8077896627745539,0.6162906915957251,15,0.7727272727272727,0.18181818181818185,P1 O4,de-protonated,0,-9999,C22 H17 O4 P1,22,17,4,-9999,1,-9999,-9999,N/A,-9999,-9999,N/A,-9999
798,375.079385,375.0793031506485,375.079366276779,3748305.8,-9999,291162.2,47.78,-1,-0.16830072840935673,0.9948736263646502,0,0.5969241758187901,7,1.3333333333333333,0.8333333333333334,N4 O10,de-protonated,0,-9999,C12 H16 O10 N4,12,16,10,4,-9999,-9999,-9999,N/A,-9999,-9999,N/A,-9999
800,375.092442,375.0923601609989,375.0921204946191,2965973.8,-9999,341555.6,37.43,-1,0.6389533842568342,0.9285987963026112,0,0.5571592777815667,15,0.8,0.1,N4 S1 O2,de-protonated,0,-9999,C20 H16 O2 N4 S1,20,16,2,4,-9999,1,-9999,N/A,-9999,-9999,N/A,-9999
801,375.095234,375.09515216321216,375.09549179793913,1287254.5,-9999,277774.2,15.24,-1,-0.9054620340596368,0.8617735108751647,0,0.5170641065250988,10,1.1764705882352942,0.1176470588235294,N4 S2 O2,de-protonated,0,-9999,C17 H20 O2 N4 S2,17,20,2,4,-9999,2,-9999,N/A,-9999,-9999,N/A,-9999
802,375.100709,375.1006271675522,375.1002989403491,1280728.3,-9999,318081.2,15.15,-1,0.8750385004760313,0.8702855733340699,0,0.5221713440004419,10,1.105263157894737,0.3157894736842105,P1 O6,de-protonated,0,-9999,C19 H21 O6 P1,19,21,6,-9999,1,-9999,-9999,N/A,-9999,-9999,N/A,-9999
803,375.103117,375.10303516946107,375.1026679220691,2168793,-9999,519688.1,26.89,-1,0.9790583309156772,0.840356909957469,0,0.5042141459744814,19,0.6153846153846154,0.1153846153846154,O3,de-protonated,0,-9999,C26 H16 O3,26,16,3,-9999,-9999,-9999,-9999,N/A,-9999,-9999,N/A,-9999
804,375.106059,375.10597717179326,375.1060392253891,9484762,-9999,537279.8,123.64,-1,-0.165429476909498,0.9936272496429942,0.9421424660080012,0.973033336188997,14,0.8695652173913043,0.13043478260869565,S1 O3,de-protonated,0,-9999,C23 H20 O3 S1,23,20,3,-9999,-9999,1,-9999,N/A,-9999,-9999,N/A,-9999
804,375.106059,375.10597717179326,375.1061721671191,9484762,-9999,537279.8,123.64,-1,-0.5198403553725006,0.9483120653515448,0.973529568231581,0.9583990665035592,1,2.0833333333333335,0.9166666666666666,P1 O11,de-protonated,0,-9999,C12 H25 O11 P1,12,25,11,-9999,1,-9999,-9999,N/A,-9999,-9999,N/A,-9999
805,375.107099,375.1070171726177,375.1070415469891,25419738,-9999,386530,334.35,-1,-0.06497977573138736,0.6427502735389188,0.927254688549752,0.756552039543252,0,2.230769230769231,0.4615384615384616,S2 P1 O6,de-protonated,0,-9999,C13 H29 O6 P1 S2,13,29,6,-9999,1,2,-9999,N/A,-9999,-9999,N/A,-9999
806,375.111669,375.11158717624033,375.11191245215906,1070939.6,-9999,363932,12.37,-1,-0.8671436654726473,0.8724602479188408,0,0.5234761487513044,5,1.5,0.5,S1 O8,de-protonated,0,-9999,C16 H24 O8 S1,16,24,8,-9999,-9999,1,-9999,N/A,-9999,-9999,N/A,-9999
806,375.111669,375.11158717624033,375.1115323296391,1070939.6,-9999,363932,12.37,-1,0.1462141163830297,0.9961284009920274,0,0.5976770405952164,10,1.1666666666666667,0.2777777777777778,N2 P1 O5,de-protonated,0,-9999,C18 H21 O5 N2 P1,18,21,5,2,1,-9999,-9999,N/A,-9999,-9999,N/A,-9999
807,375.115693,375.1156111794302,375.1155550816391,5889501,-9999,299375.8,76.09,-1,0.14954802673357395,0.9542659038934146,0.9820920845330232,0.965396376149258,14,0.9130434782608696,0.13043478260869565,P1 O3,de-protonated,0,-9999,C23 H21 O3 P1,23,21,3,-9999,1,-9999,-9999,N/A,-9999,-9999,N/A,-9999
807,375.115693,375.1156111794302,375.1152837554791,5889501,-9999,299375.8,76.09,-1,0.8728621980248752,0.4354432361858501,0.8767281105990777,0.6119571859511412,0,2.1538461538461537,0.6153846153846154,S2 O8,de-protonated,0,-9999,C13 H28 O8 S2,13,28,8,-9999,-9999,2,-9999,N/A,-9999,-9999,N/A,-9999
807,375.115693,375.1156111794302,375.11575178612907,5889501,-9999,299375.8,76.09,-1,-0.3748354960369922,0.9842499486970696,0.9419730702070612,0.967339197301066,6,1.5384615384615383,0.6923076923076923,N4 O9,de-protonated,0,-9999,C13 H20 O9 N4,13,20,9,4,-9999,-9999,-9999,N/A,-9999,-9999,N/A,-9999
808,375.128285,375.128203189412,375.1285060039691,1641888.8,-9999,402360.2,19.92,-1,-0.8072288623340598,0.888486958839556,0,0.5330921753037335,14,0.9523809523809524,0.04761904761904761,N4 S1 O1,de-protonated,0,-9999,C21 H20 O1 N4 S1,21,20,1,4,-9999,1,-9999,N/A,-9999,-9999,N/A,-9999
809,375.12885,375.12876818985984,375.1285060039691,2224097,-9999,351096.6,27.62,-1,0.6989228665295332,0.9151782311091476,0,0.5491069386654885,14,0.9523809523809524,0.04761904761904761,N4 S1 O1,de-protonated,0,-9999,C21 H20 O1 N4 S1,21,20,1,4,-9999,1,-9999,N/A,-9999,-9999,N/A,-9999
809,375.12885,375.12876818985984,375.1286389456991,2224097,-9999,351096.6,27.62,-1,0.3445329077229422,0.9786918071778206,0,0.5872150843066923,1,2.5,0.9,N4 P1 O9,de-protonated,0,-9999,C10 H25 O9 N4 P1,10,25,9,4,1,-9999,-9999,N/A,-9999,-9999,N/A,-9999
810,375.136739,375.1366571961135,375.1366844496991,1085667.4,-9999,454864.7,12.57,-1,-0.07264974798617634,0.9990427748278452,0,0.599425664896707,9,1.25,0.25,P1 O5,de-protonated,0,-9999,C20 H25 O5 P1,20,25,5,-9999,1,-9999,-9999,N/A,-9999,-9999,N/A,-9999
811,375.150979,375.15089720740167,375.1507998849591,1809127.8,-9999,472822.7,22.14,-1,0.2594221912908136,0.987862783866672,0,0.5927176703200032,0,2.1538461538461537,0.9230769230769232,O12,de-protonated,0,-9999,C13 H28 O12,13,28,12,-9999,-9999,-9999,-9999,N/A,-9999,-9999,N/A,-9999
812,375.152177,375.15209520835134,375.1519405909891,4400616,-9999,333394.7,56.4,-1,0.4121459747316073,0.4848242448562789,0.7939170211058493,0.6084613553561071,13,1.0416666666666667,0.08333333333333333,P1 O2,de-protonated,0,-9999,C24 H25 O2 P1,24,25,2,-9999,1,-9999,-9999,N/A,-9999,-9999,N/A,-9999
812,375.152177,375.15209520835134,375.15213729547906,4400616,-9999,333394.7,56.4,-1,-0.11218682646367333,0.9977189135173128,0,0.5986313481103877,5,1.7142857142857142,0.5714285714285714,N4 O8,de-protonated,0,-9999,C14 H24 O8 N4,14,24,8,4,-9999,-9999,-9999,N/A,-9999,-9999,N/A,-9999
814,375.188521,375.1884392371615,375.1883261003391,1365235.4,-9999,376746.9,16.27,-1,0.3015467553808634,0.9836361565470416,0,0.5901816939282251,12,1.16,0.04,P1 O1,de-protonated,0,-9999,C25 H29 O1 P1,25,29,1,-9999,1,-9999,-9999,N/A,-9999,-9999,N/A,-9999
814,375.188521,375.1884392371615,375.1885228048291,1365235.4,-9999,376746.9,16.27,-1,-0.2227351385680621,0.9910385550184148,0,0.5946231330110489,4,1.8666666666666667,0.4666666666666667,N4 O7,de-protonated,0,-9999,C15 H28 O7 N4,15,28,7,4,-9999,-9999,-9999,N/A,-9999,-9999,N/A,-9999
815,376.109397,376.10931596714784,376.1093940604591,1561360.6,-9999,444995,18.86,-1,-0.20763456728569973,0.9922078808285512,0.9421424660080012,0.9721817149003312,14,0.9090909090909092,0.13636363636363635,13C1 S1 O3,de-protonated,1,804,C22 H20 O3 S1 13C1,22,20,3,-9999,-9999,1,1,N/A,-9999,-9999,N/A,-9999
815,376.109397,376.10931596714784,376.1095270021891,1561360.6,-9999,444995,18.86,-1,-0.5610999619100998,0.944474996993086,0.973529568231581,0.956096825488484,1,2.272727272727273,1,13C1 P1 O11,de-protonated,1,804,C11 H25 O11 P1 13C1,11,25,11,-9999,1,-9999,1,N/A,-9999,-9999,N/A,-9999
815,376.109397,376.10931596714784,376.10915028355913,1561360.6,-9999,444995,18.86,-1,0.4405199623029915,0.965401174052261,0,0.5792407044313566,19,0.625,0.08333333333333333,N3 O2,de-protonated,0,-9999,C24 H15 O2 N3,24,15,2,3,-9999,-9999,-9999,N/A,-9999,-9999,N/A,-9999
816,376.110717,376.11063596819423,376.1103963820591,4127505,-9999,336480.9,52.79,-1,0.637010136877993,0.6193444472805146,0.927254688549752,0.7425085437882095,0,2.4166666666666665,0.5,13C1 S2 P1 O6,de-protonated,1,805,C12 H29 O6 P1 S2 13C1,12,29,6,-9999,1,2,1,N/A,-9999,-9999,N/A,-9999
816,376.110717,376.11063596819423,376.1108040538391,4127505,-9999,336480.9,52.79,-1,-0.4469045905122586,0.48220459409665734,0.8077896627745538,0.6124386215678159,14,0.9090909090909092,0.13636363636363635,N1 P1 O3,de-protonated,0,-9999,C22 H20 O3 N1 P1,22,20,3,1,1,-9999,-9999,N/A,-9999,-9999,N/A,-9999
816,376.110717,376.11063596819423,376.1105327276791,4127505,-9999,336480.9,52.79,-1,0.2744951448457235,0.98642131327619,0,0.59185278796571406,0,2.25,0.6666666666666666,N1 S2 O8,de-protonated,0,-9999,C12 H27 O8 N1 S2,12,27,8,1,-9999,2,-9999,N/A,-9999,-9999,N/A,-9999
817,376.119258,376.1191769749647,376.11890991670913,1304211.6,-9999,367311.4,15.46,-1,0.7100367690820597,0.912581614633094,0.9820920845330232,0.9403858025930656,14,0.9545454545454546,0.13636363636363635,13C1 P1 O3,de-protonated,1,807,C22 H21 O3 P1 13C1,22,21,3,-9999,1,-9999,1,N/A,-9999,-9999,N/A,-9999
817,376.119258,376.1191769749647,376.11904626232905,1304211.6,-9999,367311.4,15.46,-1,0.3475299561811448,0.9783235447851112,0,0.5869941268710668,14,0.8636363636363636,0.2272727272727273,N1 O5,de-protonated,0,-9999,C22 H19 O5 N1,22,19,5,1,-9999,-9999,-9999,N/A,-9999,-9999,N/A,-9999
817,376.119258,376.1191769749647,376.1191066211991,1304211.6,-9999,367311.4,15.46,-1,0.18705182586539135,0.9936715131646656,0.9419730702070612,0.9729921359816238,6,1.6666666666666667,0.75,13C1 N4 O9,de-protonated,1,807,C12 H20 O9 N4 13C1,12,20,9,4,-9999,-9999,1,N/A,-9999,-9999,N/A,-9999
823,377.031396,377.0313156980243,377.0311602064091,1054895.8,-9999,445691.6,12.15,-1,0.4124105156666441,0.969610112550337,0,0.5817660675302022,15,0.6666666666666666,0.14285714285714285,S2 O3,de-protonated,0,-9999,C21 H14 O3 S2,21,14,3,-9999,-9999,2,-9999,N/A,-9999,-9999,N/A,-9999
824,377.050091,377.050010712844,377.04992059274906,1060021.6,-9999,374076.3,12.22,-1,0.2390136956542264,0.989687820605751,0,0.5938126923634506,1,2.090909090909091,0.7272727272727273,S2 P1 O8,de-protonated,0,-9999,C11 H23 O8 P1 S2,11,23,8,-9999,1,2,-9999,N/A,-9999,-9999,N/A,-9999
824,377.050091,377.050010712844,377.0502556816691,1060021.6,-9999,374076.3,12.22,-1,-0.6496980744474236,0.926268742911994,0,0.5557612457471964,20,0.4545454545454546,0.04545454545454545,N4 S1 O1,de-protonated,0,-9999,C22 H10 O1 N4 S1,22,10,1,4,-9999,1,-9999,N/A,-9999,-9999,N/A,-9999
825,377.057522,377.05744171873465,377.0577826787191,1588279.9,-9999,523009.4,19.21,-1,-0.9042645453952805,0.8621124461220574,0,0.5172674676732344,6,1.4615384615384617,0.5384615384615384,N2 S1 P1 O7,de-protonated,0,-9999,C13 H19 O7 N2 P1 S1,13,19,7,2,1,1,-9999,N/A,-9999,-9999,N/A,-9999
826,377.058765,377.05868471972,377.0584341273991,3856440.3,-9999,378662.4,49.2,-1,0.664598105190925,0.4614916274676896,0.8149093904448103,0.6028587326585378,15,0.7142857142857143,0.23809523809523808,P1 O5,de-protonated,0,-9999,C21 H15 O5 P1,21,15,5,-9999,1,-9999,-9999,N/A,-9999,-9999,N/A,-9999
827,377.066641,377.06656072596337,377.0666763358891,2270266.8,-9999,403914.9,28.23,-1,-0.30660340195560576,0.9830874494521578,0,0.5898524696712947,15,0.6666666666666666,0.3333333333333333,O7,de-protonated,0,-9999,C21 H14 O7,21,14,7,-9999,-9999,-9999,-9999,N/A,-9999,-9999,N/A,-9999
827,377.066641,377.06656072596337,377.0665141445591,2270266.8,-9999,403914.9,28.23,-1,0.1235363059708508,0.9972347023791084,0,0.598340821427465,10,1.1875,0.0625,N4 S2 P1 O1,de-protonated,0,-9999,C16 H19 O1 N4 P1 S2,16,19,1,4,1,2,-9999,N/A,-9999,-9999,N/A,-9999
828,377.067879,377.0677987269447,377.0675457157591,5725243,-9999,313829.1,73.91,-1,0.6709969831909167,0.46077653927433954,0.8077896627745539,0.5995817886744252,14,0.8181818181818182,0.09090909090909093,S2 O2,de-protonated,0,-9999,C22 H18 O2 S2,22,18,2,-9999,-9999,2,-9999,N/A,-9999,-9999,N/A,-9999
828,377.067879,377.0677987269447,377.067678657489,5725243,-9999,313829.1,73.91,-1,0.31842945562146463,0.9817698073396366,0,0.5890618844037819,1,2.090909090909091,0.9090909090909092,S1 P1 O10,de-protonated,0,-9999,C11 H23 O10 P1 S1,11,23,10,-9999,1,1,-9999,N/A,-9999,-9999,N/A,-9999
828,377.067879,377.0677987269447,377.0680137464091,5725243,-9999,313829.1,73.91,-1,-0.5702405310638439,0.4713522331144085,0.8077896627745539,0.6059272049784667,20,0.4545454545454546,0.13636363636363635,N4 O3,de-protonated,0,-9999,C22 H10 O3 N4,22,10,3,4,-9999,-9999,-9999,N/A,-9999,-9999,N/A,-9999
829,377.071961,377.07188073018057,377.0720364984091,1057468.4,-9999,325275.5,12.19,-1,-0.4130993906902157,0.9695100684952648,0,0.5817060410971588,24,0.3703703703703703,0.03703703703703703,N2 O1,de-protonated,0,-9999,C27 H10 O1 N2,27,10,1,2,-9999,-9999,-9999,N/A,-9999,-9999,N/A,-9999
830,377.093955,377.0938747476154,377.0941681880691,2689091.3,-9999,309425.2,33.76,-1,-0.7781622693463991,0.8959471916792341,0,0.5375683150075404,5,1.6428571428571428,0.42857142857142855,N2 S1 P1 O6,de-protonated,0,-9999,C14 H23 O6 N2 P1 S1,14,23,6,2,1,1,-9999,N/A,-9999,-9999,N/A,-9999
831,377.095185,377.0951047485904,377.09481963674904,6403139.5,-9999,311313.2,82.88,-1,0.7560746701674087,0.9495134922479316,0.9562287955525828,0.952199613569792,14,0.8636363636363636,0.18181818181818185,P1 O4,de-protonated,0,-9999,C22 H19 O4 P1,22,19,4,-9999,1,-9999,-9999,N/A,-9999,-9999,N/A,-9999
831,377.095185,377.0951047485904,377.09501634123905,6403139.5,-9999,311313.2,82.88,-1,0.23444317092294217,0.9664521749967516,0.9647036501266087,0.9657527650486946,6,1.5,0.8333333333333334,N4 O10,de-protonated,0,-9999,C12 H18 O10 N4,12,18,10,4,-9999,-9999,-9999,N/A,-9999,-9999,N/A,-9999
832,377.108102,377.1080217588298,377.10777055907914,2120263.8,-9999,358634.8,26.24,-1,0.6661219160030564,0.9226437191931144,0,0.5535862315158686,14,0.9,0.1,N4 S1 O2,de-protonated,0,-9999,C20 H18 O2 N4 S1,20,18,2,4,-9999,1,-9999,N/A,-9999,-9999,N/A,-9999
833,377.130297,377.130216776424,377.1305536974191,4192846.8,-9999,458396.4,53.65,-1,-0.8933802679016011,0.8651785889892826,0,0.5191071533935695,4,1.8,0.3333333333333333,N2 S1 P1 O5,de-protonated,0,-9999,C15 H27 O5 N2 P1 S1,15,27,5,2,1,1,-9999,N/A,-9999,-9999,N/A,-9999
834,377.131437,377.1313567773277,377.13120514609903,9289295,-9999,319357.8,121.04,-1,0.4020649222506012,0.9765540212448596,0.9667565061276426,0.9726350151979728,13,1,0.13043478260869565,P1 O3,de-protonated,0,-9999,C23 H23 O3 P1,23,23,3,-9999,1,-9999,-9999,N/A,-9999,-9999,N/A,-9999
834,377.131437,377.1313567773277,377.13140185058904,9289295,-9999,319357.8,121.04,-1,-0.11951606551959808,0.9949469724399516,0.9573086486124418,0.9798916429089476,5,1.6923076923076923,0.6923076923076923,N4 O9,de-protonated,0,-9999,C13 H22 O9 N4,13,22,9,4,-9999,-9999,-9999,N/A,-9999,-9999,N/A,-9999
837,377.167861,377.16778080620134,377.1675906554491,5707866.5,-9999,297781.7,73.68,-1,0.5041545375510834,0.9730196037591125,0.9545070389465228,0.9656145778340766,12,1.125,0.08333333333333333,P1 O2,de-protonated,0,-9999,C24 H27 O2 P1,24,27,2,-9999,1,-9999,-9999,N/A,-9999,-9999,N/A,-9999
837,377.167861,377.16778080620134,377.16778735993904,5707866.5,-9999,297781.7,73.68,-1,-0.01737618620956789,0.9524399677502516,0.970917312507848,0.95983090565329,4,1.8571428571428572,0.5714285714285714,N4 O8,de-protonated,0,-9999,C14 H26 O8 N4,14,26,8,4,-9999,-9999,-9999,N/A,-9999,-9999,N/A,-9999
840,377.204304,377.20422383509,377.2039761647991,1417317.9,-9999,465864.1,16.95,-1,0.6565951223725688,0.9247557398473376,0,0.5548534439084025,11,1.24,0.04,P1 O1,de-protonated,0,-9999,C25 H31 O1 P1,25,31,1,-9999,1,-9999,-9999,N/A,-9999,-9999,N/A,-9999
840,377.204304,377.20422383509,377.2041728692891,1417317.9,-9999,465864.1,16.95,-1,0.1351146263660026,0.9966929599736076,0,0.5980157759841647,3,2,0.4666666666666667,N4 O7,de-protonated,0,-9999,C15 H30 O7 N4,15,30,7,4,-9999,-9999,-9999,N/A,-9999,-9999,N/A,-9999
841,378.09821,378.0981305436969,378.09817447181905,1116158,-9999,585431.4,12.96,-1,-0.11618178846298488,0.9975537648179318,0.9562287955525828,0.981023777111792,14,0.9047619047619048,0.1904761904761905,13C1 P1 O4,de-protonated,1,831,C21 H19 O4 P1 13C1,21,19,4,-9999,1,-9999,1,N/A,-9999,-9999,N/A,-9999
841,378.09821,378.0981305436969,378.0983108174391,1116158,-9999,585431.4,12.96,-1,-0.47679065735615256,0.9595905379656208,0,0.5757543227793723,14,0.8095238095238095,0.2857142857142857,N1 O6,de-protonated,0,-9999,C21 H17 O6 N1,21,17,6,1,-9999,-9999,-9999,N/A,-9999,-9999,N/A,-9999
841,378.09821,378.0981305436969,378.0983711763091,1116158,-9999,585431.4,12.96,-1,0.5696077150315698,0.942827856898832,0.9647036501266087,0.9515781741899428,6,1.6363636363636365,0.9090909090909092,13C1 N4 O10,de-protonated,1,831,C11 H18 O10 N4 13C1,11,18,10,4,-9999,-9999,1,N/A,-9999,-9999,N/A,-9999
842,378.098666,378.0985865440584,378.0983108174391,1131518.1,-9999,456073.4,13.16,-1,0.7292458374036844,0.9080150559366138,0,0.5448090335619683,14,0.8095238095238095,0.2857142857142857,N1 O6,de-protonated,0,-9999,C21 H17 O6 N1,21,17,6,1,-9999,-9999,-9999,N/A,-9999,-9999,N/A,-9999
842,378.098666,378.0985865440584,378.0983711763091,1131518.1,-9999,456073.4,13.16,-1,0.5696077150315698,0.942827856898832,0.9647036501266087,0.9515781741899428,6,1.6363636363636365,0.9090909090909092,13C1 N4 O10,de-protonated,1,831,C11 H18 O10 N4 13C1,11,18,10,4,-9999,-9999,1,N/A,-9999,-9999,N/A,-9999
843,378.134759,378.1346795726696,378.1345599811691,1848457.5,-9999,296346.4,22.64,-1,0.3162670465739601,0.982014331363006,0.9667565061276426,0.9759112012688608,13,1.0454545454545454,0.13636363636363635,13C1 P1 O3,de-protonated,1,834,C22 H23 O3 P1 13C1,22,23,3,-9999,1,-9999,1,N/A,-9999,-9999,N/A,-9999
843,378.134759,378.1346795726696,378.1346963267891,1848457.5,-9999,296346.4,22.64,-1,-0.04430727898891656,0.9996438551730176,0,0.5997863131038105,13,0.9545454545454546,0.2272727272727273,N1 O5,de-protonated,0,-9999,C22 H21 O5 N1,22,21,5,1,-9999,-9999,-9999,N/A,-9999,-9999,N/A,-9999
843,378.134759,378.1346795726696,378.1347566856591,1848457.5,-9999,296346.4,22.64,-1,-0.2039299169204113,0.9924824183407824,0.9573086486124418,0.9784129104494462,5,1.8333333333333333,0.75,13C1 N4 O9,de-protonated,1,834,C12 H22 O9 N4 13C1,12,22,9,4,-9999,-9999,1,N/A,-9999,-9999,N/A,-9999
844,378.170941,378.1708616013515,378.1709454905191,1091988.9,-9999,274576.7,12.64,-1,-0.22182869579756517,0.9911110210994704,0.9545070389465228,0.9764694282382912,12,1.173913043478261,0.08695652173913043,13C1 P1 O2,de-protonated,1,837,C23 H27 O2 P1 13C1,23,27,2,-9999,1,-9999,1,N/A,-9999,-9999,N/A,-9999
844,378.170941,378.1708616013515,378.1710818361391,1091988.9,-9999,274576.7,12.64,-1,-0.5823681349079196,0.940316459047416,0,0.5641898754284496,12,1.0869565217391304,0.17391304347826086,N1 O4,de-protonated,0,-9999,C23 H25 O4 N1,23,25,4,1,-9999,-9999,-9999,N/A,-9999,-9999,N/A,-9999
844,378.170941,378.1708616013515,378.17114219500905,1091988.9,-9999,274576.7,12.64,-1,-0.7419753288144164,0.904934719136853,0.970917312507848,0.9313277564852508,4,2,0.6153846153846154,13C1 N4 O8,de-protonated,1,837,C13 H26 O8 N4 13C1,13,26,8,4,-9999,-9999,1,N/A,-9999,-9999,N/A,-9999
849,379.038032,379.0379532887019,379.0376986825091,2060454,-9999,487377.8,24.86,-1,0.6717173349681603,0.9213913583279656,0,0.5528348149967792,15,0.65,0.3,P1 O6,de-protonated,0,-9999,C20 H13 O6 P1,20,13,6,-9999,1,-9999,-9999,N/A,-9999,-9999,N/A,-9999
850,379.064568,379.0644893097372,379.06456833560907,2221230.5,-9999,508475.4,26.94,-1,-0.20847601822098696,0.9921448460449448,0,0.5952869076269669,14,0.7619047619047619,0.23809523809523808,S1 O5,de-protonated,0,-9999,C21 H16 O5 S1,21,16,5,-9999,-9999,1,-9999,N/A,-9999,-9999,N/A,-9999
850,379.064568,379.0644893097372,379.0641882130891,2221230.5,-9999,508475.4,26.94,-1,0.7943157319476389,0.8918272979980927,0,0.5350963787988556,19,0.5652173913043478,0.08695652173913043,N2 P1 O2,de-protonated,0,-9999,C23 H13 O2 N2 P1,23,13,2,2,1,-9999,-9999,N/A,-9999,-9999,N/A,-9999
851,379.065849,379.0657703107526,379.0655706572091,5131951,-9999,273539.5,64.55,-1,0.5266992283919222,0.950909810927045,0,0.570545886556227,0,2.272727272727273,0.7272727272727273,S2 P1 O8,de-protonated,0,-9999,C11 H25 O8 P1 S2,11,25,8,-9999,1,2,-9999,N/A,-9999,-9999,N/A,-9999
851,379.065849,379.0657703107526,379.06590574612915,5131951,-9999,273539.5,64.55,-1,-0.35728714829052394,0.9602126667907716,0.9979407262921552,0.975303890591325,19,0.5454545454545454,0.04545454545454545,N4 S1 O1,de-protonated,0,-9999,C22 H12 O1 N4 S1,22,12,1,4,-9999,1,-9999,N/A,-9999,-9999,N/A,-9999
851,379.065849,379.0657703107526,379.0660386878591,5131951,-9999,273539.5,64.55,-1,-0.7079956498806105,0.9130610103148384,0,0.5478366061889031,6,1.5454545454545454,0.8181818181818182,N4 P1 O9,de-protonated,0,-9999,C11 H17 O9 N4 P1,11,17,9,4,1,-9999,-9999,N/A,-9999,-9999,N/A,-9999
852,379.073282,379.0732033166449,379.0734327431791,2466225.3,-9999,403799.3,30.1,-1,-0.6052297904044984,0.9356954623898556,0,0.5614172774339133,5,1.6153846153846154,0.5384615384615384,N2 S1 P1 O7,de-protonated,0,-9999,C13 H21 O7 N2 P1 S1,13,21,7,2,1,1,-9999,N/A,-9999,-9999,N/A,-9999
853,379.074451,379.07437231757154,379.0740841918591,6873265.5,-9999,350175.5,87.05,-1,0.7600775797875228,0.9321916908305984,0.9573874512759624,0.942269995008744,14,0.8095238095238095,0.23809523809523808,P1 O5,de-protonated,0,-9999,C21 H17 O5 P1,21,17,5,-9999,1,-9999,-9999,N/A,-9999,-9999,N/A,-9999
854,379.087564,379.0874853279663,379.0876865628691,1449781.8,-9999,301648.6,16.97,-1,-0.5308399875562461,0.9501545498864064,0,0.5700927299318439,23,0.4444444444444444,0.03703703703703703,N2 O1,de-protonated,0,-9999,C27 H12 O1 N2,27,12,1,2,-9999,-9999,-9999,N/A,-9999,-9999,N/A,-9999
855,379.109545,379.1094663453909,379.1098182525291,5000380.5,-9999,524273.8,62.85,-1,-0.9282459099750784,0.926581002157369,0.893531023489326,0.9133610106901516,4,1.7857142857142858,0.42857142857142855,N2 S1 P1 O6,de-protonated,0,-9999,C14 H25 O6 N2 P1 S1,14,25,6,2,1,1,-9999,N/A,-9999,-9999,N/A,-9999
856,379.110717,379.11063834631994,379.110469701209,13045949,-9999,327470.8,166.81,-1,0.44484424555261465,0.9768938234335072,0.9630719340187116,0.9713650676675888,13,0.9545454545454546,0.18181818181818185,P1 O4,de-protonated,0,-9999,C22 H21 O4 P1,22,21,4,-9999,1,-9999,-9999,N/A,-9999,-9999,N/A,-9999
856,379.110717,379.11063834631994,379.1106664056991,13045949,-9999,327470.8,166.81,-1,-0.0740136894567237,0.99287329885073194,0.9595964976562624,0.9795625783729442,5,1.6666666666666667,0.8333333333333334,N4 O10,de-protonated,0,-9999,C12 H20 O10 N4,12,20,10,4,-9999,-9999,-9999,N/A,-9999,-9999,N/A,-9999
857,379.142904,379.1428253718348,379.1428324585591,1180359.1,-9999,468017.3,13.49,-1,-0.01869143677390936,0.9999366093164536,0,0.5999619655898721,8,1.3888888888888888,0.2777777777777778,N2 P1 O5,de-protonated,0,-9999,C18 H25 O5 N2 P1,18,25,5,2,1,-9999,-9999,N/A,-9999,-9999,N/A,-9999
858,379.145919,379.1458403742248,379.14620376187906,5006536,-9999,472963.5,62.93,-1,-0.9584367472370336,0.8573642489055493,0.950710532157461,0.894702762206314,3,1.9333333333333331,0.3333333333333333,N2 S1 P1 O5,de-protonated,0,-9999,C15 H29 O5 N2 P1 S1,15,29,5,2,1,1,-9999,N/A,-9999,-9999,N/A,-9999
859,379.147127,379.1470483751824,379.14685521055907,12944585,-9999,349020.6,165.5,-1,0.5094717803551523,0.9749529476899996,0.9481247769751996,0.9642216794040795,12,1.0869565217391304,0.13043478260869565,P1 O3,de-protonated,0,-9999,C23 H25 O3 P1,23,25,3,-9999,1,-9999,-9999,N/A,-9999,-9999,N/A,-9999
859,379.147127,379.1470483751824,379.1470519150491,12944585,-9999,349020.6,165.5,-1,-0.0093363950750886,0.9879096051928536,0.9759403777648848,0.983121914221666,4,1.8461538461538465,0.6923076923076923,N4 O9,de-protonated,0,-9999,C13 H24 O9 N4,13,24,9,4,-9999,-9999,-9999,N/A,-9999,-9999,N/A,-9999
862,379.183559,379.1834804040624,379.1832407199091,4575956,-9999,362438.5,57.36,-1,0.6321064000671518,0.46503316857397325,0.7939170211058493,0.5965867095867237,11,1.2083333333333333,0.08333333333333333,P1 O2,de-protonated,0,-9999,C24 H29 O2 P1,24,29,2,-9999,1,-9999,-9999,N/A,-9999,-9999,N/A,-9999
862,379.183559,379.1834804040624,379.1834374243991,4575956,-9999,362438.5,57.36,-1,0.11334794472465826,0.997671506604106,0,0.5986029039624635,3,2,0.5714285714285714,N4 O8,de-protonated,0,-9999,C14 H28 O8 N4,14,28,8,4,-9999,-9999,-9999,N/A,-9999,-9999,N/A,-9999
863,379.204618,379.204539420756,379.20437008796904,1094874.8,-9999,432217.7,12.38,-1,0.4465475620503283,0.9644650097411606,0,0.5786790058446963,6,1.5714285714285714,0.1904761904761905,P1 O4,de-protonated,0,-9999,C21 H33 O4 P1,21,33,4,-9999,1,-9999,-9999,N/A,-9999,-9999,N/A,-9999
864,380.069554,380.0694761063982,380.06933316405906,1204972.8,-9999,373714.6,13.8,-1,0.3760954296491328,0.9746610470790992,0,0.5847966282474596,14,0.8,0.25,N1 P1 O5,de-protonated,0,-9999,C20 H16 O5 N1 P1,20,16,5,1,1,-9999,-9999,N/A,-9999,-9999,N/A,-9999
864,380.069554,380.0694761063982,380.0692605811992,1204972.8,-9999,373714.6,13.8,-1,0.5670682199434148,0.94332180806614,0.9979407262921552,0.965169375356546,19,0.5714285714285714,0.04761904761904761,13C1 N4 S1 O1,de-protonated,1,851,C21 H12 O1 N4 S1 13C1,21,12,1,4,-9999,1,1,N/A,-9999,-9999,N/A,-9999
865,380.077688,380.0776101128461,380.0774390269291,1141999.4,-9999,398456.3,12.99,-1,0.4501343659588036,0.963902332124346,0.9573874512759624,0.9612963797849926,14,0.85,0.25,13C1 P1 O5,de-protonated,1,853,C20 H17 O5 P1 13C1,20,17,5,-9999,1,-9999,1,N/A,-9999,-9999,N/A,-9999
865,380.077688,380.0776101128461,380.07757537254906,1141999.4,-9999,398456.3,12.99,-1,0.09140317478412606,0.9984852280537372,0,0.5990911368322422,14,0.75,0.35,N1 O7,de-protonated,0,-9999,C20 H15 O7 N1,20,15,7,1,-9999,-9999,-9999,N/A,-9999,-9999,N/A,-9999
866,380.105965,380.1058871352615,380.10571867340906,1202936.4,-9999,307163.6,13.78,-1,0.44319736376425295,0.9649867973836596,0,0.5789920784301957,13,0.9523809523809524,0.1904761904761905,N1 P1 O4,de-protonated,0,-9999,C21 H20 O4 N1 P1,21,20,4,1,1,-9999,-9999,N/A,-9999,-9999,N/A,-9999
867,380.11321,380.11313214100466,380.11317308759914,1561594.6,-9999,473521.3,18.41,-1,-0.10772211378174816,0.99789667477762,0.893531023489326,0.9561504142623024,4,1.9230769230769231,0.4615384615384616,13C1 N2 S1 P1 O6,de-protonated,1,855,C13 H25 O6 N2 P1 S1 13C1,13,25,6,2,1,1,1,N/A,-9999,-9999,N/A,-9999
867,380.11321,380.11313214100466,380.11330943321906,1561594.6,-9999,473521.3,18.41,-1,-0.4664193807555081,0.9612953084052984,0,0.576777185043179,4,1.7692307692307692,0.6153846153846154,N3 S1 O8,de-protonated,0,-9999,C13 H23 O8 N3 S1,13,23,8,3,-9999,1,-9999,N/A,-9999,-9999,N/A,-9999
868,380.113996,380.1139181416277,380.1138245362791,2398203,-9999,342343.1,29.22,-1,0.24625610171543263,0.9890568927263226,0.9630719340187116,0.978662909243278,13,1,0.1904761904761905,13C1 P1 O4,de-protonated,1,856,C21 H21 O4 P1 13C1,21,21,4,-9999,1,-9999,1,N/A,-9999,-9999,N/A,-9999
868,380.113996,380.1139181416277,380.11396088189906,2398203,-9999,342343.1,29.22,-1,-0.1124406776344632,0.9977085906133027,0,0.5986251543679817,13,0.9047619047619048,0.2857142857142857,N1 O6,de-protonated,0,-9999,C21 H19 O6 N1,21,19,6,1,-9999,-9999,-9999,N/A,-9999,-9999,N/A,-9999
868,380.113996,380.1139181416277,380.1140212407691,2398203,-9999,342343.1,29.22,-1,-0.2712321451164317,0.9867400845287884,0.9595964976562624,0.975882649779778,5,1.818181818181818,0.9090909090909092,13C1 N4 O10,de-protonated,1,856,C11 H20 O10 N4 13C1,11,20,10,4,-9999,-9999,1,N/A,-9999,-9999,N/A,-9999
869,380.149301,380.1492231696143,380.1488467893991,1165830.1,-9999,455186.8,13.3,-1,0.9900864315790318,0.8370521446721021,0,0.5022312868032612,2,2,0.1875,N1 S2 P1 O3,de-protonated,0,-9999,C16 H32 O3 N1 P1 S2,16,32,3,1,1,2,-9999,N/A,-9999,-9999,N/A,-9999
869,380.149301,380.1492231696143,380.14955859694913,1165830.1,-9999,455186.8,13.3,-1,-0.882356239171664,0.8682571657454045,0.950710532157461,0.9012385123102272,3,2.0714285714285716,0.35714285714285715,13C1 N2 S1 P1 O5,de-protonated,1,858,C14 H29 O5 N2 P1 S1 13C1,14,29,5,2,1,1,1,N/A,-9999,-9999,N/A,-9999
870,380.150345,380.1502671704419,380.15021004562914,2236678.5,-9999,316402.3,27.13,-1,0.1502690550134319,0.9959111278142924,0.9481247769751996,0.9767965874786552,12,1.1363636363636365,0.13636363636363635,13C1 P1 O3,de-protonated,1,859,C22 H25 O3 P1 13C1,22,25,3,-9999,1,-9999,1,N/A,-9999,-9999,N/A,-9999
870,380.150345,380.1502671704419,380.15034639124906,2236678.5,-9999,316402.3,27.13,-1,-0.2083933576460224,0.9921510494291582,0,0.5952906296574949,12,1.0454545454545454,0.2272727272727273,N1 O5,de-protonated,0,-9999,C22 H23 O5 N1,22,23,5,1,-9999,-9999,-9999,N/A,-9999,-9999,N/A,-9999
870,380.150345,380.1502671704419,380.1504067501191,2236678.5,-9999,316402.3,27.13,-1,-0.36716961141279447,0.9758350268292492,0.9759403777648848,0.9758771672035036,4,2,0.75,13C1 N4 O9,de-protonated,1,859,C12 H24 O9 N4 13C1,12,24,9,4,-9999,-9999,1,N/A,-9999,-9999,N/A,-9999
877,380.987675,380.9875978342006,380.98732033490904,1375761.1,-9999,321459.9,16.01,-1,0.7283688373094263,0.9082256953411774,0,0.5449354172047064,6,1.25,0.6666666666666666,S2 P1 O8,de-protonated,0,-9999,C12 H15 O8 P1 S2,12,15,8,-9999,1,2,-9999,N/A,-9999,-9999,N/A,-9999
877,380.987675,380.9875978342006,380.9877883655591,1375761.1,-9999,321459.9,16.01,-1,-0.5000983346889624,0.9556342564830108,0,0.5733805538898065,12,0.5833333333333334,0.75,N4 P1 O9,de-protonated,0,-9999,C12 H7 O9 N4 P1,12,7,9,4,1,-9999,-9999,N/A,-9999,-9999,N/A,-9999
879,381.053547,381.0534698864179,381.05334874696905,4113702.3,-9999,307756.6,51.38,-1,0.31790679499511565,0.4909145283082327,0.8221557383861047,0.6234110123393815,14,0.75,0.3,P1 O6,de-protonated,0,-9999,C20 H15 O6 P1,20,15,6,-9999,1,-9999,-9999,N/A,-9999,-9999,N/A,-9999
880,381.088903,381.0888259144449,381.0890828076391,5268785.5,-9999,435389,66.31,-1,-0.6741027381641046,0.9547409699524192,0.9524685527187192,0.9538320030589392,4,1.7692307692307692,0.5384615384615384,N2 S1 P1 O7,de-protonated,0,-9999,C13 H23 O7 N2 P1 S1,13,23,7,2,1,1,-9999,N/A,-9999,-9999,N/A,-9999
881,381.089903,381.0898259152376,381.08973425631905,12732210,-9999,351788.9,162.75,-1,0.24051794190263776,0.9635977081947644,0.9641627777229104,0.9638237360060228,13,0.9047619047619048,0.23809523809523808,P1 O5,de-protonated,0,-9999,C21 H19 O5 P1,21,19,5,-9999,1,-9999,-9999,N/A,-9999,-9999,N/A,-9999
882,381.118373,381.118295937806,381.11807426166905,1355322.9,-9999,412489.4,15.74,-1,0.5816468751554401,0.940459714521156,0,0.5642758287126937,4,1.9166666666666667,0.6666666666666666,N4 P1 O8,de-protonated,0,-9999,C12 H23 O8 N4 P1,12,23,8,4,1,-9999,-9999,N/A,-9999,-9999,N/A,-9999
883,381.122249,381.12217194087856,381.12247713618905,1466428.1,-9999,452761.5,17.18,-1,-0.8007801397124452,0.8901602661034494,0,0.5340961596620697,3,1.7333333333333334,0.6,S1 O9,de-protonated,0,-9999,C15 H26 O9 S1,15,26,9,-9999,-9999,1,-9999,N/A,-9999,-9999,N/A,-9999
883,381.122249,381.12217194087856,381.1220970136691,1466428.1,-9999,452761.5,17.18,-1,0.19659634030488785,0.9930115201099338,0,0.5958069120659603,8,1.3529411764705883,0.35294117647058826,N2 P1 O6,de-protonated,0,-9999,C17 H23 O6 N2 P1,17,23,6,2,1,-9999,-9999,N/A,-9999,-9999,N/A,-9999
884,381.125212,381.1251349432273,381.1254683169891,5915453,-9999,436998.3,74.66,-1,-0.8747086970522395,0.43518835244828263,0.8684926696514785,0.608510079329561,3,1.9285714285714288,0.42857142857142855,N2 S1 P1 O6,de-protonated,0,-9999,C14 H27 O6 N2 P1 S1,14,27,6,2,1,1,-9999,N/A,-9999,-9999,N/A,-9999
885,381.126435,381.12635794419685,381.12611976566905,17350462,-9999,356818.5,222.42,-1,0.6249336255289517,0.9314970110384172,0.9433617678721572,0.936242913771913,12,1.0454545454545454,0.18181818181818185,P1 O4,de-protonated,0,-9999,C22 H23 O4 P1,22,23,4,-9999,1,-9999,-9999,N/A,-9999,-9999,N/A,-9999
885,381.126435,381.12635794419685,381.12631647015905,17350462,-9999,356818.5,222.42,-1,0.10881966426417988,0.9978093113365112,0.9793066638028168,0.9904082523230334,4,1.8333333333333333,0.8333333333333334,N4 O10,de-protonated,0,-9999,C12 H22 O10 N4,12,22,10,4,-9999,-9999,-9999,N/A,-9999,-9999,N/A,-9999
886,381.128153,381.1280759455587,381.1278372987091,1295678,-9999,471121.6,14.97,-1,0.6261595878963364,0.9313299652966964,0,0.5587979791780179,12,1.0476190476190477,0.14285714285714285,N2 S1 O3,de-protonated,0,-9999,C21 H22 O3 N2 S1,21,22,3,2,-9999,1,-9999,N/A,-9999,-9999,N/A,-9999
887,381.161603,381.1615259720748,381.1618538263391,3252040.8,-9999,382281.6,40.25,-1,-0.8601444793271333,0.8743762158840941,0,0.5246257295304564,2,2.066666666666667,0.3333333333333333,N2 S1 P1 O5,de-protonated,0,-9999,C15 H31 O5 N2 P1 S1,15,31,5,2,1,1,-9999,N/A,-9999,-9999,N/A,-9999
888,381.162861,381.16278397307207,381.1625052750191,8921929,-9999,343392,113.51,-1,0.7311790879463116,0.9529095615750796,0.9285696971546196,0.9431736158068956,11,1.173913043478261,0.13043478260869565,P1 O3,de-protonated,0,-9999,C23 H27 O3 P1,23,27,3,-9999,1,-9999,-9999,N/A,-9999,-9999,N/A,-9999
888,381.162861,381.16278397307207,381.1627019795091,8921929,-9999,343392,113.51,-1,0.21511433970869695,0.931126944943964,0.9653176389354317,0.944803222540551,3,2,0.6923076923076923,N4 O9,de-protonated,0,-9999,C13 H26 O9 N4,13,26,9,4,-9999,-9999,-9999,N/A,-9999,-9999,N/A,-9999
889,381.175799,381.17572198332806,381.1754561973491,1397325.1,-9999,369355.9,16.28,-1,0.6972798868515344,0.915559236023884,0,0.5493355416143304,11,1.238095238095238,0.04761904761904761,N4 S1 O1,de-protonated,0,-9999,C21 H26 O1 N4 S1,21,26,1,4,-9999,1,-9999,N/A,-9999,-9999,N/A,-9999
890,381.199349,381.1992720019963,381.1990874888591,2328916.8,-9999,304255.8,28.32,-1,0.484033522896052,0.9583796053853936,0,0.5750277632312362,2,2.142857142857143,0.5714285714285714,N4 O8,de-protonated,0,-9999,C14 H30 O8 N4,14,30,8,4,-9999,-9999,-9999,N/A,-9999,-9999,N/A,-9999
892,381.23887,381.238793033325,381.2386475970391,3696993.3,-9999,306052.6,46,-1,0.3814835846457329,0.4869697084974029,0.8077896627745538,0.6152976902082632,4,1.7727272727272727,0.04545454545454545,S1 P1 O1,de-protonated,0,-9999,C22 H39 O1 P1 S1,22,39,1,-9999,1,1,-9999,N/A,-9999,-9999,N/A,-9999
893,382.085222,382.08514570423546,382.0849832285191,1165168.4,-9999,468222.6,13.28,-1,0.4252344988607744,0.9677220745229684,0,0.580633244713781,13,0.9,0.25,N1 P1 O5,de-protonated,0,-9999,C20 H18 O5 N1 P1,20,18,5,1,1,-9999,-9999,N/A,-9999,-9999,N/A,-9999
894,382.092418,382.09234170993983,382.0924376427091,1085298.8,-9999,310680.6,12.25,-1,-0.25107214860320376,0.988627144027978,0.9524685527187192,0.9741637075042744,4,1.9166666666666667,0.5833333333333334,13C1 N2 S1 P1 O7,de-protonated,1,880,C12 H23 O7 N2 P1 S1 13C1,12,23,7,2,1,1,1,N/A,-9999,-9999,N/A,-9999
894,382.092418,382.09234170993983,382.0925739883291,1085298.8,-9999,310680.6,12.25,-1,-0.6079112892401152,0.9351433225223916,0,0.5610859935134349,4,1.75,0.75,N3 S1 O9,de-protonated,0,-9999,C12 H21 O9 N3 S1,12,21,9,3,-9999,1,-9999,N/A,-9999,-9999,N/A,-9999
895,382.093393,382.0933167107127,382.0930890913891,2233715,-9999,362431.6,27.09,-1,0.5957169341560008,0.9376371226431832,0.9641627777229104,0.948247384675074,13,0.95,0.25,13C1 P1 O5,de-protonated,1,881,C20 H19 O5 P1 13C1,20,19,5,-9999,1,-9999,1,N/A,-9999,-9999,N/A,-9999
895,382.093393,382.0933167107127,382.0932254370091,2233715,-9999,362431.6,27.09,-1,0.23887809974384525,0.9896994573307984,0,0.593819674398479,13,0.85,0.35,N1 O7,de-protonated,0,-9999,C20 H17 O7 N1,20,17,7,1,-9999,-9999,-9999,N/A,-9999,-9999,N/A,-9999
896,382.121596,382.1215197330695,382.1213687378691,1242620.1,-9999,412403.1,14.28,-1,0.3951498469831234,0.9720655727781412,0,0.5832393436668848,12,1.0476190476190477,0.1904761904761905,N1 P1 O4,de-protonated,0,-9999,C21 H22 O4 N1 P1,21,22,4,1,1,-9999,-9999,N/A,-9999,-9999,N/A,-9999
897,382.128479,382.1284027385257,382.1281113445091,1305982.3,-9999,505364.9,15.1,-1,0.7625558235351497,0.8998647113047735,0,0.5399188267828641,2,2,0.26666666666666666,N1 S2 P1 O4,de-protonated,0,-9999,C15 H30 O4 N1 P1 S2,15,30,4,1,1,2,-9999,N/A,-9999,-9999,N/A,-9999
898,382.12979,382.1297137395649,382.12947460073906,2721150.8,-9999,306132,33.39,-1,0.6258057589287851,0.9314048271461676,0.9433617678721572,0.9361876034365632,12,1.0952380952380951,0.1904761904761905,13C1 P1 O4,de-protonated,1,885,C21 H23 O4 P1 13C1,21,23,4,-9999,1,-9999,1,N/A,-9999,-9999,N/A,-9999
898,382.12979,382.1297137395649,382.1296109463591,2721150.8,-9999,306132,33.39,-1,0.26900089101137686,0.9869559256881104,0,0.5921735554128663,12,1,0.2857142857142857,N1 O6,de-protonated,0,-9999,C21 H21 O6 N1,21,21,6,1,-9999,-9999,-9999,N/A,-9999,-9999,N/A,-9999
898,382.12979,382.1297137395649,382.1296713052291,2721150.8,-9999,306132,33.39,-1,0.11104695338462876,0.9977649803622602,0.9793066638028168,0.9903816537384827,4,2,0.9090909090909092,13C1 N4 O10,de-protonated,1,885,C11 H22 O10 N4 13C1,11,22,10,4,-9999,-9999,1,N/A,-9999,-9999,N/A,-9999
899,382.165899,382.1658227681889,382.1658601100891,1307018.4,-9999,342827.4,15.11,-1,-0.09771124038568524,0.9982691208195678,0.9285696971546196,0.9703893513535884,11,1.2272727272727273,0.13636363636363635,13C1 P1 O3,de-protonated,1,888,C22 H27 O3 P1 13C1,22,27,3,-9999,1,-9999,1,N/A,-9999,-9999,N/A,-9999
899,382.165899,382.1658227681889,382.1659964557091,1307018.4,-9999,342827.4,15.11,-1,-0.45448187911421656,0.9632147300185244,0,0.5779288380111146,11,1.1363636363636365,0.2272727272727273,N1 O5,de-protonated,0,-9999,C22 H25 O5 N1,22,25,5,1,-9999,-9999,-9999,N/A,-9999,-9999,N/A,-9999
899,382.165899,382.1658227681889,382.1660568145791,1307018.4,-9999,342827.4,15.11,-1,0.8738454241448751,0.8706151276801897,0.9653176389354317,0.9084961321822864,3,2.1666666666666665,0.75,13C1 N4 O9,de-protonated,1,888,C12 H26 O9 N4 13C1,12,26,9,4,-9999,-9999,1,N/A,-9999,-9999,N/A,-9999
900,382.166467,382.16639076863913,382.1660568145791,1673610.5,-9999,411830.5,19.85,-1,0.8738454241448751,0.8706151276801897,0.9653176389354317,0.9084961321822864,3,2.1666666666666665,0.75,13C1 N4 O9,de-protonated,1,888,C12 H26 O9 N4 13C1,12,26,9,4,-9999,-9999,1,N/A,-9999,-9999,N/A,-9999
906,383.068102,383.0680264833729,383.0683473627491,2732204.8,-9999,389228.1,33.53,-1,-0.8376556779313229,0.8804549101848494,0,0.5282729461109097,4,1.75,0.6666666666666666,N2 S1 P1 O8,de-protonated,0,-9999,C12 H21 O8 N2 P1 S1,12,21,8,2,1,1,-9999,N/A,-9999,-9999,N/A,-9999
907,383.06936,383.06928448437014,383.0689988114291,6560173,-9999,292224.7,82.99,-1,0.7457480034859003,0.924211686430302,0.9926208517685836,0.9515753525656148,13,0.85,0.3,P1 O6,de-protonated,0,-9999,C20 H17 O6 P1,20,17,6,-9999,1,-9999,-9999,N/A,-9999,-9999,N/A,-9999
908,383.09754,383.0974645067086,383.0972058750491,1484342.1,-9999,285865.7,17.4,-1,0.6751071413192105,0.920628394444514,0,0.5523770366667083,17,0.7272727272727273,0.04545454545454545,N4 S1 O1,de-protonated,0,-9999,C22 H16 O1 N4 S1,22,16,1,4,-9999,1,-9999,N/A,-9999,-9999,N/A,-9999
908,383.09754,383.0974645067086,383.0973388167791,1484342.1,-9999,285865.7,17.4,-1,0.32808875652010294,0.9806579631638004,0,0.5883947778982803,4,1.9090909090909092,0.8181818181818182,N4 P1 O9,de-protonated,0,-9999,C11 H21 O9 N4 P1,11,21,9,4,1,-9999,-9999,N/A,-9999,-9999,N/A,-9999
909,383.101488,383.1014125098382,383.1017416912991,1181367.4,-9999,424198.3,13.49,-1,-0.859253365333276,0.8746193367180071,0,0.5247716020308042,3,1.7142857142857142,0.7142857142857143,S1 O10,de-protonated,0,-9999,C14 H24 O10 S1,14,24,10,-9999,-9999,1,-9999,N/A,-9999,-9999,N/A,-9999
909,383.101488,383.1014125098382,383.1013615687791,1181367.4,-9999,424198.3,13.49,-1,0.13297018561613416,0.9967969338251724,0,0.5980781602951035,8,1.3125,0.4375,N2 P1 O7,de-protonated,0,-9999,C16 H21 O7 N2 P1,16,21,7,2,1,-9999,-9999,N/A,-9999,-9999,N/A,-9999
910,383.104499,383.1044235122251,383.10473287209913,5978552.5,-9999,476575.8,75.47,-1,-0.8075073145997582,0.4442072376409253,0.8767281105990777,0.6172155868241862,3,1.9230769230769231,0.5384615384615384,N2 S1 P1 O7,de-protonated,0,-9999,C13 H25 O7 N2 P1 S1,13,25,7,2,1,1,-9999,N/A,-9999,-9999,N/A,-9999
911,383.105625,383.1055495131176,383.1053843207791,15477177,-9999,355578,198.21,-1,0.4311929440759052,0.916732123960555,0.9483768962090162,0.9293900328599396,12,1,0.23809523809523808,P1 O5,de-protonated,0,-9999,C21 H21 O5 P1,21,21,5,-9999,1,-9999,-9999,N/A,-9999,-9999,N/A,-9999
912,383.120786,383.120710525136,383.1206404620691,1183677.6,-9999,463232.5,13.52,-1,0.18287468608589677,0.9939501586551368,0,0.5963700951930822,16,0.84,0.08,P1 O2,de-protonated,0,-9999,C25 H21 O2 P1,25,21,2,-9999,1,-9999,-9999,N/A,-9999,-9999,N/A,-9999
912,383.120786,383.120710525136,383.12036913590913,1183677.6,-9999,463232.5,13.52,-1,0.891075636627359,0.8658244348948487,0,0.5194946609369092,2,1.8666666666666667,0.4666666666666667,S2 O7,de-protonated,0,-9999,C15 H28 O7 S2,15,28,7,-9999,-9999,2,-9999,N/A,-9999,-9999,N/A,-9999
912,383.120786,383.120710525136,383.12083716655906,1183677.6,-9999,463232.5,13.52,-1,-0.330552167380513,0.9803692988987672,0,0.5882215793392603,8,1.3333333333333333,0.5333333333333333,N4 O8,de-protonated,0,-9999,C15 H20 O8 N4,15,20,8,4,-9999,-9999,-9999,N/A,-9999,-9999,N/A,-9999
913,383.134079,383.1340035356734,383.1337243261291,2044353.9,-9999,274993.6,24.64,-1,0.7287521995303657,0.9081336439102052,0,0.544880186346123,3,2.0833333333333335,0.6666666666666666,N4 P1 O8,de-protonated,0,-9999,C12 H25 O8 N4 P1,12,25,8,4,1,-9999,-9999,N/A,-9999,-9999,N/A,-9999
914,383.140936,383.140860541109,383.1411183814491,4220868,-9999,390365.2,52.76,-1,-0.6729644188127184,0.9211110428640146,0,0.5526666257184087,2,2.0714285714285716,0.42857142857142855,N2 S1 P1 O6,de-protonated,0,-9999,C14 H29 O6 N2 P1 S1,14,29,6,2,1,1,-9999,N/A,-9999,-9999,N/A,-9999
915,383.142142,383.142066542065,383.1417698301291,11866565,-9999,350469.7,151.55,-1,0.7744181377934867,0.8797588852075106,0.9309203883812524,0.9002234864770073,11,1.1363636363636365,0.18181818181818185,P1 O4,de-protonated,0,-9999,C22 H25 O4 P1,22,25,4,-9999,1,-9999,-9999,N/A,-9999,-9999,N/A,-9999
915,383.142142,383.142066542065,383.14196653461903,11866565,-9999,350469.7,151.55,-1,0.2610192948992491,0.9802193163792788,0.9917480432937216,0.9848308071450558,3,2,0.8333333333333334,N4 O10,de-protonated,0,-9999,C12 H24 O10 N4,12,24,10,4,-9999,-9999,-9999,N/A,-9999,-9999,N/A,-9999
916,383.1502,383.15012454845265,383.1500120386191,1358023.1,-9999,326834.1,15.77,-1,0.29364434303931075,0.9844759834078316,0,0.5906855900446989,11,1.0909090909090908,0.2727272727272727,O6,de-protonated,0,-9999,C22 H24 O6,22,24,6,-9999,-9999,-9999,-9999,N/A,-9999,-9999,N/A,-9999
917,383.17033,383.17025456440984,383.1701098354791,1388749.6,-9999,426504.5,16.17,-1,0.3777145634496154,0.9744452209714252,0,0.5846671325828552,2,2.230769230769231,0.5384615384615384,N4 P1 O7,de-protonated,0,-9999,C13 H29 O7 N4 P1,13,29,7,4,1,-9999,-9999,N/A,-9999,-9999,N/A,-9999
918,383.177225,383.17714956987567,383.1775038907991,1837007.9,-9999,473112.8,21.96,-1,-0.9246913501155868,0.8562880590257805,0,0.5137728354154683,1,2.2,0.3333333333333333,N2 S1 P1 O5,de-protonated,0,-9999,C15 H33 O5 N2 P1 S1,15,33,5,2,1,1,-9999,N/A,-9999,-9999,N/A,-9999
919,383.178498,383.1784225708847,383.17815533947913,4514256.5,-9999,364096.4,56.55,-1,0.6974077250056139,0.4577648085019163,0.8007932653391622,0.5949761912368147,10,1.2608695652173914,0.13043478260869565,P1 O3,de-protonated,0,-9999,C23 H29 O3 P1,23,29,3,-9999,1,-9999,-9999,N/A,-9999,-9999,N/A,-9999
919,383.178498,383.1784225708847,383.1783520439691,4514256.5,-9999,364096.4,56.55,-1,0.18405767251561672,0.993871875718695,0,0.5963231254312169,2,2.1538461538461537,0.6923076923076923,N4 O9,de-protonated,0,-9999,C13 H28 O9 N4,13,28,9,4,-9999,-9999,-9999,N/A,-9999,-9999,N/A,-9999
920,383.215054,383.214978599863,383.21473755331914,1291484.1,-9999,328947.4,14.91,-1,0.6290116747646829,0.9307252066331446,0,0.5584351239798867,1,2.2857142857142856,0.5714285714285714,N4 O8,de-protonated,0,-9999,C14 H32 O8 N4,14,32,8,4,-9999,-9999,-9999,N/A,-9999,-9999,N/A,-9999
921,384.072644,384.07256927968194,384.0723536464991,1348081.5,-9999,555103,15.64,-1,0.5614389601335649,0.9444097849013716,0.9926208517685836,0.9636942116482564,13,0.8947368421052632,0.3157894736842105,13C1 P1 O6,de-protonated,1,907,C19 H17 O6 P1 13C1,19,17,6,-9999,1,-9999,1,N/A,-9999,-9999,N/A,-9999
921,384.072644,384.07256927968194,384.0724899921191,1348081.5,-9999,555103,15.64,-1,0.20643905756082545,0.9922970072946145,0,0.5953782043767687,13,0.7894736842105263,0.42105263157894735,N1 O8,de-protonated,0,-9999,C19 H15 O8 N1,19,15,8,1,-9999,-9999,-9999,N/A,-9999,-9999,N/A,-9999
923,384.109155,384.10908030862447,384.1087391558491,2383869.3,-9999,340546.1,29.02,-1,0.8881671792385867,0.8666377999381746,0.9483768962090162,0.8993334384465113,12,1.05,0.25,13C1 P1 O5,de-protonated,1,911,C20 H21 O5 P1 13C1,20,21,5,-9999,1,-9999,1,N/A,-9999,-9999,N/A,-9999
923,384.109155,384.10908030862447,384.1088755014691,2383869.3,-9999,340546.1,29.02,-1,0.5332007887899706,0.9497215709152632,0,0.5698329425491578,12,0.95,0.35,N1 O7,de-protonated,0,-9999,C20 H19 O7 N1,20,19,7,1,-9999,-9999,-9999,N/A,-9999,-9999,N/A,-9999
924,384.145546,384.145471337472,384.1451246651991,1666313.1,-9999,242172.4,19.75,-1,0.902451314943119,0.8626250592078072,0.9309203883812524,0.8899431908771853,11,1.1904761904761905,0.1904761904761905,13C1 P1 O4,de-protonated,1,915,C21 H25 O4 P1 13C1,21,25,4,-9999,1,-9999,1,N/A,-9999,-9999,N/A,-9999
924,384.145546,384.145471337472,384.145261010819,1666313.1,-9999,242172.4,19.75,-1,0.5475185411667621,0.9470588333326272,0,0.5682352999995763,11,1.0952380952380951,0.2857142857142857,N1 O6,de-protonated,0,-9999,C21 H23 O6 N1,21,23,6,1,-9999,-9999,-9999,N/A,-9999,-9999,N/A,-9999
924,384.145546,384.145471337472,384.1453213696891,1666313.1,-9999,242172.4,19.75,-1,0.3903933603563492,0.9727248270848636,0.9917480432937216,0.9803341135684068,3,2.1818181818181817,0.9090909090909092,13C1 N4 O10,de-protonated,1,915,C11 H24 O10 N4 13C1,11,24,10,4,-9999,-9999,1,N/A,-9999,-9999,N/A,-9999
928,385.048639,385.04856505336153,385.04826336653906,1767214.5,-9999,278952.2,21.05,-1,0.783503916703782,0.8945920926818904,0,0.5367552556091343,13,0.7894736842105263,0.3684210526315789,P1 O7,de-protonated,0,-9999,C19 H15 O7 P1,19,15,7,-9999,1,-9999,-9999,N/A,-9999,-9999,N/A,-9999
929,385.063829,385.06375506540275,385.0635195078291,1282739.4,-9999,365377.1,14.79,-1,0.6117369257965436,0.934351939974136,0,0.5606111639844816,17,0.6521739130434783,0.17391304347826086,P1 O4,de-protonated,0,-9999,C23 H15 O4 P1,23,15,4,-9999,1,-9999,-9999,N/A,-9999,-9999,N/A,-9999
929,385.063829,385.06375506540275,385.0637162123191,1282739.4,-9999,365377.1,14.79,-1,0.10090040171502151,0.9981543959162024,0,0.5988926375497213,9,1.0769230769230769,0.7692307692307693,N4 O10,de-protonated,0,-9999,C13 H14 O10 N4,13,14,10,4,-9999,-9999,-9999,N/A,-9999,-9999,N/A,-9999
930,385.076727,385.0766530756271,385.07647043015913,1138743.6,-9999,267779.7,12.93,-1,0.4743096034487831,0.9600014939090656,0,0.5760008963454394,17,0.6666666666666666,0.09523809523809525,N4 S1 O2,de-protonated,0,-9999,C21 H14 O2 N4 S1,21,14,2,4,-9999,1,-9999,N/A,-9999,-9999,N/A,-9999
932,385.084975,385.08490108216535,385.08464887588906,6499386.5,-9999,269737.4,82.19,-1,0.6549372378842869,0.8799517194949174,0.976212385809084,0.918455986020584,12,0.95,0.3,P1 O6,de-protonated,0,-9999,C20 H19 O6 P1,20,19,6,-9999,1,-9999,-9999,N/A,-9999,-9999,N/A,-9999
933,385.100065,385.09999109412735,385.0999050171791,1388863.3,-9999,276594.9,16.16,-1,0.22351848739198096,0.9909756960052138,0,0.5945854176031283,16,0.7916666666666666,0.125,P1 O3,de-protonated,0,-9999,C24 H19 O3 P1,24,19,3,-9999,1,-9999,-9999,N/A,-9999,-9999,N/A,-9999
933,385.100065,385.09999109412735,385.09963369101905,1388863.3,-9999,276594.9,16.16,-1,0.9280795851989776,0.8553132452481922,0,0.5131879471489152,2,1.8571428571428572,0.5714285714285714,S2 O8,de-protonated,0,-9999,C14 H26 O8 S2,14,26,8,-9999,-9999,2,-9999,N/A,-9999,-9999,N/A,-9999
933,385.100065,385.09999109412735,385.1001017216691,1388863.3,-9999,276594.9,16.16,-1,-0.2872695728970109,0.9851377139533548,0,0.591082628372013,8,1.2857142857142858,0.6428571428571429,N4 O9,de-protonated,0,-9999,C14 H18 O9 N4,14,18,9,4,-9999,-9999,-9999,N/A,-9999,-9999,N/A,-9999
935,385.113306,385.1132321046237,385.11285593950913,2998851.5,-9999,372674.4,36.96,-1,0.976765923846399,0.841040846547807,0,0.5046245079286842,16,0.8181818181818182,0.04545454545454545,N4 S1 O1,de-protonated,0,-9999,C22 H18 O1 N4 S1,22,18,1,4,-9999,1,-9999,N/A,-9999,-9999,N/A,-9999
935,385.113306,385.1132321046237,385.1129888812391,2998851.5,-9999,372674.4,36.96,-1,0.6315637009188517,0.9301820782532084,0,0.558109246951925,3,2.090909090909091,0.8181818181818182,N4 P1 O9,de-protonated,0,-9999,C11 H23 O9 N4 P1,11,23,9,4,1,-9999,-9999,N/A,-9999,-9999,N/A,-9999
936,385.121357,385.1212831110057,385.12103438523906,9947206,-9999,339391.9,126.74,-1,0.6458379170331736,0.9434391119815856,0.9718723625709408,0.9548124122173276,11,1.0952380952380951,0.23809523809523808,P1 O5,de-protonated,0,-9999,C21 H23 O5 P1,21,23,5,-9999,1,-9999,-9999,N/A,-9999,-9999,N/A,-9999
937,385.136436,385.136362122959,385.1362905265291,1093323,-9999,405695.8,12.34,-1,0.18589894451870229,0.993749039584754,0,0.5962494237508524,15,0.92,0.08,P1 O2,de-protonated,0,-9999,C25 H23 O2 P1,25,23,2,-9999,1,-9999,-9999,N/A,-9999,-9999,N/A,-9999
937,385.136436,385.136362122959,385.1360192003691,1093323,-9999,405695.8,12.34,-1,0.8903934526608978,0.8660153812399769,0,0.5196092287439861,1,2,0.4666666666666667,S2 O7,de-protonated,0,-9999,C15 H30 O7 S2,15,30,7,-9999,-9999,2,-9999,N/A,-9999,-9999,N/A,-9999
937,385.136436,385.136362122959,385.1364872310191,1093323,-9999,405695.8,12.34,-1,-0.3248408401996985,0.98103538422661,0,0.588621230535966,7,1.4666666666666666,0.5333333333333333,N4 O8,de-protonated,0,-9999,C15 H22 O8 N4,15,22,8,4,-9999,-9999,-9999,N/A,-9999,-9999,N/A,-9999
938,385.136921,385.1368471233434,385.1364872310191,1103051.3,-9999,439493.4,12.47,-1,0.9344539824960414,0.8534726658521248,0,0.5120835995112748,7,1.4666666666666666,0.5333333333333333,N4 O8,de-protonated,0,-9999,C15 H22 O8 N4,15,22,8,4,-9999,-9999,-9999,N/A,-9999,-9999,N/A,-9999
940,385.149589,385.1495151333854,385.149374390589,2319439.3,-9999,308487.3,28.18,-1,0.3654239258232576,0.9760614963343796,0,0.5856368978006277,2,2.25,0.6666666666666666,N4 P1 O8,de-protonated,0,-9999,C12 H27 O8 N4 P1,12,27,8,4,1,-9999,-9999,N/A,-9999,-9999,N/A,-9999
942,385.157682,385.15760813980086,385.15741989458905,4904530,-9999,287904.1,61.59,-1,0.4887487611014094,0.47879114516447735,0.8077896627745539,0.610390552208508,10,1.2272727272727273,0.18181818181818185,P1 O4,de-protonated,0,-9999,C22 H27 O4 P1,22,27,4,-9999,1,-9999,-9999,N/A,-9999,-9999,N/A,-9999
942,385.157682,385.15760813980086,385.15761659907906,4904530,-9999,287904.1,61.59,-1,-0.02196315960362911,0.9999124765441886,0,0.5999474859265131,2,2.1666666666666665,0.8333333333333334,N4 O10,de-protonated,0,-9999,C12 H26 O10 N4,12,26,10,4,-9999,-9999,-9999,N/A,-9999,-9999,N/A,-9999
943,385.18621,385.18613616241527,385.18575989993906,1222235.3,-9999,289425.3,14.01,-1,0.9768338172902982,0.8410206056804578,0,0.5046123634082746,1,2.3846153846153846,0.5384615384615384,N4 P1 O7,de-protonated,0,-9999,C13 H31 O7 N4 P1,13,31,7,4,1,-9999,-9999,N/A,-9999,-9999,N/A,-9999
944,385.194227,385.1941531687704,385.19380540393905,1549789.9,-9999,301799.8,18.24,-1,0.902830799669469,0.8625178361257891,0,0.5175107016754734,9,1.3478260869565215,0.13043478260869565,P1 O3,de-protonated,0,-9999,C23 H31 O3 P1,23,31,3,-9999,1,-9999,-9999,N/A,-9999,-9999,N/A,-9999
944,385.194227,385.1941531687704,385.19400210842906,1549789.9,-9999,301799.8,18.24,-1,0.39216690946716015,0.9724798924734924,0,0.5834879354840954,1,2.3076923076923075,0.6923076923076923,N4 O9,de-protonated,0,-9999,C13 H30 O9 N4,13,30,9,4,-9999,-9999,-9999,N/A,-9999,-9999,N/A,-9999
945,385.209168,385.2090941806142,385.2092582497191,1321570.8,-9999,367126.8,15.29,-1,-0.4259220186313707,0.9676193258930323,0,0.5805715955358194,5,1.7647058823529411,0.35294117647058826,N4 O6,de-protonated,0,-9999,C17 H30 O6 N4,17,30,6,4,-9999,-9999,-9999,N/A,-9999,-9999,N/A,-9999
946,386.088462,386.0883888776381,386.0880037109591,1183617.9,-9999,434277.4,13.5,-1,0.9976136926045724,0.8347827773344,0.976212385809084,0.8913546207242737,12,1,0.3157894736842105,13C1 P1 O6,de-protonated,1,932,C19 H19 O6 P1 13C1,19,19,6,-9999,1,-9999,1,N/A,-9999,-9999,N/A,-9999
946,386.088462,386.0883888776381,386.0881400565791,1183617.9,-9999,434277.4,13.5,-1,0.6444669835773312,0.9274072599646784,0,0.556444355978807,12,0.8947368421052632,0.42105263157894735,N1 O8,de-protonated,0,-9999,C19 H17 O8 N1,19,17,8,1,-9999,-9999,-9999,N/A,-9999,-9999,N/A,-9999
947,386.124646,386.1245729063215,386.124389220309,1852045.6,-9999,354479.2,22.14,-1,0.4757171977059704,0.9597685848436992,0.9718723625709408,0.9646100959345958,11,1.15,0.25,13C1 P1 O5,de-protonated,1,936,C20 H23 O5 P1 13C1,20,23,5,-9999,1,-9999,1,N/A,-9999,-9999,N/A,-9999
947,386.124646,386.1245729063215,386.1245255659291,1852045.6,-9999,354479.2,22.14,-1,0.12260395089189856,0.9972762287753664,0,0.5983657372652198,11,1.05,0.35,N1 O7,de-protonated,0,-9999,C20 H21 O7 N1,20,21,7,1,-9999,-9999,-9999,N/A,-9999,-9999,N/A,-9999
950,387.043252,387.0431796345083,387.042980767429,1486138.8,-9999,317888.6,16.97,-1,0.5138113571780039,0.9532264016948404,0,0.5719358410169043,9,1,0.9166666666666666,N4 O11,de-protonated,0,-9999,C12 H12 O11 N4,12,12,11,4,-9999,-9999,-9999,N/A,-9999,-9999,N/A,-9999
951,387.063022,387.06294965018014,387.06312904058905,1159361.4,-9999,612617.5,12.86,-1,-0.4634655058655286,0.9617745341789528,0,0.5770647205073717,16,0.7272727272727273,0.04545454545454545,N2 S2 O1,de-protonated,0,-9999,C22 H16 O1 N2 S2,22,16,1,2,-9999,2,-9999,N/A,-9999,-9999,N/A,-9999
951,387.063022,387.06294965018014,387.06326198231915,1159361.4,-9999,612617.5,12.86,-1,-0.8069278840981008,0.8885652846371785,0,0.5331391707823071,3,1.9090909090909092,0.8181818181818182,N2 S1 P1 O9,de-protonated,0,-9999,C11 H21 O9 N2 P1 S1,11,21,9,2,1,1,-9999,N/A,-9999,-9999,N/A,-9999
952,387.064178,387.06410565109655,387.0639134309991,2438849.8,-9999,322613,28.98,-1,0.4966107425426935,0.956237199975292,0,0.5737423199851751,12,0.8947368421052632,0.3684210526315789,P1 O7,de-protonated,0,-9999,C19 H17 O7 P1,19,17,7,-9999,1,-9999,-9999,N/A,-9999,-9999,N/A,-9999
953,387.079407,387.0793346631687,387.07916957228906,2851270.8,-9999,338095.5,34.17,-1,0.42650416923803575,0.9675322032689576,0,0.5805193219613746,16,0.7391304347826086,0.17391304347826086,P1 O4,de-protonated,0,-9999,C23 H17 O4 P1,23,17,4,-9999,1,-9999,-9999,N/A,-9999,-9999,N/A,-9999
953,387.079407,387.0793346631687,387.079366276779,2851270.8,-9999,338095.5,34.17,-1,-0.08167216626584964,0.9987904072199224,0,0.5992742443319534,8,1.2307692307692308,0.7692307692307693,N4 O10,de-protonated,0,-9999,C13 H16 O10 N4,13,16,10,4,-9999,-9999,-9999,N/A,-9999,-9999,N/A,-9999
956,387.099397,387.09932467901496,387.09964749166915,1955533.3,-9999,481004.5,22.89,-1,-0.8339265000152756,0.8814513416168288,0,0.5288708049700973,2,2.0833333333333335,0.6666666666666666,N2 S1 P1 O8,de-protonated,0,-9999,C12 H25 O8 N2 P1 S1,12,25,8,2,1,1,-9999,N/A,-9999,-9999,N/A,-9999
957,387.100655,387.1005826800122,387.1002989403491,4537549.5,-9999,326522.5,55.42,-1,0.7329874554703799,0.4535570459563754,0.8221557383861047,0.6009965229282672,11,1.05,0.3,P1 O6,de-protonated,0,-9999,C20 H21 O6 P1,20,21,6,-9999,1,-9999,-9999,N/A,-9999,-9999,N/A,-9999
958,387.11596,387.11588769214455,387.1155550816391,2868434.8,-9999,354254.9,34.39,-1,0.8592021195538883,0.4373166561960109,0.7939170211058493,0.5799568021599463,15,0.875,0.125,P1 O3,de-protonated,0,-9999,C24 H21 O3 P1,24,21,3,-9999,1,-9999,-9999,N/A,-9999,-9999,N/A,-9999
958,387.11596,387.11588769214455,387.11575178612907,2868434.8,-9999,354254.9,34.39,-1,0.35107332848066947,0.9778842194868168,0,0.5867305316920901,7,1.4285714285714286,0.6428571428571429,N4 O9,de-protonated,0,-9999,C14 H20 O9 N4,14,20,9,4,-9999,-9999,-9999,N/A,-9999,-9999,N/A,-9999
960,387.129005,387.1289327024855,387.1286389456991,3086295,-9999,316276,37.13,-1,0.7588092350671847,0.9007958729555736,0,0.5404775237733441,2,2.272727272727273,0.8181818181818182,N4 P1 O9,de-protonated,0,-9999,C11 H25 O9 N4 P1,11,25,9,4,1,-9999,-9999,N/A,-9999,-9999,N/A,-9999
961,387.135782,387.1357097078576,387.1360330010191,1538521.3,-9999,446465.3,17.63,-1,-0.8350893068188396,0.8811409973547284,0,0.528684598412837,1,2.230769230769231,0.5384615384615384,N2 S1 P1 O7,de-protonated,0,-9999,C13 H29 O7 N2 P1 S1,13,29,7,2,1,1,-9999,N/A,-9999,-9999,N/A,-9999
962,387.13712399999997,387.13705170892143,387.1366844496991,3670489.8,-9999,318267,44.49,-1,0.9486551832871756,0.4246706637906016,0.8149093904448103,0.5807661544522851,10,1.1904761904761905,0.23809523809523808,P1 O5,de-protonated,0,-9999,C21 H25 O5 P1,21,25,5,-9999,1,-9999,-9999,N/A,-9999,-9999,N/A,-9999
963,387.152404,387.1523317210341,387.1521372954791,2261726.8,-9999,306818,26.74,-1,0.5021941923955844,0.9552700739953172,0,0.5731620443971903,6,1.6,0.5333333333333333,N4 O8,de-protonated,0,-9999,C15 H24 O8 N4,15,24,8,4,-9999,-9999,-9999,N/A,-9999,-9999,N/A,-9999
964,387.162342,387.162269728912,387.1620332742491,1294434,-9999,496836.4,14.56,-1,0.6107382506267254,0.9345589430148816,0,0.560735365808929,1,2.1538461538461537,0.8461538461538461,N2 O11,de-protonated,0,-9999,C13 H28 O11 N2,13,28,11,2,-9999,-9999,-9999,N/A,-9999,-9999,N/A,-9999
964,387.162342,387.162269728912,387.1625225315991,1294434,-9999,496836.4,14.56,-1,-0.6529627027105935,0.9255542657358596,0,0.5553325594415157,5,1.8125,0.1875,N4 S1 P1 O3,de-protonated,0,-9999,C16 H29 O3 N4 P1 S1,16,29,3,4,1,1,-9999,N/A,-9999,-9999,N/A,-9999
965,387.163526,387.1634537298506,387.1635541027991,3409122.3,-9999,351120.9,41.2,-1,-0.25925205884055,0.4939393006456575,0.8077896627745538,0.619479445497216,9,1.2727272727272727,0.18181818181818185,S1 O4,de-protonated,0,-9999,C22 H28 O4 S1,22,28,4,-9999,-9999,1,-9999,N/A,-9999,-9999,N/A,-9999
965,387.163526,387.1634537298506,387.1631739802791,3409122.3,-9999,351120.9,41.2,-1,0.7225624497952811,0.4548075559317421,0.7939170211058493,0.590451342001385,14,1.0416666666666667,0.04166666666666666,N2 P1 O1,de-protonated,0,-9999,C24 H25 O1 N2 P1,24,25,1,2,1,-9999,-9999,N/A,-9999,-9999,N/A,-9999
966,387.16536,387.1652877313044,387.16502445504904,1798371,-9999,304017.1,20.91,-1,0.6800104316405309,0.919519114902067,0,0.5517114689412401,1,2.4166666666666665,0.6666666666666666,N4 P1 O8,de-protonated,0,-9999,C12 H29 O8 N4 P1,12,29,8,4,1,-9999,-9999,N/A,-9999,-9999,N/A,-9999
967,387.173603,387.1735307378387,387.1732666635391,1520613.6,-9999,365709.5,17.41,-1,0.6820571623379056,0.919054102948954,0,0.5514324617693723,1,2.3333333333333335,0.8333333333333334,N4 O10,de-protonated,0,-9999,C12 H28 O10 N4,12,28,10,4,-9999,-9999,-9999,N/A,-9999,-9999,N/A,-9999
968,388.095592,388.09552046870726,388.0955479125491,1132309.3,-9999,536064.4,12.51,-1,-0.07071413718497531,0.9990930793055328,0,0.5994558475833196,11,1.0526315789473684,0.3157894736842105,N1 P1 O6,de-protonated,0,-9999,C19 H20 O6 N1 P1,19,20,6,1,1,-9999,-9999,N/A,-9999,-9999,N/A,-9999
969,389.057591,389.0575202312922,389.0577826787191,1350227.4,-9999,450046.7,15.25,-1,-0.6745718467713584,0.9207490896357404,0,0.5524494537814443,7,1.3571428571428572,0.5,N2 S1 P1 O7,de-protonated,0,-9999,C14 H19 O7 N2 P1 S1,14,19,7,2,1,1,-9999,N/A,-9999,-9999,N/A,-9999
970,389.058919,389.0588482323448,389.05863083188905,2766163.8,-9999,333180.3,33.09,-1,0.5587858449573505,0.9449192245050362,0,0.5669515347030217,8,1.1666666666666667,0.9166666666666666,N4 O11,de-protonated,0,-9999,C12 H14 O11 N4,12,14,11,4,-9999,-9999,-9999,N/A,-9999,-9999,N/A,-9999
971,389.072106,389.0720352427983,389.0720364984091,1174872.3,-9999,504597.9,13.04,-1,-0.00322719366590349,0.9999981102538256,0,0.5999988661522954,25,0.35714285714285715,0.03571428571428571,N2 O1,de-protonated,0,-9999,C28 H10 O1 N2,28,10,1,2,-9999,-9999,-9999,N/A,-9999,-9999,N/A,-9999
971,389.072106,389.0720352427983,389.07238737132906,1174872.3,-9999,504597.9,13.04,-1,-0.9050463158216951,0.8618912108133658,0,0.5171347264880195,2,2.3,0.6,N4 S2 P1 O6,de-protonated,0,-9999,C10 H23 O6 N4 P1 S2,10,23,6,4,1,2,-9999,N/A,-9999,-9999,N/A,-9999
972,389.079979,389.0799082490393,389.079563495459,1226458.9,-9999,348212.2,13.69,-1,0.8860747582897313,0.867221782177246,0,0.5203330693063476,11,1,0.3684210526315789,P1 O7,de-protonated,0,-9999,C19 H19 O7 P1,19,19,7,-9999,1,-9999,-9999,N/A,-9999,-9999,N/A,-9999
973,389.093996,389.0939252601507,389.0941681880691,1829471.4,-9999,498370.7,21.29,-1,-0.6243422242444329,0.931714090775415,0,0.559028454465249,6,1.5333333333333334,0.4,N2 S1 P1 O6,de-protonated,0,-9999,C15 H23 O6 N2 P1 S1,15,23,6,2,1,1,-9999,N/A,-9999,-9999,N/A,-9999
974,389.09515,389.09507926106545,389.09481963674904,4381792,-9999,293313,53.45,-1,0.6672520509418367,0.4611957405253856,0.8007932653391622,0.5970347504508962,15,0.8260869565217391,0.17391304347826086,P1 O4,de-protonated,0,-9999,C23 H19 O4 P1,23,19,4,-9999,1,-9999,-9999,N/A,-9999,-9999,N/A,-9999
974,389.09515,389.09507926106545,389.09501634123905,4381792,-9999,293313,53.45,-1,0.16170812722481387,0.9952664429979086,0,0.5971598657987451,7,1.3846153846153846,0.7692307692307693,N4 O10,de-protonated,0,-9999,C13 H18 O10 N4,13,18,10,4,-9999,-9999,-9999,N/A,-9999,-9999,N/A,-9999
975,389.104315,389.1042442683306,389.10393122510914,1561570.9,-9999,316209.4,17.92,-1,0.8045234096759055,0.8891902172525009,0,0.5335141303515005,14,0.9166666666666666,0.04166666666666666,S2 O1,de-protonated,0,-9999,C24 H22 O1 S2,24,22,1,-9999,-9999,2,-9999,N/A,-9999,-9999,N/A,-9999
975,389.104315,389.1042442683306,389.1040641668391,1561570.9,-9999,316209.4,17.92,-1,0.46286201575930214,0.9618720968878636,0,0.5771232581327181,1,2.076923076923077,0.6923076923076923,S1 P1 O9,de-protonated,0,-9999,C13 H27 O9 P1 S1,13,27,9,-9999,1,1,-9999,N/A,-9999,-9999,N/A,-9999
975,389.104315,389.1042442683306,389.1043992557591,1561570.9,-9999,316209.4,17.92,-1,-0.39831836600279025,0.9716222335234564,0,0.5829733401140739,20,0.5833333333333334,0.08333333333333333,N4 O2,de-protonated,0,-9999,C24 H14 O2 N4,24,14,2,4,-9999,-9999,-9999,N/A,-9999,-9999,N/A,-9999
977,389.10806,389.10798927129935,389.10777055907914,3195748,-9999,292517.5,38.5,-1,0.5620864879897848,0.944285124933167,0,0.5665710749599001,15,0.8571428571428571,0.09523809523809525,N4 S1 O2,de-protonated,0,-9999,C21 H18 O2 N4 S1,21,18,2,4,-9999,1,-9999,N/A,-9999,-9999,N/A,-9999
978,389.115976,389.1159052775744,389.11594900480907,1749862.8,-9999,371475.2,20.29,-1,-0.11237584789053091,0.997711229134892,0,0.5986267374809351,10,1.15,0.3,P1 O6,de-protonated,0,-9999,C20 H23 O6 P1,20,23,6,-9999,1,-9999,-9999,N/A,-9999,-9999,N/A,-9999
979,389.125735,389.1256642853105,389.1255286238191,1418602,-9999,404755,16.11,-1,0.3486316917728628,0.978187402326998,0,0.5869124413961988,15,0.8571428571428571,0.1904761904761905,N4 O4,de-protonated,0,-9999,C21 H18 O4 N4,21,18,4,4,-9999,-9999,-9999,N/A,-9999,-9999,N/A,-9999
980,389.131414,389.13134328981226,389.13120514609903,5235052,-9999,254744.1,64.2,-1,0.3550054876160459,0.48869585412453703,0.7939170211058494,0.610784320917062,14,0.9583333333333334,0.125,P1 O3,de-protonated,0,-9999,C24 H23 O3 P1,24,23,3,-9999,1,-9999,-9999,N/A,-9999,-9999,N/A,-9999
980,389.131414,389.13134328981226,389.13140185058904,5235052,-9999,254744.1,64.2,-1,-0.15049100766580967,0.4979495324493492,0.8684926696514785,0.6461667873302009,6,1.5714285714285714,0.6428571428571429,N4 O9,de-protonated,0,-9999,C14 H22 O9 N4,14,22,9,4,-9999,-9999,-9999,N/A,-9999,-9999,N/A,-9999
981,389.144463,389.14439230015626,389.14415606842914,2556016.3,-9999,301554.8,30.44,-1,0.607054541179888,0.9353199629930428,0,0.5611919777958255,14,1,0.04545454545454545,N4 S1 O1,de-protonated,0,-9999,C22 H22 O1 N4 S1,22,22,1,4,-9999,1,-9999,N/A,-9999,-9999,N/A,-9999
981,389.144463,389.14439230015626,389.144289010159,2556016.3,-9999,301554.8,30.44,-1,0.26542853152851503,0.9872978833411232,0,0.5923787300046739,1,2.4545454545454546,0.8181818181818182,N4 P1 O9,de-protonated,0,-9999,C11 H27 O9 N4 P1,11,27,9,4,1,-9999,-9999,N/A,-9999,-9999,N/A,-9999
982,389.152641,389.15257030663906,389.15233451415907,1258098.9,-9999,500227.4,14.09,-1,0.6059130553397069,0.9355549740604832,0,0.56133298443629,9,1.2857142857142858,0.23809523809523808,P1 O5,de-protonated,0,-9999,C21 H27 O5 P1,21,27,5,-9999,1,-9999,-9999,N/A,-9999,-9999,N/A,-9999
983,389.166668,389.1665973177584,389.16644994941913,1360503.5,-9999,465044.4,15.38,-1,0.3786768855872525,0.9743165295297982,0,0.5845899177178789,0,2.142857142857143,0.8571428571428571,O12,de-protonated,0,-9999,C14 H30 O12,14,30,12,-9999,-9999,-9999,-9999,N/A,-9999,-9999,N/A,-9999
983,389.166668,389.1665973177584,389.1669392067691,1360503.5,-9999,465044.4,15.38,-1,-0.8785150439798751,0.8693234247755645,0,0.5215940548653386,4,1.8235294117647056,0.2352941176470588,N2 S1 P1 O4,de-protonated,0,-9999,C17 H31 O4 N2 P1 S1,17,31,4,2,1,1,-9999,N/A,-9999,-9999,N/A,-9999
984,389.167886,389.1678153187239,389.1675906554491,3436920,-9999,333185.9,41.54,-1,0.5772918408819275,0.4706606962108009,0.7871578612348809,0.5972595622204329,13,1.08,0.08,P1 O2,de-protonated,0,-9999,C25 H27 O2 P1,25,27,2,-9999,1,-9999,-9999,N/A,-9999,-9999,N/A,-9999
984,389.167886,389.1678153187239,389.16778735993904,3436920,-9999,333185.9,41.54,-1,0.07184249513343817,0.9990639192893368,0,0.599438351573602,5,1.7333333333333334,0.5333333333333333,N4 O8,de-protonated,0,-9999,C15 H26 O8 N4,15,26,8,4,-9999,-9999,-9999,N/A,-9999,-9999,N/A,-9999
985,389.181415,389.1813443294485,389.1817060907091,1092732.4,-9999,515530.2,12.01,-1,-0.929543334096748,0.8548913583516904,0,0.5129348150110142,4,1.6666666666666667,0.5,O9,de-protonated,0,-9999,C18 H30 O9,18,30,9,-9999,-9999,-9999,-9999,N/A,-9999,-9999,N/A,-9999
986,391.029601,391.02953179452135,391.0291851478591,1210851.3,-9999,433288.5,13.49,-1,0.8864981833010317,0.8671036862128867,0,0.520262211727732,2,1.9090909090909092,0.8181818181818182,S2 P1 O9,de-protonated,0,-9999,C11 H21 O9 P1 S2,11,21,9,-9999,1,2,-9999,N/A,-9999,-9999,N/A,-9999
986,391.029601,391.02953179452135,391.0295202367791,1210851.3,-9999,433288.5,13.49,-1,0.02955721141198392,0.9998414937750716,0,0.5999048962650428,21,0.3636363636363637,0.09090909090909093,N4 S1 O2,de-protonated,0,-9999,C22 H8 O2 N4 S1,22,8,2,4,-9999,1,-9999,N/A,-9999,-9999,N/A,-9999
986,391.029601,391.02953179452135,391.029653178509,1210851.3,-9999,433288.5,13.49,-1,-0.31042143911285125,0.9826673075853788,0,0.5896003845512272,8,1.181818181818182,0.9090909090909092,N4 P1 O10,de-protonated,0,-9999,C11 H13 O10 N4 P1,11,13,10,4,1,-9999,-9999,N/A,-9999,-9999,N/A,-9999
988,391.047102,391.04703280839453,391.046810270869,1700073.1,-9999,355828,19.65,-1,0.5690815515834297,0.9429303597021118,0,0.5657582158212671,15,0.7272727272727273,0.13636363636363635,S2 O3,de-protonated,0,-9999,C22 H16 O3 S2,22,16,3,-9999,-9999,2,-9999,N/A,-9999,-9999,N/A,-9999
988,391.047102,391.04703280839453,391.0472783015191,1700073.1,-9999,355828,19.65,-1,-0.62778374429006,0.9309858666856984,0,0.558591520011419,21,0.3636363636363637,0.18181818181818185,N4 O4,de-protonated,0,-9999,C22 H8 O4 N4,22,8,4,4,-9999,-9999,-9999,N/A,-9999,-9999,N/A,-9999
989,391.073217,391.0731478290961,391.0734327431791,2667505.8,-9999,499281.3,31.84,-1,-0.7285436932196188,0.9081837144773808,0,0.5449102286864284,6,1.5,0.5,N2 S1 P1 O7,de-protonated,0,-9999,C14 H21 O7 N2 P1 S1,14,21,7,2,1,1,-9999,N/A,-9999,-9999,N/A,-9999
990,391.074426,391.0743568300545,391.0740841918591,4992498.5,-9999,289519.7,61.13,-1,0.6971522953348331,0.45779439672061606,0.8077896627745538,0.5977925031421911,15,0.7727272727272727,0.2272727272727273,P1 O5,de-protonated,0,-9999,C22 H17 O5 P1,22,17,5,-9999,1,-9999,-9999,N/A,-9999,-9999,N/A,-9999
990,391.074426,391.0743568300545,391.0742808963491,4992498.5,-9999,289519.7,61.13,-1,0.1941669630072993,0.9931825823916236,0,0.5959095494349742,7,1.3333333333333333,0.9166666666666666,N4 O11,de-protonated,0,-9999,C12 H16 O11 N4,12,16,11,4,-9999,-9999,-9999,N/A,-9999,-9999,N/A,-9999
991,391.085883,391.08581383913656,391.0856977036691,1188310.1,-9999,300360,13.2,-1,0.29695657025285993,0.9841266049567736,0,0.5904759629740641,10,1.0526315789473684,0.3684210526315789,S1 O7,de-protonated,0,-9999,C19 H20 O7 S1,19,20,7,-9999,-9999,1,-9999,N/A,-9999,-9999,N/A,-9999
992,391.08726,391.0871908402281,391.08703511418906,1979638.5,-9999,414672.4,23.17,-1,0.39818767965204294,0.971640585155011,0,0.5829843510930065,15,0.8,0.15,N4 S1 O3,de-protonated,0,-9999,C20 H16 O3 N4 S1,20,16,3,4,-9999,1,-9999,N/A,-9999,-9999,N/A,-9999
993,391.090157,391.09008784252455,391.0904064175091,1287287.5,-9999,314706.5,14.45,-1,-0.8145814351498574,0.8865666347893514,0,0.5319399808736108,10,1.1764705882352942,0.17647058823529413,N4 S2 O3,de-protonated,0,-9999,C17 H20 O3 N4 S2,17,20,3,4,-9999,2,-9999,N/A,-9999,-9999,N/A,-9999
994,391.094572,391.0945028460244,391.0944291695091,3078137,-9999,354469.5,37.01,-1,0.1883854890021505,0.9935812396145683,0,0.596148743768741,14,0.9090909090909092,0.04545454545454545,N2 S2 O1,de-protonated,0,-9999,C22 H20 O1 N2 S2,22,20,1,2,-9999,2,-9999,N/A,-9999,-9999,N/A,-9999
994,391.094572,391.0945028460244,391.0945621112391,3078137,-9999,354469.5,37.01,-1,-0.15153679044290097,0.995841990005229,0,0.5975051940031374,1,2.272727272727273,0.8181818181818182,N2 S1 P1 O9,de-protonated,0,-9999,C11 H25 O9 N2 P1 S1,11,25,9,2,1,1,-9999,N/A,-9999,-9999,N/A,-9999
995,391.095467,391.0953978467339,391.0952135599191,3382777.3,-9999,353387.6,40.85,-1,0.47120703190007274,0.960512625008844,0,0.5763075750053064,10,1.105263157894737,0.3684210526315789,P1 O7,de-protonated,0,-9999,C19 H21 O7 P1,19,21,7,-9999,1,-9999,-9999,N/A,-9999,-9999,N/A,-9999
996,391.097475,391.0974058483256,391.09758254163904,2433786,-9999,301702.9,28.9,-1,-0.45178830383140506,0.9636414666642716,0,0.5781848799985629,19,0.6153846153846154,0.15384615384615383,O4,de-protonated,0,-9999,C26 H16 O4,26,16,4,-9999,-9999,-9999,-9999,N/A,-9999,-9999,N/A,-9999
997,391.098281,391.0982118489645,391.0985848632391,1933354.3,-9999,361194.2,22.59,-1,-0.95376022577844,0.8478459247536029,0,0.5087075548521617,5,1.5625,0.4375,S1 P1 O7,de-protonated,0,-9999,C16 H25 O7 P1 S1,16,25,7,-9999,1,1,-9999,N/A,-9999,-9999,N/A,-9999
998,391.099793,391.0997238501631,391.0994330164091,8150010.5,-9999,450732.8,100.91,-1,0.7436312341162481,0.4522654376492111,0.8684926696514785,0.618756330450118,6,1.4285714285714286,0.7857142857142857,N2 O11,de-protonated,0,-9999,C14 H20 O11 N2,14,20,11,2,-9999,-9999,-9999,N/A,-9999,-9999,N/A,-9999
998,391.099793,391.0997238501631,391.0999222737591,8150010.5,-9999,450732.8,100.91,-1,-0.5073475720008882,0.4771843640808788,0.8446892076502734,0.6241863015086366,10,1.2352941176470589,0.17647058823529413,N4 S1 P1 O3,de-protonated,0,-9999,C17 H21 O3 N4 P1 S1,17,21,3,4,1,1,-9999,N/A,-9999,-9999,N/A,-9999
999,391.103981,391.10391185348294,391.1039450257591,39650300,-9999,475160.4,497.78,-1,-0.084817032908053,0.2496738806479737,0.7635278334705254,0.4552154617769944,14,0.9545454545454546,0.04545454545454545,N2 S1 P1 O1,de-protonated,0,-9999,C22 H21 O1 N2 P1 S1,22,21,1,2,1,1,-9999,N/A,-9999,-9999,N/A,-9999
1000,391.108327,391.1082578569281,391.1081644822491,475538432,-9999,410560.1,5989.5,-1,0.23874387556653404,0.3351353639622198,0.8210960359191358,0.5295196327449863,10,1.1764705882352942,0.29411764705882354,N4 S1 O5,de-protonated,0,-9999,C17 H20 O5 N4 S1,17,20,5,4,-9999,1,-9999,N/A,-9999,-9999,N/A,-9999
1002,391.146083,391.1460138868576,391.14620376187906,3068426.3,-9999,441058.6,36.89,-1,-0.4854323515101117,0.9581438101669753,0,0.5748862861001851,4,1.8125,0.3125,N2 S1 P1 O5,de-protonated,0,-9999,C16 H29 O5 N2 P1 S1,16,29,5,2,1,1,-9999,N/A,-9999,-9999,N/A,-9999
1003,391.147396,391.1473268878984,391.1470519150491,8407051,-9999,301645.3,104.15,-1,0.7029909800107383,0.9571014787622156,0.955011947064498,0.9562656660831284,5,1.7142857142857142,0.6428571428571429,N4 O9,de-protonated,0,-9999,C14 H24 O9 N4,14,24,9,4,-9999,-9999,-9999,N/A,-9999,-9999,N/A,-9999
1005,391.182297,391.18222791556474,391.18258927122906,1315606.3,-9999,477849,14.81,-1,-0.9237519108345172,0.8565579056426329,0,0.5139347433855798,3,1.9411764705882353,0.2352941176470588,N2 S1 P1 O4,de-protonated,0,-9999,C17 H33 O4 N2 P1 S1,17,33,4,2,1,1,-9999,N/A,-9999,-9999,N/A,-9999
1006,391.18381,391.1837409167641,391.1834374243991,3210774.8,-9999,343012.7,38.68,-1,0.7758313262113758,0.8965362521407676,0,0.5379217512844605,4,1.8666666666666667,0.5333333333333333,N4 O8,de-protonated,0,-9999,C15 H28 O8 N4,15,28,8,4,-9999,-9999,-9999,N/A,-9999,-9999,N/A,-9999
1007,391.204815,391.2047459334149,391.20437008796904,1323549.8,-9999,542337.1,14.91,-1,0.960739384897514,0.8457928593126197,0,0.5074757155875718,7,1.5,0.18181818181818185,P1 O4,de-protonated,0,-9999,C22 H33 O4 P1,22,33,4,-9999,1,-9999,-9999,N/A,-9999,-9999,N/A,-9999
1008,391.219884,391.2198149453602,391.21962622925906,1132578.9,-9999,421000.8,12.5,-1,0.4823789210815821,0.9586577114158176,0,0.5751946268494905,11,1.2692307692307692,0.03846153846153846,P1 O1,de-protonated,0,-9999,C26 H33 O1 P1,26,33,1,-9999,1,-9999,-9999,N/A,-9999,-9999,N/A,-9999
1008,391.219884,391.2198149453602,391.21982293374913,1132578.9,-9999,421000.8,12.5,-1,-0.02041918223607275,0.999924349101478,0,0.5999546094608867,3,2,0.4375,N4 O7,de-protonated,0,-9999,C16 H32 O7 N4,16,32,7,4,-9999,-9999,-9999,N/A,-9999,-9999,N/A,-9999
1010,392.107552,392.1074836490223,392.1074362064491,3890508,-9999,444649.5,47.24,-1,0.12099381141528064,0.9480872651067028,0.4261036539683418,0.7392938206513585,14,0.9047619047619048,0.14285714285714285,N3 S1 O3,de-protonated,0,-9999,C21 H19 O3 N3 S1,21,19,3,3,-9999,1,-9999,N/A,-9999,-9999,N/A,-9999
1010,392.107552,392.1074836490223,392.1075522176491,3890508,-9999,444649.5,47.24,-1,-0.17487198699732573,0.3355676963794549,0.8210960359191358,0.5297790321953273,10,1.1764705882352942,0.29411764705882354,N4 33S1 O5,de-protonated,1,1000,C17 H20 O5 N4 33S1,17,20,5,4,-9999,-9999,-9999,N/A,-9999,-9999,TRUE,-9999
1011,392.1108,392.110731651597,392.110807509769,14945613,-9999,403756.7,186.53,-1,-0.1934610588582725,0.33107729820573123,0.7787153953035453,0.5101325370448568,9,1.2777777777777777,0.16666666666666666,N3 S2 O3,de-protonated,0,-9999,C18 H23 O3 N3 S2,18,23,3,3,-9999,2,-9999,N/A,-9999,-9999,N/A,-9999
1012,392.111987,392.1119186525379,392.1115919001791,43959628,-9999,356386.8,552.07,-1,0.8333147134140318,0.2938714976666024,0.8469330546550424,0.5150961204619784,5,1.6,0.6,N1 P1 O9,de-protonated,0,-9999,C15 H24 O9 N1 P1,15,24,9,1,1,-9999,-9999,N/A,-9999,-9999,N/A,-9999
1014,392.15048,392.15041168305174,392.15034639124906,1801818.3,-9999,288497.8,20.93,-1,0.16649686347414328,0.9949826528178688,0,0.5969895916907213,13,1,0.21739130434782608,N1 O5,de-protonated,0,-9999,C23 H23 O5 N1,23,23,5,1,-9999,-9999,-9999,N/A,-9999,-9999,N/A,-9999
1014,392.15048,392.15041168305174,392.1504067501191,1801818.3,-9999,288497.8,20.93,-1,0.01257918535705862,0.999971288715224,0.955011947064498,0.9819875520549336,5,1.8461538461538465,0.6923076923076923,13C1 N4 O9,de-protonated,1,1003,C13 H24 O9 N4 13C1,13,24,9,4,-9999,-9999,1,N/A,-9999,-9999,N/A,-9999
1015,393.044837,393.0447693920161,393.04483521231913,1751430.6,-9999,406973.1,20.29,-1,-0.16746258215427914,0.994924428957908,0,0.5969546573747448,1,2.090909090909091,0.8181818181818182,S2 P1 O9,de-protonated,0,-9999,C11 H23 O9 P1 S2,11,23,9,-9999,1,2,-9999,N/A,-9999,-9999,N/A,-9999
1016,393.045497,393.04542939253935,393.0451703012391,1156486.9,-9999,515219.6,12.79,-1,0.6591896295881383,0.9241830940273108,0,0.5545098564163865,20,0.4545454545454546,0.09090909090909093,N4 S1 O2,de-protonated,0,-9999,C22 H10 O2 N4 S1,22,10,2,4,-9999,1,-9999,N/A,-9999,-9999,N/A,-9999
1016,393.045497,393.04542939253935,393.04530324296906,1156486.9,-9999,515219.6,12.79,-1,0.32095427486642214,0.9814822716430532,0,0.5888893629858318,7,1.3636363636363635,0.9090909090909092,N4 P1 O10,de-protonated,0,-9999,C11 H15 O10 N4 P1,11,15,10,4,1,-9999,-9999,N/A,-9999,-9999,N/A,-9999
1017,393.052718,393.0526503982635,393.05269729828905,2188169.3,-9999,411609.2,25.79,-1,-0.11932248747929149,0.99741989393955,0,0.5984519363637301,6,1.4615384615384617,0.6153846153846154,N2 S1 P1 O8,de-protonated,0,-9999,C13 H19 O8 N2 P1 S1,13,19,8,2,1,1,-9999,N/A,-9999,-9999,N/A,-9999
1018,393.053697,393.0536293990395,393.0533487469691,4065929.8,-9999,325995,49.45,-1,0.7140304778947262,0.4558201786519292,0.8149093904448101,0.5994558633690816,15,0.7142857142857143,0.2857142857142857,P1 O6,de-protonated,0,-9999,C21 H15 O6 P1,21,15,6,-9999,1,-9999,-9999,N/A,-9999,-9999,N/A,-9999
1019,393.062686,393.0626184061652,393.06246033532904,6690444.5,-9999,296179.8,82.52,-1,0.4021519532277819,0.48554068919792653,0.8077896627745539,0.6144402786285775,14,0.8181818181818182,0.13636363636363635,S2 O3,de-protonated,0,-9999,C22 H18 O3 S2,22,18,3,-9999,-9999,2,-9999,N/A,-9999,-9999,N/A,-9999
1019,393.062686,393.0626184061652,393.0629283659791,6690444.5,-9999,296179.8,82.52,-1,-0.7885755473419928,0.4466494147890241,0.8077896627745539,0.591105513983236,20,0.4545454545454546,0.18181818181818185,N4 O4,de-protonated,0,-9999,C22 H10 O4 N4,22,10,4,4,-9999,-9999,-9999,N/A,-9999,-9999,N/A,-9999
1020,393.088976,393.0889084270055,393.0890828076391,3944085.5,-9999,509178,47.92,-1,-0.4436160686708963,0.9649217842824934,0,0.5789530705694961,5,1.6428571428571428,0.5,N2 S1 P1 O7,de-protonated,0,-9999,C14 H23 O7 N2 P1 S1,14,23,7,2,1,1,-9999,N/A,-9999,-9999,N/A,-9999
1021,393.090111,393.0900434279053,393.08973425631905,8479382,-9999,320726.6,105.06,-1,0.786516561620482,0.8677369282052291,0.9885217436058622,0.9160508543654824,14,0.8636363636363636,0.2272727272727273,P1 O5,de-protonated,0,-9999,C22 H19 O5 P1,22,19,5,-9999,1,-9999,-9999,N/A,-9999,-9999,N/A,-9999
1021,393.090111,393.0900434279053,393.0899309608091,8479382,-9999,320726.6,105.06,-1,0.2861103459339024,0.9725229638402674,0.9341466880691116,0.9571724535318052,6,1.5,0.9166666666666666,N4 O11,de-protonated,0,-9999,C12 H18 O11 N4,12,18,11,4,-9999,-9999,-9999,N/A,-9999,-9999,N/A,-9999
1022,393.101211,393.10114343670426,393.1013477681291,10895002,-9999,507958.9,135.49,-1,-0.5197932440866846,0.47607879778659423,0.8295321147073605,0.6174601245549007,9,1.1578947368421053,0.3684210526315789,S1 O7,de-protonated,0,-9999,C19 H22 O7 S1,19,22,7,-9999,-9999,1,-9999,N/A,-9999,-9999,N/A,-9999
1022,393.101211,393.10114343670426,393.10096764560905,10895002,-9999,507958.9,135.49,-1,0.44719069573739234,0.4821822128286576,0.8149093904448103,0.6152730838751187,14,0.9047619047619048,0.1904761904761905,N2 P1 O4,de-protonated,0,-9999,C21 H19 O4 N2 P1,21,19,4,2,1,-9999,-9999,N/A,-9999,-9999,N/A,-9999
1023,393.104378,393.1043104392148,393.104338948929,31762074,-9999,442051.7,398.39,-1,-0.07252454734328931,0.6662883304691802,0.958900470558287,0.783333186504823,9,1.2777777777777777,0.2222222222222222,N2 S1 P1 O4,de-protonated,0,-9999,C18 H23 O4 N2 P1 S1,18,23,4,2,1,1,-9999,N/A,-9999,-9999,N/A,-9999
1023,393.104378,393.1043104392148,393.1039603118491,31762074,-9999,442051.7,398.39,-1,0.8906737175655863,0.32388318000550176,0.8210960359191358,0.5227683223709554,10,1.1764705882352942,0.29411764705882354,N4 34S1 O5,de-protonated,1,1000,C17 H20 O5 N4 34S1,17,20,5,4,-9999,-9999,-9999,N/A,-9999,-9999,N/A,1
1024,393.105624,393.1055564402025,393.10518710209914,135603872,-9999,415313.1,1706.68,-1,0.9395401421827636,0.17039957789913768,0.8209220918874374,0.4306085834944576,10,1.125,0.5,N4 O8,de-protonated,0,-9999,C16 H18 O8 N4,16,18,8,4,-9999,-9999,-9999,N/A,-9999,-9999,N/A,-9999
1025,393.109869,393.1098014435675,393.11007923396915,6767260.5,-9999,457141.2,83.48,-1,-0.706647873603871,0.901363704611921,0.9590450972993032,0.924436261686874,13,1,0.04545454545454545,N2 S2 O1,de-protonated,0,-9999,C22 H22 O1 N2 S2,22,22,1,2,-9999,2,-9999,N/A,-9999,-9999,N/A,-9999
1026,393.11116,393.11109244459095,393.1108636243791,12251805,-9999,259342.2,152.58,-1,0.582075523845268,0.9405315926204724,0.9935818065624528,0.9617516781972646,9,1.2105263157894737,0.3684210526315789,P1 O7,de-protonated,0,-9999,C19 H23 O7 P1,19,23,7,-9999,1,-9999,-9999,N/A,-9999,-9999,N/A,-9999
1026,393.11116,393.11109244459095,393.1107910415191,12251805,-9999,259342.2,152.58,-1,0.7667127911495837,0.8988273238001234,0.4261036539683418,0.7097378558674108,14,0.95,0.15,13C1 N3 S1 O3,de-protonated,1,1010,C20 H19 O3 N3 S1 13C1,20,19,3,3,-9999,1,1,N/A,-9999,-9999,N/A,-9999
1027,393.125362,393.12529445584903,393.1254683169891,5183137.5,-9999,425985.5,63.53,-1,-0.4422535655448451,0.9348894538133636,0.959587157455296,0.9447685352701364,4,1.8,0.4,N2 S1 P1 O6,de-protonated,0,-9999,C15 H27 O6 N2 P1 S1,15,27,6,2,1,1,-9999,N/A,-9999,-9999,N/A,-9999
1028,393.126617,393.12654945684386,393.12631647015905,13378210,-9999,306258.3,166.77,-1,0.5926509496977082,0.9624929480521645,0.934305763549804,0.9512180742512202,5,1.6923076923076923,0.7692307692307693,N4 O10,de-protonated,0,-9999,C13 H22 O10 N4,13,22,10,4,-9999,-9999,-9999,N/A,-9999,-9999,N/A,-9999
1030,393.161591,393.161523484568,393.1618538263391,3186350,-9999,451735.7,38.37,-1,-0.8402182659900038,0.8797682692763116,0,0.5278609615657869,3,1.9375,0.3125,N2 S1 P1 O5,de-protonated,0,-9999,C16 H31 O5 N2 P1 S1,16,31,5,2,1,1,-9999,N/A,-9999,-9999,N/A,-9999
1031,393.163072,393.1630044857421,393.1627019795091,9423534,-9999,329704.4,116.95,-1,0.7694174229821941,0.940393365518783,0.9528684400761998,0.9453833953417496,4,1.8571428571428572,0.6428571428571429,N4 O9,de-protonated,0,-9999,C14 H26 O9 N4,14,26,9,4,-9999,-9999,-9999,N/A,-9999,-9999,N/A,-9999
1033,393.19822,393.19815251360416,393.1982393356891,1275322.3,-9999,431311.4,14.29,-1,-0.2208099534857087,0.9911921186202032,0,0.5947152711721219,2,2.0588235294117645,0.2352941176470588,N2 S1 P1 O4,de-protonated,0,-9999,C17 H35 O4 N2 P1 S1,17,35,4,2,1,1,-9999,N/A,-9999,-9999,N/A,-9999
1034,393.199415,393.19934751455145,393.1990874888591,2404026.8,-9999,313686.1,28.51,-1,0.6613079750569921,0.9237141337659864,0,0.5542284802595919,3,2,0.5333333333333333,N4 O8,de-protonated,0,-9999,C15 H30 O8 N4,15,30,8,4,-9999,-9999,-9999,N/A,-9999,-9999,N/A,-9999
1035,394.085317,394.0852502168136,394.0849832285191,1117413.3,-9999,460664.7,12.3,-1,0.6774891351678816,0.9200903476137064,0,0.5520542085682237,14,0.8571428571428571,0.23809523809523808,N1 P1 O5,de-protonated,0,-9999,C21 H18 O5 N1 P1,21,18,5,1,1,-9999,-9999,N/A,-9999,-9999,N/A,-9999
1036,394.09354,394.093473223332,394.0930890913891,1870568,-9999,383582.4,21.79,-1,0.9747238749605396,0.8416492061414972,0.9885217436058622,0.9003982211272432,14,0.9047619047619048,0.23809523809523808,13C1 P1 O5,de-protonated,1,1021,C21 H19 O5 P1 13C1,21,19,5,-9999,1,-9999,1,N/A,-9999,-9999,N/A,-9999
1036,394.09354,394.093473223332,394.0932254370091,1870568,-9999,383582.4,21.79,-1,0.6287505263284585,0.930780678682999,0,0.5584684072097994,14,0.8095238095238095,0.3333333333333333,N1 O7,de-protonated,0,-9999,C21 H17 O7 N1,21,17,7,1,-9999,-9999,-9999,N/A,-9999,-9999,N/A,-9999
1036,394.09354,394.093473223332,394.093285795879,1870568,-9999,383582.4,21.79,-1,0.47559159137726303,0.9597893941737268,0.9341466880691116,0.9495323117318808,6,1.6363636363636365,1,13C1 N4 O11,de-protonated,1,1021,C11 H18 O11 N4 13C1,11,18,11,4,-9999,-9999,1,N/A,-9999,-9999,N/A,-9999
1037,394.098492,394.0984252272575,394.0985855995291,1421481.8,-9999,285336.5,16.13,-1,-0.4069344002744286,0.9703998216032784,0,0.5822398929619671,23,0.48148148148148145,0.03703703703703703,N3 O1,de-protonated,0,-9999,C27 H13 O1 N3,27,13,1,3,-9999,-9999,-9999,N/A,-9999,-9999,N/A,-9999
1038,394.107773,394.1077062346146,394.1076937839991,5696493,-9999,438618.4,69.99,-1,0.03159191190473567,0.6665459478235124,0.958900470558287,0.7834877569174223,9,1.3529411764705883,0.2352941176470588,13C1 N2 S1 P1 O4,de-protonated,1,1023,C17 H23 O4 N2 P1 S1 13C1,17,23,4,2,1,1,1,N/A,-9999,-9999,N/A,-9999
1038,394.107773,394.1077062346146,394.1078301296191,5696493,-9999,438618.4,69.99,-1,-0.31436828964149544,0.491113858825603,0.8446892076502734,0.6325439983554713,9,1.2352941176470589,0.35294117647058826,N3 S1 O6,de-protonated,0,-9999,C17 H21 O6 N3 S1,17,21,6,3,-9999,1,-9999,N/A,-9999,-9999,N/A,-9999
1038,394.107773,394.1077062346146,394.1073151469191,5696493,-9999,438618.4,69.99,-1,0.9923380776600724,0.3211956812945258,0.8210960359191358,0.5211558231443698,10,1.25,0.3125,13C1 N4 34S1 O5,de-protonated,1,1000,C16 H20 O5 N4 13C1 34S1,16,20,5,4,-9999,-9999,1,N/A,-9999,-9999,N/A,1
1040,394.113184,394.1131172389039,394.1134340690392,1205998.8,-9999,328350.1,13.41,-1,-0.8039059514760946,0.8893504669396449,0.9590450972993032,0.9172283190835084,13,1.0476190476190477,0.04761904761904761,13C1 N2 S2 O1,de-protonated,1,1025,C21 H22 O1 N2 S2 13C1,21,22,1,2,-9999,2,1,N/A,-9999,-9999,N/A,-9999
1041,394.114514,394.1144472399583,394.1142184594491,2404335.3,-9999,415079.5,28.51,-1,0.5804929090959919,0.9406885894752568,0.9935818065624528,0.9618458763101352,9,1.2777777777777777,0.3888888888888889,13C1 P1 O7,de-protonated,1,1026,C18 H23 O7 P1 13C1,18,23,7,-9999,1,-9999,1,N/A,-9999,-9999,N/A,-9999
1041,394.114514,394.1144472399583,394.1143548050691,2404335.3,-9999,415079.5,28.51,-1,0.2345382451247319,0.9900684829724574,0,0.5940410897834745,9,1.1666666666666667,0.5,N1 O9,de-protonated,0,-9999,C18 H21 O9 N1,18,21,9,1,-9999,-9999,-9999,N/A,-9999,-9999,N/A,-9999
1042,394.121584,394.1215172455627,394.1213687378691,1144305.5,-9999,400720.5,12.64,-1,0.3768070076605331,0.9745663039876938,0,0.5847397823926163,13,1,0.18181818181818185,N1 P1 O4,de-protonated,0,-9999,C22 H22 O4 N1 P1,22,22,4,1,1,-9999,-9999,N/A,-9999,-9999,N/A,-9999
1043,394.128597,394.128530251122,394.1288231520591,1137779.9,-9999,397398.2,12.55,-1,-0.7431604082006575,0.9046457740411658,0.959587157455296,0.9266223274068176,4,1.9285714285714288,0.42857142857142855,13C1 N2 S1 P1 O6,de-protonated,1,1027,C14 H27 O6 N2 P1 S1 13C1,14,27,6,2,1,1,1,N/A,-9999,-9999,N/A,-9999
1044,394.129845,394.1297782521113,394.1296109463591,3117044.3,-9999,335639,37.49,-1,0.42449424644366335,0.48391626527325354,0.8077896627745539,0.6134656242737737,13,0.9545454545454546,0.2727272727272727,N1 O6,de-protonated,0,-9999,C22 H21 O6 N1,22,21,6,1,-9999,-9999,-9999,N/A,-9999,-9999,N/A,-9999
1044,394.129845,394.1297782521113,394.1296713052291,3117044.3,-9999,335639,37.49,-1,0.27134948205129944,0.9867286858657982,0.934305763549804,0.9657595169394004,5,1.8333333333333333,0.8333333333333334,13C1 N4 O10,de-protonated,1,1028,C12 H22 O10 N4 13C1,12,22,10,4,-9999,-9999,1,N/A,-9999,-9999,N/A,-9999
1045,394.166246,394.1661792809667,394.1659964557091,2049536.6,-9999,393939.4,24.04,-1,0.4638280806205888,0.9617158624788,0,0.57702951748728,12,1.0869565217391304,0.21739130434782608,N1 O5,de-protonated,0,-9999,C23 H25 O5 N1,23,25,5,1,-9999,-9999,-9999,N/A,-9999,-9999,N/A,-9999
1045,394.166246,394.1661792809667,394.1660568145791,2049536.6,-9999,393939.4,24.04,-1,0.31069744701400565,0.9826367407955536,0.9528684400761998,0.970729420507812,4,2,0.6923076923076923,13C1 N4 O9,de-protonated,1,1031,C13 H26 O9 N4 13C1,13,26,9,4,-9999,-9999,1,N/A,-9999,-9999,N/A,-9999
1046,395.002023,395.0019569434943,395.0019680777691,1412379.3,-9999,484447.8,16.01,-1,-0.02818789705864832,0.9998558389702612,0,0.5999135033821567,20,0.34782608695652173,0.21739130434782608,S1 O5,de-protonated,0,-9999,C23 H8 O5 S1,23,8,5,-9999,-9999,1,-9999,N/A,-9999,-9999,N/A,-9999
1047,395.00335,395.0032839445462,395.0029703993691,3018267.8,-9999,283618.9,36.24,-1,0.7937792892803642,0.8919651674199227,0,0.5351791004519536,6,1.3076923076923077,0.6153846153846154,S2 P1 O8,de-protonated,0,-9999,C13 H17 O8 P1 S2,13,17,8,-9999,1,2,-9999,N/A,-9999,-9999,N/A,-9999
1047,395.00335,395.0032839445462,395.0034384300191,3018267.8,-9999,283618.9,36.24,-1,-0.39109905864919214,0.9726274927790812,0,0.5835764956674487,12,0.6923076923076923,0.6923076923076923,N4 P1 O9,de-protonated,0,-9999,C13 H9 O9 N4 P1,13,9,9,4,1,-9999,-9999,N/A,-9999,-9999,N/A,-9999
1048,395.060736,395.06066999003656,395.0604852767791,6011695,-9999,256925.3,73.96,-1,0.4675569041650422,0.9611100128580607,0,0.5766660077148364,0,2.272727272727273,0.8181818181818182,S2 P1 O9,de-protonated,0,-9999,C11 H25 O9 P1 S2,11,25,9,-9999,1,2,-9999,N/A,-9999,-9999,N/A,-9999
1048,395.060736,395.06066999003656,395.0608203656992,6011695,-9999,256925.3,73.96,-1,-0.38063927083466587,0.9535983650743496,0.9762968774192622,0.9626777700123146,19,0.5454545454545454,0.09090909090909093,N4 S1 O2,de-protonated,0,-9999,C22 H12 O2 N4 S1,22,12,2,4,-9999,1,-9999,N/A,-9999,-9999,N/A,-9999
1048,395.060736,395.06066999003656,395.0609533074291,6011695,-9999,256925.3,73.96,-1,-0.7171485568434619,0.910902482591135,0,0.546541489554681,6,1.5454545454545454,0.9090909090909092,N4 P1 O10,de-protonated,0,-9999,C11 H17 O10 N4 P1,11,17,10,4,1,-9999,-9999,N/A,-9999,-9999,N/A,-9999
1049,395.068132,395.0680659958994,395.0683473627491,3493169.8,-9999,524010.1,42.23,-1,-0.7121979058587957,0.9120728019121022,0,0.5472436811472613,5,1.6153846153846154,0.6153846153846154,N2 S1 P1 O8,de-protonated,0,-9999,C13 H21 O8 N2 P1 S1,13,21,8,2,1,1,-9999,N/A,-9999,-9999,N/A,-9999
1050,395.069338,395.06927199685543,395.0689988114291,7329074,-9999,325204.1,90.55,-1,0.691487884833932,0.4584482475915688,0.8149093904448101,0.6010327047328654,14,0.8095238095238095,0.2857142857142857,P1 O6,de-protonated,0,-9999,C21 H17 O6 P1,21,17,6,-9999,1,-9999,-9999,N/A,-9999,-9999,N/A,-9999
1051,395.10448,395.1044140247128,395.10473287209913,5968190,-9999,430187.7,70.94,-1,-0.8069946011705225,0.9244808878680004,0.971236405903216,0.9431830950820866,4,1.7857142857142858,0.5,N2 S1 P1 O7,de-protonated,0,-9999,C14 H25 O7 N2 P1 S1,14,25,7,2,1,1,-9999,N/A,-9999,-9999,N/A,-9999
1052,395.105753,395.1056870257219,395.1053843207791,15612222,-9999,342812.6,188.37,-1,0.7661372252875234,0.4494856116934536,0.8077896627745539,0.5928072321258937,13,0.9545454545454546,0.2272727272727273,P1 O5,de-protonated,0,-9999,C22 H21 O5 P1,22,21,5,-9999,1,-9999,-9999,N/A,-9999,-9999,N/A,-9999
1052,395.105753,395.1056870257219,395.10558102526903,15612222,-9999,342812.6,188.37,-1,0.2682838663352913,0.948696455498774,0.9635483764419698,0.9546372238760524,5,1.6666666666666667,0.9166666666666666,N4 O11,de-protonated,0,-9999,C12 H20 O11 N4,12,20,11,4,-9999,-9999,-9999,N/A,-9999,-9999,N/A,-9999
1053,395.110337,395.1102710293557,395.11047315713904,1858111.9,-9999,270416,20.9,-1,-0.5115728310362448,0.9536234918499265,0,0.5721740951099559,8,1.3333333333333333,0.2222222222222222,N2 S2 O4,de-protonated,0,-9999,C18 H24 O4 N2 S2,18,24,4,2,-9999,2,-9999,N/A,-9999,-9999,N/A,-9999
1053,395.110337,395.1102710293557,395.1100930346191,1858111.9,-9999,270416,20.9,-1,0.4504940261634254,0.9638456805325132,0,0.5783074083195078,13,1.05,0.05,N4 S1 P1 O1,de-protonated,0,-9999,C20 H21 O1 N4 P1 S1,20,21,1,4,1,1,-9999,N/A,-9999,-9999,N/A,-9999
1054,395.134412,395.13434604844014,395.13459370599907,1145992.1,-9999,221748.1,12.23,-1,-0.6267675948265095,0.9312012406374692,0,0.5587207443824815,3,2.0714285714285716,0.21428571428571427,N4 S2 P1 O3,de-protonated,0,-9999,C14 H29 O3 N4 P1 S2,14,29,3,4,1,2,-9999,N/A,-9999,-9999,N/A,-9999
1055,395.137615,395.1375490509792,395.1377470781291,1582217.1,-9999,316690.8,17.54,-1,-0.5011597888857489,0.9554499880364968,0,0.5732699928218981,8,1.3888888888888888,0.3333333333333333,N2 P1 O6,de-protonated,0,-9999,C18 H25 O6 N2 P1,18,25,6,2,1,-9999,-9999,N/A,-9999,-9999,N/A,-9999
1056,395.140999,395.14093305366174,395.1411183814491,5225802.5,-9999,385033.2,61.91,-1,-0.4690167100156062,0.48043580537821856,0.8604105061749866,0.6324256856969258,3,1.9333333333333331,0.4,N2 S1 P1 O6,de-protonated,0,-9999,C15 H29 O6 N2 P1 S1,15,29,6,2,1,1,-9999,N/A,-9999,-9999,N/A,-9999
1057,395.142272,395.1422060546709,395.14196653461903,15360331,-9999,339884.8,185.3,-1,0.606162017973947,0.9434743032825664,0.9607651052931936,0.9503906240868172,4,1.8461538461538465,0.7692307692307693,N4 O10,de-protonated,0,-9999,C13 H24 O10 N4,13,24,10,4,-9999,-9999,-9999,N/A,-9999,-9999,N/A,-9999
1058,395.144207,395.1441410562047,395.1441388118491,1201995.4,-9999,490917.6,12.91,-1,0.00567984039577783,0.999994146376016,0,0.5999964878256095,21,0.6666666666666666,0.03333333333333333,O1,de-protonated,0,-9999,C30 H20 O1,30,20,1,-9999,-9999,-9999,-9999,N/A,-9999,-9999,N/A,-9999
1059,395.177373,395.1773070824957,395.1775038907991,2176342.8,-9999,449616.3,24.77,-1,-0.4980250683147153,0.955993150665395,0,0.573595890399237,2,2.0625,0.3125,N2 S1 P1 O5,de-protonated,0,-9999,C16 H33 O5 N2 P1 S1,16,33,5,2,1,1,-9999,N/A,-9999,-9999,N/A,-9999
1060,395.178662,395.1785960835175,395.1783520439691,6182231,-9999,307516.9,73.55,-1,0.6175428060716558,0.9371605010748651,0.936753467910006,0.9369976878089216,3,2,0.6428571428571429,N4 O9,de-protonated,0,-9999,C14 H28 O9 N4,14,28,9,4,-9999,-9999,-9999,N/A,-9999,-9999,N/A,-9999
1062,395.214916,395.2148501122564,395.2145408488291,1352291.4,-9999,341855.1,14.74,-1,0.7825203664000028,0.8948421471629953,0,0.5369052882977972,10,1.32,0.08,P1 O2,de-protonated,0,-9999,C25 H33 O2 P1,25,33,2,-9999,1,-9999,-9999,N/A,-9999,-9999,N/A,-9999
1062,395.214916,395.2148501122564,395.21473755331914,1352291.4,-9999,341855.1,14.74,-1,0.28480450385833833,0.9853898225725296,0,0.5912338935435179,2,2.1333333333333333,0.5333333333333333,N4 O8,de-protonated,0,-9999,C15 H32 O8 N4,15,32,8,4,-9999,-9999,-9999,N/A,-9999,-9999,N/A,-9999
1063,396.064485,396.06441978571695,396.064247783629,1218307.6,-9999,326718.2,13.11,-1,0.43427824864724734,0.96635812248466,0,0.579814873490796,14,0.8,0.3,N1 P1 O6,de-protonated,0,-9999,C20 H16 O6 N1 P1,20,16,6,1,1,-9999,-9999,N/A,-9999,-9999,N/A,-9999
1063,396.064485,396.06441978571695,396.0641752007692,1218307.6,-9999,326718.2,13.11,-1,0.6175386795725099,0.9331435923282378,0.9762968774192622,0.9504049063646476,19,0.5714285714285714,0.09523809523809525,13C1 N4 S1 O2,de-protonated,1,1048,C21 H12 O2 N4 S1 13C1,21,12,2,4,-9999,1,1,N/A,-9999,-9999,N/A,-9999
1066,396.107966,396.10790082018474,396.10808770716915,1139090.4,-9999,444673.6,12.14,-1,-0.47180804989518266,0.9604138514529812,0.971236405903216,0.9647428732330752,4,1.9230769230769231,0.5384615384615384,13C1 N2 S1 P1 O7,de-protonated,1,1051,C13 H25 O7 N2 P1 S1 13C1,13,25,7,2,1,1,1,N/A,-9999,-9999,N/A,-9999
1066,396.107966,396.10790082018474,396.1082240527891,1139090.4,-9999,444673.6,12.14,-1,-0.8160209376114368,0.886189120659027,0,0.5317134723954162,4,1.7692307692307692,0.6923076923076923,N3 S1 O9,de-protonated,0,-9999,C13 H23 O9 N3 S1,13,23,9,3,-9999,1,-9999,N/A,-9999,-9999,N/A,-9999
1067,396.109286,396.10922082123113,396.1088755014691,2783891,-9999,316544.8,32.17,-1,0.8717799156213426,0.8711848984151432,0,0.5227109390490859,13,0.9047619047619048,0.3333333333333333,N1 O7,de-protonated,0,-9999,C21 H19 O7 N1,21,19,7,1,-9999,-9999,-9999,N/A,-9999,-9999,N/A,-9999
1067,396.109286,396.10922082123113,396.10893586033905,2783891,-9999,316544.8,32.17,-1,0.7194003121120323,0.9103679922524698,0.9635483764419698,0.9316401459282696,5,1.818181818181818,1,13C1 N4 O11,de-protonated,1,1052,C11 H20 O11 N4 13C1,11,20,11,4,-9999,-9999,1,N/A,-9999,-9999,N/A,-9999
1068,396.145594,396.1455288500128,396.145261010819,2980511.3,-9999,385604.5,34.56,-1,0.6761135878333266,0.9204012502657553,0,0.5522407501594532,12,1.0454545454545454,0.2727272727272727,N1 O6,de-protonated,0,-9999,C22 H23 O6 N1,22,23,6,1,-9999,-9999,-9999,N/A,-9999,-9999,N/A,-9999
1068,396.145594,396.1455288500128,396.1453213696891,2980511.3,-9999,385604.5,34.56,-1,0.5237480098912601,0.9514448566759528,0.9607651052931936,0.955172956122849,4,2,0.8333333333333334,13C1 N4 O10,de-protonated,1,1057,C12 H24 O10 N4 13C1,12,24,10,4,-9999,-9999,1,N/A,-9999,-9999,N/A,-9999
1069,396.182001,396.18193587887293,396.18164652016907,1495211.6,-9999,483896.6,16.48,-1,0.7303687750520435,0.9077450482399876,0,0.5446470289439926,11,1.173913043478261,0.21739130434782608,N1 O5,de-protonated,0,-9999,C23 H27 O5 N1,23,27,5,1,-9999,-9999,-9999,N/A,-9999,-9999,N/A,-9999
1069,396.182001,396.18193587887293,396.1817068790391,1495211.6,-9999,483896.6,16.48,-1,0.5780171821685571,0.94117827275926,0.936753467910006,0.9394083508195584,3,2.1538461538461537,0.6923076923076923,13C1 N4 O9,de-protonated,1,1060,C13 H28 O9 N4 13C1,13,28,9,4,-9999,-9999,1,N/A,-9999,-9999,N/A,-9999
1070,396.220918,396.22085290972274,396.2210232103191,2574008.8,-9999,445781.8,29.61,-1,-0.4298121159766412,0.9670350384781708,0,0.5802210230869025,10,1.391304347826087,0.04347826086956521,N3 P1 O1,de-protonated,0,-9999,C23 H32 O1 N3 P1,23,32,1,3,1,-9999,-9999,N/A,-9999,-9999,N/A,-9999
1071,396.224165,396.2240999122967,396.22390525628913,10812090,-9999,471562.2,129.92,-1,0.4912777977226985,0.9701436696425616,0.9721860310704994,0.9709606142137368,1,2.0588235294117645,0.5294117647058824,N1 O9,de-protonated,0,-9999,C17 H35 O9 N1,17,35,9,1,-9999,-9999,-9999,N/A,-9999,-9999,N/A,-9999
1071,396.224165,396.2240999122967,396.22439451363914,10812090,-9999,471562.2,129.92,-1,-0.7435214653901051,0.8803041800582933,0.9947195003346684,0.9260703081688432,5,1.8,0.05,N3 S1 P1 O1,de-protonated,0,-9999,C20 H36 O1 N3 P1 S1,20,36,1,3,1,1,-9999,N/A,-9999,-9999,N/A,-9999
1073,397.048568,397.048503565808,397.04826336653906,2700754.5,-9999,292106.8,31.15,-1,0.6049623965298896,0.9357504046980768,0,0.561450242818846,14,0.75,0.35,P1 O7,de-protonated,0,-9999,C20 H15 O7 P1,20,15,7,-9999,1,-9999,-9999,N/A,-9999,-9999,N/A,-9999
1074,397.083886,397.0838215938049,397.0839974272091,4198878.5,-9999,415430.1,49.39,-1,-0.4428116100551752,0.9650466436274722,0,0.5790279861764833,4,1.7692307692307692,0.6153846153846154,N2 S1 P1 O8,de-protonated,0,-9999,C13 H23 O8 N2 P1 S1,13,23,8,2,1,1,-9999,N/A,-9999,-9999,N/A,-9999
1075,397.085086,397.08502159475614,397.08464887588906,10863583,-9999,338172.6,130.54,-1,0.938638318400901,0.8778888137408605,0.9572912659667556,0.9096497946312184,13,0.9047619047619048,0.2857142857142857,P1 O6,de-protonated,0,-9999,C21 H19 O6 P1,21,19,6,-9999,1,-9999,-9999,N/A,-9999,-9999,N/A,-9999
1076,397.113372,397.1133076171787,397.1129888812391,1921000.6,-9999,416790.4,21.66,-1,0.8026328740099601,0.8896805729333962,0,0.5338083437600377,4,1.9166666666666667,0.75,N4 P1 O9,de-protonated,0,-9999,C12 H23 O9 N4 P1,12,23,9,4,1,-9999,-9999,N/A,-9999,-9999,N/A,-9999
1077,397.116818,397.1167536199104,397.1170116332391,1326057.9,-9999,497589.4,14.41,-1,-0.6497161318132566,0.9262647993205116,0,0.5557588795923069,8,1.3529411764705883,0.4117647058823529,N2 P1 O7,de-protonated,0,-9999,C17 H23 O7 N2 P1,17,23,7,2,1,-9999,-9999,N/A,-9999,-9999,N/A,-9999
1078,397.120263,397.1201986226413,397.1203829365591,6516715,-9999,363810.9,77.62,-1,-0.46412605785872946,0.48083380612837495,0.8684926696514785,0.6358973515376164,3,1.9285714285714288,0.5,N2 S1 P1 O7,de-protonated,0,-9999,C14 H27 O7 N2 P1 S1,14,27,7,2,1,1,-9999,N/A,-9999,-9999,N/A,-9999
1079,397.121427,397.1213626235639,397.12103438523906,15817707,-9999,324791.3,190.86,-1,0.8265447972982902,0.44170695122601816,0.8077896627745539,0.5881400358454325,12,1.0454545454545454,0.2272727272727273,P1 O5,de-protonated,0,-9999,C22 H23 O5 P1,22,23,5,-9999,1,-9999,-9999,N/A,-9999,-9999,N/A,-9999
1079,397.121427,397.1213626235639,397.12123108972906,15817707,-9999,324791.3,190.86,-1,0.3312183397988614,0.9616280179746732,0.9601865105995586,0.9610514150246274,4,1.8333333333333333,0.9166666666666666,N4 O11,de-protonated,0,-9999,C12 H22 O11 N4,12,22,11,4,-9999,-9999,-9999,N/A,-9999,-9999,N/A,-9999
1080,397.123166,397.1231016249425,397.1234033669591,1439596,-9999,360833.2,15.8,-1,-0.7598192755030259,0.9005451984940588,0,0.5403271190964353,21,0.6206896551724138,0.06896551724137931,O2,de-protonated,0,-9999,C29 H18 O2,29,18,2,-9999,-9999,-9999,-9999,N/A,-9999,-9999,N/A,-9999
1080,397.123166,397.1231016249425,397.1227519182791,1439596,-9999,360833.2,15.8,-1,0.8806009267463755,0.8687448293292972,0,0.5212468975975783,12,1.0476190476190477,0.1904761904761905,N2 S1 O4,de-protonated,0,-9999,C21 H22 O4 N2 S1,21,22,4,2,-9999,1,-9999,N/A,-9999,-9999,N/A,-9999
1082,397.149965,397.14990064618627,397.1502437704591,1883893.1,-9999,292273.4,21.21,-1,-0.8639659126822405,0.8733315342672903,0,0.5239989205603741,2,2.2142857142857144,0.21428571428571427,N4 S2 P1 O3,de-protonated,0,-9999,C14 H31 O3 N4 P1 S2,14,31,3,4,1,2,-9999,N/A,-9999,-9999,N/A,-9999
1083,397.156526,397.1564616513873,397.1567684459091,3722743.5,-9999,545249.7,43.6,-1,-0.7724771330532143,0.8973814762522986,0,0.5384288857513791,2,2.066666666666667,0.4,N2 S1 P1 O6,de-protonated,0,-9999,C15 H31 O6 N2 P1 S1,15,31,6,2,1,1,-9999,N/A,-9999,-9999,N/A,-9999
1084,397.157839,397.1577746524281,397.15741989458905,10384376,-9999,347065.3,124.71,-1,0.8932423801325285,0.4326086318858097,0.8007932653391622,0.5798824852671507,11,1.173913043478261,0.17391304347826086,P1 O4,de-protonated,0,-9999,C23 H27 O4 P1,23,27,4,-9999,1,-9999,-9999,N/A,-9999,-9999,N/A,-9999
1084,397.157839,397.1577746524281,397.15761659907906,10384376,-9999,347065.3,124.71,-1,0.39796126882560345,0.9414441393776188,0.9617294401285328,0.9495582596779844,3,2,0.7692307692307693,N4 O10,de-protonated,0,-9999,C13 H26 O10 N4,13,26,10,4,-9999,-9999,-9999,N/A,-9999,-9999,N/A,-9999
1085,397.165845,397.16578065877445,397.16566210307906,1220090.5,-9999,525521.9,13.12,-1,0.2985043942782679,0.9839620377238693,0,0.5903772226343216,11,1.1304347826086956,0.2608695652173913,O6,de-protonated,0,-9999,C23 H26 O6,23,26,6,-9999,-9999,-9999,-9999,N/A,-9999,-9999,N/A,-9999
1087,397.19429,397.19422568132313,397.19400210842906,2895364.3,-9999,316351.1,33.52,-1,0.5628808413143891,0.944132024861106,0,0.5664792149166636,2,2.142857142857143,0.6428571428571429,N4 O9,de-protonated,0,-9999,C14 H30 O9 N4,14,30,9,4,-9999,-9999,-9999,N/A,-9999,-9999,N/A,-9999
1088,397.227446,397.2273817076061,397.22726009135914,2423823.5,-9999,456150.5,27.78,-1,0.3061628926422421,0.9831356005927596,0.9721860310704994,0.9787557727838556,1,2.1875,0.5625,13C1 N1 O9,de-protonated,1,1071,C16 H35 O9 N1 13C1,16,35,9,1,-9999,-9999,1,N/A,-9999,-9999,N/A,-9999
1088,397.227446,397.2273817076061,397.2277493487091,2423823.5,-9999,456150.5,27.78,-1,-0.9255171715177076,0.8560506920340974,0.9947195003346684,0.9115182153543258,5,1.894736842105263,0.05263157894736842,13C1 N3 S1 P1 O1,de-protonated,1,1071,C19 H36 O1 N3 P1 S1 13C1,19,36,1,3,1,1,1,N/A,-9999,-9999,N/A,-9999
1089,397.228935,397.2288707087865,397.2285371430091,6923280,-9999,304212.5,82.56,-1,0.8397326632045866,0.4399492527854303,0.7739790330151772,0.5735611648773291,14,1.1111111111111112,0.03703703703703703,N2 O1,de-protonated,0,-9999,C27 H30 O1 N2,27,30,1,2,-9999,-9999,-9999,N/A,-9999,-9999,N/A,-9999
1091,397.23412,397.2340557128967,397.2344103697791,3967505.8,-9999,293919.6,46.58,-1,-0.8928151064843841,0.4326685393062375,0.8221557383861047,0.5884634189381844,5,1.7,0.3,N2 O6,de-protonated,0,-9999,C20 H34 O6 N2,20,34,6,2,-9999,-9999,-9999,N/A,-9999,-9999,N/A,-9999
1092,398.088365,398.088301390064,398.0880037109591,1803573.5,-9999,328759.2,20.22,-1,0.7477721059883362,0.9035178487640778,0.9572912659667556,0.9250272156451488,13,0.95,0.3,13C1 P1 O6,de-protonated,1,1075,C20 H19 O6 P1 13C1,20,19,6,-9999,1,-9999,1,N/A,-9999,-9999,N/A,-9999
1092,398.088365,398.088301390064,398.0881400565791,1803573.5,-9999,328759.2,20.22,-1,0.40527076452349114,0.9706377694439936,0,0.5823826616663961,13,0.85,0.4,N1 O8,de-protonated,0,-9999,C20 H17 O8 N1,20,17,8,1,-9999,-9999,-9999,N/A,-9999,-9999,N/A,-9999
1094,398.124876,398.12481241900656,398.1245255659291,2894658,-9999,305265,33.51,-1,0.7205109432712016,0.9101038648993954,0,0.5460623189396372,12,1,0.3333333333333333,N1 O7,de-protonated,0,-9999,C21 H21 O7 N1,21,21,7,1,-9999,-9999,-9999,N/A,-9999,-9999,N/A,-9999
1094,398.124876,398.12481241900656,398.1245859247991,2894658,-9999,305265,33.51,-1,0.5689028396865863,0.9429651558549728,0.9601865105995586,0.9498536977528071,4,2,1,13C1 N4 O11,de-protonated,1,1079,C11 H22 O11 N4 13C1,11,22,11,4,-9999,-9999,1,N/A,-9999,-9999,N/A,-9999
1095,398.16132,398.1612564478961,398.1609110752791,2000718.5,-9999,399574.9,22.62,-1,0.8674196972663814,0.8723844547808298,0,0.5234306728684979,11,1.1363636363636365,0.2727272727272727,N1 O6,de-protonated,0,-9999,C22 H25 O6 N1,22,25,6,1,-9999,-9999,-9999,N/A,-9999,-9999,N/A,-9999
1095,398.16132,398.1612564478961,398.1609714341491,2000718.5,-9999,399574.9,22.62,-1,0.7158254259536844,0.9112159132928564,0.9617294401285328,0.931421324027127,3,2.1666666666666665,0.8333333333333334,13C1 N4 O10,de-protonated,1,1084,C12 H26 O10 N4 13C1,12,26,10,4,-9999,-9999,1,N/A,-9999,-9999,N/A,-9999
1096,399.06326,399.0631971628716,399.06312904058905,1741443.4,-9999,454362.3,19.46,-1,0.17070552909375122,0.994726470889014,0,0.5968358825334085,17,0.6956521739130435,0.04347826086956521,N2 S2 O1,de-protonated,0,-9999,C23 H16 O1 N2 S2,23,16,1,2,-9999,2,-9999,N/A,-9999,-9999,N/A,-9999
1096,399.06326,399.0631971628716,399.06326198231915,1741443.4,-9999,454362.3,19.46,-1,-0.16242900234449767,0.9952242468504344,0,0.5971345481102607,4,1.75,0.75,N2 S1 P1 O9,de-protonated,0,-9999,C12 H21 O9 N2 P1 S1,12,21,9,2,1,1,-9999,N/A,-9999,-9999,N/A,-9999
1099,399.092895,399.0928321863635,399.0931228162191,2117773.5,-9999,322663.6,24.05,-1,-0.7282256669946906,0.9082600628043896,0,0.5449560376826337,3,2.0833333333333335,0.4166666666666667,N4 S2 P1 O5,de-protonated,0,-9999,C12 H25 O5 N4 P1 S2,12,25,5,4,1,2,-9999,N/A,-9999,-9999,N/A,-9999
1100,399.099426,399.0993631915407,399.09964749166915,3789967.8,-9999,447059.5,44.41,-1,-0.7123537448069591,0.91203606278826,0,0.5472216376729561,3,1.9230769230769231,0.6153846153846154,N2 S1 P1 O8,de-protonated,0,-9999,C13 H25 O8 N2 P1 S1,13,25,8,2,1,1,-9999,N/A,-9999,-9999,N/A,-9999
1101,399.100723,399.10066019256885,399.1002989403491,10002064,-9999,329059.1,120.04,-1,0.9051664975458924,0.8632485457958257,0.9451181723075688,0.8959963964005229,12,1,0.2857142857142857,P1 O6,de-protonated,0,-9999,C21 H21 O6 P1,21,21,6,-9999,1,-9999,-9999,N/A,-9999,-9999,N/A,-9999
1102,399.116005,399.115942204683,399.1155550816391,1609877.5,-9999,310184,17.86,-1,0.9699522831171408,0.8430674835511336,0,0.5058404901306801,16,0.84,0.12,P1 O3,de-protonated,0,-9999,C25 H21 O3 P1,25,21,3,-9999,1,-9999,-9999,N/A,-9999,-9999,N/A,-9999
1102,399.116005,399.115942204683,399.1157517861291,1609877.5,-9999,310184,17.86,-1,0.4771010741080048,0.9595389827802286,0,0.5757233896681372,8,1.3333333333333333,0.6,N4 O9,de-protonated,0,-9999,C15 H20 O9 N4,15,20,9,4,-9999,-9999,-9999,N/A,-9999,-9999,N/A,-9999
1103,399.125266,399.1252032120243,399.1251347006491,2229912.5,-9999,416210.4,25.41,-1,0.17165387308853514,0.9946678715295594,0,0.5968007229177356,21,0.6153846153846154,0.03846153846153846,N4 O1,de-protonated,0,-9999,C26 H16 O1 N4,26,16,1,4,-9999,-9999,-9999,N/A,-9999,-9999,N/A,-9999
1104,399.126402,399.1263392129248,399.12651714476914,4006041,-9999,271945.5,47.04,-1,-0.4458031143134597,0.9645812713291116,0,0.5787487627974669,2,2,0.5,N2 S2 O7,de-protonated,0,-9999,C14 H28 O7 N2 S2,14,28,7,2,-9999,2,-9999,N/A,-9999,-9999,N/A,-9999
1104,399.126402,399.1263392129248,399.1261370222491,4006041,-9999,271945.5,47.04,-1,0.5065834003956305,0.9545029118866362,0,0.5727017471319816,7,1.5625,0.25,N4 S1 P1 O4,de-protonated,0,-9999,C16 H25 O4 N4 P1 S1,16,25,4,4,1,1,-9999,N/A,-9999,-9999,N/A,-9999
1106,399.135879,399.1358162204373,399.1360330010191,3846300.3,-9999,475683.2,45.09,-1,-0.5431245587601669,0.9478827069415382,0,0.5687296241649229,2,2.0714285714285716,0.5,N2 S1 P1 O7,de-protonated,0,-9999,C14 H29 O7 N2 P1 S1,14,29,7,2,1,1,-9999,N/A,-9999,-9999,N/A,-9999
1107,399.137066,399.1370032213783,399.1366844496991,9554589,-9999,317707,114.6,-1,0.7986529216912783,0.4453549883878089,0.8077896627745539,0.5903288581425069,11,1.1363636363636365,0.2272727272727273,P1 O5,de-protonated,0,-9999,C22 H25 O5 P1,22,25,5,-9999,1,-9999,-9999,N/A,-9999,-9999,N/A,-9999
1107,399.137066,399.1370032213783,399.1368811541891,9554589,-9999,317707,114.6,-1,0.3058278874869294,0.4915860872643027,0.8851212310995799,0.6490001447984135,3,2,0.9166666666666666,N4 O11,de-protonated,0,-9999,C12 H24 O11 N4,12,24,11,4,-9999,-9999,-9999,N/A,-9999,-9999,N/A,-9999
1108,399.152253,399.1521902334171,399.1519405909891,1404065.9,-9999,374020.6,15.35,-1,0.6254320789043217,0.931483849595573,0,0.5588903097573438,15,0.9615384615384616,0.07692307692307693,P1 O2,de-protonated,0,-9999,C26 H25 O2 P1,26,25,2,-9999,1,-9999,-9999,N/A,-9999,-9999,N/A,-9999
1108,399.152253,399.1521902334171,399.1521372954791,1404065.9,-9999,374020.6,15.35,-1,0.1326259665118961,0.99681346946,0,0.598088081676,7,1.5,0.5,N4 O8,de-protonated,0,-9999,C16 H24 O8 N4,16,24,8,4,-9999,-9999,-9999,N/A,-9999,-9999,N/A,-9999
1110,399.17229,399.1722272493006,399.1724185103691,1632936.8,-9999,506256.9,18.14,-1,-0.47914399799398494,0.959198918608069,0,0.5755193511648414,1,2.2,0.4,N2 S1 P1 O6,de-protonated,0,-9999,C15 H33 O6 N2 P1 S1,15,33,6,2,1,1,-9999,N/A,-9999,-9999,N/A,-9999
1111,399.17345,399.1733872502202,399.1730699590491,3678889.3,-9999,340345.5,43.05,-1,0.7948711848692707,0.4458422335697767,0.8007932653391622,0.5878226462775309,10,1.2608695652173914,0.17391304347826086,P1 O4,de-protonated,0,-9999,C23 H29 O4 P1,23,29,4,-9999,1,-9999,-9999,N/A,-9999,-9999,N/A,-9999
1111,399.17345,399.1733872502202,399.1732666635391,3678889.3,-9999,340345.5,43.05,-1,0.30209107459964424,0.9835775149911984,0,0.590146508994719,2,2.1538461538461537,0.7692307692307693,N4 O10,de-protonated,0,-9999,C13 H28 O10 N4,13,28,10,4,-9999,-9999,-9999,N/A,-9999,-9999,N/A,-9999
1112,399.209973,399.2099102791723,399.2096521728891,1270965.6,-9999,366078.1,13.73,-1,0.646543192978457,0.9269563191638276,0,0.5561737914982966,1,2.2857142857142856,0.6428571428571429,N4 O9,de-protonated,0,-9999,C14 H32 O9 N4,14,32,9,4,-9999,-9999,-9999,N/A,-9999,-9999,N/A,-9999
1113,399.224945,399.22488229104067,399.2249083141791,1475130.8,-9999,479673.8,16.22,-1,-0.06518415535692987,0.9992293263512442,0,0.5995375958107465,5,1.7777777777777777,0.3333333333333333,N4 O6,de-protonated,0,-9999,C18 H32 O6 N4,18,32,6,4,-9999,-9999,-9999,N/A,-9999,-9999,N/A,-9999
1114,399.225465,399.2254022914529,399.2257776940491,1533371,-9999,457598.5,16.93,-1,-0.9403265451205748,0.851769378932975,0,0.511061627359785,4,1.894736842105263,0.05263157894736842,N4 S2 O1,de-protonated,0,-9999,C19 H36 O1 N4 S2,19,36,1,4,-9999,2,-9999,N/A,-9999,-9999,N/A,-9999
1115,400.104074,400.1040119879338,400.1036537754191,1497320.9,-9999,271235.2,16.49,-1,0.8952992838669873,0.8646399032430855,0.9451181723075688,0.8968312108688788,12,1.05,0.3,13C1 P1 O6,de-protonated,1,1101,C20 H21 O6 P1 13C1,20,21,6,-9999,1,-9999,1,N/A,-9999,-9999,N/A,-9999
1115,400.104074,400.1040119879338,400.103790121039,1497320.9,-9999,271235.2,16.49,-1,0.554523351826019,0.9457332068628866,0,0.5674399241177319,12,0.95,0.4,N1 O8,de-protonated,0,-9999,C20 H19 O8 N1,20,19,8,1,-9999,-9999,-9999,N/A,-9999,-9999,N/A,-9999
1117,400.140726,400.1406640169881,400.1410450102591,1832693.4,-9999,382737.9,20.57,-1,-0.9521474383723856,0.8483189353422742,0,0.5089913612053645,10,1.2272727272727273,0.09090909090909093,N1 S2 O2,de-protonated,0,-9999,C22 H27 O2 N1 S2,22,27,2,1,-9999,2,-9999,N/A,-9999,-9999,N/A,-9999
1118,401.031411,401.03134972304173,401.0311602064091,1349544.3,-9999,269133.9,14.68,-1,0.4725733345691596,0.9602879142042556,0,0.5761727485225533,17,0.6086956521739131,0.13043478260869565,S2 O3,de-protonated,0,-9999,C23 H14 O3 S2,23,14,3,-9999,-9999,2,-9999,N/A,-9999,-9999,N/A,-9999
1118,401.031411,401.03134972304173,401.031293148139,1349544.3,-9999,269133.9,14.68,-1,0.14107353621618568,0.9963953672891296,0,0.5978372203734778,4,1.5833333333333333,0.9166666666666666,S1 P1 O11,de-protonated,0,-9999,C12 H19 O11 P1 S1,12,19,11,-9999,1,1,-9999,N/A,-9999,-9999,N/A,-9999
1119,401.050337,401.05027573804455,401.04992059274906,1204782.9,-9999,467682.9,12.92,-1,0.885538874965326,0.867371185642123,0,0.5204227113852737,3,1.7692307692307692,0.6153846153846154,S2 P1 O8,de-protonated,0,-9999,C13 H23 O8 P1 S2,13,23,8,-9999,1,2,-9999,N/A,-9999,-9999,N/A,-9999
1119,401.050337,401.05027573804455,401.0502556816691,1204782.9,-9999,467682.9,12.92,-1,0.05000963133473529,0.9995463064581408,0,0.5997277838748843,22,0.4166666666666667,0.04166666666666666,N4 S1 O1,de-protonated,0,-9999,C24 H10 O1 N4 S1,24,10,1,4,-9999,1,-9999,N/A,-9999,-9999,N/A,-9999
1119,401.050337,401.05027573804455,401.0503886233991,1204782.9,-9999,467682.9,12.92,-1,-0.2814742430278148,0.9857270669511032,0,0.5914362401706619,9,1.1538461538461535,0.6923076923076923,N4 P1 O9,de-protonated,0,-9999,C13 H15 O9 N4 P1,13,15,9,4,1,-9999,-9999,N/A,-9999,-9999,N/A,-9999
1120,401.058983,401.0589217448983,401.05863083188905,1809457.9,-9999,285668.2,20.28,-1,0.7253627946539416,0.908946137610552,0,0.5453676825663311,9,1.0769230769230769,0.8461538461538461,N4 O11,de-protonated,0,-9999,C13 H14 O11 N4,13,14,11,4,-9999,-9999,-9999,N/A,-9999,-9999,N/A,-9999
1121,401.072017,401.0719557552305,401.0720364984091,1321526.3,-9999,434970.6,14.34,-1,-0.2013183948679617,0.9926730228898532,0,0.5956038137339119,26,0.3448275862068966,0.03448275862068965,N2 O1,de-protonated,0,-9999,C29 H10 O1 N2,29,10,1,2,-9999,-9999,-9999,N/A,-9999,-9999,N/A,-9999
1122,401.078673,401.0786117605067,401.0787791050491,1802040.6,-9999,555548,20.19,-1,-0.41723609185401334,0.9689060105965608,0,0.5813436063579364,16,0.782608695652174,0.04347826086956521,N2 S2 O1,de-protonated,0,-9999,C23 H18 O1 N2 S2,23,18,1,2,-9999,2,-9999,N/A,-9999,-9999,N/A,-9999
1122,401.078673,401.0786117605067,401.07891204677907,1802040.6,-9999,555548,20.19,-1,-0.7486962372917535,0.9032911561908402,0,0.5419746937145041,3,1.9166666666666667,0.75,N2 S1 P1 O9,de-protonated,0,-9999,C12 H23 O9 N2 P1 S1,12,23,9,2,1,1,-9999,N/A,-9999,-9999,N/A,-9999
1124,401.095294,401.0952327736824,401.09501634123905,2352318.3,-9999,297245.6,26.89,-1,0.5396039205325773,0.9485385494928236,0,0.569123129695694,8,1.2857142857142858,0.7142857142857143,N4 O10,de-protonated,0,-9999,C14 H18 O10 N4,14,18,10,4,-9999,-9999,-9999,N/A,-9999,-9999,N/A,-9999
1127,401.11513,401.11506878940656,401.11529755612906,2239813.3,-9999,553874.5,25.52,-1,-0.570326596602772,0.942687675263354,0,0.5656126051580124,2,2.076923076923077,0.6153846153846154,N2 S1 P1 O8,de-protonated,0,-9999,C13 H27 O8 N2 P1 S1,13,27,8,2,1,1,-9999,N/A,-9999,-9999,N/A,-9999
1129,401.126481,401.1264197984046,401.12653094541906,1213641.1,-9999,332558.3,13.03,-1,-0.2770871680246773,0.986165449292745,0,0.591699269575647,2,2.25,0.5833333333333334,N4 S1 P1 O7,de-protonated,0,-9999,C12 H27 O7 N4 P1 S1,12,27,7,4,1,1,-9999,N/A,-9999,-9999,N/A,-9999
1130,401.131607,401.13154580246794,401.13120514609903,2557515,-9999,275600.9,29.39,-1,0.8492392627030436,0.8773387319926566,0,0.526403239195594,15,0.92,0.12,P1 O3,de-protonated,0,-9999,C25 H23 O3 P1,25,23,3,-9999,1,-9999,-9999,N/A,-9999,-9999,N/A,-9999
1130,401.131607,401.13154580246794,401.13140185058904,2557515,-9999,275600.9,29.39,-1,0.3588646469284897,0.9769032517908328,0,0.5861419510744997,7,1.4666666666666666,0.6,N4 O9,de-protonated,0,-9999,C15 H22 O9 N4,15,22,9,4,-9999,-9999,-9999,N/A,-9999,-9999,N/A,-9999
1132,401.144569,401.1445078127431,401.14415606842914,3131471.3,-9999,351991.2,36.38,-1,0.8768526441796118,0.4348919221705376,0.8007932653391622,0.5812524594379875,15,0.9565217391304348,0.04347826086956521,N4 S1 O1,de-protonated,0,-9999,C23 H22 O1 N4 S1,23,22,1,4,-9999,1,-9999,N/A,-9999,-9999,N/A,-9999
1132,401.144569,401.1445078127431,401.144289010159,3131471.3,-9999,351991.2,36.38,-1,0.5454460901223982,0.9474481566606148,0,0.5684688939963689,2,2.25,0.75,N4 P1 O9,de-protonated,0,-9999,C12 H27 O9 N4 P1,12,27,9,4,1,-9999,-9999,N/A,-9999,-9999,N/A,-9999
1133,401.144943,401.14488181303955,401.14515839002905,3121487.5,-9999,354309.8,36.26,-1,-0.6894685968948572,0.9173605424952824,0,0.5504163254971693,1,2.3846153846153846,0.3076923076923077,N4 S2 P1 O4,de-protonated,0,-9999,C13 H31 O4 N4 P1 S2,13,31,4,4,1,2,-9999,N/A,-9999,-9999,N/A,-9999
1134,401.151477,401.1514158182191,401.1516830654791,1346513.8,-9999,424838.4,14.65,-1,-0.666200021822817,0.9226262980627092,0,0.5535757788376255,1,2.2142857142857144,0.5,N2 S1 P1 O7,de-protonated,0,-9999,C14 H31 O7 N2 P1 S1,14,31,7,2,1,1,-9999,N/A,-9999,-9999,N/A,-9999
1135,401.152722,401.152660819206,401.15233451415907,3252562.3,-9999,307328.8,37.85,-1,0.8134192895453819,0.4434355209864724,0.8077896627745539,0.589177177701705,10,1.2272727272727273,0.2272727272727273,P1 O5,de-protonated,0,-9999,C22 H27 O5 P1,22,27,5,-9999,1,-9999,-9999,N/A,-9999,-9999,N/A,-9999
1135,401.152722,401.152660819206,401.1525312186491,3252562.3,-9999,307328.8,37.85,-1,0.3230705201780837,0.9812395820320636,0,0.5887437492192382,2,2.1666666666666665,0.9166666666666666,N4 O11,de-protonated,0,-9999,C12 H26 O11 N4,12,26,11,4,-9999,-9999,-9999,N/A,-9999,-9999,N/A,-9999
1136,401.168045,401.16798383135273,401.1675906554491,1896471.4,-9999,307688,21.34,-1,0.9800789315923653,0.840052078669799,0,0.5040312472018794,14,1.0384615384615383,0.07692307692307693,P1 O2,de-protonated,0,-9999,C26 H27 O2 P1,26,27,2,-9999,1,-9999,-9999,N/A,-9999,-9999,N/A,-9999
1136,401.168045,401.16798383135273,401.16778735993904,1896471.4,-9999,307688,21.34,-1,0.48974872828267446,0.9574122950563512,0,0.5744473770338107,6,1.625,0.5,N4 O8,de-protonated,0,-9999,C16 H26 O8 N4,16,26,8,4,-9999,-9999,-9999,N/A,-9999,-9999,N/A,-9999
1138,401.189126,401.18906484806377,401.18872002350906,1461854.8,-9999,393653.5,16.05,-1,0.8595071034942512,0.8745501286279552,0,0.5247300771767731,9,1.3478260869565215,0.17391304347826086,P1 O4,de-protonated,0,-9999,C23 H31 O4 P1,23,31,4,-9999,1,-9999,-9999,N/A,-9999,-9999,N/A,-9999
1138,401.189126,401.18906484806377,401.188916727999,1461854.8,-9999,393653.5,16.05,-1,0.3692027833211085,0.9755699676542352,0,0.5853419805925411,1,2.3076923076923075,0.7692307692307693,N4 O10,de-protonated,0,-9999,C13 H30 O10 N4,13,30,10,4,-9999,-9999,-9999,N/A,-9999,-9999,N/A,-9999
1139,403.029575,403.0295153070035,403.0291851478591,1258140,-9999,320605.2,13.56,-1,0.8191941343018467,0.8853551559253376,0,0.5312130935552025,3,1.75,0.75,S2 P1 O9,de-protonated,0,-9999,C12 H21 O9 P1 S2,12,21,9,-9999,1,2,-9999,N/A,-9999,-9999,N/A,-9999
1139,403.029575,403.0295153070035,403.0295202367791,1258140,-9999,320605.2,13.56,-1,-0.01223179787133046,0.9999728525823232,0,0.5999837115493939,22,0.34782608695652173,0.08695652173913043,N4 S1 O2,de-protonated,0,-9999,C23 H8 O2 N4 S1,23,8,2,4,-9999,1,-9999,N/A,-9999,-9999,N/A,-9999
1139,403.029575,403.0295153070035,403.029653178509,1258140,-9999,320605.2,13.56,-1,-0.34208774568775174,0.9789899953686128,0,0.5873939972211676,9,1.0833333333333333,0.8333333333333334,N4 P1 O10,de-protonated,0,-9999,C12 H13 O10 N4 P1,12,13,10,4,1,-9999,-9999,N/A,-9999,-9999,N/A,-9999
1140,403.030724,403.0306643079143,403.0306847497091,1990876.4,-9999,273123.5,22.48,-1,-0.0507201946698779,0.999533325259224,0,0.5997199951555344,13,0.6666666666666666,0.6111111111111112,O11,de-protonated,0,-9999,C18 H12 O11,18,12,11,-9999,-9999,-9999,-9999,N/A,-9999,-9999,N/A,-9999
1140,403.030724,403.0306643079143,403.03052255837906,1990876.4,-9999,273123.5,22.48,-1,0.35170918162723724,0.97780493258849,0,0.586682959553094,8,1.3076923076923077,0.38461538461538464,N4 S2 P1 O5,de-protonated,0,-9999,C13 H17 O5 N4 P1 S2,13,17,5,4,1,2,-9999,N/A,-9999,-9999,N/A,-9999
1141,403.03204,403.0319803089575,403.03182545573907,4640733,-9999,290295,54.75,-1,0.3842208198910569,0.486784548798655,0.7612342259156646,0.5965644196454588,26,0.3103448275862069,0.03448275862068965,P1 O1,de-protonated,0,-9999,C29 H9 O1 P1,29,9,1,-9999,1,-9999,-9999,N/A,-9999,-9999,N/A,-9999
1141,403.03204,403.0319803089575,403.0320221602291,4640733,-9999,290295,54.75,-1,-0.10384105800154748,0.4990226789563566,0.8295321147073604,0.6312264532567582,18,0.42105263157894735,0.3684210526315789,N4 O7,de-protonated,0,-9999,C19 H8 O7 N4,19,8,7,4,-9999,-9999,-9999,N/A,-9999,-9999,N/A,-9999
1142,403.038028,403.03796831370425,403.0376986825091,1291102.9,-9999,275369.1,13.96,-1,0.6689974562237279,0.9220012147393862,0,0.5532007288436317,17,0.5909090909090909,0.2727272727272727,P1 O6,de-protonated,0,-9999,C22 H13 O6 P1,22,13,6,-9999,1,-9999,-9999,N/A,-9999,-9999,N/A,-9999
1143,403.047086,403.0470263208846,403.046810270869,1532386.1,-9999,426848.9,16.9,-1,0.5360419933253088,0.9491982003855808,0,0.5695189202313484,16,0.6956521739130435,0.13043478260869565,S2 O3,de-protonated,0,-9999,C23 H16 O3 S2,23,16,3,-9999,-9999,2,-9999,N/A,-9999,-9999,N/A,-9999
1143,403.047086,403.0470263208846,403.0469432125991,1532386.1,-9999,426848.9,16.9,-1,0.20620001436496568,0.992314767424219,0,0.5953888604545313,3,1.75,0.9166666666666666,S1 P1 O11,de-protonated,0,-9999,C12 H21 O11 P1 S1,12,21,11,-9999,1,1,-9999,N/A,-9999,-9999,N/A,-9999
1143,403.047086,403.0470263208846,403.0472783015191,1532386.1,-9999,426848.9,16.9,-1,-0.6251887758134208,0.9315352793486608,0,0.5589211676091964,22,0.34782608695652173,0.17391304347826086,N4 O4,de-protonated,0,-9999,C23 H8 O4 N4,23,8,4,4,-9999,-9999,-9999,N/A,-9999,-9999,N/A,-9999
1144,403.073563,403.0735033418731,403.07381286569904,1476203.3,-9999,374751.5,16.22,-1,-0.7679085469056306,0.8985280962982191,0,0.5391168577789314,2,1.8461538461538465,0.7692307692307693,S2 O10,de-protonated,0,-9999,C13 H24 O10 S2,13,24,10,-9999,-9999,2,-9999,N/A,-9999,-9999,N/A,-9999
1144,403.073563,403.0735033418731,403.0734327431791,1476203.3,-9999,374751.5,16.22,-1,0.17515094830278838,0.9944490075794494,0,0.5966694045476696,7,1.4,0.4666666666666667,N2 S1 P1 O7,de-protonated,0,-9999,C15 H21 O7 N2 P1 S1,15,21,7,2,1,1,-9999,N/A,-9999,-9999,N/A,-9999
1145,403.074519,403.074459342631,403.0740841918591,3582443.5,-9999,354438.5,41.86,-1,0.930724119001103,0.42727534790168453,0.8007932653391622,0.5766825148766757,16,0.7391304347826086,0.21739130434782608,P1 O5,de-protonated,0,-9999,C23 H17 O5 P1,23,17,5,-9999,1,-9999,-9999,N/A,-9999,-9999,N/A,-9999
1145,403.074519,403.074459342631,403.0742808963491,3582443.5,-9999,354438.5,41.86,-1,0.4427131433352786,0.9650619121053844,0,0.5790371472632306,8,1.2307692307692308,0.8461538461538461,N4 O11,de-protonated,0,-9999,C13 H16 O11 N4,13,16,11,4,-9999,-9999,-9999,N/A,-9999,-9999,N/A,-9999
1146,403.087728,403.0876683531019,403.0876865628691,2354160.3,-9999,368646.5,26.91,-1,-0.04517569710186766,0.4998148800819675,0.7612342259156646,0.6043826184154464,25,0.41379310344827586,0.03448275862068965,N2 O1,de-protonated,0,-9999,C29 H12 O1 N2,29,12,1,2,-9999,-9999,-9999,N/A,-9999,-9999,N/A,-9999
1146,403.087728,403.0876683531019,403.0880374357891,2354160.3,-9999,368646.5,26.91,-1,-0.9156379076594544,0.8588806835898353,0,0.5153284101539012,2,2.272727272727273,0.5454545454545454,N4 S2 P1 O6,de-protonated,0,-9999,C11 H25 O6 N4 P1 S2,11,25,6,4,1,2,-9999,N/A,-9999,-9999,N/A,-9999
1147,403.095921,403.0958613595965,403.0960829397891,1793523,-9999,430130.1,20.08,-1,-0.5496957226310245,0.94664841878999,0,0.5679890512739939,10,1.1904761904761905,0.09523809523809525,S2 P1 O2,de-protonated,0,-9999,C21 H25 O2 P1 S2,21,25,2,-9999,1,2,-9999,N/A,-9999,-9999,N/A,-9999
1148,403.10973,403.10967037054303,403.1098182525291,2187767.8,-9999,385438.6,24.88,-1,-0.3668528510072242,0.9758761967122496,0,0.5855257180273498,6,1.5625,0.375,N2 S1 P1 O6,de-protonated,0,-9999,C16 H25 O6 N2 P1 S1,16,25,6,2,1,1,-9999,N/A,-9999,-9999,N/A,-9999
1149,403.11092,403.1108603714863,403.110469701209,4719096.5,-9999,315940.9,55.7,-1,0.9691394956160752,0.4216543074427229,0.7939170211058493,0.5705593929079735,15,0.875,0.16666666666666666,P1 O4,de-protonated,0,-9999,C24 H21 O4 P1,24,21,4,-9999,1,-9999,-9999,N/A,-9999,-9999,N/A,-9999
1149,403.11092,403.1108603714863,403.1106664056991,4719096.5,-9999,315940.9,55.7,-1,0.4811725499720786,0.9588599290596352,0,0.5753159574357811,7,1.4285714285714286,0.7142857142857143,N4 O10,de-protonated,0,-9999,C14 H20 O10 N4,14,20,10,4,-9999,-9999,-9999,N/A,-9999,-9999,N/A,-9999
1151,403.124247,403.1241873820508,403.1245851364691,3292669,-9999,376123.9,38.33,-1,-0.9866786420984576,0.8380759080910669,0,0.5028455448546402,6,1.411764705882353,0.6470588235294118,O11,de-protonated,0,-9999,C17 H24 O11,17,24,11,-9999,-9999,-9999,-9999,N/A,-9999,-9999,N/A,-9999
1151,403.124247,403.1241873820508,403.12442294513903,3292669,-9999,376123.9,38.33,-1,-0.5843433808592846,0.9399233421308728,0,0.5639540052785237,1,2.4166666666666665,0.4166666666666667,N4 S2 P1 O5,de-protonated,0,-9999,C12 H29 O5 N4 P1 S2,12,29,5,4,1,2,-9999,N/A,-9999,-9999,N/A,-9999
1152,403.132198,403.1321383883536,403.13246844913914,1726207.6,-9999,372213.6,19.26,-1,-0.8187402686744444,0.8854745889520975,0,0.5312847533712585,9,1.318181818181818,0.04545454545454545,S2 P1 O1,de-protonated,0,-9999,C22 H29 O1 P1 S2,22,29,1,-9999,1,2,-9999,N/A,-9999,-9999,N/A,-9999
1153,403.142095,403.14203539619905,403.1421810098791,1371907.1,-9999,337624.4,14.95,-1,-0.3611968355241269,0.9766056246956104,0,0.5859633748173662,1,2.4166666666666665,0.5833333333333334,N4 S1 P1 O7,de-protonated,0,-9999,C12 H29 O7 N4 P1 S1,12,29,7,4,1,1,-9999,N/A,-9999,-9999,N/A,-9999
1154,403.146016,403.1459563993072,403.14571450452905,1935620.5,-9999,489160.5,21.81,-1,0.6000182303366569,0.9367625007602934,0,0.5620575004561761,1,2,0.9285714285714286,O13,de-protonated,0,-9999,C14 H28 O13,14,28,13,-9999,-9999,-9999,-9999,N/A,-9999,-9999,N/A,-9999
1154,403.146016,403.1459563993072,403.14620376187906,1935620.5,-9999,489160.5,21.81,-1,-0.6135803078844732,0.9339690806471852,0,0.560381448388311,5,1.7058823529411764,0.29411764705882354,N2 S1 P1 O5,de-protonated,0,-9999,C17 H29 O5 N2 P1 S1,17,29,5,2,1,1,-9999,N/A,-9999,-9999,N/A,-9999
1155,403.147109,403.14704940017367,403.14685521055907,4397573,-9999,276402.3,51.79,-1,0.48168455760910867,0.47938708027601373,0.7871578612348809,0.6024953926595606,14,1,0.12,P1 O3,de-protonated,0,-9999,C25 H25 O3 P1,25,25,3,-9999,1,-9999,-9999,N/A,-9999,-9999,N/A,-9999
1155,403.147109,403.14704940017367,403.1470519150491,4397573,-9999,276402.3,51.79,-1,-0.00623810937688102,0.9999929391291889,0,0.5999957634775133,6,1.6,0.6,N4 O9,de-protonated,0,-9999,C15 H24 O9 N4,15,24,9,4,-9999,-9999,-9999,N/A,-9999,-9999,N/A,-9999
1157,403.183717,403.18365742919315,403.1834374243991,2448657.5,-9999,288700.3,28.06,-1,0.5456692255978411,0.9474063024683412,0,0.5684437814810046,5,1.75,0.5,N4 O8,de-protonated,0,-9999,C16 H28 O8 N4,16,28,8,4,-9999,-9999,-9999,N/A,-9999,-9999,N/A,-9999
1159,405.028489,405.0284308915597,405.0285767494291,1836180.8,-9999,477839.4,19.89,-1,-0.36011747748920536,0.9767435975994114,0,0.5860461585596468,12,0.7777777777777778,0.5,S1 O9,de-protonated,0,-9999,C18 H14 O9 S1,18,14,9,-9999,-9999,1,-9999,N/A,-9999,-9999,N/A,-9999
1159,405.028489,405.0284308915597,405.0281966269091,1836180.8,-9999,477839.4,19.89,-1,0.5783909677197793,0.9411044581468786,0,0.5646626748881272,17,0.55,0.3,N2 P1 O6,de-protonated,0,-9999,C20 H11 O6 N2 P1,20,11,6,2,1,-9999,-9999,N/A,-9999,-9999,N/A,-9999
1160,405.029997,405.0299388927551,405.0299141599491,5153429,-9999,312540.8,58.91,-1,0.0610641465254174,0.49966181876647986,0.8295321147073604,0.6316099371428321,17,0.5263157894736842,0.2631578947368421,N4 S1 O5,de-protonated,0,-9999,C19 H10 O5 N4 S1,19,10,5,4,-9999,1,-9999,N/A,-9999,-9999,N/A,-9999
1161,405.045291,405.0452329048789,405.04483521231913,1268490.6,-9999,254415.5,13.21,-1,0.9818482428181404,0.8395231338229857,0,0.5037138802937914,2,1.9166666666666667,0.75,S2 P1 O9,de-protonated,0,-9999,C12 H23 O9 P1 S2,12,23,9,-9999,1,2,-9999,N/A,-9999,-9999,N/A,-9999
1161,405.045291,405.0452329048789,405.0451703012391,1268490.6,-9999,254415.5,13.21,-1,0.15455964990958432,0.9956748101124626,0,0.5974048860674775,21,0.43478260869565216,0.08695652173913043,N4 S1 O2,de-protonated,0,-9999,C23 H10 O2 N4 S1,23,10,2,4,-9999,1,-9999,N/A,-9999,-9999,N/A,-9999
1161,405.045291,405.0452329048789,405.04530324296906,1268490.6,-9999,254415.5,13.21,-1,-0.17365487180766093,0.994543173646246,0,0.5967259041877476,8,1.25,0.8333333333333334,N4 P1 O10,de-protonated,0,-9999,C12 H15 O10 N4 P1,12,15,10,4,1,-9999,-9999,N/A,-9999,-9999,N/A,-9999
1162,405.052613,405.05255491068306,405.05269729828905,1570717.1,-9999,406311.3,16.77,-1,-0.351528596007404,0.977827464415732,0,0.5866964786494392,7,1.3571428571428572,0.5714285714285714,N2 S1 P1 O8,de-protonated,0,-9999,C14 H19 O8 N2 P1 S1,14,19,8,2,1,1,-9999,N/A,-9999,-9999,N/A,-9999
1164,405.062739,405.06268091871,405.06246033532904,1336864.6,-9999,320062.2,14.02,-1,0.5445663386545436,0.9476130254759562,0,0.5685678152855737,15,0.782608695652174,0.13043478260869565,S2 O3,de-protonated,0,-9999,C23 H18 O3 S2,23,18,3,-9999,-9999,2,-9999,N/A,-9999,-9999,N/A,-9999
1164,405.062739,405.06268091871,405.0625932770591,1336864.6,-9999,320062.2,14.02,-1,0.2163656984423099,0.9915416153883108,0,0.5949249692329865,2,1.9166666666666667,0.9166666666666666,S1 P1 O11,de-protonated,0,-9999,C12 H23 O11 P1 S1,12,23,11,-9999,1,1,-9999,N/A,-9999,-9999,N/A,-9999
1164,405.062739,405.06268091871,405.0629283659791,1336864.6,-9999,320062.2,14.02,-1,-0.6108859926713304,0.9345283378190758,0,0.5607170026914455,21,0.43478260869565216,0.17391304347826086,N4 O4,de-protonated,0,-9999,C23 H10 O4 N4,23,10,4,4,-9999,-9999,-9999,N/A,-9999,-9999,N/A,-9999
1165,405.088927,405.0888689394695,405.0890828076391,2708137.8,-9999,453075.7,30.15,-1,-0.5279534272843464,0.9506816102632076,0,0.5704089661579245,6,1.5333333333333334,0.4666666666666667,N2 S1 P1 O7,de-protonated,0,-9999,C15 H23 O7 N2 P1 S1,15,23,7,2,1,1,-9999,N/A,-9999,-9999,N/A,-9999
1166,405.09025,405.0901919405182,405.0899309608091,6113962.5,-9999,295980,70.21,-1,0.6442512862851799,0.884143896118879,0.9578426742073548,0.9136234073542692,7,1.3846153846153846,0.8461538461538461,N4 O11,de-protonated,0,-9999,C13 H18 O11 N4,13,18,11,4,-9999,-9999,-9999,N/A,-9999,-9999,N/A,-9999
1167,405.103342,405.1032839508963,405.1033366273291,2302895,-9999,293365.7,25.38,-1,-0.1300320880672142,0.9969367046995986,0,0.5981620228197592,24,0.4827586206896552,0.03448275862068965,N2 O1,de-protonated,0,-9999,C29 H14 O1 N2,29,14,1,2,-9999,-9999,-9999,N/A,-9999,-9999,N/A,-9999
1167,405.103342,405.1032839508963,405.10368750024907,2302895,-9999,293365.7,25.38,-1,-0.9961631186361491,0.8352209625157685,0,0.501132577509461,1,2.4545454545454546,0.5454545454545454,N4 S2 P1 O6,de-protonated,0,-9999,C11 H27 O6 N4 P1 S2,11,27,6,4,1,2,-9999,N/A,-9999,-9999,N/A,-9999
1168,405.115281,405.1152229603605,405.11508308086906,1543347,-9999,511453.1,16.45,-1,0.3452833460661253,0.9785998834085904,0,0.5871599300451543,6,1.4666666666666666,0.7333333333333333,N2 O11,de-protonated,0,-9999,C15 H22 O11 N2,15,22,11,2,-9999,-9999,-9999,N/A,-9999,-9999,N/A,-9999
1168,405.115281,405.1152229603605,405.1155723382191,1543347,-9999,511453.1,16.45,-1,-0.862415277259755,0.8737558458106188,0,0.5242535074863712,10,1.2777777777777777,0.16666666666666666,N4 S1 P1 O3,de-protonated,0,-9999,C18 H23 O3 N4 P1 S1,18,23,3,4,1,1,-9999,N/A,-9999,-9999,N/A,-9999
1169,405.116796,405.11673796156145,405.1166039094191,1549491.6,-9999,395582.2,16.52,-1,0.33089767504851575,0.980328646223222,0,0.5881971877339331,14,0.9166666666666666,0.16666666666666666,S1 O4,de-protonated,0,-9999,C24 H22 O4 S1,24,22,4,-9999,-9999,1,-9999,N/A,-9999,-9999,N/A,-9999
1169,405.116796,405.11673796156145,405.1167368511491,1549491.6,-9999,395582.2,16.52,-1,0.00274096888389328,0.9999986367932028,0,0.5999991820759216,1,2.076923076923077,0.9230769230769232,P1 O12,de-protonated,0,-9999,C13 H27 O12 P1,13,27,12,-9999,1,-9999,-9999,N/A,-9999,-9999,N/A,-9999
1170,405.119716,405.11965796387614,405.11997521273906,6899380.5,-9999,475686.5,79.45,-1,-0.7830985444766178,0.4473475913601064,0.8149093904448103,0.5943723109939879,9,1.238095238095238,0.1904761904761905,S2 O4,de-protonated,0,-9999,C21 H26 O4 S2,21,26,4,-9999,-9999,2,-9999,N/A,-9999,-9999,N/A,-9999
1170,405.119716,405.11965796387614,405.1195950902191,6899380.5,-9999,475686.5,79.45,-1,0.15519776827724463,0.9687915233361704,0.9491702198414236,0.9609430019382716,14,1,0.04347826086956521,N2 S1 P1 O1,de-protonated,0,-9999,C23 H23 O1 N2 P1 S1,23,23,1,2,1,1,-9999,N/A,-9999,-9999,N/A,-9999
1171,405.123066,405.1230079665317,405.1229663935391,22300342,-9999,445413.1,260.6,-1,0.10261820739592648,0.9639623162246204,0.9501662818206468,0.9584439024630308,9,1.35,0.05,N2 S2 P1 O1,de-protonated,0,-9999,C20 H27 O1 N2 P1 S2,20,27,1,2,1,2,-9999,N/A,-9999,-9999,N/A,-9999
1172,405.124417,405.1243589676027,405.12446599538913,80180920,-9999,414674.9,941.43,-1,-0.2641849491328115,0.32913862593046,0.7580194121970611,0.5006909404371005,19,0.6923076923076923,0.1153846153846154,N2 O3,de-protonated,0,-9999,C26 H18 O3 N2,26,18,3,2,-9999,-9999,-9999,N/A,-9999,-9999,N/A,-9999
1173,405.126859,405.12680096953846,405.1271858500291,6729399,-9999,298723.7,77.45,-1,-0.9500238544120404,0.42447046826645735,0.8604105061749866,0.598846483429869,5,1.7333333333333334,0.3333333333333333,N4 S2 O5,de-protonated,0,-9999,C15 H26 O5 N4 S2,15,26,5,4,-9999,2,-9999,N/A,-9999,-9999,N/A,-9999
1176,405.162998,405.1629399981862,405.1627019795091,6166724,-9999,281633.3,70.83,-1,0.5874644331860491,0.940903827355439,0.9703825774264232,0.9526953273838328,5,1.7333333333333334,0.6,N4 O9,de-protonated,0,-9999,C15 H26 O9 N4,15,26,9,4,-9999,-9999,-9999,N/A,-9999,-9999,N/A,-9999
1178,405.198142,405.19808402604514,405.1982393356891,1241808,-9999,363000.5,12.9,-1,-0.38329298817428376,0.9736949043866504,0,0.5842169426319902,3,1.9444444444444444,0.2222222222222222,N2 S1 P1 O4,de-protonated,0,-9999,C18 H35 O4 N2 P1 S1,18,35,4,2,1,1,-9999,N/A,-9999,-9999,N/A,-9999
1179,405.199408,405.1993500270487,405.1990874888591,2332368.5,-9999,341283.1,25.73,-1,0.6479239408342233,0.9266557474674028,0,0.5559934484804416,4,1.875,0.5,N4 O8,de-protonated,0,-9999,C16 H30 O8 N4,16,30,8,4,-9999,-9999,-9999,N/A,-9999,-9999,N/A,-9999
1180,406.09374,406.09368273599335,406.093285795879,1211914,-9999,560774.7,12.54,-1,0.9774604214581656,0.8408337546714967,0.9578426742073548,0.8876373224858399,7,1.5,0.9166666666666666,13C1 N4 O11,de-protonated,1,1166,C12 H18 O11 N4 13C1,12,18,11,4,-9999,-9999,1,N/A,-9999,-9999,N/A,-9999
1181,406.122774,406.1227167590088,406.1229499252891,1202068.3,-9999,307469.6,12.43,-1,-0.5741273186471909,0.9419439462861764,0.9491702198414236,0.9448344557082752,14,1.0454545454545454,0.04545454545454545,13C1 N2 S1 P1 O1,de-protonated,1,1170,C22 H23 O1 N2 P1 S1 13C1,22,23,1,2,1,1,1,N/A,-9999,-9999,N/A,-9999
1181,406.122774,406.1227167590088,406.12308627090914,1202068.3,-9999,307469.6,12.43,-1,-0.909851995142129,0.8605282927100821,0,0.5163169756260493,14,0.9545454545454546,0.13636363636363635,N3 S1 O3,de-protonated,0,-9999,C22 H21 O3 N3 S1,22,21,3,3,-9999,1,-9999,N/A,-9999,-9999,N/A,-9999
1182,406.126547,406.1264897619997,406.12632122860913,3711509.5,-9999,445290.7,41.95,-1,0.41497775884774857,0.9543441166759408,0.9501662818206468,0.9526729827338232,9,1.4210526315789471,0.05263157894736842,13C1 N2 S2 P1 O1,de-protonated,1,1171,C19 H27 O1 N2 P1 S2 13C1,19,27,1,2,1,2,1,N/A,-9999,-9999,N/A,-9999
1182,406.126547,406.1264897619997,406.12645757422905,3711509.5,-9999,445290.7,41.95,-1,0.0792555374582085,0.499430445101508,0.8295321147073604,0.63147111294384894,9,1.3157894736842106,0.15789473684210523,N3 S2 O3,de-protonated,0,-9999,C19 H25 O3 N3 S2,19,25,3,3,-9999,2,-9999,N/A,-9999,-9999,N/A,-9999
1184,406.129985,406.129927764725,406.1296109463591,1359638.8,-9999,353508.2,14.28,-1,0.7800917671340112,0.8954585389525399,0,0.5372751233715239,14,0.9130434782608696,0.2608695652173913,N1 O6,de-protonated,0,-9999,C23 H21 O6 N1,23,21,6,1,-9999,-9999,-9999,N/A,-9999,-9999,N/A,-9999
1185,406.165882,406.1658247931809,406.1659964557091,1255971.4,-9999,537638.6,13.06,-1,-0.4226413084818792,0.9681082260489814,0,0.5808649356293888,13,1.0416666666666667,0.20833333333333337,N1 O5,de-protonated,0,-9999,C24 H25 O5 N1,24,25,5,1,-9999,-9999,-9999,N/A,-9999,-9999,N/A,-9999
1185,406.165882,406.1658247931809,406.1660568145791,1255971.4,-9999,537638.6,13.06,-1,-0.5712476321941755,0.9425078458202382,0.9703825774264232,0.9536577384627122,5,1.8571428571428572,0.6428571428571429,13C1 N4 O9,de-protonated,1,1176,C14 H26 O9 N4 13C1,14,26,9,4,-9999,-9999,1,N/A,-9999,-9999,N/A,-9999
1187,407.024183,407.02412647356346,407.02409976742905,1367377.4,-9999,353191.4,14.37,-1,0.06561315268899322,0.9992191528560054,0,0.5995314917136032,2,1.9090909090909092,0.9090909090909092,S2 P1 O10,de-protonated,0,-9999,C11 H21 O10 P1 S2,11,21,10,-9999,1,2,-9999,N/A,-9999,-9999,N/A,-9999
1187,407.024183,407.02412647356346,407.0244348563491,1367377.4,-9999,353191.4,14.37,-1,-0.7576517754095896,0.9010828099123768,0,0.5406496859474261,21,0.3636363636363637,0.13636363636363635,N4 S1 O3,de-protonated,0,-9999,C22 H8 O3 N4 S1,22,8,3,4,-9999,1,-9999,N/A,-9999,-9999,N/A,-9999
1188,407.032935,407.0328784805012,407.0326133020791,1167188.4,-9999,422973.7,12.01,-1,0.6514918300389317,0.9258765472094392,0,0.5555259283256635,16,0.6190476190476191,0.3333333333333333,P1 O7,de-protonated,0,-9999,C21 H13 O7 P1,21,13,7,-9999,1,-9999,-9999,N/A,-9999,-9999,N/A,-9999
1189,407.042199,407.0421424878448,407.0421929210891,1905751.6,-9999,345130.4,20.7,-1,-0.12390176042159212,0.9972183399636048,0,0.5983310039781629,21,0.3636363636363637,0.2272727272727273,N4 O5,de-protonated,0,-9999,C22 H8 O5 N4,22,8,5,4,-9999,-9999,-9999,N/A,-9999,-9999,N/A,-9999
1190,407.06102,407.0609635027644,407.0608203656992,1166430.3,-9999,218944.3,12.01,-1,0.35163557410602975,0.977814117998321,0,0.5866884707989926,20,0.5217391304347826,0.08695652173913043,N4 S1 O2,de-protonated,0,-9999,C23 H12 O2 N4 S1,23,12,2,4,-9999,1,-9999,N/A,-9999,-9999,N/A,-9999
1190,407.06102,407.0609635027644,407.0609533074291,1166430.3,-9999,218944.3,12.01,-1,0.02504621298664261,0.9998861813970892,0,0.5999317088382534,7,1.4166666666666667,0.8333333333333334,N4 P1 O10,de-protonated,0,-9999,C12 H17 O10 N4 P1,12,17,10,4,1,-9999,-9999,N/A,-9999,-9999,N/A,-9999
1191,407.068103,407.0680465083792,407.0683473627491,2382432.8,-9999,552404.7,26.31,-1,-0.7390758132326023,0.9056401196864824,0,0.5433840718118894,6,1.5,0.5714285714285714,N2 S1 P1 O8,de-protonated,0,-9999,C14 H21 O8 N2 P1 S1,14,21,8,2,1,1,-9999,N/A,-9999,-9999,N/A,-9999
1192,407.069588,407.0695315095564,407.0698681912991,5964129.5,-9999,274465,68.44,-1,-0.8270858863459017,0.4416352444703529,0.8007932653391622,0.5852984528178766,14,0.9130434782608696,0.04347826086956521,S2 P1 O1,de-protonated,0,-9999,C23 H21 O1 P1 S2,23,21,1,-9999,1,2,-9999,N/A,-9999,-9999,N/A,-9999
1193,407.100951,407.1008945344181,407.1005771783691,1603948.4,-9999,373072.1,17.15,-1,0.7795519504809296,0.8955953446428546,0,0.5373572067857127,14,0.9523809523809524,0.04761904761904761,N4 S2 O1,de-protonated,0,-9999,C21 H20 O1 N4 S2,21,20,1,4,-9999,2,-9999,N/A,-9999,-9999,N/A,-9999
1193,407.100951,407.1008945344181,407.1007101200991,1603948.4,-9999,373072.1,17.15,-1,0.4529943436841017,0.963450686931509,0,0.5780704121589054,1,2.5,0.9,N4 S1 P1 O9,de-protonated,0,-9999,C10 H25 O9 N4 P1 S1,10,25,9,4,1,1,-9999,N/A,-9999,-9999,N/A,-9999
1194,407.104595,407.1045385373067,407.10473287209913,4915565.5,-9999,393932.4,56.11,-1,-0.4773582243569972,0.9655906245311776,0.922195555593788,0.9482325969562218,5,1.6666666666666667,0.4666666666666667,N2 S1 P1 O7,de-protonated,0,-9999,C15 H25 O7 N2 P1 S1,15,25,7,2,1,1,-9999,N/A,-9999,-9999,N/A,-9999
1195,407.105944,407.1058875383761,407.10558102526903,11818350,-9999,318201.2,137.3,-1,0.7529081431879271,0.9371246235461624,0.9553776308696356,0.9444258264755518,6,1.5384615384615383,0.8461538461538461,N4 O11,de-protonated,0,-9999,C13 H20 O11 N4,13,20,11,4,-9999,-9999,-9999,N/A,-9999,-9999,N/A,-9999
1196,407.116694,407.1166375468977,407.1169978325891,1541489.9,-9999,557152.5,16.42,-1,-0.884968432425784,0.8675301531045532,0,0.5205180918627319,9,1.2,0.35,S1 O7,de-protonated,0,-9999,C20 H24 O7 S1,20,24,7,-9999,-9999,1,-9999,N/A,-9999,-9999,N/A,-9999
1196,407.116694,407.1166375468977,407.1166177100691,1541489.9,-9999,557152.5,16.42,-1,0.04872517548781338,0.9995693076957632,0,0.5997415846174579,14,0.9545454545454546,0.18181818181818185,N2 P1 O4,de-protonated,0,-9999,C22 H21 O4 N2 P1,22,21,4,2,1,-9999,-9999,N/A,-9999,-9999,N/A,-9999
1196,407.116694,407.1166375468977,407.1163463839091,1541489.9,-9999,557152.5,16.42,-1,0.7151837334619808,0.9113677513633872,0,0.5468206508180322,0,2.3333333333333335,0.75,N2 S2 O9,de-protonated,0,-9999,C12 H28 O9 N2 S2,12,28,9,2,-9999,2,-9999,N/A,-9999,-9999,N/A,-9999
1197,407.118551,407.11849454836977,407.1187622231391,1328754.6,-9999,265478.8,13.91,-1,-0.6574857121365932,0.9394517524414432,0.9501662818206468,0.9437375641931246,9,1.35,0.05,N2 S1 34S1 P1 O1,de-protonated,1,1171,C20 H27 O1 N2 P1 S1 34S1,20,27,1,2,1,1,-9999,N/A,-9999,-9999,N/A,1
1197,407.118551,407.11849454836977,407.11833524310913,1328754.6,-9999,265478.8,13.91,-1,0.39129964643570314,0.9725997961576448,0,0.583559877694587,14,0.9523809523809524,0.14285714285714285,N4 S1 O3,de-protonated,0,-9999,C21 H20 O3 N4 S1,21,20,3,4,-9999,1,-9999,N/A,-9999,-9999,N/A,-9999
1198,407.120121,407.1200645496143,407.12036913590913,7186803,-9999,448677.9,82.82,-1,-0.7481480120080153,0.9468594645905868,0.9936173941246056,0.9655626364041944,4,1.6470588235294117,0.4117647058823529,S2 O7,de-protonated,0,-9999,C17 H28 O7 S2,17,28,7,-9999,-9999,2,-9999,N/A,-9999,-9999,N/A,-9999
1198,407.120121,407.1200645496143,407.1199890133891,7186803,-9999,448677.9,82.82,-1,0.18553799186765535,0.954404616399817,0.9912255129324814,0.9691329750128828,9,1.3157894736842106,0.21052631578947367,N2 S1 P1 O4,de-protonated,0,-9999,C19 H25 O4 N2 P1 S1,19,25,4,2,1,1,-9999,N/A,-9999,-9999,N/A,-9999
1199,407.12155,407.1214935507471,407.12170654642904,19075444,-9999,294984.1,222.66,-1,-0.5231744672303701,0.6203606773640887,0.9062976345994,0.7347354602582132,9,1.3333333333333333,0.16666666666666666,N4 S2 O3,de-protonated,0,-9999,C18 H24 O3 N4 S2,18,24,3,4,-9999,2,-9999,N/A,-9999,-9999,N/A,-9999
1200,407.128957,407.1289005566187,407.12888267055905,1194102.3,-9999,309036.4,12.33,-1,0.04393218072543654,0.999649858725713,0,0.5997899152354278,18,0.7407407407407407,0.14814814814814814,O4,de-protonated,0,-9999,C27 H20 O4,27,20,4,-9999,-9999,-9999,-9999,N/A,-9999,-9999,N/A,-9999
1202,407.140975,407.1409185661455,407.1411183814491,5897594.5,-9999,455973.5,67.66,-1,-0.4907765257624081,0.976605769068073,0.9528502870829032,0.9671035762740052,4,1.8125,0.375,N2 S1 P1 O6,de-protonated,0,-9999,C16 H29 O6 N2 P1 S1,16,29,6,2,1,1,-9999,N/A,-9999,-9999,N/A,-9999
1203,407.142234,407.14217756714345,407.14196653461903,12865915,-9999,313487,149.62,-1,0.5183266323908987,0.9639465339699236,0.9532673131104814,0.9596748456261468,5,1.7142857142857142,0.7142857142857143,N4 O10,de-protonated,0,-9999,C14 H24 O10 N4,14,24,10,4,-9999,-9999,-9999,N/A,-9999,-9999,N/A,-9999
1205,407.17623,407.1761735940924,407.1765015691991,2271623,-9999,317908.6,25.01,-1,-0.8054863319367095,0.888940121018395,0,0.533364072611037,17,0.8888888888888888,0.07407407407407407,N2 O2,de-protonated,0,-9999,C27 H24 O2 N2,27,24,2,2,-9999,-9999,-9999,N/A,-9999,-9999,N/A,-9999
1205,407.17623,407.1761735940924,407.1758501205191,2271623,-9999,317908.6,25.01,-1,0.7944321187205625,0.8917973763227215,0,0.5350784257936329,8,1.4736842105263157,0.21052631578947367,N4 S1 O4,de-protonated,0,-9999,C19 H28 O4 N4 S1,19,28,4,4,-9999,1,-9999,N/A,-9999,-9999,N/A,-9999
1206,407.177225,407.1771685948811,407.1775038907991,2390919.3,-9999,352598.9,26.41,-1,-0.8234637589677675,0.8842291728538313,0,0.5305375037122988,3,1.9411764705882353,0.29411764705882354,N2 S1 P1 O5,de-protonated,0,-9999,C17 H33 O5 N2 P1 S1,17,33,5,2,1,1,-9999,N/A,-9999,-9999,N/A,-9999
1207,407.178605,407.1785485959751,407.17815533947913,5266824,-9999,234738.8,60.24,-1,0.965809414864723,0.42214758180525047,0.7871578612348809,0.5681516935771027,12,1.16,0.12,P1 O3,de-protonated,0,-9999,C25 H29 O3 P1,25,29,3,-9999,1,-9999,-9999,N/A,-9999,-9999,N/A,-9999
1207,407.178605,407.1785485959751,407.17835204396914,5266824,-9999,234738.8,60.24,-1,0.48271722933954064,0.9387971020306884,0.930287761075036,0.9353933656484276,4,1.8666666666666667,0.6,N4 O9,de-protonated,0,-9999,C15 H28 O9 N4,15,28,9,4,-9999,-9999,-9999,N/A,-9999,-9999,N/A,-9999
1208,407.215117,407.21506062491846,407.21473755331914,1930900.6,-9999,415216.8,21,-1,0.7933691232948782,0.8920705344052082,0,0.5352423206431249,3,2,0.5,N4 O8,de-protonated,0,-9999,C16 H32 O8 N4,16,32,8,4,-9999,-9999,-9999,N/A,-9999,-9999,N/A,-9999
1209,408.107981,408.1079253326994,408.10808770716915,1365456,-9999,518854.3,14.34,-1,-0.3978712371984531,0.9716849980778368,0.922195555593788,0.9518892210842174,5,1.7857142857142858,0.5,13C1 N2 S1 P1 O7,de-protonated,1,1194,C14 H25 O7 N2 P1 S1 13C1,14,25,7,2,1,1,1,N/A,-9999,-9999,N/A,-9999
1209,408.107981,408.1079253326994,408.1082240527891,1365456,-9999,518854.3,14.34,-1,-0.7319629258596738,0.9073611632181018,0,0.544416697930861,5,1.6428571428571428,0.6428571428571429,N3 S1 O9,de-protonated,0,-9999,C14 H23 O9 N3 S1,14,23,9,3,-9999,1,-9999,N/A,-9999,-9999,N/A,-9999
1210,408.109153,408.1090973336284,408.1088755014691,2384592.5,-9999,374882.9,26.33,-1,0.5435612226810391,0.9478010973833436,0,0.5686806584300061,14,0.8636363636363636,0.3181818181818182,N1 O7,de-protonated,0,-9999,C22 H19 O7 N1,22,19,7,1,-9999,-9999,-9999,N/A,-9999,-9999,N/A,-9999
1210,408.109153,408.1090973336284,408.10893586033905,2384592.5,-9999,374882.9,26.33,-1,0.3956622244521946,0.971994107228272,0.9553776308696356,0.9653475166848176,6,1.6666666666666667,0.9166666666666666,13C1 N4 O11,de-protonated,1,1195,C12 H20 O11 N4 13C1,12,20,11,4,-9999,-9999,1,N/A,-9999,-9999,N/A,-9999
1211,408.123685,408.1236293451481,408.12372397097914,1386197.6,-9999,368098.7,14.59,-1,-0.2318557473315863,0.9902932645323594,0.9936173941246056,0.991622916369258,4,1.75,0.4375,13C1 S2 O7,de-protonated,1,1198,C16 H28 O7 S2 13C1,16,28,7,-9999,-9999,2,1,N/A,-9999,-9999,N/A,-9999
1211,408.123685,408.1236293451481,408.1233438484591,1386197.6,-9999,368098.7,14.59,-1,0.6995353079060643,0.9150360179546736,0.9912255129324814,0.9455118159457968,9,1.3888888888888888,0.2222222222222222,13C1 N2 S1 P1 O4,de-protonated,1,1198,C18 H25 O4 N2 P1 S1 13C1,18,25,4,2,1,1,1,N/A,-9999,-9999,N/A,-9999
1211,408.123685,408.1236293451481,408.1234801940791,1386197.6,-9999,368098.7,14.59,-1,0.365455741368834,0.9760573780593348,0,0.5856344268356009,9,1.2777777777777777,0.3333333333333333,N3 S1 O6,de-protonated,0,-9999,C18 H23 O6 N3 S1,18,23,6,3,-9999,1,-9999,N/A,-9999,-9999,N/A,-9999
1212,408.124822,408.1247663460494,408.1251339643591,2789590,-9999,308774.8,31.09,-1,-0.9007490084063218,0.863105653482816,0,0.5178633920896896,4,1.75,0.4375,N1 S1 P1 O7,de-protonated,0,-9999,C16 H28 O7 N1 P1 S1,16,28,7,1,1,1,-9999,N/A,-9999,-9999,N/A,-9999
1212,408.124822,408.1247663460494,408.1250613814991,2789590,-9999,308774.8,31.09,-1,-0.7229045153745781,0.6063556721454647,0.9062976345994,0.7263324571270389,9,1.411764705882353,0.17647058823529413,13C1 N4 S2 O3,de-protonated,1,1199,C17 H24 O3 N4 S2 13C1,17,24,3,4,-9999,2,1,N/A,-9999,-9999,N/A,-9999
1213,408.144468,408.144412361623,408.14447321651915,1425629,-9999,461977.9,15.05,-1,-0.14910136031652518,0.995974300068541,0.9528502870829032,0.978724694874286,4,1.9333333333333331,0.4,13C1 N2 S1 P1 O6,de-protonated,1,1202,C15 H29 O6 N2 P1 S1 13C1,15,29,6,2,1,1,1,N/A,-9999,-9999,N/A,-9999
1213,408.144468,408.144412361623,408.1446095621391,1425629,-9999,461977.9,15.05,-1,-0.48316334828516183,0.958525973286008,0,0.5751155839716047,4,1.8,0.5333333333333333,N3 S1 O8,de-protonated,0,-9999,C15 H27 O8 N3 S1,15,27,8,3,-9999,1,-9999,N/A,-9999,-9999,N/A,-9999
1214,408.145528,408.1454723624632,408.145261010819,2790621.3,-9999,302587,31.11,-1,0.5178343701572148,0.9525088248910096,0,0.5715052949346057,13,1,0.2608695652173913,N1 O6,de-protonated,0,-9999,C23 H23 O6 N1,23,23,6,1,-9999,-9999,-9999,N/A,-9999,-9999,N/A,-9999
1214,408.145528,408.1454723624632,408.1453213696891,2790621.3,-9999,302587,31.11,-1,0.3699485605553162,0.975472393898032,0.9532673131104814,0.9665903615830118,5,1.8461538461538465,0.7692307692307693,13C1 N4 O10,de-protonated,1,1203,C13 H24 O10 N4 13C1,13,24,10,4,-9999,-9999,1,N/A,-9999,-9999,N/A,-9999
1215,408.182041,408.1819853914074,408.18164652016907,1394154.3,-9999,334030.4,14.68,-1,0.8301971468588659,0.8824444938532329,0,0.5294666963119397,12,1.125,0.20833333333333337,N1 O5,de-protonated,0,-9999,C24 H27 O5 N1,24,27,5,1,-9999,-9999,-9999,N/A,-9999,-9999,N/A,-9999
1215,408.182041,408.1819853914074,408.1817068790391,1394154.3,-9999,334030.4,14.68,-1,0.6823244736777166,0.9189932847178665,0.930287761075036,0.9235110752607344,4,2,0.6428571428571429,13C1 N4 O9,de-protonated,1,1207,C14 H28 O9 N4 13C1,14,28,9,4,-9999,-9999,1,N/A,-9999,-9999,N/A,-9999
1216,409.017669,409.0176140538169,409.0176181422291,3086866.5,-9999,487905.2,34.59,-1,-0.00999568726600015,0.4999909354715628,0.7939170211058494,0.6175613697252774,20,0.4166666666666667,0.20833333333333337,S1 O5,de-protonated,0,-9999,C24 H10 O5 S1,24,10,5,-9999,-9999,1,-9999,N/A,-9999,-9999,N/A,-9999
1217,409.019027,409.01897205489337,409.0186204638291,7220243,-9999,289676,83.21,-1,0.8595967192407439,0.4372628410018063,0.8684926696514785,0.6097547724616752,6,1.3571428571428572,0.5714285714285714,S2 P1 O8,de-protonated,0,-9999,C14 H19 O8 P1 S2,14,19,8,-9999,1,2,-9999,N/A,-9999,-9999,N/A,-9999
1217,409.019027,409.01897205489337,409.01908849447904,7220243,-9999,289676,83.21,-1,-0.28468007714808874,0.4927012460480143,0.8684926696514785,0.6430178154894,12,0.7857142857142857,0.6428571428571429,N4 P1 O9,de-protonated,0,-9999,C14 H11 O9 N4 P1,14,11,9,4,1,-9999,-9999,N/A,-9999,-9999,N/A,-9999
1218,409.040301,409.04024607175745,409.0400849208091,1639450.5,-9999,219450,17.56,-1,0.3939734864946623,0.9722293189972356,0,0.5833375913983413,20,0.4545454545454546,0.13636363636363635,N4 S1 O3,de-protonated,0,-9999,C22 H10 O3 N4 S1,22,10,3,4,-9999,1,-9999,N/A,-9999,-9999,N/A,-9999
1219,409.047703,409.047648077625,409.0474789761291,1587485.3,-9999,308241.3,16.95,-1,0.4134031002103482,0.9694659115690832,0,0.58167954694145,19,0.5833333333333334,0.04166666666666666,N2 S2 O1,de-protonated,0,-9999,C24 H14 O1 N2 S2,24,14,1,2,-9999,2,-9999,N/A,-9999,-9999,N/A,-9999
1219,409.047703,409.047648077625,409.0476119178591,1587485.3,-9999,308241.3,16.95,-1,0.08839989502761456,0.9985830665209332,0,0.59914983991256,6,1.4615384615384617,0.6923076923076923,N2 S1 P1 O9,de-protonated,0,-9999,C13 H19 O9 N2 P1 S1,13,19,9,2,1,1,-9999,N/A,-9999,-9999,N/A,-9999
1220,409.048721,409.04866607843206,409.0482633665391,3164445.5,-9999,288037.9,35.5,-1,0.984509479715982,0.8387263758953114,0,0.5032358255371868,15,0.7142857142857143,0.3333333333333333,P1 O7,de-protonated,0,-9999,C21 H15 O7 P1,21,15,7,-9999,1,-9999,-9999,N/A,-9999,-9999,N/A,-9999
1221,409.08388,409.0838251063029,409.0839974272091,4447274,-9999,463323,50.59,-1,-0.4212359986498084,0.968316567583529,0,0.5809899405501174,5,1.6428571428571428,0.5714285714285714,N2 S1 P1 O8,de-protonated,0,-9999,C14 H23 O8 N2 P1 S1,14,23,8,2,1,1,-9999,N/A,-9999,-9999,N/A,-9999
1223,409.100435,409.1003801194262,409.1001017216691,1276591.9,-9999,370944,13.29,-1,0.6805125589411878,0.9194051404815332,0,0.5516430842889198,10,1.125,0.5625,N4 O9,de-protonated,0,-9999,C16 H18 O9 N4,16,18,9,4,-9999,-9999,-9999,N/A,-9999,-9999,N/A,-9999
1224,409.113562,409.113507129832,409.11385826110904,1584564.5,-9999,301489.4,16.92,-1,-0.8582727519732338,0.8748866622383699,0,0.5249319973430219,4,1.9285714285714288,0.2857142857142857,N4 S2 P1 O4,de-protonated,0,-9999,C14 H27 O4 N4 P1 S2,14,27,4,4,1,2,-9999,N/A,-9999,-9999,N/A,-9999
1225,409.116711,409.11665613232833,409.1170116332391,1635381.6,-9999,404256.5,17.51,-1,-0.8689467820905384,0.8719648293211854,0,0.5231788975927112,9,1.2777777777777777,0.3888888888888889,N2 P1 O7,de-protonated,0,-9999,C18 H23 O7 N2 P1,18,23,7,2,1,-9999,-9999,N/A,-9999,-9999,N/A,-9999
1226,409.120245,409.12019013512975,409.1203829365591,7656503,-9999,387816.9,88.34,-1,-0.4712584300495498,0.9659806845253118,0.9700082102679192,0.9675916948223549,4,1.8,0.4666666666666667,N2 S1 P1 O7,de-protonated,0,-9999,C15 H27 O7 N2 P1 S1,15,27,7,2,1,1,-9999,N/A,-9999,-9999,N/A,-9999
1227,409.121607,409.1215521362094,409.12123108972906,18181176,-9999,325116.5,212.13,-1,0.7847221213189988,0.9172596939165962,0.967265355234361,0.937261958443702,5,1.6923076923076923,0.8461538461538461,N4 O11,de-protonated,0,-9999,C13 H22 O11 N4,13,22,11,4,-9999,-9999,-9999,N/A,-9999,-9999,N/A,-9999
1228,409.134728,409.1346731466105,409.1346367562491,2516540,-9999,418024.8,27.88,-1,0.08894470947286955,0.4992827799805456,0.7612342259156646,0.6040633583545931,22,0.6206896551724138,0.03448275862068965,N2 O1,de-protonated,0,-9999,C29 H18 O1 N2,29,18,1,2,-9999,-9999,-9999,N/A,-9999,-9999,N/A,-9999
1229,409.149809,409.1497541585654,409.149374390589,1391169.5,-9999,501422.5,14.64,-1,0.9281890677089332,0.8552817056181773,0,0.5131690233709063,4,1.9285714285714288,0.5714285714285714,N4 P1 O8,de-protonated,0,-9999,C14 H27 O8 N4 P1,14,27,8,4,1,-9999,-9999,N/A,-9999,-9999,N/A,-9999
1230,409.150396,409.1503411590307,409.1504059617891,1171905.6,-9999,413034.7,12.06,-1,-0.15838370794159812,0.99545863066141,0,0.597275178396846,8,1.3,0.45,O9,de-protonated,0,-9999,C20 H26 O9,20,26,9,-9999,-9999,-9999,-9999,N/A,-9999,-9999,N/A,-9999
1230,409.150396,409.1503411590307,409.1502437704591,1171905.6,-9999,413034.7,12.06,-1,0.23802642934266413,0.9897723990784884,0,0.593863439447093,3,2.066666666666667,0.2,N4 S2 P1 O3,de-protonated,0,-9999,C15 H31 O3 N4 P1 S2,15,31,3,4,1,2,-9999,N/A,-9999,-9999,N/A,-9999
1231,409.153144,409.15308916120904,409.1533971425891,1240386.6,-9999,359357.4,12.87,-1,-0.7527283952612747,0.9022994474298994,0,0.5413796684579396,8,1.4210526315789471,0.3157894736842105,N2 P1 O6,de-protonated,0,-9999,C19 H27 O6 N2 P1,19,27,6,2,1,-9999,-9999,N/A,-9999,-9999,N/A,-9999
1232,409.156646,409.1565911639851,409.1567684459091,5612612,-9999,387341.3,64.3,-1,-0.4332860596567301,0.483254534297529,0.8524773804394659,0.6309436727543037,3,1.9375,0.375,N2 S1 P1 O6,de-protonated,0,-9999,C16 H31 O6 N2 P1 S1,16,31,6,2,1,1,-9999,N/A,-9999,-9999,N/A,-9999
1233,409.157979,409.15792416504183,409.15761659907906,12764228,-9999,315714.7,148.42,-1,0.7517053338213294,0.9185488381653784,0.9463516596545312,0.9296699667610396,4,1.8571428571428572,0.7142857142857143,N4 O10,de-protonated,0,-9999,C14 H26 O10 N4,14,26,10,4,-9999,-9999,-9999,N/A,-9999,-9999,N/A,-9999
1234,409.192871,409.192816192701,409.1931539552591,1528144.8,-9999,393869.6,16.25,-1,-0.8254355060415681,0.8837076949610916,0,0.5302246169766549,2,2.0588235294117645,0.29411764705882354,N2 S1 P1 O5,de-protonated,0,-9999,C17 H35 O5 N2 P1 S1,17,35,5,2,1,1,-9999,N/A,-9999,-9999,N/A,-9999
1235,409.194438,409.1943831939432,409.19400210842906,3730001.3,-9999,310861.7,42.15,-1,0.9313076734831772,0.854382227830963,0,0.5126293366985778,3,2,0.6,N4 O9,de-protonated,0,-9999,C15 H30 O9 N4,15,30,9,4,-9999,-9999,-9999,N/A,-9999,-9999,N/A,-9999
1236,409.318641,409.3185862924,409.3184147777691,1396861.5,-9999,474614.2,14.71,-1,0.4190249563670595,0.9686430468646464,0,0.5811858281187878,4,1.9090909090909092,0.13636363636363635,N4 O3,de-protonated,0,-9999,C22 H42 O3 N4,22,42,3,4,-9999,-9999,-9999,N/A,-9999,-9999,N/A,-9999
1237,410.018703,410.0186488473451,410.0187403411991,1366262.8,-9999,346273.6,14.34,-1,-0.2231455418259352,0.9910056496601604,0,0.5946033897960962,11,0.8125,0.625,N1 S1 O10,de-protonated,0,-9999,C16 H13 O10 N1 S1,16,13,10,1,-9999,1,-9999,N/A,-9999,-9999,N/A,-9999
1237,410.018703,410.0186488473451,410.0183602186791,1366262.8,-9999,346273.6,14.34,-1,0.7039408329049484,0.9140100090608564,0,0.5484060054365139,16,0.5555555555555556,0.3888888888888889,N3 P1 O7,de-protonated,0,-9999,C18 H10 O7 N3 P1,18,10,7,3,1,-9999,-9999,N/A,-9999,-9999,N/A,-9999
1238,410.088495,410.08844090266984,410.0881400565791,1782927.6,-9999,346280.5,19.24,-1,0.7336132439640849,0.906963042499635,0,0.544177825499781,14,0.8095238095238095,0.380952380952381,N1 O8,de-protonated,0,-9999,C21 H17 O8 N1,21,17,8,1,-9999,-9999,-9999,N/A,-9999,-9999,N/A,-9999
1240,410.123628,410.12357393052,410.1237377716291,1563548.1,-9999,453399,16.66,-1,-0.3994918947867056,0.9714571864806388,0.9700082102679192,0.9708775959955508,4,1.9285714285714288,0.5,13C1 N2 S1 P1 O7,de-protonated,1,1226,C14 H27 O7 N2 P1 S1 13C1,14,27,7,2,1,1,1,N/A,-9999,-9999,N/A,-9999
1240,410.123628,410.12357393052,410.1238741172491,1563548.1,-9999,453399,16.66,-1,-0.7319416110088401,0.9073663004633464,0,0.5444197802780079,4,1.7857142857142858,0.6428571428571429,N3 S1 O9,de-protonated,0,-9999,C14 H25 O9 N3 S1,14,25,9,3,-9999,1,-9999,N/A,-9999,-9999,N/A,-9999
1241,410.124879,410.12482493151174,410.1245255659291,3360668.5,-9999,303749.4,37.8,-1,0.7299382601451188,0.45392430207138856,0.8077896627745538,0.5954704463526547,13,0.9545454545454546,0.3181818181818182,N1 O7,de-protonated,0,-9999,C22 H21 O7 N1,22,21,7,1,-9999,-9999,-9999,N/A,-9999,-9999,N/A,-9999
1241,410.124879,410.12482493151174,410.1245859247991,3360668.5,-9999,303749.4,37.8,-1,0.5827661175743764,0.940237345706826,0.967265355234361,0.95104854951784,5,1.8333333333333333,0.9166666666666666,13C1 N4 O11,de-protonated,1,1227,C12 H22 O11 N4 13C1,12,22,11,4,-9999,-9999,1,N/A,-9999,-9999,N/A,-9999
1242,410.161276,410.1612219603639,410.1609110752791,2900393.5,-9999,336824.1,32.39,-1,0.7579588312586586,0.9010067238327844,0,0.5406040342996706,12,1.0869565217391304,0.2608695652173913,N1 O6,de-protonated,0,-9999,C23 H25 O6 N1,23,25,6,1,-9999,-9999,-9999,N/A,-9999,-9999,N/A,-9999
1242,410.161276,410.1612219603639,410.1609714341491,2900393.5,-9999,336824.1,32.39,-1,0.6107997402516983,0.9345462060371594,0.9463516596545312,0.939268387484108,4,2,0.7692307692307693,13C1 N4 O10,de-protonated,1,1233,C13 H26 O10 N4 13C1,13,26,10,4,-9999,-9999,1,N/A,-9999,-9999,N/A,-9999
1243,411.063007,411.06295367517384,411.06312904058905,2478316,-9999,482384.1,27.42,-1,-0.4266143149639226,0.9675157067406756,0,0.5805094240444053,18,0.6666666666666666,0.04166666666666666,N2 S2 O1,de-protonated,0,-9999,C24 H16 O1 N2 S2,24,16,1,2,-9999,2,-9999,N/A,-9999,-9999,N/A,-9999
1243,411.063007,411.06295367517384,411.06326198231915,2478316,-9999,482384.1,27.42,-1,-0.7500235944623267,0.9029651607988683,0,0.541779096479321,5,1.6153846153846154,0.6923076923076923,N2 S1 P1 O9,de-protonated,0,-9999,C13 H21 O9 N2 P1 S1,13,21,9,2,1,1,-9999,N/A,-9999,-9999,N/A,-9999
1244,411.064536,411.06448267638586,411.06478281086913,6092524.5,-9999,286095.2,69.93,-1,-0.7301391309076409,0.45390014644458687,0.8077896627745539,0.5954559529765737,13,0.9545454545454546,0.09090909090909093,S2 P1 O2,de-protonated,0,-9999,C22 H21 O2 P1 S2,22,21,2,-9999,1,2,-9999,N/A,-9999,-9999,N/A,-9999
1245,411.092826,411.0927726988116,411.0931228162191,1650678.6,-9999,349434.1,17.68,-1,-0.851674202414743,0.8766796667804511,0,0.5260078000682706,4,1.9230769230769231,0.38461538461538464,N4 S2 P1 O5,de-protonated,0,-9999,C13 H25 O5 N4 P1 S2,13,25,5,4,1,2,-9999,N/A,-9999,-9999,N/A,-9999
1246,411.095987,411.09593370131734,411.0962761883491,1490679.8,-9999,378755.1,15.8,-1,-0.8331066264153449,0.881669965274742,0,0.5290019791648451,9,1.2352941176470589,0.4705882352941176,N2 P1 O8,de-protonated,0,-9999,C17 H21 O8 N2 P1,17,21,8,2,1,-9999,-9999,N/A,-9999,-9999,N/A,-9999
1247,411.099675,411.09962170424086,411.09964749166915,6634233,-9999,405057.1,76.3,-1,-0.06272792604549,0.4996431459217539,0.8684926696514785,0.6471829554136438,4,1.7857142857142858,0.5714285714285714,N2 S1 P1 O8,de-protonated,0,-9999,C14 H25 O8 N2 P1 S1,14,25,8,2,1,1,-9999,N/A,-9999,-9999,N/A,-9999
1250,411.132304,411.13225073010614,411.1326616976991,1594884.8,-9999,339864.8,17.03,-1,-0.9995985025538034,0.834182552077424,0,0.5005095312464544,8,1.3888888888888888,0.3888888888888889,N2 P1 O7,de-protonated,0,-9999,C18 H25 O7 N2 P1,18,25,7,2,1,-9999,-9999,N/A,-9999,-9999,N/A,-9999
1250,411.132304,411.13225073010614,411.1318773072891,1594884.8,-9999,339864.8,17.03,-1,0.9082798918648904,0.8609747069745719,0,0.5165848241847432,12,1.1428571428571428,0.04761904761904761,N4 S2 O1,de-protonated,0,-9999,C21 H24 O1 N4 S2,21,24,1,4,-9999,2,-9999,N/A,-9999,-9999,N/A,-9999
1251,411.137207,411.1371537339928,411.1368811541891,16250630,-9999,311157.8,189.42,-1,0.6629903960412379,0.9243335936349466,0.9692363798016744,0.9422947081016376,4,1.8461538461538465,0.8461538461538461,N4 O11,de-protonated,0,-9999,C13 H24 O11 N4,13,24,11,4,-9999,-9999,-9999,N/A,-9999,-9999,N/A,-9999
1252,411.165659,411.16560575654694,411.16589383491913,1839632.6,-9999,311095.3,19.91,-1,-0.7006378119220403,0.9147797507028322,0,0.5488678504216993,2,2.2,0.2,N4 S2 P1 O3,de-protonated,0,-9999,C15 H33 O3 N4 P1 S2,15,33,3,4,1,2,-9999,N/A,-9999,-9999,N/A,-9999
1253,411.172283,411.17222976179784,411.1724185103691,3738387,-9999,440367.5,42.24,-1,-0.4590496899843201,0.9624857020108166,0,0.57749142120649,2,2.0625,0.375,N2 S1 P1 O6,de-protonated,0,-9999,C16 H33 O6 N2 P1 S1,16,33,6,2,1,1,-9999,N/A,-9999,-9999,N/A,-9999
1254,411.173491,411.17343776275544,411.1730699590491,7085843.5,-9999,295438.4,81.62,-1,0.894522849928691,0.90431747468429,0.9939335246579684,0.9401638946737614,11,1.2083333333333333,0.16666666666666666,P1 O4,de-protonated,0,-9999,C24 H29 O4 P1,24,29,4,-9999,1,-9999,-9999,N/A,-9999,-9999,N/A,-9999
1254,411.173491,411.17343776275544,411.1732666635391,7085843.5,-9999,295438.4,81.62,-1,0.4161243694991787,0.9838405581890992,0.9314908267964024,0.9629006656320204,3,2,0.7142857142857143,N4 O10,de-protonated,0,-9999,C14 H28 O10 N4,14,28,10,4,-9999,-9999,-9999,N/A,-9999,-9999,N/A,-9999
1256,411.210007,411.209953791702,411.2096521728891,1831200.6,-9999,337807.3,19.81,-1,0.7334915688489931,0.9069924198998496,0,0.5441954519399098,2,2.1333333333333333,0.6,N4 O9,de-protonated,0,-9999,C15 H32 O9 N4,15,32,9,4,-9999,-9999,-9999,N/A,-9999,-9999,N/A,-9999
1257,412.104093,412.1040405004515,412.103790121039,2735457.5,-9999,301129.2,30.44,-1,0.6075639645562247,0.9352149583709484,0,0.5611289750225691,13,0.9047619047619048,0.380952380952381,N1 O8,de-protonated,0,-9999,C21 H19 O8 N1,21,19,8,1,-9999,-9999,-9999,N/A,-9999,-9999,N/A,-9999
1258,412.132354,412.13230152285433,412.1319334218991,1317995.8,-9999,340634.9,13.77,-1,0.8931629058690249,0.8652395527983804,0,0.5191437316790282,12,1.0909090909090908,0.2272727272727273,N1 P1 O5,de-protonated,0,-9999,C22 H24 O5 N1 P1,22,24,5,1,1,-9999,-9999,N/A,-9999,-9999,N/A,-9999
1259,412.139169,412.13911652825664,412.1395241817091,1241454.1,-9999,475326.4,12.87,-1,-0.989115162519102,0.8373441640507527,0,0.5024064984304516,3,1.9285714285714288,0.6428571428571429,N3 S1 O9,de-protonated,0,-9999,C14 H27 O9 N3 S1,14,27,9,3,-9999,1,-9999,N/A,-9999,-9999,N/A,-9999
1260,412.140558,412.1405055293577,412.1401756303891,2958958.8,-9999,301368.9,33.07,-1,0.8004533120931674,0.8902447971134054,0,0.5341468782680432,12,1.0454545454545454,0.3181818181818182,N1 O7,de-protonated,0,-9999,C22 H23 O7 N1,22,23,7,1,-9999,-9999,-9999,N/A,-9999,-9999,N/A,-9999
1260,412.140558,412.1405055293577,412.14023598925905,2958958.8,-9999,301368.9,33.07,-1,0.6540009324976136,0.9253264103805234,0.9692363798016744,0.942890398148984,4,2,0.9166666666666666,13C1 N4 O11,de-protonated,1,1251,C12 H24 O11 N4 13C1,12,24,11,4,-9999,-9999,1,N/A,-9999,-9999,N/A,-9999
1261,412.17671,412.17665755801573,412.1764247941191,1771643.6,-9999,378867.2,19.1,-1,0.5647190926792556,0.9437769950447846,0.9939335246579684,0.963839606890058,11,1.2608695652173914,0.17391304347826086,13C1 P1 O4,de-protonated,1,1254,C23 H29 O4 P1 13C1,23,29,4,-9999,1,-9999,1,N/A,-9999,-9999,N/A,-9999
1261,412.17671,412.17665755801573,412.1765611397391,1771643.6,-9999,378867.2,19.1,-1,0.23392469573857536,0.9901201192772108,0,0.5940720715663264,11,1.173913043478261,0.2608695652173913,N1 O6,de-protonated,0,-9999,C23 H27 O6 N1,23,27,6,1,-9999,-9999,-9999,N/A,-9999,-9999,N/A,-9999
1261,412.17671,412.17665755801573,412.1766214986091,1771643.6,-9999,378867.2,19.1,-1,0.08748532727060876,0.9986122132350892,0.9314908267964024,0.9717636586596144,3,2.1538461538461537,0.7692307692307693,13C1 N4 O10,de-protonated,1,1254,C13 H28 O10 N4 13C1,13,28,10,4,-9999,-9999,1,N/A,-9999,-9999,N/A,-9999
1263,413.043838,413.0437862453955,413.0440473659791,1334964.3,-9999,358001.3,13.96,-1,-0.6321858050763316,0.9300493953632134,0,0.558029637217928,13,0.9047619047619048,0.14285714285714285,S2 P1 O3,de-protonated,0,-9999,C21 H19 O3 P1 S2,21,19,3,-9999,1,2,-9999,N/A,-9999,-9999,N/A,-9999
1264,413.058925,413.0588732573551,413.05863083188905,1560249.6,-9999,318595.9,16.61,-1,0.5869032819416555,0.9394121317269516,0,0.563647279036171,10,1,0.7857142857142857,N4 O11,de-protonated,0,-9999,C14 H14 O11 N4,14,14,11,4,-9999,-9999,-9999,N/A,-9999,-9999,N/A,-9999
1265,413.078653,413.0786012729936,413.0787791050491,3219392.8,-9999,402564.3,36.13,-1,-0.4305039726985617,0.48346530165193374,0.7939170211058493,0.6076459894335,17,0.75,0.04166666666666666,N2 S2 O1,de-protonated,0,-9999,C24 H18 O1 N2 S2,24,18,1,2,-9999,2,-9999,N/A,-9999,-9999,N/A,-9999
1265,413.078653,413.0786012729936,413.07891204677907,3219392.8,-9999,402564.3,36.13,-1,-0.7523351504182465,0.9023963523242828,0,0.5414378113945696,4,1.7692307692307692,0.6923076923076923,N2 S1 P1 O9,de-protonated,0,-9999,C13 H23 O9 N2 P1 S1,13,23,9,2,1,1,-9999,N/A,-9999,-9999,N/A,-9999
1266,413.080084,413.080032274128,413.08043287532905,8136129.5,-9999,324994.9,93.96,-1,-0.9697898257581216,0.421557845378853,0.8077896627745539,0.5760505723371334,12,1.0454545454545454,0.09090909090909093,S2 P1 O2,de-protonated,0,-9999,C22 H23 O2 P1 S2,22,23,2,-9999,1,2,-9999,N/A,-9999,-9999,N/A,-9999
1267,413.095259,413.0952072861574,413.09481963674904,1775046.8,-9999,391589.1,19.14,-1,0.9384029766044332,0.8523280937247953,0,0.5113968562348772,17,0.76,0.16,P1 O4,de-protonated,0,-9999,C25 H19 O4 P1,25,19,4,-9999,1,-9999,-9999,N/A,-9999,-9999,N/A,-9999
1267,413.095259,413.0952072861574,413.09501634123905,1775046.8,-9999,391589.1,19.14,-1,0.46223002167823574,0.9619741419852736,0,0.5771844851911642,9,1.2,0.6666666666666666,N4 O10,de-protonated,0,-9999,C15 H18 O10 N4,15,18,10,4,-9999,-9999,-9999,N/A,-9999,-9999,N/A,-9999
1268,413.108521,413.10846929667025,413.10877288067906,3042507.5,-9999,269916.7,34.05,-1,-0.7348766928565755,0.906657762064978,0,0.5439946572389868,3,2.076923076923077,0.38461538461538464,N4 S2 P1 O5,de-protonated,0,-9999,C13 H27 O5 N4 P1 S2,13,27,5,4,1,2,-9999,N/A,-9999,-9999,N/A,-9999
1269,413.111582,413.1115302990968,413.11192625280904,1313228.8,-9999,523393.7,13.71,-1,-0.958465943717539,0.8464627361044877,0,0.5078776416626927,8,1.3529411764705883,0.4705882352941176,N2 P1 O8,de-protonated,0,-9999,C17 H23 O8 N2 P1,17,23,8,2,1,-9999,-9999,N/A,-9999,-9999,N/A,-9999
1269,413.111582,413.1115302990968,413.1111418623992,1313228.8,-9999,523393.7,13.71,-1,0.9402716563593349,0.851785332557424,0,0.5110711995344543,12,1.1,0.1,N4 S2 O2,de-protonated,0,-9999,C20 H22 O2 N4 S2,20,22,2,4,-9999,2,-9999,N/A,-9999,-9999,N/A,-9999
1270,413.115165,413.115113301937,413.11529755612906,5051854,-9999,414241.8,57.68,-1,-0.4460115448146992,0.964247418435108,0.9300579096756152,0.9505716149313108,3,1.9285714285714288,0.5714285714285714,N2 S1 P1 O8,de-protonated,0,-9999,C14 H27 O8 N2 P1 S1,14,27,8,2,1,1,-9999,N/A,-9999,-9999,N/A,-9999
1271,413.116549,413.1164973030342,413.1168183846791,11396558,-9999,280449.2,132.31,-1,-0.7772175584191676,0.29872869968140786,0.747247409058623,0.4781361834322939,11,1.173913043478261,0.04347826086956521,S2 P1 O1,de-protonated,0,-9999,C23 H27 O1 P1 S2,23,27,1,-9999,1,2,-9999,N/A,-9999,-9999,N/A,-9999
1272,413.131846,413.1317943151602,413.13140185058904,1587412,-9999,327581.4,16.93,-1,0.9499751638817188,0.8489551871224371,0,0.5093731122734623,8,1.375,0.5625,N4 O9,de-protonated,0,-9999,C16 H22 O9 N4,16,22,9,4,-9999,-9999,-9999,N/A,-9999,-9999,N/A,-9999
1274,413.144995,413.14494332558354,413.14532058135904,3608536.8,-9999,273844.5,40.71,-1,-0.9131309413678576,0.42979773363386264,0.8295321147073604,0.5896914860632618,7,1.368421052631579,0.5263157894736842,O10,de-protonated,0,-9999,C19 H26 O10,19,26,10,-9999,-9999,-9999,-9999,N/A,-9999,-9999,N/A,-9999
1274,413.144995,413.14494332558354,413.14515839002905,3608536.8,-9999,273844.5,40.71,-1,-0.5205541954088425,0.9520208331612418,0,0.571212499896745,2,2.2142857142857144,0.2857142857142857,N4 S2 P1 O4,de-protonated,0,-9999,C14 H31 O4 N4 P1 S2,14,31,4,4,1,2,-9999,N/A,-9999,-9999,N/A,-9999
1275,413.151625,413.1515733308392,413.1516830654791,3382619.3,-9999,345056.8,38.05,-1,-0.26560375866409686,0.9872812139145912,0,0.5923687283487546,2,2.066666666666667,0.4666666666666667,N2 S1 P1 O7,de-protonated,0,-9999,C15 H31 O7 N2 P1 S1,15,31,7,2,1,1,-9999,N/A,-9999,-9999,N/A,-9999
1276,413.152954,413.15290233189273,413.1525312186491,8500700,-9999,290760.8,98.25,-1,0.8982475372100212,0.8850238647958754,0.9137156349440004,0.8965005728551253,3,2,0.8461538461538461,N4 O11,de-protonated,0,-9999,C13 H26 O11 N4,13,26,11,4,-9999,-9999,-9999,N/A,-9999,-9999,N/A,-9999
1277,413.166021,413.165969342251,413.1659368851691,1256544.4,-9999,251080.1,13.04,-1,0.07855701302687747,0.9988808697814192,0,0.5993285218688514,20,0.7586206896551724,0.03448275862068965,N2 O1,de-protonated,0,-9999,C29 H22 O1 N2,29,22,1,2,-9999,-9999,-9999,N/A,-9999,-9999,N/A,-9999
1278,413.181262,413.1812103543327,413.1815438993792,1449189.9,-9999,304504.3,15.31,-1,-0.8072602743568887,0.88847878297065,0,0.53308726978239,1,2.3333333333333335,0.2,N4 S2 P1 O3,de-protonated,0,-9999,C15 H35 O3 N4 P1 S2,15,35,3,4,1,2,-9999,N/A,-9999,-9999,N/A,-9999
1280,413.189202,413.1891503606268,413.188916727999,3062760.8,-9999,260697.3,34.29,-1,0.5654377895129022,0.9436379115233194,0,0.5661827469139916,2,2.142857142857143,0.7142857142857143,N4 O10,de-protonated,0,-9999,C14 H30 O10 N4,14,30,10,4,-9999,-9999,-9999,N/A,-9999,-9999,N/A,-9999
1281,414.083412,414.08336106947473,414.08305467614906,1396012.5,-9999,360889.6,14.17,-1,0.7399320552062764,0.9054320414858902,0,0.5432592248915341,13,0.85,0.45,N1 O9,de-protonated,0,-9999,C20 H17 O9 N1,20,17,9,1,-9999,-9999,-9999,N/A,-9999,-9999,N/A,-9999
1281,414.083412,414.08336106947473,414.08354393349913,1396012.5,-9999,360889.6,14.17,-1,-0.4416114261837945,0.9652325318132382,0,0.5791395190879429,17,0.782608695652174,0.04347826086956521,N3 S1 P1 O1,de-protonated,0,-9999,C23 H18 O1 N3 P1 S1,23,18,1,3,1,1,-9999,N/A,-9999,-9999,N/A,-9999
1282,414.111771,414.11172009195514,414.1120673568791,1592118.9,-9999,237668.2,16.4,-1,-0.8385771662637523,0.8802081788683032,0,0.5281249073209818,11,1.181818181818182,0.04545454545454545,N1 S2 P1 O1,de-protonated,0,-9999,C22 H26 O1 N1 P1 S2,22,26,1,1,1,2,-9999,N/A,-9999,-9999,N/A,-9999
1283,414.118517,414.1184660973027,414.1186523911991,1274425.3,-9999,400120.9,12.79,-1,-0.44985632799747294,0.963946098323573,0.9300579096756152,0.9503908228643898,3,2.076923076923077,0.6153846153846154,13C1 N2 S1 P1 O8,de-protonated,1,1270,C13 H27 O8 N2 P1 S1 13C1,13,27,8,2,1,1,1,N/A,-9999,-9999,N/A,-9999
1283,414.118517,414.1184660973027,414.1187887368191,1274425.3,-9999,400120.9,12.79,-1,-0.7790989569424793,0.8957100897932214,0,0.5374260538759328,3,1.9230769230769231,0.7692307692307693,N3 S1 O10,de-protonated,0,-9999,C13 H25 O10 N3 S1,13,25,10,3,-9999,1,-9999,N/A,-9999,-9999,N/A,-9999
1284,414.119741,414.119690098273,414.11944018549906,2153529.8,-9999,267686.5,22.78,-1,0.6034799376393237,0.9360546283879638,0,0.5616327770327783,12,1,0.380952380952381,N1 O8,de-protonated,0,-9999,C21 H21 O8 N1,21,21,8,1,-9999,-9999,-9999,N/A,-9999,-9999,N/A,-9999
1285,414.147926,414.1478751206155,414.14758348635905,1376963.9,-9999,260806.2,13.96,-1,0.7041795438539548,0.9139542643511244,0,0.5483725586106746,11,1.181818181818182,0.2272727272727273,N1 P1 O5,de-protonated,0,-9999,C22 H26 O5 N1 P1,22,26,5,1,1,-9999,-9999,N/A,-9999,-9999,N/A,-9999
1286,414.156242,414.1561911272077,414.1558256948491,2253639,-9999,492897.5,23.91,-1,0.8823547464988205,0.8682575807381733,0,0.5209545484429039,11,1.1363636363636365,0.3181818181818182,N1 O7,de-protonated,0,-9999,C22 H25 O7 N1,22,25,7,1,-9999,-9999,-9999,N/A,-9999,-9999,N/A,-9999
1286,414.156242,414.1561911272077,414.15588605371903,2253639,-9999,492897.5,23.91,-1,0.7366151223455479,0.9062370244352952,0.9137156349440004,0.9092284686387772,3,2.1666666666666665,0.9166666666666666,13C1 N4 O11,de-protonated,1,1276,C12 H26 O11 N4 13C1,12,26,11,4,-9999,-9999,1,N/A,-9999,-9999,N/A,-9999
1288,415.074702,415.0746518552788,415.0742808963491,2829461,-9999,327798.1,30.45,-1,0.8937169725190048,0.8650841322086554,0,0.5190504793251932,9,1.1428571428571428,0.7857142857142857,N4 O11,de-protonated,0,-9999,C14 H16 O11 N4,14,16,11,4,-9999,-9999,-9999,N/A,-9999,-9999,N/A,-9999
1289,415.083597,415.0835468623299,415.0831957802191,1300888.3,-9999,437337.9,13.09,-1,0.8458114285659732,0.8782641811732037,0,0.5269585087039222,16,0.8,0.08,S2 O2,de-protonated,0,-9999,C25 H20 O2 S2,25,20,2,-9999,-9999,2,-9999,N/A,-9999,-9999,N/A,-9999
1289,415.083597,415.0835468623299,415.0833287219491,1300888.3,-9999,437337.9,13.09,-1,0.5255339487642926,0.951121395312186,0,0.5706728371873115,3,1.7857142857142858,0.7142857142857143,S1 P1 O10,de-protonated,0,-9999,C14 H25 O10 P1 S1,14,25,10,-9999,1,1,-9999,N/A,-9999,-9999,N/A,-9999
1289,415.083597,415.0835468623299,415.0836638108691,1300888.3,-9999,437337.9,13.09,-1,-0.28174690897281107,0.9856995997558088,0,0.5914197598534853,22,0.48,0.12,N4 O3,de-protonated,0,-9999,C25 H12 O3 N4,25,12,3,4,-9999,-9999,-9999,N/A,-9999,-9999,N/A,-9999
1290,415.087806,415.08775586566645,415.0876865628691,2177433.8,-9999,301379.7,23.04,-1,0.1669594150148856,0.9949548068517152,0,0.5969728841110291,26,0.4,0.03333333333333333,N2 O1,de-protonated,0,-9999,C30 H12 O1 N2,30,12,1,2,-9999,-9999,-9999,N/A,-9999,-9999,N/A,-9999
1290,415.087806,415.08775586566645,415.0880374357891,2177433.8,-9999,301379.7,23.04,-1,-0.6783383216186828,0.919898150695365,0,0.551938890417219,3,2.0833333333333335,0.5,N4 S2 P1 O6,de-protonated,0,-9999,C12 H25 O6 N4 P1 S2,12,25,6,4,1,2,-9999,N/A,-9999,-9999,N/A,-9999
1291,415.094503,415.0944528709752,415.0944291695091,2403484.3,-9999,422714.6,25.61,-1,0.05709897417442441,0.9994085990915516,0,0.5996451594549309,16,0.8333333333333334,0.04166666666666666,N2 S2 O1,de-protonated,0,-9999,C24 H20 O1 N2 S2,24,20,1,2,-9999,2,-9999,N/A,-9999,-9999,N/A,-9999
1291,415.094503,415.0944528709752,415.0945621112391,2403484.3,-9999,422714.6,25.61,-1,-0.26316958560095965,0.9875118176951232,0,0.5925070906170739,3,1.9230769230769231,0.6923076923076923,N2 S1 P1 O9,de-protonated,0,-9999,C13 H25 O9 N2 P1 S1,13,25,9,2,1,1,-9999,N/A,-9999,-9999,N/A,-9999
1292,415.095747,415.09569687196137,415.0960829397891,5557916.5,-9999,293399.7,61.44,-1,-0.9300685879399558,0.427369928269224,0.8077896627745539,0.5795378220713561,11,1.1363636363636365,0.09090909090909093,S2 P1 O2,de-protonated,0,-9999,C22 H25 O2 P1 S2,22,25,2,-9999,1,2,-9999,N/A,-9999,-9999,N/A,-9999
1293,415.109857,415.10980688314646,415.1101983750491,1263777.8,-9999,416031.4,12.67,-1,-0.94310355231507,0.850961406954039,0,0.5105768441724233,2,1.8666666666666667,0.6,S2 O9,de-protonated,0,-9999,C15 H28 O9 S2,15,28,9,-9999,-9999,2,-9999,N/A,-9999,-9999,N/A,-9999
1293,415.109857,415.10980688314646,415.1098182525291,1263777.8,-9999,416031.4,12.67,-1,-0.02738885509829115,0.9998638956428478,0,0.5999183373857087,7,1.4705882352941178,0.35294117647058826,N2 S1 P1 O6,de-protonated,0,-9999,C17 H25 O6 N2 P1 S1,17,25,6,2,1,1,-9999,N/A,-9999,-9999,N/A,-9999
1294,415.11093,415.11087988399703,415.110469701209,3013794.3,-9999,302260.5,32.54,-1,0.9881292279973104,0.41882020180866103,0.787157861234881,0.5661552655791491,16,0.84,0.16,P1 O4,de-protonated,0,-9999,C25 H21 O4 P1,25,21,4,-9999,1,-9999,-9999,N/A,-9999,-9999,N/A,-9999
1294,415.11093,415.11087988399703,415.1106664056991,3013794.3,-9999,302260.5,32.54,-1,0.5142683993150002,0.9531451346576318,0,0.5718870807945791,8,1.3333333333333333,0.6666666666666666,N4 O10,de-protonated,0,-9999,C15 H20 O10 N4,15,20,10,4,-9999,-9999,-9999,N/A,-9999,-9999,N/A,-9999
1296,415.124252,415.12420189455753,415.1245851364691,4904615,-9999,314785.9,54.02,-1,-0.9231973370686184,0.428358556878213,0.8370420509349343,0.5918319545009015,7,1.3333333333333333,0.6111111111111112,O11,de-protonated,0,-9999,C18 H24 O11,18,24,11,-9999,-9999,-9999,-9999,N/A,-9999,-9999,N/A,-9999
1296,415.124252,415.12420189455753,415.12442294513903,4904615,-9999,314785.9,54.02,-1,-0.532492354781717,0.949851681147017,0,0.5699110086882102,2,2.230769230769231,0.38461538461538464,N4 S2 P1 O5,de-protonated,0,-9999,C13 H29 O5 N4 P1 S2,13,29,5,4,1,2,-9999,N/A,-9999,-9999,N/A,-9999
1297,415.130829,415.13077889977114,415.1309476205891,2228649.5,-9999,355778.4,23.62,-1,-0.40642794501429214,0.9704723563194344,0,0.5822834137916606,2,2.0714285714285716,0.5714285714285714,N2 S1 P1 O8,de-protonated,0,-9999,C14 H29 O8 N2 P1 S1,14,29,8,2,1,1,-9999,N/A,-9999,-9999,N/A,-9999
1298,415.132273,415.1322229009158,415.13246844913914,5462186,-9999,267513.9,60.35,-1,-0.591493660480324,0.469245271678233,0.8007932653391622,0.6018644691426047,10,1.2608695652173914,0.04347826086956521,S2 P1 O1,de-protonated,0,-9999,C23 H29 O1 P1 S2,23,29,1,-9999,1,2,-9999,N/A,-9999,-9999,N/A,-9999
1299,415.141982,415.1419319086122,415.1421810098791,1319853.5,-9999,399427.4,13.3,-1,-0.6000384405227333,0.9367583783194006,0,0.5620550269916403,2,2.230769230769231,0.5384615384615384,N4 S1 P1 O7,de-protonated,0,-9999,C13 H29 O7 N4 P1 S1,13,29,7,4,1,1,-9999,N/A,-9999,-9999,N/A,-9999
1300,415.147595,415.1475449130617,415.1479212949191,2567599.5,-9999,269128.1,27.47,-1,-0.9066210815146808,0.861445155939101,0,0.5168670935634606,6,1.6470588235294117,0.2352941176470588,N4 S2 O4,de-protonated,0,-9999,C17 H28 O4 N4 S2,17,28,4,4,-9999,2,-9999,N/A,-9999,-9999,N/A,-9999
1302,415.160478,415.1604279232742,415.1608084544891,3854004.3,-9999,271857.9,42.09,-1,-0.9165875177467026,0.8586095755878561,0,0.5151657453527136,1,2.357142857142857,0.2857142857142857,N4 S2 P1 O4,de-protonated,0,-9999,C14 H33 O4 N4 P1 S2,14,33,4,4,1,2,-9999,N/A,-9999,-9999,N/A,-9999
1303,415.1671,415.1670499285235,415.1673331299391,1516726.6,-9999,403277,15.54,-1,-0.6821380031256168,0.9190357122767338,0,0.5514214273660403,1,2.2,0.4666666666666667,N2 S1 P1 O7,de-protonated,0,-9999,C15 H33 O7 N2 P1 S1,15,33,7,2,1,1,-9999,N/A,-9999,-9999,N/A,-9999
1304,415.168539,415.1684889296642,415.16818128310905,3127991.3,-9999,353618.8,33.84,-1,0.741016698804403,0.9051681815290942,0,0.5431009089174564,2,2.1538461538461537,0.8461538461538461,N4 O11,de-protonated,0,-9999,C13 H28 O11 N4,13,28,11,4,-9999,-9999,-9999,N/A,-9999,-9999,N/A,-9999
1305,415.181757,415.1817069401422,415.1821000138791,1387836,-9999,318222.2,14.07,-1,-0.9467502016653756,0.8498979635407649,0,0.5099387781244589,1,2,0.75,O12,de-protonated,0,-9999,C16 H32 O12,16,32,12,-9999,-9999,-9999,-9999,N/A,-9999,-9999,N/A,-9999
1305,415.181757,415.1817069401422,415.1815869496291,1387836,-9999,318222.2,14.07,-1,0.28900730877887654,0.9849587249772648,0,0.5909752349863587,19,0.8275862068965517,0.03448275862068965,N2 O1,de-protonated,0,-9999,C29 H24 O1 N2,29,24,1,2,-9999,-9999,-9999,N/A,-9999,-9999,N/A,-9999
1306,415.183597,415.1835469416008,415.1832407199091,1656252.6,-9999,303240.6,17.12,-1,0.7375579302199067,0.90600851057971,0,0.543605106347826,14,1.0740740740740742,0.07407407407407407,P1 O2,de-protonated,0,-9999,C27 H29 O2 P1,27,29,2,-9999,1,-9999,-9999,N/A,-9999,-9999,N/A,-9999
1306,415.183597,415.1835469416008,415.1834374243991,1656252.6,-9999,303240.6,17.12,-1,0.26378027605145055,0.987454157796534,0,0.5924724946779204,6,1.6470588235294117,0.4705882352941176,N4 O8,de-protonated,0,-9999,C17 H28 O8 N4,17,28,8,4,-9999,-9999,-9999,N/A,-9999,-9999,N/A,-9999
1307,416.127295,416.12724568967826,416.1268480414691,1215125.5,-9999,300658.1,12.11,-1,0.9555937355269069,0.8473075279083412,0,0.5083845167450047,11,1.1428571428571428,0.2857142857142857,N1 P1 O6,de-protonated,0,-9999,C21 H24 O6 N1 P1,21,24,6,1,1,-9999,-9999,N/A,-9999,-9999,N/A,-9999
1309,417.045512,417.04546341755673,417.0451703012391,1418598.4,-9999,372601.5,14.42,-1,0.7028406956385022,0.9142667169964044,0,0.5485600301978427,22,0.4166666666666667,0.08333333333333333,N4 S1 O2,de-protonated,0,-9999,C24 H10 O2 N4 S1,24,10,2,4,-9999,1,-9999,N/A,-9999,-9999,N/A,-9999
1309,417.045512,417.04546341755673,417.04530324296906,1418598.4,-9999,372601.5,14.42,-1,0.38406999534916936,0.9735895678324068,0,0.584153740699444,9,1.1538461538461535,0.7692307692307693,N4 P1 O10,de-protonated,0,-9999,C13 H15 O10 N4 P1,13,15,10,4,1,-9999,-9999,N/A,-9999,-9999,N/A,-9999
1310,417.053819,417.05377042414176,417.0535454514591,3166057.5,-9999,367874.8,34.26,-1,0.5394335693785862,0.948570186665902,0,0.5691421119995412,9,1.0769230769230769,0.9230769230769232,N4 O12,de-protonated,0,-9999,C13 H14 O12 N4,13,14,12,4,-9999,-9999,-9999,N/A,-9999,-9999,N/A,-9999
1311,417.062811,417.06276243126985,417.06246033532904,1700460.8,-9999,356192.6,17.62,-1,0.7243422018072276,0.9091901896437302,0,0.5455141137862382,16,0.75,0.125,S2 O3,de-protonated,0,-9999,C24 H18 O3 S2,24,18,3,-9999,-9999,2,-9999,N/A,-9999,-9999,N/A,-9999
1311,417.062811,417.06276243126985,417.0625932770591,1700460.8,-9999,356192.6,17.62,-1,0.4055847095692267,0.9705929364160092,0,0.5823557618496055,3,1.7692307692307692,0.8461538461538461,S1 P1 O11,de-protonated,0,-9999,C13 H23 O11 P1 S1,13,23,11,-9999,1,1,-9999,N/A,-9999,-9999,N/A,-9999
1311,417.062811,417.06276243126985,417.0629283659791,1700460.8,-9999,356192.6,17.62,-1,-0.3978649214402881,0.9716858841602346,0,0.5830115304961407,22,0.4166666666666667,0.16666666666666666,N4 O4,de-protonated,0,-9999,C24 H10 O4 N4,24,10,4,4,-9999,-9999,-9999,N/A,-9999,-9999,N/A,-9999
1312,417.075389,417.0753404412405,417.07534749489906,1528177.4,-9999,445274.3,15.66,-1,-0.0169121925342323,0.9999481029840324,0,0.5999688617904194,11,1.0952380952380951,0.14285714285714285,S2 P1 O3,de-protonated,0,-9999,C21 H23 O3 P1 S2,21,23,3,-9999,1,2,-9999,N/A,-9999,-9999,N/A,-9999
1312,417.075389,417.0753404412405,417.075544199389,1528177.4,-9999,445274.3,15.66,-1,-0.4885401491896651,0.9576177145280764,0,0.5745706287168459,3,2,0.8181818181818182,N4 S2 O9,de-protonated,0,-9999,C11 H22 O9 N4 S2,11,22,9,4,-9999,2,-9999,N/A,-9999,-9999,N/A,-9999
1313,417.080442,417.0803934452461,417.0802184000691,1962099.3,-9999,339696.7,20.59,-1,0.41969187048394063,0.9685447406844656,0,0.5811268444106793,16,0.75,0.20833333333333337,S1 O5,de-protonated,0,-9999,C24 H18 O5 S1,24,18,5,-9999,-9999,1,-9999,N/A,-9999,-9999,N/A,-9999
1314,417.088814,417.08876545188264,417.0890828076391,1893750.3,-9999,454423.7,19.81,-1,-0.760882433864711,0.9002810563877749,0,0.5401686338326649,7,1.4375,0.4375,N2 S1 P1 O7,de-protonated,0,-9999,C16 H23 O7 N2 P1 S1,16,23,7,2,1,1,-9999,N/A,-9999,-9999,N/A,-9999
1315,417.090336,417.0902874530891,417.0899309608091,4372343,-9999,290031.2,47.97,-1,0.8547132249627799,0.8758551452154081,0,0.5255130871292448,8,1.2857142857142858,0.7857142857142857,N4 O11,de-protonated,0,-9999,C14 H18 O11 N4,14,18,11,4,-9999,-9999,-9999,N/A,-9999,-9999,N/A,-9999
1316,417.103583,417.10353446359017,417.1038496915791,3254139.8,-9999,383780.2,35.26,-1,-0.7557542064936794,0.9015524711231288,0,0.5409314826738773,7,1.2941176470588236,0.7058823529411765,O12,de-protonated,0,-9999,C17 H22 O12,17,22,12,-9999,-9999,-9999,-9999,N/A,-9999,-9999,N/A,-9999
1316,417.103583,417.10353446359017,417.1033366273291,3254139.8,-9999,383780.2,35.26,-1,0.4743099459846635,0.4800007186540484,0.7550179348240813,0.5900076051220615,25,0.4666666666666667,0.03333333333333333,N2 O1,de-protonated,0,-9999,C30 H14 O1 N2,30,14,1,2,-9999,-9999,-9999,N/A,-9999,-9999,N/A,-9999
1316,417.103583,417.10353446359017,417.10368750024907,3254139.8,-9999,383780.2,35.26,-1,-0.3669031549877684,0.9758696608766432,0,0.5855217965259858,2,2.25,0.5,N4 S2 P1 O6,de-protonated,0,-9999,C12 H27 O6 N4 P1 S2,12,27,6,4,1,2,-9999,N/A,-9999,-9999,N/A,-9999
1317,417.110158,417.1101094688022,417.11007923396915,1259646.1,-9999,609073.4,12.61,-1,0.07248645993738066,0.9990470708747714,0,0.5994282425248628,15,0.9166666666666666,0.04166666666666666,N2 S2 O1,de-protonated,0,-9999,C24 H22 O1 N2 S2,24,22,1,2,-9999,2,-9999,N/A,-9999,-9999,N/A,-9999
1317,417.110158,417.1101094688022,417.11021217569913,1259646.1,-9999,609073.4,12.61,-1,-0.24623443382870203,0.98905880781976,0,0.593435284691856,2,2.076923076923077,0.6923076923076923,N2 S1 P1 O9,de-protonated,0,-9999,C13 H27 O9 N2 P1 S1,13,27,9,2,1,1,-9999,N/A,-9999,-9999,N/A,-9999
1318,417.111213,417.11116446963854,417.1108636243791,2103614.5,-9999,227546.8,22.2,-1,0.7212597074212571,0.90992560917901,0,0.545955365507406,11,1.0952380952380951,0.3333333333333333,P1 O7,de-protonated,0,-9999,C21 H23 O7 P1,21,23,7,-9999,1,-9999,-9999,N/A,-9999,-9999,N/A,-9999
1319,417.121228,417.1211794775774,417.1214455649891,1610626.3,-9999,320838.8,16.6,-1,-0.6379135247835369,0.9288225419242876,0,0.5572935251545726,2,2.25,0.6666666666666666,N4 S1 P1 O8,de-protonated,0,-9999,C12 H27 O8 N4 P1 S1,12,27,8,4,1,1,-9999,N/A,-9999,-9999,N/A,-9999
1320,417.125441,417.1253924809172,417.1254683169891,2132611.8,-9999,450410.6,22.53,-1,-0.18180638123253137,0.994020424165431,0,0.5964122544992586,6,1.588235294117647,0.35294117647058826,N2 S1 P1 O6,de-protonated,0,-9999,C17 H27 O6 N2 P1 S1,17,27,6,2,1,1,-9999,N/A,-9999,-9999,N/A,-9999
1321,417.126682,417.1266334819009,417.12631647015905,5066116,-9999,293638.2,55.85,-1,0.7599897904762276,0.4502514268178525,0.8604105061749866,0.6143150585607062,7,1.4666666666666666,0.6666666666666666,N4 O10,de-protonated,0,-9999,C15 H22 O10 N4,15,22,10,4,-9999,-9999,-9999,N/A,-9999,-9999,N/A,-9999
1324,417.147622,417.14757349850026,417.1472491337291,1570444,-9999,303429.8,16.14,-1,0.777578593319147,0.8960948238938526,0,0.5376568943363116,10,1.2272727272727273,0.2727272727272727,P1 O6,de-protonated,0,-9999,C22 H27 O6 P1,22,27,6,-9999,1,-9999,-9999,N/A,-9999,-9999,N/A,-9999
1325,417.157604,417.157555506413,417.15783107433907,1344783.6,-9999,300971.2,13.58,-1,-0.6605843293014735,0.9238744772077164,0,0.5543246863246298,1,2.3846153846153846,0.5384615384615384,N4 S1 P1 O7,de-protonated,0,-9999,C13 H31 O7 N4 P1 S1,13,31,7,4,1,1,-9999,N/A,-9999,-9999,N/A,-9999
1326,417.161761,417.1617125097084,417.1613645689891,1958801.1,-9999,497585.6,20.55,-1,0.8340674588582685,0.8814137379923348,0,0.5288482427954009,1,2,0.8666666666666667,O13,de-protonated,0,-9999,C15 H30 O13,15,30,13,-9999,-9999,-9999,-9999,N/A,-9999,-9999,N/A,-9999
1326,417.161761,417.1617125097084,417.1618538263391,1958801.1,-9999,497585.6,20.55,-1,-0.33875731789802965,0.9793928698336396,0,0.5876357219001838,5,1.7222222222222223,0.2777777777777778,N2 S1 P1 O5,de-protonated,0,-9999,C18 H31 O5 N2 P1 S1,18,31,5,2,1,1,-9999,N/A,-9999,-9999,N/A,-9999
1327,417.16296,417.1629115106588,417.1625052750191,4391313.5,-9999,258104.9,48.18,-1,0.9738066929222184,0.42096108907918345,0.7805128205128198,0.5647817816526379,14,1.0384615384615383,0.1153846153846154,P1 O3,de-protonated,0,-9999,C26 H27 O3 P1,26,27,3,-9999,1,-9999,-9999,N/A,-9999,-9999,N/A,-9999
1327,417.16296,417.1629115106588,417.1627019795091,4391313.5,-9999,258104.9,48.18,-1,0.5022768063164266,0.4776278452014561,0.8524773804394659,0.62756765929666,6,1.625,0.5625,N4 O9,de-protonated,0,-9999,C16 H26 O9 N4,16,26,9,4,-9999,-9999,-9999,N/A,-9999,-9999,N/A,-9999
1328,417.1762,417.1761515211542,417.1764585189491,2760086.5,-9999,290662.8,29.65,-1,-0.7358943406918417,0.9064115661616866,0,0.5438469396970119,0,2.5,0.2857142857142857,N4 S2 P1 O4,de-protonated,0,-9999,C14 H35 O4 N4 P1 S2,14,35,4,4,1,2,-9999,N/A,-9999,-9999,N/A,-9999
1329,417.199204,417.1991555393897,417.1988907843691,1836702.9,-9999,266541.4,19.16,-1,0.6346014490250335,0.9295331265578268,0,0.557719875934696,13,1.148148148148148,0.07407407407407407,P1 O2,de-protonated,0,-9999,C27 H31 O2 P1,27,31,2,-9999,1,-9999,-9999,N/A,-9999,-9999,N/A,-9999
1329,417.199204,417.1991555393897,417.1990874888591,1836702.9,-9999,266541.4,19.16,-1,0.16311284625424735,0.9951840465023172,0,0.5971104279013902,5,1.7647058823529411,0.4705882352941176,N4 O8,de-protonated,0,-9999,C17 H30 O8 N4,17,30,8,4,-9999,-9999,-9999,N/A,-9999,-9999,N/A,-9999
1330,417.216701,417.21665255325973,417.2168667802991,3170725.5,-9999,441671.6,34.32,-1,-0.513466871566817,0.9532876117829988,0,0.5719725670697993,3,1.95,0.05,N2 S2 P1 O1,de-protonated,0,-9999,C20 H39 O1 N2 P1 S2,20,39,1,2,1,2,-9999,N/A,-9999,-9999,N/A,-9999
1331,417.21798,417.21793155427366,417.2177149334691,6884262,-9999,263346.8,76.5,-1,0.51920327639881,0.4761317518316139,0.8370420509349343,0.620495871472942,4,1.8888888888888888,0.2777777777777778,N4 S1 O5,de-protonated,0,-9999,C18 H34 O5 N4 S1,18,34,5,4,-9999,1,-9999,N/A,-9999,-9999,N/A,-9999
1332,417.235573,417.2355245682197,417.2352762937191,1619372.4,-9999,498426.3,16.7,-1,0.5950467631258142,0.9377729012352723,0,0.5626637407411634,12,1.25,0.03571428571428571,P1 O1,de-protonated,0,-9999,C28 H35 O1 P1,28,35,1,-9999,1,-9999,-9999,N/A,-9999,-9999,N/A,-9999
1332,417.235573,417.2355245682197,417.2354729982091,1619372.4,-9999,498426.3,16.7,-1,0.12359929572021051,0.9972318855805402,0,0.5983391313483241,4,1.8888888888888888,0.3888888888888889,N4 O7,de-protonated,0,-9999,C18 H34 O7 N4,18,34,7,4,-9999,-9999,-9999,N/A,-9999,-9999,N/A,-9999
1337,419.024721,419.0246739864927,419.0244348563491,1284673.6,-9999,380911.2,12.89,-1,0.5706830524642609,0.9426181086742798,0,0.5655708652045678,22,0.34782608695652173,0.13043478260869565,N4 S1 O3,de-protonated,0,-9999,C23 H8 O3 N4 S1,23,8,3,4,-9999,1,-9999,N/A,-9999,-9999,N/A,-9999
1337,419.024721,419.0246739864927,419.0245677980791,1284673.6,-9999,380911.2,12.89,-1,0.2534181090351323,0.9884148620163488,0,0.5930489172098093,9,1.0833333333333333,0.9166666666666666,N4 P1 O11,de-protonated,0,-9999,C12 H13 O11 N4 P1,12,13,11,4,1,-9999,-9999,N/A,-9999,-9999,N/A,-9999
1338,419.033174,419.03312699319343,419.03348268194907,1329732.8,-9999,410088.9,13.4,-1,-0.8488313472143856,0.8774490063065387,0,0.5264694037839232,16,0.7391304347826086,0.08695652173913043,S2 P1 O2,de-protonated,0,-9999,C23 H17 O2 P1 S2,23,17,2,-9999,1,2,-9999,N/A,-9999,-9999,N/A,-9999
1339,419.04234,419.04229300045944,419.0421929210891,2042952.1,-9999,261780.7,21.5,-1,0.23882886262437217,0.9897036812178408,0,0.5938222087307045,22,0.34782608695652173,0.21739130434782608,N4 O5,de-protonated,0,-9999,C23 H8 O5 N4,23,8,5,4,-9999,-9999,-9999,N/A,-9999,-9999,N/A,-9999
1340,419.045866,419.0458190032545,419.0455642244091,1212745.5,-9999,255632.9,12.07,-1,0.6079979534023935,0.93512544247949,0,0.5610752654876939,17,0.6,0.25,N4 S1 O5,de-protonated,0,-9999,C20 H12 O5 N4 S1,20,12,5,4,-9999,1,-9999,N/A,-9999,-9999,N/A,-9999
1341,419.061253,419.06120601545194,419.0608203656992,1702991.3,-9999,246809.6,17.64,-1,0.920271554973282,0.8575559585097726,0,0.5145335751058635,21,0.5,0.08333333333333333,N4 S1 O2,de-protonated,0,-9999,C24 H12 O2 N4 S1,24,12,2,4,-9999,1,-9999,N/A,-9999,-9999,N/A,-9999
1341,419.061253,419.06120601545194,419.06095330742903,1702991.3,-9999,246809.6,17.64,-1,0.6030340477164285,0.9361460052495908,0,0.5616876031497545,8,1.3076923076923077,0.7692307692307693,N4 P1 O10,de-protonated,0,-9999,C13 H17 O10 N4 P1,13,17,10,4,1,-9999,-9999,N/A,-9999,-9999,N/A,-9999
1342,419.068205,419.0681580209628,419.0683473627491,1947921.8,-9999,378789.8,20.42,-1,-0.45181600437985175,0.9636370900831502,0,0.5781822540498901,7,1.4,0.5333333333333333,N2 S1 P1 O8,de-protonated,0,-9999,C15 H21 O8 N2 P1 S1,15,21,8,2,1,1,-9999,N/A,-9999,-9999,N/A,-9999
1343,419.069637,419.069590022098,419.0698681912991,4917330.5,-9999,285039.7,54.15,-1,-0.663777623346141,0.4615829021870389,0.7939170211058493,0.594516549754563,15,0.875,0.04166666666666666,S2 P1 O1,de-protonated,0,-9999,C24 H21 O1 P1 S2,24,21,1,-9999,1,2,-9999,N/A,-9999,-9999,N/A,-9999
1343,419.069637,419.069590022098,419.0691955159191,4917330.5,-9999,285039.7,54.15,-1,0.9413867283208815,0.8514611086815271,0,0.5108766652089163,8,1.2307692307692308,0.9230769230769232,N4 O12,de-protonated,0,-9999,C13 H16 O12 N4,13,16,12,4,-9999,-9999,-9999,N/A,-9999,-9999,N/A,-9999
1344,419.078443,419.0783960290786,419.07811039978907,1461077.6,-9999,469162.3,14.89,-1,0.6815657569163213,0.9191658550108324,0,0.5514995130064994,15,0.8333333333333334,0.125,S2 O3,de-protonated,0,-9999,C24 H20 O3 S2,24,20,3,-9999,-9999,2,-9999,N/A,-9999,-9999,N/A,-9999
1344,419.078443,419.0783960290786,419.0782433415191,1461077.6,-9999,469162.3,14.89,-1,0.3643414133367383,0.9762014158466524,0,0.5857208495079915,2,1.9230769230769231,0.8461538461538461,S1 P1 O11,de-protonated,0,-9999,C13 H25 O11 P1 S1,13,25,11,-9999,1,1,-9999,N/A,-9999,-9999,N/A,-9999
1344,419.078443,419.0783960290786,419.0785784304391,1461077.6,-9999,469162.3,14.89,-1,-0.4352438180015461,0.9662109173594688,0,0.5797265504156813,21,0.5,0.16666666666666666,N4 O4,de-protonated,0,-9999,C24 H12 O4 N4,24,12,4,4,-9999,-9999,-9999,N/A,-9999,-9999,N/A,-9999
1345,419.082716,419.08266903246584,419.08260118243913,1420631.1,-9999,304117.9,14.43,-1,0.16190132092935747,0.9952551527133108,0,0.5971530916279865,25,0.41379310344827586,0.06896551724137931,N2 O2,de-protonated,0,-9999,C29 H12 O2 N2,29,12,2,2,-9999,-9999,-9999,N/A,-9999,-9999,N/A,-9999
1345,419.082716,419.08266903246584,419.0829520553591,1420631.1,-9999,304117.9,14.43,-1,-0.6753385979281515,0.9205761821711452,0,0.5523457093026872,2,2.272727272727273,0.6363636363636364,N4 S2 P1 O7,de-protonated,0,-9999,C11 H25 O7 N4 P1 S2,11,25,7,4,1,2,-9999,N/A,-9999,-9999,N/A,-9999
1346,419.097418,419.0973710441202,419.0972058750491,1465180.6,-9999,304443.7,14.94,-1,0.3941068296538027,0.9722107811362136,0,0.5833264686817282,20,0.64,0.04,N4 S1 O1,de-protonated,0,-9999,C25 H16 O1 N4 S1,25,16,1,4,-9999,1,-9999,N/A,-9999,-9999,N/A,-9999
1346,419.097418,419.0973710441202,419.0973388167791,1465180.6,-9999,304443.7,14.94,-1,0.07689703119577186,0.9989276414701846,0,0.5993565848821107,7,1.5,0.6428571428571429,N4 P1 O9,de-protonated,0,-9999,C14 H21 O9 N4 P1,14,21,9,4,1,-9999,-9999,N/A,-9999,-9999,N/A,-9999
1347,419.104543,419.1044960497683,419.10473287209913,2796895.3,-9999,385864.9,30.06,-1,-0.5650671831817966,0.9437096514664728,0,0.5662257908798837,6,1.5625,0.4375,N2 S1 P1 O7,de-protonated,0,-9999,C16 H25 O7 N2 P1 S1,16,25,7,2,1,1,-9999,N/A,-9999,-9999,N/A,-9999
1348,419.106044,419.10599705095814,419.10558102526903,7096928,-9999,240679.3,78.9,-1,0.992651274382333,0.418140059266407,0.8684926696514785,0.5982811034204356,7,1.4285714285714286,0.7857142857142857,N4 O11,de-protonated,0,-9999,C14 H20 O11 N4,14,20,11,4,-9999,-9999,-9999,N/A,-9999,-9999,N/A,-9999
1349,419.118127,419.1180800605365,419.11833524310913,1285476.4,-9999,495699.1,12.9,-1,-0.6088556649253831,0.9349483654771532,0,0.560969019286292,15,0.9090909090909092,0.13636363636363635,N4 S1 O3,de-protonated,0,-9999,C22 H20 O3 N4 S1,22,20,3,4,-9999,1,-9999,N/A,-9999,-9999,N/A,-9999
1350,419.119054,419.1190070612713,419.1189866917891,3080292.8,-9999,310632.3,33.28,-1,0.04860071440065629,0.4997857523456925,0.7550179348240812,0.6018786253370481,24,0.5333333333333333,0.03333333333333333,N2 O1,de-protonated,0,-9999,C30 H16 O1 N2,30,16,1,2,-9999,-9999,-9999,N/A,-9999,-9999,N/A,-9999
1350,419.119054,419.1190070612713,419.11933756470904,3080292.8,-9999,310632.3,33.28,-1,-0.7885664252928379,0.8933011615018648,0,0.5359806969011188,1,2.4166666666666665,0.5,N4 S2 P1 O6,de-protonated,0,-9999,C12 H29 O6 N4 P1 S2,12,29,6,4,1,2,-9999,N/A,-9999,-9999,N/A,-9999
1351,419.135283,419.1352360741361,419.1356252771991,1699946.8,-9999,422222.7,17.6,-1,-0.928585019998136,0.855167618668503,0,0.5131005712011018,9,1.2727272727272727,0.18181818181818185,S2 O4,de-protonated,0,-9999,C22 H28 O4 S2,22,28,4,-9999,-9999,2,-9999,N/A,-9999,-9999,N/A,-9999
1351,419.135283,419.1352360741361,419.1352451546791,1699946.8,-9999,422222.7,17.6,-1,-0.02166494732678869,0.9999148370670764,0,0.5999489022402458,14,1.0416666666666667,0.04166666666666666,N2 S1 P1 O1,de-protonated,0,-9999,C24 H25 O1 N2 P1 S1,24,25,1,2,1,1,-9999,N/A,-9999,-9999,N/A,-9999
1352,419.137504,419.1374570758967,419.1377470781291,1327723.5,-9999,376092.1,13.38,-1,-0.6919019688396523,0.9168011970018232,0,0.5500807182010938,10,1.25,0.3,N2 P1 O6,de-protonated,0,-9999,C20 H25 O6 N2 P1,20,25,6,2,1,-9999,-9999,N/A,-9999,-9999,N/A,-9999
1352,419.137504,419.1374570758967,419.1370956294491,1327723.5,-9999,376092.1,13.38,-1,0.8623585250589707,0.8737713647713453,0,0.5242628188628071,1,2.4166666666666665,0.6666666666666666,N4 S1 P1 O8,de-protonated,0,-9999,C12 H29 O8 N4 P1 S1,12,29,8,4,1,1,-9999,N/A,-9999,-9999,N/A,-9999
1353,419.138788,419.1387410769145,419.1386164579991,4477548,-9999,426327.1,49.15,-1,0.2973214838376694,0.4920439406670149,0.8149093904448101,0.6211901205781329,9,1.380952380952381,0.04761904761904761,N2 S2 P1 O1,de-protonated,0,-9999,C21 H29 O1 N2 P1 S2,21,29,1,2,1,2,-9999,N/A,-9999,-9999,N/A,-9999
1354,419.140217,419.14017007804733,419.14011605984905,8621677,-9999,270684.5,96.22,-1,0.12887861651614882,0.989755486443208,0.922875601031654,0.9630035322785864,19,0.7407407407407407,0.1111111111111111,N2 O3,de-protonated,0,-9999,C27 H20 O3 N2,27,20,3,2,-9999,-9999,-9999,N/A,-9999,-9999,N/A,-9999
1355,419.142426,419.1423790797985,419.1419665346191,8472173,-9999,301862.1,94.52,-1,0.9842612105135724,0.4194003826747379,0.8604105061749867,0.5958044320748375,6,1.6,0.6666666666666666,N4 O10,de-protonated,0,-9999,C15 H24 O10 N4,15,24,10,4,-9999,-9999,-9999,N/A,-9999,-9999,N/A,-9999
1356,419.155592,419.1555450902353,419.1558852653891,2919538.3,-9999,280233,31.46,-1,-0.8115719373050926,0.8873542490871738,0,0.5324125494523042,5,1.5555555555555556,0.6111111111111112,O11,de-protonated,0,-9999,C18 H28 O11,18,28,11,-9999,-9999,-9999,-9999,N/A,-9999,-9999,N/A,-9999
1357,419.177411,419.1773641075314,419.1770146334491,2529146.3,-9999,402548.1,27.02,-1,0.8337148032218831,0.8815078070941964,0,0.5289046842565178,0,2.1333333333333333,0.8666666666666667,O13,de-protonated,0,-9999,C15 H32 O13,15,32,13,-9999,-9999,-9999,-9999,N/A,-9999,-9999,N/A,-9999
1357,419.177411,419.1773641075314,419.1775038907991,2529146.3,-9999,402548.1,27.02,-1,-0.3334703470174639,0.9800246618112104,0,0.5880147970867261,4,1.8333333333333333,0.2777777777777778,N2 S1 P1 O5,de-protonated,0,-9999,C18 H33 O5 N2 P1 S1,18,33,5,2,1,1,-9999,N/A,-9999,-9999,N/A,-9999
1358,419.17871,419.1786631085611,419.17835204396914,5461627,-9999,287823.7,60.33,-1,0.7420817188351345,0.9065736367231472,0.9030886767228302,0.9051796527230204,5,1.75,0.5625,N4 O9,de-protonated,0,-9999,C16 H28 O9 N4,16,28,9,4,-9999,-9999,-9999,N/A,-9999,-9999,N/A,-9999
1359,419.192015,419.1919681191081,419.1922707747391,1474943.8,-9999,338982.8,15.05,-1,-0.7219971647948822,0.909749898427044,0,0.5458499390562264,4,1.6842105263157894,0.5263157894736842,O10,de-protonated,0,-9999,C19 H32 O10,19,32,10,-9999,-9999,-9999,-9999,N/A,-9999,-9999,N/A,-9999
1360,419.215081,419.2150341373927,419.21473755331914,1689736.4,-9999,385901,17.49,-1,0.7074753032249897,0.9131830430585984,0,0.547909825835159,4,1.8823529411764703,0.4705882352941176,N4 O8,de-protonated,0,-9999,C17 H32 O8 N4,17,32,8,4,-9999,-9999,-9999,N/A,-9999,-9999,N/A,-9999
1361,420.109514,420.1094678464174,420.10974488133905,1630677.4,-9999,390757.1,16.81,-1,-0.6594346478645624,0.924128916564092,0,0.5544773499384552,14,0.9583333333333334,0.08333333333333333,N1 S2 O2,de-protonated,0,-9999,C24 H23 O2 N1 S2,24,23,2,1,-9999,2,-9999,N/A,-9999,-9999,N/A,-9999
1361,420.109514,420.1094678464174,420.1098778230691,1630677.4,-9999,390757.1,16.81,-1,-0.9758795814292364,0.8413050047195703,0,0.5047830028317422,1,2.1538461538461537,0.7692307692307693,N1 S1 P1 O10,de-protonated,0,-9999,C13 H28 O10 N1 P1 S1,13,28,10,1,1,1,-9999,N/A,-9999,-9999,N/A,-9999
1362,420.143648,420.1436018734757,420.14376140896906,1508322.1,-9999,314316.1,15.42,-1,-0.3797164399918581,0.974177161050668,0,0.5845062966304009,4,1.7777777777777777,0.2222222222222222,N1 S2 P1 O4,de-protonated,0,-9999,C18 H32 O4 N1 P1 S2,18,32,4,1,1,2,-9999,N/A,-9999,-9999,N/A,-9999
1362,420.143648,420.1436018734757,420.14347089491906,1508322.1,-9999,314316.1,15.42,-1,0.31174721422511076,0.982520243771494,0.922875601031654,0.958662386675558,19,0.7692307692307693,0.1153846153846154,13C1 N2 O3,de-protonated,1,1354,C26 H20 O3 N2 13C1,26,20,3,2,-9999,-9999,1,N/A,-9999,-9999,N/A,-9999
1363,420.145942,420.1458958752942,420.1461303906891,1778659,-9999,411394.6,18.49,-1,-0.5581757821219938,0.9450360635999552,0,0.567021638159973,13,1.08,0.04,N1 S2 O1,de-protonated,0,-9999,C25 H27 O1 N1 S2,25,27,1,1,-9999,2,-9999,N/A,-9999,-9999,N/A,-9999
1363,420.145942,420.1458958752942,420.1462633324191,1778659,-9999,411394.6,18.49,-1,-0.8745933428253398,0.8704085738171059,0,0.5222451442902635,0,2.2857142857142856,0.6428571428571429,N1 S1 P1 O9,de-protonated,0,-9999,C14 H32 O9 N1 P1 S1,14,32,9,1,1,1,-9999,N/A,-9999,-9999,N/A,-9999
1364,420.182059,420.1820129039244,420.18164652016907,1766896.5,-9999,403611,18.36,-1,0.871965156968236,0.8711338394082727,0,0.5226803036449637,13,1.08,0.2,N1 O5,de-protonated,0,-9999,C25 H27 O5 N1,25,27,5,1,-9999,-9999,-9999,N/A,-9999,-9999,N/A,-9999
1364,420.182059,420.1820129039244,420.1817068790391,1766896.5,-9999,403611,18.36,-1,0.7283155842411356,0.9082384791651148,0.9030886767228302,0.906178558188201,5,1.8666666666666667,0.6,13C1 N4 O9,de-protonated,1,1358,C15 H28 O9 N4 13C1,15,28,9,4,-9999,-9999,1,N/A,-9999,-9999,N/A,-9999
1370,421.040468,421.04042258439256,421.0400849208091,2025393.6,-9999,233952.4,21.29,-1,0.8019749082638098,0.8898510247813528,0,0.5339106148688116,21,0.43478260869565216,0.13043478260869565,N4 S1 O3,de-protonated,0,-9999,C23 H10 O3 N4 S1,23,10,3,4,-9999,1,-9999,N/A,-9999,-9999,N/A,-9999
1370,421.040468,421.04042258439256,421.04021786253907,2025393.6,-9999,233952.4,21.29,-1,0.48622873732092303,0.9580092884621482,0,0.5748055730772889,8,1.25,0.9166666666666666,N4 P1 O11,de-protonated,0,-9999,C12 H15 O11 N4 P1,12,15,11,4,1,-9999,-9999,N/A,-9999,-9999,N/A,-9999
1371,421.047362,421.04731658985753,421.0474789761291,1517364.3,-9999,509971.2,15.52,-1,-0.3856721146799133,0.9733717360438964,0,0.5840230416263378,20,0.56,0.04,N2 S2 O1,de-protonated,0,-9999,C25 H14 O1 N2 S2,25,14,1,2,-9999,2,-9999,N/A,-9999,-9999,N/A,-9999
1371,421.047362,421.04731658985753,421.0476119178591,1517364.3,-9999,509971.2,15.52,-1,-0.7014123657875265,0.9145995141942612,0,0.5487597085165568,7,1.3571428571428572,0.6428571428571429,N2 S1 P1 O9,de-protonated,0,-9999,C14 H19 O9 N2 P1 S1,14,19,9,2,1,1,-9999,N/A,-9999,-9999,N/A,-9999
1372,421.048637,421.0485915908682,421.0482633665391,2917812.8,-9999,228613.8,31.43,-1,0.7795408689855687,0.8955981522521834,0,0.53735889135131,16,0.6818181818181818,0.3181818181818182,P1 O7,de-protonated,0,-9999,C22 H15 O7 P1,22,15,7,-9999,1,-9999,-9999,N/A,-9999,-9999,N/A,-9999
1373,421.05763,421.05758459799705,421.05737495489905,1514552,-9999,269343.6,15.49,-1,0.4978967486928684,0.9560153189435292,0,0.5736091913661174,15,0.782608695652174,0.17391304347826086,S2 O4,de-protonated,0,-9999,C23 H18 O4 S2,23,18,4,-9999,-9999,2,-9999,N/A,-9999,-9999,N/A,-9999
1373,421.05763,421.05758459799705,421.0578429855491,1514552,-9999,269343.6,15.49,-1,-0.6136628407277721,0.9339519158071804,0,0.5603711494843082,21,0.43478260869565216,0.21739130434782608,N4 O5,de-protonated,0,-9999,C23 H10 O5 N4,23,10,5,4,-9999,-9999,-9999,N/A,-9999,-9999,N/A,-9999
1374,421.076616,421.0765706130474,421.07647043015913,1635903.1,-9999,255744,16.87,-1,0.23792088922141377,0.9897814203472076,0,0.5938688522083245,20,0.5833333333333334,0.08333333333333333,N4 S1 O2,de-protonated,0,-9999,C24 H14 O2 N4 S1,24,14,2,4,-9999,1,-9999,N/A,-9999,-9999,N/A,-9999
1374,421.076616,421.0765706130474,421.07660337188906,1635903.1,-9999,255744,16.87,-1,-0.0777978196674833,0.9989023845119483,0,0.5993414307071689,7,1.4615384615384617,0.7692307692307693,N4 P1 O10,de-protonated,0,-9999,C13 H19 O10 N4 P1,13,19,10,4,1,-9999,-9999,N/A,-9999,-9999,N/A,-9999
1375,421.081377,421.0813316168215,421.08100624640906,1241409,-9999,633821.9,12.39,-1,0.7727026572412191,0.8973247362504357,0,0.5383948417502614,6,1.375,0.6875,S1 O11,de-protonated,0,-9999,C16 H22 O11 S1,16,22,11,-9999,-9999,1,-9999,N/A,-9999,-9999,N/A,-9999
1375,421.081377,421.0813316168215,421.0814955037591,1241409,-9999,633821.9,12.39,-1,-0.3892047960336345,0.9728883858533164,0,0.5837330315119899,10,1.2105263157894737,0.15789473684210523,N2 S2 P1 O3,de-protonated,0,-9999,C19 H23 O3 N2 P1 S2,19,23,3,2,1,2,-9999,N/A,-9999,-9999,N/A,-9999
1376,421.082406,421.0823606176372,421.0821469524391,1444161.4,-9999,451406.5,14.69,-1,0.507419276006616,0.9543561279788252,0,0.5726136767872951,19,0.7037037037037037,0.03703703703703703,S1 P1 O1,de-protonated,0,-9999,C27 H19 O1 P1 S1,27,19,1,-9999,1,1,-9999,N/A,-9999,-9999,N/A,-9999
1376,421.082406,421.0823606176372,421.08234365692914,1444161.4,-9999,451406.5,14.69,-1,0.0402788393675287,0.9997056637164848,0,0.5998233982298908,11,1.0588235294117647,0.4117647058823529,N4 S1 O7,de-protonated,0,-9999,C17 H18 O7 N4 S1,17,18,7,4,-9999,1,-9999,N/A,-9999,-9999,N/A,-9999
1377,421.083928,421.08388261884375,421.0839974272091,3672898,-9999,417838.6,40,-1,-0.2726495570217595,0.9866020693827144,0,0.5919612416296286,6,1.5333333333333334,0.5333333333333333,N2 S1 P1 O8,de-protonated,0,-9999,C15 H23 O8 N2 P1 S1,15,23,8,2,1,1,-9999,N/A,-9999,-9999,N/A,-9999
1378,421.085189,421.08514361984334,421.08551825575904,8155458.5,-9999,286072.5,90.92,-1,-0.8896908097354962,0.924485464742788,0.991588277500618,0.95132658984592,14,0.9583333333333334,0.04166666666666666,S2 P1 O1,de-protonated,0,-9999,C24 H23 O1 P1 S2,24,23,1,-9999,1,2,-9999,N/A,-9999,-9999,N/A,-9999
1378,421.085189,421.08514361984334,421.08484558037907,8155458.5,-9999,286072.5,90.92,-1,0.7077895758948748,0.4565546739899825,0.8767281105990777,0.6246240486336205,7,1.3846153846153846,0.9230769230769232,N4 O12,de-protonated,0,-9999,C13 H18 O12 N4,13,18,12,4,-9999,-9999,-9999,N/A,-9999,-9999,N/A,-9999
1379,421.116316,421.1162706445179,421.1162272428291,1413710,-9999,297541.6,14.34,-1,0.10306344422658058,0.998074494879092,0,0.5988446969274552,14,1,0.04545454545454545,N4 S2 O1,de-protonated,0,-9999,C22 H22 O1 N4 S2,22,22,1,4,-9999,2,-9999,N/A,-9999,-9999,N/A,-9999
1379,421.116316,421.1162706445179,421.116360184559,1413710,-9999,297541.6,14.34,-1,-0.21262541553798975,0.991830337965592,0,0.5950982027793552,1,2.4545454545454546,0.8181818181818182,N4 S1 P1 O9,de-protonated,0,-9999,C11 H27 O9 N4 P1 S1,11,27,9,4,1,1,-9999,N/A,-9999,-9999,N/A,-9999
1380,421.120299,421.1202536476753,421.1203829365591,5477711.5,-9999,420663.4,60.5,-1,-0.3070116978956731,0.4915213798879622,0.8524773804394659,0.6359037801085636,5,1.6875,0.4375,N2 S1 P1 O7,de-protonated,0,-9999,C16 H27 O7 N2 P1 S1,16,27,7,2,1,1,-9999,N/A,-9999,-9999,N/A,-9999
1381,421.121691,421.1216456487788,421.12123108972906,13624656,-9999,299744.6,153.04,-1,0.984417358021209,0.41937698997164147,0.8684926696514785,0.5990232618435762,6,1.5714285714285714,0.7857142857142857,N4 O11,de-protonated,0,-9999,C14 H22 O11 N4,14,22,11,4,-9999,-9999,-9999,N/A,-9999,-9999,N/A,-9999
1382,421.129705,421.12965965513155,421.1292765937291,1253971.1,-9999,379863.7,12.53,-1,0.9096052535917276,0.8605983931616431,0,0.5163590358969858,14,0.9166666666666666,0.2916666666666667,O7,de-protonated,0,-9999,C24 H22 O7,24,22,7,-9999,-9999,-9999,-9999,N/A,-9999,-9999,N/A,-9999
1383,421.13066,421.13061465588856,421.1302789153291,1989715.5,-9999,280871.8,20.89,-1,0.7972368083888931,0.8910753023496585,0,0.5346451814097951,0,2.2142857142857144,0.7142857142857143,S1 P1 O10,de-protonated,0,-9999,C14 H31 O10 P1 S1,14,31,10,-9999,1,1,-9999,N/A,-9999,-9999,N/A,-9999
1383,421.13066,421.13061465588856,421.13061400424914,1989715.5,-9999,280871.8,20.89,-1,0.0015473570512735,0.9999995655549928,0,0.5999997393329956,19,0.72,0.12,N4 O3,de-protonated,0,-9999,C25 H18 O3 N4,25,18,3,4,-9999,-9999,-9999,N/A,-9999,-9999,N/A,-9999
1384,421.134622,421.1345766590293,421.1346367562491,1550676.9,-9999,365398.5,15.9,-1,-0.14270310391186664,0.996311765348879,0,0.5977870592093274,23,0.6,0.03333333333333333,N2 O1,de-protonated,0,-9999,C30 H18 O1 N2,30,18,1,2,-9999,-9999,-9999,N/A,-9999,-9999,N/A,-9999
1385,421.135693,421.13564765987826,421.1360192003691,1711701.4,-9999,303744,17.73,-1,-0.8822339432083298,0.8682911647880592,0,0.5209746988728355,4,1.6666666666666667,0.3888888888888889,S2 O7,de-protonated,0,-9999,C18 H30 O7 S2,18,30,7,-9999,-9999,2,-9999,N/A,-9999,-9999,N/A,-9999
1385,421.135693,421.13564765987826,421.1356390778491,1711701.4,-9999,303744,17.73,-1,0.02037830187043099,0.9999246517016646,0,0.5999547910209987,9,1.35,0.2,N2 S1 P1 O4,de-protonated,0,-9999,C20 H27 O4 N2 P1 S1,20,27,4,2,1,1,-9999,N/A,-9999,-9999,N/A,-9999
1386,421.1374,421.1373546612314,421.137356610889,2819926,-9999,316833.4,30.32,-1,-0.0046295053469202,0.999996111141297,0,0.5999976666847782,9,1.368421052631579,0.15789473684210523,N4 S2 O3,de-protonated,0,-9999,C19 H26 O3 N4 S2,19,26,3,4,-9999,2,-9999,N/A,-9999,-9999,N/A,-9999
1388,421.156741,421.1566956765632,421.1567684459091,4091869.3,-9999,329057.1,44.76,-1,-0.17278446253066296,0.4972987956652817,0.8446892076502734,0.6362549604592784,4,1.8235294117647056,0.35294117647058826,N2 S1 P1 O6,de-protonated,0,-9999,C17 H31 O6 N2 P1 S1,17,31,6,2,1,1,-9999,N/A,-9999,-9999,N/A,-9999
1389,421.158122,421.1580766776579,421.15848597894905,12074334,-9999,320491,135.43,-1,-0.9718462402370812,0.28083502773491786,0.7920574028670164,0.48532397778775727,4,1.875,0.3125,N4 S2 O5,de-protonated,0,-9999,C16 H30 O5 N4 S2,16,30,5,4,-9999,2,-9999,N/A,-9999,-9999,N/A,-9999
1390,421.161639,421.1615936804459,421.16163935107903,4062943,-9999,277394.4,44.43,-1,-0.10843967938853533,0.4989342949077898,0.8221557383861047,0.6282228722991158,9,1.3,0.4,N2 O8,de-protonated,0,-9999,C20 H26 O8 N2,20,26,8,2,-9999,-9999,-9999,N/A,-9999,-9999,N/A,-9999
1391,421.162909,421.1628636814526,421.1631601796291,9574752,-9999,301693.1,107.04,-1,-0.7039983656857316,0.945293130566986,0.9307979254989612,0.939495048539776,17,0.896551724137931,0.03448275862068965,S1 O1,de-protonated,0,-9999,C29 H26 O1 S1,29,26,1,-9999,-9999,1,-9999,N/A,-9999,-9999,N/A,-9999
1391,421.162909,421.1628636814526,421.162508730949,9574752,-9999,301693.1,107.04,-1,0.842787513721896,0.2930260927989127,0.7595243993404504,0.4796254154155278,8,1.4285714285714286,0.14285714285714285,N2 S2 O3,de-protonated,0,-9999,C21 H30 O3 N2 S2,21,30,3,2,-9999,2,-9999,N/A,-9999,-9999,N/A,-9999
1392,421.171175,421.1711296880052,421.17153532984906,1784930.6,-9999,358574.7,18.56,-1,-0.9631273955062029,0.8450880882149217,0,0.507052852928953,4,1.6666666666666667,0.6111111111111112,O11,de-protonated,0,-9999,C18 H30 O11,18,30,11,-9999,-9999,-9999,-9999,N/A,-9999,-9999,N/A,-9999
1393,421.194368,421.1943227063904,421.19400210842906,5079403.5,-9999,298867,55.98,-1,0.7611645934459476,0.45010545236872074,0.8524773804394659,0.6110542235970188,4,1.875,0.5625,N4 O9,de-protonated,0,-9999,C16 H30 O9 N4,16,30,9,4,-9999,-9999,-9999,N/A,-9999,-9999,N/A,-9999
1395,421.234187,421.2341417379553,421.2344103697791,9196922,-9999,299647,102.75,-1,-0.6377252597243822,0.8900991561190044,0.9944703418454371,0.9318476304095776,7,1.5454545454545454,0.2727272727272727,N2 O6,de-protonated,0,-9999,C22 H34 O6 N2,22,34,6,2,-9999,-9999,-9999,N/A,-9999,-9999,N/A,-9999
1396,422.088787,422.08874241540406,422.0888730908291,2009275.8,-9999,458905.5,21.1,-1,-0.30959220530516146,0.9827589842576188,0.991588277500618,0.9862907015548183,14,1,0.04347826086956521,13C1 S2 P1 O1,de-protonated,1,1378,C23 H23 O1 P1 S2 13C1,23,23,1,-9999,1,2,1,N/A,-9999,-9999,N/A,-9999
1396,422.088787,422.08874241540406,422.0890094364491,2009275.8,-9999,458905.5,21.1,-1,-0.6326178579958791,0.929957181042616,0,0.5579743086255695,14,0.9130434782608696,0.13043478260869565,N1 S2 O3,de-protonated,0,-9999,C23 H21 O3 N1 S2,23,21,3,1,-9999,2,-9999,N/A,-9999,-9999,N/A,-9999
1396,422.088787,422.08874241540406,422.0891423781791,2009275.8,-9999,458905.5,21.1,-1,-0.9475789231793555,0.8496559036607548,0,0.5097935421964529,1,2.1666666666666665,0.9166666666666666,N1 S1 P1 O11,de-protonated,0,-9999,C12 H26 O11 N1 P1 S1,12,26,11,1,1,1,-9999,N/A,-9999,-9999,N/A,-9999
1397,422.11666,422.1166154374992,422.1162833574391,1218502.3,-9999,374768.5,12.12,-1,0.7867027954080286,0.8937771339959252,0,0.5362662803975551,14,0.9565217391304348,0.21739130434782608,N1 P1 O5,de-protonated,0,-9999,C23 H22 O5 N1 P1,23,22,5,1,1,-9999,-9999,N/A,-9999,-9999,N/A,-9999
1398,422.125108,422.125063444196,422.1253949457991,2939593.3,-9999,314096.7,31.67,-1,-0.7853154702988536,0.9183586204473202,0.7558917433513758,0.8533718696089425,13,1.0416666666666667,0.08333333333333333,N1 S2 O2,de-protonated,0,-9999,C24 H25 O2 N1 S2,24,25,2,1,-9999,2,-9999,N/A,-9999,-9999,N/A,-9999
1399,422.161461,422.16141647301333,422.16178045514914,2380503,-9999,266457.1,25.32,-1,-0.862186376551696,0.8738184344356777,0,0.5242910606614066,12,1.16,0.04,N1 S2 O1,de-protonated,0,-9999,C25 H29 O1 N1 S2,25,29,1,1,-9999,2,-9999,N/A,-9999,-9999,N/A,-9999
1400,422.166407,422.16636247693407,422.1665150146991,1955033,-9999,299699.6,20.49,-1,-0.3613213260481175,0.9765896859342372,0.9307979254989612,0.9582729817601268,17,0.9285714285714286,0.03571428571428571,13C1 S1 O1,de-protonated,1,1391,C28 H26 O1 S1 13C1,28,26,1,-9999,-9999,1,1,N/A,-9999,-9999,N/A,-9999
1400,422.166407,422.16636247693407,422.16678430204905,1955033,-9999,299699.6,20.49,-1,-0.9991906769289348,0.8343059445163897,0,0.5005835667098338,4,1.7058823529411764,0.6470588235294118,N1 O11,de-protonated,0,-9999,C17 H29 O11 N1,17,29,11,1,-9999,-9999,-9999,N/A,-9999,-9999,N/A,-9999
1401,422.237412,422.2373675332204,422.23705339729906,2110963.8,-9999,342595.1,22.26,-1,0.7439799960402594,0.9044457271330334,0,0.5426674362798201,6,1.608695652173913,0.17391304347826086,N1 S1 O4,de-protonated,0,-9999,C23 H37 O4 N1 S1,23,37,4,1,-9999,1,-9999,N/A,-9999,-9999,N/A,-9999
1401,422.237412,422.2373675332204,422.2377652048491,2110963.8,-9999,342595.1,22.26,-1,-0.9418191869348024,0.8513352946967128,0.9944703418454371,0.9085893135562024,7,1.619047619047619,0.2857142857142857,13C1 N2 O6,de-protonated,1,1395,C21 H34 O6 N2 13C1,21,34,6,2,-9999,-9999,1,N/A,-9999,-9999,N/A,-9999
1405,422.943933,422.9438890932856,422.9442094754991,1409022.8,-9999,471714.4,14.28,-1,-0.7575046691977609,0.9011192530536348,0,0.5406715518321809,14,0.38461538461538464,0.6923076923076923,N4 S1 P1 O9,de-protonated,0,-9999,C13 H5 O9 N4 P1 S1,13,5,9,4,1,1,-9999,N/A,-9999,-9999,N/A,-9999
1406,423.056165,423.05612118225287,423.0557349852691,1456169.1,-9999,274628.6,14.82,-1,0.9128749519678868,0.85966837784217,0,0.5158010267053019,20,0.5217391304347826,0.13043478260869565,N4 S1 O3,de-protonated,0,-9999,C23 H12 O3 N4 S1,23,12,3,4,-9999,1,-9999,N/A,-9999,-9999,N/A,-9999
1406,423.056165,423.05612118225287,423.05586792699904,1456169.1,-9999,274628.6,14.82,-1,0.5986331192263169,0.9370447457459524,0,0.5622268474475715,7,1.4166666666666667,0.9166666666666666,N4 P1 O11,de-protonated,0,-9999,C12 H17 O11 N4 P1,12,17,11,4,1,-9999,-9999,N/A,-9999,-9999,N/A,-9999
1407,423.063144,423.0631001877852,423.06312904058905,2786347.8,-9999,418094.3,29.93,-1,-0.06819975993235372,0.4995782002920406,0.7871578612348809,0.6146100646691767,19,0.64,0.04,N2 S2 O1,de-protonated,0,-9999,C25 H16 O1 N2 S2,25,16,1,2,-9999,2,-9999,N/A,-9999,-9999,N/A,-9999
1407,423.063144,423.0631001877852,423.06326198231915,2786347.8,-9999,418094.3,29.93,-1,-0.38243579265072425,0.9738108775365656,0,0.5842865265219392,6,1.5,0.6428571428571429,N2 S1 P1 O9,de-protonated,0,-9999,C14 H21 O9 N2 P1 S1,14,21,9,2,1,1,-9999,N/A,-9999,-9999,N/A,-9999
1408,423.064506,423.06446218886487,423.06478281086913,6614060.5,-9999,303353.8,73.4,-1,-0.7578555750654697,0.4505161563236735,0.8007932653391622,0.590626999929869,14,0.9130434782608696,0.08695652173913043,S2 P1 O2,de-protonated,0,-9999,C23 H21 O2 P1 S2,23,21,2,-9999,1,2,-9999,N/A,-9999,-9999,N/A,-9999
1409,423.092896,423.09285221136986,423.0931228162191,1284663.1,-9999,341408.4,12.87,-1,-0.6395869718203364,0.9284623156431634,0,0.557077389385898,5,1.7857142857142858,0.35714285714285715,N4 S2 P1 O5,de-protonated,0,-9999,C14 H25 O5 N4 P1 S2,14,25,5,4,1,2,-9999,N/A,-9999,-9999,N/A,-9999
1410,423.095737,423.0956932136219,423.09549179793913,1518904.3,-9999,440909.7,15.53,-1,0.47605253825679017,0.959713003921568,0,0.5758278023529407,14,0.9523809523809524,0.09523809523809525,N4 S2 O2,de-protonated,0,-9999,C21 H20 O2 N4 S2,21,20,2,4,-9999,2,-9999,N/A,-9999,-9999,N/A,-9999
1411,423.100909,423.10086521772183,423.1011683202191,14714938,-9999,305539,165.41,-1,-0.7163830306706357,0.30369462738856284,0.7412565550906045,0.4787193984693795,13,1.0416666666666667,0.04166666666666666,S2 P1 O1,de-protonated,0,-9999,C24 H25 O1 P1 S2,24,25,1,-9999,1,2,-9999,N/A,-9999,-9999,N/A,-9999
1411,423.100909,423.10086521772183,423.1004956448391,14714938,-9999,305539,165.41,-1,0.873487236570519,0.9056209250707296,0.9907137574198316,0.9396580580103704,6,1.5384615384615383,0.9230769230769232,N4 O12,de-protonated,0,-9999,C13 H20 O12 N4,13,20,12,4,-9999,-9999,-9999,N/A,-9999,-9999,N/A,-9999
1412,423.111994,423.11195022650895,423.11191245215906,1211710.4,-9999,425344.4,12.04,-1,0.08927744357913162,0.9985548154395544,0,0.5991328892637325,9,1.2,0.4,S1 O8,de-protonated,0,-9999,C20 H24 O8 S1,20,24,8,-9999,-9999,1,-9999,N/A,-9999,-9999,N/A,-9999
1412,423.111994,423.11195022650895,423.1115323296391,1211710.4,-9999,425344.4,12.04,-1,0.9876754423628238,0.8377766865666842,0,0.5026660119400105,14,0.9545454545454546,0.2272727272727273,N2 P1 O5,de-protonated,0,-9999,C22 H21 O5 N2 P1,22,21,5,2,1,-9999,-9999,N/A,-9999,-9999,N/A,-9999
1413,423.128552,423.1285082396347,423.1287497808691,2406980.8,-9999,294195.5,25.62,-1,-0.5708457167801856,0.9425863500674224,0.7558917433513758,0.8679085073810038,13,1.0869565217391304,0.08695652173913043,13C1 N1 S2 O2,de-protonated,1,1398,C23 H25 O2 N1 S2 13C1,23,25,2,1,-9999,2,1,N/A,-9999,-9999,N/A,-9999
1413,423.128552,423.1285082396347,423.1285060039691,2406980.8,-9999,294195.5,25.62,-1,0.00528365628576257,0.9999949345055452,0,0.5999969607033271,18,0.8,0.04,N4 S1 O1,de-protonated,0,-9999,C25 H20 O1 N4 S1,25,20,1,4,-9999,1,-9999,N/A,-9999,-9999,N/A,-9999
1413,423.128552,423.1285082396347,423.12863894569904,2406980.8,-9999,294195.5,25.62,-1,-0.3089038469849851,0.9828349065170446,0,0.5897009439102268,5,1.7857142857142858,0.6428571428571429,N4 P1 O9,de-protonated,0,-9999,C14 H25 O9 N4 P1,14,25,9,4,1,-9999,-9999,N/A,-9999,-9999,N/A,-9999
1414,423.129262,423.1292182401975,423.129508325569,2198341,-9999,381718.1,23.25,-1,-0.6855711214608919,0.9182530331737344,0,0.5509518199042407,4,1.9333333333333331,0.26666666666666666,N4 S2 P1 O4,de-protonated,0,-9999,C15 H29 O4 N4 P1 S2,15,29,4,4,1,2,-9999,N/A,-9999,-9999,N/A,-9999
1415,423.132183,423.132139242513,423.1318773072891,1553478,-9999,449583.5,15.92,-1,0.6190392120750513,0.9328294719704716,0,0.559697683182283,13,1.0909090909090908,0.04545454545454545,N4 S2 O1,de-protonated,0,-9999,C22 H24 O1 N4 S2,22,24,1,4,-9999,2,-9999,N/A,-9999,-9999,N/A,-9999
1416,423.136004,423.1359602455419,423.1360330010191,8642631,-9999,472640.9,96.44,-1,-0.17194346850324843,0.9682308887165944,0.9806562239686673,0.9732010228174236,4,1.8125,0.4375,N2 S1 P1 O7,de-protonated,0,-9999,C16 H29 O7 N2 P1 S1,16,29,7,2,1,1,-9999,N/A,-9999,-9999,N/A,-9999
1417,423.137192,423.1371482464837,423.1368811541891,18866248,-9999,298041.7,212.56,-1,0.6312196041439481,0.4651277097552121,0.8684926696514785,0.6264736937137187,5,1.7142857142857142,0.7857142857142857,N4 O11,de-protonated,0,-9999,C14 H24 O11 N4,14,24,11,4,-9999,-9999,-9999,N/A,-9999,-9999,N/A,-9999
1418,423.159821,423.1597772644219,423.16018279947906,2871120.5,-9999,254174.6,30.89,-1,-0.958348808888199,0.4232486108095477,0.7675537279851021,0.5609706576797695,17,0.8571428571428571,0.14285714285714285,O4,de-protonated,0,-9999,C28 H24 O4,28,24,4,-9999,-9999,-9999,-9999,N/A,-9999,-9999,N/A,-9999
1418,423.159821,423.1597772644219,423.1595313507991,2871120.5,-9999,254174.6,30.89,-1,0.5811369107207636,0.9405609088666192,0,0.5643365453199715,8,1.4,0.3,N2 S1 O6,de-protonated,0,-9999,C20 H28 O6 N2 S1,20,28,6,2,-9999,1,-9999,N/A,-9999,-9999,N/A,-9999
1419,423.172273,423.1722292742927,423.1724185103691,3920469.3,-9999,461096.7,42.81,-1,-0.4471843345711865,0.9643654211811048,0,0.5786192527086629,3,1.9411764705882353,0.35294117647058826,N2 S1 P1 O6,de-protonated,0,-9999,C17 H33 O6 N2 P1 S1,17,33,6,2,1,1,-9999,N/A,-9999,-9999,N/A,-9999
1420,423.173677,423.1736332754056,423.1732666635391,9478230,-9999,290297.1,105.93,-1,0.8663398551037963,0.8553620437327558,0.9670569400394068,0.9000400022554162,4,1.8666666666666667,0.6666666666666666,N4 O10,de-protonated,0,-9999,C15 H28 O10 N4,15,28,10,4,-9999,-9999,-9999,N/A,-9999,-9999,N/A,-9999
1421,423.208822,423.2087783032654,423.2088040197191,1426019,-9999,508862.1,14.47,-1,-0.06076540341746631,0.9993302370469994,0,0.5995981422281996,2,2.0555555555555554,0.2777777777777778,N2 S1 P1 O5,de-protonated,0,-9999,C18 H37 O5 N2 P1 S1,18,37,5,2,1,1,-9999,N/A,-9999,-9999,N/A,-9999
1422,423.209873,423.20982930409855,423.2094554683991,2743907.5,-9999,294385.4,29.44,-1,0.8833349412039715,0.4339924793518637,0.7805128205128198,0.5726006158162461,11,1.2692307692307692,0.1153846153846154,P1 O3,de-protonated,0,-9999,C26 H33 O3 P1,26,33,3,-9999,1,-9999,-9999,N/A,-9999,-9999,N/A,-9999
1422,423.209873,423.20982930409855,423.2096521728891,2743907.5,-9999,294385.4,29.44,-1,0.4185424612725207,0.9687140775807824,0,0.5812284465484694,3,2,0.5625,N4 O9,de-protonated,0,-9999,C16 H32 O9 N4,16,32,9,4,-9999,-9999,-9999,N/A,-9999,-9999,N/A,-9999
1423,423.33449,423.3344464028835,423.3340648422291,3122322.8,-9999,306195.1,33.74,-1,0.9013228229519804,0.4314718629750714,0.8007932653391622,0.5792004239207077,4,1.9130434782608696,0.13043478260869565,N4 O3,de-protonated,0,-9999,C23 H44 O3 N4,23,44,3,4,-9999,-9999,-9999,N/A,-9999,-9999,N/A,-9999
1426,424.10414,424.1040970129916,424.103790121039,2248663.3,-9999,232002.2,22.98,-1,0.7236246402658668,0.9093616119282764,0,0.5456169671569658,14,0.8636363636363636,0.3636363636363637,N1 O8,de-protonated,0,-9999,C22 H19 O8 N1,22,19,8,1,-9999,-9999,-9999,N/A,-9999,-9999,N/A,-9999
1426,424.10414,424.1040970129916,424.1038504799091,2248663.3,-9999,232002.2,22.98,-1,0.5813035703302979,0.940527846479595,0.9907137574198316,0.9606022108556896,6,1.6666666666666667,1,13C1 N4 O12,de-protonated,1,1411,C12 H20 O12 N4 13C1,12,20,12,4,-9999,-9999,1,N/A,-9999,-9999,N/A,-9999
1428,424.139187,424.13914404077366,424.1393878360891,1731012.5,-9999,444346.6,17.31,-1,-0.5747999890836233,0.941811864379443,0.9806562239686673,0.9573496082151328,4,1.9333333333333331,0.4666666666666667,13C1 N2 S1 P1 O7,de-protonated,1,1416,C15 H29 O7 N2 P1 S1 13C1,15,29,7,2,1,1,1,N/A,-9999,-9999,N/A,-9999
1428,424.139187,424.13914404077366,424.1395241817091,1731012.5,-9999,444346.6,17.31,-1,-0.89626387956418,0.8643688226303133,0,0.518621293578188,4,1.8,0.6,N3 S1 O9,de-protonated,0,-9999,C15 H27 O9 N3 S1,15,27,9,3,-9999,1,-9999,N/A,-9999,-9999,N/A,-9999
1429,424.140765,424.14072204202455,424.1410450102591,3817413.3,-9999,282976.9,40.18,-1,-0.7614642307552226,0.4500681926080114,0.7939170211058493,0.5876077240071466,12,1.125,0.08333333333333333,N1 S2 O2,de-protonated,0,-9999,C24 H27 O2 N1 S2,24,27,2,1,-9999,2,-9999,N/A,-9999,-9999,N/A,-9999
1430,424.177083,424.17704007081414,424.17743051960906,1976275,-9999,289877.7,20,-1,-0.9204846057906184,0.8574949373703998,0,0.5144969624222399,11,1.24,0.04,N1 S2 O1,de-protonated,0,-9999,C25 H31 O1 N1 S2,25,31,1,1,-9999,2,-9999,N/A,-9999,-9999,N/A,-9999
1430,424.177083,424.17704007081414,424.1766214986091,1976275,-9999,289877.7,20,-1,0.9867875404267984,0.8380432282738487,0.9670569400394068,0.889648712980072,4,2,0.7142857142857143,13C1 N4 O10,de-protonated,1,1420,C14 H28 O10 N4 13C1,14,28,10,4,-9999,-9999,1,N/A,-9999,-9999,N/A,-9999
1435,425.035209,425.035166751058,425.0349995403791,1348634.6,-9999,379257.2,13.11,-1,0.39340449396153365,0.9723083559206792,0,0.5833850135524076,20,0.4545454545454546,0.18181818181818185,N4 S1 O4,de-protonated,0,-9999,C22 H10 O4 N4 S1,22,10,4,4,-9999,1,-9999,N/A,-9999,-9999,N/A,-9999
1436,425.042951,425.0429087571952,425.04317798610913,1311901.6,-9999,386078.9,12.71,-1,-0.6334154455558021,0.9297868081500564,0,0.5578720848900338,15,0.7142857142857143,0.380952380952381,P1 O8,de-protonated,0,-9999,C21 H15 O8 P1,21,15,8,-9999,1,-9999,-9999,N/A,-9999,-9999,N/A,-9999
1436,425.042951,425.0429087571952,425.042526537429,1311901.6,-9999,386078.9,12.71,-1,0.8992506448917557,0.8635281407954479,0,0.5181168844772688,6,1.4615384615384617,0.7692307692307693,N2 S1 P1 O10,de-protonated,0,-9999,C13 H19 O10 N2 P1 S1,13,19,10,2,1,1,-9999,N/A,-9999,-9999,N/A,-9999
1437,425.043879,425.0438367579307,425.0440473659791,2206238,-9999,288334.6,22.52,-1,-0.4954969953202576,0.9564289380981073,0,0.5738573628588642,14,0.8636363636363636,0.13636363636363635,S2 P1 O3,de-protonated,0,-9999,C22 H19 O3 P1 S2,22,19,3,-9999,1,2,-9999,N/A,-9999,-9999,N/A,-9999
1437,425.043879,425.0438367579307,425.0442440704691,2206238,-9999,288334.6,22.52,-1,-0.9582826824246778,0.8465166885853281,0,0.5079100131511969,6,1.5,0.75,N4 S2 O9,de-protonated,0,-9999,C12 H18 O9 N4 S2,12,18,9,4,-9999,2,-9999,N/A,-9999,-9999,N/A,-9999
1438,425.078751,425.0787087855741,425.0787791050491,3910443.3,-9999,481026.1,41.2,-1,-0.16542692417076932,0.49752338547404057,0.7871578612348809,0.6133771757783767,18,0.72,0.04,N2 S2 O1,de-protonated,0,-9999,C25 H18 O1 N2 S2,25,18,1,2,-9999,2,-9999,N/A,-9999,-9999,N/A,-9999
1438,425.078751,425.0787087855741,425.07891204677907,3910443.3,-9999,481026.1,41.2,-1,-0.4781728737518964,0.9593607376583212,0,0.5756164425949928,5,1.6428571428571428,0.6428571428571429,N2 S1 P1 O9,de-protonated,0,-9999,C14 H23 O9 N2 P1 S1,14,23,9,2,1,1,-9999,N/A,-9999,-9999,N/A,-9999
1439,425.080265,425.08022278677424,425.08043287532905,10265388,-9999,304991.3,110.86,-1,-0.4942324759288064,0.6326321476558338,0.8932713043452274,0.7368878103315912,13,1,0.08695652173913043,S2 P1 O2,de-protonated,0,-9999,C23 H23 O2 P1 S2,23,23,2,-9999,1,2,-9999,N/A,-9999,-9999,N/A,-9999
1439,425.080265,425.08022278677424,425.080629579819,10265388,-9999,304991.3,110.86,-1,-0.9569785505459004,0.2823001429291065,0.8129502511363602,0.494560186212008,5,1.6923076923076923,0.6153846153846154,N4 S2 O8,de-protonated,0,-9999,C13 H22 O8 N4 S2,13,22,8,4,-9999,2,-9999,N/A,-9999,-9999,N/A,-9999
1440,425.108863,425.1088208094441,425.10893507200905,1764406.9,-9999,301548.2,17.67,-1,-0.2687841997522566,0.986976794913512,0,0.5921860769481072,9,1.1578947368421053,0.5789473684210527,O11,de-protonated,0,-9999,C19 H22 O11,19,22,11,-9999,-9999,-9999,-9999,N/A,-9999,-9999,N/A,-9999
1440,425.108863,425.1088208094441,425.10877288067906,1764406.9,-9999,301548.2,17.67,-1,0.11274470942049963,0.9976961965406504,0,0.5986177179243902,4,1.9285714285714288,0.35714285714285715,N4 S2 P1 O5,de-protonated,0,-9999,C14 H27 O5 N4 P1 S2,14,27,5,4,1,2,-9999,N/A,-9999,-9999,N/A,-9999
1441,425.111525,425.1114828115543,425.1111418623992,1693111.9,-9999,375358.8,16.89,-1,0.8020235688282968,0.8898384225005544,0,0.5339030535003326,13,1.0476190476190477,0.09523809523809525,N4 S2 O2,de-protonated,0,-9999,C21 H22 O2 N4 S2,21,22,2,4,-9999,2,-9999,N/A,-9999,-9999,N/A,-9999
1442,425.1153,425.1152578145468,425.11529755612906,6838073.5,-9999,430215.6,73.29,-1,-0.09348424415410132,0.9911156941122914,0.9506930596532244,0.9749466403286646,4,1.8,0.5333333333333333,N2 S1 P1 O8,de-protonated,0,-9999,C15 H27 O8 N2 P1 S1,15,27,8,2,1,1,-9999,N/A,-9999,-9999,N/A,-9999
1443,425.11664,425.11659781560905,425.1168183846791,17167162,-9999,296420.4,186.53,-1,-0.5188434343533566,0.6387683999904864,0.9067917282021432,0.7459777312751492,12,1.125,0.04166666666666666,S2 P1 O1,de-protonated,0,-9999,C24 H27 O1 P1 S2,24,27,1,-9999,1,2,-9999,N/A,-9999,-9999,N/A,-9999
1443,425.11664,425.11659781560905,425.1170150891691,17167162,-9999,296420.4,186.53,-1,-0.9815498915586096,0.5665786183412399,0.9278887375715256,0.7111026660333541,4,1.8571428571428572,0.5,N4 S2 O7,de-protonated,0,-9999,C14 H26 O7 N4 S2,14,26,7,4,-9999,2,-9999,N/A,-9999,-9999,N/A,-9999
1444,425.13253,425.1324878282052,425.1322712304591,3163456,-9999,376986.1,33.01,-1,0.5094831908717873,0.9539927549555328,0,0.5723956529733197,8,1.4444444444444444,0.2222222222222222,N4 S2 O4,de-protonated,0,-9999,C18 H26 O4 N4 S2,18,26,4,4,-9999,2,-9999,N/A,-9999,-9999,N/A,-9999
1445,425.1339,425.1338578292912,425.13392500073905,1414208.4,-9999,397936.9,13.83,-1,-0.1580006768011935,0.9954805199145392,0,0.5972883119487236,3,1.9375,0.3125,N2 S2 P1 O5,de-protonated,0,-9999,C16 H31 O5 N2 P1 S2,16,31,5,2,1,2,-9999,N/A,-9999,-9999,N/A,-9999
1446,425.134472,425.13442982974465,425.13457644941906,1411904.8,-9999,692668.1,13.81,-1,-0.3448782633371039,0.978649527152699,0,0.5871897162916194,12,1.125,0.125,S1 P1 O3,de-protonated,0,-9999,C24 H27 O3 P1 S1,24,27,3,-9999,1,1,-9999,N/A,-9999,-9999,N/A,-9999
1446,425.134472,425.13442982974465,425.13477315390907,1411904.8,-9999,692668.1,13.81,-1,-0.8075654735834887,0.8883993335809794,0,0.5330396001485876,4,1.8571428571428572,0.6428571428571429,N4 S1 O9,de-protonated,0,-9999,C14 H26 O9 N4 S1,14,26,9,4,-9999,1,-9999,N/A,-9999,-9999,N/A,-9999
1447,425.136335,425.1362928312214,425.1362939824591,11664193,-9999,426071.5,126.2,-1,-0.00270792620549739,0.9960646859940238,0.5862129294639198,0.8321239833819821,12,1.1304347826086956,0.08695652173913043,N2 S2 O2,de-protonated,0,-9999,C23 H26 O2 N2 S2,23,26,2,2,-9999,2,-9999,N/A,-9999,-9999,N/A,-9999
1448,425.137803,425.13776083238514,425.1379477527391,35976000,-9999,339355,392.72,-1,-0.43966988815752794,0.4573060266880926,0.8748785425930544,0.6243350330500773,7,1.4761904761904765,0.14285714285714285,S2 P1 O3,de-protonated,0,-9999,C21 H31 O3 P1 S2,21,31,3,-9999,1,2,-9999,N/A,-9999,-9999,N/A,-9999
1449,425.143237,425.1431948366927,425.14281865790906,1870148,-9999,510285.9,18.83,-1,0.8848292083148307,0.8675689401036843,0,0.5205413640622106,12,1.0833333333333333,0.20833333333333337,S1 O5,de-protonated,0,-9999,C24 H26 O5 S1,24,26,5,-9999,-9999,1,-9999,N/A,-9999,-9999,N/A,-9999
1450,425.143878,425.1438358372008,425.14415606842914,1686340.3,-9999,379909.4,16.82,-1,-0.7532297545628398,0.9021758422272566,0,0.5413055053363539,17,0.88,0.04,N4 S1 O1,de-protonated,0,-9999,C25 H22 O1 N4 S1,25,22,1,4,-9999,1,-9999,N/A,-9999,-9999,N/A,-9999
1451,425.145015,425.14497283810215,425.14532058135904,2010052.8,-9999,229449.4,20.36,-1,-0.8179397492136717,0.8856851205221024,0,0.5314110723132613,8,1.3,0.5,O10,de-protonated,0,-9999,C20 H26 O10,20,26,10,-9999,-9999,-9999,-9999,N/A,-9999,-9999,N/A,-9999
1451,425.145015,425.14497283810215,425.14515839002905,2010052.8,-9999,229449.4,20.36,-1,-0.4364437022097188,0.966027565750838,0,0.5796165394505027,3,2.066666666666667,0.26666666666666666,N4 S2 P1 O4,de-protonated,0,-9999,C15 H31 O4 N4 P1 S2,15,31,4,4,1,2,-9999,N/A,-9999,-9999,N/A,-9999
1452,425.151528,425.15148584326505,425.1516830654791,5254983,-9999,373020.2,55.94,-1,-0.4638867066157076,0.4808531858355799,0.8524773804394659,0.6295028636771343,3,1.9375,0.4375,N2 S1 P1 O7,de-protonated,0,-9999,C16 H31 O7 N2 P1 S1,16,31,7,2,1,1,-9999,N/A,-9999,-9999,N/A,-9999
1453,425.152987,425.1529448444216,425.1525312186491,14951240,-9999,313144.6,162.23,-1,0.972887945269818,0.8517457523187917,0.987182080954326,0.9059202837730054,4,1.8571428571428572,0.7857142857142857,N4 O11,de-protonated,0,-9999,C14 H26 O11 N4,14,26,11,4,-9999,-9999,-9999,N/A,-9999,-9999,N/A,-9999
1454,425.181393,425.18135086693934,425.18170609070904,1340754.6,-9999,239864.7,13.03,-1,-0.8354634374283789,0.881041076061868,0,0.5286246456371207,7,1.4285714285714286,0.42857142857142855,O9,de-protonated,0,-9999,C21 H30 O9,21,30,9,-9999,-9999,-9999,-9999,N/A,-9999,-9999,N/A,-9999
1454,425.181393,425.18135086693934,425.1815438993792,1340754.6,-9999,239864.7,13.03,-1,-0.4540000444378976,0.9632912383152108,0,0.5779747429891265,2,2.1875,0.1875,N4 S2 P1 O3,de-protonated,0,-9999,C16 H35 O3 N4 P1 S2,16,35,3,4,1,2,-9999,N/A,-9999,-9999,N/A,-9999
1455,425.187838,425.1877958720483,425.1880685748291,2174293,-9999,463385.8,22.16,-1,-0.6413697866292595,0.9280776628996218,0,0.5568465977397731,2,2.0588235294117645,0.35294117647058826,N2 S1 P1 O6,de-protonated,0,-9999,C17 H35 O6 N2 P1 S1,17,35,6,2,1,1,-9999,N/A,-9999,-9999,N/A,-9999
1456,425.189543,425.1895008733999,425.1897861078691,4343125.5,-9999,390982.1,45.94,-1,-0.6708403601188379,0.4607941107437099,0.8524773804394657,0.6174674186220124,2,2.125,0.3125,N4 S2 O5,de-protonated,0,-9999,C16 H34 O5 N4 S2,16,34,5,4,-9999,2,-9999,N/A,-9999,-9999,N/A,-9999
1458,425.265419,425.26537693354743,425.2657104986991,2711922.8,-9999,301960.8,28.06,-1,-0.7843687920957517,0.894372008009726,0,0.5366232048058356,5,1.7272727272727273,0.2727272727272727,N2 O6,de-protonated,0,-9999,C22 H38 O6 N2,22,38,6,2,-9999,-9999,-9999,N/A,-9999,-9999,N/A,-9999
1463,426.083583,426.083541582113,426.0837877103991,1755309,-9999,278311.6,17.57,-1,-0.5776523144198902,0.6275001905679775,0.8932713043452274,0.7338086360788774,13,1.0454545454545454,0.09090909090909093,13C1 S2 P1 O2,de-protonated,1,1439,C22 H23 O2 P1 S2 13C1,22,23,2,-9999,1,2,1,N/A,-9999,-9999,N/A,-9999
1463,426.083583,426.083541582113,426.0839240560191,1755309,-9999,278311.6,17.57,-1,-0.8976492293939452,0.8639791356775097,0,0.5183874814065058,13,0.9545454545454546,0.18181818181818185,N1 S2 O4,de-protonated,0,-9999,C22 H21 O4 N1 S2,22,21,4,1,-9999,2,-9999,N/A,-9999,-9999,N/A,-9999
1463,426.083583,426.083541582113,426.08354393349913,1755309,-9999,278311.6,17.57,-1,-0.00551860344908882,0.9999944739984248,0,0.5999966843990548,18,0.75,0.04166666666666666,N3 S1 P1 O1,de-protonated,0,-9999,C24 H18 O1 N3 P1 S1,24,18,1,3,1,1,-9999,N/A,-9999,-9999,N/A,-9999
1464,426.111923,426.1118816045784,426.1120673568791,1327671.9,-9999,263919,12.88,-1,-0.4359235865976035,0.9661071011541464,0,0.5796642606924879,12,1.1304347826086956,0.04347826086956521,N1 S2 P1 O1,de-protonated,0,-9999,C23 H26 O1 N1 P1 S2,23,26,1,1,1,2,-9999,N/A,-9999,-9999,N/A,-9999
1465,426.118566,426.1185246098444,426.1186523911991,1592506.5,-9999,426874.9,15.78,-1,-0.2998727091367686,0.9838158668236576,0.9506930596532244,0.9705667439554844,4,1.9285714285714288,0.5714285714285714,13C1 N2 S1 P1 O8,de-protonated,1,1442,C14 H27 O8 N2 P1 S1 13C1,14,27,8,2,1,1,1,N/A,-9999,-9999,N/A,-9999
1465,426.118566,426.1185246098444,426.1187887368191,1592506.5,-9999,426874.9,15.78,-1,-0.6198435312472477,0.932660826201227,0,0.5595964957207362,4,1.7857142857142858,0.7142857142857143,N3 S1 O10,de-protonated,0,-9999,C14 H25 O10 N3 S1,14,25,10,3,-9999,1,-9999,N/A,-9999,-9999,N/A,-9999
1466,426.120023,426.11998161099933,426.1201732197491,3405499,-9999,288059.4,35.66,-1,-0.4496589502903151,0.6426514350096024,0.9067917282021432,0.7483075522866187,12,1.173913043478261,0.04347826086956521,13C1 S2 P1 O1,de-protonated,1,1443,C23 H27 O1 P1 S2 13C1,23,27,1,-9999,1,2,1,N/A,-9999,-9999,N/A,-9999
1466,426.120023,426.11998161099933,426.12030956536904,3405499,-9999,288059.4,35.66,-1,-0.7696285822271866,0.4490485149003368,0.8007932653391621,0.5897464150758669,12,1.0869565217391304,0.13043478260869565,N1 S2 O3,de-protonated,0,-9999,C23 H25 O3 N1 S2,23,25,3,1,-9999,2,-9999,N/A,-9999,-9999,N/A,-9999
1466,426.120023,426.11998161099933,426.1203699242391,3405499,-9999,288059.4,35.66,-1,-0.9112759379819684,0.5734156560153387,0.9278887375715256,0.7152048886378135,4,2,0.5384615384615384,13C1 N4 S2 O7,de-protonated,1,1443,C13 H26 O7 N4 S2 13C1,13,26,7,4,-9999,2,1,N/A,-9999,-9999,N/A,-9999
1467,426.139714,426.1396726266086,426.1396488175291,1993154.6,-9999,332807.5,20.18,-1,0.05587154248565499,0.9958763777914834,0.5862129294639198,0.832010998460458,12,1.181818181818182,0.09090909090909093,13C1 N2 S2 O2,de-protonated,1,1447,C22 H26 O2 N2 S2 13C1,22,26,2,2,-9999,2,1,N/A,-9999,-9999,N/A,-9999
1468,426.140961,426.1409196275971,426.1413025878091,5340867,-9999,268467.1,56.87,-1,-0.8986695486328953,0.4318459281815836,0.8748785425930544,0.6090589739461719,7,1.55,0.15,13C1 S2 P1 O3,de-protonated,1,1448,C20 H31 O3 P1 S2 13C1,20,31,3,-9999,1,2,1,N/A,-9999,-9999,N/A,-9999
1468,426.140961,426.1409196275971,426.1405695535591,5340867,-9999,268467.1,56.87,-1,0.8214989677636476,0.4423739377629667,0.8295321147073604,0.5972372085407243,8,1.3157894736842106,0.5263157894736842,N1 O10,de-protonated,0,-9999,C19 H25 O10 N1,19,25,10,1,-9999,-9999,-9999,N/A,-9999,-9999,N/A,-9999
1468,426.140961,426.1409196275971,426.1410588109091,5340867,-9999,268467.1,56.87,-1,-0.32661324020125193,0.4904149357887668,0.8077896627745539,0.6173648265830817,12,1.181818181818182,0.09090909090909093,N3 S1 P1 O2,de-protonated,0,-9999,C22 H26 O2 N3 P1 S1,22,26,2,3,1,1,-9999,N/A,-9999,-9999,N/A,-9999
1469,426.156314,426.1562726397675,426.1566950747191,2521801,-9999,224310.3,25.97,-1,-0.9912667252920562,0.8366970319859368,0,0.5020182191915621,11,1.2083333333333333,0.08333333333333333,N1 S2 O2,de-protonated,0,-9999,C24 H29 O2 N1 S2,24,29,2,1,-9999,2,-9999,N/A,-9999,-9999,N/A,-9999
1469,426.156314,426.1562726397675,426.15588605371903,2521801,-9999,224310.3,25.97,-1,0.90714703512526,0.8612960575060579,0.987182080954326,0.9116504668853652,4,2,0.8461538461538461,13C1 N4 O11,de-protonated,1,1453,C13 H26 O11 N4 13C1,13,26,11,4,-9999,-9999,1,N/A,-9999,-9999,N/A,-9999
1470,426.315741,426.3156997661467,426.3159724248591,1352966.4,-9999,529615,13.16,-1,-0.6395695448524166,0.9284660711149818,0,0.557079642668989,3,1.9565217391304348,0.08695652173913043,N3 S1 O2,de-protonated,0,-9999,C23 H45 O2 N3 S1,23,45,2,3,-9999,1,-9999,N/A,-9999,-9999,N/A,-9999
1478,427.058057,427.0580163545869,427.05804366015906,1587237,-9999,438197,15.72,-1,-0.06393878428851817,0.9992584823224652,0,0.599555089393479,18,0.6666666666666666,0.08333333333333333,N2 S2 O2,de-protonated,0,-9999,C24 H16 O2 N2 S2,24,16,2,2,-9999,2,-9999,N/A,-9999,-9999,N/A,-9999
1478,427.058057,427.0580163545869,427.0581766018891,1587237,-9999,438197,15.72,-1,-0.37523529803672623,0.9747753425341829,0,0.5848652055205096,5,1.6153846153846154,0.7692307692307693,N2 S1 P1 O10,de-protonated,0,-9999,C13 H21 O10 N2 P1 S1,13,21,10,2,1,1,-9999,N/A,-9999,-9999,N/A,-9999
1479,427.059543,427.0595023557649,427.05969743043914,4146213.5,-9999,293856.7,43.77,-1,-0.45678549258106194,0.48142395642067193,0.8077896627745539,0.6119702389622248,13,0.9545454545454546,0.13636363636363635,S2 P1 O3,de-protonated,0,-9999,C22 H21 O3 P1 S2,22,21,3,-9999,1,2,-9999,N/A,-9999,-9999,N/A,-9999
1479,427.059543,427.0595023557649,427.05989413492904,4146213.5,-9999,293856.7,43.77,-1,-0.9173869275189492,0.858381197451766,0,0.5150287184710596,5,1.6666666666666667,0.75,N4 S2 O9,de-protonated,0,-9999,C12 H20 O9 N4 S2,12,20,9,4,-9999,2,-9999,N/A,-9999,-9999,N/A,-9999
1480,427.074787,427.07474636784895,427.0751502762191,1823275.5,-9999,379418.7,18.31,-1,-0.9457547926000528,0.8501885219634615,0,0.5101131131780768,9,1.25,0.375,N4 S2 O6,de-protonated,0,-9999,C16 H20 O6 N4 S2,16,20,6,4,-9999,2,-9999,N/A,-9999,-9999,N/A,-9999
1481,427.087563,427.0875223779766,427.0876865628691,1389616.4,-9999,444881.9,13.55,-1,-0.3844290006282831,0.973540830359279,0,0.5841244982155673,27,0.3870967741935484,0.03225806451612903,N2 O1,de-protonated,0,-9999,C31 H12 O1 N2,31,12,1,2,-9999,-9999,-9999,N/A,-9999,-9999,N/A,-9999
1481,427.087563,427.0875223779766,427.0871680559191,1389616.4,-9999,444881.9,13.55,-1,0.8296246855240599,0.8825966488770312,0,0.5295579893262187,5,1.75,0.9166666666666666,N4 P1 O11,de-protonated,0,-9999,C12 H21 O11 N4 P1,12,21,11,4,1,-9999,-9999,N/A,-9999,-9999,N/A,-9999
1482,427.088271,427.08823037853784,427.0881996271191,1368624.8,-9999,447324.4,13.32,-1,0.07200250156611339,0.9990597469617468,0,0.599435848177048,9,1.1111111111111112,0.6666666666666666,O12,de-protonated,0,-9999,C18 H20 O12,18,20,12,-9999,-9999,-9999,-9999,N/A,-9999,-9999,N/A,-9999
1482,427.088271,427.08823037853784,427.0880374357891,1368624.8,-9999,447324.4,13.32,-1,0.45176341138547954,0.9636453993639388,0,0.5781872396183633,4,1.9230769230769231,0.4615384615384616,N4 S2 P1 O6,de-protonated,0,-9999,C13 H25 O6 N4 P1 S2,13,25,6,4,1,2,-9999,N/A,-9999,-9999,N/A,-9999
1483,427.095774,427.0957333844855,427.0960829397891,10081844,-9999,241787,108.84,-1,-0.818446521802953,0.6035203972463311,0.9058538718871934,0.7244537871026759,12,1.0869565217391304,0.08695652173913043,S2 P1 O2,de-protonated,0,-9999,C23 H25 O2 P1 S2,23,25,2,-9999,1,2,-9999,N/A,-9999,-9999,N/A,-9999
1484,427.110942,427.11090139650935,427.1106664056991,1669945.5,-9999,330353.7,16.63,-1,0.5501871733798117,0.9465555761044876,0,0.5679333456626925,9,1.25,0.625,N4 O10,de-protonated,0,-9999,C16 H20 O10 N4,16,20,10,4,-9999,-9999,-9999,N/A,-9999,-9999,N/A,-9999
1485,427.123067,427.1230264061209,427.1234206235391,2224702.3,-9999,372740.8,22.71,-1,-0.9229590305041888,0.8567855069831145,0,0.5140713041898687,17,0.8333333333333334,0.08333333333333333,N4 S1 O2,de-protonated,0,-9999,C24 H20 O2 N4 S1,24,20,2,4,-9999,1,-9999,N/A,-9999,-9999,N/A,-9999
1486,427.124202,427.12416140702067,427.1245851364691,4222526.5,-9999,358550.9,44.61,-1,-0.992051179350386,0.418230432114785,0.8295321147073605,0.5827511051518153,8,1.263157894736842,0.5789473684210527,O11,de-protonated,0,-9999,C19 H24 O11,19,24,11,-9999,-9999,-9999,-9999,N/A,-9999,-9999,N/A,-9999
1486,427.124202,427.12416140702067,427.12442294513903,4222526.5,-9999,358550.9,44.61,-1,-0.6123230241964562,0.9342303187760482,0,0.5605381912656289,3,2.0714285714285716,0.35714285714285715,N4 S2 P1 O5,de-protonated,0,-9999,C14 H29 O5 N4 P1 S2,14,29,5,4,1,2,-9999,N/A,-9999,-9999,N/A,-9999
1487,427.130837,427.13079641228023,427.1309476205891,5449281,-9999,386981.7,58.06,-1,-0.35400925572474606,0.4887584918559431,0.8604105061749866,0.6374192975835605,3,1.9333333333333331,0.5333333333333333,N2 S1 P1 O8,de-protonated,0,-9999,C15 H29 O8 N2 P1 S1,15,29,8,2,1,1,-9999,N/A,-9999,-9999,N/A,-9999
1488,427.132237,427.13219641339,427.13246844913914,12639810,-9999,279832.3,136.89,-1,-0.6368884812092396,0.6389679913231169,0.8771794983841963,0.7342525941475486,11,1.2083333333333333,0.04166666666666666,S2 P1 O1,de-protonated,0,-9999,C24 H29 O1 P1 S2,24,29,1,-9999,1,2,-9999,N/A,-9999,-9999,N/A,-9999
1488,427.132237,427.13219641339,427.13208981205906,12639810,-9999,279832.3,136.89,-1,0.2495746246003896,0.9923190107283028,0.5862129294639198,0.8298765782225497,12,1.1304347826086956,0.08695652173913043,N2 S1 34S1 O2,de-protonated,1,1447,C23 H26 O2 N2 S1 34S1,23,26,2,2,-9999,1,-9999,N/A,-9999,-9999,N/A,1
1488,427.132237,427.13219641339,427.13179577375905,12639810,-9999,279832.3,136.89,-1,0.9379766033482614,0.9212614954365886,0.9861258234620124,0.9472072266467582,4,1.8461538461538465,0.9230769230769232,N4 O12,de-protonated,0,-9999,C13 H24 O12 N4,13,24,12,4,-9999,-9999,-9999,N/A,-9999,-9999,N/A,-9999
1489,427.141912,427.1418714210595,427.1421810098791,1521733.5,-9999,346341.6,15,-1,-0.7247910259917674,0.9090828976024696,0,0.5454497385614818,3,2.0714285714285716,0.5,N4 S1 P1 O7,de-protonated,0,-9999,C14 H29 O7 N4 P1 S1,14,29,7,4,1,1,-9999,N/A,-9999,-9999,N/A,-9999
1490,427.147585,427.14754442555653,427.1479212949191,1256647.6,-9999,227153.2,12.1,-1,-0.8822923951975893,0.8682749151913292,0,0.5209649491147975,7,1.5555555555555556,0.2222222222222222,N4 S2 O4,de-protonated,0,-9999,C18 H28 O4 N4 S2,18,28,4,4,-9999,2,-9999,N/A,-9999,-9999,N/A,-9999
1492,427.160649,427.1606084359125,427.1609706458191,2899532.8,-9999,378598.7,30.11,-1,-0.8479471007152974,0.8776879157521761,0,0.5266127494513057,7,1.4,0.5,O10,de-protonated,0,-9999,C20 H28 O10,20,28,10,-9999,-9999,-9999,-9999,N/A,-9999,-9999,N/A,-9999
1492,427.160649,427.1606084359125,427.1608084544891,2899532.8,-9999,378598.7,30.11,-1,-0.46825123617997794,0.9609967062240394,0,0.5765980237344236,2,2.2,0.26666666666666666,N4 S2 P1 O4,de-protonated,0,-9999,C15 H33 O4 N4 P1 S2,15,33,4,4,1,2,-9999,N/A,-9999,-9999,N/A,-9999
1493,427.167214,427.16717344111663,427.1673331299391,3144783.3,-9999,404162.4,32.8,-1,-0.3738320093297059,0.9749612803194802,0,0.5849767681916881,2,2.0625,0.4375,N2 S1 P1 O7,de-protonated,0,-9999,C16 H33 O7 N2 P1 S1,16,33,7,2,1,1,-9999,N/A,-9999,-9999,N/A,-9999
1494,427.168543,427.1685024421701,427.16818128310905,7082575.5,-9999,288875.8,75.96,-1,0.7518328263456397,0.908070744148509,0.9615511702595056,0.9294629145929076,3,2,0.7857142857142857,N4 O11,de-protonated,0,-9999,C14 H28 O11 N4,14,28,11,4,-9999,-9999,-9999,N/A,-9999,-9999,N/A,-9999
1495,427.181686,427.1816454525887,427.1815869496291,1965908.9,-9999,278513.8,19.87,-1,0.13695103304903614,0.9966026078996616,0,0.5979615647397969,20,0.8,0.03333333333333333,N2 O1,de-protonated,0,-9999,C30 H24 O1 N2,30,24,1,2,-9999,-9999,-9999,N/A,-9999,-9999,N/A,-9999
1496,427.197043,427.1970024647623,427.1973561551691,1522010.8,-9999,430988.9,15.01,-1,-0.8279321060222631,0.8830460603371664,0,0.5298276362022998,6,1.5238095238095235,0.42857142857142855,O9,de-protonated,0,-9999,C21 H32 O9,21,32,9,-9999,-9999,-9999,-9999,N/A,-9999,-9999,N/A,-9999
1496,427.197043,427.1970024647623,427.1971939638391,1522010.8,-9999,430988.9,15.01,-1,-0.44826857358407746,0.9641955479350114,0,0.5785173287610068,1,2.3125,0.1875,N4 S2 P1 O3,de-protonated,0,-9999,C16 H37 O3 N4 P1 S2,16,37,3,4,1,2,-9999,N/A,-9999,-9999,N/A,-9999
1497,427.204832,427.2047914709367,427.20437008796904,1956701.8,-9999,342132.3,19.77,-1,0.986373261183574,0.8381675388591622,0,0.5029005233154973,10,1.32,0.16,P1 O4,de-protonated,0,-9999,C25 H33 O4 P1,25,33,4,-9999,1,-9999,-9999,N/A,-9999,-9999,N/A,-9999
1497,427.204832,427.2047914709367,427.2045667924591,1956701.8,-9999,342132.3,19.77,-1,0.5259271438440352,0.9510500484674274,0,0.5706300290804563,2,2.1333333333333333,0.6666666666666666,N4 O10,de-protonated,0,-9999,C15 H32 O10 N4,15,32,10,4,-9999,-9999,-9999,N/A,-9999,-9999,N/A,-9999
1498,427.22615,427.2261094878357,427.2263688358991,1317094,-9999,239979.3,12.76,-1,-0.6070506933592885,0.935320755832696,0,0.5611924534996177,4,1.7826086956521738,0.04347826086956521,S2 P1 O1,de-protonated,0,-9999,C23 H41 O1 P1 S2,23,41,1,-9999,1,2,-9999,N/A,-9999,-9999,N/A,-9999
1500,428.099197,428.09915717990754,428.0994377748591,1900472.9,-9999,282531,19.15,-1,-0.6554434013675643,0.6166728874037845,0.9058538718871934,0.732345281197148,12,1.1363636363636365,0.09090909090909093,13C1 S2 P1 O2,de-protonated,1,1483,C22 H25 O2 P1 S2 13C1,22,25,2,-9999,1,2,1,N/A,-9999,-9999,N/A,-9999
1500,428.099197,428.09915717990754,428.099574120479,1900472.9,-9999,282531,19.15,-1,-0.9739336282684524,0.8418844096647295,0,0.5051306457988377,12,1.0454545454545454,0.18181818181818185,N1 S2 O4,de-protonated,0,-9999,C22 H23 O4 N1 S2,22,23,4,1,-9999,2,-9999,N/A,-9999,-9999,N/A,-9999
1500,428.099197,428.09915717990754,428.0991939979591,1900472.9,-9999,282531,19.15,-1,-0.08600355264736595,0.9986587948591852,0,0.5991952769155111,17,0.8333333333333334,0.04166666666666666,N3 S1 P1 O1,de-protonated,0,-9999,C24 H20 O1 N3 P1 S1,24,20,1,3,1,1,-9999,N/A,-9999,-9999,N/A,-9999
1501,428.127415,428.12737520227614,428.1277174213391,1904323.9,-9999,326039.9,19.19,-1,-0.7993387231443068,0.8905328762414262,0,0.5343197257448556,11,1.2173913043478262,0.04347826086956521,N1 S2 P1 O1,de-protonated,0,-9999,C23 H28 O1 N1 P1 S2,23,28,1,1,1,2,-9999,N/A,-9999,-9999,N/A,-9999
1502,428.13509,428.1350502083602,428.1350902499591,2009030.9,-9999,367851,20.34,-1,-0.09352561794430957,0.998414119702242,0,0.5990484718213452,12,1.0454545454545454,0.3636363636363637,N1 O8,de-protonated,0,-9999,C22 H23 O8 N1,22,23,8,1,-9999,-9999,-9999,N/A,-9999,-9999,N/A,-9999
1502,428.13509,428.1350502083602,428.1351506088291,2009030.9,-9999,367851,20.34,-1,-0.2345064841477788,0.990071159229134,0.9861258234620124,0.9884930249222852,4,2,1,13C1 N4 O12,de-protonated,1,1488,C12 H24 O12 N4 13C1,12,24,12,4,-9999,-9999,1,N/A,-9999,-9999,N/A,-9999
1503,428.135752,428.135712208885,428.1358232842091,1988295.1,-9999,373388.5,20.11,-1,-0.2594394537596569,0.6585741189252466,0.8771794983841963,0.7460162707088265,11,1.2608695652173914,0.04347826086956521,13C1 S2 P1 O1,de-protonated,1,1488,C23 H29 O1 P1 S2 13C1,23,29,1,-9999,1,2,1,N/A,-9999,-9999,N/A,-9999
1503,428.135752,428.135712208885,428.1359596298291,1988295.1,-9999,373388.5,20.11,-1,-0.5779027397353032,0.9412008642955492,0,0.5647205185773295,11,1.173913043478261,0.13043478260869565,N1 S2 O3,de-protonated,0,-9999,C23 H27 O3 N1 S2,23,27,3,1,-9999,2,-9999,N/A,-9999,-9999,N/A,-9999
1504,428.171878,428.1718382375224,428.1714757593091,1450197.3,-9999,297528.8,14.21,-1,0.8465725388017794,0.8780589351679531,0,0.5268353611007718,11,1.173913043478261,0.30434782608695654,N1 O7,de-protonated,0,-9999,C23 H27 O7 N1,23,27,7,1,-9999,-9999,-9999,N/A,-9999,-9999,N/A,-9999
1504,428.171878,428.1718382375224,428.17153611817906,1450197.3,-9999,297528.8,14.21,-1,0.7056035205932808,0.9136214098908764,0.9615511702595056,0.932793314038328,3,2.1538461538461537,0.8461538461538461,13C1 N4 O11,de-protonated,1,1494,C13 H28 O11 N4 13C1,13,28,11,4,-9999,-9999,1,N/A,-9999,-9999,N/A,-9999
1506,428.214159,428.2141192710389,428.2137344954291,5551333.5,-9999,361155.3,59.17,-1,0.8985597116727999,0.4318613964756729,0.8446892076502734,0.5969925209455131,1,2.0588235294117645,0.6470588235294118,N1 O11,de-protonated,0,-9999,C17 H35 O11 N1,17,35,11,1,-9999,-9999,-9999,N/A,-9999,-9999,N/A,-9999
1506,428.214159,428.2141192710389,428.2142237527791,5551333.5,-9999,361155.3,59.17,-1,-0.2439940908391211,0.4946279642768465,0.8221557383861046,0.6256390739205497,5,1.8,0.15,N3 S1 P1 O3,de-protonated,0,-9999,C20 H36 O3 N3 P1 S1,20,36,3,3,1,1,-9999,N/A,-9999,-9999,N/A,-9999
1513,429.054009,429.0539699367952,429.0542181268391,2165293.5,-9999,327671.6,22.05,-1,-0.5784584638343375,0.9410911246460214,0,0.5646546747876128,17,0.76,0.04,S2 P1 O1,de-protonated,0,-9999,C25 H19 O1 P1 S2,25,19,1,-9999,1,2,-9999,N/A,-9999,-9999,N/A,-9999
1513,429.054009,429.0539699367952,429.0535454514591,2165293.5,-9999,327671.6,22.05,-1,0.9893528221704968,0.8372727269562699,0,0.5023636361737619,10,1,0.8571428571428571,N4 O12,de-protonated,0,-9999,C14 H14 O12 N4,14,14,12,4,-9999,-9999,-9999,N/A,-9999,-9999,N/A,-9999
1514,429.063146,429.06310694403817,429.0629283659791,2050353,-9999,336323.8,20.79,-1,0.4162048205195629,0.9690571289127092,0,0.5814342773476255,23,0.4,0.16,N4 O4,de-protonated,0,-9999,C25 H10 O4 N4,25,10,4,4,-9999,-9999,-9999,N/A,-9999,-9999,N/A,-9999
1515,429.073922,429.07388295258033,429.0736937246191,1801013.3,-9999,393202.5,18.06,-1,0.4410150610745187,0.965324724336552,0,0.5791948346019311,17,0.75,0.08333333333333333,N2 S2 O2,de-protonated,0,-9999,C24 H18 O2 N2 S2,24,18,2,2,-9999,2,-9999,N/A,-9999,-9999,N/A,-9999
1515,429.073922,429.07388295258033,429.0738266663491,1801013.3,-9999,393202.5,18.06,-1,0.13118076134734027,0.9968824295976976,0,0.5981294577586186,4,1.7692307692307692,0.7692307692307693,N2 S1 P1 O10,de-protonated,0,-9999,C13 H23 O10 N2 P1 S1,13,23,10,2,1,1,-9999,N/A,-9999,-9999,N/A,-9999
1516,429.075168,429.0751289535681,429.07534749489906,4765493.5,-9999,315389.5,50.55,-1,-0.5093308955087739,0.4770098068788294,0.8077896627745538,0.6093217492371192,12,1.0454545454545454,0.13636363636363635,S2 P1 O3,de-protonated,0,-9999,C22 H23 O3 P1 S2,22,23,3,-9999,1,2,-9999,N/A,-9999,-9999,N/A,-9999
1516,429.075168,429.0751289535681,429.075544199389,4765493.5,-9999,315389.5,50.55,-1,-0.9677685587127464,0.8437150315116838,0,0.5062290189070102,4,1.8333333333333333,0.75,N4 S2 O9,de-protonated,0,-9999,C12 H22 O9 N4 S2,12,22,9,4,-9999,2,-9999,N/A,-9999,-9999,N/A,-9999
1517,429.089265,429.0892259647429,429.0894629301591,1263035.3,-9999,416527.1,12.16,-1,-0.5522517717671955,0.946164734849002,0,0.5676988409094011,3,1.7333333333333334,0.6666666666666666,S2 O10,de-protonated,0,-9999,C15 H26 O10 S2,15,26,10,-9999,-9999,2,-9999,N/A,-9999,-9999,N/A,-9999
1517,429.089265,429.0892259647429,429.0890828076391,1263035.3,-9999,416527.1,12.16,-1,0.3336302636374581,0.980005691626058,0,0.5880034149756348,8,1.3529411764705883,0.4117647058823529,N2 S1 P1 O7,de-protonated,0,-9999,C17 H23 O7 N2 P1 S1,17,23,7,2,1,1,-9999,N/A,-9999,-9999,N/A,-9999
1518,429.090224,429.0901849655031,429.0899309608091,2885947.8,-9999,285827.2,29.95,-1,0.5919614413488333,0.938396277122039,0,0.5630377662732233,9,1.2,0.7333333333333333,N4 O11,de-protonated,0,-9999,C15 H18 O11 N4,15,18,11,4,-9999,-9999,-9999,N/A,-9999,-9999,N/A,-9999
1519,429.103441,429.1034019759803,429.1033366273291,2963264.8,-9999,228100.1,30.8,-1,0.15229117473855672,0.9922847248555856,0.9461809682264934,0.9738432222039488,26,0.4516129032258064,0.03225806451612903,N2 O1,de-protonated,0,-9999,C31 H14 O1 N2,31,14,1,2,-9999,-9999,-9999,N/A,-9999,-9999,N/A,-9999
1519,429.103441,429.1034019759803,429.10368750024907,2963264.8,-9999,228100.1,30.8,-1,-0.665396912365683,0.9228053459995974,0,0.5536832075997584,3,2.076923076923077,0.4615384615384616,N4 S2 P1 O6,de-protonated,0,-9999,C13 H27 O6 N4 P1 S2,13,27,6,4,1,2,-9999,N/A,-9999,-9999,N/A,-9999
1520,429.111505,429.1114659823727,429.1117330042491,6993220,-9999,253230.1,74.98,-1,-0.6222665469872984,0.4660758207732611,0.8007932653391621,0.5999627985996214,11,1.173913043478261,0.08695652173913043,S2 P1 O2,de-protonated,0,-9999,C23 H27 O2 P1 S2,23,27,2,-9999,1,2,-9999,N/A,-9999,-9999,N/A,-9999
1521,429.121099,429.121059989978,429.1214455649891,1317191.6,-9999,294721.5,12.75,-1,-0.8985218871373548,0.8637334459601755,0,0.5182400675761053,3,2.076923076923077,0.6153846153846154,N4 S1 P1 O8,de-protonated,0,-9999,C13 H27 O8 N4 P1 S1,13,27,8,4,1,1,-9999,N/A,-9999,-9999,N/A,-9999
1522,429.125476,429.1254369934477,429.125848439509,1611593.4,-9999,385836.6,15.98,-1,-0.9588004611560296,0.8463642357877118,0,0.5078185414726271,2,1.875,0.5625,S2 O9,de-protonated,0,-9999,C16 H30 O9 S2,16,30,9,-9999,-9999,2,-9999,N/A,-9999,-9999,N/A,-9999
1522,429.125476,429.1254369934477,429.1254683169891,1611593.4,-9999,385836.6,15.98,-1,-0.0729938997322644,0.9990336887289076,0,0.5994202132373445,7,1.5,0.3333333333333333,N2 S1 P1 O6,de-protonated,0,-9999,C18 H27 O6 N2 P1 S1,18,27,6,2,1,1,-9999,N/A,-9999,-9999,N/A,-9999
1523,429.126723,429.12668399443623,429.12631647015905,3077706,-9999,246215.6,32.05,-1,0.8564477709120444,0.8753835755563288,0,0.5252301453337973,8,1.375,0.625,N4 O10,de-protonated,0,-9999,C16 H22 O10 N4,16,22,10,4,-9999,-9999,-9999,N/A,-9999,-9999,N/A,-9999
1525,429.139927,429.1398880049031,429.1402352009291,5296463,-9999,304944.5,56.38,-1,-0.809050276588186,0.44400624155828,0.8295321147073605,0.5982165908179122,7,1.368421052631579,0.5789473684210527,O11,de-protonated,0,-9999,C19 H26 O11,19,26,11,-9999,-9999,-9999,-9999,N/A,-9999,-9999,N/A,-9999
1525,429.139927,429.1398880049031,429.14007300959906,5296463,-9999,304944.5,56.38,-1,-0.4311056169579576,0.48341982913273585,0.8684926696514785,0.6374489653402329,2,2.2142857142857144,0.35714285714285715,N4 S2 P1 O5,de-protonated,0,-9999,C14 H31 O5 N4 P1 S2,14,31,5,4,1,2,-9999,N/A,-9999,-9999,N/A,-9999
1526,429.146549,429.1465100101525,429.14659768504913,2397265.8,-9999,500079.9,24.59,-1,-0.2043005750557162,0.992455169397476,0,0.5954731016384855,2,2.066666666666667,0.5333333333333333,N2 S1 P1 O8,de-protonated,0,-9999,C15 H31 O8 N2 P1 S1,15,31,8,2,1,1,-9999,N/A,-9999,-9999,N/A,-9999
1527,429.147863,429.147824011194,429.14811851359906,5552466,-9999,281028.3,59.18,-1,-0.6862488551983319,0.459049069372703,0.7939170211058493,0.5929962500659616,10,1.2916666666666667,0.04166666666666666,S2 P1 O1,de-protonated,0,-9999,C24 H31 O1 P1 S2,24,31,1,-9999,1,2,-9999,N/A,-9999,-9999,N/A,-9999
1527,429.147863,429.147824011194,429.1474458382191,5552466,-9999,281028.3,59.18,-1,0.8812192140508316,0.4342865676799594,0.8767281105990777,0.6112631848476067,3,2,0.9230769230769232,N4 O12,de-protonated,0,-9999,C13 H26 O12 N4,13,26,12,4,-9999,-9999,-9999,N/A,-9999,-9999,N/A,-9999
1528,429.163119,429.1630800232876,429.1627019795091,2410840.3,-9999,249645.3,24.74,-1,0.8808868448699823,0.8686654426685052,0,0.5211992656011031,7,1.5294117647058822,0.5294117647058824,N4 O9,de-protonated,0,-9999,C17 H26 O9 N4,17,26,9,4,-9999,-9999,-9999,N/A,-9999,-9999,N/A,-9999
1530,429.176293,429.17625403373074,429.17662071027905,2748253.3,-9999,348673.5,28.44,-1,-0.8543721410162305,0.8759477928034488,0,0.5255686756820692,6,1.5,0.5,O10,de-protonated,0,-9999,C20 H30 O10,20,30,10,-9999,-9999,-9999,-9999,N/A,-9999,-9999,N/A,-9999
1530,429.176293,429.17625403373074,429.1764585189491,2748253.3,-9999,348673.5,28.44,-1,-0.4764595408645077,0.9596454971068266,0,0.5757872982640959,1,2.3333333333333335,0.26666666666666666,N4 S2 P1 O4,de-protonated,0,-9999,C15 H35 O4 N4 P1 S2,15,35,4,4,1,2,-9999,N/A,-9999,-9999,N/A,-9999
1531,429.18421,429.1841710400066,429.1838313475691,2124896.5,-9999,286206.5,21.61,-1,0.7914847035793426,0.8925540801355786,0,0.5355324480813471,2,2.142857142857143,0.7857142857142857,N4 O11,de-protonated,0,-9999,C14 H30 O11 N4,14,30,11,4,-9999,-9999,-9999,N/A,-9999,-9999,N/A,-9999
1532,429.197295,429.1972560503792,429.197237014089,1886053.5,-9999,374573.1,18.99,-1,0.04435324487945739,0.9996431159679424,0,0.5997858695807654,19,0.8666666666666667,0.03333333333333333,N2 O1,de-protonated,0,-9999,C30 H26 O1 N2,30,26,1,2,-9999,-9999,-9999,N/A,-9999,-9999,N/A,-9999
1534,430.106837,430.1067987713809,430.1069819764491,1299914.5,-9999,312088.5,12.56,-1,-0.4259523231988449,0.9676147933600572,0,0.5805688760160342,11,1.181818181818182,0.09090909090909093,N1 S2 P1 O2,de-protonated,0,-9999,C22 H26 O2 N1 P1 S2,22,26,2,1,1,2,-9999,N/A,-9999,-9999,N/A,-9999
1534,430.106837,430.1067987713809,430.1066914623991,1299914.5,-9999,312088.5,12.56,-1,0.24949386728114012,0.9887688745104724,0.9461809682264934,0.9717337119968807,26,0.4666666666666667,0.03333333333333333,13C1 N2 O1,de-protonated,1,1519,C30 H14 O1 N2 13C1,30,14,1,2,-9999,-9999,1,N/A,-9999,-9999,N/A,-9999
1535,430.142994,430.1429558000429,430.14336748579905,1279704.8,-9999,296830.9,12.34,-1,-0.9570896293363484,0.846867757492297,0,0.5081206544953782,10,1.3043478260869563,0.04347826086956521,N1 S2 P1 O1,de-protonated,0,-9999,C23 H30 O1 N1 P1 S2,23,30,1,1,1,2,-9999,N/A,-9999,-9999,N/A,-9999
1537,431.04204,431.0420025127244,431.041724890439,1502907.5,-9999,257780.3,14.78,-1,0.6440728804693526,0.9274927178313592,0,0.5564956306988155,17,0.6666666666666666,0.16666666666666666,S2 O4,de-protonated,0,-9999,C24 H16 O4 S2,24,16,4,-9999,-9999,2,-9999,N/A,-9999,-9999,N/A,-9999
1537,431.04204,431.0420025127244,431.0418578321691,1502907.5,-9999,257780.3,14.78,-1,0.3356531451017121,0.9797649730658888,0,0.5878589838395334,4,1.6153846153846154,0.9230769230769232,S1 P1 O12,de-protonated,0,-9999,C13 H21 O12 P1 S1,13,21,12,-9999,1,1,-9999,N/A,-9999,-9999,N/A,-9999
1537,431.04204,431.0420025127244,431.0421929210891,1502907.5,-9999,257780.3,14.78,-1,-0.4417395045580995,0.9652127169810476,0,0.5791276301886286,23,0.3333333333333333,0.20833333333333337,N4 O5,de-protonated,0,-9999,C24 H8 O5 N4,24,8,5,4,-9999,-9999,-9999,N/A,-9999,-9999,N/A,-9999
1538,431.061124,431.0610865278524,431.0608203656992,2146371,-9999,322642.9,21.83,-1,0.6174584668276659,0.9331603655134176,0,0.5598962193080504,22,0.48,0.08,N4 S1 O2,de-protonated,0,-9999,C25 H12 O2 N4 S1,25,12,2,4,-9999,1,-9999,N/A,-9999,-9999,N/A,-9999
1538,431.061124,431.0610865278524,431.06095330742903,2146371,-9999,322642.9,21.83,-1,0.30905240281420665,0.9828185354038812,0,0.5896911212423286,9,1.2142857142857142,0.7142857142857143,N4 P1 O10,de-protonated,0,-9999,C14 H17 O10 N4 P1,14,17,10,4,1,-9999,-9999,N/A,-9999,-9999,N/A,-9999
1539,431.069694,431.0696565346459,431.0698681912991,3540550.3,-9999,252225.7,37.12,-1,-0.4910031268297763,0.4785992988777355,0.7871578612348809,0.6020227238205936,16,0.84,0.04,S2 P1 O1,de-protonated,0,-9999,C25 H21 O1 P1 S2,25,21,1,-9999,1,2,-9999,N/A,-9999,-9999,N/A,-9999
1539,431.069694,431.0696565346459,431.07006489578913,3540550.3,-9999,252225.7,37.12,-1,-0.9473196503941028,0.8497316495672385,0,0.509838989740343,8,1.3333333333333333,0.4666666666666667,N4 S2 O7,de-protonated,0,-9999,C15 H20 O7 N4 S2,15,20,7,4,-9999,2,-9999,N/A,-9999,-9999,N/A,-9999
1540,431.078759,431.07872154183184,431.0785784304391,1941578,-9999,397074.9,19.59,-1,0.3319844684746649,0.980200507480089,0,0.5881203044880534,22,0.48,0.16,N4 O4,de-protonated,0,-9999,C25 H12 O4 N4,25,12,4,4,-9999,-9999,-9999,N/A,-9999,-9999,N/A,-9999
1541,431.082903,431.0828655451168,431.08311424668904,1691979.6,-9999,275260.6,16.85,-1,-0.5769225562284576,0.9413941965988002,0,0.5648365179592801,8,1.1764705882352942,0.7647058823529411,O13,de-protonated,0,-9999,C17 H20 O13,17,20,13,-9999,-9999,-9999,-9999,N/A,-9999,-9999,N/A,-9999
1541,431.082903,431.0828655451168,431.08260118243913,1691979.6,-9999,275260.6,16.85,-1,0.6132529518888132,0.9340371431620886,0,0.5604222858972532,26,0.4,0.06666666666666667,N2 O2,de-protonated,0,-9999,C30 H12 O2 N2,30,12,2,2,-9999,-9999,-9999,N/A,-9999,-9999,N/A,-9999
1541,431.082903,431.0828655451168,431.0829520553591,1691979.6,-9999,275260.6,16.85,-1,-0.2006811957445644,0.9927191621813224,0,0.5956314973087934,3,2.0833333333333335,0.5833333333333334,N4 S2 P1 O7,de-protonated,0,-9999,C12 H25 O7 N4 P1 S2,12,25,7,4,1,2,-9999,N/A,-9999,-9999,N/A,-9999
1542,431.089465,431.0894275503186,431.0893437890791,1281870.1,-9999,430867.4,12.36,-1,0.19430134535444896,0.9931731747951048,0,0.5959039048770628,16,0.8333333333333334,0.08333333333333333,N2 S2 O2,de-protonated,0,-9999,C24 H20 O2 N2 S2,24,20,2,2,-9999,2,-9999,N/A,-9999,-9999,N/A,-9999
1542,431.089465,431.0894275503186,431.0894767308091,1281870.1,-9999,430867.4,12.36,-1,-0.1140841824623096,0.9976411952954009,0,0.5985847171772404,3,1.9230769230769231,0.7692307692307693,N2 S1 P1 O10,de-protonated,0,-9999,C13 H25 O10 N2 P1 S1,13,25,10,2,1,1,-9999,N/A,-9999,-9999,N/A,-9999
1543,431.090835,431.0907975514046,431.0909975593591,2253966.8,-9999,231881.3,23.01,-1,-0.4639576229531546,0.9616948897345478,0,0.5770169338407286,11,1.1363636363636365,0.13636363636363635,S2 P1 O3,de-protonated,0,-9999,C22 H25 O3 P1 S2,22,25,3,-9999,1,2,-9999,N/A,-9999,-9999,N/A,-9999
1543,431.090835,431.0907975514046,431.0911942638491,2253966.8,-9999,231881.3,23.01,-1,-0.9202517931037848,0.8575616181273705,0,0.5145369708764223,3,2,0.75,N4 S2 O9,de-protonated,0,-9999,C12 H24 O9 N4 S2,12,24,9,4,-9999,2,-9999,N/A,-9999,-9999,N/A,-9999
1544,431.104713,431.1046755624058,431.10473287209913,2319444.3,-9999,350340.4,23.73,-1,-0.13293682241961777,0.9967985383938428,0,0.5980791230363056,7,1.4705882352941178,0.4117647058823529,N2 S1 P1 O7,de-protonated,0,-9999,C17 H25 O7 N2 P1 S1,17,25,7,2,1,1,-9999,N/A,-9999,-9999,N/A,-9999
1545,431.106011,431.1059735634347,431.1055810252691,4543060.5,-9999,253441.2,48.11,-1,0.9105383528935737,0.430166612626918,0.8604105061749867,0.6022641700461455,8,1.3333333333333333,0.7333333333333333,N4 O11,de-protonated,0,-9999,C15 H20 O11 N4,15,20,11,4,-9999,-9999,-9999,N/A,-9999,-9999,N/A,-9999
1546,431.11904,431.1190025737629,431.1189866917891,4565594,-9999,274695.5,48.35,-1,0.03683895699153571,0.4998768923578432,0.7489023467070351,0.59948707409752,25,0.5161290322580645,0.03225806451612903,N2 O1,de-protonated,0,-9999,C31 H16 O1 N2,31,16,1,2,-9999,-9999,-9999,N/A,-9999,-9999,N/A,-9999
1546,431.11904,431.1190025737629,431.11933756470904,4565594,-9999,274695.5,48.35,-1,-0.7770260272942433,0.8962345076086644,0,0.5377407045651986,2,2.230769230769231,0.4615384615384616,N4 S2 P1 O6,de-protonated,0,-9999,C13 H29 O6 N4 P1 S2,13,29,6,4,1,2,-9999,N/A,-9999,-9999,N/A,-9999
1547,431.127166,431.1271285802045,431.1273830687091,2330973,-9999,222606.4,23.86,-1,-0.590286107315301,0.9387335861616698,0,0.5632401516970018,10,1.2608695652173914,0.08695652173913043,S2 P1 O2,de-protonated,0,-9999,C23 H29 O2 P1 S2,23,29,2,-9999,1,2,-9999,N/A,-9999,-9999,N/A,-9999
1548,431.141135,431.14109759127786,431.1414985039691,2184290.8,-9999,476611.6,22.25,-1,-0.9298865746837334,0.8547923622582773,0,0.5128754173549663,1,2,0.5625,S2 O9,de-protonated,0,-9999,C16 H32 O9 S2,16,32,9,-9999,-9999,2,-9999,N/A,-9999,-9999,N/A,-9999
1548,431.141135,431.14109759127786,431.1411183814491,2184290.8,-9999,476611.6,22.25,-1,-0.04822126754736478,0.9995781680634964,0,0.5997469008380978,6,1.6111111111111112,0.3333333333333333,N2 S1 P1 O6,de-protonated,0,-9999,C18 H29 O6 N2 P1 S1,18,29,6,2,1,1,-9999,N/A,-9999,-9999,N/A,-9999
1549,431.142334,431.14229659222826,431.1419665346191,5402723,-9999,289476.2,57.53,-1,0.765542755739913,0.4495598799360971,0.8524773804394659,0.6107268801374446,7,1.5,0.625,N4 O10,de-protonated,0,-9999,C16 H24 O10 N4,16,24,10,4,-9999,-9999,-9999,N/A,-9999,-9999,N/A,-9999
1551,431.155562,431.1555246027142,431.1558852653891,4100200.3,-9999,274260.4,43.25,-1,-0.8365018018281741,0.4403817894274882,0.8295321147073604,0.5960419195394371,6,1.4736842105263157,0.5789473684210527,O11,de-protonated,0,-9999,C19 H28 O11,19,28,11,-9999,-9999,-9999,-9999,N/A,-9999,-9999,N/A,-9999
1551,431.155562,431.1555246027142,431.1557230740591,4100200.3,-9999,274260.4,43.25,-1,-0.4603240413622598,0.9622811125598428,0,0.5773686675359058,1,2.357142857142857,0.35714285714285715,N4 S2 P1 O5,de-protonated,0,-9999,C14 H33 O5 N4 P1 S2,14,33,5,4,1,2,-9999,N/A,-9999,-9999,N/A,-9999
1552,431.163755,431.1637176092089,431.1637685780591,1670635.6,-9999,264476.2,16.62,-1,-0.1182122756144996,0.9974676221649224,0,0.5984805732989534,9,1.375,0.04166666666666666,S2 P1 O1,de-protonated,0,-9999,C24 H33 O1 P1 S2,24,33,1,-9999,1,2,-9999,N/A,-9999,-9999,N/A,-9999
1552,431.163755,431.1637176092089,431.1639652825491,1670635.6,-9999,264476.2,16.62,-1,-0.5744295910541735,0.9418846105641188,0,0.5651307663384713,1,2.2857142857142856,0.5,N4 S2 O7,de-protonated,0,-9999,C14 H32 O7 N4 S2,14,32,7,4,-9999,2,-9999,N/A,-9999,-9999,N/A,-9999
1554,431.176452,431.1764146192739,431.1765015691991,1950320.6,-9999,341736.4,19.68,-1,-0.2016573836990635,0.9926484181375158,0,0.5955890508825095,19,0.8275862068965517,0.06896551724137931,N2 O2,de-protonated,0,-9999,C29 H24 O2 N2,29,24,2,2,-9999,-9999,-9999,N/A,-9999,-9999,N/A,-9999
1555,431.177856,431.1778186203869,431.17815533947913,1624177.1,-9999,335122.8,16.11,-1,-0.7809279947230966,0.895246468202945,0,0.5371478809217669,14,1.0740740740740742,0.1111111111111111,P1 O3,de-protonated,0,-9999,C27 H29 O3 P1,27,29,3,-9999,1,-9999,-9999,N/A,-9999,-9999,N/A,-9999
1555,431.177856,431.1778186203869,431.1778840133191,1624177.1,-9999,335122.8,16.11,-1,-0.15166114638579062,0.9958351770495508,0,0.5975011062297305,0,2.1176470588235294,0.4705882352941176,S2 O8,de-protonated,0,-9999,C17 H36 O8 S2,17,36,8,-9999,-9999,2,-9999,N/A,-9999,-9999,N/A,-9999
1555,431.177856,431.1778186203869,431.1775038907991,1624177.1,-9999,335122.8,16.11,-1,0.7299304462826879,0.9078504832314208,0,0.5447102899388525,5,1.736842105263158,0.2631578947368421,N2 S1 P1 O5,de-protonated,0,-9999,C19 H33 O5 N2 P1 S1,19,33,5,2,1,1,-9999,N/A,-9999,-9999,N/A,-9999
1556,431.178899,431.1788616212137,431.17922142383907,3275377.5,-9999,292672.8,34.21,-1,-0.8344618838413869,0.8813084919005417,0,0.528785095140325,5,1.7777777777777777,0.2222222222222222,N4 S2 O4,de-protonated,0,-9999,C18 H32 O4 N4 S2,18,32,4,4,-9999,2,-9999,N/A,-9999,-9999,N/A,-9999
1557,431.191751,431.1917136314016,431.19210858340904,1614710.6,-9999,354268.6,16,-1,-0.9159537004653228,0.8587905483224728,0,0.5152743289934837,0,2.466666666666667,0.26666666666666666,N4 S2 P1 O4,de-protonated,0,-9999,C15 H37 O4 N4 P1 S2,15,37,4,4,1,2,-9999,N/A,-9999,-9999,N/A,-9999
1558,431.215004,431.2149666498344,431.2145408488291,1509951.9,-9999,311668.7,14.86,-1,0.987445841948848,0.8378456257926478,0,0.5027073754755886,13,1.1785714285714286,0.07142857142857142,P1 O2,de-protonated,0,-9999,C28 H33 O2 P1,28,33,2,-9999,1,-9999,-9999,N/A,-9999,-9999,N/A,-9999
1558,431.215004,431.2149666498344,431.21473755331914,1509951.9,-9999,311668.7,14.86,-1,0.5312817381513365,0.9500736624577688,0,0.5700441974746613,5,1.7777777777777777,0.4444444444444444,N4 O8,de-protonated,0,-9999,C18 H32 O8 N4,18,32,8,4,-9999,-9999,-9999,N/A,-9999,-9999,N/A,-9999
1560,432.202358,432.2023214325184,432.2021244395491,6171144,-9999,275184.3,65.95,-1,0.4557889888545914,0.975787706615669,0.9581547194892664,0.968734511765108,0,2.3333333333333335,0.6,N3 S1 O9,de-protonated,0,-9999,C15 H35 O9 N3 S1,15,35,9,3,-9999,1,-9999,N/A,-9999,-9999,N/A,-9999
1561,433.040329,433.0402930967851,433.0400849208091,1976406.4,-9999,318601.5,19.96,-1,0.4807314226072022,0.9589337571159516,0,0.5753602542695709,22,0.4166666666666667,0.125,N4 S1 O3,de-protonated,0,-9999,C24 H10 O3 N4 S1,24,10,3,4,-9999,1,-9999,N/A,-9999,-9999,N/A,-9999
1561,433.040329,433.0402930967851,433.04021786253907,1976406.4,-9999,318601.5,19.96,-1,0.17373500885010676,0.9945381499098184,0,0.596722889945891,9,1.1538461538461535,0.8461538461538461,N4 P1 O11,de-protonated,0,-9999,C13 H15 O11 N4 P1,13,15,11,4,1,-9999,-9999,N/A,-9999,-9999,N/A,-9999
1562,433.047362,433.04732610236033,433.0474789761291,1305945.3,-9999,473045.6,12.61,-1,-0.35301849385923073,0.9776412380276636,0,0.5865847428165981,21,0.5384615384615384,0.03846153846153846,N2 S2 O1,de-protonated,0,-9999,C26 H14 O1 N2 S2,26,14,1,2,-9999,2,-9999,N/A,-9999,-9999,N/A,-9999
1562,433.047362,433.04732610236033,433.0476119178591,1305945.3,-9999,473045.6,12.61,-1,-0.6600094098637532,0.9240017609509936,0,0.5544010565705961,8,1.2666666666666666,0.6,N2 S1 P1 O9,de-protonated,0,-9999,C15 H19 O9 N2 P1 S1,15,19,9,2,1,1,-9999,N/A,-9999,-9999,N/A,-9999
1563,433.049078,433.0490421037206,433.0491327464091,3148122,-9999,283626.8,32.81,-1,-0.20931271226564865,0.4960409594132781,0.7939170211058494,0.6151913840903066,16,0.7916666666666666,0.08333333333333333,S2 P1 O2,de-protonated,0,-9999,C24 H19 O2 P1 S2,24,19,2,-9999,1,2,-9999,N/A,-9999,-9999,N/A,-9999
1563,433.049078,433.0490421037206,433.04932945089905,3148122,-9999,283626.8,32.81,-1,-0.6635437557087586,0.9232178030142042,0,0.5539306818085225,8,1.2857142857142858,0.5714285714285714,N4 S2 O8,de-protonated,0,-9999,C14 H18 O8 N4 S2,14,18,8,4,-9999,2,-9999,N/A,-9999,-9999,N/A,-9999
1564,433.057832,433.05779611066,433.05737495489905,2163805.5,-9999,318119.1,22.02,-1,0.9725172351036409,0.8423056618757959,0,0.5053833971254775,16,0.75,0.16666666666666666,S2 O4,de-protonated,0,-9999,C24 H18 O4 S2,24,18,4,-9999,-9999,2,-9999,N/A,-9999,-9999,N/A,-9999
1564,433.057832,433.05779611066,433.0575078966291,2163805.5,-9999,318119.1,22.02,-1,0.6655329272277818,0.9227750351349588,0,0.5536650210809753,3,1.7692307692307692,0.9230769230769232,S1 P1 O12,de-protonated,0,-9999,C13 H23 O12 P1 S1,13,23,12,-9999,1,1,-9999,N/A,-9999,-9999,N/A,-9999
1564,433.057832,433.05779611066,433.0578429855491,2163805.5,-9999,318119.1,22.02,-1,-0.10824163530875872,0.9978763596577644,0,0.5987258157946587,22,0.4166666666666667,0.20833333333333337,N4 O5,de-protonated,0,-9999,C24 H10 O5 N4,24,10,5,4,-9999,-9999,-9999,N/A,-9999,-9999,N/A,-9999
1565,433.076643,433.0766071255716,433.07647043015913,1784932.9,-9999,257839.5,17.86,-1,0.31563804955892377,0.9820851565544508,0,0.5892510939326705,21,0.56,0.08,N4 S1 O2,de-protonated,0,-9999,C25 H14 O2 N4 S1,25,14,2,4,-9999,1,-9999,N/A,-9999,-9999,N/A,-9999
1565,433.076643,433.0766071255716,433.07660337188906,1784932.9,-9999,257839.5,17.86,-1,0.0086674793256716,0.999986368724446,0,0.5999918212346675,8,1.3571428571428572,0.7142857142857143,N4 P1 O10,de-protonated,0,-9999,C14 H19 O10 N4 P1,14,19,10,4,1,-9999,-9999,N/A,-9999,-9999,N/A,-9999
1566,433.084051,433.08401513144395,433.0843775497291,2685288,-9999,464386,27.73,-1,-0.8368306591566581,0.8806756399093023,0,0.5284053839455813,2,1.8571428571428572,0.7857142857142857,S2 O11,de-protonated,0,-9999,C14 H26 O11 S2,14,26,11,-9999,-9999,2,-9999,N/A,-9999,-9999,N/A,-9999
1566,433.084051,433.08401513144395,433.0839974272091,2685288,-9999,464386,27.73,-1,0.04087944819172708,0.9996968217544936,0,0.5998180930526961,7,1.4375,0.5,N2 S1 P1 O8,de-protonated,0,-9999,C16 H23 O8 N2 P1 S1,16,23,8,2,1,1,-9999,N/A,-9999,-9999,N/A,-9999
1567,433.085171,433.0851351323318,433.08551825575904,6180712.5,-9999,289149.4,66.05,-1,-0.8846368929262204,0.9337615304335638,0.9626552051349676,0.9453190003141252,15,0.92,0.04,S2 P1 O1,de-protonated,0,-9999,C25 H23 O1 P1 S2,25,23,1,-9999,1,2,-9999,N/A,-9999,-9999,N/A,-9999
1567,433.085171,433.0851351323318,433.08484558037907,6180712.5,-9999,289149.4,66.05,-1,0.668580200133316,0.46104729469629874,0.8684926696514785,0.6240254446783706,8,1.2857142857142858,0.8571428571428571,N4 O12,de-protonated,0,-9999,C14 H18 O12 N4,14,18,12,4,-9999,-9999,-9999,N/A,-9999,-9999,N/A,-9999
1568,433.097721,433.0976851422803,433.0975997982191,1391085.4,-9999,366347.6,13.55,-1,0.19705503151273737,0.99297898643031,0,0.5957873918581861,16,0.8181818181818182,0.18181818181818185,N4 S1 O4,de-protonated,0,-9999,C22 H18 O4 N4 S1,22,18,4,4,-9999,1,-9999,N/A,-9999,-9999,N/A,-9999
1569,433.098437,433.0984011428479,433.09876431114907,2133357.8,-9999,328179,21.68,-1,-0.8385346048478998,0.8802195792689564,0,0.5281317475613738,7,1.2941176470588236,0.7647058823529411,O13,de-protonated,0,-9999,C17 H22 O13,17,22,13,-9999,-9999,-9999,-9999,N/A,-9999,-9999,N/A,-9999
1569,433.098437,433.0984011428479,433.0982512468991,2133357.8,-9999,328179,21.68,-1,0.34610148698289495,0.9784994485061246,0,0.5870996691036747,25,0.4666666666666667,0.06666666666666667,N2 O2,de-protonated,0,-9999,C30 H14 O2 N2,30,14,2,2,-9999,-9999,-9999,N/A,-9999,-9999,N/A,-9999
1569,433.098437,433.0984011428479,433.0986021198191,2133357.8,-9999,328179,21.68,-1,-0.46404437746201815,0.9616808412676552,0,0.5770085047605932,2,2.25,0.5833333333333334,N4 S2 P1 O7,de-protonated,0,-9999,C12 H27 O7 N4 P1 S2,12,27,7,4,1,2,-9999,N/A,-9999,-9999,N/A,-9999
1570,433.120283,433.1202471601654,433.1203829365591,3402870.5,-9999,432715.4,35.6,-1,-0.3134841930387973,0.9823266515723637,0,0.5893959909434182,6,1.588235294117647,0.4117647058823529,N2 S1 P1 O7,de-protonated,0,-9999,C17 H27 O7 N2 P1 S1,17,27,7,2,1,1,-9999,N/A,-9999,-9999,N/A,-9999
1571,433.121631,433.1215951612339,433.12123108972906,7121271,-9999,242735.4,76.36,-1,0.8405764454119227,0.8862816697328328,0.9286813987349573,0.9032415613336826,7,1.4666666666666666,0.7333333333333333,N4 O11,de-protonated,0,-9999,C15 H22 O11 N4,15,22,11,4,-9999,-9999,-9999,N/A,-9999,-9999,N/A,-9999
1573,433.134814,433.1347781716843,433.13514982049907,3462524.3,-9999,324180.9,36.25,-1,-0.8580435343231538,0.8749491171364925,0,0.5249694702818954,6,1.4444444444444444,0.6666666666666666,O12,de-protonated,0,-9999,C18 H26 O12,18,26,12,-9999,-9999,-9999,-9999,N/A,-9999,-9999,N/A,-9999
1573,433.134814,433.1347781716843,433.1346367562491,3462524.3,-9999,324180.9,36.25,-1,0.326493018950178,0.4904219227076189,0.7489023467070353,0.5938140923073855,24,0.5806451612903226,0.03225806451612903,N2 O1,de-protonated,0,-9999,C31 H18 O1 N2,31,18,1,2,-9999,-9999,-9999,N/A,-9999,-9999,N/A,-9999
1573,433.134814,433.1347781716843,433.1349876291691,3462524.3,-9999,324180.9,36.25,-1,-0.48358477329819555,0.9584551175020964,0,0.5750730705012578,1,2.3846153846153846,0.4615384615384616,N4 S2 P1 O6,de-protonated,0,-9999,C13 H31 O6 N4 P1 S2,13,31,6,4,1,2,-9999,N/A,-9999,-9999,N/A,-9999
1574,433.156637,433.15660118898353,433.1562791885591,3248005,-9999,467875.4,33.9,-1,0.743381638229636,0.9045917930688132,0,0.5427550758412879,1,2,0.9333333333333332,O14,de-protonated,0,-9999,C15 H30 O14,15,30,14,-9999,-9999,-9999,-9999,N/A,-9999,-9999,N/A,-9999
1574,433.156637,433.15660118898353,433.1567684459091,3248005,-9999,467875.4,33.9,-1,-0.3861348540828046,0.9733086601135048,0,0.5839851960681028,5,1.7222222222222223,0.3333333333333333,N2 S1 P1 O6,de-protonated,0,-9999,C18 H31 O6 N2 P1 S1,18,31,6,2,1,1,-9999,N/A,-9999,-9999,N/A,-9999
1575,433.158183,433.15814719020904,433.15848597894905,7313285.5,-9999,250056.8,78.47,-1,-0.7821357562551403,0.4474699313485204,0.8446892076502734,0.6063576418692216,5,1.7647058823529411,0.29411764705882354,N4 S2 O5,de-protonated,0,-9999,C17 H30 O5 N4 S2,17,30,5,4,-9999,2,-9999,N/A,-9999,-9999,N/A,-9999
1576,433.171445,433.17140920072194,433.17153532984906,2255115,-9999,238569.4,23.02,-1,-0.29117593571515943,0.9847338856296444,0,0.5908403313777866,5,1.5789473684210529,0.5789473684210527,O11,de-protonated,0,-9999,C19 H30 O11,19,30,11,-9999,-9999,-9999,-9999,N/A,-9999,-9999,N/A,-9999
1576,433.171445,433.17140920072194,433.17137313851913,2255115,-9999,238569.4,23.02,-1,0.0832515836594421,0.9987432011283072,0,0.5992459206769842,0,2.5,0.35714285714285715,N4 S2 P1 O5,de-protonated,0,-9999,C14 H35 O5 N4 P1 S2,14,35,5,4,1,2,-9999,N/A,-9999,-9999,N/A,-9999
1577,433.194764,433.1947282192071,433.1948714882991,3568020.3,-9999,304563.7,37.41,-1,-0.3307266576306407,0.9803487733505344,0,0.5882092640103207,4,1.8888888888888888,0.2222222222222222,N4 S2 O4,de-protonated,0,-9999,C18 H34 O4 N4 S2,18,34,4,4,-9999,2,-9999,N/A,-9999,-9999,N/A,-9999
1578,433.205406,433.20537022764313,433.2054189157491,1367832.5,-9999,250788.6,13.29,-1,-0.11239034375556184,0.9977106392956212,0,0.5986263835773727,8,1.4166666666666667,0.20833333333333337,S1 O5,de-protonated,0,-9999,C24 H34 O5 S1,24,34,5,-9999,-9999,1,-9999,N/A,-9999,-9999,N/A,-9999
1578,433.205406,433.20537022764313,433.2050387932291,1367832.5,-9999,250788.6,13.29,-1,0.7650751592027638,0.899236531584613,0,0.5395419189507678,13,1.1923076923076923,0.07692307692307693,N2 P1 O2,de-protonated,0,-9999,C26 H31 O2 N2 P1,26,31,2,2,1,-9999,-9999,N/A,-9999,-9999,N/A,-9999
1578,433.205406,433.20537022764313,433.2054792746191,1367832.5,-9999,250788.6,13.29,-1,-0.25172113741819013,0.9885686111088452,0.9581547194892664,0.9764030544610136,0,2.5,0.6428571428571429,13C1 N3 S1 O9,de-protonated,1,1560,C14 H35 O9 N3 S1 13C1,14,35,9,3,-9999,1,1,N/A,-9999,-9999,N/A,-9999
1579,433.230739,433.2307032477248,433.23038761777906,1835426.6,-9999,359698.5,18.42,-1,0.7285498773427046,0.9081822295926206,0,0.5449093377555724,4,1.8888888888888888,0.4444444444444444,N4 O8,de-protonated,0,-9999,C18 H34 O8 N4,18,34,8,4,-9999,-9999,-9999,N/A,-9999,-9999,N/A,-9999
1580,433.231525,433.2314892483478,433.2319084463291,1285027,-9999,602608.3,12.38,-1,-0.9676064322603628,0.8437630690763779,0,0.5062578414458268,12,1.2592592592592593,0.03703703703703703,N2 S1 O1,de-protonated,0,-9999,C27 H34 O1 N2 S1,27,34,1,2,-9999,1,-9999,N/A,-9999,-9999,N/A,-9999
1580,433.231525,433.2314892483478,433.23125699764904,1285027,-9999,602608.3,12.38,-1,0.536089432688116,0.9491894405570812,0,0.5695136643342487,3,2,0.15789473684210523,N4 S2 O3,de-protonated,0,-9999,C19 H38 O3 N4 S2,19,38,3,4,-9999,2,-9999,N/A,-9999,-9999,N/A,-9999
1581,434.088898,434.0888629279948,434.0888730908291,1315579.3,-9999,408200.5,12.26,-1,-0.02341187472090685,0.9999005500394752,0.9626552051349676,0.985002412077672,15,0.9583333333333334,0.04166666666666666,13C1 S2 P1 O1,de-protonated,1,1567,C24 H23 O1 P1 S2 13C1,24,23,1,-9999,1,2,1,N/A,-9999,-9999,N/A,-9999
1581,434.088898,434.0888629279948,434.0890094364491,1315579.3,-9999,408200.5,12.26,-1,-0.3375078638435781,0.97954303921014,0,0.587725823526084,15,0.875,0.125,N1 S2 O3,de-protonated,0,-9999,C24 H21 O3 N1 S2,24,21,3,1,-9999,2,-9999,N/A,-9999,-9999,N/A,-9999
1581,434.088898,434.0888629279948,434.0891423781791,1315579.3,-9999,408200.5,12.26,-1,-0.6437622068799344,0.9275600534244208,0,0.5565360320546525,2,2,0.8461538461538461,N1 S1 P1 O11,de-protonated,0,-9999,C13 H26 O11 N1 P1 S1,13,26,11,1,1,1,-9999,N/A,-9999,-9999,N/A,-9999
1582,434.124964,434.1249289565846,434.1245255659291,1903369.8,-9999,290573.3,18.48,-1,0.9292049440571606,0.854988930909192,0,0.5129933585455152,15,0.875,0.2916666666666667,N1 O7,de-protonated,0,-9999,C24 H21 O7 N1,24,21,7,1,-9999,-9999,-9999,N/A,-9999,-9999,N/A,-9999
1582,434.124964,434.1249289565846,434.1245859247991,1903369.8,-9999,290573.3,18.48,-1,0.7901689898265962,0.8928911680470891,0.9286813987349573,0.9072072603222364,7,1.5714285714285714,0.7857142857142857,13C1 N4 O11,de-protonated,1,1571,C14 H22 O11 N4 13C1,14,22,11,4,-9999,-9999,1,N/A,-9999,-9999,N/A,-9999
1583,434.161341,434.161305985421,434.1609110752791,1766168.4,-9999,322159.6,17.03,-1,0.9095939588721988,0.8606016017269181,0,0.5163609610361508,14,1,0.24,N1 O6,de-protonated,0,-9999,C25 H25 O6 N1,25,25,6,1,-9999,-9999,-9999,N/A,-9999,-9999,N/A,-9999
1584,434.199614,434.1995790157603,434.1991470593991,1722151.9,-9999,328523.4,16.56,-1,0.9948346609274538,0.8356219011819803,0,0.5013731407091881,0,2.357142857142857,0.8571428571428571,N3 O12,de-protonated,0,-9999,C14 H33 O12 N3,14,33,12,3,-9999,-9999,-9999,N/A,-9999,-9999,N/A,-9999
1585,435.053031,435.0529966922713,435.0533660035491,7352960.5,-9999,453439,76.11,-1,-0.8488873014108493,0.4387169410890922,0.8446892076502734,0.6011058477135647,12,1,0.35294117647058826,N4 S1 P1 O6,de-protonated,0,-9999,C17 H17 O6 N4 P1 S1,17,17,6,4,1,1,-9999,N/A,-9999,-9999,N/A,-9999
1586,435.054638,435.0546036935452,435.0543975747491,3626625.3,-9999,324866.7,36.7,-1,0.47377706612151976,0.48004472275257293,0.8007932653391621,0.6083441397872086,16,0.6956521739130435,0.30434782608695654,S1 O7,de-protonated,0,-9999,C23 H16 O7 S1,23,16,7,-9999,-9999,1,-9999,N/A,-9999,-9999,N/A,-9999
1587,435.056963,435.0569286953882,435.05689949819913,24187522,-9999,408862.4,254.14,-1,0.06711119648571397,0.9813849760840714,0.953140989314639,0.9700873813762984,12,0.8421052631578947,0.631578947368421,O12,de-protonated,0,-9999,C19 H16 O12,19,16,12,-9999,-9999,-9999,-9999,N/A,-9999,-9999,N/A,-9999
1587,435.056963,435.0569286953882,435.0567373068691,24187522,-9999,408862.4,254.14,-1,0.4399162286226984,0.6165200836690344,0.9278887375715256,0.7410675452300308,7,1.5,0.42857142857142855,N4 S2 P1 O6,de-protonated,0,-9999,C14 H21 O6 N4 P1 S2,14,21,6,4,1,2,-9999,N/A,-9999,-9999,N/A,-9999
1588,435.05844,435.0584056965591,435.0580402042291,89875072,-9999,367500.7,948.81,-1,0.8401001618518055,0.29326664979461065,0.7270833474793111,0.4667933288684909,25,0.43333333333333335,0.06666666666666667,P1 O2,de-protonated,0,-9999,C30 H13 O2 P1,30,13,2,-9999,1,-9999,-9999,N/A,-9999,-9999,N/A,-9999
1588,435.05844,435.0584056965591,435.05823690871904,89875072,-9999,367500.7,948.81,-1,0.3879660829737257,0.19461166880215883,0.7876534360657852,0.4318283757076094,17,0.6,0.4,N4 O8,de-protonated,0,-9999,C20 H12 O8 N4,20,12,8,4,-9999,-9999,-9999,N/A,-9999,-9999,N/A,-9999
1589,435.062953,435.06291870013655,435.06312904058905,3357828.5,-9999,303843.5,33.86,-1,-0.4834711067361556,0.47923711712986966,0.7805128205128198,0.5997473984830497,20,0.6153846153846154,0.03846153846153846,N2 S2 O1,de-protonated,0,-9999,C26 H16 O1 N2 S2,26,16,1,2,-9999,2,-9999,N/A,-9999,-9999,N/A,-9999
1589,435.062953,435.06291870013655,435.06326198231915,3357828.5,-9999,303843.5,33.86,-1,-0.789039692834625,0.8931801497324257,0,0.5359080898394554,7,1.4,0.6,N2 S1 P1 O9,de-protonated,0,-9999,C15 H21 O9 N2 P1 S1,15,21,9,2,1,1,-9999,N/A,-9999,-9999,N/A,-9999
1590,435.064501,435.0644667013637,435.06478281086913,3618949.3,-9999,237257,36.62,-1,-0.726580311668382,0.4543273159842359,0.7939170211058493,0.5901631980328813,15,0.875,0.08333333333333333,S2 P1 O2,de-protonated,0,-9999,C24 H21 O2 P1 S2,24,21,2,-9999,1,2,-9999,N/A,-9999,-9999,N/A,-9999
1591,435.092464,435.0924297235302,435.0921204946191,1497648.5,-9999,243721.1,14.19,-1,0.7107205497692572,0.912420763546701,0,0.5474524581280206,20,0.64,0.08,N4 S1 O2,de-protonated,0,-9999,C25 H16 O2 N4 S1,25,16,2,4,-9999,1,-9999,N/A,-9999,-9999,N/A,-9999
1591,435.092464,435.0924297235302,435.09225343634904,1497648.5,-9999,243721.1,14.19,-1,0.40517196009723205,0.970651872489214,0,0.5823911234935283,7,1.5,0.7142857142857143,N4 P1 O10,de-protonated,0,-9999,C14 H21 O10 N4 P1,14,21,10,4,1,-9999,-9999,N/A,-9999,-9999,N/A,-9999
1592,435.100954,435.1009197302603,435.1011683202191,9378452,-9999,254417.7,97.53,-1,-0.5713382930242913,0.6159848340963604,0.9066696536480372,0.7322587619170311,14,1,0.04,S2 P1 O1,de-protonated,0,-9999,C25 H25 O1 P1 S2,25,25,1,-9999,1,2,-9999,N/A,-9999,-9999,N/A,-9999
1592,435.100954,435.1009197302603,435.1004956448391,9378452,-9999,254417.7,97.53,-1,0.974683838372764,0.865666578767014,0.9601986739147012,0.9034794168260888,7,1.4285714285714286,0.8571428571428571,N4 O12,de-protonated,0,-9999,C14 H20 O12 N4,14,20,12,4,-9999,-9999,-9999,N/A,-9999,-9999,N/A,-9999
1593,435.113877,435.1138427405044,435.1139013113591,1389465.1,-9999,461880.6,13.04,-1,-0.134610396233718,0.9967175563205828,0,0.5980305337923496,24,0.5333333333333333,0.06666666666666667,N2 O2,de-protonated,0,-9999,C30 H16 O2 N2,30,16,2,2,-9999,-9999,-9999,N/A,-9999,-9999,N/A,-9999
1593,435.113877,435.1138427405044,435.11425218427905,1389465.1,-9999,461880.6,13.04,-1,-0.9410029034294164,0.8515727409551003,0,0.5109436445730602,1,2.4166666666666665,0.5833333333333334,N4 S2 P1 O7,de-protonated,0,-9999,C12 H29 O7 N4 P1 S2,12,29,7,4,1,2,-9999,N/A,-9999,-9999,N/A,-9999
1594,435.135959,435.135924758009,435.1360330010191,5354146,-9999,356909.7,54.97,-1,-0.24875671480119976,0.9914283674288344,0.9484974190960264,0.9742559880957112,5,1.7058823529411764,0.4117647058823529,N2 S1 P1 O7,de-protonated,0,-9999,C17 H29 O7 N2 P1 S1,17,29,7,2,1,1,-9999,N/A,-9999,-9999,N/A,-9999
1595,435.137255,435.1372207590363,435.1368811541891,13040291,-9999,271093.9,136.25,-1,0.7804552129114973,0.4476831946779547,0.8604105061749866,0.6127741192767675,6,1.6,0.7333333333333333,N4 O11,de-protonated,0,-9999,C15 H24 O11 N4,15,24,11,4,-9999,-9999,-9999,N/A,-9999,-9999,N/A,-9999
1596,435.15028,435.1502457693614,435.1502868207091,2005159.9,-9999,301907.2,19.55,-1,-0.09433832157974494,0.9983864608499784,0,0.5990318765099869,23,0.6451612903225806,0.03225806451612903,N2 O1,de-protonated,0,-9999,C31 H20 O1 N2,31,20,1,2,-9999,-9999,-9999,N/A,-9999,-9999,N/A,-9999
1597,435.172421,435.17238678691274,435.1724185103691,3991472.8,-9999,357692.3,40.56,-1,-0.07289859144561922,0.49951810464756485,0.8370420509349343,0.6345276831625126,4,1.8333333333333333,0.3333333333333333,N2 S1 P1 O6,de-protonated,0,-9999,C18 H33 O6 N2 P1 S1,18,33,6,2,1,1,-9999,N/A,-9999,-9999,N/A,-9999
1598,435.173606,435.1735717878521,435.1732666635391,8890033,-9999,252919.6,92.36,-1,0.7011559219642544,0.95464838723257,0.9594634761449116,0.9565744227975066,5,1.75,0.625,N4 O10,de-protonated,0,-9999,C16 H28 O10 N4,16,28,10,4,-9999,-9999,-9999,N/A,-9999,-9999,N/A,-9999
1600,435.208996,435.2089618159061,435.2088040197191,1317567.8,-9999,331105.9,12.28,-1,0.3625758154562114,0.9764287792662864,0,0.5858572675597717,3,1.9473684210526316,0.2631578947368421,N2 S1 P1 O5,de-protonated,0,-9999,C19 H37 O5 N2 P1 S1,19,37,5,2,1,1,-9999,N/A,-9999,-9999,N/A,-9999
1601,435.210051,435.2100168167424,435.2096521728891,2808768.3,-9999,251869.1,28.05,-1,0.8378579185174292,0.8804007769639185,0,0.5282404661783511,4,1.8823529411764703,0.5294117647058824,N4 O9,de-protonated,0,-9999,C17 H32 O9 N4,17,32,9,4,-9999,-9999,-9999,N/A,-9999,-9999,N/A,-9999
1602,436.06048500000003,436.06045149088874,436.0602543332691,3411481.8,-9999,464968.5,34.42,-1,0.4521338913446616,0.9635868473689788,0.953140989314639,0.9594085041472428,12,0.8888888888888888,0.6666666666666666,13C1 O12,de-protonated,1,1587,C18 H16 O12 13C1,18,16,12,-9999,-9999,-9999,1,N/A,-9999,-9999,N/A,-9999
1602,436.06048500000003,436.06045149088874,436.0600317830691,3411481.8,-9999,464968.5,34.42,-1,0.9625000894965852,0.42263666844881576,0.8007932653391621,0.5738993072049543,15,0.8695652173913043,0.08695652173913043,N1 S2 P1 O2,de-protonated,0,-9999,C23 H20 O2 N1 P1 S2,23,20,2,1,1,2,-9999,N/A,-9999,-9999,N/A,-9999
1602,436.06048500000003,436.06045149088874,436.06087993623913,3411481.8,-9999,464968.5,34.42,-1,-0.9825356277244142,0.41965873458771547,0.8149093904448103,0.5777589969305534,16,0.7142857142857143,0.2857142857142857,N3 S1 O6,de-protonated,0,-9999,C21 H15 O6 N3 S1,21,15,6,3,-9999,1,-9999,N/A,-9999,-9999,N/A,-9999
1602,436.06048500000003,436.06045149088874,436.0600921419391,3411481.8,-9999,464968.5,34.42,-1,0.8240812587978718,0.5893773070782976,0.9278887375715256,0.7247818792755888,7,1.6153846153846154,0.4615384615384616,13C1 N4 S2 P1 O6,de-protonated,1,1587,C13 H21 O6 N4 P1 S2 13C1,13,21,6,4,1,2,1,N/A,-9999,-9999,N/A,-9999
1603,436.061844,436.061810491966,436.0615313849191,8507930,-9999,256324,88.32,-1,0.6400634471223411,0.464179801273194,0.7612342259156646,0.58300157113018225,25,0.3793103448275862,0.13793103448275862,N1 O4,de-protonated,0,-9999,C29 H11 O4 N1,29,11,4,1,-9999,-9999,-9999,N/A,-9999,-9999,N/A,-9999
1603,436.061844,436.061810491966,436.06188225783904,8507930,-9999,256324,88.32,-1,-0.16457726747253798,0.33169913222656405,0.827502122610731,0.5300203283802308,2,2.1818181818181817,0.8181818181818182,N3 S2 P1 O9,de-protonated,0,-9999,C11 H24 O9 N3 P1 S2,11,24,9,3,1,2,-9999,N/A,-9999,-9999,N/A,-9999
1604,436.104234,436.1042005255689,436.10452315528914,1938731.5,-9999,245609.4,18.85,-1,-0.7397990690632361,0.6036429143703615,0.9066696536480372,0.7248536100814318,14,1.0416666666666667,0.04166666666666666,13C1 S2 P1 O1,de-protonated,1,1592,C24 H25 O1 P1 S2 13C1,24,25,1,-9999,1,2,1,N/A,-9999,-9999,N/A,-9999
1604,436.104234,436.1042005255689,436.103790121039,1938731.5,-9999,245609.4,18.85,-1,0.9410707706972,0.8515530045735623,0,0.5109318027441374,15,0.8260869565217391,0.34782608695652173,N1 O8,de-protonated,0,-9999,C23 H19 O8 N1,23,19,8,1,-9999,-9999,-9999,N/A,-9999,-9999,N/A,-9999
1604,436.104234,436.1042005255689,436.1038504799091,1938731.5,-9999,245609.4,18.85,-1,0.8026658315468667,0.8896720321746637,0.9601986739147012,0.9178826888706788,7,1.5384615384615383,0.9230769230769232,13C1 N4 O12,de-protonated,1,1592,C13 H20 O12 N4 13C1,13,20,12,4,-9999,-9999,1,N/A,-9999,-9999,N/A,-9999
1605,436.139342,436.1393085533993,436.1393878360891,1396025.8,-9999,375733.1,13.11,-1,-0.1817829163438,0.9940219629543938,0.9484974190960264,0.9758121454110468,5,1.8125,0.4375,13C1 N2 S1 P1 O7,de-protonated,1,1594,C16 H29 O7 N2 P1 S1 13C1,16,29,7,2,1,1,1,N/A,-9999,-9999,N/A,-9999
1605,436.139342,436.1393085533993,436.1395241817091,1396025.8,-9999,375733.1,13.11,-1,-0.4944021300965417,0.9566170433156626,0,0.5739702259893975,5,1.6875,0.5625,N3 S1 O9,de-protonated,0,-9999,C16 H27 O9 N3 S1,16,27,9,3,-9999,1,-9999,N/A,-9999,-9999,N/A,-9999
1606,436.140763,436.14072955452576,436.1410450102591,2732474.5,-9999,279803.9,27.24,-1,-0.7232883420773182,0.4547209523600573,0.7871578612348809,0.5876957159099867,13,1.08,0.08,N1 S2 O2,de-protonated,0,-9999,C25 H27 O2 N1 S2,25,27,2,1,-9999,2,-9999,N/A,-9999,-9999,N/A,-9999
1607,436.17673,436.17669658303714,436.1765611397391,2059081,-9999,302811.9,20.12,-1,0.3105240174058145,0.9826559505037428,0,0.5895935703022457,13,1.08,0.24,N1 O6,de-protonated,0,-9999,C25 H27 O6 N1,25,27,6,1,-9999,-9999,-9999,N/A,-9999,-9999,N/A,-9999
1607,436.17673,436.17669658303714,436.1766214986091,2059081,-9999,302811.9,20.12,-1,0.17214225690341808,0.994637568395342,0.9594634761449116,0.98056793149517,5,1.8666666666666667,0.6666666666666666,13C1 N4 O10,de-protonated,1,1598,C15 H28 O10 N4 13C1,15,28,10,4,-9999,-9999,1,N/A,-9999,-9999,N/A,-9999
1609,437.05099,437.0509572760705,437.05076874591913,7224750.5,-9999,441536,74.74,-1,0.4313689961411694,0.48339990418891565,0.8684926696514785,0.6374370103739408,7,1.2857142857142858,0.8571428571428571,N2 S1 O12,de-protonated,0,-9999,C14 H18 O12 N2 S1,14,18,12,2,-9999,1,-9999,N/A,-9999,-9999,N/A,-9999
1609,437.05099,437.0509572760705,437.0512580032691,7224750.5,-9999,441536,74.74,-1,-0.6880822170651173,0.45883924630801703,0.8446892076502734,0.6131792308449195,11,1.1176470588235294,0.2352941176470588,N4 S2 P1 O4,de-protonated,0,-9999,C17 H19 O4 N4 P1 S2,17,19,4,4,1,2,-9999,N/A,-9999,-9999,N/A,-9999
1610,437.054871,437.05483827914696,437.0547914979191,24077744,-9999,432474.9,252.97,-1,0.10703744421926734,0.3326410997032045,0.799846180426574,0.5195231319925523,11,0.9473684210526316,0.5263157894736842,S1 O10,de-protonated,0,-9999,C19 H18 O10 S1,19,18,10,-9999,-9999,1,-9999,N/A,-9999,-9999,N/A,-9999
1610,437.054871,437.05483827914696,437.0544113753991,24077744,-9999,432474.9,252.97,-1,0.9767748287750928,0.42051909590035974,0.8149093904448103,0.57827521371814,16,0.7142857142857143,0.3333333333333333,N2 P1 O7,de-protonated,0,-9999,C21 H15 O7 N2 P1,21,15,7,2,1,-9999,-9999,N/A,-9999,-9999,N/A,-9999
1611,437.056439,437.05640628039,437.05678035711907,87074224,-9999,358937,919.18,-1,-0.855899612819617,0.291844226245959,0.7423580783045168,0.4720497670693821,25,0.35714285714285715,0.14285714285714285,N2 O4,de-protonated,0,-9999,C28 H10 O4 N2,28,10,4,2,-9999,-9999,-9999,N/A,-9999,-9999,N/A,-9999
1611,437.056439,437.05640628039,437.0561289084391,87074224,-9999,358937,919.18,-1,0.6346369093391758,0.13278936221330137,0.7576310206291961,0.3827260255796593,16,0.7,0.3,N4 S1 O6,de-protonated,0,-9999,C20 H14 O6 N4 S1,20,14,6,4,-9999,1,-9999,N/A,-9999,-9999,N/A,-9999
1612,437.071721,437.0716882925042,437.0720364984091,1578678.9,-9999,234568.2,15.03,-1,-0.7966785239865699,0.8912191901718663,0,0.5347315141031198,29,0.3125,0.03125,N2 O1,de-protonated,0,-9999,C32 H10 O1 N2,32,10,1,2,-9999,-9999,-9999,N/A,-9999,-9999,N/A,-9999
1612,437.071721,437.0716882925042,437.07138504972914,1578678.9,-9999,234568.2,15.03,-1,0.6938060587017923,0.9163623792203596,0,0.5498174275322157,20,0.5833333333333334,0.125,N4 S1 O3,de-protonated,0,-9999,C24 H14 O3 N4 S1,24,14,3,4,-9999,1,-9999,N/A,-9999,-9999,N/A,-9999
1612,437.071721,437.0716882925042,437.0715179914591,1578678.9,-9999,234568.2,15.03,-1,0.38964114130569705,0.9728283949653328,0,0.5836970369791996,7,1.4615384615384617,0.8461538461538461,N4 P1 O11,de-protonated,0,-9999,C13 H19 O11 N4 P1,13,19,11,4,1,-9999,-9999,N/A,-9999,-9999,N/A,-9999
1613,437.078977,437.078944298256,437.0792921692991,3626425.8,-9999,421996.4,36.69,-1,-0.7958991635929228,0.8914199266134816,0,0.5348519559680889,1,2,0.9230769230769232,S2 O12,de-protonated,0,-9999,C13 H26 O12 S2,13,26,12,-9999,-9999,2,-9999,N/A,-9999,-9999,N/A,-9999
1613,437.078977,437.078944298256,437.0787791050491,3626425.8,-9999,421996.4,36.69,-1,0.37794835816957995,0.487206992065134,0.7805128205128199,0.6045293234442084,19,0.6923076923076923,0.03846153846153846,N2 S2 O1,de-protonated,0,-9999,C26 H18 O1 N2 S2,26,18,1,2,-9999,2,-9999,N/A,-9999,-9999,N/A,-9999
1613,437.078977,437.078944298256,437.07891204677907,3626425.8,-9999,421996.4,36.69,-1,0.07378868226646954,0.999012541561525,0,0.599407524936915,6,1.5333333333333334,0.6,N2 S1 P1 O9,de-protonated,0,-9999,C15 H23 O9 N2 P1 S1,15,23,9,2,1,1,-9999,N/A,-9999,-9999,N/A,-9999
1614,437.080433,437.08040029941026,437.08043287532905,7779770.5,-9999,255299.1,80.61,-1,-0.07453071870585408,0.9937454295899154,0.9860677572661888,0.9906743606604248,14,0.9583333333333334,0.08333333333333333,S2 P1 O2,de-protonated,0,-9999,C24 H23 O2 P1 S2,24,23,2,-9999,1,2,-9999,N/A,-9999,-9999,N/A,-9999
1614,437.080433,437.08040029941026,437.080629579819,7779770.5,-9999,255299.1,80.61,-1,-0.5245723402715209,0.9329362646154156,0.939356594188182,0.935504396444522,6,1.5714285714285714,0.5714285714285714,N4 S2 O8,de-protonated,0,-9999,C14 H22 O8 N4 S2,14,22,8,4,-9999,2,-9999,N/A,-9999,-9999,N/A,-9999
1615,437.108821,437.1087883219136,437.1089350720091,1360582,-9999,396063.2,12.73,-1,-0.3357288852302739,0.9797559330439394,0,0.5878535598263636,10,1.1,0.55,O11,de-protonated,0,-9999,C20 H22 O11,20,22,11,-9999,-9999,-9999,-9999,N/A,-9999,-9999,N/A,-9999
1615,437.108821,437.1087883219136,437.1087728806791,1360582,-9999,396063.2,12.73,-1,0.03532583982179334,0.9997735931039506,0,0.5998641558623704,5,1.8,0.3333333333333333,N4 S2 P1 O5,de-protonated,0,-9999,C15 H27 O5 N4 P1 S2,15,27,5,4,1,2,-9999,N/A,-9999,-9999,N/A,-9999
1616,437.115323,437.1152903270678,437.1156776786491,6018504.5,-9999,431763.9,61.99,-1,-0.8861534854270877,0.8642631795803659,0.9520307285881132,0.8993701991834648,0,2.142857142857143,0.7857142857142857,S2 O11,de-protonated,0,-9999,C14 H30 O11 S2,14,30,11,-9999,-9999,2,-9999,N/A,-9999,-9999,N/A,-9999
1616,437.115323,437.1152903270678,437.11529755612906,6018504.5,-9999,431763.9,61.99,-1,-0.01653811093423062,0.9998342571401228,0.968046017800126,0.987118961404124,5,1.6875,0.5,N2 S1 P1 O8,de-protonated,0,-9999,C16 H27 O8 N2 P1 S1,16,27,8,2,1,1,-9999,N/A,-9999,-9999,N/A,-9999
1617,437.116755,437.11672232820297,437.1168183846791,14118345,-9999,265787.6,147.65,-1,-0.21975012650736137,0.6474866281723336,0.9171657034642484,0.7553582582890995,13,1.08,0.04,S2 P1 O1,de-protonated,0,-9999,C25 H27 O1 P1 S2,25,27,1,-9999,1,2,-9999,N/A,-9999,-9999,N/A,-9999
1617,437.116755,437.11672232820297,437.1170150891691,14118345,-9999,265787.6,147.65,-1,-0.6697542215034156,0.5878826036678103,0.9285118293388496,0.7241342939362261,5,1.7333333333333334,0.4666666666666667,N4 S2 O7,de-protonated,0,-9999,C15 H26 O7 N4 S2,15,26,7,4,-9999,2,-9999,N/A,-9999,-9999,N/A,-9999
1618,437.153028,437.1529953569569,437.15340059851906,15027672,-9999,290343.3,157.26,-1,-0.9270008230055596,0.5849423841255432,0.9291242454535252,0.7226151286567359,4,1.875,0.375,N4 S2 O6,de-protonated,0,-9999,C16 H30 O6 N4 S2,16,30,6,4,-9999,2,-9999,N/A,-9999,-9999,N/A,-9999
1619,437.187935,437.18790238462793,437.1880685748291,2570982.5,-9999,393527.8,25.53,-1,-0.380134347505061,0.9741210319922144,0,0.5844726191953286,3,1.9444444444444444,0.3333333333333333,N2 S1 P1 O6,de-protonated,0,-9999,C18 H35 O6 N2 P1 S1,18,35,6,2,1,1,-9999,N/A,-9999,-9999,N/A,-9999
1620,437.189369,437.1893363857647,437.188916727999,6723047,-9999,275041.9,69.44,-1,0.9599002846957186,0.4230201129573372,0.8524773804394659,0.5948030199501886,4,1.875,0.625,N4 O10,de-protonated,0,-9999,C16 H30 O10 N4,16,30,10,4,-9999,-9999,-9999,N/A,-9999,-9999,N/A,-9999
1621,437.225692,437.22565941455827,437.2253022373491,1482742,-9999,245714.5,14.02,-1,0.8169179764102181,0.8859536137270404,0,0.5315721682362242,3,2,0.5294117647058824,N4 O9,de-protonated,0,-9999,C17 H34 O9 N4,17,34,9,4,-9999,-9999,-9999,N/A,-9999,-9999,N/A,-9999
1622,438.059819,438.0597870757779,438.0594233846391,8578893,-9999,268036,89.06,-1,0.8302324282010767,0.4412175569089247,0.7612342259156645,0.5692242245116206,24,0.4482758620689655,0.06896551724137931,N1 S1 O2,de-protonated,0,-9999,C29 H13 O2 N1 S1,29,13,2,1,-9999,1,-9999,N/A,-9999,-9999,N/A,-9999
1622,438.059819,438.0597870757779,438.0595563263691,8578893,-9999,268036,89.06,-1,0.5267535097760828,0.47544997228448294,0.8370420509349343,0.6200868037446635,11,1,0.5555555555555556,N1 P1 O10,de-protonated,0,-9999,C18 H18 O10 N1 P1,18,18,10,1,1,-9999,-9999,N/A,-9999,-9999,N/A,-9999
1623,438.083709,438.0836770947157,438.0837877103991,1850454.9,-9999,321989.8,17.9,-1,-0.2524989203305579,0.9884982676517386,0.9860677572661888,0.9875260634975188,14,1,0.08695652173913043,13C1 S2 P1 O2,de-protonated,1,1614,C23 H23 O2 P1 S2 13C1,23,23,2,-9999,1,2,1,N/A,-9999,-9999,N/A,-9999
1623,438.083709,438.0836770947157,438.0839240560191,1850454.9,-9999,321989.8,17.9,-1,-0.5637305772442497,0.9439680387868628,0,0.5663808232721177,14,0.9130434782608696,0.17391304347826086,N1 S2 O4,de-protonated,0,-9999,C23 H21 O4 N1 S2,23,21,4,1,-9999,2,-9999,N/A,-9999,-9999,N/A,-9999
1623,438.083709,438.0836770947157,438.08354393349913,1850454.9,-9999,321989.8,17.9,-1,0.30396306463766765,0.9833750580484292,0,0.5900250348290574,19,0.72,0.04,N3 S1 P1 O1,de-protonated,0,-9999,C25 H18 O1 N3 P1 S1,25,18,1,3,1,1,-9999,N/A,-9999,-9999,N/A,-9999
1623,438.083709,438.0836770947157,438.08398441488913,1850454.9,-9999,321989.8,17.9,-1,-0.7015097204022941,0.9145768484748488,0.939356594188182,0.924488746760182,6,1.6923076923076923,0.6153846153846154,13C1 N4 S2 O8,de-protonated,1,1614,C13 H22 O8 N4 S2 13C1,13,22,8,4,-9999,2,1,N/A,-9999,-9999,N/A,-9999
1624,438.118667,438.1186351224272,438.11903251371905,1316453.3,-9999,433426,12.26,-1,-0.9070395539145316,0.8613265314365433,0.9520307285881132,0.8976082102971712,0,2.3076923076923075,0.8461538461538461,13C1 S2 O11,de-protonated,1,1616,C13 H30 O11 S2 13C1,13,30,11,-9999,-9999,2,1,N/A,-9999,-9999,N/A,-9999
1624,438.118667,438.1186351224272,438.1186523911991,1316453.3,-9999,433426,12.26,-1,-0.03941574216842062,0.9997181409181009,0.968046017800126,0.9870492916709108,5,1.8,0.5333333333333333,13C1 N2 S1 P1 O8,de-protonated,1,1616,C15 H27 O8 N2 P1 S1 13C1,15,27,8,2,1,1,1,N/A,-9999,-9999,N/A,-9999
1624,438.118667,438.1186351224272,438.1187887368191,1316453.3,-9999,433426,12.26,-1,-0.3506226982866891,0.9779403272596744,0,0.5867641963558046,5,1.6666666666666667,0.6666666666666666,N3 S1 O10,de-protonated,0,-9999,C15 H25 O10 N3 S1,15,25,10,3,-9999,1,-9999,N/A,-9999,-9999,N/A,-9999
1625,438.119975,438.11994312346405,438.1201732197491,3137125.8,-9999,276287.2,31.51,-1,-0.5251898888253627,0.6341225246649645,0.9171657034642484,0.7473397961846782,13,1.125,0.04166666666666666,13C1 S2 P1 O1,de-protonated,1,1617,C24 H27 O1 P1 S2 13C1,24,27,1,-9999,1,2,1,N/A,-9999,-9999,N/A,-9999
1625,438.119975,438.11994312346405,438.12030956536904,3137125.8,-9999,276287.2,31.51,-1,-0.8363956132287893,0.9273656398788476,0.8734823016375841,0.9058123045823422,13,1.0416666666666667,0.125,N1 S2 O3,de-protonated,0,-9999,C24 H25 O3 N1 S2,24,25,3,1,-9999,2,-9999,N/A,-9999,-9999,N/A,-9999
1625,438.119975,438.11994312346405,438.1203699242391,3137125.8,-9999,276287.2,31.51,-1,-0.974163276516102,0.5612107144330708,0.9285118293388496,0.7081311603953824,5,1.8571428571428572,0.5,13C1 N4 S2 O7,de-protonated,1,1617,C14 H26 O7 N4 S2 13C1,14,26,7,4,-9999,2,1,N/A,-9999,-9999,N/A,-9999
1626,438.154948,438.1549161511874,438.1551742461691,1548148.3,-9999,413314,14.71,-1,-0.5890492612186341,0.9389820748620672,0,0.5633892449172404,4,1.8125,0.5625,N3 S1 O9,de-protonated,0,-9999,C16 H29 O9 N3 S1,16,29,9,3,-9999,1,-9999,N/A,-9999,-9999,N/A,-9999
1627,438.156452,438.15642015237967,438.1566950747191,3003764.8,-9999,262241.2,30.1,-1,-0.6274521023555304,0.4655280957093192,0.7871578612348809,0.5941800019195438,12,1.16,0.08,N1 S2 O2,de-protonated,0,-9999,C25 H29 O2 N1 S2,25,29,2,1,-9999,2,-9999,N/A,-9999,-9999,N/A,-9999
1627,438.156452,438.15642015237967,438.156755433589,3003764.8,-9999,262241.2,30.1,-1,-0.7652083535044367,0.5994688500184994,0.9291242454535252,0.7313310081925097,4,2,0.4,13C1 N4 S2 O6,de-protonated,1,1618,C15 H30 O6 N4 S2 13C1,15,30,6,4,-9999,2,1,N/A,-9999,-9999,N/A,-9999
1628,438.193003,438.1929711813539,438.1930805840691,1410179.9,-9999,338212.6,13.25,-1,-0.24966782912727267,0.9887532954790408,0,0.5932519772874244,11,1.2692307692307692,0.03846153846153846,N1 S2 O1,de-protonated,0,-9999,C26 H33 O1 N1 S2,26,33,1,1,-9999,2,-9999,N/A,-9999,-9999,N/A,-9999
1631,439.058089,439.05805786711505,439.05804366015906,2239722,-9999,461059.3,22.02,-1,0.03235780826880626,0.9998100362345508,0,0.5998860217407304,19,0.64,0.08,N2 S2 O2,de-protonated,0,-9999,C25 H16 O2 N2 S2,25,16,2,2,-9999,2,-9999,N/A,-9999,-9999,N/A,-9999
1631,439.058089,439.05805786711505,439.0581766018891,2239722,-9999,461059.3,22.02,-1,-0.2704306180271778,0.9868178202963752,0,0.5920906921778251,6,1.5,0.7142857142857143,N2 S1 P1 O10,de-protonated,0,-9999,C14 H21 O10 N2 P1 S1,14,21,10,2,1,1,-9999,N/A,-9999,-9999,N/A,-9999
1632,439.059463,439.05943186820423,439.05969743043914,4639978.5,-9999,305939.6,47.4,-1,-0.6048431146594234,0.46788745357475486,0.8007932653391622,0.6010497782805178,14,0.9130434782608696,0.13043478260869565,S2 P1 O3,de-protonated,0,-9999,C23 H21 O3 P1 S2,23,21,3,-9999,1,2,-9999,N/A,-9999,-9999,N/A,-9999
1633,439.061105,439.0610738695059,439.0611970322891,1512683.1,-9999,367866.4,14.33,-1,-0.28051393300913935,0.9858235987529116,0,0.591494159251747,24,0.41379310344827586,0.1724137931034483,O5,de-protonated,0,-9999,C29 H12 O5,29,12,5,-9999,-9999,-9999,-9999,N/A,-9999,-9999,N/A,-9999
1634,439.08808,439.0880488908892,439.0881996271191,1316854.4,-9999,344932.2,12.26,-1,-0.343293739221499,0.978843178194038,0,0.5873059069164228,10,1.0526315789473684,0.631578947368421,O12,de-protonated,0,-9999,C19 H20 O12,19,20,12,-9999,-9999,-9999,-9999,N/A,-9999,-9999,N/A,-9999
1634,439.08808,439.0880488908892,439.0876865628691,1316854.4,-9999,344932.2,12.26,-1,0.8251837415351841,0.8837743326992021,0,0.5302645996195212,28,0.375,0.03125,N2 O1,de-protonated,0,-9999,C32 H12 O1 N2,32,12,1,2,-9999,-9999,-9999,N/A,-9999,-9999,N/A,-9999
1634,439.08808,439.0880488908892,439.0880374357891,1316854.4,-9999,344932.2,12.26,-1,0.02608839029245187,0.999876512903855,0,0.599925907742313,5,1.7857142857142858,0.42857142857142855,N4 S2 P1 O6,de-protonated,0,-9999,C14 H25 O6 N4 P1 S2,14,25,6,4,1,2,-9999,N/A,-9999,-9999,N/A,-9999
1635,439.094596,439.0945648960545,439.0949422337591,5287673,-9999,320843,54.25,-1,-0.8593533386795994,0.43729603518843185,0.8767281105990777,0.6130688653526902,0,2.1538461538461537,0.9230769230769232,S2 O12,de-protonated,0,-9999,C13 H28 O12 S2,13,28,12,-9999,-9999,2,-9999,N/A,-9999,-9999,N/A,-9999
1635,439.094596,439.0945648960545,439.0944291695091,5287673,-9999,320843,54.25,-1,0.3091055964104402,0.4914063357643512,0.7805128205128199,0.6070489296637387,18,0.7692307692307693,0.03846153846153846,N2 S2 O1,de-protonated,0,-9999,C26 H20 O1 N2 S2,26,20,1,2,-9999,2,-9999,N/A,-9999,-9999,N/A,-9999
1635,439.094596,439.0945648960545,439.0945621112391,5287673,-9999,320843,54.25,-1,0.0063421769753404,0.49999635078912,0.8604105061749867,0.6441620129434666,5,1.6666666666666667,0.6,N2 S1 P1 O9,de-protonated,0,-9999,C15 H25 O9 N2 P1 S1,15,25,9,2,1,1,-9999,N/A,-9999,-9999,N/A,-9999
1636,439.095866,439.0958348970612,439.0960829397891,11625722,-9999,252498.4,121.28,-1,-0.5648939663251553,0.6251028636068536,0.9210774254066928,0.7434926883267894,13,1.0416666666666667,0.08333333333333333,S2 P1 O2,de-protonated,0,-9999,C24 H25 O2 P1 S2,24,25,2,-9999,1,2,-9999,N/A,-9999,-9999,N/A,-9999
1637,439.123863,439.12383191925466,439.1236644004391,1563397.1,-9999,197347.7,14.86,-1,0.3814843724563946,0.9739393107729462,0.8734823016375841,0.9337565071188012,13,1.0869565217391304,0.13043478260869565,13C1 N1 S2 O3,de-protonated,1,1625,C23 H25 O3 N1 S2 13C1,23,25,3,1,-9999,2,1,N/A,-9999,-9999,N/A,-9999
1637,439.123863,439.12383191925466,439.1234206235391,1563397.1,-9999,197347.7,14.86,-1,0.9366289663008248,0.8528426779965409,0,0.5117056067979245,18,0.8,0.08,N4 S1 O2,de-protonated,0,-9999,C25 H20 O2 N4 S1,25,20,2,4,-9999,1,-9999,N/A,-9999,-9999,N/A,-9999
1637,439.123863,439.12383191925466,439.12355356526905,1563397.1,-9999,197347.7,14.86,-1,0.633885345814078,0.9296863467711616,0,0.5578118080626969,5,1.7857142857142858,0.7142857142857143,N4 P1 O10,de-protonated,0,-9999,C14 H25 O10 N4 P1,14,25,10,4,1,-9999,-9999,N/A,-9999,-9999,N/A,-9999
1638,439.130826,439.1307949247743,439.1309476205891,7088392,-9999,391320.1,73.29,-1,-0.34772273650486174,0.48914987624227224,0.8524773804394659,0.6344808779211497,4,1.8125,0.5,N2 S1 P1 O8,de-protonated,0,-9999,C16 H29 O8 N2 P1 S1,16,29,8,2,1,1,-9999,N/A,-9999,-9999,N/A,-9999
1639,439.132355,439.1323239259864,439.13246844913914,16310537,-9999,266054,170.82,-1,-0.32911060588593505,0.6402485608733638,0.9179791522468832,0.7513407974227716,12,1.16,0.04,S2 P1 O1,de-protonated,0,-9999,C25 H29 O1 P1 S2,25,29,1,-9999,1,2,-9999,N/A,-9999,-9999,N/A,-9999
1639,439.132355,439.1323239259864,439.13266515362915,16310537,-9999,266054,170.82,-1,-0.7770491011970603,0.298742892095006,0.7989013330709024,0.4988062684853646,4,1.8666666666666667,0.4666666666666667,N4 S2 O7,de-protonated,0,-9999,C15 H28 O7 N4 S2,15,28,7,4,-9999,2,-9999,N/A,-9999,-9999,N/A,-9999
1640,439.153411,439.1533799426777,439.1535978171991,2077969.4,-9999,266439.7,20.3,-1,-0.4961237310835195,0.956321090091517,0,0.5737926540549102,7,1.5,0.13636363636363635,S2 P1 O3,de-protonated,0,-9999,C22 H33 O3 P1 S2,22,33,3,-9999,1,2,-9999,N/A,-9999,-9999,N/A,-9999
1641,439.160836,439.1608049485635,439.1609706458191,2109460.5,-9999,280300.7,20.64,-1,-0.377304147324955,0.9745000115135082,0,0.5847000069081049,8,1.3333333333333333,0.47619047619047616,O10,de-protonated,0,-9999,C21 H28 O10,21,28,10,-9999,-9999,-9999,-9999,N/A,-9999,-9999,N/A,-9999
1641,439.160836,439.1608049485635,439.1608084544891,2109460.5,-9999,280300.7,20.64,-1,-0.00798323873402378,0.9999884359609188,0,0.5999930615765513,3,2.0625,0.25,N4 S2 P1 O4,de-protonated,0,-9999,C16 H33 O4 N4 P1 S2,16,33,4,4,1,2,-9999,N/A,-9999,-9999,N/A,-9999
1642,439.167153,439.167121953571,439.1673331299391,3739927,-9999,411792.7,37.88,-1,-0.4808562754573728,0.9589128677593042,0,0.5753477206555825,3,1.9411764705882353,0.4117647058823529,N2 S1 P1 O7,de-protonated,0,-9999,C17 H33 O7 N2 P1 S1,17,33,7,2,1,1,-9999,N/A,-9999,-9999,N/A,-9999
1643,439.168726,439.168694954818,439.1690506629791,9940248,-9999,266036.8,103.45,-1,-0.8099572603907716,0.5918057336736188,0.9291242454535252,0.7267331383855813,3,2,0.375,N4 S2 O6,de-protonated,0,-9999,C16 H32 O6 N4 S2,16,32,6,4,-9999,2,-9999,N/A,-9999,-9999,N/A,-9999
1644,439.197017,439.1969859772445,439.1973561551691,1601827.6,-9999,245840.6,15.27,-1,-0.8428509857959805,0.8790612126893996,0,0.5274367276136398,7,1.4545454545454546,0.4090909090909091,O9,de-protonated,0,-9999,C22 H32 O9,22,32,9,-9999,-9999,-9999,-9999,N/A,-9999,-9999,N/A,-9999
1644,439.197017,439.1969859772445,439.1971939638391,1601827.6,-9999,245840.6,15.27,-1,-0.4735608457008851,0.9601251296439552,0,0.576075077786373,2,2.176470588235294,0.17647058823529413,N4 S2 P1 O3,de-protonated,0,-9999,C17 H37 O3 N4 P1 S2,17,37,3,4,1,2,-9999,N/A,-9999,-9999,N/A,-9999
1645,439.205126,439.20509498367255,439.20543617232903,2936551,-9999,256677.9,29.38,-1,-0.7768315880858706,0.896283641646838,0,0.5377701849881028,2,2.1176470588235294,0.29411764705882354,N4 S2 O5,de-protonated,0,-9999,C17 H36 O5 N4 S2,17,36,5,4,-9999,2,-9999,N/A,-9999,-9999,N/A,-9999
1646,439.293037,439.2930060533604,439.29259395244907,2139979.5,-9999,288093.2,20.96,-1,0.93810120405482,0.8524156751911863,0,0.5114494051147118,5,1.818181818181818,0.2272727272727273,N4 O5,de-protonated,0,-9999,C22 H40 O5 N4,22,40,5,4,-9999,-9999,-9999,N/A,-9999,-9999,N/A,-9999
1647,439.329406,439.3293750821904,439.32897946179907,6440282.5,-9999,269387.4,66.44,-1,0.9005105736500657,0.43158645857785266,0.8007932653391621,0.5792691812823765,4,1.9130434782608696,0.17391304347826086,N4 O4,de-protonated,0,-9999,C23 H44 O4 N4,23,44,4,4,-9999,-9999,-9999,N/A,-9999,-9999,N/A,-9999
1648,440.099193,440.0991626924071,440.0994377748591,2548891.3,-9999,315106,25.28,-1,-0.6250461337551511,0.6210436154963302,0.9210774254066928,0.7410571394604752,13,1.0869565217391304,0.08695652173913043,13C1 S2 P1 O2,de-protonated,1,1636,C23 H25 O2 P1 S2 13C1,23,25,2,-9999,1,2,1,N/A,-9999,-9999,N/A,-9999
1648,440.099193,440.0991626924071,440.099574120479,2548891.3,-9999,315106,25.28,-1,-0.934852238236893,0.85335738515114,0,0.512014431090684,13,1,0.17391304347826086,N1 S2 O4,de-protonated,0,-9999,C23 H23 O4 N1 S2,23,23,4,1,-9999,2,-9999,N/A,-9999,-9999,N/A,-9999
1648,440.099193,440.0991626924071,440.0991939979591,2548891.3,-9999,315106,25.28,-1,-0.07113294554168019,0.9990823098639364,0,0.5994493859183618,18,0.8,0.04,N3 S1 P1 O1,de-protonated,0,-9999,C25 H20 O1 N3 P1 S1,25,20,1,3,1,1,-9999,N/A,-9999,-9999,N/A,-9999
1649,440.135597,440.1355667212649,440.1358232842091,3644074.3,-9999,243730,36.86,-1,-0.5829176600889489,0.6268048058235649,0.9179791522468832,0.7432745443928923,12,1.2083333333333333,0.04166666666666666,13C1 S2 P1 O1,de-protonated,1,1639,C24 H29 O1 P1 S2 13C1,24,29,1,-9999,1,2,1,N/A,-9999,-9999,N/A,-9999
1649,440.135597,440.1355667212649,440.1359596298291,3644074.3,-9999,243730,36.86,-1,-0.8926981664531349,0.43268493174844,0.7939170211058493,0.5771777674914037,12,1.125,0.125,N1 S2 O3,de-protonated,0,-9999,C24 H27 O3 N1 S2,24,27,3,1,-9999,2,-9999,N/A,-9999,-9999,N/A,-9999
1650,440.172079,440.1720487501845,440.1723451391791,2023481.6,-9999,280663.1,19.72,-1,-0.6733476055464919,0.921024824122294,0,0.5526148944733764,11,1.24,0.08,N1 S2 O2,de-protonated,0,-9999,C25 H31 O2 N1 S2,25,31,2,1,-9999,2,-9999,N/A,-9999,-9999,N/A,-9999
1650,440.172079,440.1720487501845,440.1724054980491,2023481.6,-9999,280663.1,19.72,-1,-0.8104730332963079,0.5917608599738392,0.9291242454535252,0.7267062141657136,3,2.1333333333333333,0.4,13C1 N4 S2 O6,de-protonated,1,1643,C15 H32 O6 N4 S2 13C1,15,32,6,4,-9999,2,1,N/A,-9999,-9999,N/A,-9999
1653,441.053907,441.05387744921705,441.0542181268391,1298219,-9999,437335.1,12.05,-1,-0.7724166509082525,0.8973966908481616,0,0.538438014508897,18,0.7307692307692307,0.03846153846153846,S2 P1 O1,de-protonated,0,-9999,C26 H19 O1 P1 S2,26,19,1,-9999,1,2,-9999,N/A,-9999,-9999,N/A,-9999
1653,441.053907,441.05387744921705,441.0535454514591,1298219,-9999,437335.1,12.05,-1,0.7527379869481183,0.9022970833072496,0,0.5413782499843498,11,0.9333333333333332,0.8,N4 O12,de-protonated,0,-9999,C15 H14 O12 N4,15,14,12,4,-9999,-9999,-9999,N/A,-9999,-9999,N/A,-9999
1654,441.063386,441.0633564567311,441.0629283659791,1427503,-9999,337364.7,13.42,-1,0.9705888310277512,0.842878544624487,0,0.5057271267746921,24,0.38461538461538464,0.15384615384615383,N4 O4,de-protonated,0,-9999,C26 H10 O4 N4,26,10,4,4,-9999,-9999,-9999,N/A,-9999,-9999,N/A,-9999
1655,441.07376,441.07373046495474,441.0736937246191,2802227.3,-9999,384227.7,27.96,-1,0.0832974991881388,0.4993709076503675,0.7871578612348809,0.6144856890841728,18,0.72,0.08,N2 S2 O2,de-protonated,0,-9999,C25 H18 O2 N2 S2,25,18,2,2,-9999,2,-9999,N/A,-9999,-9999,N/A,-9999
1655,441.07376,441.07373046495474,441.0738266663491,2802227.3,-9999,384227.7,27.96,-1,-0.21810723857564027,0.9914054924926552,0,0.5948432954955931,5,1.6428571428571428,0.7142857142857143,N2 S1 P1 O10,de-protonated,0,-9999,C14 H23 O10 N2 P1 S1,14,23,10,2,1,1,-9999,N/A,-9999,-9999,N/A,-9999
1656,441.075303,441.0752734661779,441.07534749489906,6784052,-9999,272086.6,70.06,-1,-0.16783690488418265,0.9920586347769472,0.9640871920589732,0.9808700576897575,13,1,0.13043478260869565,S2 P1 O3,de-protonated,0,-9999,C23 H23 O3 P1 S2,23,23,3,-9999,1,2,-9999,N/A,-9999,-9999,N/A,-9999
1656,441.075303,441.0752734661779,441.075544199389,6784052,-9999,272086.6,70.06,-1,-0.6138023626861716,0.9256486175825286,0.959977962681111,0.9393803556219616,5,1.6923076923076923,0.6923076923076923,N4 S2 O9,de-protonated,0,-9999,C13 H22 O9 N4 S2,13,22,9,4,-9999,2,-9999,N/A,-9999,-9999,N/A,-9999
1657,441.09039,441.0903604781375,441.09080034067904,1652026.3,-9999,309651.3,15.79,-1,-0.9972154060229156,0.8349031311833265,0,0.5009418787099958,9,1.2941176470588236,0.35294117647058826,N4 S2 O6,de-protonated,0,-9999,C17 H22 O6 N4 S2,17,22,6,4,-9999,2,-9999,N/A,-9999,-9999,N/A,-9999
1657,441.09039,441.0903604781375,441.0899309608091,1652026.3,-9999,309651.3,15.79,-1,0.9737636210267144,0.8419349930876556,0,0.5051609958525933,10,1.125,0.6875,N4 O11,de-protonated,0,-9999,C16 H18 O11 N4,16,18,11,4,-9999,-9999,-9999,N/A,-9999,-9999,N/A,-9999
1658,441.103624,441.1035944886282,441.1038496915791,2505279.8,-9999,345437.6,24.82,-1,-0.5785552565847615,0.9410720013638536,0,0.5646432008183122,9,1.1578947368421053,0.631578947368421,O12,de-protonated,0,-9999,C19 H22 O12,19,22,12,-9999,-9999,-9999,-9999,N/A,-9999,-9999,N/A,-9999
1658,441.103624,441.1035944886282,441.1033366273291,2505279.8,-9999,345437.6,24.82,-1,0.5845825176649456,0.4699378347755548,0.7428850341668535,0.5791167145320743,27,0.4375,0.03125,N2 O1,de-protonated,0,-9999,C32 H14 O1 N2,32,14,1,2,-9999,-9999,-9999,N/A,-9999,-9999,N/A,-9999
1658,441.103624,441.1035944886282,441.10368750024907,2505279.8,-9999,345437.6,24.82,-1,-0.21086112749973412,0.9919648093139528,0,0.5951788855883717,4,1.9285714285714288,0.42857142857142855,N4 S2 P1 O6,de-protonated,0,-9999,C14 H27 O6 N4 P1 S2,14,27,6,4,1,2,-9999,N/A,-9999,-9999,N/A,-9999
1659,441.110252,441.11022249388225,441.11007923396915,4889666.5,-9999,326393.9,50.03,-1,0.3247713435860296,0.49052171028128416,0.7805128205128199,0.6065181543738984,17,0.8461538461538461,0.03846153846153846,N2 S2 O1,de-protonated,0,-9999,C26 H22 O1 N2 S2,26,22,1,2,-9999,2,-9999,N/A,-9999,-9999,N/A,-9999
1659,441.110252,441.11022249388225,441.11021217569913,4889666.5,-9999,326393.9,50.03,-1,0.02339139478122635,0.4999503619729323,0.8604105061749866,0.6441344196537541,4,1.8,0.6,N2 S1 P1 O9,de-protonated,0,-9999,C15 H27 O9 N2 P1 S1,15,27,9,2,1,1,-9999,N/A,-9999,-9999,N/A,-9999
1660,441.111715,441.111685495042,441.1117330042491,12166211,-9999,293457.1,126.98,-1,-0.1077033404351314,0.6659566078274128,0.8985109069086998,0.7589783274599277,12,1.125,0.08333333333333333,S2 P1 O2,de-protonated,0,-9999,C24 H27 O2 P1 S2,24,27,2,-9999,1,2,-9999,N/A,-9999,-9999,N/A,-9999
1660,441.111715,441.111685495042,441.111929708739,12166211,-9999,293457.1,126.98,-1,-0.5536320390666154,0.6375059768908699,0.9278887375715256,0.7536590811631321,4,1.8571428571428572,0.5714285714285714,N4 S2 O8,de-protonated,0,-9999,C14 H26 O8 N4 S2,14,26,8,4,-9999,2,-9999,N/A,-9999,-9999,N/A,-9999
1662,441.140012,441.1399825174733,441.14023520092906,3297871.3,-9999,252200.7,33.2,-1,-0.5727962122916282,0.9422049136880244,0,0.5653229482128146,8,1.3,0.55,O11,de-protonated,0,-9999,C20 H26 O11,20,26,11,-9999,-9999,-9999,-9999,N/A,-9999,-9999,N/A,-9999
1662,441.140012,441.1399825174733,441.14007300959906,3297871.3,-9999,252200.7,33.2,-1,-0.20513240885998535,0.992393839717412,0,0.5954363038304471,3,2.066666666666667,0.3333333333333333,N4 S2 P1 O5,de-protonated,0,-9999,C15 H31 O5 N4 P1 S2,15,31,5,4,1,2,-9999,N/A,-9999,-9999,N/A,-9999
1663,441.146467,441.14643752259013,441.14659768504913,4312146,-9999,521937.9,43.92,-1,-0.3630594905120035,0.48818329949361994,0.8524773804394659,0.6339009318719583,3,1.9375,0.5,N2 S1 P1 O8,de-protonated,0,-9999,C16 H31 O8 N2 P1 S1,16,31,8,2,1,1,-9999,N/A,-9999,-9999,N/A,-9999
1664,441.147912,441.1478825237357,441.14811851359906,9815122,-9999,241905.7,102.12,-1,-0.5349447350360815,0.6401374207166803,0.9312147840301268,0.756568366042059,11,1.24,0.04,S2 P1 O1,de-protonated,0,-9999,C25 H31 O1 P1 S2,25,31,1,-9999,1,2,-9999,N/A,-9999,-9999,N/A,-9999
1664,441.147912,441.1478825237357,441.14831521808907,9815122,-9999,241905.7,102.12,-1,-0.9808364635019134,0.5725426463191765,0.9285118293388496,0.7149303195270458,3,2,0.4666666666666667,N4 S2 O7,de-protonated,0,-9999,C15 H30 O7 N4 S2,15,30,7,4,-9999,2,-9999,N/A,-9999,-9999,N/A,-9999
1664,441.147912,441.1478825237357,441.1474458382191,9815122,-9999,241905.7,102.12,-1,0.9898856283170552,0.41855626641850874,0.8684926696514785,0.5985308277116967,4,1.8571428571428572,0.8571428571428571,N4 O12,de-protonated,0,-9999,C14 H26 O12 N4,14,26,12,4,-9999,-9999,-9999,N/A,-9999,-9999,N/A,-9999
1665,441.176253,441.17622354620175,441.17662071027905,2420062.5,-9999,289277.9,23.91,-1,-0.9002382688806561,0.8632497203612614,0,0.5179498322167568,7,1.4285714285714286,0.47619047619047616,O10,de-protonated,0,-9999,C21 H30 O10,21,30,10,-9999,-9999,-9999,-9999,N/A,-9999,-9999,N/A,-9999
1665,441.176253,441.17622354620175,441.1764585189491,2420062.5,-9999,289277.9,23.91,-1,-0.5326049085962032,0.9498310200019336,0,0.5698986120011601,2,2.1875,0.25,N4 S2 P1 O4,de-protonated,0,-9999,C16 H35 O4 N4 P1 S2,16,35,4,4,1,2,-9999,N/A,-9999,-9999,N/A,-9999
1666,441.182817,441.1827875514051,441.1829831943991,2161377.3,-9999,343019,21.18,-1,-0.4434509069196848,0.9649474360681588,0,0.5789684616408953,2,2.0588235294117645,0.4117647058823529,N2 S1 P1 O7,de-protonated,0,-9999,C17 H35 O7 N2 P1 S1,17,35,7,2,1,1,-9999,N/A,-9999,-9999,N/A,-9999
1667,441.184371,441.184341552637,441.1847007274391,4826210,-9999,243097.4,49.36,-1,-0.8141143641364749,0.4433445084693816,0.8524773804394657,0.6069976572574153,2,2.125,0.375,N4 S2 O6,de-protonated,0,-9999,C16 H34 O6 N4 S2,16,34,6,4,-9999,2,-9999,N/A,-9999,-9999,N/A,-9999
1668,441.204973,441.2049435689683,441.2047640111391,34417772,-9999,429962.2,362.3,-1,0.4069716465058257,0.6070153503659488,0.9645175787308712,0.7500162417119178,6,1.5909090909090908,0.3181818181818182,P1 O7,de-protonated,0,-9999,C22 H35 O7 P1,22,35,7,-9999,1,-9999,-9999,N/A,-9999,-9999,N/A,-9999
1669,441.21049,441.2104605733418,441.21050429617907,423259232,-9999,379437.3,4474.44,-1,-0.0990974531760249,0.27969292775075827,0.8790113531418301,0.519420297907187,10,1.3076923076923077,0.15384615384615383,S1 O4,de-protonated,0,-9999,C26 H34 O4 S1,26,34,4,-9999,-9999,1,-9999,N/A,-9999,-9999,N/A,-9999
1669,441.21049,441.2104605733418,441.2101241736591,423259232,-9999,379437.3,4474.44,-1,0.7624477867788353,0.12855594471694967,0.7337952228302909,0.37065165596228616,15,1.1071428571428572,0.03571428571428571,N2 P1 O1,de-protonated,0,-9999,C28 H31 O1 N2 P1,28,31,1,2,1,-9999,-9999,N/A,-9999,-9999,N/A,-9999
1670,441.23389,441.23386059189113,441.2341355876891,1354358.6,-9999,320758.4,12.64,-1,-0.623242346346317,0.9319460998804616,0,0.5591676599282769,1,2,0.5789473684210527,O11,de-protonated,0,-9999,C19 H38 O11,19,38,11,-9999,-9999,-9999,-9999,N/A,-9999,-9999,N/A,-9999
1672,441.260581,441.26055161304936,441.2606251182691,2868865.8,-9999,283983.5,28.66,-1,-0.1665800562329418,0.9949776501886938,0,0.5969865901132162,5,1.7272727272727273,0.3181818181818182,N2 O7,de-protonated,0,-9999,C22 H38 O7 N2,22,38,7,2,-9999,-9999,-9999,N/A,-9999,-9999,N/A,-9999
1674,442.078623,442.0785942615182,442.07870232996913,1323994.8,-9999,393682.4,12.32,-1,-0.2444552301293995,0.9892154984130476,0.9640871920589732,0.979164175871418,13,1.0454545454545454,0.13636363636363635,13C1 S2 P1 O3,de-protonated,1,1656,C22 H23 O3 P1 S2 13C1,22,23,3,-9999,1,2,1,N/A,-9999,-9999,N/A,-9999
1674,442.078623,442.0785942615182,442.0788386755891,1323994.8,-9999,393682.4,12.32,-1,-0.5528743959424531,0.9460466127062382,0,0.5676279676237429,13,0.9545454545454546,0.2272727272727273,N1 S2 O5,de-protonated,0,-9999,C22 H21 O5 N1 S2,22,21,5,1,-9999,2,-9999,N/A,-9999,-9999,N/A,-9999
1674,442.078623,442.0785942615182,442.07845855306914,1323994.8,-9999,393682.4,12.32,-1,0.3069781991263522,0.9830464285175292,0,0.5898278571105176,18,0.75,0.08333333333333333,N3 S1 P1 O2,de-protonated,0,-9999,C24 H18 O2 N3 P1 S1,24,18,2,3,1,1,-9999,N/A,-9999,-9999,N/A,-9999
1674,442.078623,442.0785942615182,442.0788990344591,1323994.8,-9999,393682.4,12.32,-1,-0.6894084778319035,0.9173743410914504,0.959977962681111,0.9344157897273146,5,1.8333333333333333,0.75,13C1 N4 S2 O9,de-protonated,1,1656,C12 H22 O9 N4 S2 13C1,12,22,9,4,-9999,2,1,N/A,-9999,-9999,N/A,-9999
1675,442.115122,442.1150932904513,442.11508783931913,2270186.3,-9999,285300,22.32,-1,0.01232966778018598,0.6666482776151688,0.8985109069086998,0.7593933293325812,12,1.173913043478261,0.08695652173913043,13C1 S2 P1 O2,de-protonated,1,1660,C23 H27 O2 P1 S2 13C1,23,27,2,-9999,1,2,1,N/A,-9999,-9999,N/A,-9999
1675,442.115122,442.1150932904513,442.11522418493905,2270186.3,-9999,285300,22.32,-1,-0.2960641945979784,0.9842211074499748,0,0.5905326644699848,12,1.0869565217391304,0.17391304347826086,N1 S2 O4,de-protonated,0,-9999,C23 H25 O4 N1 S2,23,25,4,1,-9999,2,-9999,N/A,-9999,-9999,N/A,-9999
1675,442.115122,442.1150932904513,442.11484406241914,2270186.3,-9999,285300,22.32,-1,0.563717856329279,0.943970495343156,0,0.5663822972058936,17,0.88,0.04,N3 S1 P1 O1,de-protonated,0,-9999,C25 H22 O1 N3 P1 S1,25,22,1,3,1,1,-9999,N/A,-9999,-9999,N/A,-9999
1675,442.115122,442.1150932904513,442.1152845438091,2270186.3,-9999,285300,22.32,-1,-0.43258707510021294,0.6444101433601288,0.9278887375715256,0.7578015810446874,4,2,0.6153846153846154,13C1 N4 S2 O8,de-protonated,1,1660,C13 H26 O8 N4 S2 13C1,13,26,8,4,-9999,2,1,N/A,-9999,-9999,N/A,-9999
1676,442.14351,442.1434813129547,442.14336748579905,1402870.3,-9999,332609,13.15,-1,0.2574439967097018,0.988046073486304,0,0.5928276440917825,11,1.25,0.04166666666666666,N1 S2 P1 O1,de-protonated,0,-9999,C24 H30 O1 N1 P1 S2,24,30,1,1,1,2,-9999,N/A,-9999,-9999,N/A,-9999
1677,442.151324,442.1512953191489,442.15147334866913,2390521.5,-9999,307113.2,23.6,-1,-0.40264373397994085,0.6473410955734514,0.9312147840301268,0.7608905709561217,11,1.2916666666666667,0.04166666666666666,13C1 S2 P1 O1,de-protonated,1,1664,C24 H31 O1 P1 S2 13C1,24,31,1,-9999,1,2,1,N/A,-9999,-9999,N/A,-9999
1677,442.151324,442.1512953191489,442.1516096942891,2390521.5,-9999,307113.2,23.6,-1,-0.7110120901957887,0.9123521437581426,0,0.5474112862548856,11,1.2083333333333333,0.125,N1 S2 O3,de-protonated,0,-9999,C24 H29 O3 N1 S2,24,29,3,1,-9999,2,-9999,N/A,-9999,-9999,N/A,-9999
1677,442.151324,442.1512953191489,442.1516700531591,2390521.5,-9999,307113.2,23.6,-1,-0.8475236791944225,0.5852015016027134,0.9285118293388496,0.7225256326971679,3,2.142857142857143,0.5,13C1 N4 S2 O7,de-protonated,1,1664,C14 H30 O7 N4 S2 13C1,14,30,7,4,-9999,2,1,N/A,-9999,-9999,N/A,-9999
1678,442.208565,442.2085363645244,442.2081188462091,7249425.5,-9999,426489.4,74.98,-1,0.9441670052306688,0.5671010448438435,0.9645175787308712,0.7260676583986546,6,1.6666666666666667,0.3333333333333333,13C1 P1 O7,de-protonated,1,1668,C21 H35 O7 P1 13C1,21,35,7,-9999,1,-9999,1,N/A,-9999,-9999,N/A,-9999
1678,442.208565,442.2085363645244,442.2082551918291,7249425.5,-9999,426489.4,74.98,-1,0.6358377347781806,0.4646341292577318,0.8149093904448103,0.6047442337325633,6,1.5714285714285714,0.42857142857142855,N1 O9,de-protonated,0,-9999,C21 H33 O9 N1,21,33,9,1,-9999,-9999,-9999,N/A,-9999,-9999,N/A,-9999
1678,442.208565,442.2085363645244,442.2087444491791,7249425.5,-9999,426489.4,74.98,-1,-0.4705575304470599,0.480309618183767,0.7939170211058493,0.6057525793526,10,1.4166666666666667,0.04166666666666666,N3 S1 P1 O1,de-protonated,0,-9999,C24 H34 O1 N3 P1 S1,24,34,1,3,1,1,-9999,N/A,-9999,-9999,N/A,-9999
1680,442.214196,442.2141673689881,442.2138591312491,80752152,-9999,353113,852.3,-1,0.697033194843237,0.27143259522180446,0.8790113531418301,0.5144640983898148,10,1.36,0.16,13C1 S1 O4,de-protonated,1,1669,C25 H34 O4 S1 13C1,25,34,4,-9999,-9999,1,1,N/A,-9999,-9999,N/A,-9999
1682,443.05442,443.0543920350409,443.0546120500091,2258296.5,-9999,321511.7,22.19,-1,-0.4965865657766403,0.956241366309947,0,0.5737448197859683,13,0.9545454545454546,0.18181818181818185,S2 P1 O4,de-protonated,0,-9999,C22 H21 O4 P1 S2,22,21,4,-9999,1,2,-9999,N/A,-9999,-9999,N/A,-9999
1682,443.05442,443.0543920350409,443.05480875449905,2258296.5,-9999,321511.7,22.19,-1,-0.9405596101585147,0.8517016306615216,0,0.511020978396913,5,1.6666666666666667,0.8333333333333334,N4 S2 O10,de-protonated,0,-9999,C12 H20 O10 N4 S2,12,20,10,4,-9999,2,-9999,N/A,-9999,-9999,N/A,-9999
1683,443.060911,443.0608830401863,443.06048527677905,1403259.3,-9999,357352,13.15,-1,0.8977632184945545,0.8639470525587964,0,0.5183682315352779,4,1.6666666666666667,0.6,S2 P1 O9,de-protonated,0,-9999,C15 H25 O9 P1 S2,15,25,9,-9999,1,2,-9999,N/A,-9999,-9999,N/A,-9999
1683,443.060911,443.0608830401863,443.0608203656992,1403259.3,-9999,357352,13.15,-1,0.14145797655493705,0.9963757302007658,0,0.5978254381204594,23,0.4615384615384616,0.07692307692307693,N4 S1 O2,de-protonated,0,-9999,C26 H12 O2 N4 S1,26,12,2,4,-9999,1,-9999,N/A,-9999,-9999,N/A,-9999
1683,443.060911,443.0608830401863,443.06095330742903,1403259.3,-9999,357352,13.15,-1,-0.15859497933454325,0.9954465345671036,0,0.5972679207402621,10,1.1333333333333333,0.6666666666666666,N4 P1 O10,de-protonated,0,-9999,C15 H17 O10 N4 P1,15,17,10,4,1,-9999,-9999,N/A,-9999,-9999,N/A,-9999
1684,443.069665,443.0696370471257,443.0698681912991,2472831,-9999,285758.4,24.46,-1,-0.5216878646475738,0.951816749289668,0,0.5710900495738007,17,0.8076923076923077,0.03846153846153846,S2 P1 O1,de-protonated,0,-9999,C26 H21 O1 P1 S2,26,21,1,-9999,1,2,-9999,N/A,-9999,-9999,N/A,-9999
1684,443.069665,443.0696370471257,443.07006489578913,2472831,-9999,285758.4,24.46,-1,-0.965645610780422,0.8443436332647527,0,0.5066061799588516,9,1.25,0.4375,N4 S2 O7,de-protonated,0,-9999,C16 H20 O7 N4 S2,16,20,7,4,-9999,2,-9999,N/A,-9999,-9999,N/A,-9999
1684,443.069665,443.0696370471257,443.0691955159191,2472831,-9999,285758.4,24.46,-1,0.9965287839301648,0.8351105418393966,0,0.5010663251036379,10,1.0666666666666669,0.8,N4 O12,de-protonated,0,-9999,C15 H16 O12 N4,15,16,12,4,-9999,-9999,-9999,N/A,-9999,-9999,N/A,-9999
1685,443.078514,443.07848605414034,443.07811039978907,1592706.8,-9999,230896.8,15.16,-1,0.8478287291933057,0.877719883903981,0,0.5266319303423886,17,0.7692307692307693,0.1153846153846154,S2 O3,de-protonated,0,-9999,C26 H20 O3 S2,26,20,3,-9999,-9999,2,-9999,N/A,-9999,-9999,N/A,-9999
1685,443.078514,443.07848605414034,443.0782433415191,1592706.8,-9999,230896.8,15.16,-1,0.5477872698041218,0.947008254531402,0,0.5682049527188412,4,1.6666666666666667,0.7333333333333333,S1 P1 O11,de-protonated,0,-9999,C15 H25 O11 P1 S1,15,25,11,-9999,1,1,-9999,N/A,-9999,-9999,N/A,-9999
1685,443.078514,443.07848605414034,443.0785784304391,1592706.8,-9999,230896.8,15.16,-1,-0.2084873953826156,0.9921439920395788,0,0.5952863952237474,23,0.4615384615384616,0.15384615384615383,N4 O4,de-protonated,0,-9999,C26 H12 O4 N4,26,12,4,4,-9999,-9999,-9999,N/A,-9999,-9999,N/A,-9999
1686,443.089431,443.0894030627944,443.0893437890791,2825095.5,-9999,461767.6,28.19,-1,0.13377373224667605,0.4983790836137786,0.7871578612348809,0.6138905946622195,17,0.8,0.08,N2 S2 O2,de-protonated,0,-9999,C25 H20 O2 N2 S2,25,20,2,2,-9999,2,-9999,N/A,-9999,-9999,N/A,-9999
1686,443.089431,443.0894030627944,443.0894767308091,2825095.5,-9999,461767.6,28.19,-1,-0.16625990599746024,0.9949968882206548,0,0.5969981329323928,4,1.7857142857142858,0.7142857142857143,N2 S1 P1 O10,de-protonated,0,-9999,C14 H25 O10 N2 P1 S1,14,25,10,2,1,1,-9999,N/A,-9999,-9999,N/A,-9999
1687,443.090874,443.0908460639383,443.0909975593591,5757320,-9999,256050.3,59.2,-1,-0.34190588763422436,0.48950604588577057,0.8007932653391621,0.6140209336671272,12,1.0869565217391304,0.13043478260869565,S2 P1 O3,de-protonated,0,-9999,C23 H25 O3 P1 S2,23,25,3,-9999,1,2,-9999,N/A,-9999,-9999,N/A,-9999
1687,443.090874,443.0908460639383,443.0911942638491,5757320,-9999,256050.3,59.2,-1,-0.7858425428882198,0.4469982742920787,0.8767281105990777,0.6188902088148783,4,1.8461538461538465,0.6923076923076923,N4 S2 O9,de-protonated,0,-9999,C13 H24 O9 N4 S2,13,24,9,4,-9999,2,-9999,N/A,-9999,-9999,N/A,-9999
1688,443.104624,443.104596074838,443.10473287209913,1410445.9,-9999,468700.3,13.23,-1,-0.308724441361536,0.9828546672021556,0,0.5897128003212933,8,1.3888888888888888,0.3888888888888889,N2 S1 P1 O7,de-protonated,0,-9999,C18 H25 O7 N2 P1 S1,18,25,7,2,1,1,-9999,N/A,-9999,-9999,N/A,-9999
1689,443.10632,443.1062920761824,443.1067217312991,2946958.8,-9999,305165.8,29.48,-1,-0.9696425164251886,0.4215796991885913,0.7739790330151771,0.5625394327192257,22,0.6296296296296297,0.03703703703703703,N4 P1 O1,de-protonated,0,-9999,C27 H17 O1 N4 P1,27,17,1,4,1,-9999,-9999,N/A,-9999,-9999,N/A,-9999
1689,443.10632,443.1062920761824,443.106450405139,2946958.8,-9999,305165.8,29.48,-1,-0.3573158470784757,0.9770998895311966,0,0.586259933718718,8,1.411764705882353,0.35294117647058826,N4 S2 O6,de-protonated,0,-9999,C17 H24 O6 N4 S2,17,24,6,4,-9999,2,-9999,N/A,-9999,-9999,N/A,-9999
1690,443.119188,443.11916008638303,443.1194997560391,4331924,-9999,255815.5,44.12,-1,-0.766541883722441,0.8854823565809752,0.9209426919380408,0.8996664907238014,8,1.263157894736842,0.631578947368421,O12,de-protonated,0,-9999,C19 H24 O12,19,24,12,-9999,-9999,-9999,-9999,N/A,-9999,-9999,N/A,-9999
1690,443.119188,443.11916008638303,443.1189866917891,4331924,-9999,255815.5,44.12,-1,0.3913048169121089,0.9788947345642356,0.9924102275214522,0.9843009317471224,26,0.5,0.03125,N2 O1,de-protonated,0,-9999,C32 H16 O1 N2,32,16,1,2,-9999,-9999,-9999,N/A,-9999,-9999,N/A,-9999
1690,443.119188,443.11916008638303,443.11933756470904,4331924,-9999,255815.5,44.12,-1,-0.4005203812234395,0.9713121623419896,0,0.5827872974051937,3,2.0714285714285716,0.42857142857142855,N4 S2 P1 O6,de-protonated,0,-9999,C14 H29 O6 N4 P1 S2,14,29,6,4,1,2,-9999,N/A,-9999,-9999,N/A,-9999
1691,443.1272,443.1271720927342,443.1273830687091,7287703.5,-9999,246889.7,75.38,-1,-0.4761068329298944,0.9797032584446964,0.9648248144630466,0.9737518808520365,11,1.2083333333333333,0.08333333333333333,S2 P1 O2,de-protonated,0,-9999,C24 H29 O2 P1 S2,24,29,2,-9999,1,2,-9999,N/A,-9999,-9999,N/A,-9999
1691,443.1272,443.1271720927342,443.1275797731991,7287703.5,-9999,246889.7,75.38,-1,-0.9200069765406724,0.9143386986722608,0.9605995369913242,0.932843033999886,3,2,0.5714285714285714,N4 S2 O8,de-protonated,0,-9999,C14 H28 O8 N4 S2,14,28,8,4,-9999,2,-9999,N/A,-9999,-9999,N/A,-9999
1692,443.141173,443.1411451038107,443.1414985039691,1947549.5,-9999,428411.8,18.91,-1,-0.7974882957479351,0.8910104606449273,0,0.5346062763869563,2,1.8823529411764703,0.5294117647058824,S2 O9,de-protonated,0,-9999,C17 H32 O9 S2,17,32,9,-9999,-9999,2,-9999,N/A,-9999,-9999,N/A,-9999
1692,443.141173,443.1411451038107,443.14111838144913,1947549.5,-9999,428411.8,18.91,-1,0.06030214856018787,0.9993404068562888,0,0.5996042441137733,7,1.5263157894736843,0.3157894736842105,N2 S1 P1 O6,de-protonated,0,-9999,C19 H29 O6 N2 P1 S1,19,29,6,2,1,1,-9999,N/A,-9999,-9999,N/A,-9999
1693,443.142353,443.14232510474613,443.1419665346191,3138974,-9999,317152.8,31.51,-1,0.8091540727955058,0.8879854197929822,0,0.5327912518757892,8,1.411764705882353,0.5882352941176471,N4 O10,de-protonated,0,-9999,C17 H24 O10 N4,17,24,10,4,-9999,-9999,-9999,N/A,-9999,-9999,N/A,-9999
1695,443.155504,443.15547611517104,443.1558852653891,3581859.5,-9999,224604.4,36.19,-1,-0.9232647735281496,0.42834887874644767,0.8221557383861047,0.5858716226023104,7,1.4,0.55,O11,de-protonated,0,-9999,C20 H28 O11,20,28,11,-9999,-9999,-9999,-9999,N/A,-9999,-9999,N/A,-9999
1695,443.155504,443.15547611517104,443.1557230740591,3581859.5,-9999,224604.4,36.19,-1,-0.5572733808845424,0.9452086836886444,0,0.5671252102131866,2,2.2,0.3333333333333333,N4 S2 P1 O5,de-protonated,0,-9999,C15 H33 O5 N4 P1 S2,15,33,5,4,1,2,-9999,N/A,-9999,-9999,N/A,-9999
1696,443.162088,443.1620601203902,443.16224774950905,1967014.4,-9999,395119.3,19.11,-1,-0.4233869644668247,0.9679974167346376,0,0.5807984500407826,2,2.0625,0.5,N2 S1 P1 O8,de-protonated,0,-9999,C16 H33 O8 N2 P1 S1,16,33,8,2,1,1,-9999,N/A,-9999,-9999,N/A,-9999
1697,443.163582,443.1635541215745,443.1637685780591,4393895,-9999,267152.3,44.78,-1,-0.4839215201613936,0.47919922917118585,0.7871578612348809,0.6023826819966638,10,1.32,0.04,S2 P1 O1,de-protonated,0,-9999,C25 H33 O1 P1 S2,25,33,1,-9999,1,2,-9999,N/A,-9999,-9999,N/A,-9999
1697,443.163582,443.1635541215745,443.1639652825491,4393895,-9999,267152.3,44.78,-1,-0.927785214479287,0.8553980346351825,0,0.5132388207811095,2,2.1333333333333333,0.4666666666666667,N4 S2 O7,de-protonated,0,-9999,C15 H32 O7 N4 S2,15,32,7,4,-9999,2,-9999,N/A,-9999,-9999,N/A,-9999
1698,443.178926,443.17889813373785,443.17922142383907,2822573.5,-9999,344378.9,28.16,-1,-0.7294793744671906,0.9079589301087942,0,0.5447753580652765,6,1.6842105263157894,0.21052631578947367,N4 S2 O4,de-protonated,0,-9999,C19 H32 O4 N4 S2,19,32,4,4,-9999,2,-9999,N/A,-9999,-9999,N/A,-9999
1699,443.192148,443.192120144219,443.1922707747391,1995187.1,-9999,289090.3,19.41,-1,-0.33987623431358965,0.9792579381867592,0,0.5875547629120554,6,1.5238095238095235,0.47619047619047616,O10,de-protonated,0,-9999,C21 H32 O10,21,32,10,-9999,-9999,-9999,-9999,N/A,-9999,-9999,N/A,-9999
1699,443.192148,443.192120144219,443.19210858340904,1995187.1,-9999,289090.3,19.41,-1,0.02608532452752793,0.9998765419234144,0,0.5999259251540486,1,2.3125,0.25,N4 S2 P1 O4,de-protonated,0,-9999,C16 H37 O4 N4 P1 S2,16,37,4,4,1,2,-9999,N/A,-9999,-9999,N/A,-9999
1700,443.199868,443.19984015033873,443.1994814120291,1696694.5,-9999,272929.1,16.25,-1,0.8094285410075395,0.8879138435195029,0,0.5327483061117017,2,2.1333333333333333,0.7333333333333333,N4 O11,de-protonated,0,-9999,C15 H32 O11 N4,15,32,11,4,-9999,-9999,-9999,N/A,-9999,-9999,N/A,-9999
1701,443.215144,443.21511616244817,443.2147492894691,3528637,-9999,196156.4,35.63,-1,0.8277544455176854,0.26818027649271386,0.8790113531418301,0.5125127071523604,10,1.3076923076923077,0.1153846153846154,S1 O3 18O1,de-protonated,1,1669,C26 H34 O3 S1 18O1,26,34,3,-9999,-9999,1,-9999,N/A,-9999,1,N/A,-9999
1701,443.215144,443.21511616244817,443.21473755331914,3528637,-9999,196156.4,35.63,-1,0.8542340697411511,0.8759852889520998,0,0.5255911733712598,6,1.6842105263157894,0.42105263157894735,N4 O8,de-protonated,0,-9999,C19 H32 O8 N4,19,32,8,4,-9999,-9999,-9999,N/A,-9999,-9999,N/A,-9999
1702,443.217626,443.2175981644157,443.2179121521491,6694846,-9999,260450.5,69.11,-1,-0.7084274457590762,0.4564798444762419,0.7805128205128199,0.586093034890873,9,1.4230769230769231,0.07692307692307693,S1 P1 O2,de-protonated,0,-9999,C26 H37 O2 P1 S1,26,37,2,-9999,1,1,-9999,N/A,-9999,-9999,N/A,-9999
1702,443.217626,443.2175981644157,443.2172607034691,6694846,-9999,260450.5,69.11,-1,0.7613894505070825,0.4500774925816182,0.8370420509349343,0.6048633159229446,0,2.2777777777777777,0.2222222222222222,N2 S2 P1 O4,de-protonated,0,-9999,C18 H41 O4 N2 P1 S2,18,41,4,2,1,2,-9999,N/A,-9999,-9999,N/A,-9999
1703,444.122496,444.1224688817138,444.1228545911091,1440320.4,-9999,373792,13.54,-1,-0.8684745476273259,0.8720946512183011,0.9209426919380408,0.891633867506197,8,1.3333333333333333,0.6666666666666666,13C1 O12,de-protonated,1,1690,C18 H24 O12 13C1,18,24,12,-9999,-9999,-9999,1,N/A,-9999,-9999,N/A,-9999
1703,444.122496,444.1224688817138,444.12263204090914,1440320.4,-9999,373792,13.54,-1,-0.3673741968914054,0.9758084185483528,0,0.5854850511290117,11,1.2173913043478262,0.08695652173913043,N1 S2 P1 O2,de-protonated,0,-9999,C23 H28 O2 N1 P1 S2,23,28,2,1,1,2,-9999,N/A,-9999,-9999,N/A,-9999
1703,444.122496,444.1224688817138,444.1223415268591,1440320.4,-9999,373792,13.54,-1,0.2867562445632507,0.9851903870736066,0.9924102275214522,0.9880783232527448,26,0.5161290322580645,0.03225806451612903,13C1 N2 O1,de-protonated,1,1690,C31 H16 O1 N2 13C1,31,16,1,2,-9999,-9999,1,N/A,-9999,-9999,N/A,-9999
1704,444.130783,444.13075588828303,444.1307379037792,1502276,-9999,297922.6,14.19,-1,0.04049371578067867,0.9997025154037624,0.9648248144630466,0.985751435027476,11,1.2608695652173914,0.08695652173913043,13C1 S2 P1 O2,de-protonated,1,1691,C23 H29 O2 P1 S2 13C1,23,29,2,-9999,1,2,1,N/A,-9999,-9999,N/A,-9999
1704,444.130783,444.13075588828303,444.1308742493991,1502276,-9999,297922.6,14.19,-1,-0.26650053602191476,0.987195735334573,0,0.5923174412007438,11,1.173913043478261,0.17391304347826086,N1 S2 O4,de-protonated,0,-9999,C23 H27 O4 N1 S2,23,27,4,1,-9999,2,-9999,N/A,-9999,-9999,N/A,-9999
1704,444.130783,444.13075588828303,444.1304941268791,1502276,-9999,297922.6,14.19,-1,0.5893794895442509,0.93891577487415,0,0.56334946492449,16,0.96,0.04,N3 S1 P1 O1,de-protonated,0,-9999,C25 H24 O1 N3 P1 S1,25,24,1,3,1,1,-9999,N/A,-9999,-9999,N/A,-9999
1704,444.130783,444.13075588828303,444.1309346082691,1502276,-9999,297922.6,14.19,-1,-0.40240382318576073,0.9710456729881052,0.9605995369913242,0.9668672185893928,3,2.1538461538461537,0.6153846153846154,13C1 N4 S2 O8,de-protonated,1,1691,C13 H28 O8 N4 S2 13C1,13,28,8,4,-9999,2,1,N/A,-9999,-9999,N/A,-9999
1707,445.048938,445.0489116161124,445.0491327464091,2213838.5,-9999,304347.5,20.94,-1,-0.4968671556732372,0.9561930014380128,0,0.5737158008628076,17,0.76,0.08,S2 P1 O2,de-protonated,0,-9999,C25 H19 O2 P1 S2,25,19,2,-9999,1,2,-9999,N/A,-9999,-9999,N/A,-9999
1707,445.048938,445.0489116161124,445.04932945089905,2213838.5,-9999,304347.5,20.94,-1,-0.9388505026839254,0.8521981758830359,0,0.5113189055298215,9,1.2,0.5333333333333333,N4 S2 O8,de-protonated,0,-9999,C15 H18 O8 N4 S2,15,18,8,4,-9999,2,-9999,N/A,-9999,-9999,N/A,-9999
1708,445.058028,445.0580016233181,445.0578429855491,2448594.3,-9999,306638.9,23.33,-1,0.35644303657345094,0.9772103454086406,0,0.5863262072451844,23,0.4,0.2,N4 O5,de-protonated,0,-9999,C25 H10 O5 N4,25,10,5,4,-9999,-9999,-9999,N/A,-9999,-9999,N/A,-9999
1709,445.070182,445.07015563295266,445.070262114469,1835223.5,-9999,318831.3,17.08,-1,-0.23924653120751527,0.9896678237723462,0,0.5938006942634076,12,1.0454545454545454,0.18181818181818185,S2 P1 O4,de-protonated,0,-9999,C22 H23 O4 P1 S2,22,23,4,-9999,1,2,-9999,N/A,-9999,-9999,N/A,-9999
1709,445.070182,445.07015563295266,445.070458818959,1835223.5,-9999,318831.3,17.08,-1,-0.68120900939473,0.9192469421381376,0,0.5515481652828826,4,1.8333333333333333,0.8333333333333334,N4 S2 O10,de-protonated,0,-9999,C12 H22 O10 N4 S2,12,22,10,4,-9999,2,-9999,N/A,-9999,-9999,N/A,-9999
1710,445.076864,445.0768376382496,445.07647043015913,2280666.5,-9999,320820.5,21.62,-1,0.8250449413402995,0.8838110641806627,0,0.5302866385083976,22,0.5384615384615384,0.07692307692307693,N4 S1 O2,de-protonated,0,-9999,C26 H14 O2 N4 S1,26,14,2,4,-9999,1,-9999,N/A,-9999,-9999,N/A,-9999
1710,445.076864,445.0768376382496,445.07660337188906,2280666.5,-9999,320820.5,21.62,-1,0.5263506522987768,0.9509731474416694,0,0.5705838884650016,9,1.2666666666666666,0.6666666666666666,N4 P1 O10,de-protonated,0,-9999,C15 H19 O10 N4 P1,15,19,10,4,1,-9999,-9999,N/A,-9999,-9999,N/A,-9999
1711,445.084238,445.084211644095,445.08464887588906,2319837.5,-9999,362140.9,22.02,-1,-0.9823564914784066,0.8393710755132535,0,0.5036226453079521,17,0.76,0.24,P1 O6,de-protonated,0,-9999,C25 H19 O6 P1,25,19,6,-9999,1,-9999,-9999,N/A,-9999,-9999,N/A,-9999
1711,445.084238,445.084211644095,445.0843775497291,2319837.5,-9999,362140.9,22.02,-1,-0.3727509714423081,0.9751040684138448,0,0.5850624410483067,3,1.7333333333333334,0.7333333333333333,S2 O11,de-protonated,0,-9999,C15 H26 O11 S2,15,26,11,-9999,-9999,2,-9999,N/A,-9999,-9999,N/A,-9999
1711,445.084238,445.084211644095,445.0839974272091,2319837.5,-9999,362140.9,22.02,-1,0.48129541188561775,0.958839355573146,0,0.5753036133438877,8,1.3529411764705883,0.4705882352941176,N2 S1 P1 O8,de-protonated,0,-9999,C17 H23 O8 N2 P1 S1,17,23,8,2,1,1,-9999,N/A,-9999,-9999,N/A,-9999
1712,445.085279,445.0852526449202,445.08551825575904,4133598,-9999,285284.5,40.51,-1,-0.5967636059348862,0.4687123987905101,0.7805128205128198,0.593432567479434,16,0.8846153846153846,0.03846153846153846,S2 P1 O1,de-protonated,0,-9999,C26 H23 O1 P1 S2,26,23,1,-9999,1,2,-9999,N/A,-9999,-9999,N/A,-9999
1712,445.085279,445.0852526449202,445.08484558037907,4133598,-9999,285284.5,40.51,-1,0.9145774006739024,0.8591832208425771,0,0.5155099325055462,9,1.2,0.8,N4 O12,de-protonated,0,-9999,C15 H18 O12 N4,15,18,12,4,-9999,-9999,-9999,N/A,-9999,-9999,N/A,-9999
1713,445.094196,445.0941696519888,445.0937604642491,1924833.9,-9999,265288.8,17.99,-1,0.9193293100291664,0.8578257150704646,0,0.5146954290422787,16,0.8461538461538461,0.1153846153846154,S2 O3,de-protonated,0,-9999,C26 H22 O3 S2,26,22,3,-9999,-9999,2,-9999,N/A,-9999,-9999,N/A,-9999
1713,445.094196,445.0941696519888,445.0938934059791,1924833.9,-9999,265288.8,17.99,-1,0.6206465957213029,0.9324922555208582,0,0.5594953533125149,3,1.8,0.7333333333333333,S1 P1 O11,de-protonated,0,-9999,C15 H27 O11 P1 S1,15,27,11,-9999,1,1,-9999,N/A,-9999,-9999,N/A,-9999
1713,445.094196,445.0941696519888,445.0942284948991,1924833.9,-9999,265288.8,17.99,-1,-0.1322032650853937,0.9968337169769224,0,0.5981002301861534,22,0.5384615384615384,0.15384615384615383,N4 O4,de-protonated,0,-9999,C26 H14 O4 N4,26,14,4,4,-9999,-9999,-9999,N/A,-9999,-9999,N/A,-9999
1714,445.09827,445.09824365521825,445.0982512468991,2509539.8,-9999,280446.8,23.95,-1,-0.01705619115385141,0.49997360774615857,0.748902346707035,0.5995451033305091,26,0.4516129032258064,0.06451612903225806,N2 O2,de-protonated,0,-9999,C31 H14 O2 N2,31,14,2,2,-9999,-9999,-9999,N/A,-9999,-9999,N/A,-9999
1714,445.09827,445.09824365521825,445.0986021198191,2509539.8,-9999,280446.8,23.95,-1,-0.8053599789235455,0.8889729512590001,0,0.5333837707554,3,2.076923076923077,0.5384615384615384,N4 S2 P1 O7,de-protonated,0,-9999,C13 H27 O7 N4 P1 S2,13,27,7,4,1,2,-9999,N/A,-9999,-9999,N/A,-9999
1715,445.10504,445.10501366058486,445.1049938535392,1672934.6,-9999,463478.9,15.42,-1,0.04449971574496365,0.999640755373142,0,0.5997844532238852,16,0.88,0.08,N2 S2 O2,de-protonated,0,-9999,C25 H22 O2 N2 S2,25,22,2,2,-9999,2,-9999,N/A,-9999,-9999,N/A,-9999
1715,445.10504,445.10501366058486,445.1051267952691,1672934.6,-9999,463478.9,15.42,-1,-0.25417519910789893,0.9883459426313757,0,0.5930075655788254,3,1.9285714285714288,0.7142857142857143,N2 S1 P1 O10,de-protonated,0,-9999,C14 H27 O10 N2 P1 S1,14,27,10,2,1,1,-9999,N/A,-9999,-9999,N/A,-9999
1716,445.106647,445.1066206618588,445.10664762381913,2780135.3,-9999,220072.9,26.71,-1,-0.06057415781108877,0.9993344448718828,0,0.5996006669231296,11,1.173913043478261,0.13043478260869565,S2 P1 O3,de-protonated,0,-9999,C23 H27 O3 P1 S2,23,27,3,-9999,1,2,-9999,N/A,-9999,-9999,N/A,-9999
1716,445.106647,445.1066206618588,445.10684432830914,2780135.3,-9999,220072.9,26.71,-1,-0.5025005864869808,0.9552167181010331,0,0.5731300308606199,3,2,0.6923076923076923,N4 S2 O9,de-protonated,0,-9999,C13 H26 O9 N4 S2,13,26,9,4,-9999,2,-9999,N/A,-9999,-9999,N/A,-9999
1717,445.12027,445.12024367265786,445.1203829365591,2284269.3,-9999,403045.2,21.65,-1,-0.3128679489529713,0.9823954528170212,0,0.5894372716902128,7,1.5,0.3888888888888889,N2 S1 P1 O7,de-protonated,0,-9999,C18 H27 O7 N2 P1 S1,18,27,7,2,1,1,-9999,N/A,-9999,-9999,N/A,-9999
1718,445.121636,445.1216096737407,445.12123108972906,4411117.5,-9999,244895.3,43.34,-1,0.8505188815664911,0.4384962755079274,0.8524773804394659,0.6040887174805427,8,1.375,0.6875,N4 O11,de-protonated,0,-9999,C16 H22 O11 N4,16,22,11,4,-9999,-9999,-9999,N/A,-9999,-9999,N/A,-9999
1719,445.134779,445.13475268415925,445.13514982049907,4563699.5,-9999,251320.2,44.9,-1,-0.8921702543009403,0.4327589145189557,0.8295321147073604,0.5914681945943175,7,1.368421052631579,0.631578947368421,O12,de-protonated,0,-9999,C19 H26 O12,19,26,12,-9999,-9999,-9999,-9999,N/A,-9999,-9999,N/A,-9999
1719,445.134779,445.13475268415925,445.1346367562491,4563699.5,-9999,251320.2,44.9,-1,0.2604333623398651,0.4938842825889612,0.7428850341668536,0.5934845832201181,25,0.5625,0.03125,N2 O1,de-protonated,0,-9999,C32 H18 O1 N2,32,18,1,2,-9999,-9999,-9999,N/A,-9999,-9999,N/A,-9999
1719,445.134779,445.13475268415925,445.1349876291691,4563699.5,-9999,251320.2,44.9,-1,-0.5278062078956763,0.950708422009983,0,0.5704250532059898,2,2.2142857142857144,0.42857142857142855,N4 S2 P1 O6,de-protonated,0,-9999,C14 H31 O6 N4 P1 S2,14,31,6,4,1,2,-9999,N/A,-9999,-9999,N/A,-9999
1720,445.143073,445.143046690734,445.143033133169,2372087,-9999,216637.2,22.55,-1,0.03045664864102168,0.999831701011294,0,0.5998990206067765,10,1.2916666666666667,0.08333333333333333,S2 P1 O2,de-protonated,0,-9999,C24 H31 O2 P1 S2,24,31,2,-9999,1,2,-9999,N/A,-9999,-9999,N/A,-9999
1720,445.143073,445.143046690734,445.143229837659,2372087,-9999,216637.2,22.55,-1,-0.4114336975611833,0.9697517054478326,0,0.5818510232686995,2,2.142857142857143,0.5714285714285714,N4 S2 O8,de-protonated,0,-9999,C14 H30 O8 N4 S2,14,30,8,4,-9999,2,-9999,N/A,-9999,-9999,N/A,-9999
1721,445.15693,445.15690370171853,445.15714856842914,2319613,-9999,401498.1,22.02,-1,-0.5500680184284827,0.946578093109898,0,0.5679468558659388,1,2,0.5294117647058824,S2 O9,de-protonated,0,-9999,C17 H34 O9 S2,17,34,9,-9999,-9999,2,-9999,N/A,-9999,-9999,N/A,-9999
1721,445.15693,445.15690370171853,445.1567684459091,2319613,-9999,401498.1,22.02,-1,0.30383860027021303,0.9833885564678838,0,0.5900331338807303,6,1.631578947368421,0.3157894736842105,N2 S1 P1 O6,de-protonated,0,-9999,C19 H31 O6 N2 P1 S1,19,31,6,2,1,1,-9999,N/A,-9999,-9999,N/A,-9999
1722,445.158139,445.158112702677,445.15848597894905,4476669.5,-9999,295066,44.01,-1,-0.8385244443748631,0.44011115038281023,0.8370420509349343,0.5988835106036599,6,1.6666666666666667,0.2777777777777778,N4 S2 O5,de-protonated,0,-9999,C18 H30 O5 N4 S2,18,30,5,4,-9999,2,-9999,N/A,-9999,-9999,N/A,-9999
1724,445.171274,445.17124771308914,445.17153532984906,2923779.3,-9999,301758.9,28.18,-1,-0.6460807511123092,0.9270568654402674,0,0.5562341192641604,6,1.5,0.55,O11,de-protonated,0,-9999,C20 H30 O11,20,30,11,-9999,-9999,-9999,-9999,N/A,-9999,-9999,N/A,-9999
1724,445.171274,445.17124771308914,445.17137313851913,2923779.3,-9999,301758.9,28.18,-1,-0.2817463960022956,0.9856996514545042,0,0.5914197908727025,1,2.3333333333333335,0.3333333333333333,N4 S2 P1 O5,de-protonated,0,-9999,C15 H35 O5 N4 P1 S2,15,35,5,4,1,2,-9999,N/A,-9999,-9999,N/A,-9999
1725,445.17884,445.17881371908675,445.1785492626491,1358342.4,-9999,383350.5,12.21,-1,0.5940457780375874,0.9379754556290666,0,0.5627852733774399,10,1.2916666666666667,0.25,P1 O6,de-protonated,0,-9999,C24 H31 O6 P1,24,31,6,-9999,1,-9999,-9999,N/A,-9999,-9999,N/A,-9999
1725,445.17884,445.17881371908675,445.1787459671391,1358342.4,-9999,383350.5,12.21,-1,0.15219043646562858,0.9958061174107248,0,0.5974836704464348,2,2.142857142857143,0.8571428571428571,N4 O12,de-protonated,0,-9999,C14 H30 O12 N4,14,30,12,4,-9999,-9999,-9999,N/A,-9999,-9999,N/A,-9999
1726,445.19218,445.1921537296615,445.1921516336591,1596172.1,-9999,389669.2,14.64,-1,0.00470808490102344,0.9999959780049972,0,0.5999975868029983,19,0.8666666666666667,0.06666666666666667,N2 O2,de-protonated,0,-9999,C30 H26 O2 N2,30,26,2,2,-9999,-9999,-9999,N/A,-9999,-9999,N/A,-9999
1727,445.19458,445.194553731564,445.1948714882991,4401933,-9999,254332.9,43.25,-1,-0.7137475192654441,0.4558535940717184,0.8295321147073604,0.6053250023259753,5,1.7894736842105263,0.21052631578947367,N4 S2 O4,de-protonated,0,-9999,C19 H34 O4 N4 S2,19,34,4,4,-9999,2,-9999,N/A,-9999,-9999,N/A,-9999
1728,447.037337,447.0373121923333,447.0371075406591,1339820.6,-9999,258487.5,12.02,-1,0.4577957191939424,0.9626865081332712,0,0.5776119048799627,23,0.3333333333333333,0.25,N4 O6,de-protonated,0,-9999,C24 H8 O6 N4,24,8,6,4,-9999,-9999,-9999,N/A,-9999,-9999,N/A,-9999
1729,447.055926,447.0559012070689,447.0557349852691,2187060.8,-9999,242237.1,20.66,-1,0.3718144893531783,0.9752274455349056,0,0.5851364673209433,22,0.48,0.12,N4 S1 O3,de-protonated,0,-9999,C25 H12 O3 N4 S1,25,12,3,4,-9999,1,-9999,N/A,-9999,-9999,N/A,-9999
1729,447.055926,447.0559012070689,447.05586792699904,2187060.8,-9999,242237.1,20.66,-1,0.07444275374350218,0.9989949669200086,0,0.5993969801520052,9,1.2142857142857142,0.7857142857142857,N4 P1 O11,de-protonated,0,-9999,C14 H17 O11 N4 P1,14,17,11,4,1,-9999,-9999,N/A,-9999,-9999,N/A,-9999
1730,447.064631,447.0646062139695,447.06478281086913,3833400.5,-9999,209152.9,37.44,-1,-0.3950141152042545,0.4860422448915047,0.7871578612348809,0.6064884914288552,16,0.84,0.08,S2 P1 O2,de-protonated,0,-9999,C25 H21 O2 P1 S2,25,21,2,-9999,1,2,-9999,N/A,-9999,-9999,N/A,-9999
1730,447.064631,447.0646062139695,447.0649795153591,3833400.5,-9999,209152.9,37.44,-1,-0.8350047681598018,0.8811635709684725,0,0.5286981425810835,8,1.3333333333333333,0.5333333333333333,N4 S2 O8,de-protonated,0,-9999,C15 H20 O8 N4 S2,15,20,8,4,-9999,2,-9999,N/A,-9999,-9999,N/A,-9999
1731,447.073411,447.0733862209295,447.0730250193591,1717820.4,-9999,290118.3,15.87,-1,0.8079252162075219,0.8883056560335759,0,0.5329833936201456,16,0.8,0.16,S2 O4,de-protonated,0,-9999,C25 H20 O4 S2,25,20,4,-9999,-9999,2,-9999,N/A,-9999,-9999,N/A,-9999
1731,447.073411,447.0733862209295,447.0731579610891,1717820.4,-9999,290118.3,15.87,-1,0.5105648511674141,0.9538017841643156,0,0.5722810704985895,3,1.7857142857142858,0.8571428571428571,S1 P1 O12,de-protonated,0,-9999,C14 H25 O12 P1 S1,14,25,12,-9999,1,1,-9999,N/A,-9999,-9999,N/A,-9999
1731,447.073411,447.0733862209295,447.0734930500091,1717820.4,-9999,290118.3,15.87,-1,-0.23895194258173616,0.9896931210035268,0,0.5938158726021161,22,0.48,0.2,N4 O5,de-protonated,0,-9999,C25 H12 O5 N4,25,12,5,4,-9999,-9999,-9999,N/A,-9999,-9999,N/A,-9999
1732,447.092393,447.09236823597666,447.0921204946191,2091076.8,-9999,209901.4,19.68,-1,0.5541170291274877,0.9458105108675888,0,0.5674863065205533,21,0.6153846153846154,0.07692307692307693,N4 S1 O2,de-protonated,0,-9999,C26 H16 O2 N4 S1,26,16,2,4,-9999,1,-9999,N/A,-9999,-9999,N/A,-9999
1732,447.092393,447.09236823597666,447.0922534363491,2091076.8,-9999,209901.4,19.68,-1,0.25676944005474,0.9881082614797284,0,0.5928649568878371,8,1.4,0.6666666666666666,N4 P1 O10,de-protonated,0,-9999,C15 H21 O10 N4 P1,15,21,10,4,1,-9999,-9999,N/A,-9999,-9999,N/A,-9999
1733,447.099667,447.0996422417428,447.1000276141891,2944071.8,-9999,372890.5,28.37,-1,-0.8619378718748891,0.8738863696639104,0,0.5243318217983463,2,1.8666666666666667,0.7333333333333333,S2 O11,de-protonated,0,-9999,C15 H28 O11 S2,15,28,11,-9999,-9999,2,-9999,N/A,-9999,-9999,N/A,-9999
1733,447.099667,447.0996422417428,447.09964749166915,2944071.8,-9999,372890.5,28.37,-1,-0.01174218404230281,0.9999749823701962,0,0.5999849894221178,7,1.4705882352941178,0.4705882352941176,N2 S1 P1 O8,de-protonated,0,-9999,C17 H25 O8 N2 P1 S1,17,25,8,2,1,1,-9999,N/A,-9999,-9999,N/A,-9999
1734,447.101066,447.1010412428518,447.1011683202191,6142536.5,-9999,269962.2,60.99,-1,-0.28422508432416643,0.9315236356852998,0.9925305530552038,0.9559264026332616,15,0.9615384615384616,0.03846153846153846,S2 P1 O1,de-protonated,0,-9999,C26 H25 O1 P1 S2,26,25,1,-9999,1,2,-9999,N/A,-9999,-9999,N/A,-9999
1734,447.101066,447.1010412428518,447.1013650247091,6142536.5,-9999,269962.2,60.99,-1,-0.7241799793158058,0.4546144779581393,0.8524773804394659,0.6137596389506699,7,1.5,0.4375,N4 S2 O7,de-protonated,0,-9999,C16 H24 O7 N4 S2,16,24,7,4,-9999,2,-9999,N/A,-9999,-9999,N/A,-9999
1735,447.114032,447.11400725313007,447.1144143756091,2647630.3,-9999,264010.3,25.35,-1,-0.9105554773957318,0.8603283570408289,0,0.5161970142244973,7,1.3333333333333333,0.7222222222222222,O13,de-protonated,0,-9999,C18 H24 O13,18,24,13,-9999,-9999,-9999,-9999,N/A,-9999,-9999,N/A,-9999
1735,447.114032,447.11400725313007,447.1139013113591,2647630.3,-9999,264010.3,25.35,-1,0.2369458222431305,0.49493229046693504,0.7489023467070351,0.596520312962975,25,0.5161290322580645,0.06451612903225806,N2 O2,de-protonated,0,-9999,C31 H16 O2 N2,31,16,2,2,-9999,-9999,-9999,N/A,-9999,-9999,N/A,-9999
1735,447.114032,447.11400725313007,447.11425218427905,2647630.3,-9999,264010.3,25.35,-1,-0.5478043873293984,0.9470050320045256,0,0.5682030192027152,2,2.230769230769231,0.5384615384615384,N4 S2 P1 O7,de-protonated,0,-9999,C13 H29 O7 N4 P1 S2,13,29,7,4,1,2,-9999,N/A,-9999,-9999,N/A,-9999
1736,447.135827,447.1358022704072,447.1360330010191,2746455.8,-9999,377487.8,26.36,-1,-0.5160188284742435,0.9528332854368416,0,0.5716999712621049,6,1.6111111111111112,0.3888888888888889,N2 S1 P1 O7,de-protonated,0,-9999,C18 H29 O7 N2 P1 S1,18,29,7,2,1,1,-9999,N/A,-9999,-9999,N/A,-9999
1737,447.137391,447.1373662716469,447.13775053405914,6933080.5,-9999,229625,69.05,-1,-0.8593826215319916,0.8562861637808942,0.975033871519242,0.9037852468762332,6,1.6470588235294117,0.35294117647058826,N4 S2 O6,de-protonated,0,-9999,C17 H28 O6 N4 S2,17,28,6,4,-9999,2,-9999,N/A,-9999,-9999,N/A,-9999
1738,447.140471,447.1404462740885,447.1400557530191,4523609.5,-9999,378425.5,44.48,-1,0.8733752755249289,0.435372451982295,0.8007932653391621,0.5815407773250418,10,1.2608695652173914,0.21739130434782608,S1 P1 O5,de-protonated,0,-9999,C23 H29 O5 P1 S1,23,29,5,-9999,1,1,-9999,N/A,-9999,-9999,N/A,-9999
1738,447.140471,447.1404462740885,447.14025245750906,4523609.5,-9999,378425.5,44.48,-1,0.43345813394058463,0.966482913229346,0,0.5798897479376076,2,2.1538461538461537,0.8461538461538461,N4 S1 O11,de-protonated,0,-9999,C13 H28 O11 N4 S1,13,28,11,4,-9999,1,-9999,N/A,-9999,-9999,N/A,-9999
1739,447.14206,447.1420352753481,447.1424247347391,9315930,-9999,245007.6,93.34,-1,-0.8709962853976758,0.43570040371508345,0.7550179348240813,0.5634274161586826,19,0.8,0.06666666666666667,S1 O2,de-protonated,0,-9999,C30 H24 O2 S1,30,24,2,-9999,-9999,1,-9999,N/A,-9999,-9999,N/A,-9999
1739,447.14206,447.1420352753481,447.1417732860591,9315930,-9999,245007.6,93.34,-1,0.5859199579807788,0.6344774386346227,0.9271353433956672,0.7515406005390405,10,1.2727272727272727,0.18181818181818185,N2 S2 O4,de-protonated,0,-9999,C22 H28 O4 N2 S2,22,28,4,2,-9999,2,-9999,N/A,-9999,-9999,N/A,-9999
1740,447.150849,447.1508242823152,447.1507998849591,2573662.3,-9999,234739.3,24.6,-1,0.05456180808470918,0.9994599747779034,0,0.599675984866742,6,1.4736842105263157,0.631578947368421,O12,de-protonated,0,-9999,C19 H28 O12,19,28,12,-9999,-9999,-9999,-9999,N/A,-9999,-9999,N/A,-9999
1740,447.150849,447.1508242823152,447.1506376936291,2573662.3,-9999,234739.3,24.6,-1,0.4172837303376323,0.9688990213799924,0,0.5813394128279954,1,2.357142857142857,0.42857142857142855,N4 S2 P1 O6,de-protonated,0,-9999,C14 H33 O6 N4 P1 S2,14,33,6,4,1,2,-9999,N/A,-9999,-9999,N/A,-9999
1741,447.172375,447.17235029937905,447.1719292530191,2686567.8,-9999,399217.2,25.75,-1,0.941576007863669,0.8514060469321776,0,0.5108436281593065,1,2,0.875,O14,de-protonated,0,-9999,C16 H32 O14,16,32,14,-9999,-9999,-9999,-9999,N/A,-9999,-9999,N/A,-9999
1741,447.172375,447.17235029937905,447.1724185103691,2686567.8,-9999,399217.2,25.75,-1,-0.15253845544400582,0.9957869554034878,0,0.5974721732420927,5,1.736842105263158,0.3157894736842105,N2 S1 P1 O6,de-protonated,0,-9999,C19 H33 O6 N2 P1 S1,19,33,6,2,1,1,-9999,N/A,-9999,-9999,N/A,-9999
1742,447.173949,447.1739243006268,447.1741360434091,5782120.5,-9999,282863.2,57.31,-1,-0.4735130349572152,0.9513722482608716,0.9537561087292754,0.9523257924482332,5,1.7777777777777777,0.2777777777777778,N4 S2 O5,de-protonated,0,-9999,C18 H32 O5 N4 S2,18,32,5,4,-9999,2,-9999,N/A,-9999,-9999,N/A,-9999
1743,447.186917,447.1868923109066,447.1871853943091,1429870,-9999,263249.7,12.93,-1,-0.6553931151312511,0.9250203948008692,0,0.5550122368805215,5,1.6,0.55,O11,de-protonated,0,-9999,C20 H32 O11,20,32,11,-9999,-9999,-9999,-9999,N/A,-9999,-9999,N/A,-9999
1743,447.186917,447.1868923109066,447.18702320297905,1429870,-9999,263249.7,12.93,-1,-0.29270096322695766,0.984574797931213,0,0.5907448787587278,0,2.466666666666667,0.3333333333333333,N4 S2 P1 O5,de-protonated,0,-9999,C15 H37 O5 N4 P1 S2,15,37,5,4,1,2,-9999,N/A,-9999,-9999,N/A,-9999
1744,447.210247,447.2102223294005,447.21052155275913,2852472.3,-9999,292724.8,27.44,-1,-0.6690883693866767,0.9219808634811008,0,0.5531885180886604,4,1.894736842105263,0.21052631578947367,N4 S2 O4,de-protonated,0,-9999,C19 H36 O4 N4 S2,19,36,4,4,-9999,2,-9999,N/A,-9999,-9999,N/A,-9999
1745,448.104167,448.10414303801855,448.10452315528914,1652736,-9999,436707.1,15.2,-1,-0.8482781381412413,0.877598496210313,0.9925305530552038,0.9235713189482692,15,1,0.04,13C1 S2 P1 O1,de-protonated,1,1734,C25 H25 O1 P1 S2 13C1,25,25,1,-9999,1,2,1,N/A,-9999,-9999,N/A,-9999
1745,448.104167,448.10414303801855,448.103790121039,1652736,-9999,436707.1,15.2,-1,0.7875786532123739,0.8935535479359706,0,0.5361321287615823,16,0.7916666666666666,0.3333333333333333,N1 O8,de-protonated,0,-9999,C24 H19 O8 N1,24,19,8,1,-9999,-9999,-9999,N/A,-9999,-9999,N/A,-9999
1746,448.140687,448.1406630669683,448.1410450102591,1524752,-9999,231533,13.9,-1,-0.8522836618065897,0.8765144867772281,0,0.5259086920663368,14,1.0384615384615383,0.07692307692307693,N1 S2 O2,de-protonated,0,-9999,C26 H27 O2 N1 S2,26,27,2,1,-9999,2,-9999,N/A,-9999,-9999,N/A,-9999
1746,448.140687,448.1406630669683,448.1411053691291,1524752,-9999,231533,13.9,-1,-0.986970745548864,0.8379882441157411,0.975033871519242,0.8928064950771414,6,1.75,0.375,13C1 N4 S2 O6,de-protonated,1,1737,C16 H28 O6 N4 S2 13C1,16,28,6,4,-9999,2,1,N/A,-9999,-9999,N/A,-9999
1747,448.145354,448.14533007066785,448.1451281211291,1959698,-9999,265663.1,18.33,-1,0.4506342389152116,0.6425490557845197,0.9271353433956672,0.7563835708289788,10,1.3333333333333333,0.1904761904761905,13C1 N2 S2 O4,de-protonated,1,1739,C21 H28 O4 N2 S2 13C1,21,28,4,2,-9999,2,1,N/A,-9999,-9999,N/A,-9999
1747,448.145354,448.14533007066785,448.1455357929091,1959698,-9999,265663.1,18.33,-1,-0.4590523050845018,0.9624852827084802,0,0.5774911696250881,24,0.6129032258064516,0.03225806451612903,N3 O1,de-protonated,0,-9999,C31 H19 O1 N3,31,19,1,3,-9999,-9999,-9999,N/A,-9999,-9999,N/A,-9999
1748,448.177259,448.1772350959592,448.17743051960906,1529632.1,-9999,307687.7,13.95,-1,-0.4360408100958863,0.9660891831965048,0,0.579653509917903,13,1.148148148148148,0.03703703703703703,N1 S2 O1,de-protonated,0,-9999,C27 H31 O1 N1 S2,27,31,1,1,-9999,2,-9999,N/A,-9999,-9999,N/A,-9999
1748,448.177259,448.1772350959592,448.17756346133905,1529632.1,-9999,307687.7,13.95,-1,-0.7326680463911991,0.9071911491345208,0,0.5443146894807125,0,2.25,0.5625,N1 S1 P1 O9,de-protonated,0,-9999,C16 H36 O9 N1 P1 S1,16,36,9,1,1,1,-9999,N/A,-9999,-9999,N/A,-9999
1748,448.177259,448.1772350959592,448.17749087847915,1529632.1,-9999,307687.7,13.95,-1,-0.5707170153860911,0.9426114784072578,0.9537561087292754,0.9470693305360648,5,1.8823529411764703,0.29411764705882354,13C1 N4 S2 O5,de-protonated,1,1742,C17 H32 O5 N4 S2 13C1,17,32,5,4,-9999,2,1,N/A,-9999,-9999,N/A,-9999
1749,449.03564,449.0356167764051,449.0360018619791,1476762.6,-9999,282490.1,13.4,-1,-0.8575828493842166,0.8750746029116199,0,0.5250447617469719,8,1.3571428571428572,0.5,N4 S2 P1 O7,de-protonated,0,-9999,C14 H19 O7 N4 P1 S2,14,19,7,4,1,2,-9999,N/A,-9999,-9999,N/A,-9999
1750,449.043804,449.04378078287687,449.0440473659791,2044574.3,-9999,238874.4,19.19,-1,-0.5936680461732224,0.9380518143091964,0,0.5628310885855179,16,0.7916666666666666,0.125,S2 P1 O3,de-protonated,0,-9999,C24 H19 O3 P1 S2,24,19,3,-9999,1,2,-9999,N/A,-9999,-9999,N/A,-9999
1751,449.052952,449.05292879012853,449.0527576051191,2008482.3,-9999,324541.3,18.83,-1,0.38121358022208707,0.9739758099142868,0,0.5843854859485721,22,0.4166666666666667,0.25,N4 O6,de-protonated,0,-9999,C24 H10 O6 N4,24,10,6,4,-9999,-9999,-9999,N/A,-9999,-9999,N/A,-9999
1752,449.06187,449.0618467971979,449.06180543071906,1444262.1,-9999,481284.7,13.07,-1,0.0921175623346798,0.9984614755536,0,0.5990768853321601,16,0.7916666666666666,0.20833333333333337,S1 P1 O5,de-protonated,0,-9999,C24 H19 O5 P1 S1,24,19,5,-9999,1,1,-9999,N/A,-9999,-9999,N/A,-9999
1752,449.06187,449.0618467971979,449.062002135209,1444262.1,-9999,481284.7,13.07,-1,-0.3459166226844451,0.9785221623146728,0,0.5871132973888037,8,1.2857142857142858,0.7857142857142857,N4 S1 O11,de-protonated,0,-9999,C14 H18 O11 N4 S1,14,18,11,4,-9999,1,-9999,N/A,-9999,-9999,N/A,-9999
1753,449.066216,449.066192800643,449.0660248872091,7179688,-9999,368008.8,71.55,-1,0.373917029043336,0.4874750169511056,0.8295321147073604,0.6242978560536075,12,0.9473684210526316,0.47368421052631576,N2 S1 O9,de-protonated,0,-9999,C19 H18 O9 N2 S1,19,18,9,2,-9999,1,-9999,N/A,-9999,-9999,N/A,-9999
1753,449.066216,449.066192800643,449.0665141445591,7179688,-9999,368008.8,71.55,-1,-0.7155820039190711,0.4556367625838062,0.8077896627745538,0.5964979226601053,16,0.8636363636363636,0.04545454545454545,N4 S2 P1 O1,de-protonated,0,-9999,C22 H19 O1 N4 P1 S2,22,19,1,4,1,2,-9999,N/A,-9999,-9999,N/A,-9999
1754,449.06778,449.06775680188287,449.0675457157591,14938537,-9999,257156.1,150.67,-1,0.4700542842556077,0.6463049130330266,0.7824927948598867,0.7007800657637706,20,0.6428571428571429,0.07142857142857142,S2 O2,de-protonated,0,-9999,C28 H18 O2 S2,28,18,2,-9999,-9999,2,-9999,N/A,-9999,-9999,N/A,-9999
1754,449.06778,449.06775680188287,449.067678657489,14938537,-9999,257156.1,150.67,-1,0.17401473655449076,0.9567543133444724,0.9598733278219804,0.9580019191354756,7,1.3529411764705883,0.5882352941176471,S1 P1 O10,de-protonated,0,-9999,C17 H23 O10 P1 S1,17,23,10,-9999,1,1,-9999,N/A,-9999,-9999,N/A,-9999
1754,449.06778,449.06775680188287,449.0680137464091,14938537,-9999,257156.1,150.67,-1,-0.572172852198894,0.47116347092407546,0.7675537279851021,0.5897195737484862,26,0.35714285714285715,0.10714285714285714,N4 O3,de-protonated,0,-9999,C28 H10 O3 N4,28,10,3,4,-9999,-9999,-9999,N/A,-9999,-9999,N/A,-9999
1755,449.070834,449.07081080430373,449.0710499608091,2158250.3,-9999,334678.9,20.35,-1,-0.53255827864972,0.9498395801879,0,0.5699037481127399,2,1.9285714285714288,0.7142857142857143,S2 P1 O10,de-protonated,0,-9999,C14 H27 O10 P1 S2,14,27,10,-9999,1,2,-9999,N/A,-9999,-9999,N/A,-9999
1756,449.072653,449.0726298057457,449.0725495626591,5554603,-9999,438611.8,54.98,-1,0.17868624271111272,0.49711165780006267,0.8221557383861047,0.6271292900344795,12,0.9,0.6,O12,de-protonated,0,-9999,C20 H18 O12,20,18,12,-9999,-9999,-9999,-9999,N/A,-9999,-9999,N/A,-9999
1756,449.072653,449.0726298057457,449.07303882000906,5554603,-9999,438611.8,54.98,-1,-0.9107967479929812,0.4301298804967124,0.8007932653391621,0.5783952344336922,16,0.8260869565217391,0.17391304347826086,N2 S1 P1 O4,de-protonated,0,-9999,C23 H19 O4 N2 P1 S1,23,19,4,2,1,1,-9999,N/A,-9999,-9999,N/A,-9999
1756,449.072653,449.0726298057457,449.07238737132906,5554603,-9999,438611.8,54.98,-1,0.5398559863664741,0.4742458600464265,0.8604105061749866,0.6287117184978506,7,1.5333333333333334,0.4,N4 S2 P1 O6,de-protonated,0,-9999,C15 H23 O6 N4 P1 S2,15,23,6,4,1,2,-9999,N/A,-9999,-9999,N/A,-9999
1757,449.074067,449.0740438068666,449.0736902686891,13037996,-9999,274162.7,131.29,-1,0.7872609443377921,0.4468173369432362,0.7489023467070351,0.5676513408487558,25,0.4838709677419355,0.06451612903225806,P1 O2,de-protonated,0,-9999,C31 H15 O2 P1,31,15,2,-9999,1,-9999,-9999,N/A,-9999,-9999,N/A,-9999
1757,449.074067,449.0740438068666,449.073886973179,13037996,-9999,274162.7,131.29,-1,0.349238047626628,0.944237925203492,0.921109728180258,0.9349866463941984,17,0.6666666666666666,0.380952380952381,N4 O8,de-protonated,0,-9999,C21 H14 O8 N4,21,14,8,4,-9999,-9999,-9999,N/A,-9999,-9999,N/A,-9999
1758,449.078887,449.07886381068744,449.0792921692991,3442605.8,-9999,400278.5,33.45,-1,-0.9538596393254396,0.8478167504365156,0,0.5086900502619094,2,1.8571428571428572,0.8571428571428571,S2 O12,de-protonated,0,-9999,C14 H26 O12 S2,14,26,12,-9999,-9999,2,-9999,N/A,-9999,-9999,N/A,-9999
1758,449.078887,449.07886381068744,449.0787791050491,3442605.8,-9999,400278.5,33.45,-1,0.18862088858111867,0.4967826200262975,0.7739790330151771,0.6076611852218494,20,0.6666666666666666,0.03703703703703703,N2 S2 O1,de-protonated,0,-9999,C27 H18 O1 N2 S2,27,18,1,2,-9999,2,-9999,N/A,-9999,-9999,N/A,-9999
1758,449.078887,449.07886381068744,449.07891204677907,3442605.8,-9999,400278.5,33.45,-1,-0.1074111705881682,0.9979087871914846,0,0.5987452723148907,7,1.4375,0.5625,N2 S1 P1 O9,de-protonated,0,-9999,C16 H23 O9 N2 P1 S1,16,23,9,2,1,1,-9999,N/A,-9999,-9999,N/A,-9999
1759,449.080266,449.0802428117806,449.08043287532905,6477230.5,-9999,232684.1,64.39,-1,-0.4232283006768792,0.96005881164587,0.9725539143834004,0.9650568527408824,15,0.92,0.08,S2 P1 O2,de-protonated,0,-9999,C25 H23 O2 P1 S2,25,23,2,-9999,1,2,-9999,N/A,-9999,-9999,N/A,-9999
1759,449.080266,449.0802428117806,449.080629579819,6477230.5,-9999,232684.1,64.39,-1,-0.8612440905912877,0.8604597464927319,0.9541934406764938,0.8979532241662367,7,1.4666666666666666,0.5333333333333333,N4 S2 O8,de-protonated,0,-9999,C15 H22 O8 N4 S2,15,22,8,4,-9999,2,-9999,N/A,-9999,-9999,N/A,-9999
1760,449.08901,449.088986818712,449.0886750838191,1340082.3,-9999,328702.2,12.01,-1,0.6941499756528255,0.9162830137557312,0,0.5497698082534387,15,0.88,0.16,S2 O4,de-protonated,0,-9999,C25 H22 O4 S2,25,22,4,-9999,-9999,2,-9999,N/A,-9999,-9999,N/A,-9999
1760,449.08901,449.088986818712,449.0888080255491,1340082.3,-9999,328702.2,12.01,-1,0.39812429010276545,0.9716494845887051,0,0.5829896907532232,2,1.9285714285714288,0.8571428571428571,S1 P1 O12,de-protonated,0,-9999,C14 H27 O12 P1 S1,14,27,12,-9999,1,1,-9999,N/A,-9999,-9999,N/A,-9999
1760,449.08901,449.088986818712,449.0891431144691,1340082.3,-9999,328702.2,12.01,-1,-0.34802835807665905,0.9782620078437188,0,0.5869572047062313,21,0.56,0.2,N4 O5,de-protonated,0,-9999,C25 H14 O5 N4,25,14,5,4,-9999,-9999,-9999,N/A,-9999,-9999,N/A,-9999
1761,449.108175,449.1081518339043,449.10777055907914,1417146.8,-9999,460202.4,12.8,-1,0.848960650736887,0.8774140551216466,0,0.5264484330729879,20,0.6923076923076923,0.07692307692307693,N4 S1 O2,de-protonated,0,-9999,C26 H18 O2 N4 S1,26,18,2,4,-9999,1,-9999,N/A,-9999,-9999,N/A,-9999
1761,449.108175,449.1081518339043,449.1079035008091,1417146.8,-9999,460202.4,12.8,-1,0.5529475061088533,0.9460327347300616,0,0.567619640838037,7,1.5333333333333334,0.6666666666666666,N4 P1 O10,de-protonated,0,-9999,C15 H23 O10 N4 P1,15,23,10,4,1,-9999,-9999,N/A,-9999,-9999,N/A,-9999
1762,449.109028,449.1090048345805,449.1089350720091,1495227.1,-9999,355862,13.59,-1,0.1553355231921471,0.9956313723462604,0,0.5973788234077562,11,1.0476190476190477,0.5238095238095238,O11,de-protonated,0,-9999,C21 H22 O11,21,22,11,-9999,-9999,-9999,-9999,N/A,-9999,-9999,N/A,-9999
1762,449.109028,449.1090048345805,449.1094243293591,1495227.1,-9999,355862,13.59,-1,-0.9340591755299384,0.8535869151339495,0,0.5121521490803697,15,0.9583333333333334,0.125,N2 S1 P1 O3,de-protonated,0,-9999,C24 H23 O3 N2 P1 S1,24,23,3,2,1,1,-9999,N/A,-9999,-9999,N/A,-9999
1762,449.109028,449.1090048345805,449.1087728806791,1495227.1,-9999,355862,13.59,-1,0.5164759973475428,0.952751680452178,0,0.5716510082713068,6,1.6875,0.3125,N4 S2 P1 O5,de-protonated,0,-9999,C16 H27 O5 N4 P1 S2,16,27,5,4,1,2,-9999,N/A,-9999,-9999,N/A,-9999
1763,449.115258,449.115234839519,449.1156776786491,4331966,-9999,462905.3,42.52,-1,-0.9860246526293392,0.8382721178223637,0,0.5029632706934182,1,2,0.7333333333333333,S2 O11,de-protonated,0,-9999,C15 H30 O11 S2,15,30,11,-9999,-9999,2,-9999,N/A,-9999,-9999,N/A,-9999
1763,449.115258,449.115234839519,449.11529755612906,4331966,-9999,462905.3,42.52,-1,-0.1396447869556619,0.4982339411662007,0.8446892076502734,0.6368160477598298,6,1.588235294117647,0.4705882352941176,N2 S1 P1 O8,de-protonated,0,-9999,C17 H27 O8 N2 P1 S1,17,27,8,2,1,1,-9999,N/A,-9999,-9999,N/A,-9999
1764,449.116739,449.1167158406931,449.1168183846791,10217918,-9999,272295.5,102.53,-1,-0.22832363838030847,0.6633648097911891,0.9023859766940002,0.7589732765523135,14,1.0384615384615383,0.03846153846153846,S2 P1 O1,de-protonated,0,-9999,C26 H27 O1 P1 S2,26,27,1,-9999,1,2,-9999,N/A,-9999,-9999,N/A,-9999
1764,449.116739,449.1167158406931,449.1170150891691,10217918,-9999,272295.5,102.53,-1,-0.666304027649407,0.6320229395601652,0.9291242454535252,0.7508634619175092,6,1.625,0.4375,N4 S2 O7,de-protonated,0,-9999,C16 H26 O7 N4 S2,16,26,7,4,-9999,2,-9999,N/A,-9999,-9999,N/A,-9999
1765,449.129714,449.1296908509784,449.1300644400691,1803460.3,-9999,315502.6,16.73,-1,-0.8318060184250464,0.8820164491802966,0,0.5292098695081779,6,1.4444444444444444,0.7222222222222222,O13,de-protonated,0,-9999,C18 H26 O13,18,26,13,-9999,-9999,-9999,-9999,N/A,-9999,-9999,N/A,-9999
1765,449.129714,449.1296908509784,449.1295513758191,1803460.3,-9999,315502.6,16.73,-1,0.3105454960019296,0.9826535720161292,0,0.5895921432096776,24,0.5806451612903226,0.06451612903225806,N2 O2,de-protonated,0,-9999,C31 H18 O2 N2,31,18,2,2,-9999,-9999,-9999,N/A,-9999,-9999,N/A,-9999
1765,449.129714,449.1296908509784,449.1299022487391,1803460.3,-9999,315502.6,16.73,-1,-0.47068289064485375,0.960598669853017,0,0.5763592019118102,1,2.3846153846153846,0.5384615384615384,N4 S2 P1 O7,de-protonated,0,-9999,C13 H31 O7 N4 P1 S2,13,31,7,4,1,2,-9999,N/A,-9999,-9999,N/A,-9999
1766,449.153197,449.1531738695936,449.15340059851906,10375631,-9999,248319.1,104.14,-1,-0.504791737385009,0.6092105680674709,0.9297262579497482,0.7374168440203819,5,1.7647058823529411,0.35294117647058826,N4 S2 O6,de-protonated,0,-9999,C17 H30 O6 N4 S2,17,30,6,4,-9999,2,-9999,N/A,-9999,-9999,N/A,-9999
1767,449.156211,449.1561878719828,449.1565539706491,7018960,-9999,404985.1,69.91,-1,-0.8150803167723676,0.4432179293785139,0.8149093904448101,0.5918945138050324,10,1.238095238095238,0.42857142857142855,N2 O9,de-protonated,0,-9999,C21 H26 O9 N2,21,26,9,2,-9999,-9999,-9999,N/A,-9999,-9999,N/A,-9999
1767,449.156211,449.1561878719828,449.1559025219691,7018960,-9999,404985.1,69.91,-1,0.6353028249431667,0.46469145713828675,0.8767281105990777,0.6295061185226032,1,2.3076923076923075,0.8461538461538461,N4 S1 O11,de-protonated,0,-9999,C13 H30 O11 N4 S1,13,30,11,4,-9999,1,-9999,N/A,-9999,-9999,N/A,-9999
1768,449.157809,449.1577858732496,449.1580747991991,15583697,-9999,268940.3,157.24,-1,-0.6432611718008028,0.6159219595064798,0.8876687951403788,0.7246206937600395,18,0.8666666666666667,0.06666666666666667,S1 O2,de-protonated,0,-9999,C30 H26 O2 S1,30,26,2,-9999,-9999,1,-9999,N/A,-9999,-9999,N/A,-9999
1768,449.157809,449.1577858732496,449.1582077409291,15583697,-9999,268940.3,157.24,-1,-0.939240722390582,0.8471564556392377,0.990117562368428,0.9043408983309138,5,1.631578947368421,0.5263157894736842,P1 O10,de-protonated,0,-9999,C19 H31 O10 P1,19,31,10,-9999,1,-9999,-9999,N/A,-9999,-9999,N/A,-9999
1768,449.157809,449.1577858732496,449.157423350519,15583697,-9999,268940.3,157.24,-1,0.8071173083066118,0.5955327677702501,0.9139213361616284,0.7228881951268014,9,1.3636363636363635,0.18181818181818185,N2 S2 O4,de-protonated,0,-9999,C22 H30 O4 N2 S2,22,30,4,2,-9999,2,-9999,N/A,-9999,-9999,N/A,-9999
1769,449.166231,449.16620787992576,449.1664499494191,1587924.4,-9999,314316.2,14.54,-1,-0.538930486321934,0.9486635657841974,0,0.5691981394705184,5,1.5789473684210529,0.631578947368421,O12,de-protonated,0,-9999,C19 H30 O12,19,30,12,-9999,-9999,-9999,-9999,N/A,-9999,-9999,N/A,-9999
1769,449.166231,449.16620787992576,449.1659368851691,1587924.4,-9999,314316.2,14.54,-1,0.6033288243684205,0.9360856028141404,0,0.5616513616884843,23,0.6875,0.03125,N2 O1,de-protonated,0,-9999,C32 H22 O1 N2,32,22,1,2,-9999,-9999,-9999,N/A,-9999,-9999,N/A,-9999
1769,449.166231,449.16620787992576,449.16628775808914,1587924.4,-9999,314316.2,14.54,-1,-0.177836506330145,0.994277969501376,0,0.5965667817008256,0,2.5,0.42857142857142855,N4 S2 P1 O6,de-protonated,0,-9999,C14 H35 O6 N4 P1 S2,14,35,6,4,1,2,-9999,N/A,-9999,-9999,N/A,-9999
1771,449.181538,449.18151489205974,449.18170609070904,5414363,-9999,256120,53.55,-1,-0.4256599204989847,0.9794400416663432,0.9298864605174968,0.9596186092068044,9,1.3043478260869563,0.391304347826087,O9,de-protonated,0,-9999,C23 H30 O9,23,30,9,-9999,-9999,-9999,-9999,N/A,-9999,-9999,N/A,-9999
1771,449.181538,449.18151489205974,449.1815438993792,5414363,-9999,256120,53.55,-1,-0.0645781640417376,0.997850845895238,0.8936376749217244,0.9561655775058326,4,1.9444444444444444,0.16666666666666666,N4 S2 P1 O3,de-protonated,0,-9999,C18 H35 O3 N4 P1 S2,18,35,3,4,1,2,-9999,N/A,-9999,-9999,N/A,-9999
1772,449.189594,449.1895708984458,449.1897861078691,5735391,-9999,241594.1,56.83,-1,-0.47910578099534545,0.9430373450280805,0.9417494703185686,0.9425221951442756,4,1.8888888888888888,0.2777777777777778,N4 S2 O5,de-protonated,0,-9999,C18 H34 O5 N4 S2,18,34,5,4,-9999,2,-9999,N/A,-9999,-9999,N/A,-9999
1773,449.225703,449.22567992706973,449.2253022373491,2117870.8,-9999,290196.7,19.94,-1,0.8407578974892179,0.8796234770555281,0,0.5277740862333169,4,1.8888888888888888,0.5,N4 O9,de-protonated,0,-9999,C18 H34 O9 N4,18,34,9,4,-9999,-9999,-9999,N/A,-9999,-9999,N/A,-9999
1774,450.071363,450.0713405974317,450.0710334925591,1944678.3,-9999,227772.7,18.17,-1,0.6823475623860403,0.9189880306841616,0.9598733278219804,0.9353421495392892,7,1.4375,0.625,13C1 S1 P1 O10,de-protonated,1,1754,C16 H23 O10 P1 S1 13C1,16,23,10,-9999,1,1,1,N/A,-9999,-9999,N/A,-9999
1774,450.071363,450.0713405974317,450.0711698381791,1944678.3,-9999,227772.7,18.17,-1,0.3794050008367282,0.9742189523195536,0,0.5845313713917322,7,1.3125,0.75,N1 S1 O12,de-protonated,0,-9999,C16 H21 O12 N1 S1,16,21,12,1,-9999,1,-9999,N/A,-9999,-9999,N/A,-9999
1774,450.071363,450.0713405974317,450.071659095529,1944678.3,-9999,227772.7,18.17,-1,-0.707660859981309,0.9131395343370842,0,0.5478837206022504,11,1.1578947368421053,0.21052631578947367,N3 S2 P1 O4,de-protonated,0,-9999,C19 H22 O4 N3 P1 S2,19,22,4,3,1,2,-9999,N/A,-9999,-9999,N/A,-9999
1775,450.077588,450.0775656023663,450.07718144937905,1549161,-9999,265160.7,14.14,-1,0.8535269128739228,0.8761772623602058,0,0.5257063574161235,25,0.43333333333333335,0.13333333333333333,N1 O4,de-protonated,0,-9999,C30 H13 O4 N1,30,13,4,1,-9999,-9999,-9999,N/A,-9999,-9999,N/A,-9999
1775,450.077588,450.0775656023663,450.0775323222991,1549161,-9999,265160.7,14.14,-1,0.07394296498720755,0.9990084099954768,0,0.599405045997286,2,2.1666666666666665,0.75,N3 S2 P1 O9,de-protonated,0,-9999,C12 H26 O9 N3 P1 S2,12,26,9,3,1,2,-9999,N/A,-9999,-9999,N/A,-9999
1775,450.077588,450.0775656023663,450.0772418082491,1549161,-9999,265160.7,14.14,-1,0.719418995518436,0.9103635517505032,0.921109728180258,0.9146620223224052,17,0.7,0.4,13C1 N4 O8,de-protonated,1,1757,C20 H14 O8 N4 13C1,20,14,8,4,-9999,-9999,1,N/A,-9999,-9999,N/A,-9999
1776,450.083576,450.083553607113,450.0837877103991,1474155.6,-9999,289990.5,13.37,-1,-0.5201326786487167,0.952096612792722,0.9725539143834004,0.9602795334289934,15,0.9583333333333334,0.08333333333333333,13C1 S2 P1 O2,de-protonated,1,1759,C24 H23 O2 P1 S2 13C1,24,23,2,-9999,1,2,1,N/A,-9999,-9999,N/A,-9999
1776,450.083576,450.083553607113,450.0839240560191,1474155.6,-9999,289990.5,13.37,-1,-0.8230662911888215,0.8843341793198811,0,0.5306005075919287,15,0.875,0.16666666666666666,N1 S2 O4,de-protonated,0,-9999,C24 H21 O4 N1 S2,24,21,4,1,-9999,2,-9999,N/A,-9999,-9999,N/A,-9999
1776,450.083576,450.083553607113,450.08354393349913,1474155.6,-9999,289990.5,13.37,-1,0.02149292949002572,0.9999161840146316,0,0.5999497104087789,20,0.6923076923076923,0.03846153846153846,N3 S1 P1 O1,de-protonated,0,-9999,C26 H18 O1 N3 P1 S1,26,18,1,3,1,1,-9999,N/A,-9999,-9999,N/A,-9999
1776,450.083576,450.083553607113,450.08398441488913,1474155.6,-9999,289990.5,13.37,-1,-0.957171974662988,0.8468435358569889,0.9541934406764938,0.8897834977847909,7,1.5714285714285714,0.5714285714285714,13C1 N4 S2 O8,de-protonated,1,1759,C14 H22 O8 N4 S2 13C1,14,22,8,4,-9999,2,1,N/A,-9999,-9999,N/A,-9999
1777,450.120219,450.12019663616024,450.1201732197491,2134908,-9999,277684.6,20.11,-1,0.05202257645397128,0.6663393714526341,0.9023859766940002,0.7607580135491805,14,1.08,0.04,13C1 S2 P1 O1,de-protonated,1,1764,C25 H27 O1 P1 S2 13C1,25,27,1,-9999,1,2,1,N/A,-9999,-9999,N/A,-9999
1777,450.120219,450.12019663616024,450.12030956536904,2134908,-9999,277684.6,20.11,-1,-0.2508867216094496,0.9886438407461424,0,0.5931863044476854,14,1,0.12,N1 S2 O3,de-protonated,0,-9999,C25 H25 O3 N1 S2,25,25,3,1,-9999,2,-9999,N/A,-9999,-9999,N/A,-9999
1777,450.120219,450.12019663616024,450.1204425070991,2134908,-9999,277684.6,20.11,-1,-0.546233664641382,0.947300360783024,0,0.5683802164698144,1,2.142857142857143,0.7857142857142857,N1 S1 P1 O11,de-protonated,0,-9999,C14 H30 O11 N1 P1 S1,14,30,11,1,1,1,-9999,N/A,-9999,-9999,N/A,-9999
1777,450.120219,450.12019663616024,450.1203699242391,2134908,-9999,277684.6,20.11,-1,-0.3849816414946563,0.6489771475208354,0.9291242454535252,0.7610359866939114,6,1.7333333333333334,0.4666666666666667,13C1 N4 S2 O7,de-protonated,1,1764,C15 H26 O7 N4 S2 13C1,15,26,7,4,-9999,2,1,N/A,-9999,-9999,N/A,-9999
1778,450.156388,450.1563656648317,450.1566950747191,2566028.3,-9999,257941.7,24.51,-1,-0.731767162546689,0.9074083410101328,0,0.5444450046060797,13,1.1153846153846154,0.07692307692307693,N1 S2 O2,de-protonated,0,-9999,C26 H29 O2 N1 S2,26,29,2,1,-9999,2,-9999,N/A,-9999,-9999,N/A,-9999
1778,450.156388,450.1563656648317,450.1567554335891,2566028.3,-9999,257941.7,24.51,-1,-0.865851179005503,0.5818766046250589,0.9297262579497482,0.7210164659549346,5,1.875,0.375,13C1 N4 S2 O6,de-protonated,1,1766,C16 H30 O6 N4 S2 13C1,16,30,6,4,-9999,2,1,N/A,-9999,-9999,N/A,-9999
1779,450.161147,450.16112466860426,450.1614296342691,2981262.3,-9999,291560.5,28.74,-1,-0.6774584511676841,0.6133981923917612,0.8876687951403788,0.7231064334912083,18,0.896551724137931,0.06896551724137931,13C1 S1 O2,de-protonated,1,1768,C29 H26 O2 S1 13C1,29,26,2,-9999,-9999,1,1,N/A,-9999,-9999,N/A,-9999
1779,450.161147,450.16112466860426,450.1615625759991,2981262.3,-9999,291560.5,28.74,-1,-0.9727782894653796,0.842228051447355,0.990117562368428,0.9013838558157844,5,1.7222222222222223,0.5555555555555556,13C1 P1 O10,de-protonated,1,1768,C18 H31 O10 P1 13C1,18,31,10,-9999,1,-9999,1,N/A,-9999,-9999,N/A,-9999
1779,450.161147,450.16112466860426,450.1607781855891,2981262.3,-9999,291560.5,28.74,-1,0.769687258318675,0.5987215408921261,0.9139213361616284,0.724801458999927,9,1.4285714285714286,0.1904761904761905,13C1 N2 S2 O4,de-protonated,1,1768,C21 H30 O4 N2 S2 13C1,21,30,4,2,-9999,2,1,N/A,-9999,-9999,N/A,-9999
1779,450.161147,450.16112466860426,450.1611858573691,2981262.3,-9999,291560.5,28.74,-1,-0.13592634542564153,0.4983265862098651,0.7489023467070351,0.59855689040873306,23,0.6774193548387096,0.03225806451612903,N3 O1,de-protonated,0,-9999,C31 H21 O1 N3,31,21,1,3,-9999,-9999,-9999,N/A,-9999,-9999,N/A,-9999
1780,450.184984,450.1849616875,450.1850609257791,1995672.9,-9999,321742.5,18.69,-1,-0.22043885444696923,0.9912215690403364,0.9298864605174968,0.9666875256312004,9,1.3636363636363635,0.4090909090909091,13C1 O9,de-protonated,1,1771,C22 H30 O9 13C1,22,30,9,-9999,-9999,-9999,1,N/A,-9999,-9999,N/A,-9999
1780,450.184984,450.1849616875,450.1848987344492,1995672.9,-9999,321742.5,18.69,-1,0.13983821090381404,0.9964581081454746,0.8936376749217244,0.9553299348559746,4,2.0588235294117645,0.17647058823529413,13C1 N4 S2 P1 O3,de-protonated,1,1771,C17 H35 O3 N4 P1 S2 13C1,17,35,3,4,1,2,1,N/A,-9999,-9999,N/A,-9999
1781,450.192872,450.1928496937529,450.1930805840691,1629084.4,-9999,334502.4,14.95,-1,-0.5128695356116656,0.9533936616980552,0,0.572036197018833,12,1.2222222222222223,0.03703703703703703,N1 S2 O1,de-protonated,0,-9999,C27 H33 O1 N1 S2,27,33,1,1,-9999,2,-9999,N/A,-9999,-9999,N/A,-9999
1781,450.192872,450.1928496937529,450.1931409429391,1629084.4,-9999,334502.4,14.95,-1,-0.6469427446068928,0.9268693976359924,0.9417494703185686,0.9328214267090228,4,2,0.29411764705882354,13C1 N4 S2 O5,de-protonated,1,1772,C17 H34 O5 N4 S2 13C1,17,34,5,4,-9999,2,1,N/A,-9999,-9999,N/A,-9999
1782,451.050943,451.05092137395314,451.0506496048391,1874715.9,-9999,350541.8,17.45,-1,0.6025246039663837,0.936250334526733,0,0.5617502007160398,21,0.5,0.16666666666666666,N4 S1 O4,de-protonated,0,-9999,C24 H12 O4 N4 S1,24,12,4,4,-9999,1,-9999,N/A,-9999,-9999,N/A,-9999
1782,451.050943,451.05092137395314,451.05078254656905,1874715.9,-9999,350541.8,17.45,-1,0.30778659402352787,0.9829577862558696,0,0.5897746717535217,8,1.3076923076923077,0.9230769230769232,N4 P1 O12,de-protonated,0,-9999,C13 H17 O12 N4 P1,13,17,12,4,1,-9999,-9999,N/A,-9999,-9999,N/A,-9999
1783,451.057985,451.05796337953535,451.05804366015906,1957151,-9999,438022,18.29,-1,-0.17798291114528114,0.9942685713032268,0,0.596561142781936,20,0.6153846153846154,0.07692307692307693,N2 S2 O2,de-protonated,0,-9999,C26 H16 O2 N2 S2,26,16,2,2,-9999,2,-9999,N/A,-9999,-9999,N/A,-9999
1783,451.057985,451.05796337953535,451.0581766018891,1957151,-9999,438022,18.29,-1,-0.4727158597510383,0.9602644391675365,0,0.5761586635005218,7,1.4,0.6666666666666666,N2 S1 P1 O10,de-protonated,0,-9999,C15 H21 O10 N2 P1 S1,15,21,10,2,1,1,-9999,N/A,-9999,-9999,N/A,-9999
1784,451.059428,451.05940638067926,451.05969743043914,4365087.5,-9999,248542.8,42.85,-1,-0.64525773758664,0.4636178289391564,0.7939170211058493,0.5957375058058336,15,0.875,0.125,S2 P1 O3,de-protonated,0,-9999,C24 H21 O3 P1 S2,24,21,3,-9999,1,2,-9999,N/A,-9999,-9999,N/A,-9999
1785,451.063206,451.06318438367407,451.0633415453591,5035297.5,-9999,389224.5,49.68,-1,-0.3484248675269847,0.6521419941287345,0.7824927948598867,0.7042823144211954,20,0.6428571428571429,0.07142857142857142,S1 34S1 O2,de-protonated,1,1754,C28 H18 O2 S1 34S1,28,18,2,-9999,-9999,1,-9999,N/A,-9999,-9999,N/A,1
1785,451.063206,451.06318438367407,451.0630475070591,5035297.5,-9999,389224.5,49.68,-1,0.3034533991302543,0.49171514923707343,0.8370420509349343,0.6298459099162178,12,0.8888888888888888,0.6666666666666666,N2 O12,de-protonated,0,-9999,C18 H16 O12 N2,18,16,12,2,-9999,-9999,-9999,N/A,-9999,-9999,N/A,-9999
1785,451.063206,451.06318438367407,451.0635367644091,5035297.5,-9999,389224.5,49.68,-1,-0.781221948355948,0.44758593916211786,0.8149093904448103,0.5945153196751949,16,0.8095238095238095,0.1904761904761905,N4 S1 P1 O4,de-protonated,0,-9999,C21 H17 O4 N4 P1 S1,21,17,4,4,1,1,-9999,N/A,-9999,-9999,N/A,-9999
1786,451.064763,451.0647413849083,451.06456833560907,8991010,-9999,200982.6,90.01,-1,0.38364640328655913,0.48682350899234034,0.7739790330151772,0.6016857186014751,20,0.5925925925925926,0.18518518518518515,S1 O5,de-protonated,0,-9999,C27 H16 O5 S1,27,16,5,-9999,-9999,1,-9999,N/A,-9999,-9999,N/A,-9999
1786,451.064763,451.0647413849083,451.0647012773391,8991010,-9999,200982.6,90.01,-1,0.08891755248064337,0.49928321756923233,0.8524773804394659,0.6405608827173257,7,1.3125,0.8125,P1 O13,de-protonated,0,-9999,C16 H21 O13 P1,16,21,13,-9999,1,-9999,-9999,N/A,-9999,-9999,N/A,-9999
1787,451.067779,451.06775738729914,451.0679396389291,1582883.5,-9999,258861,14.48,-1,-0.4040447434528671,0.9708125390499768,0,0.5824875234299861,15,0.8333333333333334,0.20833333333333337,S2 O5,de-protonated,0,-9999,C24 H20 O5 S2,24,20,5,-9999,-9999,2,-9999,N/A,-9999,-9999,N/A,-9999
1787,451.067779,451.06775738729914,451.0675595164091,1582883.5,-9999,258861,14.48,-1,0.4386724024928681,0.9656857564724152,0,0.5794114538834492,20,0.6538461538461539,0.07692307692307693,N2 S1 P1 O2,de-protonated,0,-9999,C26 H17 O2 N2 P1 S1,26,17,2,2,1,1,-9999,N/A,-9999,-9999,N/A,-9999
1788,451.070644,451.0706223895703,451.0704415623791,5861669,-9999,412520.7,58.1,-1,0.40088459488333694,0.485630360669997,0.8221557383861046,0.62024051175644,11,1,0.5,S1 O10,de-protonated,0,-9999,C20 H20 O10 S1,20,20,10,-9999,-9999,1,-9999,N/A,-9999,-9999,N/A,-9999
1788,451.070644,451.0706223895703,451.07093081972914,5861669,-9999,412520.7,58.1,-1,-0.6837730781680774,0.45933167814543263,0.8007932653391622,0.5959163130229245,15,0.9130434782608696,0.08695652173913043,N2 S2 P1 O2,de-protonated,0,-9999,C23 H21 O2 N2 P1 S2,23,21,2,2,1,2,-9999,N/A,-9999,-9999,N/A,-9999
1789,451.072098,451.0720763907229,451.0724304215791,12470565,-9999,238648.4,125.49,-1,-0.7848647630364406,0.44712285664710927,0.7612342259156645,0.5727674043545314,25,0.41379310344827586,0.13793103448275862,N2 O4,de-protonated,0,-9999,C29 H12 O4 N2,29,12,4,2,-9999,-9999,-9999,N/A,-9999,-9999,N/A,-9999
1789,451.072098,451.0720763907229,451.0717789728991,12470565,-9999,238648.4,125.49,-1,0.6593580836846179,0.46207292397574445,0.8149093904448103,0.6032075105633707,16,0.7619047619047619,0.2857142857142857,N4 S1 O6,de-protonated,0,-9999,C21 H16 O6 N4 S1,21,16,6,4,-9999,1,-9999,N/A,-9999,-9999,N/A,-9999
1790,451.087509,451.0874874029393,451.0876865628691,1465644.3,-9999,277532.5,13.28,-1,-0.4415104551806977,0.9652481491368206,0,0.5791488894820923,29,0.3636363636363637,0.0303030303030303,N2 O1,de-protonated,0,-9999,C33 H12 O1 N2,33,12,1,2,-9999,-9999,-9999,N/A,-9999,-9999,N/A,-9999
1790,451.087509,451.0874874029393,451.08716805591905,1465644.3,-9999,277532.5,13.28,-1,0.7079496888110054,0.91307179215292,0,0.5478430752917519,7,1.5,0.7857142857142857,N4 P1 O11,de-protonated,0,-9999,C14 H21 O11 N4 P1,14,21,11,4,1,-9999,-9999,N/A,-9999,-9999,N/A,-9999
1791,451.095911,451.0958894095997,451.0960829397891,9854256,-9999,225141.1,98.81,-1,-0.4290221014287818,0.6397132815955402,0.908282239036262,0.7471408645718289,14,1,0.08,S2 P1 O2,de-protonated,0,-9999,C25 H25 O2 P1 S2,25,25,2,-9999,1,2,-9999,N/A,-9999,-9999,N/A,-9999
1791,451.095911,451.0958894095997,451.09627964427904,9854256,-9999,225141.1,98.81,-1,-0.8650806867846904,0.6238985634656594,0.9285118293388496,0.7457438698149355,6,1.6,0.5333333333333333,N4 S2 O8,de-protonated,0,-9999,C15 H24 O8 N4 S2,15,24,8,4,-9999,2,-9999,N/A,-9999,-9999,N/A,-9999
1792,451.130911,451.1308894373445,451.13132774310907,6382399.5,-9999,337264.8,63.41,-1,-0.9715702227604412,0.4212935450105657,0.8604105061749867,0.596940329476334,0,2.1333333333333333,0.7333333333333333,S2 O11,de-protonated,0,-9999,C15 H32 O11 S2,15,32,11,-9999,-9999,2,-9999,N/A,-9999,-9999,N/A,-9999
1792,451.130911,451.1308894373445,451.1309476205891,6382399.5,-9999,337264.8,63.41,-1,-0.1289719646270798,0.991582228547602,0.956153652423004,0.9774107980977628,5,1.7058823529411764,0.4705882352941176,N2 S1 P1 O8,de-protonated,0,-9999,C17 H29 O8 N2 P1 S1,17,29,8,2,1,1,-9999,N/A,-9999,-9999,N/A,-9999
1793,451.132409,451.1323874385319,451.13246844913914,13997376,-9999,241987.8,141.06,-1,-0.1795716622008877,0.6481016634104096,0.8911466525835651,0.7453196590796718,13,1.1153846153846154,0.03846153846153846,S2 P1 O1,de-protonated,0,-9999,C26 H29 O1 P1 S2,26,29,1,-9999,1,2,-9999,N/A,-9999,-9999,N/A,-9999
1793,451.132409,451.1323874385319,451.13266515362915,13997376,-9999,241987.8,141.06,-1,-0.6155951867197265,0.5925979238322385,0.9291242454535252,0.7272084524807532,5,1.75,0.4375,N4 S2 O7,de-protonated,0,-9999,C16 H28 O7 N4 S2,16,28,7,4,-9999,2,-9999,N/A,-9999,-9999,N/A,-9999
1794,451.161145,451.1611234613111,451.1609706458191,1448909.3,-9999,251606.8,13.11,-1,0.33871611689564657,0.979397830179039,0,0.5876386981074234,9,1.2727272727272727,0.4545454545454546,O10,de-protonated,0,-9999,C22 H28 O10,22,28,10,-9999,-9999,-9999,-9999,N/A,-9999,-9999,N/A,-9999
1794,451.161145,451.1611234613111,451.16145990316915,1448909.3,-9999,251606.8,13.11,-1,-0.7457238436734265,0.904019498657984,0,0.5424116991947905,13,1.16,0.08,N2 S1 P1 O2,de-protonated,0,-9999,C25 H29 O2 N2 P1 S1,25,29,2,2,1,1,-9999,N/A,-9999,-9999,N/A,-9999
1794,451.161145,451.1611234613111,451.1608084544891,1448909.3,-9999,251606.8,13.11,-1,0.6982140650525948,0.915342691801916,0,0.5492056150811495,4,1.9411764705882353,0.2352941176470588,N4 S2 P1 O4,de-protonated,0,-9999,C17 H33 O4 N4 P1 S2,17,33,4,4,1,2,-9999,N/A,-9999,-9999,N/A,-9999
1795,451.167175,451.1671534660912,451.1673331299391,5483856,-9999,422146.2,54.25,-1,-0.3982199832888988,0.9742083111763546,0.951770940759182,0.9652333630094856,4,1.8333333333333333,0.3888888888888889,N2 S1 P1 O7,de-protonated,0,-9999,C18 H33 O7 N2 P1 S1,18,33,7,2,1,1,-9999,N/A,-9999,-9999,N/A,-9999
1796,451.168792,451.168770467373,451.1690506629791,10691921,-9999,257655.6,107.36,-1,-0.621043499479819,0.31080295747137526,0.7853297361592264,0.5006136689465157,4,1.8823529411764703,0.35294117647058826,N4 S2 O6,de-protonated,0,-9999,C17 H32 O6 N4 S2,17,32,6,4,-9999,2,-9999,N/A,-9999,-9999,N/A,-9999
1797,451.178423,451.1784014750076,451.1785665192291,1608277.1,-9999,347952.9,14.74,-1,-0.3658068750092495,0.9760119038799135,0,0.5856071423279481,4,1.9411764705882353,0.35294117647058826,N4 S1 P1 O6,de-protonated,0,-9999,C17 H33 O6 N4 P1 S1,17,33,6,4,1,1,-9999,N/A,-9999,-9999,N/A,-9999
1798,451.205079,451.20505749613807,451.20543617232903,4459873,-9999,293518,43.81,-1,-0.8392544960776932,0.4400133464548831,0.8370420509349343,0.5988248282469035,3,2,0.2777777777777778,N4 S2 O5,de-protonated,0,-9999,C18 H36 O5 N4 S2,18,36,5,4,-9999,2,-9999,N/A,-9999,-9999,N/A,-9999
1799,452.075806,452.0757851863708,452.07607577069905,1857256.9,-9999,315344.5,17.27,-1,-0.6427774965644797,0.9277732977399354,0,0.5566639786439612,10,1.2,0.25,N1 S2 P1 O5,de-protonated,0,-9999,C20 H24 O5 N1 P1 S2,20,24,5,1,1,2,-9999,N/A,-9999,-9999,N/A,-9999
1800,452.098745,452.09872420455474,452.0987047406091,1566963.3,-9999,382468.2,14.31,-1,0.04305242515410461,0.9996637393557252,0,0.599798243613435,15,0.8260869565217391,0.391304347826087,N1 O9,de-protonated,0,-9999,C23 H19 O9 N1,23,19,9,1,-9999,-9999,-9999,N/A,-9999,-9999,N/A,-9999
1801,452.099694,452.099673205307,452.0994377748591,2060275.6,-9999,281192.2,19.34,-1,0.5207492603910437,0.6346571639640888,0.908282239036262,0.7441071939929581,14,1.0416666666666667,0.08333333333333333,13C1 S2 P1 O2,de-protonated,1,1791,C24 H25 O2 P1 S2 13C1,24,25,2,-9999,1,2,1,N/A,-9999,-9999,N/A,-9999
1801,452.099694,452.099673205307,452.099574120479,2060275.6,-9999,281192.2,19.34,-1,0.21916593965518308,0.9913222177875128,0,0.5947933306725076,14,0.9583333333333334,0.16666666666666666,N1 S2 O4,de-protonated,0,-9999,C24 H23 O4 N1 S2,24,23,4,1,-9999,2,-9999,N/A,-9999,-9999,N/A,-9999
1801,452.099694,452.099673205307,452.0997070622091,2060275.6,-9999,281192.2,19.34,-1,-0.07488813107399132,0.998982911224951,0,0.5993897467349706,1,2.1538461538461537,0.9230769230769232,N1 S1 P1 O12,de-protonated,0,-9999,C13 H28 O12 N1 P1 S1,13,28,12,1,1,1,-9999,N/A,-9999,-9999,N/A,-9999
1801,452.099694,452.099673205307,452.0996344793491,2060275.6,-9999,281192.2,19.34,-1,0.08565801637395985,0.665779695443409,0.9285118293388496,0.7708725490015852,6,1.7142857142857142,0.5714285714285714,13C1 N4 S2 O8,de-protonated,1,1791,C14 H24 O8 N4 S2 13C1,14,24,8,4,-9999,2,1,N/A,-9999,-9999,N/A,-9999
1802,452.134198,452.13417723265866,452.1343024556591,1587203.3,-9999,474726.2,14.52,-1,-0.27695974353717534,0.9861780822732684,0.956153652423004,0.9741683103331628,5,1.8125,0.5,13C1 N2 S1 P1 O8,de-protonated,1,1792,C16 H29 O8 N2 P1 S1 13C1,16,29,8,2,1,1,1,N/A,-9999,-9999,N/A,-9999
1802,452.134198,452.13417723265866,452.1344388012791,1587203.3,-9999,474726.2,14.52,-1,-0.5785195684812047,0.9410790525669332,0,0.5646474315401598,5,1.6875,0.625,N3 S1 O10,de-protonated,0,-9999,C16 H27 O10 N3 S1,16,27,10,3,-9999,1,-9999,N/A,-9999,-9999,N/A,-9999
1803,452.135604,452.1355832337732,452.1358232842091,2697732,-9999,191761.4,25.84,-1,-0.5309254953316139,0.633425931711043,0.8911466525835651,0.7365142200600518,13,1.16,0.04,13C1 S2 P1 O1,de-protonated,1,1793,C25 H29 O1 P1 S2 13C1,25,29,1,-9999,1,2,1,N/A,-9999,-9999,N/A,-9999
1803,452.135604,452.1355832337732,452.1359596298291,2697732,-9999,191761.4,25.84,-1,-0.8324842292216317,0.8818358233703659,0,0.5291014940222195,13,1.08,0.12,N1 S2 O3,de-protonated,0,-9999,C25 H27 O3 N1 S2,25,27,3,1,-9999,2,-9999,N/A,-9999,-9999,N/A,-9999
1803,452.135604,452.1355832337732,452.1360199886991,2697732,-9999,191761.4,25.84,-1,-0.9659812679751186,0.5628295376017413,0.9291242454535252,0.7093474207424548,5,1.8666666666666667,0.4666666666666667,13C1 N4 S2 O7,de-protonated,1,1793,C15 H28 O7 N4 S2 13C1,15,28,7,4,-9999,2,1,N/A,-9999,-9999,N/A,-9999
1804,452.170546,452.170525261472,452.1706879650091,1468179.6,-9999,428214.5,13.3,-1,-0.3598276965864049,0.9767805729080304,0.951770940759182,0.9667767200484908,4,1.9411764705882353,0.4117647058823529,13C1 N2 S1 P1 O7,de-protonated,1,1795,C17 H33 O7 N2 P1 S1 13C1,17,33,7,2,1,1,1,N/A,-9999,-9999,N/A,-9999
1804,452.170546,452.170525261472,452.17082431062914,1468179.6,-9999,428214.5,13.3,-1,-0.6613632306008151,0.923701884324312,0,0.5542211305945871,4,1.8235294117647056,0.5294117647058824,N3 S1 O9,de-protonated,0,-9999,C17 H31 O9 N3 S1,17,31,9,3,-9999,1,-9999,N/A,-9999,-9999,N/A,-9999
1805,452.171858,452.171837262512,452.1714757593091,2339604.3,-9999,238927.4,22.19,-1,0.7994825466287167,0.8904957206268955,0,0.5342974323761372,13,1.08,0.28,N1 O7,de-protonated,0,-9999,C25 H27 O7 N1,25,27,7,1,-9999,-9999,-9999,N/A,-9999,-9999,N/A,-9999
1806,453.061842,453.06182196801,453.06159095545905,1359783.5,-9999,396642,12.19,-1,0.5098921549895131,0.953920594077376,0,0.5723523564464256,20,0.5384615384615384,0.3076923076923077,O8,de-protonated,0,-9999,C26 H14 O8,26,14,8,-9999,-9999,-9999,-9999,N/A,-9999,-9999,N/A,-9999
1806,453.061842,453.06182196801,453.0614287641291,1359783.5,-9999,396642,12.19,-1,0.8678820484948462,0.8722574625494729,0,0.5233544775296837,15,0.9047619047619048,0.09523809523809525,N4 S2 P1 O2,de-protonated,0,-9999,C21 H19 O2 N4 P1 S2,21,19,2,4,1,2,-9999,N/A,-9999,-9999,N/A,-9999
1807,453.073813,453.07379297749947,453.0736937246191,3706028.8,-9999,378022.8,36.12,-1,0.21906564373446105,0.4956650618986117,0.7805128205128198,0.609604165344295,19,0.6923076923076923,0.07692307692307693,N2 S2 O2,de-protonated,0,-9999,C26 H18 O2 N2 S2,26,18,2,2,-9999,2,-9999,N/A,-9999,-9999,N/A,-9999
1807,453.073813,453.07379297749947,453.0738266663491,3706028.8,-9999,378022.8,36.12,-1,-0.07435620340302533,0.9989973013792944,0,0.5993983808275767,6,1.5333333333333334,0.6666666666666666,N2 S1 P1 O10,de-protonated,0,-9999,C15 H23 O10 N2 P1 S1,15,23,10,2,1,1,-9999,N/A,-9999,-9999,N/A,-9999
1808,453.075167,453.0751469785728,453.07534749489906,7232685.5,-9999,258121.3,72.08,-1,-0.4425672845361314,0.9816299265727524,0.965007291432481,0.9749808725166438,14,0.9583333333333334,0.125,S2 P1 O3,de-protonated,0,-9999,C24 H23 O3 P1 S2,24,23,3,-9999,1,2,-9999,N/A,-9999,-9999,N/A,-9999
1808,453.075167,453.0751469785728,453.075544199389,7232685.5,-9999,258121.3,72.08,-1,-0.8767209383181533,0.909741549597058,0.96041706002189,0.9300117537669907,6,1.5714285714285714,0.6428571428571429,N4 S2 O9,de-protonated,0,-9999,C14 H22 O9 N4 S2,14,22,9,4,-9999,2,-9999,N/A,-9999,-9999,N/A,-9999
1809,453.103717,453.1036970012047,453.1038496915791,1430970.5,-9999,264506.8,12.92,-1,-0.33698759020609964,0.9796054129845708,0,0.5877632477907424,10,1.1,0.6,O12,de-protonated,0,-9999,C20 H22 O12,20,22,12,-9999,-9999,-9999,-9999,N/A,-9999,-9999,N/A,-9999
1809,453.103717,453.1036970012047,453.1033366273291,1430970.5,-9999,264506.8,12.92,-1,0.7953458879305935,0.8915623395652703,0,0.5349374037391622,28,0.42424242424242425,0.0303030303030303,N2 O1,de-protonated,0,-9999,C33 H14 O1 N2,33,14,1,2,-9999,-9999,-9999,N/A,-9999,-9999,N/A,-9999
1809,453.103717,453.1036970012047,453.1036875002491,1430970.5,-9999,264506.8,12.92,-1,0.02096861233495048,0.9999202233334284,0,0.599952134000057,5,1.8,0.4,N4 S2 P1 O6,de-protonated,0,-9999,C15 H27 O6 N4 P1 S2,15,27,6,4,1,2,-9999,N/A,-9999,-9999,N/A,-9999
1810,453.110245,453.1102250063795,453.1105922982191,6783165.5,-9999,339521.1,67.49,-1,-0.810600868424226,0.44380395690749935,0.8684926696514785,0.6136794420050911,0,2.142857142857143,0.8571428571428571,S2 O12,de-protonated,0,-9999,C14 H30 O12 S2,14,30,12,-9999,-9999,2,-9999,N/A,-9999,-9999,N/A,-9999
1810,453.110245,453.1102250063795,453.11007923396915,6783165.5,-9999,339521.1,67.49,-1,0.32171522336315767,0.99049864413606,0.9496978174372376,0.974178313456531,18,0.8148148148148148,0.03703703703703703,N2 S2 O1,de-protonated,0,-9999,C27 H22 O1 N2 S2,27,22,1,2,-9999,2,-9999,N/A,-9999,-9999,N/A,-9999
1810,453.110245,453.1102250063795,453.11021217569913,6783165.5,-9999,339521.1,67.49,-1,0.02831690837450243,0.9895739409974612,0.9718038351384736,0.9824658986538662,5,1.6875,0.5625,N2 S1 P1 O9,de-protonated,0,-9999,C16 H27 O9 N2 P1 S1,16,27,9,2,1,1,-9999,N/A,-9999,-9999,N/A,-9999
1811,453.111596,453.1115760074504,453.1117330042491,14338238,-9999,258695.2,144.53,-1,-0.34648583838896396,0.6079191461177427,0.9087524139507104,0.7282524532509298,13,1.08,0.08,S2 P1 O2,de-protonated,0,-9999,C25 H27 O2 P1 S2,25,27,2,-9999,1,2,-9999,N/A,-9999,-9999,N/A,-9999
1811,453.111596,453.1115760074504,453.111929708739,14338238,-9999,258695.2,144.53,-1,-0.7806046706225205,0.29844282850230824,0.7989013330709023,0.49862623032974585,5,1.7333333333333334,0.5333333333333333,N4 S2 O8,de-protonated,0,-9999,C15 H26 O8 N4 S2,15,26,8,4,-9999,2,-9999,N/A,-9999,-9999,N/A,-9999
1812,453.139798,453.13977802980634,453.14007300959906,2109642.8,-9999,241813,19.84,-1,-0.6509682332176823,0.9259911236163988,0,0.5555946741698393,4,1.9375,0.3125,N4 S2 P1 O5,de-protonated,0,-9999,C16 H31 O5 N4 P1 S2,16,31,5,4,1,2,-9999,N/A,-9999,-9999,N/A,-9999
1813,453.1466,453.1465800351984,453.14659768504913,6786254,-9999,404952.7,67.52,-1,-0.03894953826711738,0.4998623840770493,0.8446892076502734,0.6377931135063389,4,1.8235294117647056,0.4705882352941176,N2 S1 P1 O8,de-protonated,0,-9999,C17 H31 O8 N2 P1 S1,17,31,8,2,1,1,-9999,N/A,-9999,-9999,N/A,-9999
1814,453.147912,453.1478920362384,453.14811851359906,15003855,-9999,285035.8,151.31,-1,-0.4997866070148757,0.6516899710455034,0.8948107746814763,0.7489382924998926,12,1.1923076923076923,0.03846153846153846,S2 P1 O1,de-protonated,0,-9999,C26 H31 O1 P1 S2,26,31,1,-9999,1,2,-9999,N/A,-9999,-9999,N/A,-9999
1814,453.147912,453.1478920362384,453.14831521808907,15003855,-9999,285035.8,151.31,-1,-0.9338705152899758,0.6035843708969145,0.9291242454535252,0.7338003207195588,4,1.875,0.4375,N4 S2 O7,de-protonated,0,-9999,C16 H30 O7 N4 S2,16,30,7,4,-9999,2,-9999,N/A,-9999,-9999,N/A,-9999
1814,453.147912,453.1478920362384,453.1474458382191,15003855,-9999,285035.8,151.31,-1,0.9846640943137216,0.41934002111662744,0.8604105061749866,0.5957682151399711,5,1.7333333333333334,0.8,N4 O12,de-protonated,0,-9999,C15 H26 O12 N4,15,26,12,4,-9999,-9999,-9999,N/A,-9999,-9999,N/A,-9999
1815,453.175633,453.1756130582131,453.1754561973491,1867739.1,-9999,391874.8,17.37,-1,0.3461371569862801,0.97849506448709,0,0.5870970386922539,17,0.9629629629629628,0.03703703703703703,N4 S1 O1,de-protonated,0,-9999,C27 H26 O1 N4 S1,27,26,1,4,-9999,1,-9999,N/A,-9999,-9999,N/A,-9999
1815,453.175633,453.1756130582131,453.17558913907914,1867739.1,-9999,391874.8,17.37,-1,0.05278116154840572,0.9994946387312216,0,0.5996967832387329,4,1.9375,0.5625,N4 P1 O9,de-protonated,0,-9999,C16 H31 O9 N4 P1,16,31,9,4,1,-9999,-9999,N/A,-9999,-9999,N/A,-9999
1816,453.17643,453.1764100588449,453.17662071027905,2218203.5,-9999,341585.8,20.94,-1,-0.4648329692550669,0.961553030761225,0,0.576931818456735,8,1.3636363636363635,0.4545454545454546,O10,de-protonated,0,-9999,C22 H30 O10,22,30,10,-9999,-9999,-9999,-9999,N/A,-9999,-9999,N/A,-9999
1816,453.17643,453.1764100588449,453.1764585189491,2218203.5,-9999,341585.8,20.94,-1,-0.1069342931571369,0.9979272956294928,0,0.5987563773776957,3,2.0588235294117645,0.2352941176470588,N4 S2 P1 O4,de-protonated,0,-9999,C17 H35 O4 N4 P1 S2,17,35,4,4,1,2,-9999,N/A,-9999,-9999,N/A,-9999
1817,453.184343,453.1843230651176,453.1847007274391,7290079,-9999,238638.9,72.66,-1,-0.8333518781757068,0.921475055217599,0.9754846130878412,0.9430788783656958,3,2,0.35294117647058826,N4 S2 O6,de-protonated,0,-9999,C17 H34 O6 N4 S2,17,34,6,4,-9999,2,-9999,N/A,-9999,-9999,N/A,-9999
1818,453.220558,453.2205380938255,453.2202168569191,2199279.8,-9999,297711.6,20.75,-1,0.708787680840036,0.912875120750373,0,0.5477250724502238,3,2,0.5882352941176471,N4 O10,de-protonated,0,-9999,C17 H34 O10 N4,17,34,10,4,-9999,-9999,-9999,N/A,-9999,-9999,N/A,-9999
1819,454.078676,454.07865677406295,454.07870232996913,1492855.1,-9999,348315.1,13.54,-1,-0.10032601385976592,0.9981753296330717,0.965007291432481,0.9849081143528352,14,1,0.13043478260869565,13C1 S2 P1 O3,de-protonated,1,1808,C23 H23 O3 P1 S2 13C1,23,23,3,-9999,1,2,1,N/A,-9999,-9999,N/A,-9999
1819,454.078676,454.07865677406295,454.0788386755891,1492855.1,-9999,348315.1,13.54,-1,-0.4005945899004267,0.9713016847893972,0,0.5827810108736383,14,0.9130434782608696,0.21739130434782608,N1 S2 O5,de-protonated,0,-9999,C23 H21 O5 N1 S2,23,21,5,1,-9999,2,-9999,N/A,-9999,-9999,N/A,-9999
1819,454.078676,454.07865677406295,454.07845855306914,1492855.1,-9999,348315.1,13.54,-1,0.43653467825980624,0.966013644739608,0,0.5796081868437647,19,0.72,0.08,N3 S1 P1 O2,de-protonated,0,-9999,C25 H18 O2 N3 P1 S1,25,18,2,3,1,1,-9999,N/A,-9999,-9999,N/A,-9999
1819,454.078676,454.07865677406295,454.0788990344591,1492855.1,-9999,348315.1,13.54,-1,-0.5335204887302365,0.9496628043637514,0.96041706002189,0.9539645066270068,6,1.6923076923076923,0.6923076923076923,13C1 N4 S2 O9,de-protonated,1,1808,C13 H22 O9 N4 S2 13C1,13,22,9,4,-9999,2,1,N/A,-9999,-9999,N/A,-9999
1820,454.113432,454.11341280161434,454.1134340690392,1446023,-9999,496150.2,13.07,-1,-0.04683284663628411,0.9996021049607288,0.9496978174372376,0.9796403899513324,18,0.8461538461538461,0.03846153846153846,13C1 N2 S2 O1,de-protonated,1,1810,C26 H22 O1 N2 S2 13C1,26,22,1,2,-9999,2,1,N/A,-9999,-9999,N/A,-9999
1820,454.113432,454.11341280161434,454.11356701076915,1446023,-9999,496150.2,13.07,-1,-0.3395827960292991,0.9792933655503512,0.9718038351384736,0.9762975533856,5,1.8,0.6,13C1 N2 S1 P1 O9,de-protonated,1,1810,C15 H27 O9 N2 P1 S1 13C1,15,27,9,2,1,1,1,N/A,-9999,-9999,N/A,-9999
1820,454.113432,454.11341280161434,454.1137033563891,1446023,-9999,496150.2,13.07,-1,-0.6398282470473177,0.9284103124283728,0,0.5570461874570236,5,1.6666666666666667,0.7333333333333333,N3 S1 O11,de-protonated,0,-9999,C15 H25 O11 N3 S1,15,25,11,3,-9999,1,-9999,N/A,-9999,-9999,N/A,-9999
1821,454.11467,454.11465080259575,454.11508783931913,3007623.5,-9999,335337.3,28.99,-1,-0.9623919906794244,0.5635368341905929,0.9087524139507104,0.7016230660946399,13,1.125,0.08333333333333333,13C1 S2 P1 O2,de-protonated,1,1811,C24 H27 O2 P1 S2 13C1,24,27,2,-9999,1,2,1,N/A,-9999,-9999,N/A,-9999
1821,454.11467,454.11465080259575,454.1143548050691,3007623.5,-9999,335337.3,28.99,-1,0.6518127504422387,0.4629031415389404,0.8007932653391622,0.5980591910590292,14,0.9130434782608696,0.391304347826087,N1 O9,de-protonated,0,-9999,C23 H21 O9 N1,23,21,9,1,-9999,-9999,-9999,N/A,-9999,-9999,N/A,-9999
1821,454.11467,454.11465080259575,454.11484406241914,3007623.5,-9999,335337.3,28.99,-1,-0.42557477677194394,0.4838356199829872,0.7805128205128198,0.6025065001949202,18,0.8461538461538461,0.03846153846153846,N3 S1 P1 O1,de-protonated,0,-9999,C26 H22 O1 N3 P1 S1,26,22,1,3,1,1,-9999,N/A,-9999,-9999,N/A,-9999
1822,454.151466,454.1514468317643,454.15147334866913,2970264.5,-9999,262919.1,28.61,-1,-0.05838779874318408,0.6662544054721492,0.8948107746814763,0.75767695315588,12,1.24,0.04,13C1 S2 P1 O1,de-protonated,1,1814,C25 H31 O1 P1 S2 13C1,25,31,1,-9999,1,2,1,N/A,-9999,-9999,N/A,-9999
1822,454.151466,454.1514468317643,454.1516096942891,2970264.5,-9999,262919.1,28.61,-1,-0.3586082738157896,0.4884679286363018,0.7871578612348809,0.6079439016757334,12,1.16,0.12,N1 S2 O3,de-protonated,0,-9999,C25 H29 O3 N1 S2,25,29,3,1,-9999,2,-9999,N/A,-9999,-9999,N/A,-9999
1822,454.151466,454.1514468317643,454.1516700531591,2970264.5,-9999,262919.1,28.61,-1,-0.4915128788368114,0.6380744097909562,0.9291242454535252,0.7544943440559838,4,2,0.4666666666666667,13C1 N4 S2 O7,de-protonated,1,1814,C15 H30 O7 N4 S2 13C1,15,30,7,4,-9999,2,1,N/A,-9999,-9999,N/A,-9999
1823,454.187863,454.18784386061645,454.1879952036391,1598377.1,-9999,336158.7,14.62,-1,-0.3332166949571327,0.9800547335059552,0,0.588032840103573,11,1.2692307692307692,0.07692307692307693,N1 S2 O2,de-protonated,0,-9999,C26 H33 O2 N1 S2,26,33,2,1,-9999,2,-9999,N/A,-9999,-9999,N/A,-9999
1823,454.187863,454.18784386061645,454.18805556250913,1598377.1,-9999,336158.7,14.62,-1,-0.46611065634224413,0.9613455259873456,0.9754846130878412,0.9670011608275436,3,2.125,0.375,13C1 N4 S2 O6,de-protonated,1,1817,C16 H34 O6 N4 S2 13C1,16,34,6,4,-9999,2,1,N/A,-9999,-9999,N/A,-9999
1824,454.970433,454.9704144809664,454.9704242239891,2869520.3,-9999,263612.4,27.58,-1,-0.02141462856907326,0.9999167935771116,0,0.5999500761462668,13,0.6428571428571429,0.7142857142857143,N4 S1 P1 O10,de-protonated,0,-9999,C14 H9 O10 N4 P1 S1,14,9,10,4,1,1,-9999,N/A,-9999,-9999,N/A,-9999
1825,455.053114,455.0530955465083,455.052958279729,1457462.4,-9999,424636.7,13.18,-1,0.30165011972776895,0.9836250285832534,0,0.590175017149952,19,0.64,0.12,N2 S2 O3,de-protonated,0,-9999,C25 H16 O3 N2 S2,25,16,3,2,-9999,2,-9999,N/A,-9999,-9999,N/A,-9999
1825,455.053114,455.0530955465083,455.0530912214591,1457462.4,-9999,424636.7,13.18,-1,0.00950449371772354,0.9999836088945276,0,0.5999901653367165,6,1.5,0.7857142857142857,N2 S1 P1 O11,de-protonated,0,-9999,C14 H21 O11 N2 P1 S1,14,21,11,2,1,1,-9999,N/A,-9999,-9999,N/A,-9999
1826,455.054657,455.05463854773154,455.0546120500091,2734135.3,-9999,262648.9,26.2,-1,0.05822976351190533,0.9993849501877295,0,0.5996309701126378,14,0.9130434782608696,0.17391304347826086,S2 P1 O4,de-protonated,0,-9999,C23 H21 O4 P1 S2,23,21,4,-9999,1,2,-9999,N/A,-9999,-9999,N/A,-9999
1826,455.054657,455.05463854773154,455.0550800806591,2734135.3,-9999,262648.9,26.2,-1,-0.9702845806284351,0.8429688618237842,0,0.5057813170942704,20,0.5652173913043478,0.21739130434782608,N4 P1 O5,de-protonated,0,-9999,C23 H13 O5 N4 P1,23,13,5,4,1,-9999,-9999,N/A,-9999,-9999,N/A,-9999
1826,455.054657,455.05463854773154,455.05480875449905,2734135.3,-9999,262648.9,26.2,-1,-0.3740357518092366,0.974934325179441,0,0.5849605951076646,6,1.5384615384615383,0.7692307692307693,N4 S2 O10,de-protonated,0,-9999,C13 H20 O10 N4 S2,13,20,10,4,-9999,2,-9999,N/A,-9999,-9999,N/A,-9999
1827,455.069308,455.06928955934546,455.0689988114291,1542717.9,-9999,423508.1,14.05,-1,0.6389095217216301,0.9286082404367392,0,0.5571649442620435,19,0.6538461538461539,0.2307692307692308,P1 O6,de-protonated,0,-9999,C26 H17 O6 P1,26,17,6,-9999,1,-9999,-9999,N/A,-9999,-9999,N/A,-9999
1827,455.069308,455.06928955934546,455.0691955159191,1542717.9,-9999,423508.1,14.05,-1,0.20665742111134985,0.9922807658896288,0,0.5953684595337773,11,1,0.75,N4 O12,de-protonated,0,-9999,C16 H16 O12 N4,16,16,12,4,-9999,-9999,-9999,N/A,-9999,-9999,N/A,-9999
1828,455.07005,455.0700315599336,455.0698681912991,1480254.3,-9999,422810.2,13.41,-1,0.3589968176807138,0.9768864336630658,0,0.5861318601978395,18,0.7777777777777778,0.03703703703703703,S2 P1 O1,de-protonated,0,-9999,C27 H21 O1 P1 S2,27,21,1,-9999,1,2,-9999,N/A,-9999,-9999,N/A,-9999
1828,455.07005,455.0700315599336,455.0703362219491,1480254.3,-9999,422810.2,13.41,-1,-0.6694833550564053,0.921892417543584,0,0.5531354505261503,24,0.48148148148148145,0.07407407407407407,N4 P1 O2,de-protonated,0,-9999,C27 H13 O2 N4 P1,27,13,2,4,1,-9999,-9999,N/A,-9999,-9999,N/A,-9999
1828,455.07005,455.0700315599336,455.07006489578913,1480254.3,-9999,422810.2,13.41,-1,-0.0732543361492924,0.9990267843469504,0,0.5994160706081701,10,1.1764705882352942,0.4117647058823529,N4 S2 O7,de-protonated,0,-9999,C17 H20 O7 N4 S2,17,20,7,4,-9999,2,-9999,N/A,-9999,-9999,N/A,-9999
1829,455.083176,455.0831575703387,455.08311424668904,1355076.3,-9999,211820.2,12.14,-1,0.09519942261946004,0.9983568946233422,0,0.5990141367740053,10,1.0526315789473684,0.6842105263157895,O13,de-protonated,0,-9999,C19 H20 O13,19,20,13,-9999,-9999,-9999,-9999,N/A,-9999,-9999,N/A,-9999
1829,455.083176,455.0831575703387,455.0836035040391,1355076.3,-9999,211820.2,12.14,-1,-0.9798940170873898,0.8401073239748132,0,0.5040643943848879,14,0.9545454545454546,0.2272727272727273,N2 S1 P1 O5,de-protonated,0,-9999,C22 H21 O5 N2 P1 S1,22,21,5,2,1,1,-9999,N/A,-9999,-9999,N/A,-9999
1829,455.083176,455.0831575703387,455.0829520553591,1355076.3,-9999,211820.2,12.14,-1,0.45159894196543826,0.9636713784628532,0,0.578202827077712,5,1.7857142857142858,0.5,N4 S2 P1 O7,de-protonated,0,-9999,C14 H25 O7 N4 P1 S2,14,25,7,4,1,2,-9999,N/A,-9999,-9999,N/A,-9999
1830,455.08977,455.08975157556586,455.0901281794891,4080071.3,-9999,264513.4,39.92,-1,-0.8275370084687949,0.44157543343813627,0.8007932653391621,0.5852625661985467,14,0.9130434782608696,0.34782608695652173,P1 O8,de-protonated,0,-9999,C23 H21 O8 P1,23,21,8,-9999,1,-9999,-9999,N/A,-9999,-9999,N/A,-9999
1830,455.08977,455.08975157556586,455.0893437890791,4080071.3,-9999,264513.4,39.92,-1,0.8960580868306876,0.43221333699151104,0.7805128205128199,0.5715331304000346,18,0.7692307692307693,0.07692307692307693,N2 S2 O2,de-protonated,0,-9999,C26 H20 O2 N2 S2,26,20,2,2,-9999,2,-9999,N/A,-9999,-9999,N/A,-9999
1830,455.08977,455.08975157556586,455.0894767308091,4080071.3,-9999,264513.4,39.92,-1,0.6039356451832996,0.935961179026432,0,0.5615767074158592,5,1.6666666666666667,0.6666666666666666,N2 S1 P1 O10,de-protonated,0,-9999,C15 H25 O10 N2 P1 S1,15,25,10,2,1,1,-9999,N/A,-9999,-9999,N/A,-9999
1831,455.090935,455.0909165764894,455.0909975593591,8266824,-9999,254555.6,82.61,-1,-0.17794874019584964,0.6644772199435713,0.9301448873319996,0.7707442868989427,13,1.0416666666666667,0.125,S2 P1 O3,de-protonated,0,-9999,C24 H25 O3 P1 S2,24,25,3,-9999,1,2,-9999,N/A,-9999,-9999,N/A,-9999
1831,455.090935,455.0909165764894,455.0911942638491,8266824,-9999,254555.6,82.61,-1,-0.6101795930104941,0.6301492000891377,0.9278887375715256,0.7492450150820928,5,1.7142857142857142,0.6428571428571429,N4 S2 O9,de-protonated,0,-9999,C14 H24 O9 N4 S2,14,24,9,4,-9999,2,-9999,N/A,-9999,-9999,N/A,-9999
1832,455.106623,455.1066045889254,455.1067217312991,1407055.1,-9999,255626.6,12.67,-1,-0.2573953934692353,0.9880505595868536,0,0.5928303357521122,23,0.6071428571428571,0.03571428571428571,N4 P1 O1,de-protonated,0,-9999,C28 H17 O1 N4 P1,28,17,1,4,1,-9999,-9999,N/A,-9999,-9999,N/A,-9999
1832,455.106623,455.1066045889254,455.106450405139,1407055.1,-9999,255626.6,12.67,-1,0.33878620306134266,0.9793893918941712,0,0.5876336351365026,9,1.3333333333333333,0.3333333333333333,N4 S2 O6,de-protonated,0,-9999,C18 H24 O6 N4 S2,18,24,6,4,-9999,2,-9999,N/A,-9999,-9999,N/A,-9999
1833,455.119053,455.1190345987788,455.1189866917891,2438228.8,-9999,318663.5,23.18,-1,0.10526256016969224,0.9491875000981668,0.893391213162921,0.9268689853240684,27,0.48484848484848486,0.0303030303030303,N2 O1,de-protonated,0,-9999,C33 H16 O1 N2,33,16,1,2,-9999,-9999,-9999,N/A,-9999,-9999,N/A,-9999
1833,455.119053,455.1190345987788,455.11933756470904,2438228.8,-9999,318663.5,23.18,-1,-0.66568459135735,0.922741230705456,0,0.5536447384232737,4,1.9333333333333331,0.4,N4 S2 P1 O6,de-protonated,0,-9999,C15 H29 O6 N4 P1 S2,15,29,6,4,1,2,-9999,N/A,-9999,-9999,N/A,-9999
1834,455.120004,455.11998559953264,455.12036913590913,1920789.3,-9999,283494.1,17.9,-1,-0.8427141532193515,0.8790980016128431,0,0.5274588009677058,8,1.3333333333333333,0.3333333333333333,S2 O7,de-protonated,0,-9999,C21 H28 O7 S2,21,28,7,-9999,-9999,2,-9999,N/A,-9999,-9999,N/A,-9999
1834,455.120004,455.11998559953264,455.1199890133891,1920789.3,-9999,283494.1,17.9,-1,-0.00750100312869371,0.9999897908330804,0,0.5999938744998483,13,1.0869565217391304,0.17391304347826086,N2 S1 P1 O4,de-protonated,0,-9999,C23 H25 O4 N2 P1 S1,23,25,4,2,1,1,-9999,N/A,-9999,-9999,N/A,-9999
1835,455.125844,455.125825604162,455.12572929842906,5018712,-9999,397877.4,49.49,-1,0.21160247979623475,0.9787676169678252,0.991980206274514,0.9840526526905008,17,0.8888888888888888,0.03703703703703703,N2 S2 O1,de-protonated,0,-9999,C27 H24 O1 N2 S2,27,24,1,2,-9999,2,-9999,N/A,-9999,-9999,N/A,-9999
1835,455.125844,455.125825604162,455.12586224015905,5018712,-9999,397877.4,49.49,-1,-0.08049640789073519,0.9974399010810896,0.9134818588502251,0.963856684188744,4,1.8125,0.5625,N2 S1 P1 O9,de-protonated,0,-9999,C16 H29 O9 N2 P1 S1,16,29,9,2,1,1,-9999,N/A,-9999,-9999,N/A,-9999
1836,455.127469,455.12745060545024,455.1273830687091,11421785,-9999,255112.6,114.78,-1,0.14839085407162708,0.6648372791129528,0.9199070064699008,0.7668651700557321,12,1.16,0.08,S2 P1 O2,de-protonated,0,-9999,C25 H29 O2 P1 S2,25,29,2,-9999,1,2,-9999,N/A,-9999,-9999,N/A,-9999
1836,455.127469,455.12745060545024,455.12785109935913,11421785,-9999,255112.6,114.78,-1,-0.8799591322113857,0.8611026093315309,0.971703870490565,0.9053431137951444,18,0.84,0.12,N4 P1 O3,de-protonated,0,-9999,C25 H21 O3 N4 P1,25,21,3,4,1,-9999,-9999,N/A,-9999,-9999,N/A,-9999
1836,455.127469,455.12745060545024,455.1275797731991,11421785,-9999,255112.6,114.78,-1,-0.2838055846472506,0.6549005964629044,0.9285118293388496,0.7643450896132826,4,1.8666666666666667,0.5333333333333333,N4 S2 O8,de-protonated,0,-9999,C15 H28 O8 N4 S2,15,28,8,4,-9999,2,-9999,N/A,-9999,-9999,N/A,-9999
1838,455.155718,455.1556996278434,455.1558852653891,3545189.8,-9999,284414.2,34.47,-1,-0.4078548728510557,0.4851338869057177,0.8149093904448103,0.6170440883213547,8,1.3333333333333333,0.5238095238095238,O11,de-protonated,0,-9999,C21 H28 O11,21,28,11,-9999,-9999,-9999,-9999,N/A,-9999,-9999,N/A,-9999
1838,455.155718,455.1556996278434,455.1557230740591,3545189.8,-9999,284414.2,34.47,-1,-0.05151251436007689,0.9995186347032188,0,0.5997111808219313,3,2.0625,0.3125,N4 S2 P1 O5,de-protonated,0,-9999,C16 H33 O5 N4 P1 S2,16,33,5,4,1,2,-9999,N/A,-9999,-9999,N/A,-9999
1839,455.163686,455.1636676341597,455.1637685780591,7431273.5,-9999,214278.3,74.09,-1,-0.22177490027086483,0.9775639855780958,0.9761484988179424,0.9769977908740344,11,1.2692307692307692,0.03846153846153846,S2 P1 O1,de-protonated,0,-9999,C26 H33 O1 P1 S2,26,33,1,-9999,1,2,-9999,N/A,-9999,-9999,N/A,-9999
1839,455.163686,455.1636676341597,455.1639652825491,7431273.5,-9999,214278.3,74.09,-1,-0.6539366296428049,0.9626401433790996,0.9518869412554116,0.9583388625296244,3,2,0.4375,N4 S2 O7,de-protonated,0,-9999,C16 H32 O7 N4 S2,16,32,7,4,-9999,2,-9999,N/A,-9999,-9999,N/A,-9999
1840,455.192036,455.19201765663297,455.1922707747391,2165366.5,-9999,305425.9,20.4,-1,-0.5560685502963988,0.9454387690216964,0,0.5672632614130177,7,1.4545454545454546,0.4545454545454546,O10,de-protonated,0,-9999,C22 H32 O10,22,32,10,-9999,-9999,-9999,-9999,N/A,-9999,-9999,N/A,-9999
1840,455.192036,455.19201765663297,455.19210858340904,2165366.5,-9999,305425.9,20.4,-1,-0.19975472850476472,0.9927859901022816,0,0.595671594061369,2,2.176470588235294,0.2352941176470588,N4 S2 P1 O4,de-protonated,0,-9999,C17 H37 O4 N4 P1 S2,17,37,4,4,1,2,-9999,N/A,-9999,-9999,N/A,-9999
1841,455.199807,455.1997886627932,455.1994814120291,2890874,-9999,219248.7,27.79,-1,0.6749804791688223,0.9206569607281172,0,0.5523941764368703,3,2,0.6875,N4 O11,de-protonated,0,-9999,C16 H32 O11 N4,16,32,11,4,-9999,-9999,-9999,N/A,-9999,-9999,N/A,-9999
1842,455.212457,455.2124386728209,455.2128870785491,1612031.9,-9999,242730,14.75,-1,-0.985046207906809,0.8385655132710641,0,0.5031393079626384,20,0.875,0.03125,N2 O1,de-protonated,0,-9999,C32 H28 O1 N2,32,28,1,2,-9999,-9999,-9999,N/A,-9999,-9999,N/A,-9999
1842,455.212457,455.2124386728209,455.2122356298691,1612031.9,-9999,242730,14.75,-1,0.44604018939628026,0.9645442664670592,0,0.5787265598802356,11,1.3333333333333333,0.125,N4 S1 O3,de-protonated,0,-9999,C24 H32 O3 N4 S1,24,32,3,4,-9999,1,-9999,N/A,-9999,-9999,N/A,-9999
1843,455.213128,455.2131096733528,455.2134001427991,1659648.1,-9999,324196.4,15.24,-1,-0.6380951137108548,0.9287834919795762,0,0.5572700951877457,2,1.894736842105263,0.631578947368421,O12,de-protonated,0,-9999,C19 H36 O12,19,36,12,-9999,-9999,-9999,-9999,N/A,-9999,-9999,N/A,-9999
1843,455.213128,455.2131096733528,455.2128870785491,1659648.1,-9999,324196.4,15.24,-1,0.4889905580586423,0.957541213725003,0,0.5745247282350018,20,0.875,0.03125,N2 O1,de-protonated,0,-9999,C32 H28 O1 N2,32,28,1,2,-9999,-9999,-9999,N/A,-9999,-9999,N/A,-9999
1844,455.324216,455.3241977614132,455.3238940813691,2106419.5,-9999,252892.8,19.8,-1,0.666953893831955,0.9224580624360754,0,0.5534748374616453,4,1.9130434782608696,0.21739130434782608,N4 O5,de-protonated,0,-9999,C23 H44 O5 N4,23,44,5,4,-9999,-9999,-9999,N/A,-9999,-9999,N/A,-9999
1845,456.094339,456.09432137189634,456.0943523944292,1925143.8,-9999,367025.1,17.94,-1,-0.06801779645074624,0.6661072628665888,0.9301448873319996,0.7717223126527533,13,1.0869565217391304,0.13043478260869565,13C1 S2 P1 O3,de-protonated,1,1831,C23 H25 O3 P1 S2 13C1,23,25,3,-9999,1,2,1,N/A,-9999,-9999,N/A,-9999
1845,456.094339,456.09432137189634,456.09448874004903,1925143.8,-9999,367025.1,17.94,-1,-0.3669593841190491,0.9758623541962368,0,0.5855174125177421,13,1,0.21739130434782608,N1 S2 O5,de-protonated,0,-9999,C23 H23 O5 N1 S2,23,23,5,1,-9999,2,-9999,N/A,-9999,-9999,N/A,-9999
1845,456.094339,456.09432137189634,456.0941086175291,1925143.8,-9999,367025.1,17.94,-1,0.46647032532557736,0.961287018740288,0,0.5767722112441728,18,0.8,0.08,N3 S1 P1 O2,de-protonated,0,-9999,C25 H20 O2 N3 P1 S1,25,20,2,3,1,1,-9999,N/A,-9999,-9999,N/A,-9999
1845,456.094339,456.09432137189634,456.09454909891906,1925143.8,-9999,367025.1,17.94,-1,-0.49929783894180463,0.6371819917094251,0.9278887375715256,0.7534646900542653,5,1.8461538461538465,0.6923076923076923,13C1 N4 S2 O9,de-protonated,1,1831,C13 H24 O9 N4 S2 13C1,13,24,9,4,-9999,2,1,N/A,-9999,-9999,N/A,-9999
1846,456.122706,456.1226883943831,456.12263204090914,1429796.9,-9999,270765.7,12.89,-1,0.12354895370818132,0.9972341369075536,0,0.5983404821445322,12,1.1666666666666667,0.08333333333333333,N1 S2 P1 O2,de-protonated,0,-9999,C24 H28 O2 N1 P1 S2,24,28,2,1,1,2,-9999,N/A,-9999,-9999,N/A,-9999
1846,456.122706,456.1226883943831,456.1223415268591,1429796.9,-9999,270765.7,12.89,-1,0.7604703659995051,0.9003834694440297,0.893391213162921,0.8975865669315863,27,0.5,0.03125,13C1 N2 O1,de-protonated,1,1833,C32 H16 O1 N2 13C1,32,16,1,2,-9999,-9999,1,N/A,-9999,-9999,N/A,-9999
1847,456.129302,456.1292843996118,456.12908413349913,1533480,-9999,447867.6,13.95,-1,0.43905578400686435,0.9656267950966338,0.991980206274514,0.976168159567786,17,0.9230769230769232,0.03846153846153846,13C1 N2 S2 O1,de-protonated,1,1835,C26 H24 O1 N2 S2 13C1,26,24,1,2,-9999,2,1,N/A,-9999,-9999,N/A,-9999
1847,456.129302,456.1292843996118,456.1292170752292,1533480,-9999,447867.6,13.95,-1,0.14759936456229114,0.9960548391795772,0.9134818588502251,0.9630256470478364,4,1.9333333333333331,0.6,13C1 N2 S1 P1 O9,de-protonated,1,1835,C15 H29 O9 N2 P1 S1 13C1,15,29,9,2,1,1,1,N/A,-9999,-9999,N/A,-9999
1847,456.129302,456.1292843996118,456.1293534208491,1533480,-9999,447867.6,13.95,-1,-0.15131943779817073,0.9958538845628572,0,0.5975123307377143,4,1.8,0.7333333333333333,N3 S1 O11,de-protonated,0,-9999,C15 H27 O11 N3 S1,15,27,11,3,-9999,1,-9999,N/A,-9999,-9999,N/A,-9999
1848,456.130797,456.1307794007969,456.1307379037792,2584872.8,-9999,260261.5,24.67,-1,0.09097614843859236,0.6656662254080766,0.9199070064699008,0.7673625378328064,12,1.2083333333333333,0.08333333333333333,13C1 S2 P1 O2,de-protonated,1,1836,C24 H29 O2 P1 S2 13C1,24,29,2,-9999,1,2,1,N/A,-9999,-9999,N/A,-9999
1848,456.130797,456.1307794007969,456.1308742493991,2584872.8,-9999,260261.5,24.67,-1,-0.20794164034308685,0.992184906445326,0,0.5953109438671955,12,1.125,0.16666666666666666,N1 S2 O4,de-protonated,0,-9999,C24 H27 O4 N1 S2,24,27,4,1,-9999,2,-9999,N/A,-9999,-9999,N/A,-9999
1848,456.130797,456.1307794007969,456.1304941268791,2584872.8,-9999,260261.5,24.67,-1,0.6254217190946746,0.9314860398168592,0,0.5588916238901154,17,0.9230769230769232,0.03846153846153846,N3 S1 P1 O1,de-protonated,0,-9999,C26 H24 O1 N3 P1 S1,26,24,1,3,1,1,-9999,N/A,-9999,-9999,N/A,-9999
1848,456.130797,456.1307794007969,456.13120593442915,2584872.8,-9999,260261.5,24.67,-1,-0.9351117106553598,0.853282259180575,0.971703870490565,0.900650903704571,18,0.875,0.125,13C1 N4 P1 O3,de-protonated,1,1836,C24 H21 O3 N4 P1 13C1,24,21,3,4,1,-9999,1,N/A,-9999,-9999,N/A,-9999
1848,456.130797,456.1307794007969,456.1309346082691,2584872.8,-9999,260261.5,24.67,-1,-0.34026955958583804,0.6528069368618094,0.9285118293388496,0.7630888938526255,4,2,0.5714285714285714,13C1 N4 S2 O8,de-protonated,1,1836,C14 H28 O8 N4 S2 13C1,14,28,8,4,-9999,2,1,N/A,-9999,-9999,N/A,-9999
1849,456.167346,456.1673284297696,456.1671234131291,1807417.6,-9999,379074.4,16.74,-1,0.4494331791669019,0.9640126584660156,0.9761484988179424,0.9688669946067864,11,1.32,0.04,13C1 S2 P1 O1,de-protonated,1,1839,C25 H33 O1 P1 S2 13C1,25,33,1,-9999,1,2,1,N/A,-9999,-9999,N/A,-9999
1849,456.167346,456.1673284297696,456.167259758749,1807417.6,-9999,379074.4,16.74,-1,0.15053912598158758,0.9958964473849504,0,0.5975378684309701,11,1.24,0.12,N1 S2 O3,de-protonated,0,-9999,C25 H31 O3 N1 S2,25,31,3,1,-9999,2,-9999,N/A,-9999,-9999,N/A,-9999
1849,456.167346,456.1673284297696,456.1673201176191,1807417.6,-9999,379074.4,16.74,-1,0.018221714121093,0.999939755250426,0.9518869412554116,0.9807186296524202,3,2.1333333333333333,0.4666666666666667,13C1 N4 S2 O7,de-protonated,1,1839,C15 H32 O7 N4 S2 13C1,15,32,7,4,-9999,2,1,N/A,-9999,-9999,N/A,-9999
1851,457.049471,457.0494541290376,457.0491327464091,1406420.4,-9999,399385.6,12.13,-1,0.7031686649702932,0.9141902225305356,0,0.5485141335183213,18,0.7307692307692307,0.07692307692307693,S2 P1 O2,de-protonated,0,-9999,C26 H19 O2 P1 S2,26,19,2,-9999,1,2,-9999,N/A,-9999,-9999,N/A,-9999
1851,457.049471,457.0494541290376,457.0496007770591,1406420.4,-9999,399385.6,12.13,-1,-0.3208580014841424,0.9814932757036134,0,0.588895965422168,24,0.4230769230769231,0.1153846153846154,N4 P1 O3,de-protonated,0,-9999,C26 H11 O3 N4 P1,26,11,3,4,1,-9999,-9999,N/A,-9999,-9999,N/A,-9999
1851,457.049471,457.0494541290376,457.04932945089905,1406420.4,-9999,399385.6,12.13,-1,0.2727892385212343,0.9865884305324388,0,0.5919530583194633,10,1.125,0.5,N4 S2 O8,de-protonated,0,-9999,C16 H18 O8 N4 S2,16,18,8,4,-9999,2,-9999,N/A,-9999,-9999,N/A,-9999
1852,457.058417,457.0584001361293,457.05884530714906,1892568.5,-9999,292353.7,16.89,-1,-0.9739906018147328,0.8418674566384536,0,0.5051204739830721,10,1.1875,0.5,N4 S1 P1 O8,de-protonated,0,-9999,C16 H19 O8 N4 P1 S1,16,19,8,4,1,1,-9999,N/A,-9999,-9999,N/A,-9999
1853,457.068667,457.0686501442545,457.06860834418904,2154461.3,-9999,523379.9,19.45,-1,0.09145249680944798,0.998483594082324,0,0.5990901564493943,18,0.72,0.12,N2 S2 O3,de-protonated,0,-9999,C25 H18 O3 N2 S2,25,18,3,2,-9999,2,-9999,N/A,-9999,-9999,N/A,-9999
1853,457.068667,457.0686501442545,457.0687412859191,2154461.3,-9999,523379.9,19.45,-1,-0.19940472048307908,0.9928111575621736,0,0.5956866945373042,5,1.6428571428571428,0.7857142857142857,N2 S1 P1 O11,de-protonated,0,-9999,C14 H23 O11 N2 P1 S1,14,23,11,2,1,1,-9999,N/A,-9999,-9999,N/A,-9999
1854,457.070282,457.07026514553473,457.070262114469,3740126,-9999,217587.3,34.95,-1,0.0066315093496105,0.49999601023907714,0.8007932653391622,0.6203149122791112,13,1,0.17391304347826086,S2 P1 O4,de-protonated,0,-9999,C23 H23 O4 P1 S2,23,23,4,-9999,1,2,-9999,N/A,-9999,-9999,N/A,-9999
1854,457.070282,457.07026514553473,457.070458818959,3740126,-9999,217587.3,34.95,-1,-0.42372772196263464,0.9679467171639018,0,0.580768030298341,5,1.6923076923076923,0.7692307692307693,N4 S2 O10,de-protonated,0,-9999,C13 H22 O10 N4 S2,13,22,10,4,-9999,2,-9999,N/A,-9999,-9999,N/A,-9999
1855,457.076824,457.0768071507206,457.07698349440903,1589217.1,-9999,294653.3,13.92,-1,-0.38580741279835046,0.9733533009815882,0,0.5840119805889529,5,1.5714285714285714,0.9285714285714286,N2 S1 O13,de-protonated,0,-9999,C14 H22 O13 N2 S1,14,22,13,2,-9999,1,-9999,N/A,-9999,-9999,N/A,-9999
1855,457.076824,457.0768071507206,457.07647043015913,1589217.1,-9999,294653.3,13.92,-1,0.7366832099946418,0.9062205294962996,0,0.5437323176977796,23,0.5185185185185185,0.07407407407407407,N4 S1 O2,de-protonated,0,-9999,C27 H14 O2 N4 S1,27,14,2,4,-9999,1,-9999,N/A,-9999,-9999,N/A,-9999
1855,457.076824,457.0768071507206,457.07660337188906,1589217.1,-9999,294653.3,13.92,-1,0.4458308082626372,0.9645769495441447,0,0.5787461697264868,10,1.1875,0.625,N4 P1 O10,de-protonated,0,-9999,C16 H19 O10 N4 P1,16,19,10,4,1,-9999,-9999,N/A,-9999,-9999,N/A,-9999
1856,457.085435,457.08541815754666,457.08551825575904,2452709.3,-9999,233559,22.36,-1,-0.21899230753912716,0.9913359024066304,0,0.5948015414439782,17,0.8518518518518519,0.03703703703703703,S2 P1 O1,de-protonated,0,-9999,C27 H23 O1 P1 S2,27,23,1,-9999,1,2,-9999,N/A,-9999,-9999,N/A,-9999
1856,457.085435,457.08541815754666,457.08571496024905,2452709.3,-9999,233559,22.36,-1,-0.6493370776633721,0.9263475623893366,0,0.5558085374336019,9,1.2941176470588236,0.4117647058823529,N4 S2 O7,de-protonated,0,-9999,C17 H22 O7 N4 S2,17,22,7,4,-9999,2,-9999,N/A,-9999,-9999,N/A,-9999
1857,457.094402,457.09438516465485,457.0942284948991,1965801.4,-9999,269847.3,17.6,-1,0.3427515509956351,0.9789092451766132,0,0.587345547105968,23,0.5185185185185185,0.14814814814814814,N4 O4,de-protonated,0,-9999,C27 H14 O4 N4,27,14,4,4,-9999,-9999,-9999,N/A,-9999,-9999,N/A,-9999
1858,457.098485,457.09846816789144,457.09876431114907,2070763.3,-9999,244976.5,18.63,-1,-0.6478758656781549,0.9266662219678602,0,0.555999733180716,9,1.1578947368421053,0.6842105263157895,O13,de-protonated,0,-9999,C19 H22 O13,19,22,13,-9999,-9999,-9999,-9999,N/A,-9999,-9999,N/A,-9999
1858,457.098485,457.09846816789144,457.0982512468991,2070763.3,-9999,244976.5,18.63,-1,0.4745609761966405,0.9599599467327448,0,0.5759759680396469,27,0.4375,0.0625,N2 O2,de-protonated,0,-9999,C32 H14 O2 N2,32,14,2,2,-9999,-9999,-9999,N/A,-9999,-9999,N/A,-9999
1858,457.098485,457.09846816789144,457.0986021198191,2070763.3,-9999,244976.5,18.63,-1,-0.29304821107719453,0.984538461206398,0,0.5907230767238387,4,1.9285714285714288,0.5,N4 S2 P1 O7,de-protonated,0,-9999,C14 H27 O7 N4 P1 S2,14,27,7,4,1,2,-9999,N/A,-9999,-9999,N/A,-9999
1859,457.105177,457.1051601731963,457.1049938535392,4024814.5,-9999,388035.3,37.74,-1,0.3638543865461662,0.4881321186700455,0.7805128205128198,0.6050843994071552,17,0.8461538461538461,0.07692307692307693,N2 S2 O2,de-protonated,0,-9999,C26 H22 O2 N2 S2,26,22,2,2,-9999,2,-9999,N/A,-9999,-9999,N/A,-9999
1859,457.105177,457.1051601731963,457.1051267952691,4024814.5,-9999,388035.3,37.74,-1,0.07302024247572628,0.9990329914769632,0,0.5994197948861778,4,1.8,0.6666666666666666,N2 S1 P1 O10,de-protonated,0,-9999,C15 H27 O10 N2 P1 S1,15,27,10,2,1,1,-9999,N/A,-9999,-9999,N/A,-9999
1860,457.10643,457.1064131741895,457.10664762381913,6732783,-9999,224720,64.22,-1,-0.5128991906387312,0.4766941997168051,0.7939170211058494,0.6035833282724228,12,1.125,0.125,S2 P1 O3,de-protonated,0,-9999,C24 H27 O3 P1 S2,24,27,3,-9999,1,2,-9999,N/A,-9999,-9999,N/A,-9999
1860,457.10643,457.1064131741895,457.10684432830914,6732783,-9999,224720,64.22,-1,-0.9432239419731512,0.4254631714946585,0.8684926696514785,0.6026749707573865,4,1.8571428571428572,0.6428571428571429,N4 S2 O9,de-protonated,0,-9999,C14 H26 O9 N4 S2,14,26,9,4,-9999,2,-9999,N/A,-9999,-9999,N/A,-9999
1861,457.119378,457.1193611844535,457.1193806149591,4079605,-9999,230410.2,38.27,-1,-0.04250641385659889,0.4998361065574757,0.7612342259156646,0.6043953543007512,22,0.6206896551724138,0.13793103448275862,N2 O4,de-protonated,0,-9999,C29 H18 O4 N2,29,18,4,2,-9999,-9999,-9999,N/A,-9999,-9999,N/A,-9999
1862,457.122061,457.1220441865803,457.1223717957591,2304502.3,-9999,279842.6,20.91,-1,-0.7166771939834672,0.9110141956849976,0,0.5466085174109986,22,0.6785714285714286,0.03571428571428571,N4 P1 O1,de-protonated,0,-9999,C28 H19 O1 N4 P1,28,19,1,4,1,-9999,-9999,N/A,-9999,-9999,N/A,-9999
1862,457.122061,457.1220441865803,457.1221004695991,2304502.3,-9999,279842.6,20.91,-1,-0.12312469402085836,0.99725307383922,0,0.5983518443035319,8,1.4444444444444444,0.3333333333333333,N4 S2 O6,de-protonated,0,-9999,C18 H26 O6 N4 S2,18,26,6,4,-9999,2,-9999,N/A,-9999,-9999,N/A,-9999
1863,457.135221,457.1352041970124,457.13514982049907,3598332.5,-9999,315011.8,33.57,-1,0.1189506283957952,0.4987179648356781,0.8221557383861046,0.6280930742558486,8,1.3,0.6,O12,de-protonated,0,-9999,C20 H26 O12,20,26,12,-9999,-9999,-9999,-9999,N/A,-9999,-9999,N/A,-9999
1863,457.135221,457.1352041970124,457.1356390778491,3598332.5,-9999,315011.8,33.57,-1,-0.9513168510680732,0.4242811633926742,0.8007932653391622,0.5748860041712693,12,1.173913043478261,0.17391304347826086,N2 S1 P1 O4,de-protonated,0,-9999,C23 H27 O4 N2 P1 S1,23,27,4,2,1,1,-9999,N/A,-9999,-9999,N/A,-9999
1863,457.135221,457.1352041970124,457.1349876291691,3598332.5,-9999,315011.8,33.57,-1,0.4737503126757755,0.9600938615961624,0,0.5760563169576974,3,2.066666666666667,0.4,N4 S2 P1 O6,de-protonated,0,-9999,C15 H31 O6 N4 P1 S2,15,31,6,4,1,2,-9999,N/A,-9999,-9999,N/A,-9999
1864,457.141487,457.1414702019795,457.1413793628891,2771199.3,-9999,347324.4,25.48,-1,0.1987111525598377,0.4964304501594317,0.7739790330151772,0.6074498833017299,16,0.9629629629629628,0.03703703703703703,N2 S2 O1,de-protonated,0,-9999,C27 H26 O1 N2 S2,27,26,1,2,-9999,2,-9999,N/A,-9999,-9999,N/A,-9999
1864,457.141487,457.1414702019795,457.1415123046191,2771199.3,-9999,347324.4,25.48,-1,-0.09209979509162317,0.9984620685278872,0,0.5990772411167323,3,1.9375,0.5625,N2 S1 P1 O9,de-protonated,0,-9999,C16 H31 O9 N2 P1 S1,16,31,9,2,1,1,-9999,N/A,-9999,-9999,N/A,-9999
1865,457.142944,457.1429272031345,457.143033133169,6666240,-9999,249575,63.57,-1,-0.2317218614329115,0.9873400120339856,0.96482054965187,0.9783322270811392,11,1.24,0.08,S2 P1 O2,de-protonated,0,-9999,C25 H31 O2 P1 S2,25,31,2,-9999,1,2,-9999,N/A,-9999,-9999,N/A,-9999
1865,457.142944,457.1429272031345,457.143229837659,6666240,-9999,249575,63.57,-1,-0.6620124826911429,0.9164211483073944,0.9619268054080242,0.9346234111476464,3,2,0.5333333333333333,N4 S2 O8,de-protonated,0,-9999,C15 H30 O8 N4 S2,15,30,8,4,-9999,2,-9999,N/A,-9999,-9999,N/A,-9999
1866,457.158276,457.1582592152883,457.15848597894905,3129351.3,-9999,254812,28.98,-1,-0.4960285496240718,0.9563374768094184,0,0.573802486085651,7,1.5789473684210529,0.2631578947368421,N4 S2 O5,de-protonated,0,-9999,C19 H30 O5 N4 S2,19,30,5,4,-9999,2,-9999,N/A,-9999,-9999,N/A,-9999
1868,457.171336,457.171319225641,457.17153532984906,3254285.3,-9999,214635.7,30.2,-1,-0.4726983009504746,0.4801336657968377,0.8149093904448103,0.6140439556560267,7,1.4285714285714286,0.5238095238095238,O11,de-protonated,0,-9999,C21 H30 O11,21,30,11,-9999,-9999,-9999,-9999,N/A,-9999,-9999,N/A,-9999
1868,457.171336,457.171319225641,457.17137313851913,3254285.3,-9999,214635.7,30.2,-1,-0.11792706461182224,0.9974798117777114,0,0.5984878870666268,2,2.1875,0.3125,N4 S2 P1 O5,de-protonated,0,-9999,C16 H35 O5 N4 P1 S2,16,35,5,4,1,2,-9999,N/A,-9999,-9999,N/A,-9999
1869,457.179473,457.1794562320913,457.1794186425191,3223057,-9999,221452.1,29.9,-1,0.08222061326548698,0.4993870586465225,0.7805128205128199,0.6118373633930414,10,1.3461538461538465,0.03846153846153846,S2 P1 O1,de-protonated,0,-9999,C26 H35 O1 P1 S2,26,35,1,-9999,1,2,-9999,N/A,-9999,-9999,N/A,-9999
1869,457.179473,457.1794562320913,457.1798866731691,3223057,-9999,221452.1,29.9,-1,-0.9415135931343894,0.4257121021578252,0.7805128205128199,0.5676323894998231,16,1.0384615384615383,0.07692307692307693,N4 P1 O2,de-protonated,0,-9999,C26 H27 O2 N4 P1,26,27,2,4,1,-9999,-9999,N/A,-9999,-9999,N/A,-9999
1869,457.179473,457.1794562320913,457.17961534700913,3223057,-9999,221452.1,29.9,-1,-0.3480358976952556,0.978261076290827,0,0.5869566457744962,2,2.125,0.4375,N4 S2 O7,de-protonated,0,-9999,C16 H34 O7 N4 S2,16,34,7,4,-9999,2,-9999,N/A,-9999,-9999,N/A,-9999
1870,457.207639,457.2076222544188,457.20792083919906,1661470.3,-9999,327501.1,14.63,-1,-0.653061258755202,0.9255326492519556,0,0.5553195895511733,6,1.5454545454545454,0.4545454545454546,O10,de-protonated,0,-9999,C22 H34 O10,22,34,10,-9999,-9999,-9999,-9999,N/A,-9999,-9999,N/A,-9999
1870,457.207639,457.2076222544188,457.207758647869,1661470.3,-9999,327501.1,14.63,-1,-0.2983183196804452,0.9839818652704724,0,0.5903891191622833,1,2.2941176470588234,0.2352941176470588,N4 S2 P1 O4,de-protonated,0,-9999,C17 H39 O4 N4 P1 S2,17,39,4,4,1,2,-9999,N/A,-9999,-9999,N/A,-9999
1871,458.146269,458.1462529984788,458.14638796823914,1440214.5,-9999,278634.1,12.46,-1,-0.29459963860704413,0.9843756069032058,0.96482054965187,0.9765535840026716,11,1.2916666666666667,0.08333333333333333,13C1 S2 P1 O2,de-protonated,1,1865,C24 H31 O2 P1 S2 13C1,24,31,2,-9999,1,2,1,N/A,-9999,-9999,N/A,-9999
1871,458.146269,458.1462529984788,458.1465243138591,1440214.5,-9999,278634.1,12.46,-1,-0.5922022014883309,0.9383477342821231,0,0.5630086405692739,11,1.2083333333333333,0.16666666666666666,N1 S2 O4,de-protonated,0,-9999,C24 H29 O4 N1 S2,24,29,4,1,-9999,2,-9999,N/A,-9999,-9999,N/A,-9999
1871,458.146269,458.1462529984788,458.1461441913391,1440214.5,-9999,278634.1,12.46,-1,0.2374943914826213,0.989817836241874,0,0.5938907017451244,16,1,0.03846153846153846,N3 S1 P1 O1,de-protonated,0,-9999,C26 H26 O1 N3 P1 S1,26,26,1,3,1,1,-9999,N/A,-9999,-9999,N/A,-9999
1871,458.146269,458.1462529984788,458.1465846727291,1440214.5,-9999,278634.1,12.46,-1,-0.7239478834335614,0.9092844075919468,0.9619268054080242,0.930341366718378,3,2.142857142857143,0.5714285714285714,13C1 N4 S2 O8,de-protonated,1,1865,C14 H30 O8 N4 S2 13C1,14,30,8,4,-9999,2,1,N/A,-9999,-9999,N/A,-9999
1873,459.055947,459.05593171958833,459.0557349852691,2346884,-9999,294516.7,21.32,-1,0.428563035431967,0.9672231891897152,0,0.5803339135138291,23,0.4615384615384616,0.1153846153846154,N4 S1 O3,de-protonated,0,-9999,C26 H12 O3 N4 S1,26,12,3,4,-9999,1,-9999,N/A,-9999,-9999,N/A,-9999
1873,459.055947,459.05593171958833,459.05586792699904,2346884,-9999,294516.7,21.32,-1,0.1389647616869232,0.9965021390419938,0,0.5979012834251962,10,1.1333333333333333,0.7333333333333333,N4 P1 O11,de-protonated,0,-9999,C15 H17 O11 N4 P1,15,17,11,4,1,-9999,-9999,N/A,-9999,-9999,N/A,-9999
1874,459.063575,459.0635597256352,459.0639134309991,1510663.6,-9999,342239.7,13.14,-1,-0.7704926341891999,0.897880199775131,0,0.5387281198650786,18,0.68,0.28,P1 O7,de-protonated,0,-9999,C25 H17 O7 P1,25,17,7,-9999,1,-9999,-9999,N/A,-9999,-9999,N/A,-9999
1874,459.063575,459.0635597256352,459.06364210483906,1510663.6,-9999,342239.7,13.14,-1,-0.17945050823658143,0.994173939117822,0,0.5965043634706931,4,1.6,0.8,S2 O12,de-protonated,0,-9999,C15 H24 O12 S2,15,24,12,-9999,-9999,2,-9999,N/A,-9999,-9999,N/A,-9999
1874,459.063575,459.0635597256352,459.06312904058905,1510663.6,-9999,342239.7,13.14,-1,0.9381826134159432,0.852392050174892,0,0.5114352301049352,22,0.5714285714285714,0.03571428571428571,N2 S2 O1,de-protonated,0,-9999,C28 H16 O1 N2 S2,28,16,1,2,-9999,2,-9999,N/A,-9999,-9999,N/A,-9999
1874,459.063575,459.0635597256352,459.06326198231915,1510663.6,-9999,342239.7,13.14,-1,0.6485888562279617,0.9265108097286868,0,0.555906485837212,9,1.2352941176470589,0.5294117647058824,N2 S1 P1 O9,de-protonated,0,-9999,C17 H21 O9 N2 P1 S1,17,21,9,2,1,1,-9999,N/A,-9999,-9999,N/A,-9999
1875,459.064726,459.0647107265475,459.06478281086913,2783368,-9999,221752.8,25.59,-1,-0.15702428997440088,0.49776804017233817,0.7805128205128199,0.6108659523085309,17,0.8076923076923077,0.07692307692307693,S2 P1 O2,de-protonated,0,-9999,C26 H21 O2 P1 S2,26,21,2,-9999,1,2,-9999,N/A,-9999,-9999,N/A,-9999
1875,459.064726,459.0647107265475,459.0649795153591,2783368,-9999,221752.8,25.59,-1,-0.5855136495240052,0.9396898830946692,0,0.5638139298568015,9,1.25,0.5,N4 S2 O8,de-protonated,0,-9999,C16 H20 O8 N4 S2,16,20,8,4,-9999,2,-9999,N/A,-9999,-9999,N/A,-9999
1876,459.072562,459.0725467327592,459.07215563948904,1605003.9,-9999,238955.7,14.06,-1,0.8519211313324,0.8766127528435976,0,0.5259676517061586,18,0.64,0.36,O9,de-protonated,0,-9999,C25 H16 O9,25,16,9,-9999,-9999,-9999,-9999,N/A,-9999,-9999,N/A,-9999
1876,459.072562,459.0725467327592,459.0726448968391,1605003.9,-9999,238955.7,14.06,-1,-0.21383125517049759,0.9917377967028874,0,0.5950426780217324,22,0.6071428571428571,0.03571428571428571,N2 S1 P1 O1,de-protonated,0,-9999,C28 H17 O1 N2 P1 S1,28,17,1,2,1,1,-9999,N/A,-9999,-9999,N/A,-9999
1877,459.073806,459.07379073374534,459.0734930500091,2716812.5,-9999,228149.9,24.94,-1,0.6484446188418028,0.4632711305910156,0.7805128205128198,0.5901678065597373,23,0.4615384615384616,0.19230769230769232,N4 O5,de-protonated,0,-9999,C26 H12 O5 N4,26,12,5,4,-9999,-9999,-9999,N/A,-9999,-9999,N/A,-9999
1878,459.085934,459.0859187433593,459.08591217892905,2829202.3,-9999,227496.8,26.04,-1,0.01429891456604603,0.9999629018788608,0,0.5999777411273165,12,1.0869565217391304,0.17391304347826086,S2 P1 O4,de-protonated,0,-9999,C23 H25 O4 P1 S2,23,25,4,-9999,1,2,-9999,N/A,-9999,-9999,N/A,-9999
1878,459.085934,459.0859187433593,459.08610888341906,2829202.3,-9999,227496.8,26.04,-1,-0.414170797356836,0.9693541588627108,0,0.5816124953176264,4,1.8461538461538465,0.7692307692307693,N4 S2 O10,de-protonated,0,-9999,C13 H24 O10 N4 S2,13,24,10,4,-9999,2,-9999,N/A,-9999,-9999,N/A,-9999
1879,459.09205,459.0920347482075,459.0917854056991,1470229.1,-9999,404888.8,12.75,-1,0.543121258743839,0.947883323469496,0,0.5687299940816977,3,1.8125,0.5625,S2 P1 O9,de-protonated,0,-9999,C16 H29 O9 P1 S2,16,29,9,-9999,1,2,-9999,N/A,-9999,-9999,N/A,-9999
1879,459.09205,459.0920347482075,459.0921204946191,1470229.1,-9999,404888.8,12.75,-1,-0.1867738691214514,0.9936902478812196,0,0.5962141487287318,22,0.5925925925925926,0.07407407407407407,N4 S1 O2,de-protonated,0,-9999,C27 H16 O2 N4 S1,27,16,2,4,-9999,1,-9999,N/A,-9999,-9999,N/A,-9999
1879,459.09205,459.0920347482075,459.0922534363491,1470229.1,-9999,404888.8,12.75,-1,-0.4763490125964312,0.9596638349316456,0,0.5757983009589873,9,1.3125,0.625,N4 P1 O10,de-protonated,0,-9999,C16 H21 O10 N4 P1,16,21,10,4,1,-9999,-9999,N/A,-9999,-9999,N/A,-9999
1880,459.093049,459.0930337489994,459.093285007549,1875861.5,-9999,306079.3,16.71,-1,-0.5472930183749541,0.947101263068587,0,0.5682607578411522,13,0.9090909090909092,0.5,O11,de-protonated,0,-9999,C22 H20 O11,22,20,11,-9999,-9999,-9999,-9999,N/A,-9999,-9999,N/A,-9999
1880,459.093049,459.0930337489994,459.09263355886907,1875861.5,-9999,306079.3,16.71,-1,0.8716979996676761,0.8712074748174856,0,0.5227244848904914,4,1.7142857142857142,0.9285714285714286,N2 S1 O13,de-protonated,0,-9999,C14 H24 O13 N2 S1,14,24,13,2,-9999,1,-9999,N/A,-9999,-9999,N/A,-9999
1880,459.093049,459.0930337489994,459.0931228162191,1875861.5,-9999,306079.3,16.71,-1,-0.19400686973851297,0.9931937815322828,0,0.5959162689193697,8,1.4705882352941178,0.29411764705882354,N4 S2 P1 O5,de-protonated,0,-9999,C17 H25 O5 N4 P1 S2,17,25,5,4,1,2,-9999,N/A,-9999,-9999,N/A,-9999
1881,459.099488,459.09947275410366,459.09964749166915,1434520.6,-9999,431680.6,12.4,-1,-0.38060923470959385,0.9740571789961906,0,0.5844343073977143,8,1.3888888888888888,0.4444444444444444,N2 S1 P1 O8,de-protonated,0,-9999,C18 H25 O8 N2 P1 S1,18,25,8,2,1,1,-9999,N/A,-9999,-9999,N/A,-9999
1882,459.101314,459.1012987555512,459.1011683202191,4397977.5,-9999,305811.8,41.38,-1,0.28411021599739245,0.4927302242534517,0.7739790330151771,0.6052297477581419,16,0.925925925925926,0.03703703703703703,S2 P1 O1,de-protonated,0,-9999,C27 H25 O1 P1 S2,27,25,1,-9999,1,2,-9999,N/A,-9999,-9999,N/A,-9999
1882,459.101314,459.1012987555512,459.1016363508691,4397977.5,-9999,305811.8,41.38,-1,-0.7353389559393732,0.45327298117623666,0.7739790330151771,0.5815554019118129,22,0.6296296296296297,0.07407407407407407,N4 P1 O2,de-protonated,0,-9999,C27 H17 O2 N4 P1,27,17,2,4,1,-9999,-9999,N/A,-9999,-9999,N/A,-9999
1882,459.101314,459.1012987555512,459.1013650247091,4397977.5,-9999,305811.8,41.38,-1,-0.1443453732896991,0.4981132737904055,0.8446892076502734,0.6367436473343526,8,1.411764705882353,0.4117647058823529,N4 S2 O7,de-protonated,0,-9999,C17 H24 O7 N4 S2,17,24,7,4,-9999,2,-9999,N/A,-9999,-9999,N/A,-9999
1883,459.110317,459.1103017626879,459.10987855935906,1521053.8,-9999,183232.6,13.24,-1,0.9217909451054376,0.857120567268076,0,0.5142723403608456,22,0.5925925925925926,0.14814814814814814,N4 O4,de-protonated,0,-9999,C27 H16 O4 N4,27,16,4,4,-9999,-9999,-9999,N/A,-9999,-9999,N/A,-9999
1885,459.114199,459.1141837657652,459.1144143756091,4010655.5,-9999,269415.4,37.59,-1,-0.5022927547123394,0.47762645672072296,0.8295321147073604,0.6183887199153779,8,1.263157894736842,0.6842105263157895,O13,de-protonated,0,-9999,C19 H24 O13,19,24,13,-9999,-9999,-9999,-9999,N/A,-9999,-9999,N/A,-9999
1885,459.114199,459.1141837657652,459.1139013113591,4010655.5,-9999,269415.4,37.59,-1,0.615216409878274,0.4668142195828779,0.7428850341668535,0.577242545416468,26,0.5,0.0625,N2 O2,de-protonated,0,-9999,C32 H16 O2 N2,32,16,2,2,-9999,-9999,-9999,N/A,-9999,-9999,N/A,-9999
1885,459.114199,459.1141837657652,459.11425218427905,4010655.5,-9999,269415.4,37.59,-1,-0.14902284899916518,0.9959785299908592,0,0.5975871179945155,3,2.0714285714285716,0.5,N4 S2 P1 O7,de-protonated,0,-9999,C14 H29 O7 N4 P1 S2,14,29,7,4,1,2,-9999,N/A,-9999,-9999,N/A,-9999
1886,459.121113,459.1210977712459,459.12142830840907,1922978.9,-9999,703586.8,17.17,-1,-0.7199340800241797,0.9102410942742352,0,0.5461446565645411,12,1.0869565217391304,0.34782608695652173,P1 O8,de-protonated,0,-9999,C23 H25 O8 P1,23,25,8,-9999,1,-9999,-9999,N/A,-9999,-9999,N/A,-9999
1886,459.121113,459.1210977712459,459.1206439179991,1922978.9,-9999,703586.8,17.17,-1,0.988527204981156,0.8375208481071317,0,0.502512508864279,16,0.9230769230769232,0.07692307692307693,N2 S2 O2,de-protonated,0,-9999,C26 H24 O2 N2 S2,26,24,2,2,-9999,2,-9999,N/A,-9999,-9999,N/A,-9999
1886,459.121113,459.1210977712459,459.12077685972906,1922978.9,-9999,703586.8,17.17,-1,0.6989697113888828,0.915167357025544,0,0.5491004142153264,3,1.9333333333333331,0.6666666666666666,N2 S1 P1 O10,de-protonated,0,-9999,C15 H29 O10 N2 P1 S1,15,29,10,2,1,1,-9999,N/A,-9999,-9999,N/A,-9999
1887,459.122317,459.1223017722005,459.1222976882792,3339683.5,-9999,266069.5,31.03,-1,0.00889506195514745,0.4999928217485098,0.7939170211058493,0.6175625014914456,11,1.2083333333333333,0.125,S2 P1 O3,de-protonated,0,-9999,C24 H29 O3 P1 S2,24,29,3,-9999,1,2,-9999,N/A,-9999,-9999,N/A,-9999
1887,459.122317,459.1223017722005,459.12249439276906,3339683.5,-9999,266069.5,31.03,-1,-0.4195406911320237,0.9685670380379848,0,0.5811402228227908,3,2,0.6428571428571429,N4 S2 O9,de-protonated,0,-9999,C14 H28 O9 N4 S2,14,28,9,4,-9999,2,-9999,N/A,-9999,-9999,N/A,-9999
1888,459.136017,459.1360017830605,459.13641312353906,2498474,-9999,403144.3,22.8,-1,-0.8959003615883329,0.8644710064870955,0,0.5186826038922573,2,1.8823529411764703,0.5882352941176471,S2 O10,de-protonated,0,-9999,C17 H32 O10 S2,17,32,10,-9999,-9999,2,-9999,N/A,-9999,-9999,N/A,-9999
1888,459.136017,459.1360017830605,459.1355437436691,2498474,-9999,403144.3,22.8,-1,0.9976125736463076,0.8347831155031239,0,0.5008698693018743,3,1.75,0.9375,O15,de-protonated,0,-9999,C16 H28 O15,16,28,15,-9999,-9999,-9999,-9999,N/A,-9999,-9999,N/A,-9999
1888,459.136017,459.1360017830605,459.13603300101914,2498474,-9999,403144.3,22.8,-1,-0.06799283083416924,0.999161509908273,0,0.5994969059449637,7,1.5263157894736843,0.3684210526315789,N2 S1 P1 O7,de-protonated,0,-9999,C19 H29 O7 N2 P1 S1,19,29,7,2,1,1,-9999,N/A,-9999,-9999,N/A,-9999
1889,459.137362,459.1373467841267,459.13775053405914,4962218.5,-9999,270036.6,46.9,-1,-0.8793655759644556,0.43454380898629064,0.8370420509349343,0.5955431057657481,7,1.5555555555555556,0.3333333333333333,N4 S2 O6,de-protonated,0,-9999,C18 H28 O6 N4 S2,18,28,6,4,-9999,2,-9999,N/A,-9999,-9999,N/A,-9999
1891,459.150632,459.15061679464594,459.1507998849591,4509617,-9999,289065.8,42.47,-1,-0.39875856298962536,0.4857801885537972,0.8221557383861046,0.62033040848672,7,1.4,0.6,O12,de-protonated,0,-9999,C20 H28 O12,20,28,12,-9999,-9999,-9999,-9999,N/A,-9999,-9999,N/A,-9999
1891,459.150632,459.15061679464594,459.1502868207091,4509617,-9999,289065.8,42.47,-1,0.7186621599259415,0.4552716772891143,0.7369636471990462,0.5679484652530871,25,0.6060606060606061,0.0303030303030303,N2 O1,de-protonated,0,-9999,C33 H20 O1 N2,33,20,1,2,-9999,-9999,-9999,N/A,-9999,-9999,N/A,-9999
1891,459.150632,459.15061679464594,459.1506376936291,4509617,-9999,289065.8,42.47,-1,-0.04551661579136695,0.9996241520984636,0,0.5997744912590782,2,2.2,0.4,N4 S2 P1 O6,de-protonated,0,-9999,C15 H33 O6 N4 P1 S2,15,33,6,4,1,2,-9999,N/A,-9999,-9999,N/A,-9999
1892,459.158787,459.1587718011105,459.1586831976291,2490548.8,-9999,236272.2,22.72,-1,0.19296919484253627,0.9932661499464072,0,0.5959596899678443,10,1.32,0.08,S2 P1 O2,de-protonated,0,-9999,C25 H33 O2 P1 S2,25,33,2,-9999,1,2,-9999,N/A,-9999,-9999,N/A,-9999
1892,459.158787,459.1587718011105,459.1591512282791,2490548.8,-9999,236272.2,22.72,-1,-0.8263521865283058,0.8834649361402951,0,0.530078961684177,16,1,0.12,N4 P1 O3,de-protonated,0,-9999,C25 H25 O3 N4 P1,25,25,3,4,1,-9999,-9999,N/A,-9999,-9999,N/A,-9999
1892,459.158787,459.1587718011105,459.15887990211905,2490548.8,-9999,236272.2,22.72,-1,-0.23543268633508732,0.9899929693509288,0,0.5939957816105573,2,2.1333333333333333,0.5333333333333333,N4 S2 O8,de-protonated,0,-9999,C15 H32 O8 N4 S2,15,32,8,4,-9999,2,-9999,N/A,-9999,-9999,N/A,-9999
1893,459.172341,459.1723258118549,459.1719292530191,3208635.3,-9999,490634.8,29.75,-1,0.8636391088800421,0.873421006190815,0,0.5240526037144889,2,1.8823529411764703,0.8235294117647058,O14,de-protonated,0,-9999,C17 H32 O14,17,32,14,-9999,-9999,-9999,-9999,N/A,-9999,-9999,N/A,-9999
1893,459.172341,459.1723258118549,459.1724185103691,3208635.3,-9999,490634.8,29.75,-1,-0.20188171255888376,0.992632113299734,0,0.5955792679798403,6,1.65,0.3,N2 S1 P1 O6,de-protonated,0,-9999,C20 H33 O6 N2 P1 S1,20,33,6,2,1,1,-9999,N/A,-9999,-9999,N/A,-9999
1894,459.173872,459.17385681306854,459.1741360434091,7847868,-9999,272026.3,75.12,-1,-0.6081142612792183,0.9092827728807412,0.972526127269546,0.9345801146362632,6,1.6842105263157894,0.2631578947368421,N4 S2 O5,de-protonated,0,-9999,C19 H32 O5 N4 S2,19,32,5,4,-9999,2,-9999,N/A,-9999,-9999,N/A,-9999
1895,459.186784,459.186768823304,459.1871853943091,2262146,-9999,284988.1,20.49,-1,-0.9071921394643628,0.8612832684095495,0,0.5167699610457297,6,1.5238095238095235,0.5238095238095238,O11,de-protonated,0,-9999,C21 H32 O11,21,32,11,-9999,-9999,-9999,-9999,N/A,-9999,-9999,N/A,-9999
1895,459.186784,459.186768823304,459.18702320297905,2262146,-9999,284988.1,20.49,-1,-0.5539783622582721,0.9458368810951444,0,0.5675021286570867,1,2.3125,0.3125,N4 S2 P1 O5,de-protonated,0,-9999,C16 H37 O5 N4 P1 S2,16,37,5,4,1,2,-9999,N/A,-9999,-9999,N/A,-9999
1896,459.187088,459.18707282354495,459.1871853943091,2268930,-9999,296487,20.56,-1,-0.2451522336109669,0.9891542472595966,0,0.5934925483557579,6,1.5238095238095235,0.5238095238095238,O11,de-protonated,0,-9999,C21 H32 O11,21,32,11,-9999,-9999,-9999,-9999,N/A,-9999,-9999,N/A,-9999
1896,459.187088,459.18707282354495,459.18702320297905,2268930,-9999,296487,20.56,-1,0.10806177743695164,0.9978834037481024,0,0.5987300422488615,1,2.3125,0.3125,N4 S2 P1 O5,de-protonated,0,-9999,C16 H37 O5 N4 P1 S2,16,37,5,4,1,2,-9999,N/A,-9999,-9999,N/A,-9999
1897,459.210241,459.21022584189853,459.21052155275913,1837005.1,-9999,254361.1,16.33,-1,-0.6439548893575272,0.927518294551102,0,0.5565109767306613,5,1.8,0.2,N4 S2 O4,de-protonated,0,-9999,C20 H36 O4 N4 S2,20,36,4,4,-9999,2,-9999,N/A,-9999,-9999,N/A,-9999
1898,460.177125,460.17711060835575,460.17743051960906,1936793,-9999,272036.4,17.3,-1,-0.6951910982523596,0.9160425568681424,0,0.5496255341208854,14,1.1071428571428572,0.03571428571428571,N1 S2 O1,de-protonated,0,-9999,C28 H31 O1 N1 S2,28,31,1,1,-9999,2,-9999,N/A,-9999,-9999,N/A,-9999
1898,460.177125,460.17711060835575,460.17756346133905,1936793,-9999,272036.4,17.3,-1,-0.9840831436777456,0.8388541124201203,0,0.5033124674520721,1,2.1176470588235294,0.5294117647058824,N1 S1 P1 O9,de-protonated,0,-9999,C17 H36 O9 N1 P1 S1,17,36,9,1,1,1,-9999,N/A,-9999,-9999,N/A,-9999
1898,460.177125,460.17711060835575,460.17749087847915,1936793,-9999,272036.4,17.3,-1,-0.8263553323194264,0.8834641027108768,0.972526127269546,0.9190889125343444,6,1.7777777777777777,0.2777777777777778,13C1 N4 S2 O5,de-protonated,1,1894,C18 H32 O5 N4 S2 13C1,18,32,5,4,-9999,2,1,N/A,-9999,-9999,N/A,-9999
1902,461.035442,461.03542828875095,461.0349995403791,1974068,-9999,352462.3,17.66,-1,0.929969248077356,0.854768514176799,0,0.5128611085060794,23,0.4,0.16,N4 S1 O4,de-protonated,0,-9999,C25 H10 O4 N4 S1,25,10,4,4,-9999,1,-9999,N/A,-9999,-9999,N/A,-9999
1902,461.035442,461.03542828875095,461.0351324821091,1974068,-9999,352462.3,17.66,-1,0.6416141006005996,0.9280248797497388,0,0.5568149278498432,10,1.0714285714285714,0.8571428571428571,N4 P1 O12,de-protonated,0,-9999,C14 H15 O12 N4 P1,14,15,12,4,1,-9999,-9999,N/A,-9999,-9999,N/A,-9999
1903,461.044183,461.04416929568,461.0440473659791,1801656.1,-9999,281332,15.98,-1,0.2644643209708231,0.9873894172712016,0,0.592433650362721,17,0.76,0.12,S2 P1 O3,de-protonated,0,-9999,C25 H19 O3 P1 S2,25,19,3,-9999,1,2,-9999,N/A,-9999,-9999,N/A,-9999
1903,461.044183,461.04416929568,461.0445153966291,1801656.1,-9999,281332,15.98,-1,-0.7506887892626734,0.9028016178582556,0,0.5416809707149535,23,0.44,0.16,N4 P1 O4,de-protonated,0,-9999,C25 H11 O4 N4 P1,25,11,4,4,1,-9999,-9999,N/A,-9999,-9999,N/A,-9999
1903,461.044183,461.04416929568,461.0442440704691,1801656.1,-9999,281332,15.98,-1,-0.1621857122083536,0.9952385085272905,0,0.5971431051163741,9,1.2,0.6,N4 S2 O9,de-protonated,0,-9999,C15 H18 O9 N4 S2,15,18,9,4,-9999,2,-9999,N/A,-9999,-9999,N/A,-9999
1904,461.053173,461.05315930280653,461.0527576051191,1882684.5,-9999,243929,16.77,-1,0.8712618692996801,0.8713276484221434,0,0.522796589053286,23,0.4,0.24,N4 O6,de-protonated,0,-9999,C25 H10 O6 N4,25,10,6,4,-9999,-9999,-9999,N/A,-9999,-9999,N/A,-9999
1905,461.071866,461.07185231762463,461.0715179914591,2904901.5,-9999,215185.5,26.77,-1,0.7251069574058554,0.9090073415038632,0,0.545404404902318,9,1.2666666666666666,0.7333333333333333,N4 P1 O11,de-protonated,0,-9999,C15 H19 O11 N4 P1,15,19,11,4,1,-9999,-9999,N/A,-9999,-9999,N/A,-9999
1906,461.078923,461.07890932321874,461.0792921692991,2720072.8,-9999,438320.1,24.96,-1,-0.8303259045854731,0.8824102603762999,0,0.52944615622578,3,1.7333333333333334,0.8,S2 O12,de-protonated,0,-9999,C15 H26 O12 S2,15,26,12,-9999,-9999,2,-9999,N/A,-9999,-9999,N/A,-9999
1906,461.078923,461.07890932321874,461.0787791050491,2720072.8,-9999,438320.1,24.96,-1,0.28242065252167836,0.49281580948633685,0.7675537279851021,0.602710976885843,21,0.6428571428571429,0.03571428571428571,N2 S2 O1,de-protonated,0,-9999,C28 H18 O1 N2 S2,28,18,1,2,-9999,2,-9999,N/A,-9999,-9999,N/A,-9999
1906,461.078923,461.07890932321874,461.07891204677907,2720072.8,-9999,438320.1,24.96,-1,-0.00590692885147768,0.9999936689472336,0,0.5999962013683402,8,1.3529411764705883,0.5294117647058824,N2 S1 P1 O9,de-protonated,0,-9999,C17 H23 O9 N2 P1 S1,17,23,9,2,1,1,-9999,N/A,-9999,-9999,N/A,-9999
1907,461.080333,461.0803193243365,461.08043287532905,5706569.5,-9999,291310.6,54.17,-1,-0.2462715493523468,0.4945277636512546,0.7805128205128199,0.6089217863958807,16,0.8846153846153846,0.07692307692307693,S2 P1 O2,de-protonated,0,-9999,C26 H23 O2 P1 S2,26,23,2,-9999,1,2,-9999,N/A,-9999,-9999,N/A,-9999
1907,461.080333,461.0803193243365,461.080629579819,5706569.5,-9999,291310.6,54.17,-1,-0.6728876960512611,0.460564150451641,0.8524773804394659,0.617329442446771,8,1.375,0.5,N4 S2 O8,de-protonated,0,-9999,C16 H22 O8 N4 S2,16,22,8,4,-9999,2,-9999,N/A,-9999,-9999,N/A,-9999
1908,461.08848,461.0884663307947,461.0886750838191,1496141.5,-9999,409692.8,12.99,-1,-0.4527394310562173,0.9634910500143272,0,0.5780946300085963,16,0.8461538461538461,0.15384615384615383,S2 O4,de-protonated,0,-9999,C26 H22 O4 S2,26,22,4,-9999,-9999,2,-9999,N/A,-9999,-9999,N/A,-9999
1908,461.08848,461.0884663307947,461.0888080255491,1496141.5,-9999,409692.8,12.99,-1,-0.7410606123237407,0.9051574922197426,0,0.5430944953318455,3,1.8,0.8,S1 P1 O12,de-protonated,0,-9999,C15 H27 O12 P1 S1,15,27,12,-9999,1,1,-9999,N/A,-9999,-9999,N/A,-9999
1908,461.08848,461.0884663307947,461.0882949612991,1496141.5,-9999,409692.8,12.99,-1,0.3716630794503171,0.9752473653970968,0,0.585148419238258,21,0.6785714285714286,0.03571428571428571,N2 S1 P1 O1,de-protonated,0,-9999,C28 H19 O1 N2 P1 S1,28,19,1,2,1,1,-9999,N/A,-9999,-9999,N/A,-9999
1909,461.089379,461.08936533150734,461.0891431144691,2588494,-9999,336737,23.67,-1,0.48193942876522383,0.9587314348936916,0,0.5752388609362149,22,0.5384615384615384,0.19230769230769232,N4 O5,de-protonated,0,-9999,C26 H14 O5 N4,26,14,5,4,-9999,-9999,-9999,N/A,-9999,-9999,N/A,-9999
1910,461.09307,461.0930563344332,461.09316586646906,1466703.6,-9999,290720.8,12.7,-1,-0.2375485996908513,0.989813211302369,0,0.5938879267814213,26,0.4516129032258064,0.0967741935483871,N2 O3,de-protonated,0,-9999,C31 H14 O3 N2,31,14,3,2,-9999,-9999,-9999,N/A,-9999,-9999,N/A,-9999
1910,461.09307,461.0930563344332,461.09351673938903,1466703.6,-9999,290720.8,12.7,-1,-0.9985066784303278,0.8345128242026759,0,0.5007076945216056,3,2.076923076923077,0.6153846153846154,N4 S2 P1 O8,de-protonated,0,-9999,C13 H27 O8 N4 P1 S2,13,27,8,4,1,2,-9999,N/A,-9999,-9999,N/A,-9999
1911,461.108348,461.10833434654415,461.1082836233291,1665879,-9999,288333.6,14.65,-1,0.11000282765551932,0.9978067666765004,0,0.5986840600059001,3,1.8571428571428572,0.9285714285714286,N2 S1 O13,de-protonated,0,-9999,C14 H26 O13 N2 S1,14,26,13,2,-9999,1,-9999,N/A,-9999,-9999,N/A,-9999
1911,461.108348,461.10833434654415,461.1087728806791,1665879,-9999,288333.6,14.65,-1,-0.9510427056459732,0.8486426297772256,0,0.5091855778663353,7,1.588235294117647,0.29411764705882354,N4 S2 P1 O5,de-protonated,0,-9999,C17 H27 O5 N4 P1 S2,17,27,5,4,1,2,-9999,N/A,-9999,-9999,N/A,-9999
1911,461.108348,461.10833434654415,461.1079035008091,1665879,-9999,288333.6,14.65,-1,0.934370744484364,0.8534967560209332,0,0.5120980536125599,8,1.4375,0.625,N4 P1 O10,de-protonated,0,-9999,C16 H23 O10 N4 P1,16,23,10,4,1,-9999,-9999,N/A,-9999,-9999,N/A,-9999
1912,461.110438,461.1104243482009,461.11007577803906,1633624,-9999,283865,14.34,-1,0.7559369880898138,0.901507272053197,0,0.5409043632319182,25,0.5757575757575758,0.0303030303030303,P1 O1,de-protonated,0,-9999,C33 H19 O1 P1,33,19,1,-9999,1,-9999,-9999,N/A,-9999,-9999,N/A,-9999
1912,461.110438,461.1104243482009,461.1102724825291,1633624,-9999,283865,14.34,-1,0.3293478390291392,0.9805106821249489,0,0.5883064092749692,17,0.782608695652174,0.30434782608695654,N4 O7,de-protonated,0,-9999,C23 H18 O7 N4,23,18,7,4,-9999,-9999,-9999,N/A,-9999,-9999,N/A,-9999
1913,461.114467,461.1144533513948,461.1142952345291,24936282,-9999,273822.6,242.22,-1,0.3429016782288357,0.32629698726941814,0.7423580783045168,0.4927214236834576,21,0.6428571428571429,0.17857142857142858,N2 O5,de-protonated,0,-9999,C28 H18 O5 N2,28,18,5,2,-9999,-9999,-9999,N/A,-9999,-9999,N/A,-9999
1914,461.117177,461.11716335354305,461.1168183846791,5108571.5,-9999,264065.7,48.32,-1,0.7481159875073153,0.4517167597569881,0.7739790330151771,0.5806216690602637,15,1,0.03703703703703703,S2 P1 O1,de-protonated,0,-9999,C27 H27 O1 P1 S2,27,27,1,-9999,1,2,-9999,N/A,-9999,-9999,N/A,-9999
1914,461.117177,461.11716335354305,461.1172864153291,5108571.5,-9999,264065.7,48.32,-1,-0.2668774076941622,0.4935798645491883,0.7739790330151771,0.6057395319355838,21,0.7037037037037037,0.07407407407407407,N4 P1 O2,de-protonated,0,-9999,C27 H19 O2 N4 P1,27,19,2,4,1,-9999,-9999,N/A,-9999,-9999,N/A,-9999
1914,461.117177,461.11716335354305,461.1170150891691,5108571.5,-9999,264065.7,48.32,-1,0.32153307963489497,0.49070802359957577,0.8446892076502734,0.6323004972198549,7,1.5294117647058822,0.4117647058823529,N4 S2 O7,de-protonated,0,-9999,C17 H26 O7 N4 S2,17,26,7,4,-9999,2,-9999,N/A,-9999,-9999,N/A,-9999
1915,461.129634,461.1296203634178,461.1300644400691,3102049.3,-9999,210816.9,28.7,-1,-0.963018214399504,0.8451203360602293,0,0.5070722016361375,7,1.368421052631579,0.6842105263157895,O13,de-protonated,0,-9999,C19 H26 O13,19,26,13,-9999,-9999,-9999,-9999,N/A,-9999,-9999,N/A,-9999
1915,461.129634,461.1296203634178,461.1295513758191,3102049.3,-9999,210816.9,28.7,-1,0.14960567694950902,0.49797353825883744,0.7428850341668535,0.5959381366220438,25,0.5625,0.0625,N2 O2,de-protonated,0,-9999,C32 H18 O2 N2,32,18,2,2,-9999,-9999,-9999,N/A,-9999,-9999,N/A,-9999
1915,461.129634,461.1296203634178,461.1299022487391,3102049.3,-9999,210816.9,28.7,-1,-0.6112926528879704,0.9344440639176952,0,0.5606664383506171,2,2.2142857142857144,0.5,N4 S2 P1 O7,de-protonated,0,-9999,C14 H31 O7 N4 P1 S2,14,31,7,4,1,2,-9999,N/A,-9999,-9999,N/A,-9999
1916,461.151672,461.1516583808875,461.1520631879991,3917675.8,-9999,468087.7,36.67,-1,-0.877816980326393,0.869516837554321,0,0.5217101025325925,1,2,0.5882352941176471,S2 O10,de-protonated,0,-9999,C17 H34 O10 S2,17,34,10,-9999,-9999,2,-9999,N/A,-9999,-9999,N/A,-9999
1916,461.151672,461.1516583808875,461.1516830654791,3917675.8,-9999,468087.7,36.67,-1,-0.05352813947030073,0.4997401185746905,0.8295321147073604,0.6316569170277584,6,1.631578947368421,0.3684210526315789,N2 S1 P1 O7,de-protonated,0,-9999,C19 H31 O7 N2 P1 S1,19,31,7,2,1,1,-9999,N/A,-9999,-9999,N/A,-9999
1917,461.152961,461.1529473819093,461.15340059851906,7406444.5,-9999,255647.1,70.79,-1,-0.9827892609134824,0.4196207794220612,0.8370420509349343,0.5865892880272106,6,1.6666666666666667,0.3333333333333333,N4 S2 O6,de-protonated,0,-9999,C18 H30 O6 N4 S2,18,30,6,4,-9999,2,-9999,N/A,-9999,-9999,N/A,-9999
1917,461.152961,461.1529473819093,461.1525312186491,7406444.5,-9999,255647.1,70.79,-1,0.902441669658952,0.9239536919959086,0.9534688519562052,0.9357597559800273,7,1.5294117647058822,0.6470588235294118,N4 O11,de-protonated,0,-9999,C17 H26 O11 N4,17,26,11,4,-9999,-9999,-9999,N/A,-9999,-9999,N/A,-9999
1918,461.165969,461.1659553922209,461.1659368851691,2778482.8,-9999,257962.6,25.53,-1,0.04013100339176587,0.4998539100246552,0.7369636471990461,0.5946978048944116,24,0.6666666666666666,0.0303030303030303,N2 O1,de-protonated,0,-9999,C33 H22 O1 N2,33,22,1,2,-9999,-9999,-9999,N/A,-9999,-9999,N/A,-9999
1918,461.165969,461.1659553922209,461.16628775808914,2778482.8,-9999,257962.6,25.53,-1,-0.7207072092409532,0.9100571550604418,0,0.546034293036265,1,2.3333333333333335,0.4,N4 S2 P1 O6,de-protonated,0,-9999,C15 H35 O6 N4 P1 S2,15,35,6,4,1,2,-9999,N/A,-9999,-9999,N/A,-9999
1919,461.187945,461.1879314096414,461.1875793174791,3128701.3,-9999,523769.1,28.96,-1,0.7634467580918173,0.899642749343041,0,0.5397856496058245,1,2,0.8235294117647058,O14,de-protonated,0,-9999,C17 H34 O14,17,34,14,-9999,-9999,-9999,-9999,N/A,-9999,-9999,N/A,-9999
1919,461.187945,461.1879314096414,461.1880685748291,3128701.3,-9999,523769.1,28.96,-1,-0.2974170345152528,0.9840777341552868,0,0.590446640493172,5,1.75,0.3,N2 S1 P1 O6,de-protonated,0,-9999,C20 H35 O6 N2 P1 S1,20,35,6,2,1,1,-9999,N/A,-9999,-9999,N/A,-9999
1920,461.189403,461.1893894107972,461.1897861078691,6484350,-9999,252473.7,61.77,-1,-0.8601601419665104,0.4371859705144551,0.8295321147073604,0.5941244281916173,5,1.7894736842105263,0.2631578947368421,N4 S2 O5,de-protonated,0,-9999,C19 H34 O5 N4 S2,19,34,5,4,-9999,2,-9999,N/A,-9999,-9999,N/A,-9999
1921,461.226008,461.22599443981426,461.22617161721905,2513295.5,-9999,413971.4,22.94,-1,-0.38414429990516896,0.9735794840069736,0,0.584147690404184,4,1.9,0.2,N4 S2 O4,de-protonated,0,-9999,C20 H38 O4 N4 S2,20,38,4,4,-9999,2,-9999,N/A,-9999,-9999,N/A,-9999
1922,461.290575,461.2905614909971,461.2908626187591,1780910.6,-9999,258415.3,15.77,-1,-0.6527936848276141,0.925591330328162,0,0.5553547981968971,7,1.5555555555555556,0.2222222222222222,O6,de-protonated,0,-9999,C27 H42 O6,27,42,6,-9999,-9999,-9999,-9999,N/A,-9999,-9999,N/A,-9999
1923,462.116519,462.11650614572994,462.11693826204913,2585917.3,-9999,381433.3,23.64,-1,-0.9350800271767976,0.4266457166867671,0.7612342259156645,0.5604811203783261,20,0.7241379310344828,0.10344827586206896,N1 S1 O3,de-protonated,0,-9999,C29 H21 O3 N1 S1,29,21,3,1,-9999,1,-9999,N/A,-9999,-9999,N/A,-9999
1923,462.116519,462.11650614572994,462.1162868133691,2585917.3,-9999,381433.3,23.64,-1,0.47462590505790614,0.9599492119310435,0,0.5759695271586261,11,1.1904761904761905,0.23809523809523808,N3 S2 O5,de-protonated,0,-9999,C21 H25 O5 N3 S2,21,25,5,3,-9999,2,-9999,N/A,-9999,-9999,N/A,-9999
1924,462.117888,462.1178751468152,462.11794058364904,3558205.8,-9999,233147.5,33.15,-1,-0.1416020199374399,0.9963683588484268,0,0.5978210153090561,6,1.5789473684210529,0.3157894736842105,N1 S2 P1 O6,de-protonated,0,-9999,C19 H30 O6 N1 P1 S2,19,30,6,1,1,2,-9999,N/A,-9999,-9999,N/A,-9999
1925,462.156031,462.15601817705146,462.1558256948491,1872976.3,-9999,304229.8,16.67,-1,0.4164876685514752,0.9690157163851718,0,0.5814094298311031,15,0.9615384615384616,0.2692307692307692,N1 O7,de-protonated,0,-9999,C26 H25 O7 N1,26,25,7,1,-9999,-9999,-9999,N/A,-9999,-9999,N/A,-9999
1925,462.156031,462.15601817705146,462.15588605371914,1872976.3,-9999,304229.8,16.67,-1,0.2858847767778643,0.9852795999310692,0.9534688519562052,0.9725553007411236,7,1.625,0.6875,13C1 N4 O11,de-protonated,1,1917,C16 H26 O11 N4 13C1,16,26,11,4,-9999,-9999,1,N/A,-9999,-9999,N/A,-9999
1926,462.192674,462.1926612060987,462.1930805840691,1676642,-9999,304107,14.75,-1,-0.9073653155047328,0.8612341611174272,0,0.5167404966704563,13,1.1785714285714286,0.03571428571428571,N1 S2 O1,de-protonated,0,-9999,C28 H33 O1 N1 S2,28,33,1,1,-9999,2,-9999,N/A,-9999,-9999,N/A,-9999
1926,462.192674,462.1926612060987,462.1922112041991,1676642,-9999,304107,14.75,-1,0.9736250172231606,0.8419762285438664,0,0.5051857371263199,14,1.0740740740740742,0.2222222222222222,N1 O6,de-protonated,0,-9999,C27 H29 O6 N1,27,29,6,1,-9999,-9999,-9999,N/A,-9999,-9999,N/A,-9999
1931,463.051209,463.05119688666673,463.0516519264391,2176771,-9999,220703.4,19.64,-1,-0.982697654841914,0.8392689772575461,0,0.5035613863545276,8,1.4,0.4666666666666667,N4 S2 P1 O7,de-protonated,0,-9999,C15 H21 O7 N4 P1 S2,15,21,7,4,1,2,-9999,N/A,-9999,-9999,N/A,-9999
1931,463.051209,463.05119688666673,463.05078254656905,2176771,-9999,220703.4,19.64,-1,0.8948048751771583,0.8647787668276529,0,0.5188672600965917,9,1.2142857142857142,0.8571428571428571,N4 P1 O12,de-protonated,0,-9999,C14 H17 O12 N4 P1,14,17,12,4,1,-9999,-9999,N/A,-9999,-9999,N/A,-9999
1932,463.059546,463.0595338932755,463.05969743043914,3984135,-9999,177925.3,37.31,-1,-0.35316648046582866,0.4888113498595322,0.7871578612348809,0.6081499544096717,16,0.84,0.12,S2 P1 O3,de-protonated,0,-9999,C25 H21 O3 P1 S2,25,21,3,-9999,1,2,-9999,N/A,-9999,-9999,N/A,-9999
1932,463.059546,463.0595338932755,463.0598941349291,3984135,-9999,177925.3,37.31,-1,-0.7779590894359015,0.8959985928400275,0,0.5375991557040165,8,1.3333333333333333,0.6,N4 S2 O9,de-protonated,0,-9999,C15 H20 O9 N4 S2,15,20,9,4,-9999,2,-9999,N/A,-9999,-9999,N/A,-9999
1933,463.06886,463.0688479006588,463.06927704944906,1694475.5,-9999,292783.2,14.92,-1,-0.92674856987919485,0.855696478369801,0,0.5134178870218806,21,0.6153846153846154,0.03846153846153846,N4 S2 O1,de-protonated,0,-9999,C26 H16 O1 N4 S2,26,16,1,4,-9999,2,-9999,N/A,-9999,-9999,N/A,-9999
1933,463.06886,463.0688479006588,463.06840766957913,1694475.5,-9999,292783.2,14.92,-1,0.9506826040680362,0.8487480875186112,0,0.5092488525111667,22,0.48,0.24,N4 O6,de-protonated,0,-9999,C25 H12 O6 N4,25,12,6,4,-9999,-9999,-9999,N/A,-9999,-9999,N/A,-9999
1934,463.083264,463.083251912077,463.0831957802191,1599250.6,-9999,285913.9,13.99,-1,0.12121333358752716,0.9973375844554152,0,0.598402550673249,20,0.6896551724137931,0.06896551724137931,S2 O2,de-protonated,0,-9999,C29 H20 O2 S2,29,20,2,-9999,-9999,2,-9999,N/A,-9999,-9999,N/A,-9999
1934,463.083264,463.083251912077,463.0833287219491,1599250.6,-9999,285913.9,13.99,-1,-0.16586620017227444,0.9950204960228316,0,0.5970122976136989,7,1.3888888888888888,0.5555555555555556,S1 P1 O10,de-protonated,0,-9999,C18 H25 O10 P1 S1,18,25,10,-9999,1,1,-9999,N/A,-9999,-9999,N/A,-9999
1934,463.083264,463.083251912077,463.0836638108691,1599250.6,-9999,285913.9,13.99,-1,-0.8894694940475353,0.8662738352719379,0,0.5197643011631627,26,0.41379310344827586,0.10344827586206896,N4 O3,de-protonated,0,-9999,C29 H12 O3 N4,29,12,3,4,-9999,-9999,-9999,N/A,-9999,-9999,N/A,-9999
1935,463.087302,463.087289915278,463.0876865628691,2259988.5,-9999,217143.1,20.45,-1,-0.8565280456084147,0.4376808671728402,0.7311359101322861,0.5550628843566185,30,0.35294117647058826,0.02941176470588235,N2 O1,de-protonated,0,-9999,C34 H12 O1 N2,34,12,1,2,-9999,-9999,-9999,N/A,-9999,-9999,N/A,-9999
1935,463.087302,463.087289915278,463.08703511418906,2259988.5,-9999,217143.1,20.45,-1,0.5502228946657592,0.9465488249190386,0,0.5679292949514231,21,0.6153846153846154,0.1153846153846154,N4 S1 O3,de-protonated,0,-9999,C26 H16 O3 N4 S1,26,16,3,4,-9999,1,-9999,N/A,-9999,-9999,N/A,-9999
1935,463.087302,463.087289915278,463.0871680559191,2259988.5,-9999,217143.1,20.45,-1,0.26314561772532447,0.9875140780263496,0,0.5925084468158097,8,1.4,0.7333333333333333,N4 P1 O11,de-protonated,0,-9999,C15 H21 O11 N4 P1,15,21,11,4,1,-9999,-9999,N/A,-9999,-9999,N/A,-9999
1936,463.094479,463.0944669209673,463.0944291695091,3970840,-9999,403906.8,37.18,-1,0.08152000058613916,0.49939745377924943,0.7675537279851021,0.6066599634615906,20,0.7142857142857143,0.03571428571428571,N2 S2 O1,de-protonated,0,-9999,C28 H20 O1 N2 S2,28,20,1,2,-9999,2,-9999,N/A,-9999,-9999,N/A,-9999
1936,463.094479,463.0944669209673,463.0945621112391,3970840,-9999,403906.8,37.18,-1,-0.20555255802576708,0.9923627695637758,0,0.5954176617382655,7,1.4705882352941178,0.5294117647058824,N2 S1 P1 O9,de-protonated,0,-9999,C17 H25 O9 N2 P1 S1,17,25,9,2,1,1,-9999,N/A,-9999,-9999,N/A,-9999
1937,463.095903,463.0958909220961,463.0960829397891,8056600.5,-9999,232868.2,77.14,-1,-0.41463899192745046,0.9055673500194348,0.9579349681122902,0.926514397256577,15,0.9615384615384616,0.07692307692307693,S2 P1 O2,de-protonated,0,-9999,C26 H25 O2 P1 S2,26,25,2,-9999,1,2,-9999,N/A,-9999,-9999,N/A,-9999
1937,463.095903,463.0958909220961,463.09627964427904,8056600.5,-9999,232868.2,77.14,-1,-0.8393981986766725,0.4399940873699632,0.8524773804394659,0.6049874045977642,7,1.5,0.5,N4 S2 O8,de-protonated,0,-9999,C16 H24 O8 N4 S2,16,24,8,4,-9999,2,-9999,N/A,-9999,-9999,N/A,-9999
1938,463.111614,463.11160193455027,463.11153578556906,8334112.5,-9999,249210.5,79.85,-1,0.14283596087149536,0.33210163578320184,0.7658154272139523,0.505587152355502,11,1.2,0.25,N4 S2 O5,de-protonated,0,-9999,C20 H24 O5 N4 S2,20,24,5,4,-9999,2,-9999,N/A,-9999,-9999,N/A,-9999
1939,463.130965,463.13095294989,463.13132774310907,5111594,-9999,386982.4,48.34,-1,-0.809259051623034,0.4439790227132035,0.8524773804394659,0.6073783658037084,1,2,0.6875,S2 O11,de-protonated,0,-9999,C16 H32 O11 S2,16,32,11,-9999,-9999,2,-9999,N/A,-9999,-9999,N/A,-9999
1939,463.130965,463.13095294989,463.1309476205891,5111594,-9999,386982.4,48.34,-1,0.01150711463346932,0.4999879869995196,0.8370420509349343,0.6348096125736855,6,1.6111111111111112,0.4444444444444444,N2 S1 P1 O8,de-protonated,0,-9999,C18 H29 O8 N2 P1 S1,18,29,8,2,1,1,-9999,N/A,-9999,-9999,N/A,-9999
1940,463.132439,463.1324269510585,463.13246844913914,10210091,-9999,250471.7,98.2,-1,-0.08960304776262704,0.6627067520646738,0.8981297392001756,0.7568759469188745,14,1.0740740740740742,0.03703703703703703,S2 P1 O1,de-protonated,0,-9999,C27 H29 O1 P1 S2,27,29,1,-9999,1,2,-9999,N/A,-9999,-9999,N/A,-9999
1940,463.132439,463.1324269510585,463.13266515362915,10210091,-9999,250471.7,98.2,-1,-0.5143290219450842,0.6254079503638037,0.9297262579497482,0.7471352733981815,6,1.6470588235294117,0.4117647058823529,N4 S2 O7,de-protonated,0,-9999,C17 H28 O7 N4 S2,17,28,7,4,-9999,2,-9999,N/A,-9999,-9999,N/A,-9999
1941,463.145455,463.1454429613764,463.14571450452905,2395953,-9999,316889.6,21.78,-1,-0.5863017710712775,0.9395324288394918,0,0.5637194573036951,6,1.4736842105263157,0.6842105263157895,O13,de-protonated,0,-9999,C19 H28 O13,19,28,13,-9999,-9999,-9999,-9999,N/A,-9999,-9999,N/A,-9999
1941,463.145455,463.1454429613764,463.1452014402791,2395953,-9999,316889.6,21.78,-1,0.5214802971699837,0.47592707282492136,0.7428850341668535,0.5827102573616942,24,0.625,0.0625,N2 O2,de-protonated,0,-9999,C32 H20 O2 N2,32,20,2,2,-9999,-9999,-9999,N/A,-9999,-9999,N/A,-9999
1941,463.145455,463.1454429613764,463.1455523131991,2395953,-9999,316889.6,21.78,-1,-0.23610681825045635,0.9899358693145228,0,0.5939615215887136,1,2.357142857142857,0.5,N4 S2 P1 O7,de-protonated,0,-9999,C14 H33 O7 N4 P1 S2,14,33,7,4,1,2,-9999,N/A,-9999,-9999,N/A,-9999
1942,463.16738,463.1673679787565,463.16771325245907,4389435.5,-9999,331884.2,41.28,-1,-0.745461509295659,0.45204183446463736,0.8446892076502736,0.6091007837388919,0,2.1176470588235294,0.5882352941176471,S2 O10,de-protonated,0,-9999,C17 H36 O10 S2,17,36,10,-9999,-9999,2,-9999,N/A,-9999,-9999,N/A,-9999
1942,463.16738,463.1673679787565,463.1673331299391,4389435.5,-9999,331884.2,41.28,-1,0.07524023155343872,0.49948666479998183,0.8295321147073604,0.6315048447629332,5,1.736842105263158,0.3684210526315789,N2 S1 P1 O7,de-protonated,0,-9999,C19 H33 O7 N2 P1 S1,19,33,7,2,1,1,-9999,N/A,-9999,-9999,N/A,-9999
1943,463.168718,463.1687059798171,463.1690506629791,9046844,-9999,231710.4,86.82,-1,-0.7441843565190117,0.6299956699260315,0.9303181296970192,0.7501246538344266,5,1.7777777777777777,0.3333333333333333,N4 S2 O6,de-protonated,0,-9999,C18 H32 O6 N4 S2,18,32,6,4,-9999,2,-9999,N/A,-9999,-9999,N/A,-9999
1944,463.182153,463.1821409904672,463.1821000138791,1470786.9,-9999,373470.8,12.73,-1,0.08846755537519259,0.9985808982193156,0,0.5991485389315894,5,1.6,0.6,O12,de-protonated,0,-9999,C20 H32 O12,20,32,12,-9999,-9999,-9999,-9999,N/A,-9999,-9999,N/A,-9999
1944,463.182153,463.1821409904672,463.18258927122906,1470786.9,-9999,373470.8,12.73,-1,-0.9678273153103404,0.8436976208025312,0,0.5062185724815187,9,1.434782608695652,0.17391304347826086,N2 S1 P1 O4,de-protonated,0,-9999,C23 H33 O4 N2 P1 S1,23,33,4,2,1,1,-9999,N/A,-9999,-9999,N/A,-9999
1944,463.182153,463.1821409904672,463.18193782254906,1470786.9,-9999,373470.8,12.73,-1,0.438635234968633,0.9656914700283344,0,0.5794148820170006,0,2.466666666666667,0.4,N4 S2 P1 O6,de-protonated,0,-9999,C15 H37 O6 N4 P1 S2,15,37,6,4,1,2,-9999,N/A,-9999,-9999,N/A,-9999
1945,463.205177,463.2051650087185,463.20543617232914,4816206,-9999,240847.8,45.45,-1,-0.5854067967962928,0.469855608154876,0.8295321147073604,0.6137262107758698,4,1.894736842105263,0.2631578947368421,N4 S2 O5,de-protonated,0,-9999,C19 H36 O5 N4 S2,19,36,5,4,-9999,2,-9999,N/A,-9999,-9999,N/A,-9999
1946,463.241603,463.2415910375937,463.2418216816791,1888095.9,-9999,391676.2,16.81,-1,-0.49789132712567696,0.956016255449732,0,0.5736097532698392,3,2,0.2,N4 S2 O4,de-protonated,0,-9999,C20 H40 O4 N4 S2,20,40,4,4,-9999,2,-9999,N/A,-9999,-9999,N/A,-9999
1947,464.098997,464.0989857172573,464.0994377748591,1737731.4,-9999,216432.1,15.34,-1,-0.9740533279757516,0.8418487911142895,0.9579349681122902,0.8882832619134897,15,1,0.08,13C1 S2 P1 O2,de-protonated,1,1937,C25 H25 O2 P1 S2 13C1,25,25,2,-9999,1,2,1,N/A,-9999,-9999,N/A,-9999
1947,464.098997,464.0989857172573,464.0987047406091,1737731.4,-9999,216432.1,15.34,-1,0.6054243317521151,0.9356554761030283,0,0.561393285661817,16,0.7916666666666666,0.375,N1 O9,de-protonated,0,-9999,C24 H19 O9 N1,24,19,9,1,-9999,-9999,-9999,N/A,-9999,-9999,N/A,-9999
1947,464.098997,464.0989857172573,464.0991939979591,1737731.4,-9999,216432.1,15.34,-1,-0.4487848815953674,0.9641145212840976,0,0.5784687127704584,20,0.7407407407407407,0.03703703703703703,N3 S1 P1 O1,de-protonated,0,-9999,C27 H20 O1 N3 P1 S1,27,20,1,3,1,1,-9999,N/A,-9999,-9999,N/A,-9999
1948,464.135723,464.13571174637025,464.1358232842091,2155029.3,-9999,202683.4,19.42,-1,-0.24031292847696695,0.6597173291771119,0.8981297392001756,0.7550822931863375,14,1.1153846153846154,0.03846153846153846,13C1 S2 P1 O1,de-protonated,1,1940,C26 H29 O1 P1 S2 13C1,26,29,1,-9999,1,2,1,N/A,-9999,-9999,N/A,-9999
1948,464.135723,464.13571174637025,464.1359596298291,2155029.3,-9999,202683.4,19.42,-1,-0.5340750995111013,0.9495607820883994,0,0.5697364692530397,14,1.0384615384615383,0.1153846153846154,N1 S2 O3,de-protonated,0,-9999,C26 H27 O3 N1 S2,26,27,3,1,-9999,2,-9999,N/A,-9999,-9999,N/A,-9999
1948,464.135723,464.13571174637025,464.1360925715591,2155029.3,-9999,202683.4,19.42,-1,-0.8205032854910638,0.8850103773341143,0,0.5310062264004686,1,2.1333333333333333,0.7333333333333333,N1 S1 P1 O11,de-protonated,0,-9999,C15 H32 O11 N1 P1 S1,15,32,11,1,1,1,-9999,N/A,-9999,-9999,N/A,-9999
1948,464.135723,464.13571174637025,464.1360199886992,2155029.3,-9999,202683.4,19.42,-1,-0.6641206793655363,0.6153930004668597,0.9297262579497482,0.7411263034600151,6,1.75,0.4375,13C1 N4 S2 O7,de-protonated,1,1940,C16 H28 O7 N4 S2 13C1,16,28,7,4,-9999,2,1,N/A,-9999,-9999,N/A,-9999
1949,464.172548,464.1725367755618,464.1723451391791,2012839.4,-9999,231283,18.03,-1,0.41285609697451703,0.969545419487144,0,0.5817272516922865,13,1.148148148148148,0.07407407407407407,N1 S2 O2,de-protonated,0,-9999,C27 H31 O2 N1 S2,27,31,2,1,-9999,2,-9999,N/A,-9999,-9999,N/A,-9999
1949,464.172548,464.1725367755618,464.17247808090906,2012839.4,-9999,231283,18.03,-1,0.1264500924165416,0.997102908084555,0,0.598261744850733,0,2.25,0.625,N1 S1 P1 O10,de-protonated,0,-9999,C16 H36 O10 N1 P1 S1,16,36,10,1,1,1,-9999,N/A,-9999,-9999,N/A,-9999
1949,464.172548,464.1725367755618,464.1724054980491,2012839.4,-9999,231283,18.03,-1,0.28282058798795207,0.6570607939165369,0.9303181296970192,0.7663637282287299,5,1.8823529411764703,0.35294117647058826,13C1 N4 S2 O6,de-protonated,1,1943,C17 H32 O6 N4 S2 13C1,17,32,6,4,-9999,2,1,N/A,-9999,-9999,N/A,-9999
1952,465.06664,465.0666294843162,465.0669511179791,2014687.9,-9999,248801.3,18.04,-1,-0.6915857214395217,0.9168739831105968,0,0.550124389866358,30,0.30303030303030304,0.06060606060606061,N2 O2,de-protonated,0,-9999,C33 H10 O2 N2,33,10,2,2,-9999,-9999,-9999,N/A,-9999,-9999,N/A,-9999
1952,465.06664,465.0666294843162,465.0662996692991,2014687.9,-9999,248801.3,18.04,-1,0.7091784920360943,0.9127833347950348,0,0.5476700008770209,21,0.56,0.16,N4 S1 O4,de-protonated,0,-9999,C25 H14 O4 N4 S1,25,14,4,4,-9999,1,-9999,N/A,-9999,-9999,N/A,-9999
1952,465.06664,465.0666294843162,465.0664326110291,2014687.9,-9999,248801.3,18.04,-1,0.42332293475546623,0.9680069391329597,0,0.5808041634797758,8,1.3571428571428572,0.8571428571428571,N4 P1 O12,de-protonated,0,-9999,C14 H19 O12 N4 P1,14,19,12,4,1,-9999,-9999,N/A,-9999,-9999,N/A,-9999
1953,465.073903,465.0738924900736,465.07420678886905,3401699.5,-9999,313772.9,31.61,-1,-0.675803540288441,0.9204712547581246,0,0.5522827528548747,2,1.8571428571428572,0.9285714285714286,S2 O13,de-protonated,0,-9999,C14 H26 O13 S2,14,26,13,-9999,-9999,2,-9999,N/A,-9999,-9999,N/A,-9999
1953,465.073903,465.0738924900736,465.0736937246191,3401699.5,-9999,313772.9,31.61,-1,0.42738485791661146,0.4837000956249104,0.7739790330151771,0.599811670581017,20,0.6666666666666666,0.07407407407407407,N2 S2 O2,de-protonated,0,-9999,C27 H18 O2 N2 S2,27,18,2,2,-9999,2,-9999,N/A,-9999,-9999,N/A,-9999
1953,465.073903,465.0738924900736,465.0738266663491,3401699.5,-9999,313772.9,31.61,-1,0.14153392591010952,0.9963718444564392,0,0.5978231066738636,7,1.4375,0.625,N2 S1 P1 O10,de-protonated,0,-9999,C16 H23 O10 N2 P1 S1,16,23,10,2,1,1,-9999,N/A,-9999,-9999,N/A,-9999
1954,465.07527,465.0752594911572,465.07534749489906,6851812,-9999,226672,65.35,-1,-0.1892246972688519,0.9547974351378588,0.9689280804361988,0.9604496932571948,15,0.92,0.12,S2 P1 O3,de-protonated,0,-9999,C25 H23 O3 P1 S2,25,23,3,-9999,1,2,-9999,N/A,-9999,-9999,N/A,-9999
1954,465.07527,465.0752594911572,465.075544199389,6851812,-9999,226672,65.35,-1,-0.6121763128514061,0.9604129576221994,0.9578192746236954,0.9593754844227976,7,1.4666666666666666,0.6,N4 S2 O9,de-protonated,0,-9999,C15 H22 O9 N4 S2,15,22,9,4,-9999,2,-9999,N/A,-9999,-9999,N/A,-9999
1955,465.087666,465.08765550098366,465.0880804860391,2239210.3,-9999,349091.2,20.24,-1,-0.9137732684383304,0.8594124577351201,0,0.5156474746410721,25,0.4666666666666667,0.13333333333333333,N2 O4,de-protonated,0,-9999,C30 H14 O4 N2,30,14,4,2,-9999,-9999,-9999,N/A,-9999,-9999,N/A,-9999
1955,465.087666,465.08765550098366,465.08742903735913,2239210.3,-9999,349091.2,20.24,-1,0.48692699563465175,0.9578911761325276,0,0.5747347056795166,16,0.8181818181818182,0.2727272727272727,N4 S1 O6,de-protonated,0,-9999,C22 H18 O6 N4 S1,22,18,6,4,-9999,1,-9999,N/A,-9999,-9999,N/A,-9999
1956,465.103517,465.1035065135489,465.1038496915791,1755122.1,-9999,292015.2,15.5,-1,-0.7378524827268985,0.905937070069068,0,0.5435622420414409,11,1.0476190476190477,0.5714285714285714,O12,de-protonated,0,-9999,C21 H22 O12,21,22,12,-9999,-9999,-9999,-9999,N/A,-9999,-9999,N/A,-9999
1956,465.103517,465.1035065135489,465.1033366273291,1755122.1,-9999,292015.2,15.5,-1,0.3652655365278612,0.9760819935202986,0,0.5856491961121791,29,0.4117647058823529,0.02941176470588235,N2 O1,de-protonated,0,-9999,C34 H14 O1 N2,34,14,1,2,-9999,-9999,-9999,N/A,-9999,-9999,N/A,-9999
1956,465.103517,465.1035065135489,465.1036875002491,1755122.1,-9999,292015.2,15.5,-1,-0.3891319400241729,0.9728983962661945,0,0.5837390377597167,6,1.6875,0.375,N4 S2 P1 O6,de-protonated,0,-9999,C16 H27 O6 N4 P1 S2,16,27,6,4,1,2,-9999,N/A,-9999,-9999,N/A,-9999
1957,465.110074,465.11006351874664,465.11007923396915,5110517.5,-9999,397815,48.32,-1,-0.03378817876567951,0.999501616449792,0.9848725312847356,0.9936499823837694,19,0.7857142857142857,0.03571428571428571,N2 S2 O1,de-protonated,0,-9999,C28 H22 O1 N2 S2,28,22,1,2,-9999,2,-9999,N/A,-9999,-9999,N/A,-9999
1957,465.110074,465.11006351874664,465.11021217569913,5110517.5,-9999,397815,48.32,-1,-0.31961661687583887,0.9797519815571394,0.937991989050093,0.9630479845543208,6,1.588235294117647,0.5294117647058824,N2 S1 P1 O9,de-protonated,0,-9999,C17 H27 O9 N2 P1 S1,17,27,9,2,1,1,-9999,N/A,-9999,-9999,N/A,-9999
1958,465.111647,465.1116365199936,465.1117330042491,12822262,-9999,244699.3,123.73,-1,-0.2074431768692816,0.6638476401077784,0.8868241378933307,0.7530382392219993,14,1.0384615384615383,0.07692307692307693,S2 P1 O2,de-protonated,0,-9999,C26 H27 O2 P1 S2,26,27,2,-9999,1,2,-9999,N/A,-9999,-9999,N/A,-9999
1958,465.111647,465.1116365199936,465.111929708739,12822262,-9999,244699.3,123.73,-1,-0.6303616972988622,0.6296524674462538,0.9291242454535252,0.7494411786491624,6,1.625,0.5,N4 S2 O8,de-protonated,0,-9999,C16 H26 O8 N4 S2,16,26,8,4,-9999,2,-9999,N/A,-9999,-9999,N/A,-9999
1959,465.140452,465.14044154282755,465.14023520092906,1809924.4,-9999,279881.2,16.04,-1,0.4436122332036098,0.9649223800814573,0,0.5789534280488743,10,1.181818181818182,0.5,O11,de-protonated,0,-9999,C22 H26 O11,22,26,11,-9999,-9999,-9999,-9999,N/A,-9999,-9999,N/A,-9999
1959,465.140452,465.14044154282755,465.14072445827907,1809924.4,-9999,279881.2,16.04,-1,-0.6082362533417017,0.9350762664537344,0,0.5610457598722406,14,1.08,0.12,N2 S1 P1 O3,de-protonated,0,-9999,C25 H27 O3 N2 P1 S1,25,27,3,2,1,1,-9999,N/A,-9999,-9999,N/A,-9999
1959,465.140452,465.14044154282755,465.14007300959906,1809924.4,-9999,279881.2,16.04,-1,0.7923059092655995,0.8923434663299403,0,0.5354060797979642,5,1.8235294117647056,0.29411764705882354,N4 S2 P1 O5,de-protonated,0,-9999,C17 H31 O5 N4 P1 S2,17,31,5,4,1,2,-9999,N/A,-9999,-9999,N/A,-9999
1960,465.146739,465.14672854781134,465.1469778075691,6685447.5,-9999,410653.1,63.72,-1,-0.5358731103457879,0.4746146897630708,0.8524773804394659,0.6257597660336288,0,2.125,0.6875,S2 O11,de-protonated,0,-9999,C16 H34 O11 S2,16,34,11,-9999,-9999,2,-9999,N/A,-9999,-9999,N/A,-9999
1960,465.146739,465.14672854781134,465.14659768504913,6685447.5,-9999,410653.1,63.72,-1,0.28133659980848535,0.4928704613633333,0.8370420509349343,0.6305390971919738,5,1.7222222222222223,0.4444444444444444,N2 S1 P1 O8,de-protonated,0,-9999,C18 H31 O8 N2 P1 S1,18,31,8,2,1,1,-9999,N/A,-9999,-9999,N/A,-9999
1961,465.148097,465.1480865488878,465.14811851359906,14755592,-9999,296851.3,142.64,-1,-0.06871942499242284,0.6646047225666644,0.8970304320755643,0.7575750063702243,13,1.148148148148148,0.03703703703703703,S2 P1 O1,de-protonated,0,-9999,C27 H31 O1 P1 S2,27,31,1,-9999,1,2,-9999,N/A,-9999,-9999,N/A,-9999
1961,465.148097,465.1480865488878,465.14831521808907,14755592,-9999,296851.3,142.64,-1,-0.4916049220596724,0.6485955030666254,0.9297262579497482,0.7610478050198746,5,1.7647058823529411,0.4117647058823529,N4 S2 O7,de-protonated,0,-9999,C17 H30 O7 N4 S2,17,30,7,4,-9999,2,-9999,N/A,-9999,-9999,N/A,-9999
1962,465.176503,465.1764925714055,465.17662071027905,12201750,-9999,246930,117.67,-1,-0.2754628410894282,0.9752263352514988,0.9815676771405304,0.9777628720071114,9,1.3043478260869563,0.43478260869565216,O10,de-protonated,0,-9999,C23 H30 O10,23,30,10,-9999,-9999,-9999,-9999,N/A,-9999,-9999,N/A,-9999
1962,465.176503,465.1764925714055,465.1764585189491,12201750,-9999,246930,117.67,-1,0.07320330975850085,0.9983476249713996,0.9191735554661238,0.9666779971692891,4,1.9444444444444444,0.2222222222222222,N4 S2 P1 O4,de-protonated,0,-9999,C18 H35 O4 N4 P1 S2,18,35,4,4,1,2,-9999,N/A,-9999,-9999,N/A,-9999
1963,465.182728,465.1827175763401,465.18249393704906,3449625.3,-9999,485424.1,32.08,-1,0.480756034384793,0.9589296396680944,0,0.5753577838008566,0,2.125,0.9375,O15,de-protonated,0,-9999,C16 H34 O15,16,34,15,-9999,-9999,-9999,-9999,N/A,-9999,-9999,N/A,-9999
1963,465.182728,465.1827175763401,465.1829831943991,3449625.3,-9999,485424.1,32.08,-1,-0.5709969380090659,0.9425568184525102,0,0.5655340910715061,4,1.8421052631578947,0.3684210526315789,N2 S1 P1 O7,de-protonated,0,-9999,C19 H35 O7 N2 P1 S1,19,35,7,2,1,1,-9999,N/A,-9999,-9999,N/A,-9999
1964,465.184535,465.18452457777255,465.1849720535991,8487706,-9999,247497.1,81.34,-1,-0.961930959574942,0.913352351329354,0.9442162211715736,0.925697899266242,18,0.9642857142857144,0.03571428571428571,N4 P1 O1,de-protonated,0,-9999,C28 H27 O1 N4 P1,28,27,1,4,1,-9999,-9999,N/A,-9999,-9999,N/A,-9999
1964,465.184535,465.18452457777255,465.1847007274391,8487706,-9999,247497.1,81.34,-1,-0.3786660788644685,0.6540688046139519,0.9303181296970192,0.7645685346471789,4,1.8888888888888888,0.3333333333333333,N4 S2 O6,de-protonated,0,-9999,C18 H34 O6 N4 S2,18,34,6,4,-9999,2,-9999,N/A,-9999,-9999,N/A,-9999
1965,465.219398,465.2193876054088,465.2193687037491,1625643.4,-9999,370606.9,14.24,-1,0.04062956298735954,0.9997005163688132,0,0.599820309821288,3,1.95,0.3,N2 S1 P1 O6,de-protonated,0,-9999,C20 H39 O6 N2 P1 S1,20,39,6,2,1,1,-9999,N/A,-9999,-9999,N/A,-9999
1966,465.22118,465.2211696068214,465.22108623678906,2985260.3,-9999,249090,27.53,-1,0.17920518820108802,0.994189811072744,0,0.5965138866436465,3,2,0.2631578947368421,N4 S2 O5,de-protonated,0,-9999,C19 H38 O5 N4 S2,19,38,5,4,-9999,2,-9999,N/A,-9999,-9999,N/A,-9999
1967,465.312172,465.31216167895144,465.312266768909,5636441.5,-9999,223649.5,53.46,-1,-0.2258482424248459,0.9522453827399752,0.9917364488952018,0.9680418092020658,10,1.4482758620689655,0.10344827586206896,N2 O3,de-protonated,0,-9999,C29 H42 O3 N2,29,42,3,2,-9999,-9999,-9999,N/A,-9999,-9999,N/A,-9999
1968,466.079036,466.0790262868511,466.07870232996913,1522134,-9999,266587.1,13.22,-1,0.6950690523968471,0.9160707598660156,0.9689280804361988,0.9372136880940888,15,0.9583333333333334,0.125,13C1 S2 P1 O3,de-protonated,1,1954,C24 H23 O3 P1 S2 13C1,24,23,3,-9999,1,2,1,N/A,-9999,-9999,N/A,-9999
1968,466.079036,466.0790262868511,466.0788386755891,1522134,-9999,266587.1,13.22,-1,0.4025311737508442,0.9710276115996598,0,0.5826165669597958,15,0.875,0.20833333333333337,N1 S2 O5,de-protonated,0,-9999,C24 H21 O5 N1 S2,24,21,5,1,-9999,2,-9999,N/A,-9999,-9999,N/A,-9999
1968,466.079036,466.0790262868511,466.0788990344591,1522134,-9999,266587.1,13.22,-1,0.27302757598100197,0.9865651429750764,0.9578192746236954,0.975066795634524,7,1.5714285714285714,0.6428571428571429,13C1 N4 S2 O9,de-protonated,1,1954,C14 H22 O9 N4 S2 13C1,14,22,9,4,-9999,2,1,N/A,-9999,-9999,N/A,-9999
1969,466.113413,466.1134033141021,466.1134340690392,1418983.3,-9999,434758.6,12.21,-1,-0.06598165776396665,0.9992103607097552,0.9848725312847356,0.9934752289397474,19,0.8148148148148148,0.03703703703703703,13C1 N2 S2 O1,de-protonated,1,1957,C27 H22 O1 N2 S2 13C1,27,22,1,2,-9999,2,1,N/A,-9999,-9999,N/A,-9999
1969,466.113413,466.1134033141021,466.11356701076915,1418983.3,-9999,434758.6,12.21,-1,-0.3511948131500587,0.9778690817012912,0.937991989050093,0.961918244640812,6,1.6875,0.5625,13C1 N2 S1 P1 O9,de-protonated,1,1957,C16 H27 O9 N2 P1 S1 13C1,16,27,9,2,1,1,1,N/A,-9999,-9999,N/A,-9999
1969,466.113413,466.1134033141021,466.1137033563891,1418983.3,-9999,434758.6,12.21,-1,-0.6437105043057951,0.9275712567946148,0,0.5565427540767688,6,1.5625,0.6875,N3 S1 O11,de-protonated,0,-9999,C16 H25 O11 N3 S1,16,25,11,3,-9999,1,-9999,N/A,-9999,-9999,N/A,-9999
1970,466.115069,466.1150593154149,466.11508783931913,2392808,-9999,226966.2,21.74,-1,-0.06119498174410268,0.666213824722265,0.8868241378933307,0.7544579499906913,14,1.08,0.08,13C1 S2 P1 O2,de-protonated,1,1958,C25 H27 O2 P1 S2 13C1,25,27,2,-9999,1,2,1,N/A,-9999,-9999,N/A,-9999
1970,466.115069,466.1150593154149,466.11522418493905,2392808,-9999,226966.2,21.74,-1,-0.3537098031946032,0.9775545739752468,0,0.586532744385148,14,1,0.16,N1 S2 O4,de-protonated,0,-9999,C25 H25 O4 N1 S2,25,25,4,1,-9999,2,-9999,N/A,-9999,-9999,N/A,-9999
1970,466.115069,466.1150593154149,466.1153571266691,2392808,-9999,226966.2,21.74,-1,-0.6389217812780598,0.9286056008616316,0,0.557163360516979,1,2.142857142857143,0.8571428571428571,N1 S1 P1 O12,de-protonated,0,-9999,C14 H30 O12 N1 P1 S1,14,30,12,1,1,1,-9999,N/A,-9999,-9999,N/A,-9999
1970,466.115069,466.1150593154149,466.11484406241914,2392808,-9999,226966.2,21.74,-1,0.46180249018791286,0.962043100540346,0,0.5772258603242076,19,0.8148148148148148,0.03703703703703703,N3 S1 P1 O1,de-protonated,0,-9999,C27 H22 O1 N3 P1 S1,27,22,1,3,1,1,-9999,N/A,-9999,-9999,N/A,-9999
1970,466.115069,466.1150593154149,466.1152845438091,2392808,-9999,226966.2,21.74,-1,-0.4832031939544359,0.6390128508685556,0.9291242454535252,0.7550574087025435,6,1.7333333333333334,0.5333333333333333,13C1 N4 S2 O8,de-protonated,1,1958,C15 H26 O8 N4 S2 13C1,15,26,8,4,-9999,2,1,N/A,-9999,-9999,N/A,-9999
1971,466.151563,466.15155334434394,466.15147334866913,3090682.3,-9999,228193.2,28.56,-1,0.17160875677382512,0.663113777732965,0.8970304320755643,0.7566804394700047,13,1.1923076923076923,0.03846153846153846,13C1 S2 P1 O1,de-protonated,1,1961,C26 H31 O1 P1 S2 13C1,26,31,1,-9999,1,2,1,N/A,-9999,-9999,N/A,-9999
1971,466.151563,466.15155334434394,466.1516096942891,3090682.3,-9999,228193.2,28.56,-1,-0.12088330061893808,0.49867602184393073,0.7805128205128198,0.6114107413114863,13,1.1153846153846154,0.1153846153846154,N1 S2 O3,de-protonated,0,-9999,C26 H29 O3 N1 S2,26,29,3,1,-9999,2,-9999,N/A,-9999,-9999,N/A,-9999
1971,466.151563,466.15155334434394,466.1517426360191,3090682.3,-9999,228193.2,28.56,-1,-0.4060730827377885,0.9705231292359572,0,0.5823138775415743,0,2.2666666666666666,0.7333333333333333,N1 S1 P1 O11,de-protonated,0,-9999,C15 H34 O11 N1 P1 S1,15,34,11,1,1,1,-9999,N/A,-9999,-9999,N/A,-9999
1971,466.151563,466.15155334434394,466.15167005315914,3090682.3,-9999,228193.2,28.56,-1,-0.2503666139079872,0.6591270729086254,0.9297262579497482,0.76736674692507445,5,1.875,0.4375,13C1 N4 S2 O7,de-protonated,1,1961,C16 H30 O7 N4 S2 13C1,16,30,7,4,-9999,2,1,N/A,-9999,-9999,N/A,-9999
1972,466.178119,466.1781093653951,466.1782321665991,1544071.5,-9999,483705.4,13.44,-1,-0.26342114575388015,0.9874880817804984,0,0.592492849068299,4,1.8888888888888888,0.3888888888888889,N3 S1 P1 O7,de-protonated,0,-9999,C18 H34 O7 N3 P1 S1,18,34,7,3,1,1,-9999,N/A,-9999,-9999,N/A,-9999
1973,466.179776,466.17976636670863,466.17997554534907,3394312.3,-9999,241610.4,31.53,-1,-0.4487079055410432,0.96412660698348,0.9815676771405304,0.9711030350463002,9,1.3636363636363635,0.4545454545454546,13C1 O10,de-protonated,1,1962,C22 H30 O10 13C1,22,30,10,-9999,-9999,-9999,1,N/A,-9999,-9999,N/A,-9999
1973,466.179776,466.17976636670863,466.17981335401913,3394312.3,-9999,241610.4,31.53,-1,-0.10079224614963764,0.9980576942187792,0.9191735554661238,0.9665040387177172,4,2.0588235294117645,0.2352941176470588,13C1 N4 S2 P1 O4,de-protonated,1,1962,C17 H35 O4 N4 P1 S2 13C1,17,35,4,4,1,2,1,N/A,-9999,-9999,N/A,-9999
1974,466.188186,466.18817637337526,466.1879952036391,1821196.4,-9999,238274.1,16.15,-1,0.3886194797286642,0.972968758246676,0,0.5837812549480056,12,1.2222222222222223,0.07407407407407407,N1 S2 O2,de-protonated,0,-9999,C27 H33 O2 N1 S2,27,33,2,1,-9999,2,-9999,N/A,-9999,-9999,N/A,-9999
1974,466.188186,466.18817637337526,466.1883268886691,1821196.4,-9999,238274.1,16.15,-1,-0.3228637123069879,0.981263366285056,0.9442162211715736,0.9664445082396632,18,1,0.03703703703703703,13C1 N4 P1 O1,de-protonated,1,1964,C27 H27 O1 N4 P1 13C1,27,27,1,4,1,-9999,1,N/A,-9999,-9999,N/A,-9999
1974,466.188186,466.18817637337526,466.18805556250913,1821196.4,-9999,238274.1,16.15,-1,0.25914620651515624,0.6585922916029057,0.9303181296970192,0.7672826268405512,4,2,0.35294117647058826,13C1 N4 S2 O6,de-protonated,1,1964,C17 H34 O6 N4 S2 13C1,17,34,6,4,-9999,2,1,N/A,-9999,-9999,N/A,-9999
1975,466.315067,466.31505747395494,466.3149097964291,1538763.8,-9999,395846.6,13.38,-1,0.3166905512319616,0.981966568109622,0,0.5891799408657731,9,1.5,0.03333333333333333,N1 S1 O1,de-protonated,0,-9999,C30 H45 O1 N1 S1,30,45,1,1,-9999,1,-9999,N/A,-9999,-9999,N/A,-9999
1976,466.31596,466.3159504746628,466.3156216039791,1849164.1,-9999,352416.2,16.42,-1,0.7052534131582306,0.9137032985706852,0.9917364488952018,0.944916558700492,10,1.5,0.10714285714285714,13C1 N2 O3,de-protonated,1,1967,C28 H42 O3 N2 13C1,28,42,3,2,-9999,-9999,1,N/A,-9999,-9999,N/A,-9999
1977,467.053118,467.0531090590143,467.052958279729,2053820.6,-9999,420123.8,18.42,-1,0.322831239135883,0.9812670995802532,0,0.5887602597481518,20,0.6153846153846154,0.1153846153846154,N2 S2 O3,de-protonated,0,-9999,C26 H16 O3 N2 S2,26,16,3,2,-9999,2,-9999,N/A,-9999,-9999,N/A,-9999
1977,467.053118,467.0531090590143,467.0530912214591,2053820.6,-9999,420123.8,18.42,-1,0.03819170774796612,0.9997353727793048,0,0.5998412236675829,7,1.4,0.7333333333333333,N2 S1 P1 O11,de-protonated,0,-9999,C15 H21 O11 N2 P1 S1,15,21,11,2,1,1,-9999,N/A,-9999,-9999,N/A,-9999
1978,467.054485,467.0544760600979,467.0546120500091,3640509.3,-9999,276974.4,33.93,-1,-0.29116490382880433,0.49236751675945095,0.7939170211058493,0.6129873184980104,15,0.875,0.16666666666666666,S2 P1 O4,de-protonated,0,-9999,C24 H21 O4 P1 S2,24,21,4,-9999,1,2,-9999,N/A,-9999,-9999,N/A,-9999
1978,467.054485,467.0544760600979,467.05480875449905,3640509.3,-9999,276974.4,33.93,-1,-0.7123241103953348,0.9120430496232356,0,0.5472258297739413,7,1.4285714285714286,0.7142857142857143,N4 S2 O10,de-protonated,0,-9999,C14 H20 O10 N4 S2,14,20,10,4,-9999,2,-9999,N/A,-9999,-9999,N/A,-9999
1979,467.089415,467.0894060877872,467.0898568533291,3993295,-9999,341012.7,37.38,-1,-0.9650510180360616,0.8445195276340733,0,0.506711716580444,1,2,0.9285714285714286,S2 O13,de-protonated,0,-9999,C14 H28 O13 S2,14,28,13,-9999,-9999,2,-9999,N/A,-9999,-9999,N/A,-9999
1979,467.089415,467.0894060877872,467.0893437890791,3993295,-9999,341012.7,37.38,-1,0.1333764276915608,0.4983886819685977,0.7739790330151771,0.6086248223872295,19,0.7407407407407407,0.07407407407407407,N2 S2 O2,de-protonated,0,-9999,C27 H20 O2 N2 S2,27,20,2,2,-9999,2,-9999,N/A,-9999,-9999,N/A,-9999
1979,467.089415,467.0894060877872,467.0894767308091,3993295,-9999,341012.7,37.38,-1,-0.15124087657503318,0.995858179636215,0,0.597514907781729,6,1.5625,0.625,N2 S1 P1 O10,de-protonated,0,-9999,C16 H25 O10 N2 P1 S1,16,25,10,2,1,1,-9999,N/A,-9999,-9999,N/A,-9999
1980,467.091068,467.0910590890976,467.0909975593591,9873104,-9999,239341.9,94.88,-1,0.1317296604387385,0.6545963215549649,0.9168732338006986,0.7595070864532585,14,1,0.12,S2 P1 O3,de-protonated,0,-9999,C25 H25 O3 P1 S2,25,25,3,-9999,1,2,-9999,N/A,-9999,-9999,N/A,-9999
1980,467.091068,467.0910590890976,467.0914655900091,9873104,-9999,239341.9,94.88,-1,-0.8702811792281739,0.4357988568066272,0.7871578612348809,0.5763424585779287,20,0.68,0.16,N4 P1 O4,de-protonated,0,-9999,C25 H17 O4 N4 P1,25,17,4,4,1,-9999,-9999,N/A,-9999,-9999,N/A,-9999
1980,467.091068,467.0910590890976,467.0911942638491,9873104,-9999,239341.9,94.88,-1,-0.28939691684611724,0.6206193793271632,0.9285118293388496,0.7437763593318378,6,1.6,0.6,N4 S2 O9,de-protonated,0,-9999,C15 H24 O9 N4 S2,15,24,9,4,-9999,2,-9999,N/A,-9999,-9999,N/A,-9999
1981,467.108911,467.10890210324186,467.1087556240991,2598104.8,-9999,434131.7,23.74,-1,0.31358680605516,0.9823151825502514,0,0.5893891095301508,14,1,0.2,S1 P1 O5,de-protonated,0,-9999,C25 H25 O5 P1 S1,25,25,5,-9999,1,1,-9999,N/A,-9999,-9999,N/A,-9999
1981,467.108911,467.10890210324186,467.1089523285891,2598104.8,-9999,434131.7,23.74,-1,-0.10752383785725876,0.9979044024030104,0,0.5987426414418061,6,1.6,0.7333333333333333,N4 S1 O11,de-protonated,0,-9999,C15 H24 O11 N4 S1,15,24,11,4,-9999,1,-9999,N/A,-9999,-9999,N/A,-9999
1982,467.11062,467.1106111045966,467.11047315713904,4630233.5,-9999,217737.3,43.61,-1,0.29532084057516184,0.4921498091654819,0.7939170211058493,0.6128566939416289,14,1,0.16666666666666666,N2 S2 O4,de-protonated,0,-9999,C24 H24 O4 N2 S2,24,24,4,2,-9999,2,-9999,N/A,-9999,-9999,N/A,-9999
1982,467.11062,467.1106111045966,467.1106060988691,4630233.5,-9999,217737.3,43.61,-1,0.010716364528878,0.9999791625649184,0,0.5999874975389511,1,2.230769230769231,0.9230769230769232,N2 S1 P1 O12,de-protonated,0,-9999,C13 H29 O12 N2 P1 S1,13,29,12,2,1,1,-9999,N/A,-9999,-9999,N/A,-9999
1983,467.119618,467.1196091117294,467.1194997560391,2267614,-9999,273204.7,20.51,-1,0.2341064553503085,0.9901048362105314,0,0.5940629017263188,10,1.1428571428571428,0.5714285714285714,O12,de-protonated,0,-9999,C21 H24 O12,21,24,12,-9999,-9999,-9999,-9999,N/A,-9999,-9999,N/A,-9999
1983,467.119618,467.1196091117294,467.1199890133891,2267614,-9999,273204.7,20.51,-1,-0.8132849559724155,0.8869062074148325,0,0.5321437244488995,14,1.0416666666666667,0.16666666666666666,N2 S1 P1 O4,de-protonated,0,-9999,C24 H25 O4 N2 P1 S1,24,25,4,2,1,1,-9999,N/A,-9999,-9999,N/A,-9999
1983,467.119618,467.1196091117294,467.11933756470904,2267614,-9999,273204.7,20.51,-1,0.5813225840249516,0.9405240739624744,0,0.5643144443774846,5,1.8125,0.375,N4 S2 P1 O6,de-protonated,0,-9999,C16 H29 O6 N4 P1 S2,16,29,6,4,1,2,-9999,N/A,-9999,-9999,N/A,-9999
1984,467.12096,467.1209511127933,467.1206404620691,1904350.8,-9999,412060.4,16.95,-1,0.6650331782346375,0.9228863784759576,0,0.5537318270855746,23,0.65625,0.0625,P1 O2,de-protonated,0,-9999,C32 H21 O2 P1,32,21,2,-9999,1,-9999,-9999,N/A,-9999,-9999,N/A,-9999
1984,467.12096,467.1209511127933,467.12083716655906,1904350.8,-9999,412060.4,16.95,-1,0.2439331006621069,0.9892612702424278,0,0.5935567621454567,15,0.9090909090909092,0.3636363636363637,N4 O8,de-protonated,0,-9999,C22 H20 O8 N4,22,20,8,4,-9999,-9999,-9999,N/A,-9999,-9999,N/A,-9999
1985,467.125813,467.1258041166402,467.1262423626791,5612513,-9999,338495,53.22,-1,-0.938174735488468,0.4261971682061648,0.8604105061749867,0.5998825033936936,0,2.1333333333333333,0.8,S2 O12,de-protonated,0,-9999,C15 H32 O12 S2,15,32,12,-9999,-9999,2,-9999,N/A,-9999,-9999,N/A,-9999
1985,467.125813,467.1258041166402,467.12572929842906,5612513,-9999,338495,53.22,-1,0.16016718081209066,0.49767800911381177,0.7675537279851021,0.6056282966623279,18,0.8571428571428571,0.03571428571428571,N2 S2 O1,de-protonated,0,-9999,C28 H24 O1 N2 S2,28,24,1,2,-9999,2,-9999,N/A,-9999,-9999,N/A,-9999
1985,467.125813,467.1258041166402,467.12586224015905,5612513,-9999,338495,53.22,-1,-0.12442796158162642,0.4985973480229174,0.8446892076502734,0.6370340918738598,5,1.7058823529411764,0.5294117647058824,N2 S1 P1 O9,de-protonated,0,-9999,C17 H29 O9 N2 P1 S1,17,29,9,2,1,1,-9999,N/A,-9999,-9999,N/A,-9999
1986,467.127375,467.1273661178784,467.1273830687091,15221474,-9999,255596.1,147.19,-1,-0.03628738403103156,0.655941710876944,0.8987992407917423,0.7530847228428633,13,1.1153846153846154,0.07692307692307693,S2 P1 O2,de-protonated,0,-9999,C26 H29 O2 P1 S2,26,29,2,-9999,1,2,-9999,N/A,-9999,-9999,N/A,-9999
1986,467.127375,467.1273661178784,467.1275797731991,15221474,-9999,255596.1,147.19,-1,-0.45738108804479233,0.6139130053331324,0.9291242454535252,0.7399975013812895,5,1.75,0.5,N4 S2 O8,de-protonated,0,-9999,C16 H28 O8 N4 S2,16,28,8,4,-9999,2,-9999,N/A,-9999,-9999,N/A,-9999
1987,467.155757,467.1557481403771,467.1558852653891,2987760.3,-9999,256322.9,27.55,-1,-0.29353159469821,0.9844878094649788,0,0.5906926856789874,9,1.2727272727272727,0.5,O11,de-protonated,0,-9999,C22 H28 O11,22,28,11,-9999,-9999,-9999,-9999,N/A,-9999,-9999,N/A,-9999
1987,467.155757,467.1557481403771,467.1557230740591,2987760.3,-9999,256322.9,27.55,-1,0.0536573069293722,0.9994777263244554,0,0.5996866357946732,4,1.9411764705882353,0.29411764705882354,N4 S2 P1 O5,de-protonated,0,-9999,C17 H33 O5 N4 P1 S2,17,33,5,4,1,2,-9999,N/A,-9999,-9999,N/A,-9999
1988,467.162534,467.16252514574927,467.1628991981891,5222643.5,-9999,244327.2,49.4,-1,-0.8006895249604058,0.4450918527215929,0.7805128205128199,0.5792602398380837,13,1.1153846153846154,0.2307692307692308,P1 O6,de-protonated,0,-9999,C26 H29 O6 P1,26,29,6,-9999,1,-9999,-9999,N/A,-9999,-9999,N/A,-9999
1988,467.162534,467.16252514574927,467.16224774950905,5222643.5,-9999,244327.2,49.4,-1,0.5937899339210833,0.4690135896350376,0.8370420509349343,0.6162249741549963,4,1.8333333333333333,0.4444444444444444,N2 S1 P1 O8,de-protonated,0,-9999,C18 H33 O8 N2 P1 S1,18,33,8,2,1,1,-9999,N/A,-9999,-9999,N/A,-9999
1989,467.16374,467.1637311467053,467.1637685780591,12237556,-9999,271604.3,118.01,-1,-0.08012469356756456,0.6659877680927032,0.898546387882123,0.7590112160084712,12,1.2222222222222223,0.03703703703703703,S2 P1 O1,de-protonated,0,-9999,C27 H33 O1 P1 S2,27,33,1,-9999,1,2,-9999,N/A,-9999,-9999,N/A,-9999
1989,467.16374,467.1637311467053,467.1639652825491,12237556,-9999,271604.3,118.01,-1,-0.5011855819615514,0.6376324464335809,0.929726257949748,0.7544699710400478,4,1.8823529411764703,0.4117647058823529,N4 S2 O7,de-protonated,0,-9999,C17 H32 O7 N4 S2,17,32,7,4,-9999,2,-9999,N/A,-9999,-9999,N/A,-9999
1990,467.172314,467.1723051535019,467.17201078654904,1887736.5,-9999,264241.7,16.79,-1,0.630104000492041,0.9304929656251316,0,0.558295779375079,12,1.1851851851851851,0.1111111111111111,S2 O3,de-protonated,0,-9999,C27 H32 O3 S2,27,32,3,-9999,-9999,2,-9999,N/A,-9999,-9999,N/A,-9999
1990,467.172314,467.1723051535019,467.1724788171991,1887736.5,-9999,264241.7,16.79,-1,-0.3717335780686182,0.9752380913828548,0,0.5851428548297128,18,0.8888888888888888,0.14814814814814814,N4 O4,de-protonated,0,-9999,C27 H24 O4 N4,27,24,4,4,-9999,-9999,-9999,N/A,-9999,-9999,N/A,-9999
1990,467.172314,467.1723051535019,467.1722543485491,1887736.5,-9999,264241.7,16.79,-1,0.10874993624870824,0.9979570416639908,0.9191735554661238,0.966443647184844,4,1.9444444444444444,0.2222222222222222,N4 S1 34S1 P1 O4,de-protonated,1,1962,C18 H35 O4 N4 P1 S1 34S1,18,35,4,4,1,1,-9999,N/A,-9999,-9999,N/A,1
1991,467.173477,467.1734681544239,467.1734811387991,4302073,-9999,279994.1,40.4,-1,-0.02779347654239924,0.4999299224122061,0.8446892076502734,0.6378336365074331,4,1.9411764705882353,0.4117647058823529,N4 S1 P1 O7,de-protonated,0,-9999,C17 H33 O7 N4 P1 S1,17,33,7,4,1,1,-9999,N/A,-9999,-9999,N/A,-9999
1992,467.190672,467.1906631680545,467.1911062618091,1487873.8,-9999,344701.6,12.88,-1,-0.9484207825422664,0.8494098601980525,0,0.5096459161188315,17,1,0.03571428571428571,N4 S1 O1,de-protonated,0,-9999,C28 H28 O1 N4 S1,28,28,1,4,-9999,1,-9999,N/A,-9999,-9999,N/A,-9999
1993,467.192257,467.192248169311,467.1922707747391,2077186.5,-9999,328499.4,18.64,-1,-0.04838570654601976,0.9995752867980742,0,0.5997451720788445,8,1.391304347826087,0.43478260869565216,O10,de-protonated,0,-9999,C23 H32 O10,23,32,10,-9999,-9999,-9999,-9999,N/A,-9999,-9999,N/A,-9999
1993,467.192257,467.192248169311,467.19210858340904,2077186.5,-9999,328499.4,18.64,-1,0.29877624079998544,0.9839330490739916,0,0.590359829444395,3,2.0555555555555554,0.2222222222222222,N4 S2 P1 O4,de-protonated,0,-9999,C18 H37 O4 N4 P1 S2,18,37,4,4,1,2,-9999,N/A,-9999,-9999,N/A,-9999
1994,467.200274,467.20026517566606,467.20062211805913,5141254.5,-9999,265110.3,48.61,-1,-0.7640023924846058,0.899963254452843,0.9891818753396302,0.935650702807558,17,1.0357142857142858,0.03571428571428571,N4 P1 O1,de-protonated,0,-9999,C28 H29 O1 N4 P1,28,29,1,4,1,-9999,-9999,N/A,-9999,-9999,N/A,-9999
1994,467.200274,467.20026517566606,467.20035079189904,5141254.5,-9999,265110.3,48.61,-1,-0.18325378573566492,0.994005357831666,0.919693552389798,0.9642806356549188,3,2,0.3333333333333333,N4 S2 O6,de-protonated,0,-9999,C18 H36 O6 N4 S2,18,36,6,4,-9999,2,-9999,N/A,-9999,-9999,N/A,-9999
1995,467.236492,467.2364832043765,467.2367363012491,1469592.8,-9999,208814.7,12.7,-1,-0.5416887264862671,0.948150641360893,0,0.5688903848165358,2,2.1052631578947367,0.2631578947368421,N4 S2 O5,de-protonated,0,-9999,C19 H40 O5 N4 S2,19,40,5,4,-9999,2,-9999,N/A,-9999,-9999,N/A,-9999
1996,468.094159,468.0941508842564,468.0943523944292,2189512.5,-9999,262569.7,19.74,-1,-0.4304905020262601,0.6446217587905679,0.9168732338006986,0.7535223487946202,14,1.0416666666666667,0.125,13C1 S2 P1 O3,de-protonated,1,1980,C24 H25 O3 P1 S2 13C1,24,25,3,-9999,1,2,1,N/A,-9999,-9999,N/A,-9999
1996,468.094159,468.0941508842564,468.09448874004903,2189512.5,-9999,262569.7,19.74,-1,-0.7217683624773482,0.9098044297390496,0,0.5458826578434297,14,0.9583333333333334,0.20833333333333337,N1 S2 O5,de-protonated,0,-9999,C24 H23 O5 N1 S2,24,23,5,1,-9999,2,-9999,N/A,-9999,-9999,N/A,-9999
1996,468.094159,468.0941508842564,468.0941086175291,2189512.5,-9999,262569.7,19.74,-1,0.0902953626489618,0.9985216968100636,0,0.5991130180860381,19,0.7692307692307693,0.07692307692307693,N3 S1 P1 O2,de-protonated,0,-9999,C26 H20 O2 N3 P1 S1,26,20,2,3,1,1,-9999,N/A,-9999,-9999,N/A,-9999
1996,468.094159,468.0941508842564,468.09454909891906,2189512.5,-9999,262569.7,19.74,-1,-0.850714163237374,0.584626457855248,0.9285118293388496,0.7221806064486886,6,1.7142857142857142,0.6428571428571429,13C1 N4 S2 O9,de-protonated,1,1980,C14 H24 O9 N4 S2 13C1,14,24,9,4,-9999,2,1,N/A,-9999,-9999,N/A,-9999
1997,468.122458,468.12244990668927,468.12263204090914,1664470.9,-9999,280284,14.6,-1,-0.3890737328283047,0.9729063926599344,0,0.5837438355959607,13,1.12,0.08,N1 S2 P1 O2,de-protonated,0,-9999,C25 H28 O2 N1 P1 S2,25,28,2,1,1,2,-9999,N/A,-9999,-9999,N/A,-9999
1998,468.130548,468.13053991310227,468.1307379037792,3100891,-9999,283475.4,28.65,-1,-0.4229388520432583,0.6453760206973621,0.8987992407917423,0.7467453087351141,13,1.16,0.08,13C1 S2 P1 O2,de-protonated,1,1986,C25 H29 O2 P1 S2 13C1,25,29,2,-9999,1,2,1,N/A,-9999,-9999,N/A,-9999
1998,468.130548,468.13053991310227,468.1308742493991,3100891,-9999,283475.4,28.65,-1,-0.7141940752204129,0.45580085403632026,0.7871578612348809,0.5883436569157445,13,1.08,0.16,N1 S2 O4,de-protonated,0,-9999,C25 H27 O4 N1 S2,25,27,4,1,-9999,2,-9999,N/A,-9999,-9999,N/A,-9999
1998,468.130548,468.13053991310227,468.13100719112913,3100891,-9999,283475.4,28.65,-1,-0.9981779025157788,0.8346122323929421,0,0.5007673394357652,0,2.2857142857142856,0.8571428571428571,N1 S1 P1 O12,de-protonated,0,-9999,C14 H32 O12 N1 P1 S1,14,32,12,1,1,1,-9999,N/A,-9999,-9999,N/A,-9999
1998,468.130548,468.13053991310227,468.1304941268791,3100891,-9999,283475.4,28.65,-1,0.09780653840892456,0.9470548070362848,0.9035609929052996,0.9296572813838908,18,0.8888888888888888,0.03703703703703703,N3 S1 P1 O1,de-protonated,0,-9999,C27 H24 O1 N3 P1 S1,27,24,1,3,1,1,-9999,N/A,-9999,-9999,N/A,-9999
1998,468.130548,468.13053991310227,468.1309346082691,3100891,-9999,283475.4,28.65,-1,-0.8431298546357315,0.585990814701231,0.9291242454535252,0.7232441870021487,5,1.8666666666666667,0.5333333333333333,13C1 N4 S2 O8,de-protonated,1,1986,C15 H28 O8 N4 S2 13C1,15,28,8,4,-9999,2,1,N/A,-9999,-9999,N/A,-9999
1999,468.167099,468.1670909420766,468.1671234131291,2590445.5,-9999,225076.9,23.66,-1,-0.06935782308644432,0.6660850136953279,0.898546387882123,0.7590695633700459,12,1.2692307692307692,0.03846153846153846,13C1 S2 P1 O1,de-protonated,1,1989,C26 H33 O1 P1 S2 13C1,26,33,1,-9999,1,2,1,N/A,-9999,-9999,N/A,-9999
1999,468.167099,468.1670909420766,468.167259758749,2590445.5,-9999,225076.9,23.66,-1,-0.3605905131620169,0.976683178506712,0,0.5860099071040272,12,1.1923076923076923,0.1153846153846154,N1 S2 O3,de-protonated,0,-9999,C26 H31 O3 N1 S2,26,31,3,1,-9999,2,-9999,N/A,-9999,-9999,N/A,-9999
1999,468.167099,468.1670909420766,468.1673201176192,2590445.5,-9999,225076.9,23.66,-1,-0.48951631764527903,0.6383012222411144,0.929726257949748,0.7548712365245679,4,2,0.4375,13C1 N4 S2 O7,de-protonated,1,1989,C16 H32 O7 N4 S2 13C1,16,32,7,4,-9999,2,1,N/A,-9999,-9999,N/A,-9999
2000,468.203629,468.2036209710342,468.20364526809914,1652736,-9999,326779.8,14.49,-1,-0.05189422423197547,0.9995114761476388,0,0.5997068856885832,11,1.2962962962962965,0.07407407407407407,N1 S2 O2,de-protonated,0,-9999,C27 H35 O2 N1 S2,27,35,2,1,-9999,2,-9999,N/A,-9999,-9999,N/A,-9999
2000,468.203629,468.2036209710342,468.20397695312914,1652736,-9999,326779.8,14.49,-1,-0.7603141205155849,0.9004222903664769,0.9891818753396302,0.9359261243557384,17,1.0740740740740742,0.03703703703703703,13C1 N4 P1 O1,de-protonated,1,1994,C27 H29 O1 N4 P1 13C1,27,29,1,4,1,-9999,1,N/A,-9999,-9999,N/A,-9999
2000,468.203629,468.2036209710342,468.2037056269692,1652736,-9999,326779.8,14.49,-1,-0.1808100490586567,0.9940855892562012,0.919693552389798,0.96432877450964,3,2.1176470588235294,0.35294117647058826,13C1 N4 S2 O6,de-protonated,1,1994,C17 H36 O6 N4 S2 13C1,17,36,6,4,-9999,2,1,N/A,-9999,-9999,N/A,-9999
2001,468.984673,468.9846655901745,468.98460393619905,7467148,-9999,353132.8,68.13,-1,0.13146268535137712,0.49843451805819095,0.7871578612348809,0.6139238553288668,21,0.4,0.24,S2 O6,de-protonated,0,-9999,C25 H10 O6 S2,25,10,6,-9999,-9999,2,-9999,N/A,-9999,-9999,N/A,-9999
2002,468.986249,468.9862415914238,468.98607428844906,13928077,-9999,214511.3,128.47,-1,0.35673335284104224,0.48858681695747386,0.8604105061749866,0.637316292644479,13,0.7333333333333333,0.6666666666666666,N4 S1 P1 O10,de-protonated,0,-9999,C15 H11 O10 N4 P1 S1,15,11,10,4,1,1,-9999,N/A,-9999,-9999,N/A,-9999
2003,469.070413,469.0704056581413,469.070262114469,4971703.5,-9999,232482.3,44.83,-1,0.30601742182250796,0.4915757435057575,0.7939170211058493,0.6125122545457942,14,0.9583333333333334,0.16666666666666666,S2 P1 O4,de-protonated,0,-9999,C24 H23 O4 P1 S2,24,23,4,-9999,1,2,-9999,N/A,-9999,-9999,N/A,-9999
2003,469.070413,469.0704056581413,469.0707301451191,4971703.5,-9999,232482.3,44.83,-1,-0.6917655632253918,0.45841629744478346,0.7939170211058493,0.5926165869092098,20,0.625,0.20833333333333337,N4 P1 O5,de-protonated,0,-9999,C24 H15 O5 N4 P1,24,15,5,4,1,-9999,-9999,N/A,-9999,-9999,N/A,-9999
2003,469.070413,469.0704056581413,469.070458818959,4971703.5,-9999,232482.3,44.83,-1,-0.1133322654263646,0.4988360750025787,0.8684926696514784,0.6466987128621386,6,1.5714285714285714,0.7142857142857143,N4 S2 O10,de-protonated,0,-9999,C14 H22 O10 N4 S2,14,22,10,4,-9999,2,-9999,N/A,-9999,-9999,N/A,-9999
2004,469.085413,469.08540567003195,469.08551825575904,2118335,-9999,308566.8,18.18,-1,-0.2400110911834912,0.9896020262667296,0,0.5937612157600377,18,0.8214285714285714,0.03571428571428571,S2 P1 O1,de-protonated,0,-9999,C28 H23 O1 P1 S2,28,23,1,-9999,1,2,-9999,N/A,-9999,-9999,N/A,-9999
2004,469.085413,469.08540567003195,469.08571496024905,2118335,-9999,308566.8,18.18,-1,-0.6593469108935935,0.9241483185618152,0,0.5544889911370892,10,1.2222222222222223,0.3888888888888889,N4 S2 O7,de-protonated,0,-9999,C18 H22 O7 N4 S2,18,22,7,4,-9999,2,-9999,N/A,-9999,-9999,N/A,-9999
2005,469.098918,469.0989106807375,469.09876431114907,1615046,-9999,205943.7,13.48,-1,0.312022967381567,0.9824895794287272,0,0.5894937476572364,10,1.1,0.65,O13,de-protonated,0,-9999,C20 H22 O13,20,22,13,-9999,-9999,-9999,-9999,N/A,-9999,-9999,N/A,-9999
2005,469.098918,469.0989106807375,469.0992535684991,1615046,-9999,205943.7,13.48,-1,-0.7309492798543209,0.907605335869893,0,0.5445632015219358,14,1,0.21739130434782608,N2 S1 P1 O5,de-protonated,0,-9999,C23 H23 O5 N2 P1 S1,23,23,5,2,1,1,-9999,N/A,-9999,-9999,N/A,-9999
2005,469.098918,469.0989106807375,469.09860211981913,1615046,-9999,205943.7,13.48,-1,0.6577741160932622,0.9244957546110916,0,0.5546974527666549,5,1.8,0.4666666666666667,N4 S2 P1 O7,de-protonated,0,-9999,C15 H27 O7 N4 P1 S2,15,27,7,4,1,2,-9999,N/A,-9999,-9999,N/A,-9999
2006,469.10512,469.10511268565386,469.1055069177891,4621513,-9999,350880.9,41.56,-1,-0.8403911901183118,0.8797218783472911,0,0.5278331270083746,0,2.142857142857143,0.9285714285714286,S2 O13,de-protonated,0,-9999,C14 H30 O13 S2,14,30,13,-9999,-9999,2,-9999,N/A,-9999,-9999,N/A,-9999
2006,469.10512,469.10511268565386,469.1049938535392,4621513,-9999,350880.9,41.56,-1,0.25331666954160065,0.49421204049851425,0.7739790330151772,0.6061188375051795,18,0.8148148148148148,0.07407407407407407,N2 S2 O2,de-protonated,0,-9999,C27 H22 O2 N2 S2,27,22,2,2,-9999,2,-9999,N/A,-9999,-9999,N/A,-9999
2006,469.10512,469.10511268565386,469.1051267952691,4621513,-9999,350880.9,41.56,-1,-0.0300777254735199,0.49991793118354727,0.8524773804394659,0.6409417108859147,5,1.6875,0.625,N2 S1 P1 O10,de-protonated,0,-9999,C16 H27 O10 N2 P1 S1,16,27,10,2,1,1,-9999,N/A,-9999,-9999,N/A,-9999
2007,469.106809,469.1068016869927,469.10664762381913,10684106,-9999,240067.8,98.18,-1,0.32841822729467685,0.6457941293972921,0.9006248029939388,0.7477263988359508,13,1.08,0.12,S2 P1 O3,de-protonated,0,-9999,C25 H27 O3 P1 S2,25,27,3,-9999,1,2,-9999,N/A,-9999,-9999,N/A,-9999
2007,469.106809,469.1068016869927,469.10711565446906,10684106,-9999,240067.8,98.18,-1,-0.6692873883695849,0.9386179314599165,0.952421667014603,0.944139425681791,19,0.76,0.16,N4 P1 O4,de-protonated,0,-9999,C25 H19 O4 N4 P1,25,19,4,4,1,-9999,-9999,N/A,-9999,-9999,N/A,-9999
2007,469.106809,469.1068016869927,469.10684432830914,10684106,-9999,240067.8,98.18,-1,-0.0908989431708408,0.6658260785876554,0.9285118293388496,0.7709003788881331,5,1.7333333333333334,0.6,N4 S2 O9,de-protonated,0,-9999,C15 H26 O9 N4 S2,15,26,9,4,-9999,2,-9999,N/A,-9999,-9999,N/A,-9999
2008,469.123891,469.1238837005338,469.1237542398791,3260626.8,-9999,334633.9,28.85,-1,0.2759626932868419,0.98627673569573,0,0.591766041417438,4,1.8235294117647056,0.4117647058823529,N2 S2 P1 O7,de-protonated,0,-9999,C17 H31 O7 N2 P1 S2,17,31,7,2,1,2,-9999,N/A,-9999,-9999,N/A,-9999
2009,469.125326,469.1253187016713,469.12525384172915,5997779.5,-9999,234776.8,54.41,-1,0.13825719594351643,0.4982688034196024,0.8007932653391622,0.6192785881874263,14,0.9565217391304348,0.391304347826087,N2 O9,de-protonated,0,-9999,C23 H22 O9 N2,23,22,9,2,-9999,-9999,-9999,N/A,-9999,-9999,N/A,-9999
2009,469.125326,469.1253187016713,469.1257430990791,5997779.5,-9999,234776.8,54.41,-1,-0.90465597775256,0.4310008452151312,0.7805128205128199,0.5708056353342066,18,0.8846153846153846,0.03846153846153846,N4 S1 P1 O1,de-protonated,0,-9999,C26 H23 O1 N4 P1 S1,26,23,1,4,1,1,-9999,N/A,-9999,-9999,N/A,-9999
2010,469.133491,469.1334837081438,469.1338489619491,1475799.5,-9999,381905.3,12.18,-1,-0.7785705639228055,0.8958438682304755,0.9035609929052996,0.8989307181004051,18,0.9230769230769232,0.03846153846153846,13C1 N3 S1 P1 O1,de-protonated,1,1998,C26 H24 O1 N3 P1 S1 13C1,26,24,1,3,1,1,1,N/A,-9999,-9999,N/A,-9999
2011,469.134851,469.1348437092219,469.13514982049907,3544792.3,-9999,311919.5,31.5,-1,-0.6525012616766532,0.9548299858121426,0.8633025872662121,0.9182190263937704,9,1.238095238095238,0.5714285714285714,O12,de-protonated,0,-9999,C21 H26 O12,21,26,12,-9999,-9999,-9999,-9999,N/A,-9999,-9999,N/A,-9999
2011,469.134851,469.1348437092219,469.1346367562491,3544792.3,-9999,311919.5,31.5,-1,0.44113769606568737,0.9287098863475476,0.9470760675787364,0.9360563588400233,27,0.5294117647058824,0.02941176470588235,N2 O1,de-protonated,0,-9999,C34 H18 O1 N2,34,18,1,2,-9999,-9999,-9999,N/A,-9999,-9999,N/A,-9999
2011,469.134851,469.1348437092219,469.1349876291691,3544792.3,-9999,311919.5,31.5,-1,-0.30677726231986474,0.9830684267396306,0,0.5898410560437783,4,1.9375,0.375,N4 S2 P1 O6,de-protonated,0,-9999,C16 H31 O6 N4 P1 S2,16,31,6,4,1,2,-9999,N/A,-9999,-9999,N/A,-9999
2012,469.136539,469.13653171056,469.1362905265291,1861593.1,-9999,393379.1,15.78,-1,0.5141022679267547,0.9531746821731772,0,0.5719048093039063,22,0.71875,0.0625,P1 O2,de-protonated,0,-9999,C32 H23 O2 P1,32,23,2,-9999,1,-9999,-9999,N/A,-9999,-9999,N/A,-9999
2012,469.136539,469.13653171056,469.1364872310191,1861593.1,-9999,393379.1,15.78,-1,0.09481151462029748,0.998370246732969,0,0.5990221480397814,14,1,0.3636363636363637,N4 O8,de-protonated,0,-9999,C22 H22 O8 N4,22,22,8,4,-9999,-9999,-9999,N/A,-9999,-9999,N/A,-9999
2013,469.143012,469.1430047156912,469.143033133169,11628252,-9999,262574.9,106.99,-1,-0.06057316401531364,0.6622274432806506,0.9038192661928768,0.7588641724455412,12,1.1923076923076923,0.07692307692307693,S2 P1 O2,de-protonated,0,-9999,C26 H31 O2 P1 S2,26,31,2,-9999,1,2,-9999,N/A,-9999,-9999,N/A,-9999
2013,469.143012,469.1430047156912,469.143229837659,11628252,-9999,262574.9,106.99,-1,-0.4798576501297675,0.6516047665049655,0.9291242454535252,0.7626125580843893,4,1.875,0.5,N4 S2 O8,de-protonated,0,-9999,C16 H30 O8 N4 S2,16,30,8,4,-9999,2,-9999,N/A,-9999,-9999,N/A,-9999
2014,469.170005,469.1699977370887,469.1703708169191,1791210.1,-9999,357834.2,15.12,-1,-0.7951905183270871,0.8916023179232062,0,0.5349613907539237,17,0.9629629629629628,0.07407407407407407,N4 S1 O2,de-protonated,0,-9999,C27 H26 O2 N4 S1,27,26,2,4,-9999,1,-9999,N/A,-9999,-9999,N/A,-9999
2015,469.171463,469.1714557382445,469.17153532984906,3222763,-9999,273183.8,28.49,-1,-0.1696428674097527,0.4973958762215346,0.8077896627745539,0.6215533908427424,8,1.3636363636363635,0.5,O11,de-protonated,0,-9999,C22 H30 O11,22,30,11,-9999,-9999,-9999,-9999,N/A,-9999,-9999,N/A,-9999
2015,469.171463,469.1714557382445,469.17137313851913,3222763,-9999,273183.8,28.49,-1,0.17605448691725537,0.9943917501574616,0,0.596635050094477,3,2.0588235294117645,0.29411764705882354,N4 S2 P1 O5,de-protonated,0,-9999,C17 H35 O5 N4 P1 S2,17,35,5,4,1,2,-9999,N/A,-9999,-9999,N/A,-9999
2016,469.177856,469.1778487433123,469.1778978139691,2550510,-9999,354385.2,22.22,-1,-0.10458859419029658,0.9980171422864552,0,0.5988102853718731,3,1.9444444444444444,0.4444444444444444,N2 S1 P1 O8,de-protonated,0,-9999,C18 H35 O8 N2 P1 S1,18,35,8,2,1,1,-9999,N/A,-9999,-9999,N/A,-9999
2017,469.179536,469.179528744644,469.1794186425191,6663919,-9999,238212.1,60.63,-1,0.2346695539445838,0.49502870740204663,0.7739790330151772,0.6066088376472989,11,1.2962962962962965,0.03703703703703703,S2 P1 O1,de-protonated,0,-9999,C27 H35 O1 P1 S2,27,35,1,-9999,1,2,-9999,N/A,-9999,-9999,N/A,-9999
2017,469.179536,469.179528744644,469.1798866731691,6663919,-9999,238212.1,60.63,-1,-0.7628812215901514,0.44989183366492824,0.7739790330151772,0.5795267134050279,17,1,0.07407407407407407,N4 P1 O2,de-protonated,0,-9999,C27 H27 O2 N4 P1,27,27,2,4,1,-9999,-9999,N/A,-9999,-9999,N/A,-9999
2017,469.179536,469.179528744644,469.17961534700913,6663919,-9999,238212.1,60.63,-1,-0.18458253999706223,0.4969184917341567,0.8446892076502734,0.6360267781006035,3,2,0.4117647058823529,N4 S2 O7,de-protonated,0,-9999,C17 H34 O7 N4 S2,17,34,7,4,-9999,2,-9999,N/A,-9999,-9999,N/A,-9999
2018,469.207484,469.20747676679866,469.20792083919906,1930493.3,-9999,390362.5,16.43,-1,-0.9464298889162208,0.8499914848684685,0,0.5099948909210811,7,1.4782608695652173,0.43478260869565216,O10,de-protonated,0,-9999,C23 H34 O10,23,34,10,-9999,-9999,-9999,-9999,N/A,-9999,-9999,N/A,-9999
2018,469.207484,469.20747676679866,469.207758647869,1930493.3,-9999,390362.5,16.43,-1,-0.6007596106666235,0.9366111962152216,0,0.561966717729133,2,2.1666666666666665,0.2222222222222222,N4 S2 P1 O4,de-protonated,0,-9999,C18 H39 O4 N4 P1 S2,18,39,4,4,1,2,-9999,N/A,-9999,-9999,N/A,-9999
2019,469.20835,469.20834276748514,469.20879021906904,1522301.6,-9999,401514.1,12.61,-1,-0.953630011279906,0.847884134965801,0,0.5087304809794806,6,1.5833333333333333,0.20833333333333337,S2 O5,de-protonated,0,-9999,C24 H38 O5 S2,24,38,5,-9999,-9999,2,-9999,N/A,-9999,-9999,N/A,-9999
2019,469.20835,469.20834276748514,469.20792083919906,1522301.6,-9999,401514.1,12.61,-1,0.8992352160604794,0.86353248861463,0,0.5181194931687779,7,1.4782608695652173,0.43478260869565216,O10,de-protonated,0,-9999,C23 H34 O10,23,34,10,-9999,-9999,-9999,-9999,N/A,-9999,-9999,N/A,-9999
2019,469.20835,469.20834276748514,469.20841009654913,1522301.6,-9999,401514.1,12.61,-1,-0.14349500679527158,0.9962707941337916,0,0.597762476480275,11,1.3461538461538465,0.07692307692307693,N2 S1 P1 O2,de-protonated,0,-9999,C26 H35 O2 N2 P1 S1,26,35,2,2,1,1,-9999,N/A,-9999,-9999,N/A,-9999
2020,469.215955,469.21594777351373,469.2162721825191,2374145.5,-9999,235727.5,20.57,-1,-0.6913848146478632,0.9169202086482652,0,0.5501521251889592,16,1.1071428571428572,0.03571428571428571,N4 P1 O1,de-protonated,0,-9999,C28 H31 O1 N4 P1,28,31,1,4,1,-9999,-9999,N/A,-9999,-9999,N/A,-9999
2020,469.215955,469.21594777351373,469.2160008563591,2374145.5,-9999,235727.5,20.57,-1,-0.11313093595228578,0.9976804037012772,0,0.5986082422207664,2,2.111111111111111,0.3333333333333333,N4 S2 O6,de-protonated,0,-9999,C18 H38 O6 N4 S2,18,38,6,4,-9999,2,-9999,N/A,-9999,-9999,N/A,-9999
2021,469.228883,469.22887578376185,469.2290502072591,1464072.1,-9999,384659.1,12.07,-1,-0.37172356904376846,0.9752394081606232,0,0.5851436448963739,2,1.9,0.6,O12,de-protonated,0,-9999,C20 H38 O12,20,38,12,-9999,-9999,-9999,-9999,N/A,-9999,-9999,N/A,-9999
2021,469.228883,469.22887578376185,469.2285371430091,1464072.1,-9999,384659.1,12.07,-1,0.7216968405942892,0.909821472941477,0,0.5458928837648862,20,0.9090909090909092,0.0303030303030303,N2 O1,de-protonated,0,-9999,C33 H30 O1 N2,33,30,1,2,-9999,-9999,-9999,N/A,-9999,-9999,N/A,-9999
2022,469.291729,469.2917218335804,469.2919252471891,2003112.1,-9999,215479.6,17.1,-1,-0.43344791973012703,0.966484466063931,0,0.5798906796383586,5,1.75,0.2916666666666667,N2 O7,de-protonated,0,-9999,C24 H42 O7 N2,24,42,7,2,-9999,-9999,-9999,N/A,-9999,-9999,N/A,-9999
2024,469.985745,469.9857383837328,469.9857261351691,3586186.5,-9999,242535.3,31.88,-1,0.02606156539168246,0.9998767667042644,0,0.5999260600225587,12,0.7647058823529411,0.6470588235294118,N1 S2 O11,de-protonated,0,-9999,C17 H13 O11 N1 S2,17,13,11,1,-9999,2,-9999,N/A,-9999,-9999,N/A,-9999
2024,469.985745,469.9857383837328,469.98534601264913,3586186.5,-9999,242535.3,31.88,-1,0.8348581227788988,0.440601362172122,0.8295321147073605,0.5961736631862173,17,0.5263157894736842,0.42105263157894735,N3 S1 P1 O8,de-protonated,0,-9999,C19 H10 O8 N3 P1 S1,19,10,8,3,1,1,-9999,N/A,-9999,-9999,N/A,-9999
2025,470.110241,470.11023448242184,470.11000245888914,2115274.3,-9999,219758.4,18.15,-1,0.49355157620506457,0.6378419416505557,0.9006248029939388,0.742955086187909,13,1.125,0.125,13C1 S2 P1 O3,de-protonated,1,2007,C24 H27 O3 P1 S2 13C1,24,27,3,-9999,1,2,1,N/A,-9999,-9999,N/A,-9999
2025,470.110241,470.11023448242184,470.11013880450906,2115274.3,-9999,219758.4,18.15,-1,0.20352233420273688,0.9925123255353429,0,0.5955073953212057,13,1.0416666666666667,0.20833333333333337,N1 S2 O5,de-protonated,0,-9999,C24 H25 O5 N1 S2,24,25,5,1,-9999,2,-9999,N/A,-9999,-9999,N/A,-9999
2025,470.110241,470.11023448242184,470.11047048953907,2115274.3,-9999,219758.4,18.15,-1,-0.5020248048881351,0.9552995586817492,0.952421667014603,0.9541484020148906,19,0.7916666666666666,0.16666666666666666,13C1 N4 P1 O4,de-protonated,1,2007,C24 H19 O4 N4 P1 13C1,24,19,4,4,1,-9999,1,N/A,-9999,-9999,N/A,-9999
2025,470.110241,470.11023448242184,470.11019916337904,2115274.3,-9999,219758.4,18.15,-1,0.07512928430712282,0.6659842357468707,0.9285118293388496,0.7709952731836622,5,1.8571428571428572,0.6428571428571429,13C1 N4 S2 O9,de-protonated,1,2007,C14 H26 O9 N4 S2 13C1,14,26,9,4,-9999,2,1,N/A,-9999,-9999,N/A,-9999
2026,470.138371,470.1383645047208,470.1385046555691,1681880.8,-9999,279490.3,14.1,-1,-0.2981054453873331,0.9840045338383656,0.8633025872662121,0.935723755209504,9,1.3,0.6,13C1 O12,de-protonated,1,2011,C20 H26 O12 13C1,20,26,12,-9999,-9999,-9999,1,N/A,-9999,-9999,N/A,-9999
2026,470.138371,470.1383645047208,470.13828210536906,1681880.8,-9999,279490.3,14.1,-1,0.17526620322940764,0.994441720061974,0,0.5966650320371844,12,1.2,0.08,N1 S2 P1 O2,de-protonated,0,-9999,C25 H30 O2 N1 P1 S2,25,30,2,1,1,2,-9999,N/A,-9999,-9999,N/A,-9999
2026,470.138371,470.1383645047208,470.1379915913191,1681880.8,-9999,279490.3,14.1,-1,0.7931998866368764,0.8921139971360063,0.9470760675787364,0.9140988253130984,27,0.5454545454545454,0.0303030303030303,13C1 N2 O1,de-protonated,1,2011,C33 H18 O1 N2 13C1,33,18,1,2,-9999,-9999,1,N/A,-9999,-9999,N/A,-9999
2027,470.146519,470.14651251117976,470.14638796823914,2453981,-9999,245702.3,21.31,-1,0.2649024725332446,0.6582319087593117,0.9038192661928768,0.7564668517327378,12,1.24,0.08,13C1 S2 P1 O2,de-protonated,1,2013,C25 H31 O2 P1 S2 13C1,25,31,2,-9999,1,2,1,N/A,-9999,-9999,N/A,-9999
2027,470.146519,470.14651251117976,470.1465243138591,2453981,-9999,245702.3,21.31,-1,-0.02510425738059646,0.9998856532686288,0,0.5999313919611773,12,1.16,0.16,N1 S2 O4,de-protonated,0,-9999,C25 H29 O4 N1 S2,25,29,4,1,-9999,2,-9999,N/A,-9999,-9999,N/A,-9999
2027,470.146519,470.14651251117976,470.1461441913391,2453981,-9999,245702.3,21.31,-1,0.7834156362342936,0.8946145467826827,0,0.5367687280696096,17,0.9629629629629628,0.03703703703703703,N3 S1 P1 O1,de-protonated,0,-9999,C27 H26 O1 N3 P1 S1,27,26,1,3,1,1,-9999,N/A,-9999,-9999,N/A,-9999
2027,470.146519,470.14651251117976,470.1465846727291,2453981,-9999,245702.3,21.31,-1,-0.15348734135002298,0.6638229927022437,0.9291242454535252,0.7699434938027563,4,2,0.5333333333333333,13C1 N4 S2 O8,de-protonated,1,2013,C15 H30 O8 N4 S2 13C1,15,30,8,4,-9999,2,1,N/A,-9999,-9999,N/A,-9999
2028,470.982967,470.9829611742392,470.98262887764906,2583435,-9999,259650.7,22.51,-1,0.7055389515123693,0.9136365148360962,0,0.5481819089016577,7,1.2142857142857142,0.8571428571428571,S2 P1 O12,de-protonated,0,-9999,C14 H17 O12 P1 S2,14,17,12,-9999,1,2,-9999,N/A,-9999,-9999,N/A,-9999
2028,470.982967,470.9829611742392,470.98309690829905,2583435,-9999,259650.7,22.51,-1,-0.2881930598267878,0.9850427239908314,0,0.5910256343944988,13,0.6428571428571429,0.9285714285714286,N4 P1 O13,de-protonated,0,-9999,C14 H9 O13 N4 P1,14,9,13,4,1,-9999,-9999,N/A,-9999,-9999,N/A,-9999
2029,471.063942,471.0639362384288,471.0639134309991,1765556.6,-9999,457165.2,14.88,-1,0.0484168476493809,0.9995747400465124,0,0.5997448440279074,19,0.6538461538461539,0.2692307692307692,P1 O7,de-protonated,0,-9999,C26 H17 O7 P1,26,17,7,-9999,1,-9999,-9999,N/A,-9999,-9999,N/A,-9999
2029,471.063942,471.0639362384288,471.06364210483906,1765556.6,-9999,457165.2,14.88,-1,0.6244030816036781,0.9317012432208894,0,0.5590207459325336,5,1.5,0.75,S2 O12,de-protonated,0,-9999,C16 H24 O12 S2,16,24,12,-9999,-9999,2,-9999,N/A,-9999,-9999,N/A,-9999
2029,471.063942,471.0639362384288,471.0641101354891,1765556.6,-9999,457165.2,14.88,-1,-0.36915794800985374,0.9755758277179136,0,0.5853454966307482,11,1,0.8125,N4 O13,de-protonated,0,-9999,C16 H16 O13 N4,16,16,13,4,-9999,-9999,-9999,N/A,-9999,-9999,N/A,-9999
2030,471.064951,471.0649452392287,471.06478281086913,2519733,-9999,313463,21.92,-1,0.3448110864401723,0.9786577544331702,0,0.5871946526599021,18,0.7777777777777778,0.07407407407407407,S2 P1 O2,de-protonated,0,-9999,C27 H21 O2 P1 S2,27,21,2,-9999,1,2,-9999,N/A,-9999,-9999,N/A,-9999
2030,471.064951,471.0649452392287,471.0652508415191,2519733,-9999,313463,21.92,-1,-0.6487472593083916,0.9264762625685448,0,0.5558857575411269,24,0.48148148148148145,0.1111111111111111,N4 P1 O3,de-protonated,0,-9999,C27 H13 O3 N4 P1,27,13,3,4,1,-9999,-9999,N/A,-9999,-9999,N/A,-9999
2030,471.064951,471.0649452392287,471.0649795153591,2519733,-9999,313463,21.92,-1,-0.07276306220453004,0.999039787902712,0,0.5994238727416271,10,1.1764705882352942,0.4705882352941176,N4 S2 O8,de-protonated,0,-9999,C17 H20 O8 N4 S2,17,20,8,4,-9999,2,-9999,N/A,-9999,-9999,N/A,-9999
2031,471.072312,471.0723062450638,471.07215563948904,1464504.9,-9999,462172.7,12.06,-1,0.3197080807795518,0.9816244660904946,0,0.5889746796542967,19,0.6153846153846154,0.34615384615384615,O9,de-protonated,0,-9999,C26 H16 O9,26,16,9,-9999,-9999,-9999,-9999,N/A,-9999,-9999,N/A,-9999
2031,471.072312,471.0723062450638,471.0726448968391,1464504.9,-9999,462172.7,12.06,-1,-0.7188950132188272,0.9104880515671134,0,0.546292830940268,23,0.5862068965517241,0.03448275862068965,N2 S1 P1 O1,de-protonated,0,-9999,C29 H17 O1 N2 P1 S1,29,17,1,2,1,1,-9999,N/A,-9999,-9999,N/A,-9999
2031,471.072312,471.0723062450638,471.0719934481592,1464504.9,-9999,462172.7,12.06,-1,0.6640108285281127,0.9231139376975336,0,0.5538683626185201,14,1,0.14285714285714285,N4 S2 P1 O3,de-protonated,0,-9999,C21 H21 O3 N4 P1 S2,21,21,3,4,1,2,-9999,N/A,-9999,-9999,N/A,-9999
2032,471.073774,471.0737682462227,471.0734930500091,2329785.8,-9999,252535.4,20.15,-1,0.5841895536384892,0.939953998978598,0,0.5639723993871587,24,0.4444444444444444,0.18518518518518515,N4 O5,de-protonated,0,-9999,C27 H12 O5 N4,27,12,5,4,-9999,-9999,-9999,N/A,-9999,-9999,N/A,-9999
2033,471.085813,471.0858072557661,471.08591217892905,5405376,-9999,219691.5,48.87,-1,-0.2227261742248871,0.4955196365493494,0.7939170211058494,0.6148785903719494,13,1.0416666666666667,0.16666666666666666,S2 P1 O4,de-protonated,0,-9999,C24 H25 O4 P1 S2,24,25,4,-9999,1,2,-9999,N/A,-9999,-9999,N/A,-9999
2033,471.085813,471.0858072557661,471.08610888341906,5405376,-9999,219691.5,48.87,-1,-0.6402813567867554,0.4641563031861163,0.8684926696514785,0.6258908497722612,5,1.7142857142857142,0.7142857142857143,N4 S2 O10,de-protonated,0,-9999,C14 H24 O10 N4 S2,14,24,10,4,-9999,2,-9999,N/A,-9999,-9999,N/A,-9999
2034,471.101459,471.1014532681688,471.1011683202191,2390984,-9999,216123,20.72,-1,0.6048551116256771,0.9357724429655122,0,0.5614634657793073,17,0.8928571428571429,0.03571428571428571,S2 P1 O1,de-protonated,0,-9999,C28 H25 O1 P1 S2,28,25,1,-9999,1,2,-9999,N/A,-9999,-9999,N/A,-9999
2034,471.101459,471.1014532681688,471.1016363508691,2390984,-9999,216123,20.72,-1,-0.3886267551674315,0.972967759925421,0,0.5837806559552525,23,0.6071428571428571,0.07142857142857142,N4 P1 O2,de-protonated,0,-9999,C28 H17 O2 N4 P1,28,17,2,4,1,-9999,-9999,N/A,-9999,-9999,N/A,-9999
2034,471.101459,471.1014532681688,471.1013650247091,2390984,-9999,216123,20.72,-1,0.1873131056163888,0.9936538774230655,0,0.5961923264538393,9,1.3333333333333333,0.3888888888888889,N4 S2 O7,de-protonated,0,-9999,C18 H24 O7 N4 S2,18,24,7,4,-9999,2,-9999,N/A,-9999,-9999,N/A,-9999
2035,471.114209,471.1142032782759,471.1144143756091,3159246.5,-9999,288793.2,27.89,-1,-0.44808082018066375,0.964224991522758,0,0.5785349949136547,9,1.2,0.65,O13,de-protonated,0,-9999,C20 H24 O13,20,24,13,-9999,-9999,-9999,-9999,N/A,-9999,-9999,N/A,-9999
2035,471.114209,471.1142032782759,471.1139013113591,3159246.5,-9999,288793.2,27.89,-1,0.6409637159548043,0.46408267758165833,0.7369636471990462,0.5732350654286135,27,0.48484848484848486,0.06060606060606061,N2 O2,de-protonated,0,-9999,C33 H16 O2 N2,33,16,2,2,-9999,-9999,-9999,N/A,-9999,-9999,N/A,-9999
2035,471.114209,471.1142032782759,471.11425218427905,3159246.5,-9999,288793.2,27.89,-1,-0.10380922019948027,0.998046555149254,0,0.5988279330895524,4,1.9333333333333331,0.4666666666666667,N4 S2 P1 O7,de-protonated,0,-9999,C15 H29 O7 N4 P1 S2,15,29,7,4,1,2,-9999,N/A,-9999,-9999,N/A,-9999
2036,471.122349,471.1223432847285,471.1222976882792,7703250.5,-9999,233481.8,70.33,-1,0.09678261796929152,0.9900095972383408,0.981463210874436,0.9865910426927788,12,1.16,0.12,S2 P1 O3,de-protonated,0,-9999,C25 H29 O3 P1 S2,25,29,3,-9999,1,2,-9999,N/A,-9999,-9999,N/A,-9999
2036,471.122349,471.1223432847285,471.1227657189291,7703250.5,-9999,233481.8,70.33,-1,-0.8966541872119498,0.8927446595831483,0.981463210874436,0.9282320800996632,18,0.84,0.16,N4 P1 O4,de-protonated,0,-9999,C25 H21 O4 N4 P1,25,21,4,4,1,-9999,-9999,N/A,-9999,-9999,N/A,-9999
2036,471.122349,471.1223432847285,471.1224943927692,7703250.5,-9999,233481.8,70.33,-1,-0.32074044957076114,0.9898873271393576,0.9452841441854584,0.9720460539577978,4,1.8666666666666667,0.6,N4 S2 O9,de-protonated,0,-9999,C15 H28 O9 N4 S2,15,28,9,4,-9999,2,-9999,N/A,-9999,-9999,N/A,-9999
2037,471.137625,471.1376192968379,471.1380218602191,2601690.5,-9999,255824.2,22.68,-1,-0.8544489353003155,0.4379634678890653,0.7612342259156645,0.5672717710997051,22,0.7241379310344828,0.03448275862068965,N4 P1 O1,de-protonated,0,-9999,C29 H21 O1 N4 P1,29,21,1,4,1,-9999,-9999,N/A,-9999,-9999,N/A,-9999
2037,471.137625,471.1376192968379,471.13775053405914,2601690.5,-9999,255824.2,22.68,-1,-0.2785538221762878,0.9860196372162688,0,0.5916117823297613,8,1.4736842105263157,0.3157894736842105,N4 S2 O6,de-protonated,0,-9999,C19 H28 O6 N4 S2,19,28,6,4,-9999,2,-9999,N/A,-9999,-9999,N/A,-9999
2038,471.149269,471.1492633060683,471.1496353720291,2308576.8,-9999,370718.3,19.95,-1,-0.7896980764837551,0.8930117113844774,0,0.5358070268306865,17,0.9230769230769232,0.1153846153846154,N4 S1 O3,de-protonated,0,-9999,C26 H24 O3 N4 S1,26,24,3,4,-9999,1,-9999,N/A,-9999,-9999,N/A,-9999
2039,471.150756,471.150750307247,471.1507998849591,3863265.5,-9999,203732.4,34.47,-1,-0.10522684481628863,0.4989964460454732,0.8149093904448101,0.625361623805208,8,1.3333333333333333,0.5714285714285714,O12,de-protonated,0,-9999,C21 H28 O12,21,28,12,-9999,-9999,-9999,-9999,N/A,-9999,-9999,N/A,-9999
2039,471.150756,471.150750307247,471.1502868207091,3863265.5,-9999,203732.4,34.47,-1,0.9837339610633824,0.41947935295856525,0.7311359101322861,0.5441419758280536,26,0.5882352941176471,0.02941176470588235,N2 O1,de-protonated,0,-9999,C34 H20 O1 N2,34,20,1,2,-9999,-9999,-9999,N/A,-9999,-9999,N/A,-9999
2039,471.150756,471.150750307247,471.1506376936291,3863265.5,-9999,203732.4,34.47,-1,0.23901828603713937,0.9896874265498504,0,0.5938124559299103,3,2.0625,0.375,N4 S2 P1 O6,de-protonated,0,-9999,C16 H33 O6 N4 P1 S2,16,33,6,4,1,2,-9999,N/A,-9999,-9999,N/A,-9999
2040,471.157113,471.15710731228626,471.15702942734913,2760420.8,-9999,409181.8,24.17,-1,0.16530568847057137,0.4975270052063463,0.7675537279851021,0.6055376943178487,16,1,0.03571428571428571,N2 S2 O1,de-protonated,0,-9999,C28 H28 O1 N2 S2,28,28,1,2,-9999,2,-9999,N/A,-9999,-9999,N/A,-9999
2040,471.157113,471.15710731228626,471.1571623690791,2760420.8,-9999,409181.8,24.17,-1,-0.11685441134556732,0.9975253935338908,0,0.5985152361203344,3,1.9411764705882353,0.5294117647058824,N2 S1 P1 O9,de-protonated,0,-9999,C17 H33 O9 N2 P1 S1,17,33,9,2,1,1,-9999,N/A,-9999,-9999,N/A,-9999
2041,471.158666,471.1586603135173,471.1586831976291,5987045.5,-9999,275210.5,54.3,-1,-0.04856986107241357,0.499786024224034,0.7805128205128199,0.6120767427395484,11,1.2692307692307692,0.07692307692307693,S2 P1 O2,de-protonated,0,-9999,C26 H33 O2 P1 S2,26,33,2,-9999,1,2,-9999,N/A,-9999,-9999,N/A,-9999
2041,471.158666,471.1586603135173,471.15887990211905,5987045.5,-9999,275210.5,54.3,-1,-0.4660606243549096,0.4806768306912075,0.8524773804394659,0.6293970505905109,3,2,0.5,N4 S2 O8,de-protonated,0,-9999,C16 H32 O8 N4 S2,16,32,8,4,-9999,2,-9999,N/A,-9999,-9999,N/A,-9999
2042,471.17386,471.17385432556176,471.1741360434091,2063597.3,-9999,211667,17.66,-1,-0.5979060091897045,0.9371926822946952,0,0.5623156093768171,7,1.6,0.25,N4 S2 O5,de-protonated,0,-9999,C20 H32 O5 N4 S2,20,32,5,4,-9999,2,-9999,N/A,-9999,-9999,N/A,-9999
2043,471.187105,471.1870993360612,471.1871853943091,2765556.3,-9999,302221.9,24.21,-1,-0.18264131662299227,0.9939655427595512,0,0.5963793256557307,7,1.4545454545454546,0.5,O11,de-protonated,0,-9999,C22 H32 O11,22,32,11,-9999,-9999,-9999,-9999,N/A,-9999,-9999,N/A,-9999
2043,471.187105,471.1870993360612,471.18702320297905,2765556.3,-9999,302221.9,24.21,-1,0.1615772047676902,0.995274086546048,0,0.5971644519276288,2,2.176470588235294,0.29411764705882354,N4 S2 P1 O5,de-protonated,0,-9999,C17 H37 O5 N4 P1 S2,17,37,5,4,1,2,-9999,N/A,-9999,-9999,N/A,-9999
2044,471.195039,471.19503334235054,471.19506870697904,2647544.3,-9999,250248.8,23.11,-1,-0.07505305307865609,0.499489214413275,0.7739790330151771,0.6092851418540358,10,1.3703703703703705,0.03703703703703703,S2 P1 O1,de-protonated,0,-9999,C27 H37 O1 P1 S2,27,37,1,-9999,1,2,-9999,N/A,-9999,-9999,N/A,-9999
2044,471.195039,471.19503334235054,471.19526541146905,2647544.3,-9999,250248.8,23.11,-1,-0.4925115669569119,0.9569409618677645,0,0.5741645771206586,2,2.1176470588235294,0.4117647058823529,N4 S2 O7,de-protonated,0,-9999,C17 H36 O7 N4 S2,17,36,7,4,-9999,2,-9999,N/A,-9999,-9999,N/A,-9999
2045,471.208145,471.20813935273975,471.208314762369,2043135,-9999,368456.2,17.47,-1,-0.37225495354347743,0.9751694531584784,0,0.5851016718950871,2,1.894736842105263,0.6842105263157895,O13,de-protonated,0,-9999,C19 H36 O13,19,36,13,-9999,-9999,-9999,-9999,N/A,-9999,-9999,N/A,-9999
2045,471.208145,471.20813935273975,471.2078016981191,2043135,-9999,368456.2,17.47,-1,0.7165726446379167,0.911038965804214,0,0.5466233794825284,20,0.875,0.0625,N2 O2,de-protonated,0,-9999,C32 H28 O2 N2,32,28,2,2,-9999,-9999,-9999,N/A,-9999,-9999,N/A,-9999
2046,471.25267,471.2526643880352,471.2525835843891,2090774,-9999,341098.1,17.91,-1,0.1714656829480166,0.994679525577504,0,0.5968077153465023,4,1.8,0.08,S2 P1 O2,de-protonated,0,-9999,C25 H45 O2 P1 S2,25,45,2,-9999,1,2,-9999,N/A,-9999,-9999,N/A,-9999
2046,471.25267,471.2526643880352,471.25305161503906,2090774,-9999,341098.1,17.91,-1,-0.8216965440779398,0.8846957578927848,0,0.5308174547356709,10,1.48,0.12,N4 P1 O3,de-protonated,0,-9999,C25 H37 O3 N4 P1,25,37,3,4,1,-9999,-9999,N/A,-9999,-9999,N/A,-9999
2048,472.125808,472.1258030801791,472.1256525233492,1857754.4,-9999,348113.2,15.73,-1,0.318891441512192,0.9817173581514776,0.981463210874436,0.9816156992406608,12,1.2083333333333333,0.125,13C1 S2 P1 O3,de-protonated,1,2036,C24 H29 O3 P1 S2 13C1,24,29,3,-9999,1,2,1,N/A,-9999,-9999,N/A,-9999
2048,472.125808,472.1258030801791,472.1257888689691,1857754.4,-9999,348113.2,15.73,-1,0.03010047390254713,0.999835614011994,0,0.5999013684071964,12,1.125,0.20833333333333337,N1 S2 O5,de-protonated,0,-9999,C24 H27 O5 N1 S2,24,27,5,1,-9999,2,-9999,N/A,-9999,-9999,N/A,-9999
2048,472.125808,472.1258030801791,472.1254087464491,1857754.4,-9999,348113.2,15.73,-1,0.835230899782447,0.8811031852088318,0,0.528661911125299,17,0.9230769230769232,0.07692307692307693,N3 S1 P1 O2,de-protonated,0,-9999,C26 H24 O2 N3 P1 S1,26,24,2,3,1,1,-9999,N/A,-9999,-9999,N/A,-9999
2048,472.125808,472.1258030801791,472.1261205539991,1857754.4,-9999,348113.2,15.73,-1,-0.6724343479368364,0.9212302435857505,0.981463210874436,0.9453234305012246,18,0.875,0.16666666666666666,13C1 N4 P1 O4,de-protonated,1,2036,C24 H21 O4 N4 P1 13C1,24,21,4,4,1,-9999,1,N/A,-9999,-9999,N/A,-9999
2048,472.125808,472.1258030801791,472.125849227839,1857754.4,-9999,348113.2,15.73,-1,-0.0977444045102534,0.998267946684753,0.9452841441854584,0.9770744256850352,4,2,0.6428571428571429,13C1 N4 S2 O9,de-protonated,1,2036,C14 H28 O9 N4 S2 13C1,14,28,9,4,-9999,2,1,N/A,-9999,-9999,N/A,-9999
2049,473.044014,473.0440098080488,473.0440473659791,1785272.8,-9999,304153.3,15.05,-1,-0.07939626445606764,0.9988568436951452,0,0.5993141062170871,18,0.7307692307692307,0.1153846153846154,S2 P1 O3,de-protonated,0,-9999,C26 H19 O3 P1 S2,26,19,3,-9999,1,2,-9999,N/A,-9999,-9999,N/A,-9999
2049,473.044014,473.0440098080488,473.0442440704691,1785272.8,-9999,304153.3,15.05,-1,-0.4952230647109505,0.9564760367795864,0,0.5738856220677517,10,1.125,0.5625,N4 S2 O9,de-protonated,0,-9999,C16 H18 O9 N4 S2,16,18,9,4,-9999,2,-9999,N/A,-9999,-9999,N/A,-9999
2050,473.053211,473.05320681533937,473.05362698498914,2541245.5,-9999,337245.3,22.11,-1,-0.8882072259959312,0.43331330676687674,0.7739790330151772,0.569579597266197,23,0.5185185185185185,0.03703703703703703,N4 S2 O1,de-protonated,0,-9999,C27 H14 O1 N4 S2,27,14,1,4,-9999,2,-9999,N/A,-9999,-9999,N/A,-9999
2050,473.053211,473.05320681533937,473.0527576051191,2541245.5,-9999,337245.3,22.11,-1,0.9495985660071724,0.8490653919960496,0,0.5094392351976297,24,0.38461538461538464,0.2307692307692308,N4 O6,de-protonated,0,-9999,C26 H10 O6 N4,26,10,6,4,-9999,-9999,-9999,N/A,-9999,-9999,N/A,-9999
2051,473.064965,473.0649608246569,473.065176734039,1655491.8,-9999,259237.6,13.84,-1,-0.45640514837303464,0.9629085953414992,0,0.5777451572048996,13,1,0.21739130434782608,S2 P1 O5,de-protonated,0,-9999,C23 H23 O5 P1 S2,23,23,5,-9999,1,2,-9999,N/A,-9999,-9999,N/A,-9999
2051,473.064965,473.0649608246569,473.06537343852904,1655491.8,-9999,259237.6,13.84,-1,-0.872213219045603,0.8710654525048077,0,0.5226392715028846,5,1.6923076923076923,0.8461538461538461,N4 S2 O11,de-protonated,0,-9999,C13 H22 O11 N4 S2,13,22,11,4,-9999,2,-9999,N/A,-9999,-9999,N/A,-9999
2052,473.07135,473.0713458297183,473.0710499608091,2001863.1,-9999,302858.9,17.07,-1,0.6254217189116574,0.9314860398555516,0,0.5588916239133308,4,1.6875,0.625,S2 P1 O10,de-protonated,0,-9999,C16 H27 O10 P1 S2,16,27,10,-9999,1,2,-9999,N/A,-9999,-9999,N/A,-9999
2052,473.07135,473.0713458297183,473.07138504972914,2001863.1,-9999,302858.9,17.07,-1,-0.0829050584307485,0.9987536354085892,0,0.5992521812451536,23,0.5185185185185185,0.1111111111111111,N4 S1 O3,de-protonated,0,-9999,C27 H14 O3 N4 S1,27,14,3,4,-9999,1,-9999,N/A,-9999,-9999,N/A,-9999
2052,473.07135,473.0713458297183,473.0715179914591,2001863.1,-9999,302858.9,17.07,-1,-0.3639232847513165,0.9762553550312756,0,0.5857532130187654,10,1.1875,0.6875,N4 P1 O11,de-protonated,0,-9999,C16 H19 O11 N4 P1,16,19,11,4,1,-9999,-9999,N/A,-9999,-9999,N/A,-9999
2053,473.072292,473.0722878304651,473.0725495626591,1985223.6,-9999,283154,16.92,-1,-0.5532601590627546,0.945973367666947,0,0.5675840206001681,14,0.8181818181818182,0.5454545454545454,O12,de-protonated,0,-9999,C22 H18 O12,22,18,12,-9999,-9999,-9999,-9999,N/A,-9999,-9999,N/A,-9999
2053,473.072292,473.0722878304651,473.07238737132906,1985223.6,-9999,283154,16.92,-1,-0.2104135997539891,0.99199874392643,0,0.595199246355858,9,1.3529411764705883,0.35294117647058826,N4 S2 P1 O6,de-protonated,0,-9999,C17 H23 O6 N4 P1 S2,17,23,6,4,1,2,-9999,N/A,-9999,-9999,N/A,-9999
2054,473.080469,473.08046483694704,473.08043287532905,3632844,-9999,218716.5,32.31,-1,0.06756064248520839,0.49958606557798585,0.7739790330151771,0.6093432525528624,17,0.8518518518518519,0.07407407407407407,S2 P1 O2,de-protonated,0,-9999,C27 H23 O2 P1 S2,27,23,2,-9999,1,2,-9999,N/A,-9999,-9999,N/A,-9999
2054,473.080469,473.08046483694704,473.0809009059791,3632844,-9999,218716.5,32.31,-1,-0.9217641872033412,0.4285641196100526,0.7739790330151771,0.5667300849721024,23,0.5555555555555556,0.1111111111111111,N4 P1 O3,de-protonated,0,-9999,C27 H15 O3 N4 P1,27,15,3,4,1,-9999,-9999,N/A,-9999,-9999,N/A,-9999
2054,473.080469,473.08046483694704,473.080629579819,3632844,-9999,218716.5,32.31,-1,-0.3482342367423815,0.9782365637036912,0,0.5869419382222147,9,1.2941176470588236,0.4705882352941176,N4 S2 O8,de-protonated,0,-9999,C17 H22 O8 N4 S2,17,22,8,4,-9999,2,-9999,N/A,-9999,-9999,N/A,-9999
2055,473.087792,473.0877878427521,473.0878057039491,1646287.8,-9999,436733.3,13.75,-1,-0.03775450731849262,0.999741395974114,0,0.5998448375844684,18,0.6923076923076923,0.34615384615384615,O9,de-protonated,0,-9999,C26 H18 O9,26,18,9,-9999,-9999,-9999,-9999,N/A,-9999,-9999,N/A,-9999
2055,473.087792,473.0877878427521,473.0876435126191,1646287.8,-9999,436733.3,13.75,-1,0.3050811724800673,0.9832535573658088,0,0.5899521344194854,13,1.0952380952380951,0.14285714285714285,N4 S2 P1 O3,de-protonated,0,-9999,C21 H23 O3 N4 P1 S2,21,23,3,4,1,2,-9999,N/A,-9999,-9999,N/A,-9999
2056,473.089507,473.0895028441115,473.0891431144691,2741200.5,-9999,215150,23.98,-1,0.7603844808199798,0.45020240467451533,0.7739790330151771,0.57971305601078,23,0.5185185185185185,0.18518518518518515,N4 O5,de-protonated,0,-9999,C27 H14 O5 N4,27,14,5,4,-9999,-9999,-9999,N/A,-9999,-9999,N/A,-9999
2057,473.093362,473.09335784716745,473.0936789307191,1732050.6,-9999,361156.6,14.55,-1,-0.678689160149726,0.9198186866368604,0,0.5518912119821162,9,1.1578947368421053,0.7368421052631579,O14,de-protonated,0,-9999,C19 H22 O14,19,22,14,-9999,-9999,-9999,-9999,N/A,-9999,-9999,N/A,-9999
2057,473.093362,473.09335784716745,473.09316586646906,1732050.6,-9999,361156.6,14.55,-1,0.4057989255406038,0.9705623264957688,0,0.5823373958974614,27,0.4375,0.09375,N2 O3,de-protonated,0,-9999,C32 H14 O3 N2,32,14,3,2,-9999,-9999,-9999,N/A,-9999,-9999,N/A,-9999
2057,473.093362,473.09335784716745,473.09351673938903,1732050.6,-9999,361156.6,14.55,-1,-0.3358579561024029,0.9797405231823544,0,0.5878443139094127,4,1.9285714285714288,0.5714285714285714,N4 S2 P1 O8,de-protonated,0,-9999,C14 H27 O8 N4 P1 S2,14,27,8,4,1,2,-9999,N/A,-9999,-9999,N/A,-9999
2058,473.100034,473.1000298524564,473.0999084731091,1989334.1,-9999,423594.8,16.96,-1,0.25656176441613565,0.9881273752243324,0,0.5928764251345994,17,0.8461538461538461,0.1153846153846154,N2 S2 O3,de-protonated,0,-9999,C26 H22 O3 N2 S2,26,22,3,2,-9999,2,-9999,N/A,-9999,-9999,N/A,-9999
2058,473.100034,473.1000298524564,473.1000414148391,1989334.1,-9999,423594.8,16.96,-1,-0.02443961469454228,0.999891627522014,0,0.5999349765132085,4,1.8,0.7333333333333333,N2 S1 P1 O11,de-protonated,0,-9999,C15 H27 O11 N2 P1 S1,15,27,11,2,1,1,-9999,N/A,-9999,-9999,N/A,-9999
2059,473.101533,473.10152885364465,473.1015622433891,3334358.8,-9999,237669.6,29.52,-1,-0.07057627176783883,0.4995483052781834,0.7939170211058493,0.6172957916092499,12,1.125,0.16666666666666666,S2 P1 O4,de-protonated,0,-9999,C24 H27 O4 P1 S2,24,27,4,-9999,1,2,-9999,N/A,-9999,-9999,N/A,-9999
2059,473.101533,473.10152885364465,473.1017589478791,3334358.8,-9999,237669.6,29.52,-1,-0.4863525237166629,0.9579883609491646,0,0.5747930165694988,4,1.8571428571428572,0.7142857142857143,N4 S2 O10,de-protonated,0,-9999,C14 H26 O10 N4 S2,14,26,10,4,-9999,2,-9999,N/A,-9999,-9999,N/A,-9999
2060,473.107829,473.1078248586355,473.10743547015903,1469658.3,-9999,303470.5,12.1,-1,0.823044508072668,0.8843399330663737,0,0.5306039598398242,3,1.8235294117647056,0.5294117647058824,S2 P1 O9,de-protonated,0,-9999,C17 H31 O9 P1 S2,17,31,9,-9999,1,2,-9999,N/A,-9999,-9999,N/A,-9999
2060,473.107829,473.1078248586355,473.1082836233291,1469658.3,-9999,303470.5,12.1,-1,-0.9696822259433042,0.8431476167402712,0,0.5058885700441627,4,1.7333333333333334,0.8666666666666667,N2 S1 O13,de-protonated,0,-9999,C15 H26 O13 N2 S1,15,26,13,2,-9999,1,-9999,N/A,-9999,-9999,N/A,-9999
2060,473.107829,473.1078248586355,473.10777055907914,1469658.3,-9999,303470.5,12.1,-1,0.11477206624138458,0.9976126982494314,0,0.5985676189496588,22,0.6428571428571429,0.07142857142857142,N4 S1 O2,de-protonated,0,-9999,C28 H18 O2 N4 S1,28,18,2,4,-9999,1,-9999,N/A,-9999,-9999,N/A,-9999
2060,473.107829,473.1078248586355,473.1079035008091,1469658.3,-9999,303470.5,12.1,-1,-0.16622460323837207,0.9949990073432304,0,0.5969994044059381,9,1.3529411764705883,0.5882352941176471,N4 P1 O10,de-protonated,0,-9999,C17 H23 O10 N4 P1,17,23,10,4,1,-9999,-9999,N/A,-9999,-9999,N/A,-9999
2061,473.115422,473.1154178646546,473.1156776786491,2205406.3,-9999,408536.3,18.97,-1,-0.5491553265876954,0.9467504227252552,0,0.5680502536351532,3,1.7647058823529411,0.6470588235294118,S2 O11,de-protonated,0,-9999,C17 H30 O11 S2,17,30,11,-9999,-9999,2,-9999,N/A,-9999,-9999,N/A,-9999
2061,473.115422,473.1154178646546,473.11529755612906,2205406.3,-9999,408536.3,18.97,-1,0.2542900771964056,0.9883354675112772,0,0.5930012805067664,8,1.4210526315789471,0.42105263157894735,N2 S1 P1 O8,de-protonated,0,-9999,C19 H27 O8 N2 P1 S1,19,27,8,2,1,1,-9999,N/A,-9999,-9999,N/A,-9999
2062,473.116706,473.1167018656725,473.1168183846791,4102878.8,-9999,285617.5,36.69,-1,-0.24627957015991203,0.4945274091532797,0.7675537279851021,0.6037379366860087,16,0.9642857142857144,0.03571428571428571,S2 P1 O1,de-protonated,0,-9999,C28 H27 O1 P1 S2,28,27,1,-9999,1,2,-9999,N/A,-9999,-9999,N/A,-9999
2062,473.116706,473.1167018656725,473.1170150891691,4102878.8,-9999,285617.5,36.69,-1,-0.6620423419280005,0.4617756318956189,0.8370420509349343,0.611882199511345,8,1.4444444444444444,0.3888888888888889,N4 S2 O7,de-protonated,0,-9999,C18 H26 O7 N4 S2,18,26,7,4,-9999,2,-9999,N/A,-9999,-9999,N/A,-9999
2063,473.129923,473.1299188761497,473.130064440069,3605733.8,-9999,229609,32.05,-1,-0.3076615297049554,0.4914857572754096,0.8221557383861047,0.6237537497196877,8,1.3,0.65,O13,de-protonated,0,-9999,C20 H26 O13,20,26,13,-9999,-9999,-9999,-9999,N/A,-9999,-9999,N/A,-9999
2063,473.129923,473.1299188761497,473.1295513758191,3605733.8,-9999,229609,32.05,-1,0.7767435567223997,0.44815294183733545,0.7369636471990462,0.5636772239820198,26,0.5454545454545454,0.06060606060606061,N2 O2,de-protonated,0,-9999,C33 H18 O2 N2,33,18,2,2,-9999,-9999,-9999,N/A,-9999,-9999,N/A,-9999
2063,473.129923,473.1299188761497,473.1299022487391,3605733.8,-9999,229609,32.05,-1,0.03514343625396257,0.9997759248923388,0,0.5998655549354033,3,2.066666666666667,0.4666666666666667,N4 S2 P1 O7,de-protonated,0,-9999,C15 H31 O7 N4 P1 S2,15,31,7,4,1,2,-9999,N/A,-9999,-9999,N/A,-9999
2064,473.138038,473.1380338825825,473.1379477527391,3165930,-9999,255106.3,27.94,-1,0.18203960135760835,0.49700255965202034,0.7871578612348809,0.6130646802851645,11,1.24,0.12,S2 P1 O3,de-protonated,0,-9999,C25 H31 O3 P1 S2,25,31,3,-9999,1,2,-9999,N/A,-9999,-9999,N/A,-9999
2064,473.138038,473.1380338825825,473.13841578338906,3165930,-9999,255106.3,27.94,-1,-0.8071650786486768,0.4442517798016893,0.7871578612348809,0.5814142123749659,17,0.92,0.16,N4 P1 O4,de-protonated,0,-9999,C25 H23 O4 N4 P1,25,23,4,4,1,-9999,-9999,N/A,-9999,-9999,N/A,-9999
2064,473.138038,473.1380338825825,473.1381444572291,3165930,-9999,255106.3,27.94,-1,-0.23370478137880285,0.9901385949913172,0,0.5940831569947902,3,2,0.6,N4 S2 O9,de-protonated,0,-9999,C15 H30 O9 N4 S2,15,30,9,4,-9999,2,-9999,N/A,-9999,-9999,N/A,-9999
2065,473.15164,473.15163589336487,473.1520631879991,4766961,-9999,397774.1,42.9,-1,-0.9030809912191372,0.9151307230365208,0.893192645689972,0.9063554920979012,2,1.8888888888888888,0.5555555555555556,S2 O10,de-protonated,0,-9999,C18 H34 O10 S2,18,34,10,-9999,-9999,2,-9999,N/A,-9999,-9999,N/A,-9999
2065,473.15164,473.15163589336487,473.1511938081291,4766961,-9999,397774.1,42.9,-1,0.9343424291146192,0.4267524752624719,0.8446892076502734,0.5939271682175926,3,1.7647058823529411,0.8823529411764706,O15,de-protonated,0,-9999,C17 H30 O15,17,30,15,-9999,-9999,-9999,-9999,N/A,-9999,-9999,N/A,-9999
2065,473.15164,473.15163589336487,473.1516830654791,4766961,-9999,397774.1,42.9,-1,-0.09969765709105072,0.9863648490748956,0.9080789582388018,0.9550504927404582,7,1.55,0.35,N2 S1 P1 O7,de-protonated,0,-9999,C20 H31 O7 N2 P1 S1,20,31,7,2,1,1,-9999,N/A,-9999,-9999,N/A,-9999
2066,473.153008,473.15300389444934,473.15340059851906,10183410,-9999,221532.9,93.48,-1,-0.8384259084115239,0.6071876924017894,0.9309001147828634,0.7366726613542189,7,1.5789473684210529,0.3157894736842105,N4 S2 O6,de-protonated,0,-9999,C19 H30 O6 N4 S2,19,30,6,4,-9999,2,-9999,N/A,-9999,-9999,N/A,-9999
2066,473.153008,473.15300389444934,473.1525312186491,10183410,-9999,221532.9,93.48,-1,0.9989924370691438,0.4171829563600606,0.8370420509349343,0.5851265941900101,8,1.4444444444444444,0.6111111111111112,N4 O11,de-protonated,0,-9999,C18 H26 O11 N4,18,26,11,4,-9999,-9999,-9999,N/A,-9999,-9999,N/A,-9999
2067,473.166164,473.16615990487816,473.1664499494191,3537656.8,-9999,202108.4,31.42,-1,-0.6129862777658768,0.46704628288392885,0.8149093904448101,0.6061915259082813,7,1.4285714285714286,0.5714285714285714,O12,de-protonated,0,-9999,C21 H30 O12,21,30,12,-9999,-9999,-9999,-9999,N/A,-9999,-9999,N/A,-9999
2067,473.166164,473.16615990487816,473.1659368851691,3537656.8,-9999,202108.4,31.42,-1,0.471335089140074,0.48024579465232986,0.7311359101322861,0.5806018408443123,25,0.6470588235294118,0.02941176470588235,N2 O1,de-protonated,0,-9999,C34 H22 O1 N2,34,22,1,2,-9999,-9999,-9999,N/A,-9999,-9999,N/A,-9999
2067,473.166164,473.16615990487816,473.16628775808914,3537656.8,-9999,202108.4,31.42,-1,-0.27020777745898233,0.9868393926087974,0,0.5921036355652785,2,2.1875,0.375,N4 S2 P1 O6,de-protonated,0,-9999,C16 H35 O6 N4 P1 S2,16,35,6,4,1,2,-9999,N/A,-9999,-9999,N/A,-9999
2068,473.173917,473.1739129110241,473.17433326208914,2056444.8,-9999,286201.4,17.58,-1,-0.888364045727992,0.8665828050506805,0,0.5199496830304083,10,1.3461538461538465,0.07692307692307693,S2 P1 O2,de-protonated,0,-9999,C26 H35 O2 P1 S2,26,35,2,-9999,1,2,-9999,N/A,-9999,-9999,N/A,-9999
2068,473.173917,473.1739129110241,473.1734638822191,2056444.8,-9999,286201.4,17.58,-1,0.948972922791856,0.8492484106951969,0,0.5095490464171181,11,1.24,0.28,P1 O7,de-protonated,0,-9999,C25 H31 O7 P1,25,31,7,-9999,1,-9999,-9999,N/A,-9999,-9999,N/A,-9999
2068,473.173917,473.1739129110241,473.1736605867091,2056444.8,-9999,286201.4,17.58,-1,0.5332594267537488,0.9497107945772266,0,0.5698264767463359,3,2,0.8666666666666667,N4 O13,de-protonated,0,-9999,C15 H30 O13 N4,15,30,13,4,-9999,-9999,-9999,N/A,-9999,-9999,N/A,-9999
2069,473.189603,473.1895989234585,473.1897861078691,3600133,-9999,293149.7,32,-1,-0.39557998959100665,0.4860027915467224,0.8221557383861047,0.6204639702824752,6,1.7,0.25,N4 S2 O5,de-protonated,0,-9999,C20 H34 O5 N4 S2,20,34,5,4,-9999,2,-9999,N/A,-9999,-9999,N/A,-9999
2070,473.202617,473.2026129337748,473.2028354587691,1602315.8,-9999,239149.1,13.34,-1,-0.4702528759566391,0.9606691967894028,0,0.5764015180736417,6,1.5454545454545454,0.5,O11,de-protonated,0,-9999,C22 H34 O11,22,34,11,-9999,-9999,-9999,-9999,N/A,-9999,-9999,N/A,-9999
2070,473.202617,473.2026129337748,473.2026732674391,1602315.8,-9999,239149.1,13.34,-1,-0.12750068353866317,0.9970546392770312,0,0.5982327835662188,1,2.2941176470588234,0.29411764705882354,N4 S2 P1 O5,de-protonated,0,-9999,C17 H39 O5 N4 P1 S2,17,39,5,4,1,2,-9999,N/A,-9999,-9999,N/A,-9999
2071,473.284177,473.2841729984281,473.28433794330914,3268406.5,-9999,384685.3,28.9,-1,-0.3485111756244373,0.4891011573410365,0.7739790330151771,0.6030523076106927,8,1.5555555555555556,0.1111111111111111,N2 S1 O3,de-protonated,0,-9999,C27 H42 O3 N2 S1,27,42,3,2,-9999,1,-9999,N/A,-9999,-9999,N/A,-9999
2072,473.286045,473.2860409999089,473.28599171358906,1804599.4,-9999,418956.4,15.23,-1,0.1041364432899888,0.9980342327363478,0,0.5988205396418087,3,1.88,0.16,S1 P1 O4,de-protonated,0,-9999,C25 H47 O4 P1 S1,25,47,4,-9999,1,1,-9999,N/A,-9999,-9999,N/A,-9999
2074,473.290604,473.29060000352285,473.2908626187591,40822584,-9999,302752.6,379.63,-1,-0.5548707084372789,0.621388123709106,0.9454105883340088,0.7509971095590671,8,1.5,0.21428571428571427,O6,de-protonated,0,-9999,C28 H42 O6,28,42,6,-9999,-9999,-9999,-9999,N/A,-9999,-9999,N/A,-9999
2075,474.15522,474.15521668891137,474.1554180230691,1761023.8,-9999,411526.1,14.82,-1,-0.42461638121978507,0.9678143187170452,0.893192645689972,0.937965649506216,2,2,0.5882352941176471,13C1 S2 O10,de-protonated,1,2065,C17 H34 O10 S2 13C1,17,34,10,-9999,-9999,2,1,N/A,-9999,-9999,N/A,-9999
2075,474.15522,474.15521668891137,474.15503790054913,1761023.8,-9999,411526.1,14.82,-1,0.37706730487522955,0.9745316042689732,0.9080789582388018,0.9479505458569046,7,1.631578947368421,0.3684210526315789,13C1 N2 S1 P1 O7,de-protonated,1,2065,C19 H31 O7 N2 P1 S1 13C1,19,31,7,2,1,1,1,N/A,-9999,-9999,N/A,-9999
2075,474.15522,474.15521668891137,474.1551742461691,1761023.8,-9999,411526.1,14.82,-1,0.08951234650833652,0.9985472059551598,0,0.5991283235730959,7,1.5263157894736843,0.47368421052631576,N3 S1 O9,de-protonated,0,-9999,C19 H29 O9 N3 S1,19,29,9,3,-9999,1,-9999,N/A,-9999,-9999,N/A,-9999
2076,474.156485,474.1564816899142,474.1566950747191,2639616.5,-9999,256023.9,23.02,-1,-0.45003014243732614,0.48195937048791726,0.7675537279851021,0.5961971134867912,15,1.0357142857142858,0.07142857142857142,N1 S2 O2,de-protonated,0,-9999,C28 H29 O2 N1 S2,28,29,2,1,-9999,2,-9999,N/A,-9999,-9999,N/A,-9999
2076,474.156485,474.1564816899142,474.1568280164491,2639616.5,-9999,256023.9,23.02,-1,-0.7304050358215102,0.9077363238389728,0,0.5446417943033837,2,2,0.5882352941176471,N1 S1 P1 O10,de-protonated,0,-9999,C17 H34 O10 N1 P1 S1,17,34,10,1,1,1,-9999,N/A,-9999,-9999,N/A,-9999
2076,474.156485,474.1564816899142,474.1567554335891,2639616.5,-9999,256023.9,23.02,-1,-0.5773273750892941,0.6275429231471716,0.9309001147828634,0.7488857998014483,7,1.6666666666666667,0.3333333333333333,13C1 N4 S2 O6,de-protonated,1,2066,C18 H30 O6 N4 S2 13C1,18,30,6,4,-9999,2,1,N/A,-9999,-9999,N/A,-9999
2077,474.292357,474.292353797621,474.2924740750792,4592456,-9999,367417.9,41.26,-1,-0.25359343599163764,0.4941994597635032,0.8007932653391622,0.6168369819937668,3,2,0.13043478260869565,N3 S1 P1 O3,de-protonated,0,-9999,C23 H46 O3 N3 P1 S1,23,46,3,3,1,1,-9999,N/A,-9999,-9999,N/A,-9999
2078,474.293896,474.29389279884106,474.2942174538291,10401097,-9999,242873.1,95.51,-1,-0.6845012570288868,0.6123315264811938,0.9454105883340088,0.7455631512223198,8,1.5555555555555556,0.2222222222222222,13C1 O6,de-protonated,1,2074,C27 H42 O6 13C1,27,42,6,-9999,-9999,-9999,1,N/A,-9999,-9999,N/A,-9999
2079,475.051148,475.0511453991212,475.05078254656905,2420185,-9999,225304.9,20.97,-1,0.763818449468509,0.8995500880215813,0,0.5397300528129487,10,1.1333333333333333,0.8,N4 P1 O12,de-protonated,0,-9999,C15 H17 O12 N4 P1,15,17,12,4,1,-9999,-9999,N/A,-9999,-9999,N/A,-9999
2080,475.059478,475.0594754057244,475.05969743043914,3042525.3,-9999,198299.2,26.78,-1,-0.46736171460463866,0.48057091878623154,0.7805128205128199,0.6005476794768669,17,0.8076923076923077,0.1153846153846154,S2 P1 O3,de-protonated,0,-9999,C26 H21 O3 P1 S2,26,21,3,-9999,1,2,-9999,N/A,-9999,-9999,N/A,-9999
2080,475.059478,475.0594754057244,475.0598941349291,3042525.3,-9999,198299.2,26.78,-1,-0.8814240265462944,0.8685162413078671,0,0.5211097447847203,9,1.25,0.5625,N4 S2 O9,de-protonated,0,-9999,C16 H20 O9 N4 S2,16,20,9,4,-9999,2,-9999,N/A,-9999,-9999,N/A,-9999
2080,475.059478,475.0594754057244,475.05902475505906,3042525.3,-9999,198299.2,26.78,-1,0.9486203647838172,0.8493515083176965,0,0.5096109049906179,10,1.0666666666666669,0.9333333333333332,N4 O14,de-protonated,0,-9999,C15 H16 O14 N4,15,16,14,4,-9999,-9999,-9999,N/A,-9999,-9999,N/A,-9999
2081,475.068765,475.0687624130863,475.06840766957913,2897122.3,-9999,293648.1,25.42,-1,0.7467208962594604,0.4518877213762958,0.7805128205128198,0.5833377610309054,23,0.4615384615384616,0.2307692307692308,N4 O6,de-protonated,0,-9999,C26 H12 O6 N4,26,12,6,4,-9999,-9999,-9999,N/A,-9999,-9999,N/A,-9999
2082,475.085847,475.0858444266274,475.0856977036691,1583339.3,-9999,395403.7,13.15,-1,0.30883471968617465,0.9828425218761292,0,0.5897055131256775,17,0.7692307692307693,0.2692307692307692,S1 O7,de-protonated,0,-9999,C26 H20 O7 S1,26,20,7,-9999,-9999,1,-9999,N/A,-9999,-9999,N/A,-9999
2083,475.087465,475.08746242790994,475.0876865628691,2919532.3,-9999,203254.7,25.63,-1,-0.4717759805653478,0.4802095623851289,0.7253996187124169,0.578285584916044,31,0.34285714285714286,0.02857142857142857,N2 O1,de-protonated,0,-9999,C35 H12 O1 N2,35,12,1,2,-9999,-9999,-9999,N/A,-9999,-9999,N/A,-9999
2083,475.087465,475.08746242790994,475.08703511418906,2919532.3,-9999,203254.7,25.63,-1,0.8994430268430771,0.431736961726802,0.7739790330151771,0.5686337902421521,22,0.5925925925925926,0.1111111111111111,N4 S1 O3,de-protonated,0,-9999,C27 H16 O3 N4 S1,27,16,3,4,-9999,1,-9999,N/A,-9999,-9999,N/A,-9999
2083,475.087465,475.08746242790994,475.0871680559191,2919532.3,-9999,203254.7,25.63,-1,0.6196168000866608,0.9327083851755316,0,0.559625031105319,9,1.3125,0.6875,N4 P1 O11,de-protonated,0,-9999,C16 H21 O11 N4 P1,16,21,11,4,1,-9999,-9999,N/A,-9999,-9999,N/A,-9999
2084,475.09614,475.0961374347866,475.0960829397891,4925425,-9999,196753.1,44.37,-1,0.11470310857436376,0.9921357978741868,0.9943596283064978,0.9930253300471112,16,0.925925925925926,0.07407407407407407,S2 P1 O2,de-protonated,0,-9999,C27 H25 O2 P1 S2,27,25,2,-9999,1,2,-9999,N/A,-9999,-9999,N/A,-9999
2084,475.09614,475.0961374347866,475.09655097043907,4925425,-9999,196753.1,44.37,-1,-0.8704244464713198,0.4357791370148116,0.7739790330151771,0.5710590954149578,22,0.6296296296296297,0.1111111111111111,N4 P1 O3,de-protonated,0,-9999,C27 H17 O3 N4 P1,27,17,3,4,1,-9999,-9999,N/A,-9999,-9999,N/A,-9999
2084,475.09614,475.0961374347866,475.09627964427904,4925425,-9999,196753.1,44.37,-1,-0.29932773305097415,0.9510997754354734,0.9236494536714016,0.9401196467298446,8,1.411764705882353,0.4705882352941176,N4 S2 O8,de-protonated,0,-9999,C17 H24 O8 N4 S2,17,24,8,4,-9999,2,-9999,N/A,-9999,-9999,N/A,-9999
2085,475.104976,475.1049734417911,475.104793178929,1922293.5,-9999,310716.1,16.32,-1,0.3794170562649362,0.9742173352353708,0,0.5845304011412223,22,0.5925925925925926,0.18518518518518515,N4 O5,de-protonated,0,-9999,C27 H16 O5 N4,27,16,5,4,-9999,-9999,-9999,N/A,-9999,-9999,N/A,-9999
2086,475.109074,475.1090714450396,475.10932899517906,2011127.6,-9999,295295.8,17.15,-1,-0.5420860499549075,0.9480765619598314,0,0.5688459371758988,8,1.263157894736842,0.7368421052631579,O14,de-protonated,0,-9999,C19 H24 O14,19,24,14,-9999,-9999,-9999,-9999,N/A,-9999,-9999,N/A,-9999
2086,475.109074,475.1090714450396,475.1088159309291,2011127.6,-9999,295295.8,17.15,-1,0.5378012403445476,0.9488728854440808,0,0.5693237312664484,26,0.5,0.09375,N2 O3,de-protonated,0,-9999,C32 H16 O3 N2,32,16,3,2,-9999,-9999,-9999,N/A,-9999,-9999,N/A,-9999
2086,475.109074,475.1090714450396,475.10916680384906,2011127.6,-9999,295295.8,17.15,-1,-0.20070926036182177,0.9927171330696216,0,0.595630279841773,3,2.0714285714285716,0.5714285714285714,N4 S2 P1 O8,de-protonated,0,-9999,C14 H29 O8 N4 P1 S2,14,29,8,4,1,2,-9999,N/A,-9999,-9999,N/A,-9999
2087,475.132522,475.13251946362703,475.13246844913914,5838596,-9999,215292.8,52.89,-1,0.10736897872077084,0.9945646667654876,0.9984784623943944,0.9961301850170504,15,1.0357142857142858,0.03571428571428571,S2 P1 O1,de-protonated,0,-9999,C28 H29 O1 P1 S2,28,29,1,-9999,1,2,-9999,N/A,-9999,-9999,N/A,-9999
2087,475.132522,475.13251946362703,475.1329364797891,5838596,-9999,215292.8,52.89,-1,-0.8776831283866403,0.884715764870059,0.9984784623943944,0.9302208438797932,21,0.75,0.07142857142857142,N4 P1 O2,de-protonated,0,-9999,C28 H21 O2 N4 P1,28,21,2,4,1,-9999,-9999,N/A,-9999,-9999,N/A,-9999
2087,475.132522,475.13251946362703,475.13266515362915,5838596,-9999,215292.8,52.89,-1,-0.30663015363686785,0.9881862784459317,0.9320332146557736,0.9657250529298684,7,1.5555555555555556,0.3888888888888889,N4 S2 O7,de-protonated,0,-9999,C18 H28 O7 N4 S2,18,28,7,4,-9999,2,-9999,N/A,-9999,-9999,N/A,-9999
2089,475.145602,475.1455994739957,475.14571450452905,2946571,-9999,248636.5,25.89,-1,-0.2420952770234261,0.9894216189597428,0,0.5936529713758456,7,1.4,0.65,O13,de-protonated,0,-9999,C20 H28 O13,20,28,13,-9999,-9999,-9999,-9999,N/A,-9999,-9999,N/A,-9999
2089,475.145602,475.1455994739957,475.1452014402791,2946571,-9999,248636.5,25.89,-1,0.8377096419620842,0.4402202333616717,0.7369636471990461,0.5589175988966215,25,0.6060606060606061,0.06060606060606061,N2 O2,de-protonated,0,-9999,C33 H20 O2 N2,33,20,2,2,-9999,-9999,-9999,N/A,-9999,-9999,N/A,-9999
2089,475.145602,475.1455994739957,475.1455523131991,2946571,-9999,248636.5,25.89,-1,0.09925547303451022,0.998214027993592,0,0.5989284167961552,2,2.2,0.4666666666666667,N4 S2 P1 O7,de-protonated,0,-9999,C15 H33 O7 N4 P1 S2,15,33,7,4,1,2,-9999,N/A,-9999,-9999,N/A,-9999
2090,475.162638,475.16263548750027,475.1623080563391,2086164,-9999,364940.4,17.85,-1,0.6890932963664302,0.9174466656074408,0,0.5504679993644646,16,0.96,0.24,N4 O6,de-protonated,0,-9999,C25 H24 O6 N4,25,24,6,4,-9999,-9999,-9999,N/A,-9999,-9999,N/A,-9999
2091,475.164547,475.1645444890136,475.1643419491391,1514005,-9999,395867.1,12.51,-1,0.4262522596584616,0.96756991681825,0,0.5805419500909499,6,1.5238095238095235,0.47619047619047616,S1 O10,de-protonated,0,-9999,C21 H32 O10 S1,21,32,10,-9999,-9999,1,-9999,N/A,-9999,-9999,N/A,-9999
2091,475.164547,475.1645444890136,475.1648312064891,1514005,-9999,395867.1,12.51,-1,-0.6034063481056359,0.9360697132355282,0,0.5616418279413169,10,1.375,0.08333333333333333,N2 S2 P1 O2,de-protonated,0,-9999,C24 H33 O2 N2 P1 S2,24,33,2,2,1,2,-9999,N/A,-9999,-9999,N/A,-9999
2092,475.16724,475.1672374911483,475.1668438725891,8905494,-9999,414350.1,81.54,-1,0.828379682372374,0.8988642737824548,0.9431285935143052,0.916570001675195,2,1.8823529411764703,0.8823529411764706,O15,de-protonated,0,-9999,C17 H32 O15,17,32,15,-9999,-9999,-9999,-9999,N/A,-9999,-9999,N/A,-9999
2092,475.16724,475.1672374911483,475.1673331299391,8905494,-9999,414350.1,81.54,-1,-0.20127391792792457,0.9867341429790364,0.965662062778474,0.9783053108988116,6,1.65,0.35,N2 S1 P1 O7,de-protonated,0,-9999,C20 H33 O7 N2 P1 S1,20,33,7,2,1,1,-9999,N/A,-9999,-9999,N/A,-9999
2093,475.16884,475.1688374924166,475.1690506629791,20839192,-9999,266274,192.99,-1,-0.44862046920604864,0.6400366935100245,0.9309001147828634,0.75638206201916,6,1.6842105263157894,0.3157894736842105,N4 S2 O6,de-protonated,0,-9999,C19 H32 O6 N4 S2,19,32,6,4,-9999,2,-9999,N/A,-9999,-9999,N/A,-9999
2094,475.181807,475.1818045026957,475.1821000138791,2101534.3,-9999,301124,17.99,-1,-0.6218903940517487,0.9322308002110702,0,0.5593384801266421,6,1.5238095238095235,0.5714285714285714,O12,de-protonated,0,-9999,C21 H32 O12,21,32,12,-9999,-9999,-9999,-9999,N/A,-9999,-9999,N/A,-9999
2094,475.181807,475.1818045026957,475.1815869496291,2101534.3,-9999,301124,17.99,-1,0.4578314323739617,0.4813403980902318,0.731135910132286,0.5812586029070534,24,0.7058823529411765,0.02941176470588235,N2 O1,de-protonated,0,-9999,C34 H24 O1 N2,34,24,1,2,-9999,-9999,-9999,N/A,-9999,-9999,N/A,-9999
2094,475.181807,475.1818045026957,475.18193782254906,2101534.3,-9999,301124,17.99,-1,-0.28056591121001473,0.9858183820296323,0,0.5914910292177794,1,2.3125,0.375,N4 S2 P1 O6,de-protonated,0,-9999,C16 H37 O6 N4 P1 S2,16,37,6,4,1,2,-9999,N/A,-9999,-9999,N/A,-9999
2095,475.205234,475.20523152126646,475.20543617232914,3849514.5,-9999,227271.2,34.32,-1,-0.43065808408404693,0.4834536594930875,0.8221557383861046,0.6189344910502943,5,1.8,0.25,N4 S2 O5,de-protonated,0,-9999,C20 H36 O5 N4 S2,20,36,5,4,-9999,2,-9999,N/A,-9999,-9999,N/A,-9999
2096,475.241808,475.24180555025896,475.2418216816791,1781054,-9999,310540.2,15,-1,-0.03394360384348839,0.9997909624374968,0,0.5998745774624981,4,1.9047619047619049,0.1904761904761905,N4 S2 O4,de-protonated,0,-9999,C21 H40 O4 N4 S2,21,40,4,4,-9999,2,-9999,N/A,-9999,-9999,N/A,-9999
2097,475.306214,475.30621160131415,475.306512683219,2764128,-9999,246716.1,24.18,-1,-0.6334478844453554,0.46488993749414304,0.7675537279851021,0.5859554536905267,7,1.5714285714285714,0.21428571428571427,O6,de-protonated,0,-9999,C28 H44 O6,28,44,6,-9999,-9999,-9999,-9999,N/A,-9999,-9999,N/A,-9999
2098,476.09931,476.09930823000815,476.0994377748591,1485062,-9999,324037.8,12.23,-1,-0.27209620664920403,0.9866560330921847,0.9943596283064978,0.98973747117791,16,0.9615384615384616,0.07692307692307693,13C1 S2 P1 O2,de-protonated,1,2084,C26 H25 O2 P1 S2 13C1,26,25,2,-9999,1,2,1,N/A,-9999,-9999,N/A,-9999
2098,476.09931,476.09930823000815,476.099574120479,1485062,-9999,324037.8,12.23,-1,-0.5584765988547492,0.9449784653933352,0,0.5669870792360011,16,0.8846153846153846,0.15384615384615383,N1 S2 O4,de-protonated,0,-9999,C26 H23 O4 N1 S2,26,23,4,1,-9999,2,-9999,N/A,-9999,-9999,N/A,-9999
2098,476.09931,476.09930823000815,476.0997070622091,1485062,-9999,324037.8,12.23,-1,-0.8377073017600016,0.8804410930923249,0,0.528264655855395,3,1.8666666666666667,0.8,N1 S1 P1 O12,de-protonated,0,-9999,C15 H28 O12 N1 P1 S1,15,28,12,1,1,1,-9999,N/A,-9999,-9999,N/A,-9999
2098,476.09931,476.09930823000815,476.0991939979591,1485062,-9999,324037.8,12.23,-1,0.23993329642882985,0.9896087306233632,0,0.593765238374018,21,0.7142857142857143,0.03571428571428571,N3 S1 P1 O1,de-protonated,0,-9999,C28 H20 O1 N3 P1 S1,28,20,1,3,1,1,-9999,N/A,-9999,-9999,N/A,-9999
2098,476.09931,476.09930823000815,476.0996344793491,1485062,-9999,324037.8,12.23,-1,-0.6852543403330009,0.918325389210897,0.9236494536714016,0.9204550149950989,8,1.5,0.5,13C1 N4 S2 O8,de-protonated,1,2084,C16 H24 O8 N4 S2 13C1,16,24,8,4,-9999,2,1,N/A,-9999,-9999,N/A,-9999
2099,476.13593,476.1359282590371,476.1358232842091,1753113.5,-9999,288458.2,14.73,-1,0.2204724425273843,0.9912189054931244,0.9984784623943944,0.9941227282536323,15,1.0740740740740742,0.03703703703703703,13C1 S2 P1 O1,de-protonated,1,2087,C27 H29 O1 P1 S2 13C1,27,29,1,-9999,1,2,1,N/A,-9999,-9999,N/A,-9999
2099,476.13593,476.1359282590371,476.1359596298291,1753113.5,-9999,288458.2,14.73,-1,-0.06588620614082108,0.9992126428038224,0,0.5995275856822934,15,1,0.1111111111111111,N1 S2 O3,de-protonated,0,-9999,C27 H27 O3 N1 S2,27,27,3,1,-9999,2,-9999,N/A,-9999,-9999,N/A,-9999
2099,476.13593,476.1359282590371,476.1360925715591,1753113.5,-9999,288458.2,14.73,-1,-0.3450957081278208,0.9786228857662032,0,0.587173731459722,2,2,0.6875,N1 S1 P1 O11,de-protonated,0,-9999,C16 H32 O11 N1 P1 S1,16,32,11,1,1,1,-9999,N/A,-9999,-9999,N/A,-9999
2099,476.13593,476.1359282590371,476.13629131485914,1753113.5,-9999,288458.2,14.73,-1,-0.7625039902896988,0.8998776184276194,0.9984784623943944,0.9393179560143292,21,0.7777777777777778,0.07407407407407407,13C1 N4 P1 O2,de-protonated,1,2087,C27 H21 O2 N4 P1 13C1,27,21,2,4,1,-9999,1,N/A,-9999,-9999,N/A,-9999
2099,476.13593,476.1359282590371,476.1360199886992,1753113.5,-9999,288458.2,14.73,-1,-0.19265432192325055,0.9932880337631452,0.9320332146557736,0.9687861061201964,7,1.6470588235294117,0.4117647058823529,13C1 N4 S2 O7,de-protonated,1,2087,C17 H28 O7 N4 S2 13C1,17,28,7,4,-9999,2,1,N/A,-9999,-9999,N/A,-9999
2100,476.1506,476.1505982706662,476.15034639124906,3420449.3,-9999,390829.3,30.31,-1,0.5289913554492036,0.4752461955115342,0.7550179348240812,0.587154891236553,20,0.7666666666666667,0.16666666666666666,N1 O5,de-protonated,0,-9999,C30 H23 O5 N1,30,23,5,1,-9999,-9999,-9999,N/A,-9999,-9999,N/A,-9999
2101,476.152262,476.15226027198366,476.1521968660191,6715682,-9999,222984.1,61.08,-1,0.13316323012892803,0.4983938208466248,0.8370420509349343,0.6338531128819487,7,1.5,0.6666666666666666,N3 O12,de-protonated,0,-9999,C18 H27 O12 N3,18,27,12,3,-9999,-9999,-9999,N/A,-9999,-9999,N/A,-9999
2102,476.170534,476.170532286468,476.1701987076591,2398508,-9999,435367.9,20.76,-1,0.7005453298539231,0.9148012600838722,0.9431285935143052,0.9261321934560454,2,2,0.9375,13C1 O15,de-protonated,1,2092,C16 H32 O15 13C1,16,32,15,-9999,-9999,-9999,1,N/A,-9999,-9999,N/A,-9999
2102,476.170534,476.170532286468,476.1706879650091,2398508,-9999,435367.9,20.76,-1,-0.3269385223112677,0.9807920378349428,0.965662062778474,0.9747400478123552,6,1.736842105263158,0.3684210526315789,13C1 N2 S1 P1 O7,de-protonated,1,2092,C19 H33 O7 N2 P1 S1 13C1,19,33,7,2,1,1,1,N/A,-9999,-9999,N/A,-9999
2102,476.170534,476.170532286468,476.17082431062914,2398508,-9999,435367.9,20.76,-1,-0.613276047622545,0.9340323422202594,0,0.5604194053321556,6,1.631578947368421,0.47368421052631576,N3 S1 O9,de-protonated,0,-9999,C19 H31 O9 N3 S1,19,31,9,3,-9999,1,-9999,N/A,-9999,-9999,N/A,-9999
2103,476.17217,476.1721682877649,476.1723451391791,4585517,-9999,226357.7,41.19,-1,-0.3714021109341045,0.4876408404863352,0.7675537279851021,0.5996059954858419,14,1.1071428571428572,0.07142857142857142,N1 S2 O2,de-protonated,0,-9999,C28 H31 O2 N1 S2,28,31,2,1,-9999,2,-9999,N/A,-9999,-9999,N/A,-9999
2103,476.17217,476.1721682877649,476.17247808090906,4585517,-9999,226357.7,41.19,-1,-0.6505901924210313,0.46303690008614345,0.8446892076502734,0.6156978231117954,1,2.1176470588235294,0.5882352941176471,N1 S1 P1 O10,de-protonated,0,-9999,C17 H36 O10 N1 P1 S1,17,36,10,1,1,1,-9999,N/A,-9999,-9999,N/A,-9999
2103,476.17217,476.1721682877649,476.1724054980491,4585517,-9999,226357.7,41.19,-1,-0.4981605013250509,0.6373131652346066,0.9309001147828634,0.7547479450539093,6,1.7777777777777777,0.3333333333333333,13C1 N4 S2 O6,de-protonated,1,2093,C18 H32 O6 N4 S2 13C1,18,32,6,4,-9999,2,1,N/A,-9999,-9999,N/A,-9999
2104,477.022246,477.0222449616274,477.022703522659,5018355.5,-9999,206663,45.23,-1,-0.9612981275141572,0.4228140311781618,0.7489023467070351,0.5532493573897111,27,0.3225806451612903,0.12903225806451613,S1 O4,de-protonated,0,-9999,C31 H10 O4 S1,31,10,4,-9999,-9999,1,-9999,N/A,-9999,-9999,N/A,-9999
2104,477.022246,477.0222449616274,477.0220520739791,5018355.5,-9999,206663,45.23,-1,0.4043579273313254,0.4853839709878923,0.8007932653391622,0.6115476887284003,18,0.6086956521739131,0.2608695652173913,N2 S2 O6,de-protonated,0,-9999,C23 H14 O6 N2 S2,23,14,6,2,-9999,2,-9999,N/A,-9999,-9999,N/A,-9999
2105,477.048098,477.0480969821205,477.04854160455915,2159361.3,-9999,344709,18.52,-1,-0.93202766565461,0.8541742715843539,0,0.5125045629506123,22,0.5384615384615384,0.07692307692307693,N4 S2 O2,de-protonated,0,-9999,C26 H14 O2 N4 S2,26,14,2,4,-9999,2,-9999,N/A,-9999,-9999,N/A,-9999
2105,477.048098,477.0480969821205,477.0476722246891,2159361.3,-9999,344709,18.52,-1,0.8903878084610314,0.8660169606423673,0,0.5196101763854204,23,0.4,0.28,N4 O7,de-protonated,0,-9999,C25 H10 O7 N4,25,10,7,4,-9999,-9999,-9999,N/A,-9999,-9999,N/A,-9999
2106,477.066277,477.0662759965312,477.0659645803791,2106059,-9999,316428.2,18.03,-1,0.6527737780981532,0.925595695218758,0,0.5553574171312547,3,1.8,0.7333333333333333,S2 P1 O11,de-protonated,0,-9999,C15 H27 O11 P1 S2,15,27,11,-9999,1,2,-9999,N/A,-9999,-9999,N/A,-9999
2106,477.066277,477.0662759965312,477.0662996692991,2106059,-9999,316428.2,18.03,-1,-0.0496215471763304,0.9995533190643692,0,0.5997319914386215,22,0.5384615384615384,0.15384615384615383,N4 S1 O4,de-protonated,0,-9999,C26 H14 O4 N4 S1,26,14,4,4,-9999,1,-9999,N/A,-9999,-9999,N/A,-9999
2106,477.066277,477.0662759965312,477.0664326110291,2106059,-9999,316428.2,18.03,-1,-0.3282865596416742,0.9806348610534792,0,0.5883809166320875,9,1.2666666666666666,0.8,N4 P1 O12,de-protonated,0,-9999,C15 H19 O12 N4 P1,15,19,12,4,1,-9999,-9999,N/A,-9999,-9999,N/A,-9999
2107,477.067136,477.0671349972121,477.0674641822291,2683659.5,-9999,229880.6,23.42,-1,-0.6900177474032775,0.9172344547633992,0,0.5503406728580396,13,0.8571428571428571,0.6190476190476191,O13,de-protonated,0,-9999,C21 H18 O13,21,18,13,-9999,-9999,-9999,-9999,N/A,-9999,-9999,N/A,-9999
2107,477.067136,477.0671349972121,477.06730199089907,2683659.5,-9999,229880.6,23.42,-1,-0.35004219792316954,0.9780125036345272,0,0.5868075021807163,8,1.4375,0.4375,N4 S2 P1 O7,de-protonated,0,-9999,C16 H23 O7 N4 P1 S2,16,23,7,4,1,2,-9999,N/A,-9999,-9999,N/A,-9999
2108,477.0752,477.0751990036045,477.07534749489906,5887760,-9999,225749.1,53.34,-1,-0.3112533383810059,0.49128754922509543,0.7805128205128199,0.6069776577401852,16,0.8846153846153846,0.1153846153846154,S2 P1 O3,de-protonated,0,-9999,C26 H23 O3 P1 S2,26,23,3,-9999,1,2,-9999,N/A,-9999,-9999,N/A,-9999
2108,477.0752,477.0751990036045,477.075544199389,5887760,-9999,225749.1,53.34,-1,-0.7235662963080105,0.45468777199664995,0.8524773804394657,0.6138036153737763,8,1.375,0.5625,N4 S2 O9,de-protonated,0,-9999,C16 H22 O9 N4 S2,16,22,9,4,-9999,2,-9999,N/A,-9999,-9999,N/A,-9999
2109,477.084346,477.08434501085463,477.0840577340391,2109716.8,-9999,315021.6,18.06,-1,0.6021513627840441,0.9363267222090228,0,0.5617960333254136,22,0.5384615384615384,0.2307692307692308,N4 O6,de-protonated,0,-9999,C26 H14 O6 N4,26,14,6,4,-9999,-9999,-9999,N/A,-9999,-9999,N/A,-9999
2110,477.103286,477.10328502586856,477.1033366273291,2479647,-9999,197941.7,21.52,-1,-0.10815573184988524,0.9952682330559224,0.8678454680165717,0.944299127040182,30,0.4,0.02857142857142857,N2 O1,de-protonated,0,-9999,C35 H14 O1 N2,35,14,1,2,-9999,-9999,-9999,N/A,-9999,-9999,N/A,-9999
2110,477.103286,477.10328502586856,477.1036875002491,2479647,-9999,197941.7,21.52,-1,-0.8435784319193491,0.8788655564898615,0,0.5273193338939169,7,1.588235294117647,0.35294117647058826,N4 S2 P1 O6,de-protonated,0,-9999,C17 H27 O6 N4 P1 S2,17,27,6,4,1,2,-9999,N/A,-9999,-9999,N/A,-9999
2110,477.103286,477.10328502586856,477.1028181203791,2479647,-9999,197941.7,21.52,-1,0.978626559604612,0.8404858083436846,0,0.5042914850062107,8,1.4375,0.6875,N4 P1 O11,de-protonated,0,-9999,C16 H23 O11 N4 P1,16,23,11,4,1,-9999,-9999,N/A,-9999,-9999,N/A,-9999
2111,477.111692,477.11169103253206,477.1117330042491,7593763.5,-9999,212237.6,69.28,-1,-0.0879704147888316,0.980786474244406,0.9904915450417854,0.984668502563358,15,1,0.07407407407407407,S2 P1 O2,de-protonated,0,-9999,C27 H27 O2 P1 S2,27,27,2,-9999,1,2,-9999,N/A,-9999,-9999,N/A,-9999
2111,477.111692,477.11169103253206,477.111929708739,7593763.5,-9999,212237.6,69.28,-1,-0.500252020841896,0.9139990610511052,0.9387982803231184,0.9239187487599104,7,1.5294117647058822,0.4705882352941176,N4 S2 O8,de-protonated,0,-9999,C17 H26 O8 N4 S2,17,26,8,4,-9999,2,-9999,N/A,-9999,-9999,N/A,-9999
2112,477.120734,477.12073303969976,477.1204432433891,1492264.3,-9999,442047.2,12.29,-1,0.6073860694029611,0.9352516355835072,0,0.5611509813501043,21,0.6666666666666666,0.18518518518518515,N4 O5,de-protonated,0,-9999,C27 H18 O5 N4,27,18,5,4,-9999,-9999,-9999,N/A,-9999,-9999,N/A,-9999
2113,477.124449,477.12444804264464,477.12446599538913,1786154.3,-9999,403055.6,15.04,-1,-0.03762696270087429,0.9997431400630248,0,0.5998458840378148,25,0.5625,0.09375,N2 O3,de-protonated,0,-9999,C32 H18 O3 N2,32,18,3,2,-9999,-9999,-9999,N/A,-9999,-9999,N/A,-9999
2113,477.124449,477.12444804264464,477.1248168683091,1786154.3,-9999,403055.6,15.04,-1,-0.7730171464840978,0.8972455917246752,0,0.5383473550348051,2,2.2142857142857144,0.5714285714285714,N4 S2 P1 O8,de-protonated,0,-9999,C14 H31 O8 N4 P1 S2,14,31,8,4,1,2,-9999,N/A,-9999,-9999,N/A,-9999
2114,477.139719,477.13971805474927,477.13958375224905,1917234.5,-9999,286507.8,16.26,-1,0.2814742368640389,0.9857270675717236,0,0.5914362405430341,2,2,0.8666666666666667,N2 S1 O13,de-protonated,0,-9999,C15 H30 O13 N2 S1,15,30,13,2,-9999,1,-9999,N/A,-9999,-9999,N/A,-9999
2114,477.139719,477.13971805474927,477.14007300959906,1917234.5,-9999,286507.8,16.26,-1,-0.7439216906647339,0.904459964267626,0,0.5426759785605756,6,1.7222222222222223,0.2777777777777778,N4 S2 P1 O5,de-protonated,0,-9999,C18 H31 O5 N4 P1 S2,18,31,5,4,1,2,-9999,N/A,-9999,-9999,N/A,-9999
2115,477.140832,477.1408310556316,477.14110458079904,1806643,-9999,325802.3,15.23,-1,-0.5732584446113785,0.942114352114578,0,0.5652686112687468,10,1.25,0.25,S2 O6,de-protonated,0,-9999,C24 H30 O6 S2,24,30,6,-9999,-9999,2,-9999,N/A,-9999,-9999,N/A,-9999
2115,477.140832,477.1408310556316,477.14072445827907,1806643,-9999,325802.3,15.23,-1,0.2234086235664826,0.9909845249781112,0,0.5945907149868668,15,1.0384615384615383,0.1153846153846154,N2 S1 P1 O3,de-protonated,0,-9999,C26 H27 O3 N2 P1 S1,26,27,3,2,1,1,-9999,N/A,-9999,-9999,N/A,-9999
2116,477.146565,477.14656406017616,477.1469778075691,3887926.3,-9999,448001.5,34.67,-1,-0.8671277660429497,0.8724646130689186,0,0.5234787678413512,1,2,0.6470588235294118,S2 O11,de-protonated,0,-9999,C17 H34 O11 S2,17,34,11,-9999,-9999,2,-9999,N/A,-9999,-9999,N/A,-9999
2116,477.146565,477.14656406017616,477.14659768504913,3887926.3,-9999,448001.5,34.67,-1,-0.07047073820221325,0.9932560559423612,0.530418107158756,0.808120876428919,6,1.631578947368421,0.42105263157894735,N2 S1 P1 O8,de-protonated,0,-9999,C19 H31 O8 N2 P1 S1,19,31,8,2,1,1,-9999,N/A,-9999,-9999,N/A,-9999
2117,477.148228,477.1482270614945,477.14811851359906,9447223,-9999,257424.1,86.59,-1,0.2274930806821741,0.33021780701089826,0.7182238920063835,0.4854202410090924,14,1.1071428571428572,0.03571428571428571,S2 P1 O1,de-protonated,0,-9999,C28 H31 O1 P1 S2,28,31,1,-9999,1,2,-9999,N/A,-9999,-9999,N/A,-9999
2117,477.148228,477.1482270614945,477.1485865442491,9447223,-9999,257424.1,86.59,-1,-0.753397924159458,0.9502827810948598,0.9719607559360984,0.9589539710313552,20,0.8214285714285714,0.07142857142857142,N4 P1 O2,de-protonated,0,-9999,C28 H23 O2 N4 P1,28,23,2,4,1,-9999,-9999,N/A,-9999,-9999,N/A,-9999
2117,477.148228,477.1482270614945,477.14831521808907,9447223,-9999,257424.1,86.59,-1,-0.18475721651822125,0.6392418404720129,0.9303181296970192,0.7556723561620154,6,1.6666666666666667,0.3888888888888889,N4 S2 O7,de-protonated,0,-9999,C18 H30 O7 N4 S2,18,30,7,4,-9999,2,-9999,N/A,-9999,-9999,N/A,-9999
2118,477.183034,477.1830330890855,477.18336331691904,4112201.8,-9999,380594.7,36.76,-1,-0.6920355128535023,0.4583852264214998,0.8370420509349343,0.6098479562268737,0,2.111111111111111,0.5555555555555556,S2 O10,de-protonated,0,-9999,C18 H38 O10 S2,18,38,10,-9999,-9999,2,-9999,N/A,-9999,-9999,N/A,-9999
2118,477.183034,477.1830330890855,477.1829831943991,4112201.8,-9999,380594.7,36.76,-1,0.10456090873535878,0.4990090954320065,0.8221557383861047,0.6282677526136458,5,1.75,0.35,N2 S1 P1 O7,de-protonated,0,-9999,C20 H35 O7 N2 P1 S1,20,35,7,2,1,1,-9999,N/A,-9999,-9999,N/A,-9999
2119,477.184626,477.1846250903474,477.1849720535991,7157578.5,-9999,246098.2,65.2,-1,-0.7271043138249396,0.8818590268250103,0.957741502965325,0.912212017281136,19,0.9310344827586208,0.03448275862068965,N4 P1 O1,de-protonated,0,-9999,C29 H27 O1 N4 P1,29,27,1,4,1,-9999,-9999,N/A,-9999,-9999,N/A,-9999
2119,477.184626,477.1846250903474,477.1847007274391,7157578.5,-9999,246098.2,65.2,-1,-0.15850695041593024,0.9860343743567896,0.973960608242979,0.9812048679112654,5,1.7894736842105263,0.3157894736842105,N4 S2 O6,de-protonated,0,-9999,C19 H34 O6 N4 S2,19,34,6,4,-9999,2,-9999,N/A,-9999,-9999,N/A,-9999
2120,477.220962,477.2209611191513,477.22108623678906,3217502,-9999,240228,28.41,-1,-0.26217960893482845,0.98760501205957,0,0.5925630072357418,4,1.9,0.25,N4 S2 O5,de-protonated,0,-9999,C20 H38 O5 N4 S2,20,38,5,4,-9999,2,-9999,N/A,-9999,-9999,N/A,-9999
2121,478.106788,478.1067878213531,478.1069819764491,1700155,-9999,304973.4,14.23,-1,-0.4060913211937046,0.970520520734082,0,0.5823123124404491,15,1,0.07692307692307693,N1 S2 P1 O2,de-protonated,0,-9999,C26 H26 O2 N1 P1 S2,26,26,2,1,1,2,-9999,N/A,-9999,-9999,N/A,-9999
2121,478.106788,478.1067878213531,478.1066914623991,1700155,-9999,304973.4,14.23,-1,0.20154278476186005,0.992656740610586,0.8678454680165717,0.9427322315729804,30,0.4117647058823529,0.02941176470588235,13C1 N2 O1,de-protonated,1,2110,C34 H14 O1 N2 13C1,34,14,1,2,-9999,-9999,1,N/A,-9999,-9999,N/A,-9999
2122,478.11487,478.11486982775983,478.11508783931913,2098495.3,-9999,295610.5,17.95,-1,-0.4559813418209052,0.9629761570525556,0.9904915450417854,0.9739823122482476,15,1.0384615384615383,0.07692307692307693,13C1 S2 P1 O2,de-protonated,1,2111,C26 H27 O2 P1 S2 13C1,26,27,2,-9999,1,2,1,N/A,-9999,-9999,N/A,-9999
2122,478.11487,478.11486982775983,478.11522418493905,2098495.3,-9999,295610.5,17.95,-1,-0.7411543521195416,0.9051346726368956,0,0.5430808035821374,15,0.9615384615384616,0.15384615384615383,N1 S2 O4,de-protonated,0,-9999,C26 H25 O4 N1 S2,26,25,4,1,-9999,2,-9999,N/A,-9999,-9999,N/A,-9999
2122,478.11487,478.11486982775983,478.11484406241914,2098495.3,-9999,295610.5,17.95,-1,0.05388943893864415,0.9994731988264314,0,0.5996839192958588,20,0.7857142857142857,0.03571428571428571,N3 S1 P1 O1,de-protonated,0,-9999,C28 H22 O1 N3 P1 S1,28,22,1,3,1,1,-9999,N/A,-9999,-9999,N/A,-9999
2122,478.11487,478.11486982775983,478.1152845438091,2098495.3,-9999,295610.5,17.95,-1,-0.8673975977259604,0.8723905235447359,0.9387982803231184,0.8989536262560889,7,1.625,0.5,13C1 N4 S2 O8,de-protonated,1,2111,C16 H26 O8 N4 S2 13C1,16,26,8,4,-9999,2,1,N/A,-9999,-9999,N/A,-9999
2123,478.148499,478.1484988544178,478.1482383909691,3582289.5,-9999,430992.7,31.81,-1,0.5447336784430065,0.4737908418214159,0.7550179348240813,0.5862816790224821,19,0.8333333333333334,0.1,N1 S1 O3,de-protonated,0,-9999,C30 H25 O3 N1 S1,30,25,3,1,-9999,1,-9999,N/A,-9999,-9999,N/A,-9999
2123,478.148499,478.1484988544178,478.148371332699,3582289.5,-9999,430992.7,31.81,-1,0.26669905493393753,0.9871767750600048,0,0.5923060650360029,6,1.5789473684210529,0.5789473684210527,N1 P1 O11,de-protonated,0,-9999,C19 H30 O11 N1 P1,19,30,11,1,1,-9999,-9999,N/A,-9999,-9999,N/A,-9999
2124,478.150079,478.1500788556703,478.1499525201191,6913362.5,-9999,280211.5,62.92,-1,0.26421742917519314,0.9874128028657994,0.530418107158756,0.804614924582982,6,1.7222222222222223,0.4444444444444444,13C1 N2 S1 P1 O8,de-protonated,1,2116,C18 H31 O8 N2 P1 S1 13C1,18,31,8,2,1,1,1,N/A,-9999,-9999,N/A,-9999
2124,478.150079,478.1500788556703,478.15008886573906,6913362.5,-9999,280211.5,62.92,-1,-0.02093499299972488,0.49996023946639007,0.8370420509349343,0.6347929640538078,6,1.6111111111111112,0.5555555555555556,N3 S1 O10,de-protonated,0,-9999,C18 H29 O10 N3 S1,18,29,10,3,-9999,1,-9999,N/A,-9999,-9999,N/A,-9999
2125,478.151986,478.151985857182,478.1516096942891,2427219.5,-9999,272886.1,21.02,-1,0.7867021364751735,0.8937773021334997,0,0.5362663812800998,14,1.0740740740740742,0.1111111111111111,N1 S2 O3,de-protonated,0,-9999,C27 H29 O3 N1 S2,27,29,3,1,-9999,2,-9999,N/A,-9999,-9999,N/A,-9999
2125,478.151986,478.151985857182,478.1517426360191,2427219.5,-9999,272886.1,21.02,-1,0.5086694060290451,0.9541361895867356,0,0.5724817137520414,1,2.125,0.6875,N1 S1 P1 O11,de-protonated,0,-9999,C16 H34 O11 N1 P1 S1,16,34,11,1,1,1,-9999,N/A,-9999,-9999,N/A,-9999
2125,478.151986,478.151985857182,478.1519413793191,2427219.5,-9999,272886.1,21.02,-1,0.09302035409913684,0.9984311951600032,0.9719607559360984,0.9878430194704412,20,0.8518518518518519,0.07407407407407407,13C1 N4 P1 O2,de-protonated,1,2117,C27 H23 O2 N4 P1 13C1,27,23,2,4,1,-9999,1,N/A,-9999,-9999,N/A,-9999
2125,478.151986,478.151985857182,478.15167005315914,2427219.5,-9999,272886.1,21.02,-1,0.6604683046288314,0.6159334479289572,0.9303181296970192,0.741687320636182,6,1.7647058823529411,0.4117647058823529,13C1 N4 S2 O7,de-protonated,1,2117,C17 H30 O7 N4 S2 13C1,17,30,7,4,-9999,2,1,N/A,-9999,-9999,N/A,-9999
2126,478.187883,478.18788288563786,478.1879952036391,1750502.8,-9999,258068.2,14.7,-1,-0.23488251978168656,0.990039450765745,0,0.5940236704594469,13,1.1785714285714286,0.07142857142857142,N1 S2 O2,de-protonated,0,-9999,C28 H33 O2 N1 S2,28,33,2,1,-9999,2,-9999,N/A,-9999,-9999,N/A,-9999
2126,478.187883,478.18788288563786,478.1881281453691,1750502.8,-9999,258068.2,14.7,-1,-0.5128938106036558,0.9533893541376224,0,0.5720336124825735,0,2.235294117647059,0.5882352941176471,N1 S1 P1 O10,de-protonated,0,-9999,C17 H38 O10 N1 P1 S1,17,38,10,1,1,1,-9999,N/A,-9999,-9999,N/A,-9999
2126,478.187883,478.18788288563786,478.1883268886691,1750502.8,-9999,258068.2,14.7,-1,-0.9285108110792556,0.8551890032583827,0.957741502965325,0.8962100031411595,19,0.9642857142857144,0.03571428571428571,13C1 N4 P1 O1,de-protonated,1,2119,C28 H27 O1 N4 P1 13C1,28,27,1,4,1,-9999,1,N/A,-9999,-9999,N/A,-9999
2126,478.187883,478.18788288563786,478.18805556250913,1750502.8,-9999,258068.2,14.7,-1,-0.3611066174995612,0.9766171722129104,0.973960608242979,0.9755545466249378,5,1.8888888888888888,0.3333333333333333,13C1 N4 S2 O6,de-protonated,1,2119,C18 H34 O6 N4 S2 13C1,18,34,6,4,-9999,2,1,N/A,-9999,-9999,N/A,-9999
2127,479.01959,479.0195905449391,479.0195639511791,2373929.3,-9999,233002.5,20.52,-1,0.05551706437606747,0.9994409052926212,0,0.5996645431755726,22,0.52,0.04,N4 S2 P1 O1,de-protonated,0,-9999,C25 H13 O1 N4 P1 S2,25,13,1,4,1,2,-9999,N/A,-9999,-9999,N/A,-9999
2128,479.046184,479.0461845660204,479.0465665460091,1914935.5,-9999,263474.3,16.23,-1,-0.7973754859407286,0.8910395486657591,0,0.5346237291994554,8,1.4,0.5333333333333333,N4 S2 P1 O8,de-protonated,0,-9999,C15 H21 O8 N4 P1 S2,15,21,8,4,1,2,-9999,N/A,-9999,-9999,N/A,-9999
2129,479.054867,479.0548675729035,479.0546120500091,3177788.3,-9999,232901.8,28.03,-1,0.5333899058244291,0.4748434058236179,0.7871578612348809,0.5997691879881231,16,0.84,0.16,S2 P1 O4,de-protonated,0,-9999,C25 H21 O4 P1 S2,25,21,4,-9999,1,2,-9999,N/A,-9999,-9999,N/A,-9999
2129,479.054867,479.0548675729035,479.0550800806591,3177788.3,-9999,232901.8,28.03,-1,-0.4435977498488946,0.4824623149365549,0.7871578612348809,0.6043405334558853,22,0.52,0.2,N4 P1 O5,de-protonated,0,-9999,C25 H13 O5 N4 P1,25,13,5,4,1,-9999,-9999,N/A,-9999,-9999,N/A,-9999
2129,479.054867,479.0548675729035,479.0548087544991,3177788.3,-9999,232901.8,28.03,-1,0.12278011476519936,0.99726840654142,0,0.598361043924852,8,1.3333333333333333,0.6666666666666666,N4 S2 O10,de-protonated,0,-9999,C15 H20 O10 N4 S2,15,20,10,4,-9999,2,-9999,N/A,-9999,-9999,N/A,-9999
2130,479.081902,479.0819025943344,479.0816146448391,1604427,-9999,460107.4,13.33,-1,0.6010447625500409,0.9365529577803297,0,0.5619317746681977,2,1.9333333333333331,0.7333333333333333,S2 P1 O11,de-protonated,0,-9999,C15 H29 O11 P1 S2,15,29,11,-9999,1,2,-9999,N/A,-9999,-9999,N/A,-9999
2130,479.081902,479.0819025943344,479.0819497337591,1604427,-9999,460107.4,13.33,-1,-0.09839532611560636,0.9982448212351056,0,0.5989468927410633,21,0.6153846153846154,0.15384615384615383,N4 S1 O4,de-protonated,0,-9999,C26 H16 O4 N4 S1,26,16,4,4,-9999,1,-9999,N/A,-9999,-9999,N/A,-9999
2130,479.081902,479.0819025943344,479.0820826754891,1604427,-9999,460107.4,13.33,-1,-0.3758878931944961,0.974688647530784,0,0.5848131885184703,8,1.4,0.8,N4 P1 O12,de-protonated,0,-9999,C15 H21 O12 N4 P1,15,21,12,4,1,-9999,-9999,N/A,-9999,-9999,N/A,-9999
2131,479.08292,479.0829205951414,479.08311424668904,1876299.5,-9999,251849.9,15.87,-1,-0.40421284312768807,0.9707886058640296,0,0.5824731635184177,12,0.9523809523809524,0.6190476190476191,O13,de-protonated,0,-9999,C21 H20 O13,21,20,13,-9999,-9999,-9999,-9999,N/A,-9999,-9999,N/A,-9999
2131,479.08292,479.0829205951414,479.08260118243913,1876299.5,-9999,251849.9,15.87,-1,0.6667173915493674,0.9225108579503242,0,0.5535065147701945,30,0.35294117647058826,0.0588235294117647,N2 O2,de-protonated,0,-9999,C34 H12 O2 N2,34,12,2,2,-9999,-9999,-9999,N/A,-9999,-9999,N/A,-9999
2131,479.08292,479.0829205951414,479.0829520553591,1876299.5,-9999,251849.9,15.87,-1,-0.06566757935049214,0.9992178573871332,0,0.5995307144322798,7,1.5625,0.4375,N4 S2 P1 O7,de-protonated,0,-9999,C16 H25 O7 N4 P1 S2,16,25,7,4,1,2,-9999,N/A,-9999,-9999,N/A,-9999
2132,479.091093,479.0910936016202,479.0909975593591,8501072,-9999,255011.4,77.74,-1,0.20046768060069997,0.6632697860721045,0.912987090764437,0.7631567079490376,15,0.9615384615384616,0.1153846153846154,S2 P1 O3,de-protonated,0,-9999,C26 H25 O3 P1 S2,26,25,3,-9999,1,2,-9999,N/A,-9999,-9999,N/A,-9999
2132,479.091093,479.0910936016202,479.0914655900091,8501072,-9999,255011.4,77.74,-1,-0.7764454506574542,0.8870533661806909,0.963941431708206,0.917808592391697,21,0.6538461538461539,0.15384615384615383,N4 P1 O4,de-protonated,0,-9999,C26 H17 O4 N4 P1,26,17,4,4,1,-9999,-9999,N/A,-9999,-9999,N/A,-9999
2132,479.091093,479.0910936016202,479.0911942638491,8501072,-9999,255011.4,77.74,-1,-0.21011078921141024,0.6592098084774907,0.9291242454535252,0.7671755832679045,7,1.5,0.5625,N4 S2 O9,de-protonated,0,-9999,C16 H24 O9 N4 S2,16,24,9,4,-9999,2,-9999,N/A,-9999,-9999,N/A,-9999
2133,479.119453,479.11945362410137,479.1194997560391,2089311.4,-9999,230081.4,17.86,-1,-0.09628482611495304,0.9983192454251232,0,0.5989915472550739,11,1.0909090909090908,0.5454545454545454,O12,de-protonated,0,-9999,C22 H24 O12,22,24,12,-9999,-9999,-9999,-9999,N/A,-9999,-9999,N/A,-9999
2133,479.119453,479.11945362410137,479.1189866917891,2089311.4,-9999,230081.4,17.86,-1,0.974564409389452,0.4208483392166862,0.725399618712417,0.5426688510149785,29,0.45714285714285713,0.02857142857142857,N2 O1,de-protonated,0,-9999,C35 H16 O1 N2,35,16,1,2,-9999,-9999,-9999,N/A,-9999,-9999,N/A,-9999
2133,479.119453,479.11945362410137,479.11933756470904,2089311.4,-9999,230081.4,17.86,-1,0.24223483217326083,0.9894094845153304,0,0.5936456907091983,6,1.7058823529411764,0.35294117647058826,N4 S2 P1 O6,de-protonated,0,-9999,C17 H29 O6 N4 P1 S2,17,29,6,4,1,2,-9999,N/A,-9999,-9999,N/A,-9999
2134,479.125893,479.1258936292064,479.1262423626791,5310819,-9999,342251.7,47.95,-1,-0.7278529995417495,0.45417474727739254,0.8524773804394659,0.6134958005422219,1,2,0.75,S2 O12,de-protonated,0,-9999,C16 H32 O12 S2,16,32,12,-9999,-9999,2,-9999,N/A,-9999,-9999,N/A,-9999
2134,479.125893,479.1258936292064,479.12572929842906,5310819,-9999,342251.7,47.95,-1,0.34298048988650964,0.4894406802988779,0.7612342259156645,0.5981580985455925,19,0.8275862068965517,0.03448275862068965,N2 S2 O1,de-protonated,0,-9999,C29 H24 O1 N2 S2,29,24,1,2,-9999,2,-9999,N/A,-9999,-9999,N/A,-9999
2134,479.125893,479.1258936292064,479.12586224015905,5310819,-9999,342251.7,47.95,-1,0.06551315601734099,0.49961076509575225,0.8370420509349343,0.6345832794314251,6,1.6111111111111112,0.5,N2 S1 P1 O9,de-protonated,0,-9999,C18 H29 O9 N2 P1 S1,18,29,9,2,1,1,-9999,N/A,-9999,-9999,N/A,-9999
2135,479.127367,479.12736763037486,479.1273830687091,11048804,-9999,221104.6,101.53,-1,-0.03222177406878848,0.6666038051702984,0.9265023581013464,0.7705632263427176,14,1.0740740740740742,0.07407407407407407,S2 P1 O2,de-protonated,0,-9999,C27 H29 O2 P1 S2,27,29,2,-9999,1,2,-9999,N/A,-9999,-9999,N/A,-9999
2135,479.127367,479.12736763037486,479.1275797731991,11048804,-9999,221104.6,101.53,-1,-0.44276896842256824,0.6450712091198044,0.929726257949748,0.7589332286517818,6,1.6470588235294117,0.4705882352941176,N4 S2 O8,de-protonated,0,-9999,C17 H28 O8 N4 S2,17,28,8,4,-9999,2,-9999,N/A,-9999,-9999,N/A,-9999
2136,479.155744,479.1557446528696,479.1558852653891,7292787,-9999,208661.3,66.46,-1,-0.29345881749886726,0.9750874495457696,0.9057576146693574,0.9473555155952048,10,1.2173913043478262,0.4782608695652174,O11,de-protonated,0,-9999,C23 H28 O11,23,28,11,-9999,-9999,-9999,-9999,N/A,-9999,-9999,N/A,-9999
2136,479.155744,479.1557446528696,479.1557230740591,7292787,-9999,208661.3,66.46,-1,0.04503506785926885,0.9988927450030128,0.8695088290735852,0.9471391786312418,5,1.8333333333333333,0.2777777777777778,N4 S2 P1 O5,de-protonated,0,-9999,C18 H33 O5 N4 P1 S2,18,33,5,4,1,2,-9999,N/A,-9999,-9999,N/A,-9999
2137,479.163681,479.1636816591613,479.1637685780591,10131319,-9999,204720.2,92.97,-1,-0.18139705776408083,0.6625662411787401,0.9132730032302576,0.762848945999347,13,1.1785714285714286,0.03571428571428571,S2 P1 O1,de-protonated,0,-9999,C28 H33 O1 P1 S2,28,33,1,-9999,1,2,-9999,N/A,-9999,-9999,N/A,-9999
2137,479.163681,479.1636816591613,479.1639652825491,10131319,-9999,204720.2,92.97,-1,-0.5919130159305261,0.625260494164397,0.9303181296970192,0.7472835483774459,5,1.7777777777777777,0.3888888888888889,N4 S2 O7,de-protonated,0,-9999,C18 H32 O7 N4 S2,18,32,7,4,-9999,2,-9999,N/A,-9999,-9999,N/A,-9999
2138,479.191086,479.19108668088546,479.1911062618091,1547142.3,-9999,303989.1,12.8,-1,-0.04086245217632397,0.9996970737623267,0,0.599818244257396,18,0.9655172413793104,0.03448275862068965,N4 S1 O1,de-protonated,0,-9999,C29 H28 O1 N4 S1,29,28,1,4,-9999,1,-9999,N/A,-9999,-9999,N/A,-9999
2138,479.191086,479.19108668088546,479.19123920353906,1547142.3,-9999,303989.1,12.8,-1,-0.3182918240465547,0.9817854184716794,0,0.5890712510830076,5,1.8333333333333333,0.5,N4 P1 O9,de-protonated,0,-9999,C18 H33 O9 N4 P1,18,33,9,4,1,-9999,-9999,N/A,-9999,-9999,N/A,-9999
2139,479.198623,479.1986236868601,479.1986332588591,3067018.3,-9999,336545.3,26.99,-1,-0.01997501312162877,0.999927604386328,0,0.5999565626317969,4,1.85,0.35,N2 S1 P1 O7,de-protonated,0,-9999,C20 H37 O7 N2 P1 S1,20,37,7,2,1,1,-9999,N/A,-9999,-9999,N/A,-9999
2140,479.199983,479.1999836879382,479.2003507918991,5485707,-9999,188887.1,49.58,-1,-0.766076152410681,0.4494932437387162,0.8295321147073604,0.6015087921261739,4,1.894736842105263,0.3157894736842105,N4 S2 O6,de-protonated,0,-9999,C19 H36 O6 N4 S2,19,36,6,4,-9999,2,-9999,N/A,-9999,-9999,N/A,-9999
2141,479.236446,479.2364467168427,479.2367363012491,2369439,-9999,289324.1,20.48,-1,-0.6042617028506199,0.9358942786690526,0,0.5615365672014315,3,2,0.25,N4 S2 O5,de-protonated,0,-9999,C20 H40 O5 N4 S2,20,40,5,4,-9999,2,-9999,N/A,-9999,-9999,N/A,-9999
2142,480.094412,480.0944133969597,480.0943523944292,1909618.5,-9999,319818.1,16.18,-1,0.12706362866122592,0.6647165118281484,0.912987090764437,0.7640247434026639,15,1,0.12,13C1 S2 P1 O3,de-protonated,1,2132,C25 H25 O3 P1 S2 13C1,25,25,3,-9999,1,2,1,N/A,-9999,-9999,N/A,-9999
2142,480.094412,480.0944133969597,480.09448874004903,1909618.5,-9999,319818.1,16.18,-1,-0.1569338768028212,0.9955412079600344,0,0.5973247247760206,15,0.92,0.2,N1 S2 O5,de-protonated,0,-9999,C25 H23 O5 N1 S2,25,23,5,1,-9999,2,-9999,N/A,-9999,-9999,N/A,-9999
2142,480.094412,480.0944133969597,480.0946216817791,1909618.5,-9999,319818.1,16.18,-1,-0.4338411846064564,0.9664246546157016,0,0.579854792769421,2,2,0.9285714285714286,N1 S1 P1 O13,de-protonated,0,-9999,C14 H28 O13 N1 P1 S1,14,28,13,1,1,1,-9999,N/A,-9999,-9999,N/A,-9999
2142,480.094412,480.0944133969597,480.0941086175291,1909618.5,-9999,319818.1,16.18,-1,0.6348326819548618,0.9294836195148188,0,0.5576901717088912,20,0.7407407407407407,0.07407407407407407,N3 S1 P1 O2,de-protonated,0,-9999,C27 H20 O2 N3 P1 S1,27,20,2,3,1,1,-9999,N/A,-9999,-9999,N/A,-9999
2142,480.094412,480.0944133969597,480.0948204250791,1909618.5,-9999,319818.1,16.18,-1,-0.8478077706636137,0.877725543751541,0.963941431708206,0.912211898934207,21,0.68,0.16,13C1 N4 P1 O4,de-protonated,1,2132,C25 H17 O4 N4 P1 13C1,25,17,4,4,1,-9999,1,N/A,-9999,-9999,N/A,-9999
2142,480.094412,480.0944133969597,480.09454909891906,1909618.5,-9999,319818.1,16.18,-1,-0.2826567384162703,0.6570718403870955,0.9291242454535252,0.7658928024136674,7,1.6,0.6,13C1 N4 S2 O9,de-protonated,1,2132,C15 H24 O9 N4 S2 13C1,15,24,9,4,-9999,2,1,N/A,-9999,-9999,N/A,-9999
2143,480.130737,480.1307384257549,480.1307379037792,2808198.3,-9999,261286.9,24.57,-1,0.00108715331076602,0.666666523696933,0.9265023581013464,0.7706008574586983,14,1.1153846153846154,0.07692307692307693,13C1 S2 P1 O2,de-protonated,1,2135,C26 H29 O2 P1 S2 13C1,26,29,2,-9999,1,2,1,N/A,-9999,-9999,N/A,-9999
2143,480.130737,480.1307384257549,480.1308742493991,2808198.3,-9999,261286.9,24.57,-1,-0.28288879446152915,0.4927921452863997,0.7805128205128199,0.6078804153769677,14,1.0384615384615383,0.15384615384615383,N1 S2 O4,de-protonated,0,-9999,C26 H27 O4 N1 S2,26,27,4,1,-9999,2,-9999,N/A,-9999,-9999,N/A,-9999
2143,480.130737,480.1307384257549,480.13100719112913,2808198.3,-9999,261286.9,24.57,-1,-0.5597750826726975,0.9447295254242872,0,0.5668377152545723,1,2.1333333333333333,0.8,N1 S1 P1 O12,de-protonated,0,-9999,C15 H32 O12 N1 P1 S1,15,32,12,1,1,1,-9999,N/A,-9999,-9999,N/A,-9999
2143,480.130737,480.1307384257549,480.1304941268791,2808198.3,-9999,261286.9,24.57,-1,0.5088176626126804,0.4770550369593395,0.7675537279851021,0.5932545133696445,19,0.8571428571428571,0.03571428571428571,N3 S1 P1 O1,de-protonated,0,-9999,C28 H24 O1 N3 P1 S1,28,24,1,3,1,1,-9999,N/A,-9999,-9999,N/A,-9999
2143,480.130737,480.1307384257549,480.1309346082691,2808198.3,-9999,261286.9,24.57,-1,-0.40860211265145985,0.6467735808228847,0.929726257949748,0.7599546516736301,6,1.75,0.5,13C1 N4 S2 O8,de-protonated,1,2135,C16 H28 O8 N4 S2 13C1,16,28,8,4,-9999,2,1,N/A,-9999,-9999,N/A,-9999
2144,480.159028,480.15902944818134,480.1592401004591,3028885.8,-9999,260700.1,26.63,-1,-0.4387133687440846,0.9656794584377204,0.9057576146693574,0.9417107209303752,10,1.2727272727272727,0.5,13C1 O11,de-protonated,1,2136,C22 H28 O11 13C1,22,28,11,-9999,-9999,-9999,1,N/A,-9999,-9999,N/A,-9999
2144,480.159028,480.15902944818134,480.1590175502591,3028885.8,-9999,260700.1,26.63,-1,0.02477912905628157,0.49994429788115474,0.7739790330151771,0.6095581919347637,13,1.1851851851851851,0.03703703703703703,N1 S2 P1 O1,de-protonated,0,-9999,C27 H32 O1 N1 P1 S2,27,32,1,1,1,2,-9999,N/A,-9999,-9999,N/A,-9999
2144,480.159028,480.15902944818134,480.1590779091292,3028885.8,-9999,260700.1,26.63,-1,-0.1009268595619171,0.9981534287843928,0.8695088290735852,0.9466955889000698,5,1.9411764705882353,0.29411764705882354,13C1 N4 S2 P1 O5,de-protonated,1,2136,C17 H33 O5 N4 P1 S2 13C1,17,33,5,4,1,2,1,N/A,-9999,-9999,N/A,-9999
2145,480.167032,480.16703345452623,480.1671234131291,2454938.3,-9999,208096.7,21.27,-1,-0.18734852613694317,0.662434323169473,0.9132730032302576,0.7627697951937868,13,1.2222222222222223,0.03703703703703703,13C1 S2 P1 O1,de-protonated,1,2137,C27 H33 O1 P1 S2 13C1,27,33,1,-9999,1,2,1,N/A,-9999,-9999,N/A,-9999
2145,480.167032,480.16703345452623,480.167259758749,2454938.3,-9999,208096.7,21.27,-1,-0.4713029016306795,0.960496877176272,0,0.5762981263057633,13,1.148148148148148,0.1111111111111111,N1 S2 O3,de-protonated,0,-9999,C27 H31 O3 N1 S2,27,31,3,1,-9999,2,-9999,N/A,-9999,-9999,N/A,-9999
2145,480.167032,480.16703345452623,480.167392700479,2454938.3,-9999,208096.7,21.27,-1,-0.7481681561421849,0.9034207236239588,0,0.5420524341743752,0,2.25,0.6875,N1 S1 P1 O11,de-protonated,0,-9999,C16 H36 O11 N1 P1 S1,16,36,11,1,1,1,-9999,N/A,-9999,-9999,N/A,-9999
2145,480.167032,480.16703345452623,480.1673201176192,2454938.3,-9999,208096.7,21.27,-1,-0.5970066702288364,0.6249169625083015,0.9303181296970192,0.7470774293837886,5,1.8823529411764703,0.4117647058823529,13C1 N4 S2 O7,de-protonated,1,2137,C17 H32 O7 N4 S2 13C1,17,32,7,4,-9999,2,1,N/A,-9999,-9999,N/A,-9999
2146,481.070424,481.0704261706528,481.070262114469,5025673,-9999,184697.3,45.27,-1,0.3410233321648044,0.4895595828007986,0.7871578612348809,0.6085988941744315,15,0.92,0.16,S2 P1 O4,de-protonated,0,-9999,C25 H23 O4 P1 S2,25,23,4,-9999,1,2,-9999,N/A,-9999,-9999,N/A,-9999
2146,481.070424,481.0704261706528,481.0707301451191,5025673,-9999,184697.3,45.27,-1,-0.6318706320251356,0.4650583148465812,0.7871578612348809,0.5938981334019011,21,0.6,0.2,N4 P1 O5,de-protonated,0,-9999,C25 H15 O5 N4 P1,25,15,5,4,1,-9999,-9999,N/A,-9999,-9999,N/A,-9999
2146,481.070424,481.0704261706528,481.070458818959,5025673,-9999,184697.3,45.27,-1,-0.06786595522180912,0.499582317475948,0.8604105061749865,0.6439135929555635,7,1.4666666666666666,0.6666666666666666,N4 S2 O10,de-protonated,0,-9999,C15 H22 O10 N4 S2,15,22,10,4,-9999,2,-9999,N/A,-9999,-9999,N/A,-9999
2147,481.099056,481.09905819334966,481.09876431114907,1647160.9,-9999,187487.9,13.72,-1,0.6108562781599365,0.9345344937810336,0,0.5607206962686201,11,1.0476190476190477,0.6190476190476191,O13,de-protonated,0,-9999,C21 H22 O13,21,22,13,-9999,-9999,-9999,-9999,N/A,-9999,-9999,N/A,-9999
2147,481.099056,481.09905819334966,481.0992535684991,1647160.9,-9999,187487.9,13.72,-1,-0.4061015434296747,0.9705190586804788,0,0.5823114352082872,15,0.9583333333333334,0.20833333333333337,N2 S1 P1 O5,de-protonated,0,-9999,C24 H23 O5 N2 P1 S1,24,23,5,2,1,1,-9999,N/A,-9999,-9999,N/A,-9999
2147,481.099056,481.09905819334966,481.09860211981913,1647160.9,-9999,187487.9,13.72,-1,0.947983487209186,0.8495376833635722,0,0.5097226100181432,6,1.6875,0.4375,N4 S2 P1 O7,de-protonated,0,-9999,C16 H27 O7 N4 P1 S2,16,27,7,4,1,2,-9999,N/A,-9999,-9999,N/A,-9999
2148,481.10666199999997,481.10666419937894,481.10664762381913,10135453,-9999,226446.7,92.99,-1,0.03445298437195412,0.6647435796204788,0.925020740259538,0.7688544438761025,14,1.0384615384615383,0.1153846153846154,S2 P1 O3,de-protonated,0,-9999,C26 H27 O3 P1 S2,26,27,3,-9999,1,2,-9999,N/A,-9999,-9999,N/A,-9999
2148,481.10666199999997,481.10666419937894,481.10711565446906,10135453,-9999,226446.7,92.99,-1,-0.9383671025126552,0.42616925311546655,0.7805128205128198,0.5679066800744078,20,0.7307692307692307,0.15384615384615383,N4 P1 O4,de-protonated,0,-9999,C26 H19 O4 N4 P1,26,19,4,4,1,-9999,-9999,N/A,-9999,-9999,N/A,-9999
2148,481.10666199999997,481.10666419937894,481.10684432830914,10135453,-9999,226446.7,92.99,-1,-0.37440525388507545,0.6383452008685991,0.9291242454535252,0.7546568187025696,6,1.625,0.5625,N4 S2 O9,de-protonated,0,-9999,C16 H26 O9 N4 S2,16,26,9,4,-9999,2,-9999,N/A,-9999,-9999,N/A,-9999
2149,481.134931,481.13493322178806,481.13514982049907,1942636.6,-9999,220381.8,16.48,-1,-0.4501826796211165,0.9638947244734092,0,0.5783368346840454,10,1.181818181818182,0.5454545454545454,O12,de-protonated,0,-9999,C22 H26 O12,22,26,12,-9999,-9999,-9999,-9999,N/A,-9999,-9999,N/A,-9999
2149,481.134931,481.13493322178806,481.1346367562491,1942636.6,-9999,220381.8,16.48,-1,0.6161799968313257,0.9334274512518094,0,0.5600564707510856,28,0.5142857142857142,0.02857142857142857,N2 O1,de-protonated,0,-9999,C35 H18 O1 N2,35,18,1,2,-9999,-9999,-9999,N/A,-9999,-9999,N/A,-9999
2149,481.134931,481.13493322178806,481.1349876291691,1942636.6,-9999,220381.8,16.48,-1,-0.11308132314965293,0.997682435382704,0,0.5986094612296224,5,1.8235294117647056,0.35294117647058826,N4 S2 P1 O6,de-protonated,0,-9999,C17 H31 O6 N4 P1 S2,17,31,6,4,1,2,-9999,N/A,-9999,-9999,N/A,-9999
2150,481.136042,481.1360442226687,481.1362905265291,1921197.3,-9999,327083.3,16.28,-1,-0.511921185773617,0.95356180057429,0,0.572137080344574,23,0.696969696969697,0.06060606060606061,P1 O2,de-protonated,0,-9999,C33 H23 O2 P1,33,23,2,-9999,1,-9999,-9999,N/A,-9999,-9999,N/A,-9999
2150,481.136042,481.1360442226687,481.13601920036905,1921197.3,-9999,327083.3,16.28,-1,0.05200670635411947,0.9995093565955626,0,0.5997056139573376,9,1.3043478260869563,0.30434782608695654,S2 O7,de-protonated,0,-9999,C23 H30 O7 S2,23,30,7,-9999,-9999,2,-9999,N/A,-9999,-9999,N/A,-9999
2150,481.136042,481.1360442226687,481.1356390778491,1921197.3,-9999,327083.3,16.28,-1,0.8420594666700058,0.8792739598300978,0,0.5275643758980587,14,1.08,0.16,N2 S1 P1 O4,de-protonated,0,-9999,C25 H27 O4 N2 P1 S1,25,27,4,2,1,1,-9999,N/A,-9999,-9999,N/A,-9999
2150,481.136042,481.1360442226687,481.1364872310191,1921197.3,-9999,327083.3,16.28,-1,-0.9207540108276244,0.857417761482479,0,0.5144506568894873,15,0.9565217391304348,0.34782608695652173,N4 O8,de-protonated,0,-9999,C23 H22 O8 N4,23,22,8,4,-9999,-9999,-9999,N/A,-9999,-9999,N/A,-9999
2151,481.14157,481.14157222705086,481.1418924271391,5175216.5,-9999,333142.1,46.67,-1,-0.6655003301387445,0.461391149929318,0.8524773804394659,0.6178256421333772,0,2.125,0.75,S2 O12,de-protonated,0,-9999,C16 H34 O12 S2,16,34,12,-9999,-9999,2,-9999,N/A,-9999,-9999,N/A,-9999
2151,481.14157,481.14157222705086,481.1413793628891,5175216.5,-9999,333142.1,46.67,-1,0.4008471730625048,0.4856330043862936,0.7612342259156645,0.595873492998042,18,0.896551724137931,0.03448275862068965,N2 S2 O1,de-protonated,0,-9999,C29 H26 O1 N2 S2,29,26,1,2,-9999,2,-9999,N/A,-9999,-9999,N/A,-9999
2151,481.14157,481.14157222705086,481.1415123046191,5175216.5,-9999,333142.1,46.67,-1,0.1245422193708917,0.4985947744538773,0.8370420509349343,0.6339736850463001,5,1.7222222222222223,0.5,N2 S1 P1 O9,de-protonated,0,-9999,C18 H31 O9 N2 P1 S1,18,31,9,2,1,1,-9999,N/A,-9999,-9999,N/A,-9999
2152,481.143151,481.1431532283041,481.143033133169,12123057,-9999,244295.7,111.56,-1,0.2496038116167526,0.6609134306846088,0.9023917028123316,0.757504739535698,13,1.148148148148148,0.07407407407407407,S2 P1 O2,de-protonated,0,-9999,C27 H31 O2 P1 S2,27,31,2,-9999,1,2,-9999,N/A,-9999,-9999,N/A,-9999
2152,481.143151,481.1431532283041,481.14350116381905,12123057,-9999,244295.7,111.56,-1,-0.7231429171111802,0.4547383081287006,0.7739790330151771,0.5824345980832912,19,0.8518518518518519,0.1111111111111111,N4 P1 O3,de-protonated,0,-9999,C27 H23 O3 N4 P1,27,23,3,4,1,-9999,-9999,N/A,-9999,-9999,N/A,-9999
2152,481.143151,481.1431532283041,481.143229837659,12123057,-9999,244295.7,111.56,-1,-0.1592235953824713,0.6447084509577751,0.9297262579497482,0.7587155737545643,5,1.7647058823529411,0.4705882352941176,N4 S2 O8,de-protonated,0,-9999,C17 H30 O8 N4 S2,17,30,8,4,-9999,2,-9999,N/A,-9999,-9999,N/A,-9999
2153,481.164764,481.1647662454369,481.16501065439905,9025469,-9999,438273.7,78.88,-1,-0.5079524835230167,0.9242509267355103,0.9816569868664768,0.947213350787897,9,1.3636363636363635,0.3636363636363637,N2 S1 O8,de-protonated,0,-9999,C22 H30 O8 N2 S1,22,30,8,2,-9999,1,-9999,N/A,-9999,-9999,N/A,-9999
2153,481.164764,481.1647662454369,481.1646305318791,9025469,-9999,438273.7,78.88,-1,0.28205223163345133,0.9928333128857711,0.9677843451977725,0.9828137258105716,14,1.125,0.20833333333333337,N4 P1 O5,de-protonated,0,-9999,C24 H27 O5 N4 P1,24,27,5,4,1,-9999,-9999,N/A,-9999,-9999,N/A,-9999
2153,481.164764,481.1647662454369,481.1643592057191,9025469,-9999,438273.7,78.88,-1,0.8459473566821986,0.6072397198843255,0.9278887375715256,0.7354993269592055,0,2.4285714285714284,0.7142857142857143,N4 S2 O10,de-protonated,0,-9999,C14 H34 O10 N4 S2,14,34,10,4,-9999,2,-9999,N/A,-9999,-9999,N/A,-9999
2155,481.171349,481.1713512506569,481.17153532984906,117225408,-9999,372760.7,1043.49,-1,-0.3825645920886692,0.7061826348638937,0.9438075415267002,0.8012325975290162,9,1.3043478260869563,0.4782608695652174,O11,de-protonated,0,-9999,C23 H30 O11,23,30,11,-9999,-9999,-9999,-9999,N/A,-9999,-9999,N/A,-9999
2155,481.171349,481.1713512506569,481.1708838811691,117225408,-9999,372760.7,1043.49,-1,0.9713170590000264,0.5836098000760835,0.9374410470402595,0.725142298861754,0,2.2666666666666666,0.8666666666666667,N2 S1 O13,de-protonated,0,-9999,C15 H34 O13 N2 S1,15,34,13,2,-9999,1,-9999,N/A,-9999,-9999,N/A,-9999
2155,481.171349,481.1713512506569,481.17137313851913,117225408,-9999,372760.7,1043.49,-1,-0.04548870407816938,0.47099501388766785,0.9018889520709878,0.6433525891609959,4,1.9444444444444444,0.2777777777777778,N4 S2 P1 O5,de-protonated,0,-9999,C18 H35 O5 N4 P1 S2,18,35,5,4,1,2,-9999,N/A,-9999,-9999,N/A,-9999
2156,481.177536,481.1775382555614,481.1778978139691,4556228,-9999,321580.1,39.03,-1,-0.7472463081289735,0.45182336458464006,0.8295321147073605,0.6029068646337283,4,1.8421052631578947,0.42105263157894735,N2 S1 P1 O8,de-protonated,0,-9999,C19 H35 O8 N2 P1 S1,19,35,8,2,1,1,-9999,N/A,-9999,-9999,N/A,-9999
2157,481.179344,481.1793462569946,481.1794186425191,7584709,-9999,181270.8,66.03,-1,-0.1504335424577824,0.99666596509037,0.9461618529637882,0.9764643202397372,12,1.25,0.03571428571428571,S2 P1 O1,de-protonated,0,-9999,C28 H35 O1 P1 S2,28,35,1,-9999,1,2,-9999,N/A,-9999,-9999,N/A,-9999
2157,481.179344,481.1793462569946,481.17961534700913,7584709,-9999,181270.8,66.03,-1,-0.5592298716115132,0.94784098611999,0.9843498240863796,0.9624445213065458,4,1.8888888888888888,0.3888888888888889,N4 S2 O7,de-protonated,0,-9999,C18 H34 O7 N4 S2,18,34,7,4,-9999,2,-9999,N/A,-9999,-9999,N/A,-9999
2158,481.215822,481.215824285911,481.2162721825191,3716057.3,-9999,260395.6,31.54,-1,-0.9307594816946756,0.42727024445451495,0.7612342259156644,0.5608558370389747,17,1.0689655172413792,0.03448275862068965,N4 P1 O1,de-protonated,0,-9999,C29 H31 O1 N4 P1,29,31,1,4,1,-9999,-9999,N/A,-9999,-9999,N/A,-9999
2158,481.215822,481.215824285911,481.2160008563591,3716057.3,-9999,260395.6,31.54,-1,-0.36692555470603955,0.4879333751392373,0.8295321147073604,0.6245728709664866,3,2,0.3157894736842105,N4 S2 O6,de-protonated,0,-9999,C19 H38 O6 N4 S2,19,38,6,4,-9999,2,-9999,N/A,-9999,-9999,N/A,-9999
2159,482.109915,482.1099179946662,482.11000245888914,2462406,-9999,238197.3,20.36,-1,-0.17519699343705994,0.6629640644898777,0.925020740259538,0.7677867347977418,14,1.08,0.12,13C1 S2 P1 O3,de-protonated,1,2148,C25 H27 O3 P1 S2 13C1,25,27,3,-9999,1,2,1,N/A,-9999,-9999,N/A,-9999
2159,482.109915,482.1099179946662,482.11013880450906,2462406,-9999,238197.3,20.36,-1,-0.4580070508489189,0.9626527018368708,0,0.5775916211021225,14,1,0.2,N1 S2 O5,de-protonated,0,-9999,C25 H25 O5 N1 S2,25,25,5,1,-9999,2,-9999,N/A,-9999,-9999,N/A,-9999
2159,482.109915,482.1099179946662,482.1102717462391,2462406,-9999,238197.3,20.36,-1,-0.7337565566086551,0.9069284358767818,0,0.5441570615260691,1,2.142857142857143,0.9285714285714286,N1 S1 P1 O13,de-protonated,0,-9999,C14 H30 O13 N1 P1 S1,14,30,13,1,1,1,-9999,N/A,-9999,-9999,N/A,-9999
2159,482.109915,482.1099179946662,482.1097586819891,2462406,-9999,238197.3,20.36,-1,0.3304489780322186,0.9803814323206916,0,0.588228859392415,19,0.8148148148148148,0.07407407407407407,N3 S1 P1 O2,de-protonated,0,-9999,C27 H22 O2 N3 P1 S1,27,22,2,3,1,1,-9999,N/A,-9999,-9999,N/A,-9999
2159,482.109915,482.1099179946662,482.11019916337904,2462406,-9999,238197.3,20.36,-1,-0.5832042411037555,0.626766798757411,0.9291242454535252,0.7477097774358568,6,1.7333333333333334,0.6,13C1 N4 S2 O9,de-protonated,1,2148,C15 H26 O9 N4 S2 13C1,15,26,9,4,-9999,2,1,N/A,-9999,-9999,N/A,-9999
2160,482.146297,482.1463000235065,482.14638796823914,2634970.3,-9999,223982.4,21.9,-1,-0.18240255412378784,0.6626541748648099,0.9023917028123316,0.7585491860438186,13,1.1923076923076923,0.07692307692307693,13C1 S2 P1 O2,de-protonated,1,2152,C26 H31 O2 P1 S2 13C1,26,31,2,-9999,1,2,1,N/A,-9999,-9999,N/A,-9999
2160,482.146297,482.1463000235065,482.1465243138591,2634970.3,-9999,223982.4,21.9,-1,-0.4651912671660983,0.48074744688964566,0.7805128205128198,0.6006535963389152,13,1.1153846153846154,0.15384615384615383,N1 S2 O4,de-protonated,0,-9999,C26 H29 O4 N1 S2,26,29,4,1,-9999,2,-9999,N/A,-9999,-9999,N/A,-9999
2160,482.146297,482.1463000235065,482.1466572555891,2634970.3,-9999,223982.4,21.9,-1,-0.7409199612122311,0.9051917273410436,0,0.5431150364046262,0,2.2666666666666666,0.8,N1 S1 P1 O12,de-protonated,0,-9999,C15 H34 O12 N1 P1 S1,15,34,12,1,1,1,-9999,N/A,-9999,-9999,N/A,-9999
2160,482.146297,482.1463000235065,482.1461441913391,2634970.3,-9999,223982.4,21.9,-1,0.32320525487929624,0.49061203939020015,0.7675537279851021,0.6013887148281609,18,0.9285714285714286,0.03571428571428571,N3 S1 P1 O1,de-protonated,0,-9999,C28 H26 O1 N3 P1 S1,28,26,1,3,1,1,-9999,N/A,-9999,-9999,N/A,-9999
2160,482.146297,482.1463000235065,482.1465846727291,2634970.3,-9999,223982.4,21.9,-1,-0.5903790084331941,0.6258099356441406,0.9297262579497482,0.7473764645663836,5,1.875,0.5,13C1 N4 S2 O8,de-protonated,1,2152,C16 H30 O8 N4 S2 13C1,16,30,8,4,-9999,2,1,N/A,-9999,-9999,N/A,-9999
2161,482.167984,482.167987040698,482.16792500807907,1899494.1,-9999,394878.6,15.34,-1,0.12865355763087755,0.9970012142707576,0,0.5982007285624545,22,0.7878787878787878,0.0303030303030303,N1 P1 O1,de-protonated,0,-9999,C33 H26 O1 N1 P1,33,26,1,1,1,-9999,-9999,N/A,-9999,-9999,N/A,-9999
2161,482.167984,482.167987040698,482.1676536819191,1899494.1,-9999,394878.6,15.34,-1,0.6913752433564554,0.9169224105770024,0,0.5501534463462013,8,1.434782608695652,0.2608695652173913,N1 S2 O6,de-protonated,0,-9999,C23 H33 O6 N1 S2,23,33,6,1,-9999,2,-9999,N/A,-9999,-9999,N/A,-9999
2161,482.167984,482.167987040698,482.1683654894691,1899494.1,-9999,394878.6,15.34,-1,-0.7848892590575605,0.8942394739875464,0.9816569868664768,0.9292064791391186,9,1.4285714285714286,0.380952380952381,13C1 N2 S1 O8,de-protonated,1,2153,C21 H30 O8 N2 S1 13C1,21,30,8,2,-9999,1,1,N/A,-9999,-9999,N/A,-9999
2161,482.167984,482.167987040698,482.16791877561906,1899494.1,-9999,394878.6,15.34,-1,0.14157947113227506,0.6028232025635161,0.9374410470402595,0.7366703403542135,0,2.2666666666666666,0.8666666666666667,N1 15N1 S1 O13,de-protonated,1,2155,C15 H34 O13 N1 S1 15N1,15,34,13,1,-9999,1,-9999,TRUE,-9999,-9999,N/A,-9999
2161,482.167984,482.167987040698,482.1679853669491,1899494.1,-9999,394878.6,15.34,-1,0.00347129827880972,0.9999978135617348,0.9677843451977725,0.9871124262161498,14,1.173913043478261,0.21739130434782608,13C1 N4 P1 O5,de-protonated,1,2153,C23 H27 O5 N4 P1 13C1,23,27,5,4,1,-9999,1,N/A,-9999,-9999,N/A,-9999
2161,482.167984,482.167987040698,482.168408032969,1899494.1,-9999,394878.6,15.34,-1,-0.8731228841635287,0.4548937562019737,0.9018889520709878,0.6336918345495793,4,1.9444444444444444,0.2777777777777778,N3 15N1 S2 P1 O5,de-protonated,1,2155,C18 H35 O5 N3 P1 S2 15N1,18,35,5,3,1,2,-9999,TRUE,-9999,-9999,N/A,-9999
2161,482.167984,482.167987040698,482.16771404078906,1899494.1,-9999,394878.6,15.34,-1,0.5661928432367224,0.6289944158192015,0.9278887375715256,0.7485521445201311,0,2.6153846153846154,0.7692307692307693,13C1 N4 S2 O10,de-protonated,1,2153,C13 H34 O10 N4 S2 13C1,13,34,10,4,-9999,2,1,N/A,-9999,-9999,N/A,-9999
2162,482.173289,482.17329204490335,482.173146786169,10098153,-9999,299529.4,88.43,-1,0.30125844885075004,0.9875851715719564,0.989726772935826,0.9884418121175044,4,1.8888888888888888,0.4444444444444444,N3 S1 P1 O8,de-protonated,0,-9999,C18 H34 O8 N3 P1 S1,18,34,8,3,1,1,-9999,N/A,-9999,-9999,N/A,-9999
2163,482.174659,482.17466204598935,482.1748901649191,22878698,-9999,277480.4,202.37,-1,-0.47310412545203767,0.7027843819209414,0.9438075415267002,0.7991936457632449,9,1.3636363636363635,0.5,13C1 O11,de-protonated,1,2155,C22 H30 O11 13C1,22,30,11,-9999,-9999,-9999,1,N/A,-9999,-9999,N/A,-9999
2163,482.174659,482.17466204598935,482.1746676147191,22878698,-9999,277480.4,202.37,-1,-0.01154919603991318,0.4824257025268418,0.7658567483085936,0.5957981208395426,12,1.2592592592592593,0.03703703703703703,N1 S2 P1 O1,de-protonated,0,-9999,C27 H34 O1 N1 P1 S2,27,34,1,1,1,2,-9999,N/A,-9999,-9999,N/A,-9999
2163,482.174659,482.17466204598935,482.17423871623913,22878698,-9999,277480.4,202.37,-1,0.8779601153033959,0.5869616619195414,0.9374410470402595,0.7271534159678287,0,2.4285714285714284,0.9285714285714286,13C1 N2 S1 O13,de-protonated,1,2155,C14 H34 O13 N2 S1 13C1,14,34,13,2,-9999,1,1,N/A,-9999,-9999,N/A,-9999
2163,482.174659,482.17466204598935,482.17472797358914,22878698,-9999,277480.4,202.37,-1,-0.1367296873250056,0.47061863258760794,0.9018889520709878,0.6431267603809598,4,2.0588235294117645,0.29411764705882354,13C1 N4 S2 P1 O5,de-protonated,1,2155,C17 H35 O5 N4 P1 S2 13C1,17,35,5,4,1,2,1,N/A,-9999,-9999,N/A,-9999
2164,482.181997,482.18200005180626,482.1820404433391,1600365.9,-9999,251726.8,12.67,-1,-0.08376822327001586,0.9987275638940624,0,0.5992365383364374,13,1.1153846153846154,0.3076923076923077,N1 O8,de-protonated,0,-9999,C26 H29 O8 N1,26,29,8,1,-9999,-9999,-9999,N/A,-9999,-9999,N/A,-9999
2165,482.182713,482.1827160523738,482.18277347758914,1649262.3,-9999,281500.9,13.11,-1,-0.1190942905973466,0.9974297404085682,0.9461618529637882,0.9769225854306562,12,1.2962962962962965,0.03703703703703703,13C1 S2 P1 O1,de-protonated,1,2157,C27 H35 O1 P1 S2 13C1,27,35,1,-9999,1,2,1,N/A,-9999,-9999,N/A,-9999
2165,482.182713,482.1827160523738,482.18290982320906,1649262.3,-9999,281500.9,13.11,-1,-0.40186168219463697,0.9711225014879794,0,0.5826735008927876,12,1.2222222222222223,0.1111111111111111,N1 S2 O3,de-protonated,0,-9999,C27 H33 O3 N1 S2,27,33,3,1,-9999,2,-9999,N/A,-9999,-9999,N/A,-9999
2165,482.182713,482.1827160523738,482.18297018207915,1649262.3,-9999,281500.9,13.11,-1,-0.5270399849626093,0.9508478587760526,0.9843498240863796,0.9642486449001834,4,2,0.4117647058823529,13C1 N4 S2 O7,de-protonated,1,2157,C17 H34 O7 N4 S2 13C1,17,34,7,4,-9999,2,1,N/A,-9999,-9999,N/A,-9999
2166,483.049982,483.04998573986535,483.0495266695791,1677775.1,-9999,328775.6,13.36,-1,0.950358629694232,0.8488429422721223,0,0.5093057653632733,15,0.875,0.20833333333333337,S2 P1 O5,de-protonated,0,-9999,C24 H21 O5 P1 S2,24,21,5,-9999,1,2,-9999,N/A,-9999,-9999,N/A,-9999
2166,483.049982,483.04998573986535,483.0503748227491,1677775.1,-9999,328775.6,13.36,-1,-0.8054706176636811,0.88894420426456,0,0.533366522558736,16,0.7272727272727273,0.4090909090909091,N2 S1 O9,de-protonated,0,-9999,C22 H16 O9 N2 S1,22,16,9,2,-9999,1,-9999,N/A,-9999,-9999,N/A,-9999
2166,483.049982,483.04998573986535,483.0499947002291,1677775.1,-9999,328775.6,13.36,-1,-0.01854955768913151,0.9999375679798672,0,0.5999625407879203,21,0.5416666666666666,0.25,N4 P1 O6,de-protonated,0,-9999,C24 H13 O6 N4 P1,24,13,6,4,1,-9999,-9999,N/A,-9999,-9999,N/A,-9999
2166,483.049982,483.04998573986535,483.04972337406906,1677775.1,-9999,328775.6,13.36,-1,0.5431444913289055,0.947878982953721,0,0.5687273897722326,7,1.4285714285714286,0.7857142857142857,N4 S2 O11,de-protonated,0,-9999,C14 H20 O11 N4 S2,14,20,11,4,-9999,2,-9999,N/A,-9999,-9999,N/A,-9999
2167,483.064724,483.0647277515515,483.06478281086913,1726167.3,-9999,314892.7,13.79,-1,-0.11397915885483982,0.997645531118559,0,0.5985873186711353,19,0.75,0.07142857142857142,S2 P1 O2,de-protonated,0,-9999,C28 H21 O2 P1 S2,28,21,2,-9999,1,2,-9999,N/A,-9999,-9999,N/A,-9999
2167,483.064724,483.0647277515515,483.0649795153591,1726167.3,-9999,314892.7,13.79,-1,-0.5211800031981934,0.9519082243224154,0,0.5711449345934492,11,1.1111111111111112,0.4444444444444444,N4 S2 O8,de-protonated,0,-9999,C18 H20 O8 N4 S2,18,20,8,4,-9999,2,-9999,N/A,-9999,-9999,N/A,-9999
2168,483.084761,483.084764767435,483.0849098573291,3004130.5,-9999,236490.7,25.18,-1,-0.3003403565909009,0.4918828809381075,0.7253996187124169,0.5852895760478313,28,0.45714285714285713,0.02857142857142857,S1 O1,de-protonated,0,-9999,C35 H16 O1 S1,35,16,1,-9999,-9999,1,-9999,N/A,-9999,-9999,N/A,-9999
2168,483.084761,483.084764767435,483.08504279905907,3004130.5,-9999,236490.7,25.18,-1,-0.575533497096919,0.4708338408046927,0.7939170211058493,0.6000671129251554,15,0.875,0.375,P1 O9,de-protonated,0,-9999,C24 H21 O9 P1,24,21,9,-9999,1,-9999,-9999,N/A,-9999,-9999,N/A,-9999
2168,483.084761,483.084764767435,483.0843913503791,3004130.5,-9999,236490.7,25.18,-1,0.7729851399770185,0.8972536476517199,0,0.538352188591032,6,1.5625,0.6875,N2 S1 P1 O11,de-protonated,0,-9999,C16 H25 O11 N2 P1 S1,16,25,11,2,1,1,-9999,N/A,-9999,-9999,N/A,-9999
2169,483.086125,483.08612876851623,483.08591217892905,6588387,-9999,244203.5,57.14,-1,0.448345898156523,0.4820917092651082,0.7871578612348809,0.6041181700530173,14,1,0.16,S2 P1 O4,de-protonated,0,-9999,C25 H25 O4 P1 S2,25,25,4,-9999,1,2,-9999,N/A,-9999,-9999,N/A,-9999
2169,483.086125,483.08612876851623,483.0863802095791,6588387,-9999,244203.5,57.14,-1,-0.5204888259294536,0.476016294405862,0.7871578612348809,0.6004729211374695,20,0.68,0.2,N4 P1 O5,de-protonated,0,-9999,C25 H17 O5 N4 P1,25,17,5,4,1,-9999,-9999,N/A,-9999,-9999,N/A,-9999
2169,483.086125,483.08612876851623,483.08610888341906,6588387,-9999,244203.5,57.14,-1,0.04116263500139095,0.49984630370067634,0.8604105061749865,0.6440719846904004,6,1.6,0.6666666666666666,N4 S2 O10,de-protonated,0,-9999,C15 H24 O10 N4 S2,15,24,10,4,-9999,2,-9999,N/A,-9999,-9999,N/A,-9999
2170,483.092182,483.0921857733177,483.0917854056991,1551334.5,-9999,358725.3,12.23,-1,0.828760973924066,0.8828260665268285,0,0.529695639916097,5,1.6111111111111112,0.5,S2 P1 O9,de-protonated,0,-9999,C18 H29 O9 P1 S2,18,29,9,-9999,1,2,-9999,N/A,-9999,-9999,N/A,-9999
2170,483.092182,483.0921857733177,483.09263355886907,1551334.5,-9999,358725.3,12.23,-1,-0.9269144679109412,0.8556487327560927,0,0.5133892396536556,6,1.5,0.8125,N2 S1 O13,de-protonated,0,-9999,C16 H24 O13 N2 S1,16,24,13,2,-9999,1,-9999,N/A,-9999,-9999,N/A,-9999
2170,483.092182,483.0921857733177,483.0921204946191,1551334.5,-9999,358725.3,12.23,-1,0.1351268128825109,0.99669236438468,0,0.5980154186308079,24,0.5517241379310345,0.06896551724137931,N4 S1 O2,de-protonated,0,-9999,C29 H16 O2 N4 S1,29,16,2,4,-9999,1,-9999,N/A,-9999,-9999,N/A,-9999
2170,483.092182,483.0921857733177,483.0922534363491,1551334.5,-9999,358725.3,12.23,-1,-0.1400623399251984,0.9964467655550596,0,0.5978680593330358,11,1.1666666666666667,0.5555555555555556,N4 P1 O10,de-protonated,0,-9999,C18 H21 O10 N4 P1,18,21,10,4,1,-9999,-9999,N/A,-9999,-9999,N/A,-9999
2171,483.094981,483.0949847755365,483.0946224180691,6982632,-9999,367606.8,60.65,-1,0.7500755557606478,0.45147619494640534,0.7871578612348809,0.5857488614617956,20,0.64,0.28,N4 O7,de-protonated,0,-9999,C25 H16 O7 N4,25,16,7,4,-9999,-9999,-9999,N/A,-9999,-9999,N/A,-9999
2172,483.096723,483.09672677691736,483.0966563108691,14978025,-9999,258474.5,131.93,-1,0.14586324982915266,0.9898252563881104,0.9572988571682056,0.9768146967001484,10,1.1428571428571428,0.5238095238095238,S1 O11,de-protonated,0,-9999,C21 H24 O11 S1,21,24,11,-9999,-9999,1,-9999,N/A,-9999,-9999,N/A,-9999
2172,483.096723,483.09672677691736,483.0971455682191,14978025,-9999,258474.5,131.93,-1,-0.866888379660786,0.2908434429958457,0.7412565550906046,0.4710086878337493,14,1.0416666666666667,0.125,N2 S2 P1 O3,de-protonated,0,-9999,C24 H25 O3 N2 P1 S2,24,25,3,2,1,2,-9999,N/A,-9999,-9999,N/A,-9999
2172,483.096723,483.09672677691736,483.0962761883491,14978025,-9999,258474.5,131.93,-1,0.9327096697932484,0.9063123810095524,0.9431827320625576,0.9210605214307545,15,0.9130434782608696,0.34782608695652173,N2 P1 O8,de-protonated,0,-9999,C23 H21 O8 N2 P1,23,21,8,2,1,-9999,-9999,N/A,-9999,-9999,N/A,-9999
2173,483.10157,483.1015737807596,483.1011683202191,1950699.8,-9999,199504.7,15.79,-1,0.839287021305274,0.8800179752492202,0,0.5280107851495321,18,0.8620689655172413,0.03448275862068965,S2 P1 O1,de-protonated,0,-9999,C29 H25 O1 P1 S2,29,25,1,-9999,1,2,-9999,N/A,-9999,-9999,N/A,-9999
2173,483.10157,483.1015737807596,483.1020164733891,1950699.8,-9999,199504.7,15.79,-1,-0.9163543400094906,0.8586761645381321,0,0.5152056987228792,19,0.7407407407407407,0.18518518518518515,N2 S1 O5,de-protonated,0,-9999,C27 H20 O5 N2 S1,27,20,5,2,-9999,1,-9999,N/A,-9999,-9999,N/A,-9999
2173,483.10157,483.1015737807596,483.1016363508691,1950699.8,-9999,199504.7,15.79,-1,-0.12951748614322717,0.9969608658941924,0,0.5981765195365154,24,0.5862068965517241,0.06896551724137931,N4 P1 O2,de-protonated,0,-9999,C29 H17 O2 N4 P1,29,17,2,4,1,-9999,-9999,N/A,-9999,-9999,N/A,-9999
2173,483.10157,483.1015737807596,483.1013650247091,1950699.8,-9999,199504.7,15.79,-1,0.432116457649592,0.9666865921156346,0,0.5800119552693808,10,1.263157894736842,0.3684210526315789,N4 S2 O7,de-protonated,0,-9999,C19 H24 O7 N4 S2,19,24,7,4,-9999,2,-9999,N/A,-9999,-9999,N/A,-9999
2174,483.114888,483.11489179131695,483.1152837554791,1994595.1,-9999,192620.7,16.18,-1,-0.8113263548335682,0.8874184225144587,0,0.5324510535086752,9,1.2727272727272727,0.3636363636363637,S2 O8,de-protonated,0,-9999,C22 H28 O8 S2,22,28,8,-9999,-9999,2,-9999,N/A,-9999,-9999,N/A,-9999
2174,483.114888,483.11489179131695,483.1144143756091,1994595.1,-9999,192620.7,16.18,-1,0.9882042299766098,0.8376178747917338,0,0.5025707248750403,10,1.1428571428571428,0.6190476190476191,O13,de-protonated,0,-9999,C21 H24 O13,21,24,13,-9999,-9999,-9999,-9999,N/A,-9999,-9999,N/A,-9999
2174,483.114888,483.11489179131695,483.1149036329591,1994595.1,-9999,192620.7,16.18,-1,-0.0245110264117041,0.9998909933099736,0,0.5999345959859842,14,1.0416666666666667,0.20833333333333337,N2 S1 P1 O5,de-protonated,0,-9999,C24 H25 O5 N2 P1 S1,24,25,5,2,1,1,-9999,N/A,-9999,-9999,N/A,-9999
2175,483.120654,483.12065779588767,483.1206439179991,4610038.5,-9999,480270.6,39.5,-1,0.0287255135252544,0.49992514394706306,0.7675537279851021,0.6069765775622786,18,0.8571428571428571,0.07142857142857142,N2 S2 O2,de-protonated,0,-9999,C28 H24 O2 N2 S2,28,24,2,2,-9999,2,-9999,N/A,-9999,-9999,N/A,-9999
2175,483.120654,483.12065779588767,483.12077685972906,4610038.5,-9999,480270.6,39.5,-1,-0.24644736285166463,0.4945199905818756,0.8446892076502734,0.6345876774092347,5,1.7058823529411764,0.5882352941176471,N2 S1 P1 O10,de-protonated,0,-9999,C17 H29 O10 N2 P1 S1,17,29,10,2,1,1,-9999,N/A,-9999,-9999,N/A,-9999
2176,483.122505,483.12250879735495,483.1222976882792,9519095,-9999,211159.8,83.27,-1,0.43696818963290646,0.6545660327308908,0.9034155010321336,0.7541058200513879,13,1.1153846153846154,0.1153846153846154,S2 P1 O3,de-protonated,0,-9999,C26 H29 O3 P1 S2,26,29,3,-9999,1,2,-9999,N/A,-9999,-9999,N/A,-9999
2176,483.122505,483.12250879735495,483.1227657189291,9519095,-9999,211159.8,83.27,-1,-0.5317935571764506,0.4749899347620326,0.7805128205128198,0.5971990890623475,19,0.8076923076923077,0.15384615384615383,N4 P1 O4,de-protonated,0,-9999,C26 H21 O4 N4 P1,26,21,4,4,1,-9999,-9999,N/A,-9999,-9999,N/A,-9999
2176,483.122505,483.12250879735495,483.1224943927692,9519095,-9999,211159.8,83.27,-1,0.02981559739177053,0.6507901123167796,0.9291242454535252,0.7621237655714779,5,1.75,0.5625,N4 S2 O9,de-protonated,0,-9999,C16 H28 O9 N4 S2,16,28,9,4,-9999,2,-9999,N/A,-9999,-9999,N/A,-9999
2177,483.137307,483.13731080908866,483.13775053405914,1557759.6,-9999,274367.6,12.29,-1,-0.9101440944959226,0.8604452886976315,0,0.5162671732185788,9,1.4,0.3,N4 S2 O6,de-protonated,0,-9999,C20 H28 O6 N4 S2,20,28,6,4,-9999,2,-9999,N/A,-9999,-9999,N/A,-9999
2177,483.137307,483.13731080908866,483.1368811541891,1557759.6,-9999,274367.6,12.29,-1,0.8893026310394049,0.8663204905845667,0,0.51979229435074,10,1.263157894736842,0.5789473684210527,N4 O11,de-protonated,0,-9999,C19 H24 O11 N4,19,24,11,4,-9999,-9999,-9999,N/A,-9999,-9999,N/A,-9999
2178,483.150896,483.15089981986074,483.1507998849591,3427591.3,-9999,221089.6,28.96,-1,0.20683997970169643,0.49613358730285695,0.8077896627745539,0.6207960174915357,9,1.2727272727272727,0.5454545454545454,O12,de-protonated,0,-9999,C22 H28 O12,22,28,12,-9999,-9999,-9999,-9999,N/A,-9999,-9999,N/A,-9999
2178,483.150896,483.15089981986074,483.1512891423091,3427591.3,-9999,221089.6,28.96,-1,-0.8057982191490111,0.4444295333323271,0.7871578612348809,0.5815208644933487,13,1.16,0.16,N2 S1 P1 O4,de-protonated,0,-9999,C25 H29 O4 N2 P1 S1,25,29,4,2,1,1,-9999,N/A,-9999,-9999,N/A,-9999
2178,483.150896,483.15089981986074,483.1506376936291,3427591.3,-9999,221089.6,28.96,-1,0.5425352078261803,0.9479927598079448,0,0.5687956558847669,4,1.9411764705882353,0.35294117647058826,N4 S2 P1 O6,de-protonated,0,-9999,C17 H33 O6 N4 P1 S2,17,33,6,4,1,2,-9999,N/A,-9999,-9999,N/A,-9999
2179,483.15696,483.1569638246678,483.15702942734913,3959818.5,-9999,395449,33.7,-1,-0.13577921324970746,0.4983302009380257,0.7612342259156645,0.6034918109290812,17,0.9655172413793104,0.03448275862068965,N2 S2 O1,de-protonated,0,-9999,C29 H28 O1 N2 S2,29,28,1,2,-9999,2,-9999,N/A,-9999,-9999,N/A,-9999
2179,483.15696,483.1569638246678,483.1571623690791,3959818.5,-9999,395449,33.7,-1,-0.4109313216952145,0.4849122018571349,0.8370420509349343,0.6257641414882547,4,1.8333333333333333,0.5,N2 S1 P1 O9,de-protonated,0,-9999,C18 H33 O9 N2 P1 S1,18,33,9,2,1,1,-9999,N/A,-9999,-9999,N/A,-9999
2180,483.15882,483.15882382614217,483.1586831976291,8699916,-9999,240101,75.96,-1,0.2910607176402529,0.6409106573915472,0.8905833938044249,0.7407797519566983,12,1.2222222222222223,0.07407407407407407,S2 P1 O2,de-protonated,0,-9999,C27 H33 O2 P1 S2,27,33,2,-9999,1,2,-9999,N/A,-9999,-9999,N/A,-9999
2180,483.15882,483.15882382614217,483.1591512282791,8699916,-9999,240101,75.96,-1,-0.6776279329194892,0.9475856377460844,0.9407156098810076,0.9448376266000538,18,0.925925925925926,0.1111111111111111,N4 P1 O3,de-protonated,0,-9999,C27 H25 O3 N4 P1,27,25,3,4,1,-9999,-9999,N/A,-9999,-9999,N/A,-9999
2180,483.15882,483.15882382614217,483.15887990211905,8699916,-9999,240101,75.96,-1,-0.11606115341874695,0.663728516611528,0.929726257949748,0.770127613146816,4,1.8823529411764703,0.4705882352941176,N4 S2 O8,de-protonated,0,-9999,C17 H32 O8 N4 S2,17,32,8,4,-9999,2,-9999,N/A,-9999,-9999,N/A,-9999
2181,483.16173,483.161733828449,483.1620332742491,2833421.3,-9999,261649.9,23.66,-1,-0.6197626872598391,0.9326777856988996,0,0.5596066714193396,9,1.3333333333333333,0.5238095238095238,N2 O11,de-protonated,0,-9999,C21 H28 O11 N2,21,28,11,2,-9999,-9999,-9999,N/A,-9999,-9999,N/A,-9999
2182,483.168447,483.1684508337736,483.16839575836906,25474066,-9999,234901.3,225.51,-1,0.1139880112515328,0.6628283847761222,0.9602299353564844,0.7817890050082671,4,1.9411764705882353,0.4705882352941176,N4 S1 P1 O8,de-protonated,0,-9999,C17 H33 O8 N4 P1 S1,17,33,8,4,1,1,-9999,N/A,-9999,-9999,N/A,-9999
2183,483.171523,483.171526836212,483.1719292530191,2050066.8,-9999,244249,16.68,-1,-0.8328646238361656,0.8817344658008754,0,0.5290406794805252,4,1.6842105263157894,0.7368421052631579,O14,de-protonated,0,-9999,C19 H32 O14,19,32,14,-9999,-9999,-9999,-9999,N/A,-9999,-9999,N/A,-9999
2183,483.171523,483.171526836212,483.1714161887691,2050066.8,-9999,244249,16.68,-1,0.22900245988323856,0.9905295746505272,0,0.5943177447903163,22,0.75,0.09375,N2 O3,de-protonated,0,-9999,C32 H24 O3 N2,32,24,3,2,-9999,-9999,-9999,N/A,-9999,-9999,N/A,-9999
2184,483.176393,483.17639684007247,483.17644126236905,1819669.4,-9999,421421.9,14.62,-1,-0.0919380433087031,0.9984674616812704,0,0.5990804770087622,12,1.2222222222222223,0.14814814814814814,S1 P1 O4,de-protonated,0,-9999,C27 H33 O4 P1 S1,27,33,4,-9999,1,1,-9999,N/A,-9999,-9999,N/A,-9999
2184,483.176393,483.17639684007247,483.1765016212391,1819669.4,-9999,421421.9,14.62,-1,-0.21685898685269372,0.991503167679752,0.989726772935826,0.9907926097821816,4,2,0.4705882352941176,13C1 N3 S1 P1 O8,de-protonated,1,2162,C17 H34 O8 N3 P1 S1 13C1,17,34,8,3,1,1,1,N/A,-9999,-9999,N/A,-9999
2184,483.176393,483.17639684007247,483.1766379668591,1819669.4,-9999,421421.9,14.62,-1,-0.4990447958378353,0.9558167995217312,0,0.5734900797130388,4,1.8823529411764703,0.5882352941176471,N4 S1 O10,de-protonated,0,-9999,C17 H32 O10 N4 S1,17,32,10,4,-9999,1,-9999,N/A,-9999,-9999,N/A,-9999
2185,483.177398,483.1774018408691,483.17728941553906,1854485.9,-9999,334277.5,14.94,-1,0.23267925147394847,0.9902245281282074,0,0.5941347168769244,13,1.12,0.32,N2 O8,de-protonated,0,-9999,C25 H28 O8 N2,25,28,8,2,-9999,-9999,-9999,N/A,-9999,-9999,N/A,-9999
2185,483.177398,483.1774018408691,483.17759355130903,1854485.9,-9999,334277.5,14.94,-1,-0.39677013688967683,0.5997569232641589,0.9374410470402595,0.7348305727745992,0,2.6153846153846154,1,13C2 N2 S1 O13,de-protonated,1,2155,C13 H34 O13 N2 S1 13C2,13,34,13,2,-9999,1,2,N/A,-9999,-9999,N/A,-9999
2186,483.178627,483.17863084184336,483.1788102440891,2012438.6,-9999,285036.5,16.34,-1,-0.3712957645187951,0.48764782911633936,0.731135910132286,0.585043061522718,21,0.8235294117647058,0.02941176470588235,S1 O1,de-protonated,0,-9999,C34 H28 O1 S1,34,28,1,-9999,-9999,1,-9999,N/A,-9999,-9999,N/A,-9999
2186,483.178627,483.17863084184336,483.17894318581904,2012438.6,-9999,285036.5,16.34,-1,-0.6464354046964775,0.9269797604520597,0,0.5561878562712358,8,1.434782608695652,0.391304347826087,P1 O9,de-protonated,0,-9999,C23 H33 O9 P1,23,33,9,-9999,1,-9999,-9999,N/A,-9999,-9999,N/A,-9999
2186,483.178627,483.17863084184336,483.1782449999891,2012438.6,-9999,285036.5,16.34,-1,0.7985497241659105,0.6854184220609387,0.9438075415267002,0.7887740698472434,9,1.4285714285714286,0.5238095238095238,13C2 O11,de-protonated,1,2155,C21 H30 O11 13C2,21,30,11,-9999,-9999,-9999,2,N/A,-9999,-9999,N/A,-9999
2186,483.178627,483.17863084184336,483.17815879540905,2012438.6,-9999,285036.5,16.34,-1,0.976961449349672,0.8409825526306707,0,0.5045895315784024,12,1.2307692307692308,0.1153846153846154,N2 S2 O3,de-protonated,0,-9999,C26 H32 O3 N2 S2,26,32,3,2,-9999,2,-9999,N/A,-9999,-9999,N/A,-9999
2187,483.186785,483.18678884831024,483.1871853943091,2811931.3,-9999,183744.2,23.47,-1,-0.820688153246285,0.8849616569562873,0,0.5309769941737723,8,1.391304347826087,0.4782608695652174,O11,de-protonated,0,-9999,C23 H32 O11,23,32,11,-9999,-9999,-9999,-9999,N/A,-9999,-9999,N/A,-9999
2187,483.186785,483.18678884831024,483.18702320297905,2811931.3,-9999,183744.2,23.47,-1,-0.4850185488256221,0.9582136281374438,0,0.5749281768824662,3,2.0555555555555554,0.2777777777777778,N4 S2 P1 O5,de-protonated,0,-9999,C18 H37 O5 N4 P1 S2,18,37,5,4,1,2,-9999,N/A,-9999,-9999,N/A,-9999
2188,483.193346,483.1933498535113,483.1935478784291,2130974.8,-9999,467018.3,17.4,-1,-0.40982525264546793,0.969984167857884,0,0.5819905007147304,3,1.9473684210526316,0.42105263157894735,N2 S1 P1 O8,de-protonated,0,-9999,C19 H37 O8 N2 P1 S1,19,37,8,2,1,1,-9999,N/A,-9999,-9999,N/A,-9999
2189,483.195038,483.1950418548525,483.19506870697904,4371744,-9999,215367.4,37.38,-1,-0.05557202109774865,0.49971989907583153,0.7675537279851021,0.6068534306395398,11,1.3214285714285714,0.03571428571428571,S2 P1 O1,de-protonated,0,-9999,C28 H37 O1 P1 S2,28,37,1,-9999,1,2,-9999,N/A,-9999,-9999,N/A,-9999
2189,483.195038,483.1950418548525,483.19526541146905,4371744,-9999,215367.4,37.38,-1,-0.46266309412315026,0.48095211484638456,0.8370420509349343,0.6233880892818044,3,2,0.3888888888888889,N4 S2 O7,de-protonated,0,-9999,C18 H36 O7 N4 S2,18,36,7,4,-9999,2,-9999,N/A,-9999,-9999,N/A,-9999
2190,484.09986,484.0998645721126,484.1000111459391,2486808.3,-9999,216580.1,20.57,-1,-0.3027759205196766,0.9835035887101056,0.9572988571682056,0.9730216960933458,10,1.2,0.55,13C1 S1 O11,de-protonated,1,2172,C20 H24 O11 S1 13C1,20,24,11,-9999,-9999,1,1,N/A,-9999,-9999,N/A,-9999
2190,484.09986,484.0998645721126,484.09963102341914,2486808.3,-9999,216580.1,20.57,-1,0.48243931312000254,0.9586475760298024,0.9431827320625576,0.9524616384429044,15,0.9545454545454546,0.3636363636363637,13C1 N2 P1 O8,de-protonated,1,2172,C22 H21 O8 N2 P1 13C1,22,21,8,2,1,-9999,1,N/A,-9999,-9999,N/A,-9999
2190,484.09986,484.0998645721126,484.09976736903906,2486808.3,-9999,216580.1,20.57,-1,0.20079140727411243,0.9927111921242108,0,0.5956267152745265,15,0.8636363636363636,0.4545454545454546,N3 O10,de-protonated,0,-9999,C22 H19 O10 N3,22,19,10,3,-9999,-9999,-9999,N/A,-9999,-9999,N/A,-9999
2191,484.117475,484.11747958607623,484.1175466604791,1762850.1,-9999,297568.8,14.11,-1,-0.1385498282048289,0.9965229600092708,0,0.5979137760055625,13,1.12,0.12,N1 S2 P1 O3,de-protonated,0,-9999,C25 H28 O3 N1 P1 S2,25,28,3,1,1,2,-9999,N/A,-9999,-9999,N/A,-9999
2192,484.125594,484.1255985925122,484.1256525233492,2003238.6,-9999,208082.5,16.26,-1,-0.1113984287279741,0.6651672171821857,0.9034155010321336,0.760466530722165,13,1.16,0.12,13C1 S2 P1 O3,de-protonated,1,2176,C25 H29 O3 P1 S2 13C1,25,29,3,-9999,1,2,1,N/A,-9999,-9999,N/A,-9999
2192,484.125594,484.1255985925122,484.1257888689691,2003238.6,-9999,208082.5,16.26,-1,-0.3930310289068089,0.9723601741432132,0,0.583416104485928,13,1.08,0.2,N1 S2 O5,de-protonated,0,-9999,C25 H27 O5 N1 S2,25,27,5,1,-9999,2,-9999,N/A,-9999,-9999,N/A,-9999
2192,484.125594,484.1255985925122,484.12592181069914,2003238.6,-9999,208082.5,16.26,-1,-0.6676324741186698,0.9223064926280444,0,0.5533838955768265,0,2.2857142857142856,0.9285714285714286,N1 S1 P1 O13,de-protonated,0,-9999,C14 H32 O13 N1 P1 S1,14,32,13,1,1,1,-9999,N/A,-9999,-9999,N/A,-9999
2192,484.125594,484.1255985925122,484.1254087464491,2003238.6,-9999,208082.5,16.26,-1,0.39214232432658575,0.9724832949508384,0,0.583489976970503,18,0.8888888888888888,0.07407407407407407,N3 S1 P1 O2,de-protonated,0,-9999,C27 H24 O2 N3 P1 S1,27,24,2,3,1,1,-9999,N/A,-9999,-9999,N/A,-9999
2192,484.125594,484.1255985925122,484.125849227839,2003238.6,-9999,208082.5,16.26,-1,-0.5177069708062216,0.6350210842352423,0.9291242454535252,0.7526623487225554,5,1.8666666666666667,0.6,13C1 N4 S2 O9,de-protonated,1,2176,C15 H28 O9 N4 S2 13C1,15,28,9,4,-9999,2,1,N/A,-9999,-9999,N/A,-9999
2193,484.162321,484.16232562162605,484.1620380326992,1740859.1,-9999,258376,13.92,-1,0.5939931351274612,0.6253240666392385,0.8905833938044249,0.7314277975053131,12,1.2692307692307692,0.07692307692307693,13C1 S2 P1 O2,de-protonated,1,2180,C26 H33 O2 P1 S2 13C1,26,33,2,-9999,1,2,1,N/A,-9999,-9999,N/A,-9999
2193,484.162321,484.16232562162605,484.16217437831904,1740859.1,-9999,258376,13.92,-1,0.31238150152953187,0.9824496705534408,0,0.5894698023320645,12,1.1923076923076923,0.15384615384615383,N1 S2 O4,de-protonated,0,-9999,C26 H31 O4 N1 S2,26,31,4,1,-9999,2,-9999,N/A,-9999,-9999,N/A,-9999
2193,484.162321,484.16232562162605,484.1625060633491,1740859.1,-9999,258376,13.92,-1,-0.3726883450145178,0.975112328347732,0.9407156098810076,0.9613536409610424,18,0.9615384615384616,0.1153846153846154,13C1 N4 P1 O3,de-protonated,1,2180,C26 H25 O3 N4 P1 13C1,26,25,3,4,1,-9999,1,N/A,-9999,-9999,N/A,-9999
2193,484.162321,484.16232562162605,484.1622347371891,1740859.1,-9999,258376,13.92,-1,0.18771484103568364,0.662417809238212,0.929726257949748,0.7693411887228265,4,2,0.5,13C1 N4 S2 O8,de-protonated,1,2180,C16 H32 O8 N4 S2 13C1,16,32,8,4,-9999,2,1,N/A,-9999,-9999,N/A,-9999
2194,484.170152,484.1701566278337,484.170463444319,3223615.5,-9999,358475.2,27.14,-1,-0.6336951725232612,0.4648635060766078,0.7658567483085936,0.5852608029694022,12,1.2592592592592593,0.03703703703703703,N1 S1 34S1 P1 O1,de-protonated,1,2163,C27 H34 O1 N1 P1 S1 34S1,27,34,1,1,1,1,-9999,N/A,-9999,-9999,N/A,1
2194,484.170152,484.1701566278337,484.1700345458391,3223615.5,-9999,358475.2,27.14,-1,0.25214694406459714,0.6018432792799838,0.9374410470402595,0.7360823863840942,0,2.4285714285714284,0.9285714285714286,13C1 N2 34S1 O13,de-protonated,1,2155,C14 H34 O13 N2 13C1 34S1,14,34,13,2,-9999,-9999,1,N/A,-9999,-9999,N/A,1
2194,484.170152,484.1701566278337,484.1700364642891,3223615.5,-9999,358475.2,27.14,-1,0.2481845953480797,0.49444289243467326,0.7675537279851021,0.6036872266548448,17,0.9642857142857144,0.10714285714285714,N3 S1 O3,de-protonated,0,-9999,C28 H27 O3 N3 S1,28,27,3,3,-9999,1,-9999,N/A,-9999,-9999,N/A,-9999
2194,484.170152,484.1701566278337,484.1701694060191,3223615.5,-9999,358475.2,27.14,-1,-0.02639193038936198,0.999873622808872,0,0.5999241736853231,4,1.8823529411764703,0.6470588235294118,N3 P1 O11,de-protonated,0,-9999,C17 H32 O11 N3 P1,17,32,11,3,1,-9999,-9999,N/A,-9999,-9999,N/A,-9999
2194,484.170152,484.1701566278337,484.1705238031891,3223615.5,-9999,358475.2,27.14,-1,-0.7583595806471578,0.4586553603482096,0.9018889520709878,0.635948797037321,4,2.0588235294117645,0.29411764705882354,13C1 N4 S1 34S1 P1 O5,de-protonated,1,2155,C17 H35 O5 N4 P1 S1 13C1 34S1,17,35,5,4,1,1,1,N/A,-9999,-9999,N/A,1
2195,484.171855,484.1718596291837,484.1716902345691,5953088.5,-9999,214958.5,51.47,-1,0.34986476495538665,0.48901727095885456,0.7805128205128198,0.6056154907804406,12,1.2307692307692308,0.15384615384615383,N1 S1 P1 O4,de-protonated,0,-9999,C26 H32 O4 N1 P1 S1,26,32,4,1,1,1,-9999,N/A,-9999,-9999,N/A,-9999
2195,484.171855,484.1718596291837,484.171750593439,5953088.5,-9999,214958.5,51.47,-1,0.22520055020782256,0.6605599923474496,0.9602299353564844,0.7804279695510635,4,2.0625,0.5,13C1 N4 S1 P1 O8,de-protonated,1,2182,C16 H33 O8 N4 P1 S1 13C1,16,33,8,4,1,1,1,N/A,-9999,-9999,N/A,-9999
2196,485.053186,485.05319132782233,485.05362698498914,1636910.5,-9999,257456.4,12.99,-1,-0.8981628887346325,0.8638345394952855,0,0.5183007236971713,24,0.5,0.03571428571428571,N4 S2 O1,de-protonated,0,-9999,C28 H14 O1 N4 S2,28,14,1,4,-9999,2,-9999,N/A,-9999,-9999,N/A,-9999
2196,485.053186,485.05319132782233,485.0527576051191,1636910.5,-9999,257456.4,12.99,-1,0.8941763476958834,0.8649552215167192,0,0.5189731329100316,25,0.3703703703703703,0.2222222222222222,N4 O6,de-protonated,0,-9999,C27 H10 O6 N4,27,10,6,4,-9999,-9999,-9999,N/A,-9999,-9999,N/A,-9999
2197,485.065338,485.0653433374553,485.065176734039,2827829.5,-9999,243917.2,23.6,-1,0.34346604184459695,0.9788221617601004,0,0.5872932970560601,14,0.9583333333333334,0.20833333333333337,S2 P1 O5,de-protonated,0,-9999,C24 H23 O5 P1 S2,24,23,5,-9999,1,2,-9999,N/A,-9999,-9999,N/A,-9999
2197,485.065338,485.0653433374553,485.0656447646891,2827829.5,-9999,243917.2,23.6,-1,-0.6214153425646078,0.9323307125595052,0,0.5593984275357031,20,0.625,0.25,N4 P1 O6,de-protonated,0,-9999,C24 H15 O6 N4 P1,24,15,6,4,1,-9999,-9999,N/A,-9999,-9999,N/A,-9999
2197,485.065338,485.0653433374553,485.06537343852904,2827829.5,-9999,243917.2,23.6,-1,-0.0620557049981616,0.9993015014083314,0,0.5995809008449988,6,1.5714285714285714,0.7857142857142857,N4 S2 O11,de-protonated,0,-9999,C14 H22 O11 N4 S2,14,22,11,4,-9999,2,-9999,N/A,-9999,-9999,N/A,-9999
2198,485.072476,485.0724813431137,485.0725495626591,1575993.4,-9999,384987,12.44,-1,-0.1406378189974362,0.996417559442232,0,0.5978505356653391,15,0.782608695652174,0.5217391304347826,O12,de-protonated,0,-9999,C23 H18 O12,23,18,12,-9999,-9999,-9999,-9999,N/A,-9999,-9999,N/A,-9999
2198,485.072476,485.0724813431137,485.07238737132906,1575993.4,-9999,384987,12.44,-1,0.19372734269924533,0.9932133136817208,0,0.5959279882090326,10,1.2777777777777777,0.3333333333333333,N4 S2 P1 O6,de-protonated,0,-9999,C18 H23 O6 N4 P1 S2,18,23,6,4,1,2,-9999,N/A,-9999,-9999,N/A,-9999
2199,485.08038,485.0803853493792,485.08043287532905,2256189.8,-9999,203348.2,18.51,-1,-0.09797540075687484,0.9982597575338926,0,0.5989558545203355,18,0.8214285714285714,0.07142857142857142,S2 P1 O2,de-protonated,0,-9999,C28 H23 O2 P1 S2,28,23,2,-9999,1,2,-9999,N/A,-9999,-9999,N/A,-9999
2199,485.08038,485.0803853493792,485.080629579819,2256189.8,-9999,203348.2,18.51,-1,-0.5034842145179133,0.9550452279939796,0,0.5730271367963877,10,1.2222222222222223,0.4444444444444444,N4 S2 O8,de-protonated,0,-9999,C18 H22 O8 N4 S2,18,22,8,4,-9999,2,-9999,N/A,-9999,-9999,N/A,-9999
2200,485.089222,485.0892273563884,485.0888080255491,1780034.8,-9999,228212.2,14.26,-1,0.8644413813618882,0.8732013169945781,0,0.5239207901967469,5,1.588235294117647,0.7058823529411765,S1 P1 O12,de-protonated,0,-9999,C17 H27 O12 P1 S1,17,27,12,-9999,1,1,-9999,N/A,-9999,-9999,N/A,-9999
2200,485.089222,485.0892273563884,485.0891431144691,1780034.8,-9999,228212.2,14.26,-1,0.173662759705317,0.9945426792610484,0,0.5967256075566291,24,0.5,0.17857142857142858,N4 O5,de-protonated,0,-9999,C28 H14 O5 N4,28,14,5,4,-9999,-9999,-9999,N/A,-9999,-9999,N/A,-9999
2201,485.092017,485.092022358604,485.09217932886907,3355716.3,-9999,358817.2,28.31,-1,-0.32358852961874374,0.9811799432558324,0,0.5887079659534995,0,2.2142857142857144,0.8571428571428571,S2 P1 O12,de-protonated,0,-9999,C14 H31 O12 P1 S2,14,31,12,-9999,1,2,-9999,N/A,-9999,-9999,N/A,-9999
2201,485.092017,485.092022358604,485.09166626461905,3355716.3,-9999,358817.2,28.31,-1,0.7340756597991493,0.4534256802235753,0.7739790330151772,0.5816470213402161,18,0.8518518518518519,0.03703703703703703,N2 S2 P1 O1,de-protonated,0,-9999,C27 H23 O1 N2 P1 S2,27,23,1,2,1,2,-9999,N/A,-9999,-9999,N/A,-9999
2202,485.093898,485.0939033600951,485.09367893071914,5765189.5,-9999,206914.6,49.79,-1,0.4626516191070394,0.4809530414603837,0.8221557383861046,0.6174341202306721,10,1.1,0.7,O14,de-protonated,0,-9999,C20 H22 O14,20,22,14,-9999,-9999,-9999,-9999,N/A,-9999,-9999,N/A,-9999
2202,485.093898,485.0939033600951,485.0941681880691,5765189.5,-9999,206914.6,49.79,-1,-0.5459310611132338,0.47367858486151454,0.8007932653391621,0.6045244570525736,14,1,0.2608695652173913,N2 S1 P1 O6,de-protonated,0,-9999,C23 H23 O6 N2 P1 S1,23,23,6,2,1,1,-9999,N/A,-9999,-9999,N/A,-9999
2202,485.093898,485.0939033600951,485.09351673938914,5765189.5,-9999,206914.6,49.79,-1,0.7970024183501844,0.4455678608185958,0.8604105061749866,0.6115049189611521,5,1.8,0.5333333333333333,N4 S2 P1 O8,de-protonated,0,-9999,C15 H27 O8 N4 P1 S2,15,27,8,4,1,2,-9999,N/A,-9999,-9999,N/A,-9999
2203,485.100015,485.100020364944,485.0999084731091,3560520.8,-9999,426099.6,30.14,-1,0.23065729961817416,0.4951964349305179,0.7739790330151771,0.6067094741643816,18,0.8148148148148148,0.1111111111111111,N2 S2 O3,de-protonated,0,-9999,C27 H22 O3 N2 S2,27,22,3,2,-9999,2,-9999,N/A,-9999,-9999,N/A,-9999
2203,485.100015,485.100020364944,485.1000414148391,3560520.8,-9999,426099.6,30.14,-1,-0.04339289477753717,0.9996584007670082,0,0.5997950404602049,5,1.6875,0.6875,N2 S1 P1 O11,de-protonated,0,-9999,C16 H27 O11 N2 P1 S1,16,27,11,2,1,1,-9999,N/A,-9999,-9999,N/A,-9999
2204,485.101437,485.1014423660713,485.1015622433891,6084681.5,-9999,236651.7,52.64,-1,-0.24711797923674983,0.49449029147046214,0.7871578612348809,0.6115573193762296,13,1.08,0.16,S2 P1 O4,de-protonated,0,-9999,C25 H27 O4 P1 S2,25,27,4,-9999,1,2,-9999,N/A,-9999,-9999,N/A,-9999
2204,485.101437,485.1014423660713,485.1017589478791,6084681.5,-9999,236651.7,52.64,-1,-0.6526090700664847,0.46281590297592384,0.8604105061749866,0.621853744255549,5,1.7333333333333334,0.6666666666666666,N4 S2 O10,de-protonated,0,-9999,C15 H26 O10 N4 S2,15,26,10,4,-9999,2,-9999,N/A,-9999,-9999,N/A,-9999
2205,485.115322,485.1153273770781,485.1156776786491,1542225.4,-9999,476184.4,12.14,-1,-0.722099052115267,0.909725610731088,0,0.5458353664386527,4,1.6666666666666667,0.6111111111111112,S2 O11,de-protonated,0,-9999,C18 H30 O11 S2,18,30,11,-9999,-9999,2,-9999,N/A,-9999,-9999,N/A,-9999
2205,485.115322,485.1153273770781,485.11529755612906,1542225.4,-9999,476184.4,12.14,-1,0.06147187928302244,0.9993145781751052,0,0.599588746905063,9,1.35,0.4,N2 S1 P1 O8,de-protonated,0,-9999,C20 H27 O8 N2 P1 S1,20,27,8,2,1,1,-9999,N/A,-9999,-9999,N/A,-9999
2206,485.116692,485.1166973781641,485.1168183846791,2814546.3,-9999,271714.9,23.48,-1,-0.24943788886407403,0.49438694268066075,0.7612342259156645,0.6011258559746623,17,0.9310344827586208,0.03448275862068965,S2 P1 O1,de-protonated,0,-9999,C29 H27 O1 P1 S2,29,27,1,-9999,1,2,-9999,N/A,-9999,-9999,N/A,-9999
2206,485.116692,485.1166973781641,485.1170150891691,2814546.3,-9999,271714.9,23.48,-1,-0.6549162267176862,0.9251252814873284,0,0.555075168892397,9,1.368421052631579,0.3684210526315789,N4 S2 O7,de-protonated,0,-9999,C19 H26 O7 N4 S2,19,26,7,4,-9999,2,-9999,N/A,-9999,-9999,N/A,-9999
2207,485.130121,485.13012638880934,485.130064440069,3287129.8,-9999,275626.3,27.7,-1,0.12769511696965152,0.4985228313031531,0.8149093904448101,0.6250774549598159,9,1.238095238095238,0.6190476190476191,O13,de-protonated,0,-9999,C21 H26 O13,21,26,13,-9999,-9999,-9999,-9999,N/A,-9999,-9999,N/A,-9999
2207,485.130121,485.13012638880934,485.1305536974191,3287129.8,-9999,275626.3,27.7,-1,-0.8808115804857675,0.4343431710067757,0.7939170211058493,0.5781727110464052,13,1.125,0.20833333333333337,N2 S1 P1 O5,de-protonated,0,-9999,C24 H27 O5 N2 P1 S1,24,27,5,2,1,1,-9999,N/A,-9999,-9999,N/A,-9999
2207,485.130121,485.13012638880934,485.1299022487391,3287129.8,-9999,275626.3,27.7,-1,0.46202072727276344,0.9620079074148326,0,0.5772047444488995,4,1.9375,0.4375,N4 S2 P1 O7,de-protonated,0,-9999,C16 H31 O7 N4 P1 S2,16,31,7,4,1,2,-9999,N/A,-9999,-9999,N/A,-9999
2208,485.137827,485.137832394918,485.1379477527391,6764638,-9999,228388.6,58.7,-1,-0.237783545087876,0.9861510401414408,0.9819268407592442,0.984461360388562,12,1.1923076923076923,0.1153846153846154,S2 P1 O3,de-protonated,0,-9999,C26 H31 O3 P1 S2,26,31,3,-9999,1,2,-9999,N/A,-9999,-9999,N/A,-9999
2208,485.137827,485.137832394918,485.1381444572291,6764638,-9999,228388.6,58.7,-1,-0.6432442277464124,0.963055855578486,0.9461085993141098,0.9562769530727356,4,1.875,0.5625,N4 S2 O9,de-protonated,0,-9999,C16 H30 O9 N4 S2,16,30,9,4,-9999,2,-9999,N/A,-9999,-9999,N/A,-9999
2209,485.153391,485.1533964072557,485.1536719246791,2440038.8,-9999,240889,20.15,-1,-0.5678972238031427,0.4715803873589888,0.7550179348240813,0.5849554063450259,22,0.7666666666666667,0.03333333333333333,N4 P1 O1,de-protonated,0,-9999,C30 H23 O1 N4 P1,30,23,1,4,1,-9999,-9999,N/A,-9999,-9999,N/A,-9999
2209,485.153391,485.1533964072557,485.15340059851906,2440038.8,-9999,240889,20.15,-1,-0.00863904770481144,0.9999864580055334,0,0.5999918748033201,8,1.5,0.3,N4 S2 O6,de-protonated,0,-9999,C20 H30 O6 N4 S2,20,30,6,4,-9999,2,-9999,N/A,-9999,-9999,N/A,-9999
2210,485.164812,485.1648174163092,485.1652854364891,1991789.3,-9999,395734.5,16.15,-1,-0.9646613101337292,0.8446347733894917,0,0.5067808640336949,17,0.9629629629629628,0.1111111111111111,N4 S1 O3,de-protonated,0,-9999,C27 H26 O3 N4 S1,27,26,3,4,-9999,1,-9999,N/A,-9999,-9999,N/A,-9999
2211,485.16615,485.1661554173699,485.1664499494191,3850350,-9999,277653,32.72,-1,-0.6070742302942316,0.4676579530011248,0.8077896627745539,0.6037106369104965,8,1.3636363636363635,0.5454545454545454,O12,de-protonated,0,-9999,C22 H30 O12,22,30,12,-9999,-9999,-9999,-9999,N/A,-9999,-9999,N/A,-9999
2211,485.16615,485.1661554173699,485.1659368851691,3850350,-9999,277653,32.72,-1,0.4504277488922328,0.48192806164736607,0.7253996187124169,0.5793166844733864,26,0.6285714285714286,0.02857142857142857,N2 O1,de-protonated,0,-9999,C35 H22 O1 N2,35,22,1,2,-9999,-9999,-9999,N/A,-9999,-9999,N/A,-9999
2211,485.16615,485.1661554173699,485.16628775808914,3850350,-9999,277653,32.72,-1,-0.2727739386934847,0.9865899247772856,0,0.5919539548663714,3,2.0588235294117645,0.35294117647058826,N4 S2 P1 O6,de-protonated,0,-9999,C17 H35 O6 N4 P1 S2,17,35,6,4,1,2,-9999,N/A,-9999,-9999,N/A,-9999
2212,485.172669,485.1726744225375,485.17267949180905,2170481.8,-9999,459086.6,17.74,-1,-0.01044838621778886,0.9999801916654584,0,0.599988114999275,16,1.0344827586206895,0.03448275862068965,N2 S2 O1,de-protonated,0,-9999,C29 H30 O1 N2 S2,29,30,1,2,-9999,2,-9999,N/A,-9999,-9999,N/A,-9999
2212,485.172669,485.1726744225375,485.1728124335391,2170481.8,-9999,459086.6,17.74,-1,-0.28445741002308506,0.9854251513585776,0,0.5912550908151466,3,1.9444444444444444,0.5,N2 S1 P1 O9,de-protonated,0,-9999,C18 H35 O9 N2 P1 S1,18,35,9,2,1,1,-9999,N/A,-9999,-9999,N/A,-9999
2213,485.174513,485.1745184239993,485.17433326208914,4339314.5,-9999,221108.5,37.08,-1,0.3816399538743313,0.4869591646960047,0.7739790330151772,0.6017671120236738,11,1.2962962962962965,0.07407407407407407,S2 P1 O2,de-protonated,0,-9999,C27 H35 O2 P1 S2,27,35,2,-9999,1,2,-9999,N/A,-9999,-9999,N/A,-9999
2213,485.174513,485.1745184239993,485.1748012927391,4339314.5,-9999,221108.5,37.08,-1,-0.5830243843306033,0.47009299028301127,0.7739790330151772,0.5916474073758777,17,1,0.1111111111111111,N4 P1 O3,de-protonated,0,-9999,C27 H27 O3 N4 P1,27,27,3,4,1,-9999,-9999,N/A,-9999,-9999,N/A,-9999
2213,485.174513,485.1745184239993,485.1745299665791,4339314.5,-9999,221108.5,37.08,-1,-0.0237905724053843,0.49994865344451545,0.8446892076502734,0.6378448751268186,3,2,0.4705882352941176,N4 S2 O8,de-protonated,0,-9999,C17 H34 O8 N4 S2,17,34,8,4,-9999,2,-9999,N/A,-9999,-9999,N/A,-9999
2214,485.189592,485.1895974359525,485.1897861078691,2169979.3,-9999,371452,17.74,-1,-0.388862094775444,0.9729354575646004,0,0.5837612745387603,7,1.619047619047619,0.23809523809523808,N4 S2 O5,de-protonated,0,-9999,C21 H34 O5 N4 S2,21,34,5,4,-9999,2,-9999,N/A,-9999,-9999,N/A,-9999
2216,485.202631,485.2026364462887,485.2028354587691,2313474.5,-9999,189384.5,19.02,-1,-0.41016347357390975,0.96993535706016,0,0.581961214236096,7,1.4782608695652173,0.4782608695652174,O11,de-protonated,0,-9999,C23 H34 O11,23,34,11,-9999,-9999,-9999,-9999,N/A,-9999,-9999,N/A,-9999
2216,485.202631,485.2026364462887,485.2026732674391,2313474.5,-9999,189384.5,19.02,-1,-0.07588818532329507,0.9989555797773352,0,0.5993733478664011,2,2.1666666666666665,0.2777777777777778,N4 S2 P1 O5,de-protonated,0,-9999,C18 H39 O5 N4 P1 S2,18,39,5,4,1,2,-9999,N/A,-9999,-9999,N/A,-9999
2217,485.210984,485.21098945291016,485.2107187714391,1810055.3,-9999,231040.1,14.53,-1,0.5578637499280408,0.9450957801781532,0,0.567057468106892,10,1.3928571428571428,0.03571428571428571,S2 P1 O1,de-protonated,0,-9999,C28 H39 O1 P1 S2,28,39,1,-9999,1,2,-9999,N/A,-9999,-9999,N/A,-9999
2217,485.210984,485.21098945291016,485.2111868020891,1810055.3,-9999,231040.1,14.53,-1,-0.4067284191487521,0.970429332542952,0,0.5822575995257712,16,1.1071428571428572,0.07142857142857142,N4 P1 O2,de-protonated,0,-9999,C28 H31 O2 N4 P1,28,31,2,4,1,-9999,-9999,N/A,-9999,-9999,N/A,-9999
2217,485.210984,485.21098945291016,485.2109154759291,1810055.3,-9999,231040.1,14.53,-1,0.15246355494319092,0.9957910831078536,0,0.5974746498647121,2,2.111111111111111,0.3888888888888889,N4 S2 O7,de-protonated,0,-9999,C18 H38 O7 N4 S2,18,38,7,4,-9999,2,-9999,N/A,-9999,-9999,N/A,-9999
2218,485.223568,485.2235734628856,485.2239648268291,2133646.3,-9999,287041,17.41,-1,-0.8065635085282311,0.8886600789404886,0,0.5331960473642932,2,1.9,0.65,O13,de-protonated,0,-9999,C20 H38 O13,20,38,13,-9999,-9999,-9999,-9999,N/A,-9999,-9999,N/A,-9999
2218,485.223568,485.2235734628856,485.2234517625791,2133646.3,-9999,287041,17.41,-1,0.2508129112063025,0.49432524181387977,0.7369636471990462,0.5913806039679463,20,0.9090909090909092,0.06060606060606061,N2 O2,de-protonated,0,-9999,C33 H30 O2 N2,33,30,2,2,-9999,-9999,-9999,N/A,-9999,-9999,N/A,-9999
2219,485.286946,485.2869515131258,485.28683986675907,2169010,-9999,280056.1,17.73,-1,0.23006263024710527,0.9904421060804188,0,0.5942652636482513,5,1.75,0.3333333333333333,N2 O8,de-protonated,0,-9999,C24 H42 O8 N2,24,42,8,2,-9999,-9999,-9999,N/A,-9999,-9999,N/A,-9999
2220,486.141448,486.141454190497,486.1413025878091,1706131.8,-9999,402671.6,13.6,-1,0.31184901800176157,0.9825089260186348,0.9819268407592442,0.9822760919148784,12,1.24,0.12,13C1 S2 P1 O3,de-protonated,1,2208,C25 H31 O3 P1 S2 13C1,25,31,3,-9999,1,2,1,N/A,-9999,-9999,N/A,-9999
2220,486.141448,486.141454190497,486.14143893342913,1706131.8,-9999,402671.6,13.6,-1,0.03138401012933636,0.9998212969803558,0,0.5998927781882135,12,1.16,0.2,N1 S2 O5,de-protonated,0,-9999,C25 H29 O5 N1 S2,25,29,5,1,-9999,2,-9999,N/A,-9999,-9999,N/A,-9999
2220,486.141448,486.141454190497,486.1410588109091,1706131.8,-9999,402671.6,13.6,-1,0.8133021901885699,0.8869016961399558,0,0.5321410176839735,17,0.9629629629629628,0.07407407407407407,N3 S1 P1 O2,de-protonated,0,-9999,C27 H26 O2 N3 P1 S1,27,26,2,3,1,1,-9999,N/A,-9999,-9999,N/A,-9999
2220,486.141448,486.141454190497,486.14149929229905,1706131.8,-9999,402671.6,13.6,-1,-0.0927750503470273,0.9984394519820486,0.9461085993141098,0.9775071109148732,4,2,0.6,13C1 N4 S2 O9,de-protonated,1,2208,C15 H30 O9 N4 S2 13C1,15,30,9,4,-9999,2,1,N/A,-9999,-9999,N/A,-9999
2221,487.051167,487.051173911639,487.0516519264391,1641879.3,-9999,274322.4,13.02,-1,-0.981445804046903,0.8396434995356818,0,0.5037860997214091,10,1.2352941176470589,0.4117647058823529,N4 S2 P1 O7,de-protonated,0,-9999,C17 H21 O7 N4 P1 S2,17,21,7,4,1,2,-9999,N/A,-9999,-9999,N/A,-9999
2221,487.051167,487.051173911639,487.0507825465691,1641879.3,-9999,274322.4,13.02,-1,0.8035405832952836,0.8894452470404194,0,0.5336671482242517,11,1.0625,0.75,N4 P1 O12,de-protonated,0,-9999,C16 H17 O12 N4 P1,16,17,12,4,1,-9999,-9999,N/A,-9999,-9999,N/A,-9999
2222,487.059471,487.0594779182216,487.05969743043914,2631324,-9999,239105.4,21.84,-1,-0.4506885268866785,0.4819075132214311,0.7739790330151772,0.5987361211389296,18,0.7777777777777778,0.1111111111111111,S2 P1 O3,de-protonated,0,-9999,C27 H21 O3 P1 S2,27,21,3,-9999,1,2,-9999,N/A,-9999,-9999,N/A,-9999
2222,487.059471,487.0594779182216,487.0598941349291,2631324,-9999,239105.4,21.84,-1,-0.8545493327642104,0.8758996661437928,0,0.5255397996862756,10,1.1764705882352942,0.5294117647058824,N4 S2 O9,de-protonated,0,-9999,C17 H20 O9 N4 S2,17,20,9,4,-9999,2,-9999,N/A,-9999,-9999,N/A,-9999
2222,487.059471,487.0594779182216,487.05902475505906,2631324,-9999,239105.4,21.84,-1,0.9304070749427922,0.8546421937855129,0,0.5127853162713077,11,1,0.875,N4 O14,de-protonated,0,-9999,C16 H16 O14 N4,16,16,14,4,-9999,-9999,-9999,N/A,-9999,-9999,N/A,-9999
2223,487.068947,487.0689539257333,487.06927704944906,2340513.3,-9999,282243.8,19.25,-1,-0.6634040186576193,0.9232488651067534,0,0.553949319064052,23,0.5714285714285714,0.03571428571428571,N4 S2 O1,de-protonated,0,-9999,C28 H16 O1 N4 S2,28,16,1,4,-9999,2,-9999,N/A,-9999,-9999,N/A,-9999
2223,487.068947,487.0689539257333,487.0694099911792,2340513.3,-9999,282243.8,19.25,-1,-0.9363459016412792,0.8529247247204058,0,0.5117548348322435,10,1.2352941176470589,0.5294117647058824,N4 S1 P1 O9,de-protonated,0,-9999,C17 H21 O9 N4 P1 S1,17,21,9,4,1,1,-9999,N/A,-9999,-9999,N/A,-9999
2224,487.080715,487.08072193506194,487.08082679849906,2448040,-9999,223279.7,20.21,-1,-0.21528960153319823,0.9916251894555852,0,0.5949751136733511,13,1.0416666666666667,0.20833333333333337,S2 P1 O5,de-protonated,0,-9999,C24 H25 O5 P1 S2,24,25,5,-9999,1,2,-9999,N/A,-9999,-9999,N/A,-9999
2224,487.080715,487.08072193506194,487.081023502989,2448040,-9999,223279.7,20.21,-1,-0.6191329831647069,0.9328098202072748,0,0.5596858921243648,5,1.7142857142857142,0.7857142857142857,N4 S2 O11,de-protonated,0,-9999,C14 H24 O11 N4 S2,14,24,11,4,-9999,2,-9999,N/A,-9999,-9999,N/A,-9999
2225,487.087639,487.08764594055066,487.0876865628691,2385324,-9999,185098.3,19.65,-1,-0.08339836868412233,0.499369384085012,0.719752637322661,0.5875226853800717,32,0.3333333333333333,0.02777777777777777,N2 O1,de-protonated,0,-9999,C36 H12 O1 N2,36,12,1,2,-9999,-9999,-9999,N/A,-9999,-9999,N/A,-9999
2225,487.087639,487.08764594055066,487.08754817843914,2385324,-9999,185098.3,19.65,-1,0.20070747422752044,0.9927172622180004,0,0.5956303573308002,5,1.6,0.9333333333333332,N2 S1 O14,de-protonated,0,-9999,C15 H24 O14 N2 S1,15,24,14,2,-9999,1,-9999,N/A,-9999,-9999,N/A,-9999
2225,487.087639,487.08764594055066,487.0880374357891,2385324,-9999,185098.3,19.65,-1,-0.8037463627582532,0.8893918698804969,0,0.5336351219282981,9,1.3888888888888888,0.3333333333333333,N4 S2 P1 O6,de-protonated,0,-9999,C18 H25 O6 N4 P1 S2,18,25,6,4,1,2,-9999,N/A,-9999,-9999,N/A,-9999
2225,487.087639,487.08764594055066,487.0871680559191,2385324,-9999,185098.3,19.65,-1,0.9811070027930472,0.8397448069701002,0,0.5038468841820601,10,1.2352941176470589,0.6470588235294118,N4 P1 O11,de-protonated,0,-9999,C17 H21 O11 N4 P1,17,21,11,4,1,-9999,-9999,N/A,-9999,-9999,N/A,-9999
2226,487.096038,487.0960449472086,487.0960829397891,3677872.8,-9999,198443.2,31.17,-1,-0.07799812358243122,0.4994483641789372,0.7675537279851021,0.6066905097014031,17,0.8928571428571429,0.07142857142857142,S2 P1 O2,de-protonated,0,-9999,C28 H25 O2 P1 S2,28,25,2,-9999,1,2,-9999,N/A,-9999,-9999,N/A,-9999
2226,487.096038,487.0960449472086,487.09627964427904,3677872.8,-9999,198443.2,31.17,-1,-0.4818289119280973,0.9587499640692204,0,0.5752499784415323,9,1.3333333333333333,0.4444444444444444,N4 S2 O8,de-protonated,0,-9999,C18 H24 O8 N4 S2,18,24,8,4,-9999,2,-9999,N/A,-9999,-9999,N/A,-9999
2227,487.104896,487.1049029542304,487.1044580900091,1957557.8,-9999,275706.5,15.83,-1,0.9132830010760162,0.8595521510658719,0,0.5157312906395232,4,1.7058823529411764,0.7058823529411765,S1 P1 O12,de-protonated,0,-9999,C17 H29 O12 P1 S1,17,29,12,-9999,1,1,-9999,N/A,-9999,-9999,N/A,-9999
2227,487.104896,487.1049029542304,487.104793178929,1957557.8,-9999,275706.5,15.83,-1,0.22536280254826968,0.99082684531537,0,0.5944961071892221,23,0.5714285714285714,0.17857142857142858,N4 O5,de-protonated,0,-9999,C28 H16 O5 N4,28,16,5,4,-9999,-9999,-9999,N/A,-9999,-9999,N/A,-9999
2228,487.108825,487.108831957345,487.1088159309291,1747000,-9999,290347.7,13.96,-1,0.0329011000581621,0.9998036042814442,0,0.5998821625688665,27,0.48484848484848486,0.09090909090909093,N2 O3,de-protonated,0,-9999,C33 H16 O3 N2,33,16,3,2,-9999,-9999,-9999,N/A,-9999,-9999,N/A,-9999
2228,487.108825,487.108831957345,487.10916680384906,1747000,-9999,290347.7,13.96,-1,-0.6874157312036089,0.91783115477184,0,0.5506986928631039,4,1.9333333333333331,0.5333333333333333,N4 S2 P1 O8,de-protonated,0,-9999,C15 H29 O8 N4 P1 S2,15,29,8,4,1,2,-9999,N/A,-9999,-9999,N/A,-9999
2229,487.109617,487.1096239579728,487.10932899517906,1987768.4,-9999,295202.5,16.1,-1,0.6055371478269154,0.9356322826333358,0,0.5613793695800015,9,1.2,0.7,O14,de-protonated,0,-9999,C20 H24 O14,20,24,14,-9999,-9999,-9999,-9999,N/A,-9999,-9999,N/A,-9999
2229,487.109617,487.1096239579728,487.1098182525291,1987768.4,-9999,295202.5,16.1,-1,-0.3988721824694944,0.9715444008617456,0,0.5829266405170473,13,1.0869565217391304,0.2608695652173913,N2 S1 P1 O6,de-protonated,0,-9999,C23 H25 O6 N2 P1 S1,23,25,6,2,1,1,-9999,N/A,-9999,-9999,N/A,-9999
2229,487.109617,487.1096239579728,487.10916680384906,1987768.4,-9999,295202.5,16.1,-1,0.938504456302119,0.8522986376315381,0,0.5113791825789229,4,1.9333333333333331,0.5333333333333333,N4 S2 P1 O8,de-protonated,0,-9999,C15 H29 O8 N4 P1 S2,15,29,8,4,1,2,-9999,N/A,-9999,-9999,N/A,-9999
2230,487.115551,487.1155579626767,487.11555853756903,1844411.9,-9999,509128.8,14.83,-1,-0.00118019703924274,0.999999747266498,0,0.5999998483598988,17,0.8888888888888888,0.1111111111111111,N2 S2 O3,de-protonated,0,-9999,C27 H24 O3 N2 S2,27,24,3,2,-9999,2,-9999,N/A,-9999,-9999,N/A,-9999
2230,487.115551,487.1155579626767,487.1156914792991,1844411.9,-9999,509128.8,14.83,-1,-0.2740963280785555,0.9864604736976929,0,0.5918762842186156,4,1.8125,0.6875,N2 S1 P1 O11,de-protonated,0,-9999,C16 H29 O11 N2 P1 S1,16,29,11,2,1,1,-9999,N/A,-9999,-9999,N/A,-9999
2231,487.117029,487.1170359638484,487.1172123078491,3113276.8,-9999,218349.4,26.14,-1,-0.36201554018984106,0.4882503542136524,0.787157861234881,0.6078133570221438,12,1.16,0.16,S2 P1 O4,de-protonated,0,-9999,C25 H29 O4 P1 S2,25,29,4,-9999,1,2,-9999,N/A,-9999,-9999,N/A,-9999
2231,487.117029,487.1170359638484,487.1174090123391,3113276.8,-9999,218349.4,26.14,-1,-0.7658286972625126,0.8990483247338903,0,0.5394289948403341,4,1.8666666666666667,0.6666666666666666,N4 S2 O10,de-protonated,0,-9999,C15 H28 O10 N4 S2,15,28,10,4,-9999,2,-9999,N/A,-9999,-9999,N/A,-9999
2232,487.132788,487.1327949763407,487.13246844913914,4126405.8,-9999,197368.5,35.17,-1,0.6703047377984648,0.4608541760208443,0.7612342259156645,0.5810061959787725,16,1,0.03448275862068965,S2 P1 O1,de-protonated,0,-9999,C29 H29 O1 P1 S2,29,29,1,-9999,1,2,-9999,N/A,-9999,-9999,N/A,-9999
2232,487.132788,487.1327949763407,487.1329364797891,4126405.8,-9999,197368.5,35.17,-1,-0.29048220280323184,0.49240299393155046,0.7612342259156645,0.599935486725196,22,0.7241379310344828,0.06896551724137931,N4 P1 O2,de-protonated,0,-9999,C29 H21 O2 N4 P1,29,21,2,4,1,-9999,-9999,N/A,-9999,-9999,N/A,-9999
2232,487.132788,487.1327949763407,487.13266515362915,4126405.8,-9999,197368.5,35.17,-1,0.2665038105945158,0.4935977113480559,0.8295321147073605,0.6279714726917778,8,1.4736842105263157,0.3684210526315789,N4 S2 O7,de-protonated,0,-9999,C19 H28 O7 N4 S2,19,28,7,4,-9999,2,-9999,N/A,-9999,-9999,N/A,-9999
2234,487.145378,487.1453849863208,487.14571450452905,3451340.8,-9999,210490.1,29.15,-1,-0.6764263718372432,0.46016530039048315,0.8149093904448101,0.6020629364122139,8,1.3333333333333333,0.6190476190476191,O13,de-protonated,0,-9999,C21 H28 O13,21,28,13,-9999,-9999,-9999,-9999,N/A,-9999,-9999,N/A,-9999
2234,487.145378,487.1453849863208,487.1452014402791,3451340.8,-9999,210490.1,29.15,-1,0.3767789176553097,0.4872850236266859,0.7311359101322861,0.584825378228926,26,0.5882352941176471,0.0588235294117647,N2 O2,de-protonated,0,-9999,C34 H20 O2 N2,34,20,2,2,-9999,-9999,-9999,N/A,-9999,-9999,N/A,-9999
2234,487.145378,487.1453849863208,487.1455523131991,3451340.8,-9999,210490.1,29.15,-1,-0.3434843600424031,0.9788199268232696,0,0.5872919560939618,3,2.0625,0.4375,N4 S2 P1 O7,de-protonated,0,-9999,C16 H33 O7 N4 P1 S2,16,33,7,4,1,2,-9999,N/A,-9999,-9999,N/A,-9999
2235,487.151891,487.15189799148374,487.15194404691914,1642704.5,-9999,444239.2,13.03,-1,-0.0945401860091682,0.9983795537880484,0,0.5990277322728291,16,1,0.07142857142857142,N2 S2 O2,de-protonated,0,-9999,C28 H28 O2 N2 S2,28,28,2,2,-9999,2,-9999,N/A,-9999,-9999,N/A,-9999
2235,487.151891,487.15189799148374,487.152076988649,1642704.5,-9999,444239.2,13.03,-1,-0.3674359071641088,0.9758003897752032,0,0.5854802338651219,3,1.9411764705882353,0.5882352941176471,N2 S1 P1 O10,de-protonated,0,-9999,C17 H33 O10 N2 P1 S1,17,33,10,2,1,1,-9999,N/A,-9999,-9999,N/A,-9999
2236,487.153642,487.1536489928718,487.1535978171991,2560721.5,-9999,228547.3,21.21,-1,0.1050503843641611,0.9979996113652644,0,0.5987997668191587,11,1.2692307692307692,0.1153846153846154,S2 P1 O3,de-protonated,0,-9999,C26 H33 O3 P1 S2,26,33,3,-9999,1,2,-9999,N/A,-9999,-9999,N/A,-9999
2236,487.153642,487.1536489928718,487.1540658478491,2560721.5,-9999,228547.3,21.21,-1,-0.8556943408919204,0.8755884962321531,0,0.5253530977392918,17,0.9615384615384616,0.15384615384615383,N4 P1 O4,de-protonated,0,-9999,C26 H25 O4 N4 P1,26,25,4,4,1,-9999,-9999,N/A,-9999,-9999,N/A,-9999
2236,487.153642,487.1536489928718,487.1537945216891,2560721.5,-9999,228547.3,21.21,-1,-0.2987328005034245,0.9839376830914102,0,0.5903626098548461,3,2,0.5625,N4 S2 O9,de-protonated,0,-9999,C16 H32 O9 N4 S2,16,32,9,4,-9999,2,-9999,N/A,-9999,-9999,N/A,-9999
2237,487.167209,487.1672160036265,487.1668438725891,2219225.3,-9999,431477.2,18.17,-1,0.7638677428267012,0.8995377966946305,0,0.5397226780167783,3,1.7777777777777777,0.8333333333333334,O15,de-protonated,0,-9999,C18 H32 O15,18,32,15,-9999,-9999,-9999,-9999,N/A,-9999,-9999,N/A,-9999
2237,487.167209,487.1672160036265,487.1673331299391,2219225.3,-9999,431477.2,18.17,-1,-0.2404231659992728,0.9895664781462092,0,0.5937398868877255,7,1.5714285714285714,0.3333333333333333,N2 S1 P1 O7,de-protonated,0,-9999,C21 H33 O7 N2 P1 S1,21,33,7,2,1,1,-9999,N/A,-9999,-9999,N/A,-9999
2238,487.168668,487.16867500478304,487.1690506629791,3728090,-9999,246388.4,31.62,-1,-0.7711043949478382,0.4488632828509347,0.8221557383861047,0.5981802650650028,7,1.6,0.3,N4 S2 O6,de-protonated,0,-9999,C20 H32 O6 N4 S2,20,32,6,4,-9999,2,-9999,N/A,-9999,-9999,N/A,-9999
2239,487.182023,487.18203001536966,487.1821000138791,2699489.5,-9999,233052.1,22.45,-1,-0.1436803803827639,0.9962611708299124,0,0.5977567024979474,7,1.4545454545454546,0.5454545454545454,O12,de-protonated,0,-9999,C22 H32 O12,22,32,12,-9999,-9999,-9999,-9999,N/A,-9999,-9999,N/A,-9999
2239,487.182023,487.18203001536966,487.1815869496291,2699489.5,-9999,233052.1,22.45,-1,0.9094468108766832,0.4303217002391224,0.725399618712417,0.5483528676284403,25,0.6857142857142857,0.02857142857142857,N2 O1,de-protonated,0,-9999,C35 H24 O1 N2,35,24,1,2,-9999,-9999,-9999,N/A,-9999,-9999,N/A,-9999
2239,487.182023,487.18203001536966,487.18193782254906,2699489.5,-9999,233052.1,22.45,-1,0.18923694300866528,0.9935232749241354,0,0.5961139649544812,2,2.176470588235294,0.35294117647058826,N4 S2 P1 O6,de-protonated,0,-9999,C17 H37 O6 N4 P1 S2,17,37,6,4,1,2,-9999,N/A,-9999,-9999,N/A,-9999
2240,487.190022,487.1900290217106,487.18998332654905,1533158.1,-9999,272015.8,12.05,-1,0.09379331069804692,0.998405035624396,0,0.5990430213746376,10,1.3703703703703705,0.07407407407407407,S2 P1 O2,de-protonated,0,-9999,C27 H37 O2 P1 S2,27,37,2,-9999,1,2,-9999,N/A,-9999,-9999,N/A,-9999
2240,487.190022,487.1900290217106,487.1904513571991,1533158.1,-9999,272015.8,12.05,-1,-0.8668796513675716,0.8725327248135415,0,0.5235196348881249,16,1.0740740740740742,0.1111111111111111,N4 P1 O3,de-protonated,0,-9999,C27 H29 O3 N4 P1,27,29,3,4,1,-9999,-9999,N/A,-9999,-9999,N/A,-9999
2240,487.190022,487.1900290217106,487.190180031039,1533158.1,-9999,272015.8,12.05,-1,-0.30995971320035054,0.9827183833016409,0,0.5896310299809845,2,2.1176470588235294,0.4705882352941176,N4 S2 O8,de-protonated,0,-9999,C17 H36 O8 N4 S2,17,36,8,4,-9999,2,-9999,N/A,-9999,-9999,N/A,-9999
2241,487.2057,487.2057070341386,487.2060876210091,2282479,-9999,267803.6,18.73,-1,-0.7811619767810617,0.8951870977114412,0,0.5371122586268647,15,1.103448275862069,0.10344827586206896,N2 S1 O3,de-protonated,0,-9999,C29 H32 O3 N2 S1,29,32,3,2,-9999,1,-9999,N/A,-9999,-9999,N/A,-9999
2241,487.2057,487.2057070341386,487.20543617232914,2282479,-9999,267803.6,18.73,-1,0.5559498916273212,0.9454614052412176,0,0.5672768431447305,6,1.7142857142857142,0.23809523809523808,N4 S2 O5,de-protonated,0,-9999,C21 H36 O5 N4 S2,21,36,5,4,-9999,2,-9999,N/A,-9999,-9999,N/A,-9999
2244,489.048335,489.0483434948111,489.04854160455915,1592459.4,-9999,220681.1,12.57,-1,-0.40509219667314195,0.9706632553202204,0,0.5823979531921323,23,0.5185185185185185,0.07407407407407407,N4 S2 O2,de-protonated,0,-9999,C27 H14 O2 N4 S2,27,14,2,4,-9999,2,-9999,N/A,-9999,-9999,N/A,-9999
2244,489.048335,489.0483434948111,489.0486745462891,1592459.4,-9999,220681.1,12.57,-1,-0.676929506527746,0.9202168990338347,0,0.5521301394203009,10,1.1875,0.625,N4 S1 P1 O10,de-protonated,0,-9999,C16 H19 O10 N4 P1 S1,16,19,10,4,1,1,-9999,N/A,-9999,-9999,N/A,-9999
2245,489.066742,489.06675050940254,489.0662996692991,3018006,-9999,211260.9,25.28,-1,0.9218384168871164,0.4285534779552355,0.7739790330151771,0.5667236999792122,23,0.5185185185185185,0.14814814814814814,N4 S1 O4,de-protonated,0,-9999,C27 H14 O4 N4 S1,27,14,4,4,-9999,1,-9999,N/A,-9999,-9999,N/A,-9999
2245,489.066742,489.06675050940254,489.0664326110291,3018006,-9999,211260.9,25.28,-1,0.6500106166674867,0.9262004729678012,0,0.5557202837806807,10,1.1875,0.75,N4 P1 O12,de-protonated,0,-9999,C16 H19 O12 N4 P1,16,19,12,4,1,-9999,-9999,N/A,-9999,-9999,N/A,-9999
2246,489.075256,489.0752645161517,489.07534749489906,3989530.8,-9999,193617.5,33.94,-1,-0.1696645471266514,0.4973952123215242,0.7739790330151771,0.6080287405989854,17,0.8518518518518519,0.1111111111111111,S2 P1 O3,de-protonated,0,-9999,C27 H23 O3 P1 S2,27,23,3,-9999,1,2,-9999,N/A,-9999,-9999,N/A,-9999
2246,489.075256,489.0752645161517,489.075544199389,3989530.8,-9999,193617.5,33.94,-1,-0.5718610154792847,0.9423879426617467,0,0.5654327655970481,9,1.2941176470588236,0.5294117647058824,N4 S2 O9,de-protonated,0,-9999,C17 H22 O9 N4 S2,17,22,9,4,-9999,2,-9999,N/A,-9999,-9999,N/A,-9999
2247,489.084237,489.08424552327097,489.0840577340391,2338592,-9999,239131.7,19.22,-1,0.3839610571830034,0.9736043484260162,0,0.5841626090556097,23,0.5185185185185185,0.2222222222222222,N4 O6,de-protonated,0,-9999,C27 H14 O6 N4,27,14,6,4,-9999,-9999,-9999,N/A,-9999,-9999,N/A,-9999
2248,489.103094,489.1031025382191,489.1033366273291,2578218.8,-9999,286432.9,21.36,-1,-0.4786086956776324,0.4796440768026067,0.719752637322661,0.5756875010106284,31,0.3888888888888889,0.02777777777777777,N2 O1,de-protonated,0,-9999,C36 H14 O1 N2,36,14,1,2,-9999,-9999,-9999,N/A,-9999,-9999,N/A,-9999
2248,489.103094,489.1031025382191,489.10319824289905,2578218.8,-9999,286432.9,21.36,-1,-0.19567379705085255,0.9930767271307992,0,0.5958460362784794,4,1.7333333333333334,0.9333333333333332,N2 S1 O14,de-protonated,0,-9999,C15 H26 O14 N2 S1,15,26,14,2,-9999,1,-9999,N/A,-9999,-9999,N/A,-9999
2248,489.103094,489.1031025382191,489.1026851786491,2578218.8,-9999,286432.9,21.36,-1,0.8533168650580154,0.4381171309845916,0.7675537279851021,0.5698917697847958,22,0.6428571428571429,0.10714285714285714,N4 S1 O3,de-protonated,0,-9999,C28 H18 O3 N4 S1,28,18,3,4,-9999,1,-9999,N/A,-9999,-9999,N/A,-9999
2248,489.103094,489.1031025382191,489.1028181203791,2578218.8,-9999,286432.9,21.36,-1,0.5815093053726321,0.940487020730424,0,0.5642922124382543,9,1.3529411764705883,0.6470588235294118,N4 P1 O11,de-protonated,0,-9999,C17 H23 O11 N4 P1,17,23,11,4,1,-9999,-9999,N/A,-9999,-9999,N/A,-9999
2249,489.110101,489.1101095437736,489.1105922982191,2452782.8,-9999,466393.8,20.24,-1,-0.9870046838106068,0.8379780577221677,0,0.50278683463330065,3,1.7647058823529411,0.7058823529411765,S2 O12,de-protonated,0,-9999,C17 H30 O12 S2,17,30,12,-9999,-9999,2,-9999,N/A,-9999,-9999,N/A,-9999
2249,489.110101,489.1101095437736,489.11007923396915,2452782.8,-9999,466393.8,20.24,-1,0.06196929023780147,0.4996517223722629,0.7550179348240813,0.6017982073529903,21,0.7333333333333333,0.03333333333333333,N2 S2 O1,de-protonated,0,-9999,C30 H22 O1 N2 S2,30,22,1,2,-9999,2,-9999,N/A,-9999,-9999,N/A,-9999
2249,489.110101,489.1101095437736,489.11021217569913,2452782.8,-9999,466393.8,20.24,-1,-0.2098339453439428,0.9920425918344548,0,0.5952255551006729,8,1.4210526315789471,0.47368421052631576,N2 S1 P1 O9,de-protonated,0,-9999,C19 H27 O9 N2 P1 S1,19,27,9,2,1,1,-9999,N/A,-9999,-9999,N/A,-9999
2250,489.111584,489.1115925449492,489.1117330042491,5085487.5,-9999,215780.7,43.71,-1,-0.2871722153651082,0.4925738554636291,0.7675537279851021,0.6025658044722183,16,0.9642857142857144,0.07142857142857142,S2 P1 O2,de-protonated,0,-9999,C28 H27 O2 P1 S2,28,27,2,-9999,1,2,-9999,N/A,-9999,-9999,N/A,-9999
2250,489.111584,489.1115925449492,489.111929708739,5085487.5,-9999,215780.7,43.71,-1,-0.6893387165597172,0.4586951757652271,0.8370420509349343,0.61003392583311,8,1.4444444444444444,0.4444444444444444,N4 S2 O8,de-protonated,0,-9999,C18 H26 O8 N4 S2,18,26,8,4,-9999,2,-9999,N/A,-9999,-9999,N/A,-9999
2251,489.120172,489.120180551757,489.11997521273906,1578804.6,-9999,540186,12.45,-1,0.41981319177017823,0.9685268416407896,0,0.5811161049844737,16,0.9285714285714286,0.14285714285714285,S2 O4,de-protonated,0,-9999,C28 H26 O4 S2,28,26,4,-9999,-9999,2,-9999,N/A,-9999,-9999,N/A,-9999
2251,489.120172,489.120180551757,489.1201081544691,1578804.6,-9999,540186,12.45,-1,0.14801535799010618,0.9960326140264634,0,0.597619568415878,3,1.8235294117647056,0.7058823529411765,S1 P1 O12,de-protonated,0,-9999,C17 H31 O12 P1 S1,17,31,12,-9999,1,1,-9999,N/A,-9999,-9999,N/A,-9999
2251,489.120172,489.120180551757,489.1204432433891,1578804.6,-9999,540186,12.45,-1,-0.5370694186198454,0.9490083277578912,0,0.5694049966547348,22,0.6428571428571429,0.17857142857142858,N4 O5,de-protonated,0,-9999,C28 H18 O5 N4,28,18,5,4,-9999,-9999,-9999,N/A,-9999,-9999,N/A,-9999
2252,489.124897,489.1249055555025,489.1249790596391,2314295.3,-9999,254182.9,19,-1,-0.15027679987955708,0.9959107071855172,0,0.5975464243113103,8,1.3,0.7,O14,de-protonated,0,-9999,C20 H26 O14,20,26,14,-9999,-9999,-9999,-9999,N/A,-9999,-9999,N/A,-9999
2252,489.124897,489.1249055555025,489.12446599538913,2314295.3,-9999,254182.9,19,-1,0.8986671980704232,0.4318462592243294,0.7369636471990461,0.5538932144142161,26,0.5454545454545454,0.09090909090909093,N2 O3,de-protonated,0,-9999,C33 H18 O3 N2,33,18,3,2,-9999,-9999,-9999,N/A,-9999,-9999,N/A,-9999
2252,489.124897,489.1249055555025,489.1248168683091,2314295.3,-9999,254182.9,19,-1,0.18131812236597536,0.9940524029399368,0,0.5964314417639621,3,2.066666666666667,0.5333333333333333,N4 S2 P1 O8,de-protonated,0,-9999,C15 H31 O8 N4 P1 S2,15,31,8,4,1,2,-9999,N/A,-9999,-9999,N/A,-9999
2253,489.14423,489.1442385708279,489.1440957615991,2441026.5,-9999,310431.6,20.13,-1,0.29195738045177044,0.9846524675449766,0,0.5907914805269859,11,1.2916666666666667,0.125,N2 S2 P1 O3,de-protonated,0,-9999,C24 H31 O3 N2 P1 S2,24,31,3,2,1,2,-9999,N/A,-9999,-9999,N/A,-9999
2254,489.148271,489.14827957403133,489.14811851359906,7661380.5,-9999,213555.7,66.67,-1,0.32926720185655645,0.9673827955787476,0.9796351137665266,0.9722837228538592,15,1.0689655172413792,0.03448275862068965,S2 P1 O1,de-protonated,0,-9999,C29 H31 O1 P1 S2,29,31,1,-9999,1,2,-9999,N/A,-9999,-9999,N/A,-9999
2254,489.148271,489.14827957403133,489.1485865442491,7661380.5,-9999,213555.7,66.67,-1,-0.6275602673877451,0.9477278125181644,0.9796351137665266,0.9604907330175092,21,0.7931034482758621,0.06896551724137931,N4 P1 O2,de-protonated,0,-9999,C29 H23 O2 N4 P1,29,23,2,4,1,-9999,-9999,N/A,-9999,-9999,N/A,-9999
2254,489.148271,489.14827957403133,489.14831521808907,7661380.5,-9999,213555.7,66.67,-1,-0.07286963201774627,0.9984859915371616,0.9520669974417776,0.979918393899008,7,1.5789473684210529,0.3684210526315789,N4 S2 O7,de-protonated,0,-9999,C19 H30 O7 N4 S2,19,30,7,4,-9999,2,-9999,N/A,-9999,-9999,N/A,-9999
2255,489.161187,489.1611955842699,489.1613645689891,2702668.3,-9999,264932.9,22.47,-1,-0.3454580256120005,0.9785784588562252,0,0.587147075313735,7,1.4285714285714286,0.6190476190476191,O13,de-protonated,0,-9999,C21 H30 O13,21,30,13,-9999,-9999,-9999,-9999,N/A,-9999,-9999,N/A,-9999
2255,489.161187,489.1611955842699,489.1608515047391,2702668.3,-9999,264932.9,22.47,-1,0.7034077434649281,0.45706722110586,0.7311359101322861,0.5666946967164304,25,0.6470588235294118,0.0588235294117647,N2 O2,de-protonated,0,-9999,C34 H22 O2 N2,34,22,2,2,-9999,-9999,-9999,N/A,-9999,-9999,N/A,-9999
2255,489.161187,489.1611955842699,489.1612023776591,2702668.3,-9999,264932.9,22.47,-1,-0.01388783338109511,0.9999650042565768,0,0.5999790025539461,2,2.1875,0.4375,N4 S2 P1 O7,de-protonated,0,-9999,C16 H35 O7 N4 P1 S2,16,35,7,4,1,2,-9999,N/A,-9999,-9999,N/A,-9999
2256,489.184505,489.1845136027543,489.1849720535991,4790105.5,-9999,181682.3,41.08,-1,-0.93717278942311,0.8822876452143422,0.989269343296182,0.9250803244470782,20,0.9,0.03333333333333333,N4 P1 O1,de-protonated,0,-9999,C30 H27 O1 N4 P1,30,27,1,4,1,-9999,-9999,N/A,-9999,-9999,N/A,-9999
2256,489.184505,489.1845136027543,489.1847007274391,4790105.5,-9999,181682.3,41.08,-1,-0.38252358373006046,0.984597990553688,0.9221315397341588,0.9596114102258764,6,1.7,0.3,N4 S2 O6,de-protonated,0,-9999,C20 H34 O6 N4 S2,20,34,6,4,-9999,2,-9999,N/A,-9999,-9999,N/A,-9999
2257,489.21837,489.2183786295994,489.2183663821491,2277741,-9999,306107.5,18.68,-1,0.02503473105408723,0.4999431428614676,0.7428850341668535,0.597119899383622,19,0.9375,0.09375,N2 O3,de-protonated,0,-9999,C32 H30 O3 N2,32,30,3,2,-9999,-9999,-9999,N/A,-9999,-9999,N/A,-9999
2258,489.221235,489.2212436318704,489.22108623678906,2569582.8,-9999,301115.6,21.28,-1,0.3217258736419182,0.9813939630095916,0,0.588836377805755,5,1.8095238095238095,0.23809523809523808,N4 S2 O5,de-protonated,0,-9999,C21 H38 O5 N4 S2,21,38,5,4,-9999,2,-9999,N/A,-9999,-9999,N/A,-9999
2259,489.285663,489.2856716829431,489.2857772383291,3020179.8,-9999,297402.1,25.3,-1,-0.2157336079214995,0.49579537787692823,0.7675537279851021,0.6044987179201978,8,1.5,0.25,O7,de-protonated,0,-9999,C28 H42 O7,28,42,7,-9999,-9999,-9999,-9999,N/A,-9999,-9999,N/A,-9999
2259,489.285663,489.2856716829431,489.2856150469991,3020179.8,-9999,297402.1,25.3,-1,0.115752317708464,0.4987858973373578,0.8007932653391622,0.6195888445380795,3,2.0434782608695654,0.04347826086956521,N4 S2 P1 O1,de-protonated,0,-9999,C23 H47 O1 N4 P1 S2,23,47,1,4,1,2,-9999,N/A,-9999,-9999,N/A,-9999
2260,490.151713,490.1517223694683,490.15147334866913,2140806.3,-9999,239606.5,17.45,-1,0.5080486598822556,0.954245460264534,0.9796351137665266,0.964401321665331,15,1.1071428571428572,0.03571428571428571,13C1 S2 P1 O1,de-protonated,1,2254,C28 H31 O1 P1 S2 13C1,28,31,1,-9999,1,2,1,N/A,-9999,-9999,N/A,-9999
2260,490.151713,490.1517223694683,490.1516096942891,2140806.3,-9999,239606.5,17.45,-1,0.22987821924333193,0.9904573492429356,0,0.5942744095457613,15,1.0357142857142858,0.10714285714285714,N1 S2 O3,de-protonated,0,-9999,C28 H29 O3 N1 S2,28,29,3,1,-9999,2,-9999,N/A,-9999,-9999,N/A,-9999
2260,490.151713,490.1517223694683,490.1517426360191,2140806.3,-9999,239606.5,17.45,-1,-0.04134750329021616,0.999689840526959,0,0.5998139043161753,2,2,0.6470588235294118,N1 S1 P1 O11,de-protonated,0,-9999,C17 H34 O11 N1 P1 S1,17,34,11,1,1,1,-9999,N/A,-9999,-9999,N/A,-9999
2260,490.151713,490.1517223694683,490.1519413793191,2140806.3,-9999,239606.5,17.45,-1,-0.44682032716867925,0.9644223665327464,0.9796351137665266,0.9705074654262584,21,0.8214285714285714,0.07142857142857142,13C1 N4 P1 O2,de-protonated,1,2254,C28 H23 O2 N4 P1 13C1,28,23,2,4,1,-9999,1,N/A,-9999,-9999,N/A,-9999
2260,490.151713,490.1517223694683,490.15167005315914,2140806.3,-9999,239606.5,17.45,-1,0.1067349401462119,0.99793500855611,0.9520669974417776,0.979587804110377,7,1.6666666666666667,0.3888888888888889,13C1 N4 S2 O7,de-protonated,1,2254,C18 H30 O7 N4 S2 13C1,18,30,7,4,-9999,2,1,N/A,-9999,-9999,N/A,-9999
2261,490.187968,490.187977398208,490.1879952036391,1645723.3,-9999,289743,13.04,-1,-0.03632367835423251,0.999760623514831,0,0.5998563741088986,14,1.137931034482759,0.06896551724137931,N1 S2 O2,de-protonated,0,-9999,C29 H33 O2 N1 S2,29,33,2,1,-9999,2,-9999,N/A,-9999,-9999,N/A,-9999
2261,490.187968,490.187977398208,490.1881281453691,1645723.3,-9999,289743,13.04,-1,-0.3075291962462658,0.9829860349117534,0,0.5897916209470521,1,2.111111111111111,0.5555555555555556,N1 S1 P1 O10,de-protonated,0,-9999,C18 H38 O10 N1 P1 S1,18,38,10,1,1,1,-9999,N/A,-9999,-9999,N/A,-9999
2261,490.187968,490.187977398208,490.1883268886691,1645723.3,-9999,289743,13.04,-1,-0.7129718149235026,0.9118902878222848,0.989269343296182,0.9428419100118436,20,0.9310344827586208,0.03448275862068965,13C1 N4 P1 O1,de-protonated,1,2256,C29 H27 O1 N4 P1 13C1,29,27,1,4,1,-9999,1,N/A,-9999,-9999,N/A,-9999
2261,490.187968,490.187977398208,490.18805556250913,1645723.3,-9999,289743,13.04,-1,-0.15945778403611385,0.9953969698500578,0.9221315397341588,0.966090797803698,6,1.7894736842105263,0.3157894736842105,13C1 N4 S2 O6,de-protonated,1,2256,C19 H34 O6 N4 S2 13C1,19,34,6,4,-9999,2,1,N/A,-9999,-9999,N/A,-9999
2265,491.046018,491.0460280783916,491.04556422440913,1863563.4,-9999,176293.9,14.98,-1,0.9446251351429816,0.8505180171537554,0,0.5103108102922532,23,0.4615384615384616,0.19230769230769232,N4 S1 O5,de-protonated,0,-9999,C26 H12 O5 N4 S1,26,12,5,4,-9999,1,-9999,N/A,-9999,-9999,N/A,-9999
2265,491.046018,491.0460280783916,491.04569716613906,1863563.4,-9999,176293.9,14.98,-1,0.6738929888730982,0.9209020397114126,0,0.5525412238268476,10,1.1333333333333333,0.8666666666666667,N4 P1 O13,de-protonated,0,-9999,C15 H17 O13 N4 P1,15,17,13,4,1,-9999,-9999,N/A,-9999,-9999,N/A,-9999
2266,491.054427,491.05443708505743,491.0546120500091,2877328.3,-9999,222257.3,24.01,-1,-0.35630446670242333,0.48861392899756606,0.7805128205128199,0.6053734856036677,17,0.8076923076923077,0.15384615384615383,S2 P1 O4,de-protonated,0,-9999,C26 H21 O4 P1 S2,26,21,4,-9999,1,2,-9999,N/A,-9999,-9999,N/A,-9999
2266,491.054427,491.05443708505743,491.0548087544991,2877328.3,-9999,222257.3,24.01,-1,-0.7568797516093021,0.9012740036269872,0,0.5407644021761923,9,1.25,0.625,N4 S2 O10,de-protonated,0,-9999,C16 H20 O10 N4 S2,16,20,10,4,-9999,2,-9999,N/A,-9999,-9999,N/A,-9999
2267,491.063788,491.063798092478,491.06419166901907,1764501.9,-9999,337003.1,14.09,-1,-0.8014767676701241,0.889980001230105,0,0.533988000738063,22,0.5925925925925926,0.07407407407407407,N4 S2 O2,de-protonated,0,-9999,C27 H16 O2 N4 S2,27,16,2,4,-9999,2,-9999,N/A,-9999,-9999,N/A,-9999
2267,491.063788,491.063798092478,491.06332228914914,1764501.9,-9999,337003.1,14.09,-1,0.9689245913339308,0.8433723487097791,0,0.5060234092258674,23,0.4615384615384616,0.2692307692307692,N4 O7,de-protonated,0,-9999,C26 H12 O7 N4,26,12,7,4,-9999,-9999,-9999,N/A,-9999,-9999,N/A,-9999
2268,491.082806,491.08281610755375,491.08311424668904,2821536.8,-9999,258416.8,23.52,-1,-0.6071052468159304,0.9353095147398957,0,0.5611857088439373,13,0.9090909090909092,0.5909090909090909,O13,de-protonated,0,-9999,C22 H20 O13,22,20,13,-9999,-9999,-9999,-9999,N/A,-9999,-9999,N/A,-9999
2268,491.082806,491.08281610755375,491.08260118243913,2821536.8,-9999,258416.8,23.52,-1,0.437655730628187,0.48292094071218783,0.7253996187124169,0.5799124119122794,31,0.34285714285714286,0.05714285714285714,N2 O2,de-protonated,0,-9999,C35 H12 O2 N2,35,12,2,2,-9999,-9999,-9999,N/A,-9999,-9999,N/A,-9999
2268,491.082806,491.08281610755375,491.0829520553591,2821536.8,-9999,258416.8,23.52,-1,-0.27683267109624443,0.9861906747257978,0,0.5917144048354787,8,1.4705882352941178,0.4117647058823529,N4 S2 P1 O7,de-protonated,0,-9999,C17 H25 O7 N4 P1 S2,17,25,7,4,1,2,-9999,N/A,-9999,-9999,N/A,-9999
2269,491.091007,491.0910171140547,491.0909975593591,5516709.5,-9999,190416.2,47.54,-1,0.03981888438582019,0.4998561732926324,0.7739790330151771,0.6095053171816502,16,0.925925925925926,0.1111111111111111,S2 P1 O3,de-protonated,0,-9999,C27 H25 O3 P1 S2,27,25,3,-9999,1,2,-9999,N/A,-9999,-9999,N/A,-9999
2269,491.091007,491.0910171140547,491.0914655900091,5516709.5,-9999,190416.2,47.54,-1,-0.9132228632603748,0.4297846413562553,0.7739790330151771,0.5674623980198241,22,0.6296296296296297,0.14814814814814814,N4 P1 O4,de-protonated,0,-9999,C27 H17 O4 N4 P1,27,17,4,4,1,-9999,-9999,N/A,-9999,-9999,N/A,-9999
2269,491.091007,491.0910171140547,491.0911942638491,5516709.5,-9999,190416.2,47.54,-1,-0.36072688010468384,0.4883328734148807,0.8446892076502734,0.6308754071090378,8,1.411764705882353,0.5294117647058824,N4 S2 O9,de-protonated,0,-9999,C17 H24 O9 N4 S2,17,24,9,4,-9999,2,-9999,N/A,-9999,-9999,N/A,-9999
2270,491.099912,491.0999221211138,491.0997077984991,1597354.8,-9999,303748.3,12.6,-1,0.43641364744230626,0.9660321640902656,0,0.5796192984541593,22,0.5925925925925926,0.2222222222222222,N4 O6,de-protonated,0,-9999,C27 H16 O6 N4,27,16,6,4,-9999,-9999,-9999,N/A,-9999,-9999,N/A,-9999
2271,491.119258,491.11926813644953,491.1194997560391,1559222,-9999,239179.6,12.26,-1,-0.4716155430013094,0.9604455013585472,0,0.5762673008151282,12,1.0434782608695652,0.5217391304347826,O12,de-protonated,0,-9999,C23 H24 O12,23,24,12,-9999,-9999,-9999,-9999,N/A,-9999,-9999,N/A,-9999
2271,491.119258,491.11926813644953,491.1189866917891,1559222,-9999,239179.6,12.26,-1,0.5730681730606756,0.9421516383276096,0,0.5652909829965657,30,0.4444444444444444,0.02777777777777777,N2 O1,de-protonated,0,-9999,C36 H16 O1 N2,36,16,1,2,-9999,-9999,-9999,N/A,-9999,-9999,N/A,-9999
2271,491.119258,491.11926813644953,491.1188483073591,1559222,-9999,239179.6,12.26,-1,0.8548421464455115,0.8758201195904155,0,0.5254920717542493,3,1.8666666666666667,0.9333333333333332,N2 S1 O14,de-protonated,0,-9999,C15 H28 O14 N2 S1,15,28,14,2,-9999,1,-9999,N/A,-9999,-9999,N/A,-9999
2271,491.119258,491.11926813644953,491.11933756470904,1559222,-9999,239179.6,12.26,-1,-0.14136739117625025,0.9963803620502992,0,0.5978282172301794,7,1.6111111111111112,0.3333333333333333,N4 S2 P1 O6,de-protonated,0,-9999,C18 H29 O6 N4 P1 S2,18,29,6,4,1,2,-9999,N/A,-9999,-9999,N/A,-9999
2272,491.127512,491.1275221429926,491.1273830687091,6691770.5,-9999,204290.7,58.02,-1,0.28317354767648395,0.992505422899194,0.9840294872004074,0.9891150486196792,15,1.0357142857142858,0.07142857142857142,S2 P1 O2,de-protonated,0,-9999,C28 H29 O2 P1 S2,28,29,2,-9999,1,2,-9999,N/A,-9999,-9999,N/A,-9999
2272,491.127512,491.1275221429926,491.12785109935913,6691770.5,-9999,204290.7,58.02,-1,-0.6697978251947896,0.4609109847728625,0.7675537279851021,0.5835680820577585,21,0.75,0.10714285714285714,N4 P1 O3,de-protonated,0,-9999,C28 H21 O3 N4 P1,28,21,3,4,1,-9999,-9999,N/A,-9999,-9999,N/A,-9999
2272,491.127512,491.1275221429926,491.1275797731991,6691770.5,-9999,204290.7,58.02,-1,-0.11734263946966858,0.9803588345061685,0.9464821898497604,0.9668081766436052,7,1.5555555555555556,0.4444444444444444,N4 S2 O8,de-protonated,0,-9999,C18 H28 O8 N4 S2,18,28,8,4,-9999,2,-9999,N/A,-9999,-9999,N/A,-9999
2273,491.140185,491.1401951530385,491.1406291240991,1866690.1,-9999,367889.7,15,-1,-0.8835983725797211,0.8679116534085499,0,0.52074699204513,7,1.4,0.7,O14,de-protonated,0,-9999,C20 H28 O14,20,28,14,-9999,-9999,-9999,-9999,N/A,-9999,-9999,N/A,-9999
2273,491.140185,491.1401951530385,491.14011605984905,1866690.1,-9999,367889.7,15,-1,0.16103996982445776,0.9953053873210016,0,0.597183232392601,25,0.6060606060606061,0.09090909090909093,N2 O3,de-protonated,0,-9999,C33 H20 O3 N2,33,20,3,2,-9999,-9999,-9999,N/A,-9999,-9999,N/A,-9999
2273,491.140185,491.1401951530385,491.14046693276913,1866690.1,-9999,367889.7,15,-1,-0.5533645645363533,0.945953536337825,0,0.567572121802695,2,2.2,0.5333333333333333,N4 S2 P1 O8,de-protonated,0,-9999,C15 H33 O8 N4 P1 S2,15,33,8,4,1,2,-9999,N/A,-9999,-9999,N/A,-9999
2274,491.163935,491.1639451718654,491.1637685780591,9018832,-9999,223030.9,78.77,-1,0.3595415981661208,0.6420385926447142,0.9028981887227294,0.7463824310759203,14,1.137931034482759,0.03448275862068965,S2 P1 O1,de-protonated,0,-9999,C29 H33 O1 P1 S2,29,33,1,-9999,1,2,-9999,N/A,-9999,-9999,N/A,-9999
2274,491.163935,491.1639451718654,491.16423660870913,9018832,-9999,223030.9,78.77,-1,-0.5933592513510803,0.9536400512189382,0.9514447618993372,0.952761935491098,20,0.8620689655172413,0.06896551724137931,N4 P1 O2,de-protonated,0,-9999,C29 H25 O2 N4 P1,29,25,2,4,1,-9999,-9999,N/A,-9999,-9999,N/A,-9999
2274,491.163935,491.1639451718654,491.1639652825491,9018832,-9999,223030.9,78.77,-1,-0.0409449493734657,0.6654512990241802,0.9309001147828636,0.7716308253276536,6,1.6842105263157894,0.3684210526315789,N4 S2 O7,de-protonated,0,-9999,C19 H32 O7 N4 S2,19,32,7,4,-9999,2,-9999,N/A,-9999,-9999,N/A,-9999
2275,491.198847,491.1988571995405,491.19928470753905,2641892,-9999,317694,21.91,-1,-0.8703351407834977,0.4357914296304796,0.7612342259156645,0.5659685481445536,14,1.137931034482759,0.1724137931034483,P1 O5,de-protonated,0,-9999,C29 H33 O5 P1,29,33,5,-9999,1,-9999,-9999,N/A,-9999,-9999,N/A,-9999
2275,491.198847,491.1988571995405,491.1990133813791,2641892,-9999,317694,21.91,-1,-0.31796040785665325,0.9818229833298266,0,0.589093789997896,0,2.1052631578947367,0.5263157894736842,S2 O10,de-protonated,0,-9999,C19 H40 O10 S2,19,40,10,-9999,-9999,2,-9999,N/A,-9999,-9999,N/A,-9999
2275,491.198847,491.1988571995405,491.1986332588591,2641892,-9999,317694,21.91,-1,0.45590656442103306,0.9629880717732272,0,0.5777928430639363,5,1.761904761904762,0.3333333333333333,N2 S1 P1 O7,de-protonated,0,-9999,C21 H37 O7 N2 P1 S1,21,37,7,2,1,1,-9999,N/A,-9999,-9999,N/A,-9999
2276,491.200228,491.2002382006352,491.20062211805913,5388773,-9999,227816.1,46.4,-1,-0.7815898569197707,0.4475392459029084,0.7550179348240813,0.5705307214713775,19,0.9666666666666668,0.03333333333333333,N4 P1 O1,de-protonated,0,-9999,C30 H29 O1 N4 P1,30,29,1,4,1,-9999,-9999,N/A,-9999,-9999,N/A,-9999
2276,491.200228,491.2002382006352,491.2003507918991,5388773,-9999,227816.1,46.4,-1,-0.22921657894478156,0.4952559704260768,0.8221557383861046,0.6260158776100879,5,1.8,0.3,N4 S2 O6,de-protonated,0,-9999,C20 H36 O6 N4 S2,20,36,6,4,-9999,2,-9999,N/A,-9999,-9999,N/A,-9999
2277,491.236227,491.2362372291719,491.2358669213791,1746137.8,-9999,311664.4,13.93,-1,0.7538288991084419,0.9020280433243016,0,0.5412168259945809,5,1.8,0.5,N4 O10,de-protonated,0,-9999,C20 H36 O10 N4,20,36,10,4,-9999,-9999,-9999,N/A,-9999,-9999,N/A,-9999
2278,491.236944,491.23695422974026,491.2373877499291,2101754.3,-9999,284255.7,17.1,-1,-0.8825065023608878,0.8682153870097831,0,0.5209292322058698,13,1.2413793103448276,0.10344827586206896,N2 S1 O3,de-protonated,0,-9999,C29 H36 O3 N2 S1,29,36,3,2,-9999,1,-9999,N/A,-9999,-9999,N/A,-9999
2278,491.236944,491.23695422974026,491.2367363012491,2101754.3,-9999,284255.7,17.1,-1,0.443632316280997,0.9649192603363848,0,0.5789515562018309,4,1.9047619047619049,0.23809523809523808,N4 S2 O5,de-protonated,0,-9999,C21 H40 O5 N4 S2,21,40,5,4,-9999,2,-9999,N/A,-9999,-9999,N/A,-9999
2279,492.1307,492.1307109382283,492.1307379037792,1848833.8,-9999,238112.1,14.84,-1,-0.05479347012987824,0.99945538054643,0.9840294872004074,0.9932850232080208,15,1.0740740740740742,0.07407407407407407,13C1 S2 P1 O2,de-protonated,1,2272,C27 H29 O2 P1 S2 13C1,27,29,2,-9999,1,2,1,N/A,-9999,-9999,N/A,-9999
2279,492.1307,492.1307109382283,492.1308742493991,1848833.8,-9999,238112.1,14.84,-1,-0.3318450017140136,0.9802169739172668,0,0.5881301843503601,15,1,0.14814814814814814,N1 S2 O4,de-protonated,0,-9999,C27 H27 O4 N1 S2,27,27,4,1,-9999,2,-9999,N/A,-9999,-9999,N/A,-9999
2279,492.1307,492.1307109382283,492.13100719112913,1848833.8,-9999,238112.1,14.84,-1,-0.601979750358876,0.936361830678333,0,0.5618170984069998,2,2,0.75,N1 S1 P1 O12,de-protonated,0,-9999,C16 H32 O12 N1 P1 S1,16,32,12,1,1,1,-9999,N/A,-9999,-9999,N/A,-9999
2279,492.1307,492.1307109382283,492.1304941268791,1848833.8,-9999,238112.1,14.84,-1,0.44055662420742847,0.9653955157120022,0,0.5792373094272013,20,0.8275862068965517,0.03448275862068965,N3 S1 P1 O1,de-protonated,0,-9999,C29 H24 O1 N3 P1 S1,29,24,1,3,1,1,-9999,N/A,-9999,-9999,N/A,-9999
2279,492.1307,492.1307109382283,492.1309346082691,1848833.8,-9999,238112.1,14.84,-1,-0.4544929511836842,0.9632129710534884,0.9464821898497604,0.9565206585719972,7,1.6470588235294117,0.4705882352941176,13C1 N4 S2 O8,de-protonated,1,2272,C17 H28 O8 N4 S2 13C1,17,28,8,4,-9999,2,1,N/A,-9999,-9999,N/A,-9999
2280,492.166685,492.1666959667539,492.1671234131291,1964406.8,-9999,211548.1,15.87,-1,0.5354973138113428,0.6328658182812436,0.9028981887227294,0.7408787664578379,14,1.1785714285714286,0.03571428571428571,13C1 S2 P1 O1,de-protonated,1,2274,C28 H33 O1 P1 S2 13C1,28,33,1,-9999,1,2,1,N/A,-9999,-9999,N/A,-9999
2280,492.166685,492.1666959667539,492.16639037887904,1964406.8,-9999,211548.1,15.87,-1,0.620903582219213,0.9324382720165484,0,0.5594629632099289,15,1,0.2962962962962963,N1 O8,de-protonated,0,-9999,C27 H27 O8 N1,27,27,8,1,-9999,-9999,-9999,N/A,-9999,-9999,N/A,-9999
2281,492.167376,492.1673869673016,492.1671234131291,2118423.3,-9999,295853.5,17.24,-1,0.5354973138113428,0.6328658182812436,0.9028981887227294,0.7408787664578379,14,1.1785714285714286,0.03571428571428571,13C1 S2 P1 O1,de-protonated,1,2274,C28 H33 O1 P1 S2 13C1,28,33,1,-9999,1,2,1,N/A,-9999,-9999,N/A,-9999
2281,492.167376,492.1673869673016,492.167259758749,2118423.3,-9999,295853.5,17.24,-1,0.2584661008837855,0.9879515413574445,0,0.5927709248144667,14,1.1071428571428572,0.10714285714285714,N1 S2 O3,de-protonated,0,-9999,C28 H31 O3 N1 S2,28,31,3,1,-9999,2,-9999,N/A,-9999,-9999,N/A,-9999
2281,492.167376,492.1673869673016,492.167392700479,2118423.3,-9999,295853.5,17.24,-1,-0.01164883638472824,0.9999753785530188,0,0.5999852271318112,1,2.1176470588235294,0.6470588235294118,N1 S1 P1 O11,de-protonated,0,-9999,C17 H36 O11 N1 P1 S1,17,36,11,1,1,1,-9999,N/A,-9999,-9999,N/A,-9999
2281,492.167376,492.1673869673016,492.16759144377914,2118423.3,-9999,295853.5,17.24,-1,-0.4154610767982472,0.9691658965730292,0.9514447618993372,0.9620774427035526,20,0.8928571428571429,0.07142857142857142,13C1 N4 P1 O2,de-protonated,1,2274,C28 H25 O2 N4 P1 13C1,28,25,2,4,1,-9999,1,N/A,-9999,-9999,N/A,-9999
2281,492.167376,492.1673869673016,492.1673201176192,2118423.3,-9999,295853.5,17.24,-1,0.13582714604608906,0.6644386983427734,0.9309001147828636,0.7710232649188093,6,1.7777777777777777,0.3888888888888889,13C1 N4 S2 O7,de-protonated,1,2274,C18 H32 O7 N4 S2 13C1,18,32,7,4,-9999,2,1,N/A,-9999,-9999,N/A,-9999
2284,493.061265,493.0612766758952,493.0608791999491,2097441.3,-9999,257243.6,17.05,-1,0.8061396935196548,0.8887702955913845,0,0.5332621773548307,3,1.8,0.8,S2 P1 O12,de-protonated,0,-9999,C15 H27 O12 P1 S2,15,27,12,-9999,1,2,-9999,N/A,-9999,-9999,N/A,-9999
2284,493.061265,493.0612766758952,493.0612142888691,2097441.3,-9999,257243.6,17.05,-1,0.12652998094426596,0.9970992515999724,0,0.5982595509599834,22,0.5384615384615384,0.19230769230769232,N4 S1 O5,de-protonated,0,-9999,C26 H14 O5 N4 S1,26,14,5,4,-9999,1,-9999,N/A,-9999,-9999,N/A,-9999
2284,493.061265,493.0612766758952,493.0613472305991,2097441.3,-9999,257243.6,17.05,-1,-0.14309518345959285,0.996291508192415,0,0.5977749049154489,9,1.2666666666666666,0.8666666666666667,N4 P1 O13,de-protonated,0,-9999,C15 H19 O13 N4 P1,15,19,13,4,1,-9999,-9999,N/A,-9999,-9999,N/A,-9999
2285,493.068664,493.0686756817604,493.0691214084391,2386725.5,-9999,349512.3,19.63,-1,-0.9039841664525382,0.8621917585559878,0,0.5173150551335927,3,1.7333333333333334,0.9333333333333332,S2 O14,de-protonated,0,-9999,C15 H26 O14 S2,15,26,14,-9999,-9999,2,-9999,N/A,-9999,-9999,N/A,-9999
2285,493.068664,493.0686756817604,493.06860834418904,2386725.5,-9999,349512.3,19.63,-1,0.13656836028951677,0.996621535503799,0,0.5979729213022793,21,0.6428571428571429,0.10714285714285714,N2 S2 O3,de-protonated,0,-9999,C28 H18 O3 N2 S2,28,18,3,2,-9999,2,-9999,N/A,-9999,-9999,N/A,-9999
2285,493.068664,493.0686756817604,493.0687412859191,2386725.5,-9999,349512.3,19.63,-1,-0.1330527636391476,0.9967929605994232,0,0.5980757763596538,8,1.3529411764705883,0.6470588235294118,N2 S1 P1 O11,de-protonated,0,-9999,C17 H23 O11 N2 P1 S1,17,23,11,2,1,1,-9999,N/A,-9999,-9999,N/A,-9999
2286,493.069987,493.0699986828092,493.070262114469,4500518.5,-9999,209861.6,38.47,-1,-0.5342679940102222,0.47476263815379544,0.7805128205128198,0.5970627110974052,16,0.8846153846153846,0.15384615384615383,S2 P1 O4,de-protonated,0,-9999,C26 H23 O4 P1 S2,26,23,4,-9999,1,2,-9999,N/A,-9999,-9999,N/A,-9999
2286,493.069987,493.0699986828092,493.070458818959,4500518.5,-9999,209861.6,38.47,-1,-0.9332056740056192,0.4269168943515363,0.8524773804394657,0.5971410887867081,8,1.375,0.625,N4 S2 O10,de-protonated,0,-9999,C16 H22 O10 N4 S2,16,22,10,4,-9999,2,-9999,N/A,-9999,-9999,N/A,-9999
2287,493.097875,493.09788670491616,493.0982512468991,1876022.6,-9999,363160.2,15.08,-1,-0.7392887361189318,0.9055883946311796,0,0.5433530367787076,30,0.4,0.05714285714285714,N2 O2,de-protonated,0,-9999,C35 H14 O2 N2,35,14,2,2,-9999,-9999,-9999,N/A,-9999,-9999,N/A,-9999
2287,493.097875,493.09788670491616,493.0975997982191,1876022.6,-9999,363160.2,15.08,-1,0.5818456572766041,0.9404202482738282,0,0.5642521489642969,21,0.6666666666666666,0.14814814814814814,N4 S1 O4,de-protonated,0,-9999,C27 H18 O4 N4 S1,27,18,4,4,-9999,1,-9999,N/A,-9999,-9999,N/A,-9999
2287,493.097875,493.09788670491616,493.0977327399491,1876022.6,-9999,363160.2,15.08,-1,0.3122402656638968,0.9824653969682368,0,0.5894792381809421,8,1.4375,0.75,N4 P1 O12,de-protonated,0,-9999,C16 H23 O12 N4 P1,16,23,12,4,1,-9999,-9999,N/A,-9999,-9999,N/A,-9999
2288,493.099014,493.0990257058191,493.09876431114907,1906743.3,-9999,271785.5,15.35,-1,0.530106114511488,0.9502887933091012,0,0.5701732759854607,12,1,0.5909090909090909,O13,de-protonated,0,-9999,C22 H22 O13,22,22,13,-9999,-9999,-9999,-9999,N/A,-9999,-9999,N/A,-9999
2288,493.099014,493.0990257058191,493.0992535684991,1906743.3,-9999,271785.5,15.35,-1,-0.4621030722376304,0.9619946243994556,0,0.5771967746396733,16,0.92,0.2,N2 S1 P1 O5,de-protonated,0,-9999,C25 H23 O5 N2 P1 S1,25,23,5,2,1,1,-9999,N/A,-9999,-9999,N/A,-9999
2288,493.099014,493.0990257058191,493.09860211981913,1906743.3,-9999,271785.5,15.35,-1,0.8590290017715949,0.8746805203074602,0,0.5248083121844761,7,1.588235294117647,0.4117647058823529,N4 S2 P1 O7,de-protonated,0,-9999,C17 H27 O7 N4 P1 S2,17,27,7,4,1,2,-9999,N/A,-9999,-9999,N/A,-9999
2289,493.105142,493.1051537106768,493.1055069177891,4051003,-9999,319503.5,34.47,-1,-0.7162911534279011,0.9111056428609428,0,0.5466633857165656,2,1.875,0.8125,S2 O13,de-protonated,0,-9999,C16 H30 O13 S2,16,30,13,-9999,-9999,2,-9999,N/A,-9999,-9999,N/A,-9999
2289,493.105142,493.1051537106768,493.1049938535392,4051003,-9999,319503.5,34.47,-1,0.324184787497191,0.4905555909479579,0.7612342259156646,0.5988270449350406,20,0.7586206896551724,0.06896551724137931,N2 S2 O2,de-protonated,0,-9999,C29 H22 O2 N2 S2,29,22,2,2,-9999,2,-9999,N/A,-9999,-9999,N/A,-9999
2289,493.105142,493.1051537106768,493.1051267952691,4051003,-9999,319503.5,34.47,-1,0.05458350816763612,0.4997297726278402,0.8370420509349343,0.6346546839506778,7,1.5,0.5555555555555556,N2 S1 P1 O10,de-protonated,0,-9999,C18 H27 O10 N2 P1 S1,18,27,10,2,1,1,-9999,N/A,-9999,-9999,N/A,-9999
2290,493.106676,493.1066877118929,493.10664762381913,8372796,-9999,254986.7,73,-1,0.08129696468430621,0.332933829590822,0.7238468169385943,0.4892990245299309,15,1,0.1111111111111111,S2 P1 O3,de-protonated,0,-9999,C27 H27 O3 P1 S2,27,27,3,-9999,1,2,-9999,N/A,-9999,-9999,N/A,-9999
2290,493.106676,493.1066877118929,493.10711565446906,8372796,-9999,254986.7,73,-1,-0.8678491196406304,0.43613325430881306,0.7739790330151772,0.5712715657913587,21,0.7037037037037037,0.14814814814814814,N4 P1 O4,de-protonated,0,-9999,C27 H19 O4 N4 P1,27,19,4,4,1,-9999,-9999,N/A,-9999,-9999,N/A,-9999
2290,493.106676,493.1066877118929,493.10684432830914,8372796,-9999,254986.7,73,-1,-0.31761152393713216,0.32728749578719324,0.7853297361592264,0.5105043919360066,7,1.5294117647058822,0.5294117647058824,N4 S2 O9,de-protonated,0,-9999,C17 H26 O9 N4 S2,17,26,9,4,-9999,2,-9999,N/A,-9999,-9999,N/A,-9999
2291,493.13508,493.13509173440895,493.13514982049907,2894924.5,-9999,207700.1,24.16,-1,-0.11778939331756572,0.9974856852175304,0,0.5984914111305183,11,1.1304347826086956,0.5217391304347826,O12,de-protonated,0,-9999,C23 H26 O12,23,26,12,-9999,-9999,-9999,-9999,N/A,-9999,-9999,N/A,-9999
2291,493.13508,493.13509173440895,493.1346367562491,2894924.5,-9999,207700.1,24.16,-1,0.9226246260653018,0.4284407297119492,0.719752637322661,0.544965492756234,29,0.5,0.02777777777777777,N2 O1,de-protonated,0,-9999,C36 H18 O1 N2,36,18,1,2,-9999,-9999,-9999,N/A,-9999,-9999,N/A,-9999
2291,493.13508,493.13509173440895,493.1349876291691,2894924.5,-9999,207700.1,24.16,-1,0.2111090116947118,0.9919459825131012,0,0.5951675895078606,6,1.7222222222222223,0.3333333333333333,N4 S2 P1 O6,de-protonated,0,-9999,C18 H31 O6 N4 P1 S2,18,31,6,4,1,2,-9999,N/A,-9999,-9999,N/A,-9999
2292,493.143047,493.1430587407244,493.143033133169,9419345,-9999,200624.3,82.33,-1,0.05192723740872515,0.6361309080114741,0.9134476486025688,0.747057604247912,14,1.1071428571428572,0.07142857142857142,S2 P1 O2,de-protonated,0,-9999,C28 H31 O2 P1 S2,28,31,2,-9999,1,2,-9999,N/A,-9999,-9999,N/A,-9999
2292,493.143047,493.1430587407244,493.14350116381905,9419345,-9999,200624.3,82.33,-1,-0.8971487884996789,0.9276278649204182,0.9627774845812872,0.9416877127847658,20,0.8214285714285714,0.10714285714285714,N4 P1 O3,de-protonated,0,-9999,C28 H23 O3 N4 P1,28,23,3,4,1,-9999,-9999,N/A,-9999,-9999,N/A,-9999
2292,493.143047,493.1430587407244,493.143229837659,9419345,-9999,200624.3,82.33,-1,-0.3469518067802146,0.6530380820017985,0.9303181296970192,0.7639501010798868,6,1.6666666666666667,0.4444444444444444,N4 S2 O8,de-protonated,0,-9999,C18 H30 O8 N4 S2,18,30,8,4,-9999,2,-9999,N/A,-9999,-9999,N/A,-9999
2293,493.171566,493.1715777633317,493.17153532984906,1744481.8,-9999,274312.2,13.9,-1,0.08604203526276251,0.9986575951421698,0,0.5991945570853019,10,1.25,0.4583333333333333,O11,de-protonated,0,-9999,C24 H30 O11,24,30,11,-9999,-9999,-9999,-9999,N/A,-9999,-9999,N/A,-9999
2293,493.171566,493.1715777633317,493.17202458719913,1744481.8,-9999,274312.2,13.9,-1,-0.9060203035824927,0.8616153914791604,0,0.5169692348874962,14,1.148148148148148,0.1111111111111111,N2 S1 P1 O3,de-protonated,0,-9999,C27 H31 O3 N2 P1 S1,27,31,3,2,1,1,-9999,N/A,-9999,-9999,N/A,-9999
2293,493.171566,493.1715777633317,493.17137313851913,1744481.8,-9999,274312.2,13.9,-1,0.4149162415202182,0.9692454594495152,0,0.5815472756697092,5,1.8421052631578947,0.2631578947368421,N4 S2 P1 O5,de-protonated,0,-9999,C19 H35 O5 N4 P1 S2,19,35,5,4,1,2,-9999,N/A,-9999,-9999,N/A,-9999
2294,493.177866,493.17787776832574,493.17827793648905,4130917.5,-9999,396760.6,35.18,-1,-0.8114067087144355,0.4436987133899661,0.8370420509349343,0.6010360484079533,0,2.111111111111111,0.6111111111111112,S2 O11,de-protonated,0,-9999,C18 H38 O11 S2,18,38,11,-9999,-9999,2,-9999,N/A,-9999,-9999,N/A,-9999
2294,493.177866,493.17787776832574,493.177408556619,4130917.5,-9999,396760.6,35.18,-1,0.9514055156048372,0.4242681758704131,0.8446892076502734,0.5924365885823573,1,2,0.9411764705882352,O16,de-protonated,0,-9999,C17 H34 O16,17,34,16,-9999,-9999,-9999,-9999,N/A,-9999,-9999,N/A,-9999
2294,493.177866,493.17787776832574,493.1778978139691,4130917.5,-9999,396760.6,35.18,-1,-0.04064586719694938,0.49985013799872713,0.8221557383861046,0.628772378153678,5,1.75,0.4,N2 S1 P1 O8,de-protonated,0,-9999,C20 H35 O8 N2 P1 S1,20,35,8,2,1,1,-9999,N/A,-9999,-9999,N/A,-9999
2295,493.179474,493.1794857696004,493.1794186425191,8531558,-9999,230869.8,74.41,-1,0.13611087318565435,0.6548119515657527,0.8864084911738289,0.7474505674089832,13,1.206896551724138,0.03448275862068965,S2 P1 O1,de-protonated,0,-9999,C29 H35 O1 P1 S2,29,35,1,-9999,1,2,-9999,N/A,-9999,-9999,N/A,-9999
2295,493.179474,493.1794857696004,493.1798866731691,8531558,-9999,230869.8,74.41,-1,-0.8128952122912257,0.9276789417937304,0.9312510418258771,0.9291077818065892,19,0.9310344827586208,0.06896551724137931,N4 P1 O2,de-protonated,0,-9999,C29 H27 O2 N4 P1,29,27,2,4,1,-9999,-9999,N/A,-9999,-9999,N/A,-9999
2295,493.179474,493.1794857696004,493.17961534700913,8531558,-9999,230869.8,74.41,-1,-0.26273877643668486,0.6101967302190653,0.9309001147828634,0.7384780840445846,5,1.7894736842105263,0.3684210526315789,N4 S2 O7,de-protonated,0,-9999,C19 H34 O7 N4 S2,19,34,7,4,-9999,2,-9999,N/A,-9999,-9999,N/A,-9999
2296,493.21616,493.2161717986817,493.2166523050391,4362364,-9999,261396.8,37.24,-1,-0.974229793545886,0.42089813787234415,0.7675537279851021,0.5595603739174473,13,1.2142857142857142,0.14285714285714285,N2 S1 O4,de-protonated,0,-9999,C28 H34 O4 N2 S1,28,34,4,2,-9999,1,-9999,N/A,-9999,-9999,N/A,-9999
2296,493.21616,493.2161717986817,493.2162721825191,4362364,-9999,261396.8,37.24,-1,-0.20352904605811736,0.49625591675841085,0.7550179348240813,0.5997607239846791,18,1.0333333333333334,0.03333333333333333,N4 P1 O1,de-protonated,0,-9999,C30 H31 O1 N4 P1,30,31,1,4,1,-9999,-9999,N/A,-9999,-9999,N/A,-9999
2296,493.21616,493.2161717986817,493.2160008563591,4362364,-9999,261396.8,37.24,-1,0.34658713901729044,0.4892198611844549,0.8221557383861046,0.6223942120651147,4,1.9,0.3,N4 S2 O6,de-protonated,0,-9999,C20 H38 O6 N4 S2,20,38,6,4,-9999,2,-9999,N/A,-9999,-9999,N/A,-9999
2297,493.252499,493.252510827488,493.25238636570913,1722513.3,-9999,333363.9,13.71,-1,0.25232879210171283,0.9885136723321548,0,0.5931082033992928,3,2,0.23809523809523808,N4 S2 O5,de-protonated,0,-9999,C21 H42 O5 N4 S2,21,42,5,4,-9999,2,-9999,N/A,-9999,-9999,N/A,-9999
2298,494.138571,494.1385835298848,494.13828210536906,1561241.3,-9999,284883.3,12.26,-1,0.6100003312809112,0.9347117093240834,0,0.5608270255944501,14,1.1111111111111112,0.07407407407407407,N1 S2 P1 O2,de-protonated,0,-9999,C27 H30 O2 N1 P1 S2,27,30,2,1,1,2,-9999,N/A,-9999,-9999,N/A,-9999
2299,494.146734,494.1467465363557,494.14638796823914,2284958,-9999,213466.4,18.72,-1,0.7256313620494617,0.6059212463292248,0.9134476486025688,0.7289318072385624,14,1.148148148148148,0.07407407407407407,13C1 S2 P1 O2,de-protonated,1,2292,C27 H31 O2 P1 S2 13C1,27,31,2,-9999,1,2,1,N/A,-9999,-9999,N/A,-9999
2299,494.146734,494.1467465363557,494.1465243138591,2284958,-9999,213466.4,18.72,-1,0.44970972300867784,0.9639691654544934,0,0.578381499272696,14,1.0740740740740742,0.14814814814814814,N1 S2 O4,de-protonated,0,-9999,C27 H29 O4 N1 S2,27,29,4,1,-9999,2,-9999,N/A,-9999,-9999,N/A,-9999
2299,494.146734,494.1467465363557,494.1466572555891,2284958,-9999,213466.4,18.72,-1,0.18067665798573568,0.9940942868396372,0,0.5964565721037823,1,2.125,0.75,N1 S1 P1 O12,de-protonated,0,-9999,C16 H34 O12 N1 P1 S1,16,34,12,1,1,1,-9999,N/A,-9999,-9999,N/A,-9999
2299,494.146734,494.1467465363557,494.1468559988891,2284958,-9999,213466.4,18.72,-1,-0.22151822297662485,0.9911357752962724,0.9627774845812872,0.9797924590102784,20,0.8518518518518519,0.1111111111111111,13C1 N4 P1 O3,de-protonated,1,2292,C27 H23 O3 N4 P1 13C1,27,23,3,4,1,-9999,1,N/A,-9999,-9999,N/A,-9999
2299,494.146734,494.1467465363557,494.1465846727291,2284958,-9999,213466.4,18.72,-1,0.327561965664187,0.6538129490789193,0.9303181296970192,0.7644150213261592,6,1.7647058823529411,0.4705882352941176,13C1 N4 S2 O8,de-protonated,1,2292,C17 H30 O8 N4 S2 13C1,17,30,8,4,-9999,2,1,N/A,-9999,-9999,N/A,-9999
2300,494.182551,494.18256356474814,494.18277347758914,1793715.1,-9999,290518.3,14.34,-1,-0.4247676209426466,0.6451945067926164,0.8864084911738289,0.7416801005451015,13,1.25,0.03571428571428571,13C1 S2 P1 O1,de-protonated,1,2295,C28 H35 O1 P1 S2 13C1,28,35,1,-9999,1,2,1,N/A,-9999,-9999,N/A,-9999
2300,494.182551,494.18256356474814,494.18290982320906,1793715.1,-9999,290518.3,14.34,-1,-0.7006686270196422,0.9147725832418954,0,0.5488635499451372,13,1.1785714285714286,0.10714285714285714,N1 S2 O3,de-protonated,0,-9999,C28 H33 O3 N1 S2,28,33,3,1,-9999,2,-9999,N/A,-9999,-9999,N/A,-9999
2300,494.182551,494.18256356474814,494.1830427649391,1793715.1,-9999,290518.3,14.34,-1,-0.9696815744329392,0.8431478100430552,0,0.505888686025833,0,2.235294117647059,0.6470588235294118,N1 S1 P1 O11,de-protonated,0,-9999,C17 H38 O11 N1 P1 S1,17,38,11,1,1,1,-9999,N/A,-9999,-9999,N/A,-9999
2300,494.182551,494.18256356474814,494.18297018207915,1793715.1,-9999,290518.3,14.34,-1,0.9700523901261304,0.5620251835930395,0.9309001147828634,0.7095751560689691,5,1.8888888888888888,0.3888888888888889,13C1 N4 S2 O7,de-protonated,1,2295,C18 H34 O7 N4 S2 13C1,18,34,7,4,-9999,2,1,N/A,-9999,-9999,N/A,-9999
2301,494.183437,494.1834495654506,494.1830427649391,1747635.8,-9999,373300.1,13.93,-1,0.8231778030093505,0.8843047230234274,0,0.5305828338140565,0,2.235294117647059,0.6470588235294118,N1 S1 P1 O11,de-protonated,0,-9999,C17 H38 O11 N1 P1 S1,17,38,11,1,1,1,-9999,N/A,-9999,-9999,N/A,-9999
2301,494.183437,494.1834495654506,494.1832415082391,1747635.8,-9999,373300.1,13.93,-1,0.42101227628563154,0.9683496752175208,0.9312510418258771,0.9535102218608634,19,0.9642857142857144,0.07142857142857142,13C1 N4 P1 O2,de-protonated,1,2295,C28 H27 O2 N4 P1 13C1,28,27,2,4,1,-9999,1,N/A,-9999,-9999,N/A,-9999
2301,494.183437,494.1834495654506,494.18297018207915,1747635.8,-9999,373300.1,13.93,-1,0.9700523901261304,0.5620251835930395,0.9309001147828634,0.7095751560689691,5,1.8888888888888888,0.3888888888888889,13C1 N4 S2 O7,de-protonated,1,2295,C18 H34 O7 N4 S2 13C1,18,34,7,4,-9999,2,1,N/A,-9999,-9999,N/A,-9999
2302,495.015027,495.015040224659,495.01551014194905,1813661.9,-9999,325872.4,13.85,-1,-0.9492981137349694,0.8491532930890056,0,0.5094919758534033,26,0.3870967741935484,0.0967741935483871,S2 O3,de-protonated,0,-9999,C31 H12 O3 S2,31,12,3,-9999,-9999,2,-9999,N/A,-9999,-9999,N/A,-9999
2303,495.049915,495.049928252315,495.0495266695791,1788594.5,-9999,304486.3,13.63,-1,0.8111970909082334,0.8874521946756444,0,0.5324713168053866,16,0.84,0.2,S2 P1 O5,de-protonated,0,-9999,C25 H21 O5 P1 S2,25,21,5,-9999,1,2,-9999,N/A,-9999,-9999,N/A,-9999
2303,495.049915,495.049928252315,495.0503748227491,1788594.5,-9999,304486.3,13.63,-1,-0.9020706918590524,0.8627325720313949,0,0.5176395432188369,17,0.6956521739130435,0.391304347826087,N2 S1 O9,de-protonated,0,-9999,C23 H16 O9 N2 S1,23,16,9,2,-9999,1,-9999,N/A,-9999,-9999,N/A,-9999
2303,495.049915,495.049928252315,495.0499947002291,1788594.5,-9999,304486.3,13.63,-1,-0.13422465368159692,0.9967363111648307,0,0.5980417866988985,22,0.52,0.24,N4 P1 O6,de-protonated,0,-9999,C25 H13 O6 N4 P1,25,13,6,4,1,-9999,-9999,N/A,-9999,-9999,N/A,-9999
2303,495.049915,495.049928252315,495.0497233740691,1788594.5,-9999,304486.3,13.63,-1,0.41385387408172697,0.969400316551873,0,0.5816401899311238,8,1.3333333333333333,0.7333333333333333,N4 S2 O11,de-protonated,0,-9999,C15 H20 O11 N4 S2,15,20,11,4,-9999,2,-9999,N/A,-9999,-9999,N/A,-9999
2304,495.077518,495.07753127419613,495.07751580200915,1599682.9,-9999,354914.9,12.02,-1,0.03125204941400743,0.9998227964774437,0,0.5998936778864661,30,0.35294117647058826,0.08823529411764706,N2 O3,de-protonated,0,-9999,C34 H12 O3 N2,34,12,3,2,-9999,-9999,-9999,N/A,-9999,-9999,N/A,-9999
2304,495.077518,495.07753127419613,495.0778666749291,1599682.9,-9999,354914.9,12.02,-1,-0.6774706678600572,0.920094525102452,0,0.5520567150614712,7,1.5625,0.5,N4 S2 P1 O8,de-protonated,0,-9999,C16 H25 O8 N4 P1 S2,16,25,8,4,1,2,-9999,N/A,-9999,-9999,N/A,-9999
2305,495.086052,495.0860652809611,495.08591217892905,6621896,-9999,220395.7,54.75,-1,0.30924336222539445,0.49139874009024936,0.7805128205128198,0.6070443722592775,15,0.9615384615384616,0.15384615384615383,S2 P1 O4,de-protonated,0,-9999,C26 H25 O4 P1 S2,26,25,4,-9999,1,2,-9999,N/A,-9999,-9999,N/A,-9999
2305,495.086052,495.0860652809611,495.0863802095791,6621896,-9999,220395.7,54.75,-1,-0.6361084258356393,0.4646051028021715,0.7805128205128198,0.5909681898864307,21,0.6538461538461539,0.19230769230769232,N4 P1 O5,de-protonated,0,-9999,C26 H17 O5 N4 P1,26,17,5,4,1,-9999,-9999,N/A,-9999,-9999,N/A,-9999
2305,495.086052,495.0860652809611,495.08610888341906,6621896,-9999,220395.7,54.75,-1,-0.088070453105852875,0.4992968002314482,0.8524773804394659,0.6405690323146552,7,1.5,0.625,N4 S2 O10,de-protonated,0,-9999,C16 H24 O10 N4 S2,16,24,10,4,-9999,2,-9999,N/A,-9999,-9999,N/A,-9999
2306,495.114148,495.11416130323306,495.1144143756091,1742424.5,-9999,266329.2,13.24,-1,-0.5111391805452876,0.953700235321823,0,0.5722201411930938,11,1.0909090909090908,0.5909090909090909,O13,de-protonated,0,-9999,C22 H24 O13,22,24,13,-9999,-9999,-9999,-9999,N/A,-9999,-9999,N/A,-9999
2306,495.114148,495.11416130323306,495.1139013113591,1742424.5,-9999,266329.2,13.24,-1,0.5251152780928311,0.9511973120250736,0,0.5707183872150442,29,0.45714285714285713,0.05714285714285714,N2 O2,de-protonated,0,-9999,C35 H16 O2 N2,35,16,2,2,-9999,-9999,-9999,N/A,-9999,-9999,N/A,-9999
2306,495.114148,495.11416130323306,495.11425218427905,1742424.5,-9999,266329.2,13.24,-1,-0.18355570576069505,0.9939051537605068,0,0.5963430922563041,6,1.7058823529411764,0.4117647058823529,N4 S2 P1 O7,de-protonated,0,-9999,C17 H29 O7 N4 P1 S2,17,29,7,4,1,2,-9999,N/A,-9999,-9999,N/A,-9999
2307,495.1207,495.1207133084269,495.12115698224903,5218012.5,-9999,404710.9,42.8,-1,-0.8960914230309432,0.4322086516638024,0.8524773804394659,0.6003161431740678,1,2,0.8125,S2 O13,de-protonated,0,-9999,C16 H32 O13 S2,16,32,13,-9999,-9999,2,-9999,N/A,-9999,-9999,N/A,-9999
2307,495.1207,495.1207133084269,495.1206439179991,5218012.5,-9999,404710.9,42.8,-1,0.1401485247634877,0.4982211995810409,0.7612342259156645,0.6034264101148903,19,0.8275862068965517,0.06896551724137931,N2 S2 O2,de-protonated,0,-9999,C29 H24 O2 N2 S2,29,24,2,2,-9999,2,-9999,N/A,-9999,-9999,N/A,-9999
2307,495.1207,495.1207133084269,495.12077685972906,5218012.5,-9999,404710.9,42.8,-1,-0.12835515117167598,0.4985075442456955,0.8370420509349343,0.633921346921391,6,1.6111111111111112,0.5555555555555556,N2 S1 P1 O10,de-protonated,0,-9999,C18 H29 O10 N2 P1 S1,18,29,10,2,1,1,-9999,N/A,-9999,-9999,N/A,-9999
2308,495.12221,495.1222233096239,495.1222976882792,9903837,-9999,208387.2,82.66,-1,-0.15022279465788932,0.6606296336250063,0.9077035438593098,0.7594591977187277,14,1.0740740740740742,0.1111111111111111,S2 P1 O3,de-protonated,0,-9999,C27 H29 O3 P1 S2,27,29,3,-9999,1,2,-9999,N/A,-9999,-9999,N/A,-9999
2308,495.12221,495.1222233096239,495.1224943927692,9903837,-9999,208387.2,82.66,-1,-0.5475072296948388,0.622535108460894,0.929726257949748,0.7454115682564356,6,1.6470588235294117,0.5294117647058824,N4 S2 O9,de-protonated,0,-9999,C17 H28 O9 N4 S2,17,28,9,4,-9999,2,-9999,N/A,-9999,-9999,N/A,-9999
2309,495.150701,495.15071433220896,495.1507998849591,8437486,-9999,250802,70.19,-1,-0.17278120151608858,0.9972404611638226,0.9726693695883528,0.9874120245336346,10,1.2173913043478262,0.5217391304347826,O12,de-protonated,0,-9999,C23 H28 O12,23,28,12,-9999,-9999,-9999,-9999,N/A,-9999,-9999,N/A,-9999
2309,495.150701,495.15071433220896,495.1502868207091,8437486,-9999,250802,70.19,-1,0.8633974598380338,0.4367435743385446,0.719752637322661,0.5499471995321912,28,0.5555555555555556,0.02777777777777777,N2 O1,de-protonated,0,-9999,C36 H20 O1 N2,36,20,1,2,-9999,-9999,-9999,N/A,-9999,-9999,N/A,-9999
2309,495.150701,495.15071433220896,495.1506376936291,8437486,-9999,250802,70.19,-1,0.15477831193473146,0.9905340450002452,0.8793709242536716,0.9460687967016156,5,1.8333333333333333,0.3333333333333333,N4 S2 P1 O6,de-protonated,0,-9999,C18 H33 O6 N4 P1 S2,18,33,6,4,1,2,-9999,N/A,-9999,-9999,N/A,-9999
2310,495.157241,495.1572543373933,495.1575424915991,5172466,-9999,267914.7,42.42,-1,-0.5819444945842603,0.47020031034474946,0.8446892076502734,0.619995869266959,0,2.1176470588235294,0.7058823529411765,S2 O12,de-protonated,0,-9999,C17 H36 O12 S2,17,36,12,-9999,-9999,2,-9999,N/A,-9999,-9999,N/A,-9999
2310,495.157241,495.1572543373933,495.15702942734913,5172466,-9999,267914.7,42.42,-1,0.4542196329379741,0.4816281900928252,0.7550179348240812,0.5909840879853276,18,0.9333333333333332,0.03333333333333333,N2 S2 O1,de-protonated,0,-9999,C30 H28 O1 N2 S2,30,28,1,2,-9999,2,-9999,N/A,-9999,-9999,N/A,-9999
2310,495.157241,495.1572543373933,495.1571623690791,5172466,-9999,267914.7,42.42,-1,0.185735603067927,0.4968799926661879,0.8295321147073604,0.6299408414826568,5,1.736842105263158,0.47368421052631576,N2 S1 P1 O9,de-protonated,0,-9999,C19 H33 O9 N2 P1 S1,19,33,9,2,1,1,-9999,N/A,-9999,-9999,N/A,-9999
2311,495.158688,495.1587013385403,495.1586831976291,9714419,-9999,214504.3,81.05,-1,0.03663656081243449,0.6497833959947501,0.9027956032877176,0.7509882789119371,13,1.1785714285714286,0.07142857142857142,S2 P1 O2,de-protonated,0,-9999,C28 H33 O2 P1 S2,28,33,2,-9999,1,2,-9999,N/A,-9999,-9999,N/A,-9999
2311,495.158688,495.1587013385403,495.1591512282791,9714419,-9999,214504.3,81.05,-1,-0.908576035924642,0.4304453276337963,0.7675537279851021,0.5652886877743186,19,0.8928571428571429,0.10714285714285714,N4 P1 O3,de-protonated,0,-9999,C28 H25 O3 N4 P1,28,25,3,4,1,-9999,-9999,N/A,-9999,-9999,N/A,-9999
2311,495.158688,495.1587013385403,495.15887990211905,9714419,-9999,214504.3,81.05,-1,-0.3606187548895298,0.6104462768905722,0.9303181296970192,0.7383950180131511,5,1.7777777777777777,0.4444444444444444,N4 S2 O8,de-protonated,0,-9999,C18 H32 O8 N4 S2,18,32,8,4,-9999,2,-9999,N/A,-9999,-9999,N/A,-9999
2312,495.186937,495.1869503609336,495.1871853943091,2211331.5,-9999,217071.2,17.23,-1,-0.4746354155843186,0.9599476394259168,0,0.5759685836555499,9,1.3333333333333333,0.4583333333333333,O11,de-protonated,0,-9999,C24 H32 O11,24,32,11,-9999,-9999,-9999,-9999,N/A,-9999,-9999,N/A,-9999
2312,495.186937,495.1869503609336,495.18653394562904,2211331.5,-9999,217071.2,17.23,-1,0.8409261479913238,0.8795783184767938,0,0.5277469910860763,0,2.25,0.8125,N2 S1 O13,de-protonated,0,-9999,C16 H36 O13 N2 S1,16,36,13,2,-9999,1,-9999,N/A,-9999,-9999,N/A,-9999
2312,495.186937,495.1869503609336,495.18702320297905,2211331.5,-9999,217071.2,17.23,-1,-0.14710006940863227,0.9960814329262816,0,0.597648859755769,4,1.9473684210526316,0.2631578947368421,N4 S2 P1 O5,de-protonated,0,-9999,C19 H37 O5 N4 P1 S2,19,37,5,4,1,2,-9999,N/A,-9999,-9999,N/A,-9999
2313,495.193653,495.19366636625733,495.1935478784291,3063047.5,-9999,340469,24.47,-1,0.23927579170827265,0.9896653094168346,0,0.5937991856501007,4,1.85,0.4,N2 S1 P1 O8,de-protonated,0,-9999,C20 H37 O8 N2 P1 S1,20,37,8,2,1,1,-9999,N/A,-9999,-9999,N/A,-9999
2314,495.195105,495.1951183674084,495.19506870697904,6700808,-9999,253797,55.42,-1,0.10028457971110764,0.9990297288818292,0.96940443243826,0.9871796103044016,12,1.2758620689655171,0.03448275862068965,S2 P1 O1,de-protonated,0,-9999,C29 H37 O1 P1 S2,29,37,1,-9999,1,2,-9999,N/A,-9999,-9999,N/A,-9999
2314,495.195105,495.1951183674084,495.19553673762914,6700808,-9999,253797,55.42,-1,-0.8448586259747243,0.8683924317592611,0.96940443243826,0.9087972320308606,18,1,0.06896551724137931,N4 P1 O2,de-protonated,0,-9999,C29 H29 O2 N4 P1,29,29,2,4,1,-9999,-9999,N/A,-9999,-9999,N/A,-9999
2314,495.195105,495.1951183674084,495.1952654114692,6700808,-9999,253797,55.42,-1,-0.2969415724514789,0.9797321332966852,0.962297678770044,0.9727583514860284,4,1.894736842105263,0.3684210526315789,N4 S2 O7,de-protonated,0,-9999,C19 H36 O7 N4 S2,19,36,7,4,-9999,2,-9999,N/A,-9999,-9999,N/A,-9999
2315,495.231831,495.2318443965214,495.2323023694991,2350366,-9999,284807.2,18.41,-1,-0.9247639451384748,0.8562671987949122,0,0.5137603192769473,12,1.2857142857142858,0.14285714285714285,N2 S1 O4,de-protonated,0,-9999,C28 H36 O4 N2 S1,28,36,4,2,-9999,1,-9999,N/A,-9999,-9999,N/A,-9999
2315,495.231831,495.2318443965214,495.2319222469791,2350366,-9999,284807.2,18.41,-1,-0.15719999897881606,0.49776305348164,0.7550179348240813,0.6006650060186165,17,1.1,0.03333333333333333,N4 P1 O1,de-protonated,0,-9999,C30 H33 O1 N4 P1,30,33,1,4,1,-9999,-9999,N/A,-9999,-9999,N/A,-9999
2315,495.231831,495.2318443965214,495.2316509208191,2350366,-9999,284807.2,18.41,-1,0.3906771749017155,0.9726857015760372,0,0.5836114209456222,3,2,0.3,N4 S2 O6,de-protonated,0,-9999,C20 H40 O6 N4 S2,20,40,6,4,-9999,2,-9999,N/A,-9999,-9999,N/A,-9999
2316,496.1255,496.12551410494046,496.1256525233492,2231087.5,-9999,288817.1,17.39,-1,-0.2789986931860582,0.6573168407187607,0.9077035438593098,0.7574715219749804,14,1.1153846153846154,0.1153846153846154,13C1 S2 P1 O3,de-protonated,1,2308,C26 H29 O3 P1 S2 13C1,26,29,3,-9999,1,2,1,N/A,-9999,-9999,N/A,-9999
2316,496.1255,496.12551410494046,496.1257888689691,2231087.5,-9999,288817.1,17.39,-1,-0.5538192829241285,0.945867125930068,0,0.5675202755580407,14,1.0384615384615383,0.19230769230769232,N1 S2 O5,de-protonated,0,-9999,C26 H27 O5 N1 S2,26,27,5,1,-9999,2,-9999,N/A,-9999,-9999,N/A,-9999
2316,496.1255,496.12551410494046,496.12592181069914,2231087.5,-9999,288817.1,17.39,-1,-0.8217787879084267,0.8846740604292794,0,0.5308044362575677,1,2.1333333333333333,0.8666666666666667,N1 S1 P1 O13,de-protonated,0,-9999,C15 H32 O13 N1 P1 S1,15,32,13,1,1,1,-9999,N/A,-9999,-9999,N/A,-9999
2316,496.1255,496.12551410494046,496.1254087464491,2231087.5,-9999,288817.1,17.39,-1,0.21236261937381876,0.991850437747358,0,0.5951102626484148,19,0.8571428571428571,0.07142857142857142,N3 S1 P1 O2,de-protonated,0,-9999,C28 H24 O2 N3 P1 S1,28,24,2,3,1,1,-9999,N/A,-9999,-9999,N/A,-9999
2316,496.1255,496.12551410494046,496.1258492278392,2231087.5,-9999,288817.1,17.39,-1,-0.675479617198113,0.6136962423631647,0.929726257949748,0.7401082485977981,6,1.75,0.5625,13C1 N4 S2 O9,de-protonated,1,2308,C16 H28 O9 N4 S2 13C1,16,28,9,4,-9999,2,1,N/A,-9999,-9999,N/A,-9999
2317,496.154128,496.15414212763415,496.1541547200291,2471232.3,-9999,252323.1,19.43,-1,-0.0253800050789963,0.9998831276281536,0.9726693695883528,0.9889976244122334,10,1.2727272727272727,0.5454545454545454,13C1 O12,de-protonated,1,2309,C22 H28 O12 13C1,22,28,12,-9999,-9999,-9999,1,N/A,-9999,-9999,N/A,-9999
2317,496.154128,496.15414212763415,496.1539321698291,2471232.3,-9999,252323.1,19.43,-1,0.423170696514527,0.9680295743586208,0,0.5808177446151724,13,1.1851851851851851,0.07407407407407407,N1 S2 P1 O2,de-protonated,0,-9999,C27 H32 O2 N1 P1 S2,27,32,2,1,1,2,-9999,N/A,-9999,-9999,N/A,-9999
2317,496.154128,496.15414212763415,496.1539925286991,2471232.3,-9999,252323.1,19.43,-1,0.30151714442968747,0.9865262962386,0.8793709242536716,0.9436641474446286,5,1.9411764705882353,0.35294117647058826,13C1 N4 S2 P1 O6,de-protonated,1,2309,C17 H33 O6 N4 P1 S2 13C1,17,33,6,4,1,2,1,N/A,-9999,-9999,N/A,-9999
2318,496.161759,496.1617731336833,496.1620380326992,2198853,-9999,174091.9,17.12,-1,-0.5338961781735643,0.6330624703840781,0.9027956032877176,0.740955723545534,13,1.2222222222222223,0.07407407407407407,13C1 S2 P1 O2,de-protonated,1,2311,C27 H33 O2 P1 S2 13C1,27,33,2,-9999,1,2,1,N/A,-9999,-9999,N/A,-9999
2318,496.161759,496.1617731336833,496.16217437831904,2198853,-9999,174091.9,17.12,-1,-0.8086965440843162,0.8881046937424314,0,0.5328628162454588,13,1.148148148148148,0.14814814814814814,N1 S2 O4,de-protonated,0,-9999,C27 H31 O4 N1 S2,27,31,4,1,-9999,2,-9999,N/A,-9999,-9999,N/A,-9999
2318,496.161759,496.1617731336833,496.1613049984491,2198853,-9999,174091.9,17.12,-1,0.9435141948481468,0.8508417932295264,0,0.5105050759377158,14,1.0384615384615383,0.34615384615384615,N1 O9,de-protonated,0,-9999,C26 H27 O9 N1,26,27,9,1,-9999,-9999,-9999,N/A,-9999,-9999,N/A,-9999
2318,496.161759,496.1617731336833,496.1617942557991,2198853,-9999,174091.9,17.12,-1,-0.04257102432231582,0.9996712160383886,0,0.5998027296230332,18,0.9655172413793104,0.03448275862068965,N3 S1 P1 O1,de-protonated,0,-9999,C29 H28 O1 N3 P1 S1,29,28,1,3,1,1,-9999,N/A,-9999,-9999,N/A,-9999
2318,496.161759,496.1617731336833,496.1622347371891,2198853,-9999,174091.9,17.12,-1,-0.930347925525895,0.569772841177851,0.9303181296970192,0.7139909565855183,5,1.8823529411764703,0.4705882352941176,13C1 N4 S2 O8,de-protonated,1,2311,C17 H32 O8 N4 S2 13C1,17,32,8,4,-9999,2,1,N/A,-9999,-9999,N/A,-9999
2319,496.198422,496.1984361627464,496.1984235420491,1761626.8,-9999,283496.3,13.4,-1,0.02543477901053292,0.9998826226565488,0.96940443243826,0.9876913465692334,12,1.3214285714285714,0.03571428571428571,13C1 S2 P1 O1,de-protonated,1,2314,C28 H37 O1 P1 S2 13C1,28,37,1,-9999,1,2,1,N/A,-9999,-9999,N/A,-9999
2319,496.198422,496.1984361627464,496.1985598876691,1761626.8,-9999,283496.3,13.4,-1,-0.24934559011652715,0.9887821449895108,0,0.5932692869937064,12,1.25,0.10714285714285714,N1 S2 O3,de-protonated,0,-9999,C28 H35 O3 N1 S2,28,35,3,1,-9999,2,-9999,N/A,-9999,-9999,N/A,-9999
2319,496.198422,496.1984361627464,496.1988915726991,1761626.8,-9999,283496.3,13.4,-1,-0.9177971989192334,0.8582639360054913,0.96940443243826,0.9027201345785988,18,1.0357142857142858,0.07142857142857142,13C1 N4 P1 O2,de-protonated,1,2314,C28 H29 O2 N4 P1 13C1,28,29,2,4,1,-9999,1,N/A,-9999,-9999,N/A,-9999
2319,496.198422,496.1984361627464,496.1986202465392,1761626.8,-9999,283496.3,13.4,-1,-0.37098811908349966,0.9753360710961518,0.962297678770044,0.9701207141657088,4,2,0.3888888888888889,13C1 N4 S2 O7,de-protonated,1,2314,C18 H36 O7 N4 S2 13C1,18,36,7,4,-9999,2,1,N/A,-9999,-9999,N/A,-9999
2321,497.063504,497.0635188485043,497.06352296375906,1760093.4,-9999,502295.9,13.38,-1,-0.00827913244389302,0.999987562852414,0,0.5999925377114483,20,0.6666666666666666,0.14814814814814814,N2 S2 O4,de-protonated,0,-9999,C27 H18 O4 N2 S2,27,18,4,2,-9999,2,-9999,N/A,-9999,-9999,N/A,-9999
2321,497.063504,497.0635188485043,497.0636559054891,1760093.4,-9999,502295.9,13.38,-1,-0.27573326505624074,0.9862993875762744,0,0.5917796325457646,7,1.4375,0.75,N2 S1 P1 O12,de-protonated,0,-9999,C16 H23 O12 N2 P1 S1,16,23,12,2,1,1,-9999,N/A,-9999,-9999,N/A,-9999
2321,497.063504,497.0635188485043,497.06314284123914,1760093.4,-9999,502295.9,13.38,-1,0.7564577470482253,0.9013784488963464,0,0.5408270693378078,25,0.5172413793103449,0.03448275862068965,N4 S1 P1 O1,de-protonated,0,-9999,C29 H15 O1 N4 P1 S1,29,15,1,4,1,1,-9999,N/A,-9999,-9999,N/A,-9999
2322,497.064843,497.0648578495657,497.065176734039,3134814.3,-9999,363369.4,25.07,-1,-0.6415345275180553,0.4640210365521064,0.7871578612348809,0.5932757664252162,15,0.92,0.2,S2 P1 O5,de-protonated,0,-9999,C25 H23 O5 P1 S2,25,23,5,-9999,1,2,-9999,N/A,-9999,-9999,N/A,-9999
2323,497.065765,497.06577985029656,497.0660248872091,2773342.8,-9999,272127.9,22,-1,-0.49296652822680864,0.9568631147190269,0,0.5741178688314161,16,0.782608695652174,0.391304347826087,N2 S1 O9,de-protonated,0,-9999,C23 H18 O9 N2 S1,23,18,9,2,-9999,1,-9999,N/A,-9999,-9999,N/A,-9999
2323,497.065765,497.06577985029656,497.0656447646891,2773342.8,-9999,272127.9,22,-1,0.27176613162136243,0.49334408589703993,0.787157861234881,0.6108695960321764,21,0.6,0.24,N4 P1 O6,de-protonated,0,-9999,C25 H15 O6 N4 P1,25,15,6,4,1,-9999,-9999,N/A,-9999,-9999,N/A,-9999
2323,497.065765,497.06577985029656,497.06537343852904,2773342.8,-9999,272127.9,22,-1,0.8176223676918126,0.8857685466930674,0,0.5314611280158404,7,1.4666666666666666,0.7333333333333333,N4 S2 O11,de-protonated,0,-9999,C15 H22 O11 N4 S2,15,22,11,4,-9999,2,-9999,N/A,-9999,-9999,N/A,-9999
2324,497.080474,497.0804888619565,497.08043287532905,1876071.5,-9999,252959.4,14.37,-1,0.11263092196262006,0.9977008390683824,0,0.5986205034410294,19,0.7931034482758621,0.06896551724137931,S2 P1 O2,de-protonated,0,-9999,C29 H23 O2 P1 S2,29,23,2,-9999,1,2,-9999,N/A,-9999,-9999,N/A,-9999
2324,497.080474,497.0804888619565,497.0809009059791,1876071.5,-9999,252959.4,14.37,-1,-0.8289274882658826,0.8827818512182798,0,0.5296691107309679,25,0.5172413793103449,0.10344827586206896,N4 P1 O3,de-protonated,0,-9999,C29 H15 O3 N4 P1,29,15,3,4,1,-9999,-9999,N/A,-9999,-9999,N/A,-9999
2324,497.080474,497.0804888619565,497.080629579819,1876071.5,-9999,252959.4,14.37,-1,-0.283088606019899,0.9855640667690572,0,0.5913384400614342,11,1.1578947368421053,0.42105263157894735,N4 S2 O8,de-protonated,0,-9999,C19 H22 O8 N4 S2,19,22,8,4,-9999,2,-9999,N/A,-9999,-9999,N/A,-9999
2325,497.101567,497.1015818786771,497.1015622433891,7040884,-9999,177256.2,58.3,-1,0.03949955002757895,0.9508452455174624,0.9802784904013664,0.962618543471024,14,1.0384615384615383,0.15384615384615383,S2 P1 O4,de-protonated,0,-9999,C26 H27 O4 P1 S2,26,27,4,-9999,1,2,-9999,N/A,-9999,-9999,N/A,-9999
2325,497.101567,497.1015818786771,497.10203027403907,7040884,-9999,177256.2,58.3,-1,-0.9020187700898472,0.928259062514883,0.9802784904013664,0.9490668336694764,20,0.7307692307692307,0.19230769230769232,N4 P1 O5,de-protonated,0,-9999,C26 H19 O5 N4 P1,26,19,5,4,1,-9999,-9999,N/A,-9999,-9999,N/A,-9999
2325,497.101567,497.1015818786771,497.1017589478791,7040884,-9999,177256.2,58.3,-1,-0.3562031290264655,0.9770541906556238,0.9477569496719876,0.9653352942621694,6,1.625,0.625,N4 S2 O10,de-protonated,0,-9999,C16 H26 O10 N4 S2,16,26,10,4,-9999,2,-9999,N/A,-9999,-9999,N/A,-9999
2326,497.11673,497.116744890697,497.1168183846791,1842557,-9999,256346.9,14.08,-1,-0.14784046599892242,0.9960419654875572,0,0.5976251792925343,18,0.9,0.03333333333333333,S2 P1 O1,de-protonated,0,-9999,C30 H27 O1 P1 S2,30,27,1,-9999,1,2,-9999,N/A,-9999,-9999,N/A,-9999
2326,497.11673,497.116744890697,497.1170150891691,1842557,-9999,256346.9,14.08,-1,-0.5435309271114794,0.9478067613125228,0,0.5686840567875137,10,1.3,0.35,N4 S2 O7,de-protonated,0,-9999,C20 H26 O7 N4 S2,20,26,7,4,-9999,2,-9999,N/A,-9999,-9999,N/A,-9999
2327,497.129732,497.1297469010038,497.130064440069,2080132.9,-9999,288795.9,16.1,-1,-0.6387444412430746,0.9286437793085908,0,0.5571862675851545,10,1.181818181818182,0.5909090909090909,O13,de-protonated,0,-9999,C22 H26 O13,22,26,13,-9999,-9999,-9999,-9999,N/A,-9999,-9999,N/A,-9999
2327,497.129732,497.1297469010038,497.1295513758191,2080132.9,-9999,288795.9,16.1,-1,0.3933083119362672,0.48616085280202,0.725399618712417,0.5818563591661787,28,0.5142857142857142,0.05714285714285714,N2 O2,de-protonated,0,-9999,C35 H18 O2 N2,35,18,2,2,-9999,-9999,-9999,N/A,-9999,-9999,N/A,-9999
2327,497.129732,497.1297469010038,497.1299022487391,2080132.9,-9999,288795.9,16.1,-1,-0.31248921981687483,0.9824376716625736,0,0.5894626029975442,5,1.8235294117647056,0.4117647058823529,N4 S2 P1 O7,de-protonated,0,-9999,C17 H31 O7 N4 P1 S2,17,31,7,4,1,2,-9999,N/A,-9999,-9999,N/A,-9999
2328,497.130598,497.13061290169026,497.130933819939,1779845.4,-9999,286428,13.55,-1,-0.6455406954477108,0.9271742095948662,0,0.5563045257569197,9,1.3043478260869563,0.34782608695652173,S2 O8,de-protonated,0,-9999,C23 H30 O8 S2,23,30,8,-9999,-9999,2,-9999,N/A,-9999,-9999,N/A,-9999
2328,497.130598,497.13061290169026,497.1305536974191,1779845.4,-9999,286428,13.55,-1,0.1190919985243568,0.997429839214124,0,0.5984579035284743,14,1.08,0.2,N2 S1 P1 O5,de-protonated,0,-9999,C25 H27 O5 N2 P1 S1,25,27,5,2,1,1,-9999,N/A,-9999,-9999,N/A,-9999
2329,497.136302,497.13631690621185,497.13680704670907,5069704.5,-9999,428246.2,41.53,-1,-0.9859267917254212,0.4191507353908474,0.8524773804394659,0.5924813934102948,0,2.125,0.8125,S2 O13,de-protonated,0,-9999,C16 H34 O13 S2,16,34,13,-9999,-9999,2,-9999,N/A,-9999,-9999,N/A,-9999
2329,497.136302,497.13631690621185,497.1362939824591,5069704.5,-9999,428246.2,41.53,-1,0.04611160564075288,0.4998071318354765,0.7612342259156646,0.6043779694675517,18,0.896551724137931,0.06896551724137931,N2 S2 O2,de-protonated,0,-9999,C29 H26 O2 N2 S2,29,26,2,2,-9999,2,-9999,N/A,-9999,-9999,N/A,-9999
2329,497.136302,497.13631690621185,497.1364269241891,5069704.5,-9999,428246.2,41.53,-1,-0.22130339136479432,0.4955764420122321,0.8370420509349343,0.6321626855813129,5,1.7222222222222223,0.5555555555555556,N2 S1 P1 O10,de-protonated,0,-9999,C18 H31 O10 N2 P1 S1,18,31,10,2,1,1,-9999,N/A,-9999,-9999,N/A,-9999
2330,497.137766,497.1377809073724,497.1379477527391,9466762,-9999,222121.2,78.93,-1,-0.33561181040011084,0.6599191745077366,0.908375070954015,0.759301533086248,13,1.148148148148148,0.1111111111111111,S2 P1 O3,de-protonated,0,-9999,C27 H31 O3 P1 S2,27,31,3,-9999,1,2,-9999,N/A,-9999,-9999,N/A,-9999
2330,497.137766,497.1377809073724,497.1381444572291,9466762,-9999,222121.2,78.93,-1,-0.731285379578402,0.6269224725228245,0.9297262579497482,0.748043986693594,5,1.7647058823529411,0.5294117647058824,N4 S2 O9,de-protonated,0,-9999,C17 H30 O9 N4 S2,17,30,9,4,-9999,2,-9999,N/A,-9999,-9999,N/A,-9999
2331,497.146316,497.1463309141501,497.146189961229,1912526.8,-9999,266190.2,14.68,-1,0.2835240898175374,0.9855199415098256,0,0.5913119649058952,13,1.1111111111111112,0.18518518518518515,S2 O5,de-protonated,0,-9999,C27 H30 O5 S2,27,30,5,-9999,-9999,2,-9999,N/A,-9999,-9999,N/A,-9999
2331,497.146316,497.1463309141501,497.146322902959,1912526.8,-9999,266190.2,14.68,-1,0.01611435225803831,0.9999528839034558,0,0.5999717303420735,0,2.1875,0.8125,S1 P1 O13,de-protonated,0,-9999,C16 H35 O13 P1 S1,16,35,13,-9999,1,1,-9999,N/A,-9999,-9999,N/A,-9999
2331,497.146316,497.1463309141501,497.1466579918791,1912526.8,-9999,266190.2,14.68,-1,-0.6579099423164397,0.9244657776954612,0,0.5546794666172767,19,0.8148148148148148,0.2222222222222222,N4 O6,de-protonated,0,-9999,C27 H22 O6 N4,27,22,6,4,-9999,-9999,-9999,N/A,-9999,-9999,N/A,-9999
2331,497.146316,497.1463309141501,497.14643352322906,1912526.8,-9999,266190.2,14.68,-1,-0.20639608795893535,0.9894132487639946,0.8793709242536716,0.9453963189598652,5,1.8333333333333333,0.3333333333333333,N4 S1 34S1 P1 O6,de-protonated,1,2309,C18 H33 O6 N4 P1 S1 34S1,18,33,6,4,1,1,-9999,N/A,-9999,-9999,N/A,1
2332,497.147781,497.14779591531135,497.1480404359991,2351503.5,-9999,259197.8,18.41,-1,-0.49184683008690955,0.9570545852658412,0,0.5742327511595047,0,2.2666666666666666,0.8,N2 S2 O12,de-protonated,0,-9999,C15 H34 O12 N2 S2,15,34,12,2,-9999,2,-9999,N/A,-9999,-9999,N/A,-9999
2332,497.147781,497.14779591531135,497.1475273717491,2351503.5,-9999,259197.8,18.41,-1,0.5401687576767882,0.948433585494308,0,0.5690601512965847,18,0.9285714285714286,0.03571428571428571,N4 S2 O1,de-protonated,0,-9999,C28 H26 O1 N4 S2,28,26,1,4,-9999,2,-9999,N/A,-9999,-9999,N/A,-9999
2332,497.147781,497.14779591531135,497.1476603134791,2351503.5,-9999,259197.8,18.41,-1,0.2727596709795566,0.9865913181481212,0,0.5919547908888727,5,1.8235294117647056,0.5294117647058824,N4 S1 P1 O9,de-protonated,0,-9999,C17 H31 O9 N4 P1 S1,17,31,9,4,1,1,-9999,N/A,-9999,-9999,N/A,-9999
2333,497.166266,497.1662809299646,497.1664499494191,13021083,-9999,210380.6,109.17,-1,-0.33996552759742854,0.9660412523125412,0.9761826846546718,0.9700978252493936,9,1.3043478260869563,0.5217391304347826,O12,de-protonated,0,-9999,C23 H30 O12,23,30,12,-9999,-9999,-9999,-9999,N/A,-9999,-9999,N/A,-9999
2333,497.166266,497.1662809299646,497.1659368851691,13021083,-9999,210380.6,109.17,-1,0.692012002376333,0.6233293336760144,0.9065213337784483,0.736606133716988,27,0.6111111111111112,0.02777777777777777,N2 O1,de-protonated,0,-9999,C36 H22 O1 N2,36,22,1,2,-9999,-9999,-9999,N/A,-9999,-9999,N/A,-9999
2333,497.166266,497.1662809299646,497.1657985007391,13021083,-9999,210380.6,109.17,-1,0.9703588360199203,0.86772569800733,0.9165654438188472,0.887261596331937,0,2.2666666666666666,0.9333333333333332,N2 S1 O14,de-protonated,0,-9999,C15 H34 O14 N2 S1,15,34,14,2,-9999,1,-9999,N/A,-9999,-9999,N/A,-9999
2333,497.166266,497.1662809299646,497.16628775808914,13021083,-9999,210380.6,109.17,-1,-0.01373408594743527,0.9941455993505478,0.8811325716466791,0.9489403882690004,4,1.9444444444444444,0.3333333333333333,N4 S2 P1 O6,de-protonated,0,-9999,C18 H35 O6 N4 P1 S2,18,35,6,4,1,2,-9999,N/A,-9999,-9999,N/A,-9999
2334,497.169054,497.1690689321747,497.1693081884891,1692188.3,-9999,284401.1,12.8,-1,-0.48123709659173186,0.9588491211919112,0,0.5753094727151468,22,0.7878787878787878,0.0303030303030303,N2 S1 O1,de-protonated,0,-9999,C33 H26 O1 N2 S1,33,26,1,2,-9999,1,-9999,N/A,-9999,-9999,N/A,-9999
2334,497.169054,497.1690689321747,497.1694411302191,1692188.3,-9999,284401.1,12.8,-1,-0.7486341951850359,0.903306382317376,0,0.5419838293904256,9,1.4090909090909092,0.4090909090909091,N2 P1 O9,de-protonated,0,-9999,C22 H31 O9 N2 P1,22,31,9,2,1,-9999,-9999,N/A,-9999,-9999,N/A,-9999
2334,497.169054,497.1690689321747,497.168656739809,1692188.3,-9999,284401.1,12.8,-1,0.8290795489312196,0.8827414680353197,0,0.5296448808211918,13,1.2,0.12,N4 S2 O3,de-protonated,0,-9999,C25 H30 O3 N4 S2,25,30,3,4,-9999,2,-9999,N/A,-9999,-9999,N/A,-9999
2334,497.169054,497.1690689321747,497.1687896815391,1692188.3,-9999,284401.1,12.8,-1,0.5616817494731401,0.9443630587930292,0,0.5666178352758174,0,2.5,0.7857142857142857,N4 S1 P1 O11,de-protonated,0,-9999,C14 H35 O11 N4 P1 S1,14,35,11,4,1,1,-9999,N/A,-9999,-9999,N/A,-9999
2335,497.174215,497.1742299362658,497.17433326208914,7336863.5,-9999,230431.1,60.82,-1,-0.20782614146610984,0.4960967758414304,0.7675537279851021,0.6046795566988991,12,1.25,0.07142857142857142,S2 P1 O2,de-protonated,0,-9999,C28 H35 O2 P1 S2,28,35,2,-9999,1,2,-9999,N/A,-9999,-9999,N/A,-9999
2335,497.174215,497.1742299362658,497.1745299665791,7336863.5,-9999,230431.1,60.82,-1,-0.6034708038836697,0.46802825038484247,0.8370420509349343,0.6156337706048792,4,1.8888888888888888,0.4444444444444444,N4 S2 O8,de-protonated,0,-9999,C18 H34 O8 N4 S2,18,34,8,4,-9999,2,-9999,N/A,-9999,-9999,N/A,-9999
2336,497.201278,497.2012929577189,497.2016709458391,1775279.5,-9999,330006,13.51,-1,-0.7602309933374302,0.9004429416664078,0,0.5402657649998447,17,1.0344827586206895,0.06896551724137931,N4 S1 O2,de-protonated,0,-9999,C29 H30 O2 N4 S1,29,30,2,4,-9999,1,-9999,N/A,-9999,-9999,N/A,-9999
2337,497.202999,497.20301395908314,497.2028354587691,2373040.5,-9999,254715.1,18.59,-1,0.35900904285725793,0.9768848777666176,0,0.5861309266599705,8,1.4166666666666667,0.4583333333333333,O11,de-protonated,0,-9999,C24 H34 O11,24,34,11,-9999,-9999,-9999,-9999,N/A,-9999,-9999,N/A,-9999
2337,497.202999,497.20301395908314,497.2033247161191,2373040.5,-9999,254715.1,18.59,-1,-0.6250099717755226,0.9315730642528178,0,0.5589438385516907,12,1.2962962962962965,0.1111111111111111,N2 S1 P1 O3,de-protonated,0,-9999,C27 H35 O3 N2 P1 S1,27,35,3,2,1,1,-9999,N/A,-9999,-9999,N/A,-9999
2337,497.202999,497.20301395908314,497.2026732674391,2373040.5,-9999,254715.1,18.59,-1,0.6852168388726962,0.918333953090067,0,0.5510003718540402,3,2.0526315789473686,0.2631578947368421,N4 S2 P1 O5,de-protonated,0,-9999,C19 H39 O5 N4 P1 S2,19,39,5,4,1,2,-9999,N/A,-9999,-9999,N/A,-9999
2338,497.209552,497.20956696427777,497.2098493915691,2284980.5,-9999,266706.2,17.84,-1,-0.5680243295060268,0.9431360661687364,0,0.5658816397012418,12,1.25,0.21428571428571427,P1 O6,de-protonated,0,-9999,C28 H35 O6 P1,28,35,6,-9999,1,-9999,-9999,N/A,-9999,-9999,N/A,-9999
2338,497.209552,497.20956696427777,497.20919794288915,2284980.5,-9999,266706.2,17.84,-1,0.7421853621138986,0.9048835358847684,0,0.542930121530861,3,1.95,0.4,N2 S1 P1 O8,de-protonated,0,-9999,C20 H39 O8 N2 P1 S1,20,39,8,2,1,1,-9999,N/A,-9999,-9999,N/A,-9999
2338,497.209552,497.20956696427777,497.2100460960591,2284980.5,-9999,266706.2,17.84,-1,-0.9636405883084004,0.8449364785712877,0,0.5069618871427726,4,1.8888888888888888,0.6666666666666666,N4 O12,de-protonated,0,-9999,C18 H34 O12 N4,18,34,12,4,-9999,-9999,-9999,N/A,-9999,-9999,N/A,-9999
2339,497.210648,497.2106629651466,497.2107187714391,2939317,-9999,224774.4,23.41,-1,-0.11223871567308652,0.49885840266083525,0.7612342259156645,0.603808731962767,11,1.3448275862068966,0.03448275862068965,S2 P1 O1,de-protonated,0,-9999,C29 H39 O1 P1 S2,29,39,1,-9999,1,2,-9999,N/A,-9999,-9999,N/A,-9999
2339,497.210648,497.2106629651466,497.2109154759291,2939317,-9999,224774.4,23.41,-1,-0.5078544630511793,0.9542796201289432,0,0.5725677720773659,3,2,0.3684210526315789,N4 S2 O7,de-protonated,0,-9999,C19 H38 O7 N4 S2,19,38,7,4,-9999,2,-9999,N/A,-9999,-9999,N/A,-9999
2340,498.105277,498.1052926743266,498.1049170784591,1757643.8,-9999,342552.3,13.35,-1,0.7540497084975843,0.9019735498289716,0.9802784904013664,0.9332955260579296,14,1.08,0.16,13C1 S2 P1 O4,de-protonated,1,2325,C25 H27 O4 P1 S2 13C1,25,27,4,-9999,1,2,1,N/A,-9999,-9999,N/A,-9999
2340,498.105277,498.1052926743266,498.1053247502391,1757643.8,-9999,342552.3,13.35,-1,-0.0643958433935444,0.9992478471244464,0,0.5995487082746678,28,0.5142857142857142,0.02857142857142857,N1 P1 O1,de-protonated,0,-9999,C35 H18 O1 N1 P1,35,18,1,1,1,-9999,-9999,N/A,-9999,-9999,N/A,-9999
2340,498.105277,498.1052926743266,498.1050534240791,1757643.8,-9999,342552.3,13.35,-1,0.48032085982914696,0.9590024140759856,0,0.5754014484455914,14,1,0.24,N1 S2 O6,de-protonated,0,-9999,C25 H25 O6 N1 S2,25,25,6,1,-9999,2,-9999,N/A,-9999,-9999,N/A,-9999
2340,498.105277,498.1052926743266,498.10538510910914,1757643.8,-9999,342552.3,13.35,-1,-0.18557274279607597,0.99377088937606,0.9802784904013664,0.9883739297861828,20,0.76,0.2,13C1 N4 P1 O5,de-protonated,1,2325,C25 H19 O5 N4 P1 13C1,25,19,5,4,1,-9999,1,N/A,-9999,-9999,N/A,-9999
2340,498.105277,498.1052926743266,498.1051137829491,1757643.8,-9999,342552.3,13.35,-1,0.35914382841241665,0.976867720280583,0.9477569496719876,0.9652234120371448,6,1.7333333333333334,0.6666666666666666,13C1 N4 S2 O10,de-protonated,1,2325,C15 H26 O10 N4 S2 13C1,15,26,10,4,-9999,2,1,N/A,-9999,-9999,N/A,-9999
2341,498.141291,498.1413067028753,498.1413025878091,2142177.3,-9999,321781.1,16.62,-1,0.00826084107421682,0.66665841183133,0.908375070954015,0.7633450754804041,13,1.1923076923076923,0.1153846153846154,13C1 S2 P1 O3,de-protonated,1,2330,C26 H31 O3 P1 S2 13C1,26,31,3,-9999,1,2,1,N/A,-9999,-9999,N/A,-9999
2341,498.141291,498.1413067028753,498.14143893342913,2142177.3,-9999,321781.1,16.62,-1,-0.26544780961862213,0.9872960499336048,0,0.5923776299601629,13,1.1153846153846154,0.19230769230769232,N1 S2 O5,de-protonated,0,-9999,C26 H29 O5 N1 S2,26,29,5,1,-9999,2,-9999,N/A,-9999,-9999,N/A,-9999
2341,498.141291,498.1413067028753,498.14157187515906,2142177.3,-9999,321781.1,16.62,-1,-0.5323231361262165,0.9498827367041094,0,0.5699296420224657,0,2.2666666666666666,0.8666666666666667,N1 S1 P1 O13,de-protonated,0,-9999,C15 H34 O13 N1 P1 S1,15,34,13,1,1,1,-9999,N/A,-9999,-9999,N/A,-9999
2341,498.141291,498.1413067028753,498.1410588109091,2142177.3,-9999,321781.1,16.62,-1,0.49763407733205256,0.9560606813848278,0,0.5736364088308966,18,0.9285714285714286,0.07142857142857142,N3 S1 P1 O2,de-protonated,0,-9999,C28 H26 O2 N3 P1 S1,28,26,2,3,1,1,-9999,N/A,-9999,-9999,N/A,-9999
2341,498.141291,498.1413067028753,498.1414992922992,2142177.3,-9999,321781.1,16.62,-1,-0.3866158995964839,0.6488286753594893,0.9297262579497482,0.7611877083955929,5,1.875,0.5625,13C1 N4 S2 O9,de-protonated,1,2330,C16 H30 O9 N4 S2 13C1,16,30,9,4,-9999,2,1,N/A,-9999,-9999,N/A,-9999
2342,498.168128,498.1681437241492,498.1679284640091,2443761.5,-9999,418875.5,19.19,-1,0.4321035694336697,0.4833442729060522,0.7612342259156646,0.5945002541098972,17,1,0.03448275862068965,N3 S2 O1,de-protonated,0,-9999,C29 H29 O1 N3 S2,29,29,1,3,-9999,2,-9999,N/A,-9999,-9999,N/A,-9999
2342,498.168128,498.1681437241492,498.16806140573914,2443761.5,-9999,418875.5,19.19,-1,0.16524224746015237,0.995057796632733,0,0.5970346779796397,4,1.8888888888888888,0.5,N3 S1 P1 O9,de-protonated,0,-9999,C18 H34 O9 N3 P1 S1,18,34,9,3,1,1,-9999,N/A,-9999,-9999,N/A,-9999
2343,498.169532,498.16954772526213,498.1698047844891,3737586.3,-9999,256135.2,30.19,-1,-0.5160072418775373,0.952835352804788,0.9761826846546718,0.9621742855447416,9,1.3636363636363635,0.5454545454545454,13C1 O12,de-protonated,1,2333,C22 H30 O12 13C1,22,30,12,-9999,-9999,-9999,1,N/A,-9999,-9999,N/A,-9999
2343,498.169532,498.16954772526213,498.1695822342891,3737586.3,-9999,256135.2,30.19,-1,-0.0692716460810365,0.4995648431810461,0.7739790330151772,0.6093305191146985,12,1.2592592592592593,0.07407407407407407,N1 S2 P1 O2,de-protonated,0,-9999,C27 H34 O2 N1 P1 S2,27,34,2,1,1,2,-9999,N/A,-9999,-9999,N/A,-9999
2343,498.169532,498.16954772526213,498.16929172023913,3737586.3,-9999,256135.2,30.19,-1,0.513891617286313,0.6354747568720022,0.9065213337784483,0.7438933876345807,27,0.6285714285714286,0.02857142857142857,13C1 N2 O1,de-protonated,1,2333,C35 H22 O1 N2 13C1,35,22,1,2,-9999,-9999,1,N/A,-9999,-9999,N/A,-9999
2343,498.169532,498.16954772526213,498.1691533358091,3737586.3,-9999,256135.2,30.19,-1,0.791677787370986,0.8925045752986688,0.9165654438188472,0.9021289227067402,0,2.4285714285714284,1,13C1 N2 S1 O14,de-protonated,1,2333,C14 H34 O14 N2 S1 13C1,14,34,14,2,-9999,1,1,N/A,-9999,-9999,N/A,-9999
2343,498.169532,498.16954772526213,498.1696425931591,3737586.3,-9999,256135.2,30.19,-1,-0.19043291462951203,0.9919708146560402,0.8811325716466791,0.9476355174522958,4,2.0588235294117645,0.35294117647058826,13C1 N4 S2 P1 O6,de-protonated,1,2333,C17 H35 O6 N4 P1 S2 13C1,17,35,6,4,1,2,1,N/A,-9999,-9999,N/A,-9999
2346,499.059334,499.0593504306158,499.05969743043914,1693960.3,-9999,348608.9,12.81,-1,-0.6953072451065322,0.9160157132506046,0,0.5496094279503627,19,0.75,0.10714285714285714,S2 P1 O3,de-protonated,0,-9999,C28 H21 O3 P1 S2,28,21,3,-9999,1,2,-9999,N/A,-9999,-9999,N/A,-9999
2346,499.059334,499.0593504306158,499.05902475505906,1693960.3,-9999,348608.9,12.81,-1,0.6525792352586446,0.925638346137107,0,0.5553830076822642,12,0.9411764705882352,0.8235294117647058,N4 O14,de-protonated,0,-9999,C17 H16 O14 N4,17,16,14,4,-9999,-9999,-9999,N/A,-9999,-9999,N/A,-9999
2347,499.060272,499.06028843135937,499.0605455836091,1743624.8,-9999,279193.4,13.23,-1,-0.5152726497940936,0.9529663386399436,0,0.5717798031839663,20,0.6153846153846154,0.2692307692307692,N2 S1 O7,de-protonated,0,-9999,C26 H16 O7 N2 S1,26,16,7,2,-9999,1,-9999,N/A,-9999,-9999,N/A,-9999
2347,499.060272,499.06028843135937,499.060165461089,1743624.8,-9999,279193.4,13.23,-1,0.2464036980061502,0.98904384319824,0,0.593426305918944,25,0.4642857142857143,0.14285714285714285,N4 P1 O4,de-protonated,0,-9999,C28 H13 O4 N4 P1,28,13,4,4,1,-9999,-9999,N/A,-9999,-9999,N/A,-9999
2347,499.060272,499.06028843135937,499.0598941349291,1743624.8,-9999,279193.4,13.23,-1,0.7900783750594993,0.8929143677300921,0,0.5357486206380553,11,1.1111111111111112,0.5,N4 S2 O9,de-protonated,0,-9999,C18 H20 O9 N4 S2,18,20,9,4,-9999,2,-9999,N/A,-9999,-9999,N/A,-9999
2348,499.079244,499.0792604463986,499.0791730282191,1774100.1,-9999,425713,13.49,-1,0.17515894121985917,0.9944485023438524,0,0.5966691014063115,19,0.7407407407407407,0.14814814814814814,N2 S2 O4,de-protonated,0,-9999,C27 H20 O4 N2 S2,27,20,4,2,-9999,2,-9999,N/A,-9999,-9999,N/A,-9999
2348,499.079244,499.0792604463986,499.07930596994913,1774100.1,-9999,425713,13.49,-1,-0.09121506335147986,0.9984914518614348,0,0.5990948711168608,6,1.5625,0.75,N2 S1 P1 O12,de-protonated,0,-9999,C16 H25 O12 N2 P1 S1,16,25,12,2,1,1,-9999,N/A,-9999,-9999,N/A,-9999
2348,499.079244,499.0792604463986,499.0787929056991,1774100.1,-9999,425713,13.49,-1,0.9368073862271482,0.8527909540228422,0,0.5116745724137053,24,0.5862068965517241,0.03448275862068965,N4 S1 P1 O1,de-protonated,0,-9999,C29 H17 O1 N4 P1 S1,29,17,1,4,1,1,-9999,N/A,-9999,-9999,N/A,-9999
2349,499.080938,499.0809544477415,499.08082679849906,3568149.3,-9999,209465.3,28.75,-1,0.25576867625674315,0.4941001146955797,0.7871578612348809,0.6113232133113002,14,1,0.2,S2 P1 O5,de-protonated,0,-9999,C25 H25 O5 P1 S2,25,25,5,-9999,1,2,-9999,N/A,-9999,-9999,N/A,-9999
2349,499.080938,499.0809544477415,499.0812948291491,3568149.3,-9999,209465.3,28.75,-1,-0.6820159584253074,0.45953173791633994,0.7871578612348809,0.5905821872437563,20,0.68,0.24,N4 P1 O6,de-protonated,0,-9999,C25 H17 O6 N4 P1,25,17,6,4,1,-9999,-9999,N/A,-9999,-9999,N/A,-9999
2349,499.080938,499.0809544477415,499.081023502989,3568149.3,-9999,209465.3,28.75,-1,-0.13836480319037442,0.9965322244563836,0,0.5979193346738302,6,1.6,0.7333333333333333,N4 S2 O11,de-protonated,0,-9999,C15 H24 O11 N4 S2,15,24,11,4,-9999,2,-9999,N/A,-9999,-9999,N/A,-9999
2350,499.096599,499.0966154601561,499.0969310929591,2636830.5,-9999,257836.9,20.83,-1,-0.6324078216696674,0.4650010082190315,0.773979033015177,0.5885922181374896,19,0.7407407407407407,0.2222222222222222,N2 S1 O6,de-protonated,0,-9999,C27 H20 O6 N2 S1,27,20,6,2,-9999,1,-9999,N/A,-9999,-9999,N/A,-9999
2350,499.096599,499.0966154601561,499.09706403468914,2636830.5,-9999,257836.9,20.83,-1,-0.8987721334447761,0.8636629599949455,0,0.5181977759969673,6,1.5625,0.875,N2 P1 O14,de-protonated,0,-9999,C16 H25 O14 N2 P1,16,25,14,2,1,-9999,-9999,N/A,-9999,-9999,N/A,-9999
2350,499.096599,499.0966154601561,499.09655097043907,2636830.5,-9999,257836.9,20.83,-1,0.12921290862022233,0.49848756066249017,0.7612342259156646,0.60358622676376,24,0.5862068965517241,0.10344827586206896,N4 P1 O3,de-protonated,0,-9999,C29 H17 O3 N4 P1,29,17,3,4,1,-9999,-9999,N/A,-9999,-9999,N/A,-9999
2350,499.096599,499.0966154601561,499.09627964427904,2636830.5,-9999,257836.9,20.83,-1,0.6728478867936291,0.921137254960796,0,0.5526823529764776,10,1.263157894736842,0.42105263157894735,N4 S2 O8,de-protonated,0,-9999,C19 H24 O8 N4 S2,19,24,8,4,-9999,2,-9999,N/A,-9999,-9999,N/A,-9999
2351,499.104911,499.1049274667451,499.1044580900091,1902627.6,-9999,350689.3,14.58,-1,0.9404378751035496,0.8517370185133624,0,0.5110422111080174,5,1.6111111111111112,0.6666666666666666,S1 P1 O12,de-protonated,0,-9999,C18 H29 O12 P1 S1,18,29,12,-9999,1,1,-9999,N/A,-9999,-9999,N/A,-9999
2351,499.104911,499.1049274667451,499.104793178929,1902627.6,-9999,350689.3,14.58,-1,0.269057356009569,0.9869504849352252,0,0.592170290961135,24,0.5517241379310345,0.1724137931034483,N4 O5,de-protonated,0,-9999,C29 H16 O5 N4,29,16,5,4,-9999,-9999,-9999,N/A,-9999,-9999,N/A,-9999
2352,499.10937,499.1093864702798,499.10932899517906,1939494.4,-9999,232766.8,14.89,-1,0.1151553324955343,0.997596746672133,0,0.5985580480032798,10,1.1428571428571428,0.6666666666666666,O14,de-protonated,0,-9999,C21 H24 O14,21,24,14,-9999,-9999,-9999,-9999,N/A,-9999,-9999,N/A,-9999
2352,499.10937,499.1093864702798,499.1098182525291,1939494.4,-9999,232766.8,14.89,-1,-0.8651046994988213,0.8730195659069439,0,0.5238117395441663,14,1.0416666666666667,0.25,N2 S1 P1 O6,de-protonated,0,-9999,C24 H25 O6 N2 P1 S1,24,25,6,2,1,1,-9999,N/A,-9999,-9999,N/A,-9999
2352,499.10937,499.1093864702798,499.10916680384906,1939494.4,-9999,232766.8,14.89,-1,0.440117003120068,0.9654633372864336,0,0.5792780023718601,5,1.8125,0.5,N4 S2 P1 O8,de-protonated,0,-9999,C16 H29 O8 N4 P1 S2,16,29,8,4,1,2,-9999,N/A,-9999,-9999,N/A,-9999
2353,499.115669,499.11568547527304,499.1160716018191,3096618,-9999,329548.1,24.74,-1,-0.7736207428107944,0.8970936197128537,0,0.5382561718277122,0,2.1333333333333333,0.9333333333333332,S2 O14,de-protonated,0,-9999,C15 H32 O14 S2,15,32,14,-9999,-9999,2,-9999,N/A,-9999,-9999,N/A,-9999
2353,499.115669,499.11568547527304,499.11555853756903,3096618,-9999,329548.1,24.74,-1,0.2543252796651367,0.4941661283303555,0.7675537279851021,0.6035211681922542,18,0.8571428571428571,0.10714285714285714,N2 S2 O3,de-protonated,0,-9999,C28 H24 O3 N2 S2,28,24,3,2,-9999,2,-9999,N/A,-9999,-9999,N/A,-9999
2353,499.115669,499.11568547527304,499.1156914792991,3096618,-9999,329548.1,24.74,-1,-0.01202932734068956,0.9999737438640282,0,0.5999842463184168,5,1.7058823529411764,0.6470588235294118,N2 S1 P1 O11,de-protonated,0,-9999,C17 H29 O11 N2 P1 S1,17,29,11,2,1,1,-9999,N/A,-9999,-9999,N/A,-9999
2354,499.11733,499.1173464765897,499.1172123078491,5658923,-9999,192163.3,46.53,-1,0.26881208920996397,0.4934870549189767,0.7805128205128199,0.608297361156514,13,1.1153846153846154,0.15384615384615383,S2 P1 O4,de-protonated,0,-9999,C26 H29 O4 P1 S2,26,29,4,-9999,1,2,-9999,N/A,-9999,-9999,N/A,-9999
2354,499.11733,499.1173464765897,499.1176803384991,5658923,-9999,192163.3,46.53,-1,-0.6689041934079065,0.46101104478477384,0.7805128205128199,0.5888117550759923,19,0.8076923076923077,0.19230769230769232,N4 P1 O5,de-protonated,0,-9999,C26 H21 O5 N4 P1,26,21,5,4,1,-9999,-9999,N/A,-9999,-9999,N/A,-9999
2354,499.11733,499.1173464765897,499.1174090123391,5658923,-9999,192163.3,46.53,-1,-0.12529266316523668,0.4985778129088441,0.8524773804394657,0.6401376399210927,5,1.75,0.625,N4 S2 O10,de-protonated,0,-9999,C16 H28 O10 N4 S2,16,28,10,4,-9999,2,-9999,N/A,-9999,-9999,N/A,-9999
2355,499.13229,499.13230648844865,499.13246844913914,2076212,-9999,187764.1,16.06,-1,-0.3244843818600789,0.9810765862621512,0,0.5886459517572906,17,0.9666666666666668,0.03333333333333333,S2 P1 O1,de-protonated,0,-9999,C30 H29 O1 P1 S2,30,29,1,-9999,1,2,-9999,N/A,-9999,-9999,N/A,-9999
2355,499.13229,499.13230648844865,499.13266515362915,2076212,-9999,187764.1,16.06,-1,-0.7185768544902479,0.9105636111054212,0,0.5463381666632526,9,1.4,0.35,N4 S2 O7,de-protonated,0,-9999,C20 H28 O7 N4 S2,20,28,7,4,-9999,2,-9999,N/A,-9999,-9999,N/A,-9999
2356,499.145558,499.1455744989663,499.14571450452905,2866364,-9999,210540.2,22.78,-1,-0.28049036318058435,0.9858259639981128,0,0.5914955783988676,9,1.2727272727272727,0.5909090909090909,O13,de-protonated,0,-9999,C22 H28 O13,22,28,13,-9999,-9999,-9999,-9999,N/A,-9999,-9999,N/A,-9999
2356,499.145558,499.1455744989663,499.1452014402791,2866364,-9999,210540.2,22.78,-1,0.747395118975683,0.4518051304417718,0.7253996187124169,0.5612429257500298,27,0.5714285714285714,0.05714285714285714,N2 O2,de-protonated,0,-9999,C35 H20 O2 N2,35,20,2,2,-9999,-9999,-9999,N/A,-9999,-9999,N/A,-9999
2356,499.145558,499.1455744989663,499.1455523131991,2866364,-9999,210540.2,22.78,-1,0.04444749049717932,0.9996415979524436,0,0.5997849587714662,4,1.9411764705882353,0.4117647058823529,N4 S2 P1 O7,de-protonated,0,-9999,C17 H33 O7 N4 P1 S2,17,33,7,4,1,2,-9999,N/A,-9999,-9999,N/A,-9999
2357,499.151854,499.1518705039572,499.15194404691914,2949183.8,-9999,332163.3,23.48,-1,-0.14733582195525943,0.4980344436394068,0.7612342259156646,0.60331435654991,17,0.9655172413793104,0.06896551724137931,N2 S2 O2,de-protonated,0,-9999,C29 H28 O2 N2 S2,29,28,2,2,-9999,2,-9999,N/A,-9999,-9999,N/A,-9999
2357,499.151854,499.1518705039572,499.152076988649,2949183.8,-9999,332163.3,23.48,-1,-0.4136709059345344,0.9694269495126174,0,0.5816561697075704,4,1.8333333333333333,0.5555555555555556,N2 S1 P1 O10,de-protonated,0,-9999,C18 H33 O10 N2 P1 S1,18,33,10,2,1,1,-9999,N/A,-9999,-9999,N/A,-9999
2358,499.153573,499.1535895053198,499.1535978171991,5395521,-9999,202358.5,44.29,-1,-0.01665194697207723,0.4999748439212477,0.7739790330151771,0.6095765195588194,12,1.2222222222222223,0.1111111111111111,S2 P1 O3,de-protonated,0,-9999,C27 H33 O3 P1 S2,27,33,3,-9999,1,2,-9999,N/A,-9999,-9999,N/A,-9999
2358,499.153573,499.1535895053198,499.1540658478491,5395521,-9999,202358.5,44.29,-1,-0.9542996077097892,0.4238438055086355,0.7739790330151771,0.5638978965112522,18,0.925925925925926,0.14814814814814814,N4 P1 O4,de-protonated,0,-9999,C27 H25 O4 N4 P1,27,25,4,4,1,-9999,-9999,N/A,-9999,-9999,N/A,-9999
2358,499.153573,499.1535895053198,499.1537945216891,5395521,-9999,202358.5,44.29,-1,-0.4107278588288483,0.4849269114413901,0.8446892076502734,0.6288318299249435,4,1.8823529411764703,0.5294117647058824,N4 S2 O9,de-protonated,0,-9999,C17 H32 O9 N4 S2,17,32,9,4,-9999,2,-9999,N/A,-9999,-9999,N/A,-9999
2359,499.161944,499.1619605119556,499.16184002568906,2974790,-9999,371883,23.7,-1,0.2413771584521423,0.4947419758902193,0.7739790330151771,0.6064367987402024,12,1.1851851851851851,0.18518518518518515,S2 O5,de-protonated,0,-9999,C27 H32 O5 S2,27,32,5,-9999,-9999,2,-9999,N/A,-9999,-9999,N/A,-9999
2359,499.161944,499.1619605119556,499.1623080563391,2974790,-9999,371883,23.7,-1,-0.6962552618216689,0.4578982356928162,0.7739790330151771,0.5843305546217605,18,0.8888888888888888,0.2222222222222222,N4 O6,de-protonated,0,-9999,C27 H24 O6 N4,27,24,6,4,-9999,-9999,-9999,N/A,-9999,-9999,N/A,-9999
2359,499.161944,499.1619605119556,499.1620835876891,2974790,-9999,371883,23.7,-1,-0.24656466813185085,0.9905002085895585,0.8811325716466791,0.9467531538124068,4,1.9444444444444444,0.3333333333333333,N4 S1 34S1 P1 O6,de-protonated,1,2333,C18 H35 O6 N4 P1 S1 34S1,18,35,6,4,1,1,-9999,N/A,-9999,-9999,N/A,1
2360,499.163113,499.16312951288234,499.16317743620914,3984454.5,-9999,194407.7,32.29,-1,-0.09600733581742596,0.4991644555786678,0.7675537279851021,0.6065201645412415,17,1,0.03571428571428571,N4 S2 O1,de-protonated,0,-9999,C28 H28 O1 N4 S2,28,28,1,4,-9999,2,-9999,N/A,-9999,-9999,N/A,-9999
2360,499.163113,499.16312951288234,499.1633103779391,3984454.5,-9999,194407.7,32.29,-1,-0.3623364398597209,0.9764595237038292,0,0.5858757142222975,4,1.9411764705882353,0.5294117647058824,N4 S1 P1 O9,de-protonated,0,-9999,C17 H33 O9 N4 P1 S1,17,33,9,4,1,1,-9999,N/A,-9999,-9999,N/A,-9999
2361,499.169001,499.1690175175498,499.1693219891391,2074698.3,-9999,183026.4,16.04,-1,-0.6099565336505931,0.9347207714210616,0,0.5608324628526369,22,0.8064516129032258,0.03225806451612903,N4 P1 O1,de-protonated,0,-9999,C31 H25 O1 N4 P1,31,25,1,4,1,-9999,-9999,N/A,-9999,-9999,N/A,-9999
2361,499.169001,499.1690175175498,499.1690506629791,2074698.3,-9999,183026.4,16.04,-1,-0.06640121071045106,0.9992002907640024,0,0.5995201744584013,8,1.5238095238095235,0.2857142857142857,N4 S2 O6,de-protonated,0,-9999,C21 H32 O6 N4 S2,21,32,6,4,-9999,2,-9999,N/A,-9999,-9999,N/A,-9999
2363,499.181871,499.18188752775194,499.1821000138791,2935890,-9999,215706.5,23.37,-1,-0.4256685629598271,0.9676572224478358,0,0.5805943334687015,8,1.391304347826087,0.5217391304347826,O12,de-protonated,0,-9999,C23 H32 O12,23,32,12,-9999,-9999,-9999,-9999,N/A,-9999,-9999,N/A,-9999
2363,499.181871,499.18188752775194,499.1815869496291,2935890,-9999,215706.5,23.37,-1,0.6021418471851677,0.4681643345688945,0.719752637322661,0.5687996556704011,26,0.6666666666666666,0.02777777777777777,N2 O1,de-protonated,0,-9999,C36 H24 O1 N2,36,24,1,2,-9999,-9999,-9999,N/A,-9999,-9999,N/A,-9999
2363,499.181871,499.18188752775194,499.18193782254906,2935890,-9999,215706.5,23.37,-1,-0.1007544410347052,0.9981597267758288,0,0.5988958360654972,3,2.0555555555555554,0.3333333333333333,N4 S2 P1 O6,de-protonated,0,-9999,C18 H37 O6 N4 P1 S2,18,37,6,4,1,2,-9999,N/A,-9999,-9999,N/A,-9999
2364,499.189977,499.1899935341776,499.18998332654905,3130966.8,-9999,192550.2,25.03,-1,0.02044838421845132,0.4999620662872443,0.7675537279851021,0.6069987309663875,11,1.3214285714285714,0.07142857142857142,S2 P1 O2,de-protonated,0,-9999,C28 H37 O2 P1 S2,28,37,2,-9999,1,2,-9999,N/A,-9999,-9999,N/A,-9999
2364,499.189977,499.1899935341776,499.1904513571991,3130966.8,-9999,192550.2,25.03,-1,-0.9171309673000936,0.429227168051821,0.7675537279851021,0.5645577920251335,17,1.0357142857142858,0.10714285714285714,N4 P1 O3,de-protonated,0,-9999,C28 H29 O3 N4 P1,28,29,3,4,1,-9999,-9999,N/A,-9999,-9999,N/A,-9999
2364,499.189977,499.1899935341776,499.190180031039,3130966.8,-9999,192550.2,25.03,-1,-0.3735988183159204,0.9749921143913872,0,0.5849952686348322,3,2,0.4444444444444444,N4 S2 O8,de-protonated,0,-9999,C18 H36 O8 N4 S2,18,36,8,4,-9999,2,-9999,N/A,-9999,-9999,N/A,-9999
2365,499.218292,499.2183085566232,499.2184855232291,1820263.8,-9999,325081.8,13.88,-1,-0.35448728573200167,0.9774569137039298,0,0.5864741482223579,7,1.5,0.4583333333333333,O11,de-protonated,0,-9999,C24 H36 O11,24,36,11,-9999,-9999,-9999,-9999,N/A,-9999,-9999,N/A,-9999
2365,499.218292,499.2183085566232,499.2183233318991,1820263.8,-9999,325081.8,13.88,-1,-0.02959682214858449,0.9998410686838132,0,0.5999046412102879,2,2.1578947368421053,0.2631578947368421,N4 S2 P1 O5,de-protonated,0,-9999,C19 H41 O5 N4 P1 S2,19,41,5,4,1,2,-9999,N/A,-9999,-9999,N/A,-9999
2366,501.073676,501.0736940274019,501.0736937246191,1601480.6,-9999,438580.8,12.01,-1,6.0426807636684e-4,0.9999999337458456,0,0.5999999602475072,23,0.6,0.06666666666666667,N2 S2 O2,de-protonated,0,-9999,C30 H18 O2 N2 S2,30,18,2,2,-9999,2,-9999,N/A,-9999,-9999,N/A,-9999
2366,501.073676,501.0736940274019,501.0738266663491,1601480.6,-9999,438580.8,12.01,-1,-0.2647093902959321,0.9873661832488752,0,0.5924197099493251,10,1.2105263157894737,0.5263157894736842,N2 S1 P1 O10,de-protonated,0,-9999,C19 H23 O10 N2 P1 S1,19,23,10,2,1,1,-9999,N/A,-9999,-9999,N/A,-9999
2367,501.075415,501.0754330287805,501.07534749489906,3213513.8,-9999,255329.3,25.72,-1,0.17070063782873054,0.4973633861468936,0.7675537279851021,0.605439522882177,18,0.8214285714285714,0.10714285714285714,S2 P1 O3,de-protonated,0,-9999,C28 H23 O3 P1 S2,28,23,3,-9999,1,2,-9999,N/A,-9999,-9999,N/A,-9999
2367,501.075415,501.0754330287805,501.0758155255491,3213513.8,-9999,255329.3,25.72,-1,-0.7633510873431558,0.44983329698077734,0.7675537279851021,0.5769214693825073,24,0.5357142857142857,0.14285714285714285,N4 P1 O4,de-protonated,0,-9999,C28 H15 O4 N4 P1,28,15,4,4,1,-9999,-9999,N/A,-9999,-9999,N/A,-9999
2367,501.075415,501.0754330287805,501.075544199389,3213513.8,-9999,255329.3,25.72,-1,-0.22186396817352036,0.9911082066563236,0,0.5946649239937942,10,1.2222222222222223,0.5,N4 S2 O9,de-protonated,0,-9999,C18 H22 O9 N4 S2,18,22,9,4,-9999,2,-9999,N/A,-9999,-9999,N/A,-9999
2368,501.084424,501.084442035922,501.0849271139091,1903567.1,-9999,237786.1,14.58,-1,-0.968055435008621,0.8436300179391425,0,0.5061780107634855,23,0.6206896551724138,0.03448275862068965,N4 S2 O1,de-protonated,0,-9999,C29 H18 O1 N4 S2,29,18,1,4,-9999,2,-9999,N/A,-9999,-9999,N/A,-9999
2368,501.084424,501.084442035922,501.0840577340391,1903567.1,-9999,237786.1,14.58,-1,0.7669409492425425,0.8987702575278934,0,0.539262154516736,24,0.5,0.21428571428571427,N4 O6,de-protonated,0,-9999,C28 H14 O6 N4,28,14,6,4,-9999,-9999,-9999,N/A,-9999,-9999,N/A,-9999
2369,501.094702,501.09472004406945,501.0948230926791,1840853.4,-9999,445726.5,14.05,-1,-0.20564692534200604,0.9923557824643016,0,0.595413469478581,18,0.8148148148148148,0.14814814814814814,N2 S2 O4,de-protonated,0,-9999,C27 H22 O4 N2 S2,27,22,4,2,-9999,2,-9999,N/A,-9999,-9999,N/A,-9999
2369,501.094702,501.09472004406945,501.0949560344091,1840853.4,-9999,445726.5,14.05,-1,-0.470949341674724,0.9605549393328904,0,0.5763329635997342,5,1.6875,0.75,N2 S1 P1 O12,de-protonated,0,-9999,C16 H27 O12 N2 P1 S1,16,27,12,2,1,1,-9999,N/A,-9999,-9999,N/A,-9999
2369,501.094702,501.09472004406945,501.0944429701591,1840853.4,-9999,445726.5,14.05,-1,0.5529375035803781,0.946034633534315,0,0.567620780120589,23,0.6551724137931034,0.03448275862068965,N4 S1 P1 O1,de-protonated,0,-9999,C29 H19 O1 N4 P1 S1,29,19,1,4,1,1,-9999,N/A,-9999,-9999,N/A,-9999
2370,501.096328,501.0963460453584,501.0964768629591,2824918.3,-9999,228303.1,22.42,-1,-0.2610627029276096,0.4938548720570123,0.7871578612348809,0.6111760677281597,13,1.08,0.2,S2 P1 O5,de-protonated,0,-9999,C25 H27 O5 P1 S2,25,27,5,-9999,1,2,-9999,N/A,-9999,-9999,N/A,-9999
2370,501.096328,501.0963460453584,501.0966735674491,2824918.3,-9999,228303.1,22.42,-1,-0.6536105864643618,0.9254121136530395,0,0.5552472681918237,5,1.7333333333333334,0.7333333333333333,N4 S2 O11,de-protonated,0,-9999,C15 H26 O11 N4 S2,15,26,11,4,-9999,2,-9999,N/A,-9999,-9999,N/A,-9999
2371,501.097784,501.0978020465126,501.0979764648091,1765591.3,-9999,347858.4,13.41,-1,-0.3480722427866969,0.978256585424961,0,0.5869539512549765,23,0.5806451612903226,0.2258064516129032,O7,de-protonated,0,-9999,C31 H18 O7,31,18,7,-9999,-9999,-9999,-9999,N/A,-9999,-9999,N/A,-9999
2371,501.097784,501.0978020465126,501.0973250161291,1765591.3,-9999,347858.4,13.41,-1,0.9519715226249716,0.8483704967757548,0,0.5090222980654528,14,0.9565217391304348,0.391304347826087,N2 S1 O9,de-protonated,0,-9999,C23 H22 O9 N2 S1,23,22,9,2,-9999,1,-9999,N/A,-9999,-9999,N/A,-9999
2371,501.097784,501.0978020465126,501.09781427347906,1765591.3,-9999,347858.4,13.41,-1,-0.02440035882707694,0.9998919753678704,0,0.5999351852207222,18,0.8846153846153846,0.03846153846153846,N4 S2 P1 O1,de-protonated,0,-9999,C26 H23 O1 N4 P1 S2,26,23,1,4,1,2,-9999,N/A,-9999,-9999,N/A,-9999
2372,501.103934,501.1039520513877,501.1038496915791,1797338.9,-9999,329621.2,13.68,-1,0.204268653378781,0.9924575180382312,0,0.5954745108229387,14,0.9166666666666666,0.5,O12,de-protonated,0,-9999,C24 H22 O12,24,22,12,-9999,-9999,-9999,-9999,N/A,-9999,-9999,N/A,-9999
2372,501.103934,501.1039520513877,501.104338948929,1797338.9,-9999,329621.2,13.68,-1,-0.7720897851069115,0.8974788994743157,0,0.5384873396845894,18,0.8518518518518519,0.14814814814814814,N2 S1 P1 O4,de-protonated,0,-9999,C27 H23 O4 N2 P1 S1,27,23,4,2,1,1,-9999,N/A,-9999,-9999,N/A,-9999
2372,501.103934,501.1039520513877,501.1036875002491,1797338.9,-9999,329621.2,13.68,-1,0.5279369223773507,0.9506846164884014,0,0.5704107698930408,9,1.4210526315789471,0.3157894736842105,N4 S2 P1 O6,de-protonated,0,-9999,C19 H27 O6 N4 P1 S2,19,27,6,4,1,2,-9999,N/A,-9999,-9999,N/A,-9999
2373,501.111958,501.1119760577485,501.1117330042491,3352287.8,-9999,216591.2,26.9,-1,0.485028554161253,0.4791059703255366,0.7612342259156645,0.5919572725615878,17,0.9310344827586208,0.06896551724137931,S2 P1 O2,de-protonated,0,-9999,C29 H27 O2 P1 S2,29,27,2,-9999,1,2,-9999,N/A,-9999,-9999,N/A,-9999
2373,501.111958,501.1119760577485,501.1122010348991,3352287.8,-9999,216591.2,26.9,-1,-0.44895564344005295,0.4820438518985067,0.7612342259156646,0.5937200015053699,23,0.6551724137931034,0.10344827586206896,N4 P1 O3,de-protonated,0,-9999,C29 H19 O3 N4 P1,29,19,3,4,1,-9999,-9999,N/A,-9999,-9999,N/A,-9999
2373,501.111958,501.1119760577485,501.111929708739,3352287.8,-9999,216591.2,26.9,-1,0.0924923288249372,0.998448941309943,0,0.5990693647859657,9,1.368421052631579,0.42105263157894735,N4 S2 O8,de-protonated,0,-9999,C19 H26 O8 N4 S2,19,26,8,4,-9999,2,-9999,N/A,-9999,-9999,N/A,-9999
2374,501.120451,501.1204690644809,501.11997521273906,1617124.9,-9999,270406.4,12.14,-1,0.9854960214692104,0.8384306560536512,0,0.5030583936321907,17,0.896551724137931,0.13793103448275862,S2 O4,de-protonated,0,-9999,C29 H26 O4 S2,29,26,4,-9999,-9999,2,-9999,N/A,-9999,-9999,N/A,-9999
2374,501.120451,501.1204690644809,501.1201081544691,1617124.9,-9999,270406.4,12.14,-1,0.7202066050314762,0.9101762747136496,0,0.5461057648281897,4,1.7222222222222223,0.6666666666666666,S1 P1 O12,de-protonated,0,-9999,C18 H31 O12 P1 S1,18,31,12,-9999,1,1,-9999,N/A,-9999,-9999,N/A,-9999
2374,501.120451,501.1204690644809,501.1204432433891,1617124.9,-9999,270406.4,12.14,-1,0.05152671809468376,0.9995183692733272,0,0.5997110215639962,23,0.6206896551724138,0.1724137931034483,N4 O5,de-protonated,0,-9999,C29 H18 O5 N4,29,18,5,4,-9999,-9999,-9999,N/A,-9999,-9999,N/A,-9999
2375,501.124855,501.124873067972,501.1249790596391,2573543.5,-9999,291533.1,20.28,-1,-0.21150745120408537,0.9919156754380828,0,0.5951494052628497,9,1.238095238095238,0.6666666666666666,O14,de-protonated,0,-9999,C21 H26 O14,21,26,14,-9999,-9999,-9999,-9999,N/A,-9999,-9999,N/A,-9999
2375,501.124855,501.124873067972,501.12446599538913,2573543.5,-9999,291533.1,20.28,-1,0.8123183171546584,0.44357956052224046,0.7311359101322861,0.5586021003662587,27,0.5294117647058824,0.08823529411764706,N2 O3,de-protonated,0,-9999,C34 H18 O3 N2,34,18,3,2,-9999,-9999,-9999,N/A,-9999,-9999,N/A,-9999
2375,501.124855,501.124873067972,501.1248168683091,2573543.5,-9999,291533.1,20.28,-1,0.11214703611568516,0.9977205294934988,0,0.5986323176960993,4,1.9375,0.5,N4 S2 P1 O8,de-protonated,0,-9999,C16 H31 O8 N4 P1 S2,16,31,8,4,1,2,-9999,N/A,-9999,-9999,N/A,-9999
2376,501.131493,501.131511073234,501.1318600507091,1886955.6,-9999,304364,14.44,-1,-0.6963785441743757,0.915767942561179,0,0.5494607655367074,26,0.6111111111111112,0.02777777777777777,S1 O1,de-protonated,0,-9999,C36 H22 O1 S1,36,22,1,-9999,-9999,1,-9999,N/A,-9999,-9999,N/A,-9999
2376,501.131493,501.131511073234,501.13199299243905,1886955.6,-9999,304364,14.44,-1,-0.9616612226133828,0.8455209360340278,0,0.5073125616204166,13,1.08,0.36,P1 O9,de-protonated,0,-9999,C25 H27 O9 P1,25,27,9,-9999,1,-9999,-9999,N/A,-9999,-9999,N/A,-9999
2376,501.131493,501.131511073234,501.13120860202906,1886955.6,-9999,304364,14.44,-1,0.6035768671482321,0.9360347567285756,0,0.5616208540371455,17,0.9285714285714286,0.10714285714285714,N2 S2 O3,de-protonated,0,-9999,C28 H26 O3 N2 S2,28,26,3,2,-9999,2,-9999,N/A,-9999,-9999,N/A,-9999
2376,501.131493,501.131511073234,501.1313415437591,1886955.6,-9999,304364,14.44,-1,0.3382934987702205,0.979448677396938,0,0.5876692064381627,4,1.8235294117647056,0.6470588235294118,N2 S1 P1 O11,de-protonated,0,-9999,C17 H31 O11 N2 P1 S1,17,31,11,2,1,1,-9999,N/A,-9999,-9999,N/A,-9999
2377,501.133269,501.1332870746418,501.13286237230903,3086060.8,-9999,227528,24.64,-1,0.8474844989868822,0.43890641505715383,0.7805128205128198,0.5755489772394202,12,1.1923076923076923,0.15384615384615383,S2 P1 O4,de-protonated,0,-9999,C26 H31 O4 P1 S2,26,31,4,-9999,1,2,-9999,N/A,-9999,-9999,N/A,-9999
2377,501.133269,501.1332870746418,501.1337105254791,3086060.8,-9999,227528,24.64,-1,-0.8449857361035712,0.43924334412759264,0.7939170211058493,0.5811128149188953,13,1.0833333333333333,0.3333333333333333,N2 S1 O8,de-protonated,0,-9999,C24 H26 O8 N2 S1,24,26,8,2,-9999,1,-9999,N/A,-9999,-9999,N/A,-9999
2377,501.133269,501.1332870746418,501.1333304029591,3086060.8,-9999,227528,24.64,-1,-0.08646065751028766,0.4993222548895658,0.7805128205128198,0.6117984811388674,18,0.8846153846153846,0.19230769230769232,N4 P1 O5,de-protonated,0,-9999,C26 H23 O5 N4 P1,26,23,5,4,1,-9999,-9999,N/A,-9999,-9999,N/A,-9999
2377,501.133269,501.1332870746418,501.13305907679904,3086060.8,-9999,227528,24.64,-1,0.45496468184531186,0.9631379927128496,0,0.5778827956277098,4,1.875,0.625,N4 S2 O10,de-protonated,0,-9999,C16 H30 O10 N4 S2,16,30,10,4,-9999,2,-9999,N/A,-9999,-9999,N/A,-9999
2378,501.148777,501.14879508693514,501.148966666769,2712310,-9999,188674.9,21.46,-1,-0.3423729177236637,0.48947766164729,0.7675537279851021,0.600708088182415,17,0.9285714285714286,0.17857142857142858,N2 S1 O5,de-protonated,0,-9999,C28 H26 O5 N2 S1,28,26,5,2,-9999,1,-9999,N/A,-9999,-9999,N/A,-9999
2378,501.148777,501.14879508693514,501.14909960849906,2712310,-9999,188674.9,21.46,-1,-0.6076466348176996,0.935197910813028,0,0.5611187464878168,4,1.8235294117647056,0.7647058823529411,N2 P1 O13,de-protonated,0,-9999,C17 H31 O13 N2 P1,17,31,13,2,1,-9999,-9999,N/A,-9999,-9999,N/A,-9999
2378,501.148777,501.14879508693514,501.1485865442491,2712310,-9999,188674.9,21.46,-1,0.416129450702478,0.484534079778997,0.7550179348240813,0.5927276217970308,22,0.7666666666666667,0.06666666666666667,N4 P1 O2,de-protonated,0,-9999,C30 H23 O2 N4 P1,30,23,2,4,1,-9999,-9999,N/A,-9999,-9999,N/A,-9999
2378,501.148777,501.14879508693514,501.14831521808907,2712310,-9999,188674.9,21.46,-1,0.957538579895568,0.8467356831279467,0,0.5080414098767679,8,1.5,0.35,N4 S2 O7,de-protonated,0,-9999,C20 H30 O7 N4 S2,20,30,7,4,-9999,2,-9999,N/A,-9999,-9999,N/A,-9999
2380,501.161263,501.16128109683297,501.1613645689891,2969085.8,-9999,224972.7,23.64,-1,-0.16655744441167536,0.9949790101498924,0,0.5969874060899354,8,1.3636363636363635,0.5909090909090909,O13,de-protonated,0,-9999,C22 H30 O13,22,30,13,-9999,-9999,-9999,-9999,N/A,-9999,-9999,N/A,-9999
2380,501.161263,501.16128109683297,501.1608515047391,2969085.8,-9999,224972.7,23.64,-1,0.8571940376980247,0.4375902363577614,0.7253996187124169,0.5527139892996236,26,0.6285714285714286,0.05714285714285714,N2 O2,de-protonated,0,-9999,C35 H22 O2 N2,35,22,2,2,-9999,-9999,-9999,N/A,-9999,-9999,N/A,-9999
2380,501.161263,501.16128109683297,501.1612023776591,2969085.8,-9999,224972.7,23.64,-1,0.15707355924722768,0.9955332848971916,0,0.597319970938315,3,2.0588235294117645,0.4117647058823529,N4 S2 P1 O7,de-protonated,0,-9999,C17 H35 O7 N4 P1 S2,17,35,7,4,1,2,-9999,N/A,-9999,-9999,N/A,-9999
2381,501.16926,501.16927810317225,501.16924788165915,2160386.5,-9999,300332,16.76,-1,0.06030201020473541,0.9993404098819888,0,0.5996042459291931,11,1.2962962962962965,0.1111111111111111,S2 P1 O3,de-protonated,0,-9999,C27 H35 O3 P1 S2,27,35,3,-9999,1,2,-9999,N/A,-9999,-9999,N/A,-9999
2381,501.16926,501.16927810317225,501.1697159123091,2160386.5,-9999,300332,16.76,-1,-0.8735746054202462,0.8706898886078156,0,0.5224139331646893,17,1,0.14814814814814814,N4 P1 O4,de-protonated,0,-9999,C27 H27 O4 N4 P1,27,27,4,4,1,-9999,-9999,N/A,-9999,-9999,N/A,-9999
2381,501.16926,501.16927810317225,501.1694445861491,2160386.5,-9999,300332,16.76,-1,-0.332189000560144,0.9801763469549956,0,0.5881058081729973,3,2,0.5294117647058824,N4 S2 O9,de-protonated,0,-9999,C17 H34 O9 N4 S2,17,34,9,4,-9999,2,-9999,N/A,-9999,-9999,N/A,-9999
2382,501.170249,501.17026710395623,501.17074748350905,1662211.1,-9999,260805.7,12.53,-1,-0.958514748165124,0.8464483668205716,0,0.5078690200923429,21,0.7878787878787878,0.15151515151515152,O5,de-protonated,0,-9999,C33 H26 O5,33,26,5,-9999,-9999,-9999,-9999,N/A,-9999,-9999,N/A,-9999
2382,501.170249,501.17026710395623,501.1700960348291,1662211.1,-9999,260805.7,12.53,-1,0.3413394543841093,0.97908084333066,0,0.587448505998396,12,1.2,0.28,N2 S1 O7,de-protonated,0,-9999,C25 H30 O7 N2 S1,25,30,7,2,-9999,1,-9999,N/A,-9999,-9999,N/A,-9999
2383,501.184868,501.1848861155448,501.18535217611907,3771660,-9999,269215.4,30.47,-1,-0.9299165911703856,0.42739185191461654,0.7612342259156645,0.5609288015150358,16,1.0344827586206895,0.13793103448275862,N2 S1 O4,de-protonated,0,-9999,C29 H30 O4 N2 S1,29,30,4,2,-9999,1,-9999,N/A,-9999,-9999,N/A,-9999
2383,501.184868,501.1848861155448,501.1849720535991,3771660,-9999,269215.4,30.47,-1,-0.17146973485085412,0.4973396373943006,0.7489023467070351,0.5979647211193944,21,0.8709677419354839,0.03225806451612903,N4 P1 O1,de-protonated,0,-9999,C31 H27 O1 N4 P1,31,27,1,4,1,-9999,-9999,N/A,-9999,-9999,N/A,-9999
2383,501.184868,501.1848861155448,501.1847007274391,3771660,-9999,269215.4,30.47,-1,0.3698997703577493,0.4877393915418507,0.8149093904448103,0.6186073911030345,7,1.619047619047619,0.2857142857142857,N4 S2 O6,de-protonated,0,-9999,C21 H34 O6 N4 S2,21,34,6,4,-9999,2,-9999,N/A,-9999,-9999,N/A,-9999
2384,501.197589,501.1976071256289,501.1977500783391,2405651.8,-9999,286421.9,18.85,-1,-0.2852221707145,0.9853472551148956,0,0.5912083530689374,7,1.4782608695652173,0.5217391304347826,O12,de-protonated,0,-9999,C23 H34 O12,23,34,12,-9999,-9999,-9999,-9999,N/A,-9999,-9999,N/A,-9999
2384,501.197589,501.1976071256289,501.197237014089,2405651.8,-9999,286421.9,18.85,-1,0.7384548685568236,0.4528954483343908,0.719752637322661,0.5596383239296989,25,0.7222222222222222,0.02777777777777777,N2 O1,de-protonated,0,-9999,C36 H26 O1 N2,36,26,1,2,-9999,-9999,-9999,N/A,-9999,-9999,N/A,-9999
2384,501.197589,501.1976071256289,501.1975878870091,2405651.8,-9999,286421.9,18.85,-1,0.0383852999730939,0.9997326835699925,0,0.5998396101419955,2,2.1666666666666665,0.3333333333333333,N4 S2 P1 O6,de-protonated,0,-9999,C18 H39 O6 N4 P1 S2,18,39,6,4,1,2,-9999,N/A,-9999,-9999,N/A,-9999
2385,501.221391,501.2214091444969,501.2217376854691,1715234.1,-9999,237568.1,12.98,-1,-0.655480294540141,0.9250012136214482,0,0.5550007281728688,15,1.1333333333333333,0.1,N2 S1 O3,de-protonated,0,-9999,C30 H34 O3 N2 S1,30,34,3,2,-9999,1,-9999,N/A,-9999,-9999,N/A,-9999
2385,501.221391,501.2214091444969,501.2218706271991,1715234.1,-9999,237568.1,12.98,-1,-0.9207154142289212,0.8574288191276891,0,0.5144572914766135,2,2.0526315789473686,0.5789473684210527,N2 P1 O11,de-protonated,0,-9999,C19 H39 O11 N2 P1,19,39,11,2,1,-9999,-9999,N/A,-9999,-9999,N/A,-9999
2385,501.221391,501.2214091444969,501.22108623678906,1715234.1,-9999,237568.1,12.98,-1,0.6442420653850696,0.92745603697779,0,0.5564736221866741,6,1.7272727272727273,0.2272727272727273,N4 S2 O5,de-protonated,0,-9999,C22 H38 O5 N4 S2,22,38,5,4,-9999,2,-9999,N/A,-9999,-9999,N/A,-9999
2389,503.054562,503.0545815976672,503.0546120500091,2043134.5,-9999,186173.2,15.76,-1,-0.06053486273574595,0.999335307809677,0,0.5996011846858063,18,0.7777777777777778,0.14814814814814814,S2 P1 O4,de-protonated,0,-9999,C27 H21 O4 P1 S2,27,21,4,-9999,1,2,-9999,N/A,-9999,-9999,N/A,-9999
2389,503.054562,503.0545815976672,503.0550800806591,2043134.5,-9999,186173.2,15.76,-1,-0.9909113566504096,0.8368039797189215,0,0.5020823878313528,24,0.48148148148148145,0.18518518518518515,N4 P1 O5,de-protonated,0,-9999,C27 H13 O5 N4 P1,27,13,5,4,1,-9999,-9999,N/A,-9999,-9999,N/A,-9999
2389,503.054562,503.0545815976672,503.0548087544991,2043134.5,-9999,186173.2,15.76,-1,-0.4515548364597844,0.9636783437474616,0,0.578207006248477,10,1.1764705882352942,0.5882352941176471,N4 S2 O10,de-protonated,0,-9999,C17 H20 O10 N4 S2,17,20,10,4,-9999,2,-9999,N/A,-9999,-9999,N/A,-9999
2390,503.063926,503.06394560509017,503.06419166901907,2654084.3,-9999,289104.6,20.95,-1,-0.4891302799390232,0.4787587346173324,0.7675537279851021,0.5942767319644403,23,0.5714285714285714,0.07142857142857142,N4 S2 O2,de-protonated,0,-9999,C28 H16 O2 N4 S2,28,16,2,4,-9999,2,-9999,N/A,-9999,-9999,N/A,-9999
2390,503.063926,503.06394560509017,503.0643246107491,2654084.3,-9999,289104.6,20.95,-1,-0.753394030148316,0.902135327481947,0,0.5412811964891682,10,1.2352941176470589,0.5882352941176471,N4 S1 P1 O10,de-protonated,0,-9999,C17 H21 O10 N4 P1 S1,17,21,10,4,1,1,-9999,N/A,-9999,-9999,N/A,-9999
2391,503.082762,503.0827816200217,503.08311424668904,2959247.8,-9999,296036.2,23.55,-1,-0.6611763702002201,0.9237433053983268,0,0.554245983238996,14,0.8695652173913043,0.5652173913043478,O13,de-protonated,0,-9999,C23 H20 O13,23,20,13,-9999,-9999,-9999,-9999,N/A,-9999,-9999,N/A,-9999
2391,503.082762,503.0827816200217,503.08260118243913,2959247.8,-9999,296036.2,23.55,-1,0.3586639293237653,0.4884643904519166,0.719752637322661,0.5809796892002144,32,0.3333333333333333,0.05555555555555555,N2 O2,de-protonated,0,-9999,C36 H12 O2 N2,36,12,2,2,-9999,-9999,-9999,N/A,-9999,-9999,N/A,-9999
2391,503.082762,503.0827816200217,503.0829520553591,2959247.8,-9999,296036.2,23.55,-1,-0.3387817789407739,0.9793899246021132,0,0.5876339547612679,9,1.3888888888888888,0.3888888888888889,N4 S2 P1 O7,de-protonated,0,-9999,C18 H25 O7 N4 P1 S2,18,25,7,4,1,2,-9999,N/A,-9999,-9999,N/A,-9999
2392,503.089604,503.08962362544537,503.0898568533291,2436500,-9999,323903,19.1,-1,-0.46359090833270705,0.9617542463878066,0,0.5770525478326839,4,1.6470588235294117,0.7647058823529411,S2 O13,de-protonated,0,-9999,C17 H28 O13 S2,17,28,13,-9999,-9999,2,-9999,N/A,-9999,-9999,N/A,-9999
2392,503.089604,503.08962362544537,503.0893437890791,2436500,-9999,323903,19.1,-1,0.5562359244955934,0.47270341608518207,0.7550179348240812,0.5856292235807417,22,0.6666666666666666,0.06666666666666667,N2 S2 O2,de-protonated,0,-9999,C30 H20 O2 N2 S2,30,20,2,2,-9999,2,-9999,N/A,-9999,-9999,N/A,-9999
2392,503.089604,503.08962362544537,503.0894767308091,2436500,-9999,323903,19.1,-1,0.29198511011168643,0.9846495745293136,0,0.590789744717588,9,1.3157894736842106,0.5263157894736842,N2 S1 P1 O10,de-protonated,0,-9999,C19 H25 O10 N2 P1 S1,19,25,10,2,1,1,-9999,N/A,-9999,-9999,N/A,-9999
2393,503.090988,503.0910076265424,503.0909975593591,4184468.8,-9999,225037.9,33.97,-1,0.02001066084272962,0.49996367288423166,0.7675537279851021,0.6069996949245798,17,0.8928571428571429,0.10714285714285714,S2 P1 O3,de-protonated,0,-9999,C28 H25 O3 P1 S2,28,25,3,-9999,1,2,-9999,N/A,-9999,-9999,N/A,-9999
2393,503.090988,503.0910076265424,503.0914655900091,4184468.8,-9999,225037.9,33.97,-1,-0.9102986195985252,0.4302006853736465,0.7675537279851021,0.5651419024182287,23,0.6071428571428571,0.14285714285714285,N4 P1 O4,de-protonated,0,-9999,C28 H17 O4 N4 P1,28,17,4,4,1,-9999,-9999,N/A,-9999,-9999,N/A,-9999
2393,503.090988,503.0910076265424,503.0911942638491,4184468.8,-9999,225037.9,33.97,-1,-0.3709810642905843,0.4876684987266516,0.8370420509349344,0.6274179196099647,9,1.3333333333333333,0.5,N4 S2 O9,de-protonated,0,-9999,C18 H24 O9 N4 S2,18,24,9,4,-9999,2,-9999,N/A,-9999,-9999,N/A,-9999
2394,503.100029,503.1000486337093,503.0997077984991,1983386.4,-9999,271424,15.25,-1,0.6774704992967745,0.9200945632327064,0,0.5520567379396238,23,0.5714285714285714,0.21428571428571427,N4 O6,de-protonated,0,-9999,C28 H16 O6 N4,28,16,6,4,-9999,-9999,-9999,N/A,-9999,-9999,N/A,-9999
2395,503.112719,503.1127386437688,503.11297508058914,1658530.1,-9999,210027.9,12.48,-1,-0.4699477692706733,0.9607192015400636,0,0.5764315209240382,13,1.0434782608695652,0.391304347826087,N2 S1 O9,de-protonated,0,-9999,C23 H24 O9 N2 S1,23,24,9,2,-9999,1,-9999,N/A,-9999,-9999,N/A,-9999
2395,503.112719,503.1127386437688,503.1125949580691,1658530.1,-9999,210027.9,12.48,-1,0.2855935254601335,0.9853093568198672,0,0.5911856140919203,18,0.84,0.24,N4 P1 O6,de-protonated,0,-9999,C25 H21 O6 N4 P1,25,21,6,4,1,-9999,-9999,N/A,-9999,-9999,N/A,-9999
2395,503.112719,503.1127386437688,503.11232363190913,1658530.1,-9999,210027.9,12.48,-1,0.82488907581652815,0.8838523062107695,0,0.5303113837264617,4,1.8666666666666667,0.7333333333333333,N4 S2 O11,de-protonated,0,-9999,C15 H28 O11 N4 S2,15,28,11,4,-9999,2,-9999,N/A,-9999,-9999,N/A,-9999
2396,503.118779,503.11879864857264,503.1189866917891,1937317.9,-9999,240945.1,14.86,-1,-0.3737549593910128,0.48748573519848154,0.7141928963326545,0.5781685996521507,31,0.43243243243243246,0.02702702702702703,N2 O1,de-protonated,0,-9999,C37 H16 O1 N2,37,16,1,2,-9999,-9999,-9999,N/A,-9999,-9999,N/A,-9999
2396,503.118779,503.11879864857264,503.1188483073591,1937317.9,-9999,240945.1,14.86,-1,-0.0987019003936494,0.998233876512961,0,0.5989403259077766,4,1.75,0.875,N2 S1 O14,de-protonated,0,-9999,C16 H28 O14 N2 S1,16,28,14,2,-9999,1,-9999,N/A,-9999,-9999,N/A,-9999
2396,503.118779,503.11879864857264,503.11833524310913,1937317.9,-9999,240945.1,14.86,-1,0.9210665385158068,0.8573282127510998,0,0.5143969276506599,22,0.6896551724137931,0.10344827586206896,N4 S1 O3,de-protonated,0,-9999,C29 H20 O3 N4 S1,29,20,3,4,-9999,1,-9999,N/A,-9999,-9999,N/A,-9999
2396,503.118779,503.11879864857264,503.1184681848391,1937317.9,-9999,240945.1,14.86,-1,0.6568308547911897,0.9247037888872088,0,0.5548222733323253,9,1.3888888888888888,0.6111111111111112,N4 P1 O11,de-protonated,0,-9999,C18 H25 O11 N4 P1,18,25,11,4,1,-9999,-9999,N/A,-9999,-9999,N/A,-9999
2397,503.123623,503.1236426524125,503.1240117653891,3126696.8,-9999,280643.4,24.97,-1,-0.7336421398747036,0.4534780326283444,0.7428850341668535,0.569240833243748,21,0.78125,0.0625,S1 P1 O2,de-protonated,0,-9999,C32 H25 O2 P1 S1,32,25,2,-9999,1,1,-9999,N/A,-9999,-9999,N/A,-9999
2397,503.123623,503.1236426524125,503.1233603167091,3126696.8,-9999,280643.4,24.97,-1,0.5611659597981183,0.472231151954036,0.7939170211058494,0.6009054996147614,12,1.2083333333333333,0.16666666666666666,N2 S2 P1 O4,de-protonated,0,-9999,C24 H29 O4 N2 P1 S2,24,29,4,2,1,2,-9999,N/A,-9999,-9999,N/A,-9999
2398,503.124679,503.1246986532496,503.1248599185591,2914729.5,-9999,526795.6,23.17,-1,-0.32052741244545957,0.490765518941024,0.7550179348240813,0.596466485294247,22,0.6666666666666666,0.2,N2 O6,de-protonated,0,-9999,C30 H20 O6 N2,30,20,6,2,-9999,-9999,-9999,N/A,-9999,-9999,N/A,-9999
2398,503.124679,503.1246986532496,503.1242084698791,2914729.5,-9999,526795.6,23.17,-1,0.9742790393787072,0.8417816192905698,0,0.5050689715743418,13,1.0909090909090908,0.3636363636363637,N4 S1 O8,de-protonated,0,-9999,C22 H24 O8 N4 S1,22,24,8,4,-9999,1,-9999,N/A,-9999,-9999,N/A,-9999
2399,503.127435,503.1274546554343,503.1273830687091,5732779,-9999,231038.4,47.14,-1,0.142283500263667,0.4981666917239228,0.7612342259156645,0.6033937054006195,16,1,0.06896551724137931,S2 P1 O2,de-protonated,0,-9999,C29 H29 O2 P1 S2,29,29,2,-9999,1,2,-9999,N/A,-9999,-9999,N/A,-9999
2399,503.127435,503.1274546554343,503.12785109935913,5732779,-9999,231038.4,47.14,-1,-0.7879586152422509,0.4467282462679009,0.7612342259156646,0.5725306381270063,22,0.7241379310344828,0.10344827586206896,N4 P1 O3,de-protonated,0,-9999,C29 H21 O3 N4 P1,29,21,3,4,1,-9999,-9999,N/A,-9999,-9999,N/A,-9999
2399,503.127435,503.1274546554343,503.1275797731991,5732779,-9999,231038.4,47.14,-1,-0.24867999656559753,0.4944208095712509,0.8295321147073604,0.6284653316256947,8,1.4736842105263157,0.42105263157894735,N4 S2 O8,de-protonated,0,-9999,C19 H28 O8 N4 S2,19,28,8,4,-9999,2,-9999,N/A,-9999,-9999,N/A,-9999
2400,503.139924,503.1399436653344,503.14011605984905,2180018.8,-9999,362952,16.92,-1,-0.3426371881392881,0.4894615839036857,0.731135910132286,0.5861313143951259,26,0.5882352941176471,0.08823529411764706,N2 O3,de-protonated,0,-9999,C34 H20 O3 N2,34,20,3,2,-9999,-9999,-9999,N/A,-9999,-9999,N/A,-9999
2400,503.139924,503.1399436653344,503.1394646111691,2180018.8,-9999,362952,16.92,-1,0.9521299739614714,0.8483240544993647,0,0.5089944326996187,17,0.9230769230769232,0.19230769230769232,N4 S1 O5,de-protonated,0,-9999,C26 H24 O5 N4 S1,26,24,5,4,-9999,1,-9999,N/A,-9999,-9999,N/A,-9999
2400,503.139924,503.1399436653344,503.13959755289903,2180018.8,-9999,362952,16.92,-1,0.6879053787305045,0.9177190103271936,0,0.5506314061963162,4,1.9333333333333331,0.8666666666666667,N4 P1 O13,de-protonated,0,-9999,C15 H29 O13 N4 P1,15,29,13,4,1,-9999,-9999,N/A,-9999,-9999,N/A,-9999
2401,503.140893,503.14091266610257,503.1406291240991,2159027.3,-9999,352669.1,16.74,-1,0.5635442399831441,0.944004017771878,0,0.5664024106631269,8,1.3333333333333333,0.6666666666666666,O14,de-protonated,0,-9999,C21 H28 O14,21,28,14,-9999,-9999,-9999,-9999,N/A,-9999,-9999,N/A,-9999
2401,503.140893,503.14091266610257,503.14111838144913,2159027.3,-9999,352669.1,16.74,-1,-0.4088621244649368,0.970122955796929,0,0.5820737734781574,12,1.2083333333333333,0.25,N2 S1 P1 O6,de-protonated,0,-9999,C24 H29 O6 N2 P1 S1,24,29,6,2,1,1,-9999,N/A,-9999,-9999,N/A,-9999
2401,503.140893,503.14091266610257,503.14046693276913,2159027.3,-9999,352669.1,16.74,-1,0.8859023726575798,0.8672698500850922,0,0.5203619100510553,3,2.0625,0.5,N4 S2 P1 O8,de-protonated,0,-9999,C16 H33 O8 N4 P1 S2,16,33,8,4,1,2,-9999,N/A,-9999,-9999,N/A,-9999
2402,503.16012,503.160139681344,503.1603972747391,3729855,-9999,292218.6,30.1,-1,-0.5119508540986653,0.4767782723789295,0.7369636471990461,0.5808524223069762,20,0.8787878787878788,0.0303030303030303,S1 P1 O1,de-protonated,0,-9999,C33 H29 O1 P1 S1,33,29,1,-9999,1,1,-9999,N/A,-9999,-9999,N/A,-9999
2402,503.16012,503.160139681344,503.1597458260591,3729855,-9999,292218.6,30.1,-1,0.7827638998085005,0.4473901274040627,0.7871578612348809,0.58329722093639,11,1.32,0.12,N2 S2 P1 O3,de-protonated,0,-9999,C25 H33 O3 N2 P1 S2,25,33,3,2,1,2,-9999,N/A,-9999,-9999,N/A,-9999
2402,503.16012,503.160139681344,503.16059397922913,3729855,-9999,292218.6,30.1,-1,-0.9028884427316556,0.4312507731754692,0.8007932653391622,0.5790677700409463,12,1.2173913043478262,0.30434782608695654,N4 S1 O7,de-protonated,0,-9999,C23 H28 O7 N4 S1,23,28,7,4,-9999,1,-9999,N/A,-9999,-9999,N/A,-9999
2403,503.161113,503.1611326821311,503.1612454279091,3664319.8,-9999,362144.7,29.55,-1,-0.2240748446957783,0.49546546004756026,0.7489023467070351,0.5968402147113503,21,0.7741935483870968,0.16129032258064516,N2 O5,de-protonated,0,-9999,C31 H24 O5 N2,31,24,5,2,-9999,-9999,-9999,N/A,-9999,-9999,N/A,-9999
2404,503.164262,503.1642816846274,503.1646167312291,4798913.5,-9999,286148.2,39.2,-1,-0.6658787016785351,0.46134897800533115,0.7675537279851021,0.5838308779972395,16,1,0.17857142857142858,N2 S1 O5,de-protonated,0,-9999,C28 H28 O5 N2 S1,28,28,5,2,-9999,1,-9999,N/A,-9999,-9999,N/A,-9999
2404,503.164262,503.1642816846274,503.1647496729591,4798913.5,-9999,286148.2,39.2,-1,-0.9300896615092168,0.42736688847465215,0.8446892076502734,0.5942958161449007,3,1.9411764705882353,0.7647058823529411,N2 P1 O13,de-protonated,0,-9999,C17 H33 O13 N2 P1,17,33,13,2,1,-9999,-9999,N/A,-9999,-9999,N/A,-9999
2404,503.164262,503.1642816846274,503.16423660870913,4798913.5,-9999,286148.2,39.2,-1,0.08958490085686993,0.4992724257937731,0.7550179348240813,0.6015706294058965,21,0.8333333333333334,0.06666666666666667,N4 P1 O2,de-protonated,0,-9999,C30 H25 O2 N4 P1,30,25,2,4,1,-9999,-9999,N/A,-9999,-9999,N/A,-9999
2404,503.164262,503.1642816846274,503.1639652825491,4798913.5,-9999,286148.2,39.2,-1,0.6288249956565227,0.465382431116576,0.8221557383861047,0.6080917540243875,7,1.6,0.35,N4 S2 O7,de-protonated,0,-9999,C20 H32 O7 N4 S2,20,32,7,4,-9999,2,-9999,N/A,-9999,-9999,N/A,-9999
2405,503.176003,503.17602269393456,503.1765015691991,1746888.8,-9999,427988.1,13.24,-1,-0.9517043483841898,0.8484487941169233,0,0.509069276470154,25,0.6857142857142857,0.05714285714285714,N2 O2,de-protonated,0,-9999,C35 H24 O2 N2,35,24,2,2,-9999,-9999,-9999,N/A,-9999,-9999,N/A,-9999
2405,503.176003,503.17602269393456,503.1758501205191,1746888.8,-9999,427988.1,13.24,-1,0.34296839845036503,0.9788828337711176,0,0.5873297002626706,16,1.037037037037037,0.14814814814814814,N4 S1 O4,de-protonated,0,-9999,C27 H28 O4 N4 S1,27,28,4,4,-9999,1,-9999,N/A,-9999,-9999,N/A,-9999
2405,503.176003,503.17602269393456,503.1759830622491,1746888.8,-9999,427988.1,13.24,-1,0.07876307057904353,0.9988749943609538,0,0.5993249966165722,3,2.0625,0.75,N4 P1 O12,de-protonated,0,-9999,C16 H33 O12 N4 P1,16,33,12,4,1,-9999,-9999,N/A,-9999,-9999,N/A,-9999
2406,503.177066,503.1770856947773,503.1770146334491,1861065.4,-9999,321864.5,14.21,-1,0.14122530652612184,0.9963876212487148,0,0.5978325727492289,7,1.4545454545454546,0.5909090909090909,O13,de-protonated,0,-9999,C22 H32 O13,22,32,13,-9999,-9999,-9999,-9999,N/A,-9999,-9999,N/A,-9999
2406,503.177066,503.1770856947773,503.1775038907991,1861065.4,-9999,321864.5,14.21,-1,-0.8311103310311978,0.8822016149192314,0,0.5293209689515388,11,1.32,0.2,N2 S1 P1 O5,de-protonated,0,-9999,C25 H33 O5 N2 P1 S1,25,33,5,2,1,1,-9999,N/A,-9999,-9999,N/A,-9999
2406,503.177066,503.1770856947773,503.176852442119,1861065.4,-9999,321864.5,14.21,-1,0.4635599929620843,0.9617592483908574,0,0.5770555490345144,2,2.176470588235294,0.4117647058823529,N4 S2 P1 O7,de-protonated,0,-9999,C17 H37 O7 N4 P1 S2,17,37,7,4,1,2,-9999,N/A,-9999,-9999,N/A,-9999
2407,503.200247,503.200266713153,503.20062211805913,4108759.8,-9999,172435.2,33.33,-1,-0.706288685910163,0.4567305281124504,0.7489023467070351,0.5735992555502842,20,0.935483870967742,0.03225806451612903,N4 P1 O1,de-protonated,0,-9999,C31 H29 O1 N4 P1,31,29,1,4,1,-9999,-9999,N/A,-9999,-9999,N/A,-9999
2407,503.200247,503.200266713153,503.2003507918991,4108759.8,-9999,172435.2,33.33,-1,-0.16708801183755775,0.49747352581820664,0.8149093904448101,0.624447871668848,6,1.7142857142857142,0.2857142857142857,N4 S2 O6,de-protonated,0,-9999,C21 H36 O6 N4 S2,21,36,6,4,-9999,2,-9999,N/A,-9999,-9999,N/A,-9999
2408,503.233502,503.2335217395145,503.23401644660913,2068459.9,-9999,266204.4,15.97,-1,-0.9830557522928964,0.4195808932266105,0.7369636471990461,0.5465339948155847,19,0.9696969696969696,0.09090909090909093,N2 O3,de-protonated,0,-9999,C33 H32 O3 N2,33,32,3,2,-9999,-9999,-9999,N/A,-9999,-9999,N/A,-9999
2408,503.233502,503.2335217395145,503.23336499792913,2068459.9,-9999,266204.4,15.97,-1,0.3114689849434648,0.9825511569552484,0,0.5895306941731491,10,1.44,0.2,N4 S1 O5,de-protonated,0,-9999,C25 H36 O5 N4 S1,25,36,5,4,-9999,1,-9999,N/A,-9999,-9999,N/A,-9999
2409,503.236936,503.2369557422367,503.2373877499291,1901550.1,-9999,381867.4,14.55,-1,-0.8584570680852296,0.874836432790026,0,0.5249018596740156,14,1.2,0.1,N2 S1 O3,de-protonated,0,-9999,C30 H36 O3 N2 S1,30,36,3,2,-9999,1,-9999,N/A,-9999,-9999,N/A,-9999
2409,503.236936,503.2369557422367,503.2367363012491,1901550.1,-9999,381867.4,14.55,-1,0.4360591582282523,0.9660863782243614,0,0.5796518269346168,5,1.818181818181818,0.2272727272727273,N4 S2 O5,de-protonated,0,-9999,C22 H40 O5 N4 S2,22,40,5,4,-9999,2,-9999,N/A,-9999,-9999,N/A,-9999
2414,505.062809,505.0628301896219,505.0632481816692,2104143,-9999,397529.2,16.26,-1,-0.827603372041371,0.8831332654041634,0,0.529879959242498,13,0.9565217391304348,0.391304347826087,S2 O9,de-protonated,0,-9999,C23 H22 O9 S2,23,22,9,-9999,-9999,2,-9999,N/A,-9999,-9999,N/A,-9999
2414,505.062809,505.0628301896219,505.062378801799,2104143,-9999,397529.2,16.26,-1,0.8937268776138134,0.8650813531192312,0,0.5190488118715387,14,0.8181818181818182,0.6363636363636364,O14,de-protonated,0,-9999,C22 H18 O14,22,18,14,-9999,-9999,-9999,-9999,N/A,-9999,-9999,N/A,-9999
2414,505.062809,505.0628301896219,505.0628680591491,2104143,-9999,397529.2,16.26,-1,-0.07497982845239184,0.9989804202058378,0,0.5993882521235027,18,0.76,0.24,N2 S1 P1 O6,de-protonated,0,-9999,C25 H19 O6 N2 P1 S1,25,19,6,2,1,1,-9999,N/A,-9999,-9999,N/A,-9999
2415,505.064313,505.0643341908141,505.0645855921891,5939792,-9999,259111.2,48.89,-1,-0.49776084509767504,0.4780193958736257,0.7939170211058493,0.6043784459665151,18,0.75,0.20833333333333337,N4 S2 O5,de-protonated,0,-9999,C24 H18 O5 N4 S2,24,18,5,4,-9999,2,-9999,N/A,-9999,-9999,N/A,-9999
2416,505.06858,505.06860119419656,505.06860834418904,2046034.5,-9999,364594.3,15.77,-1,-0.01415647768674732,0.9999636372810236,0,0.5999781823686142,22,0.6206896551724138,0.10344827586206896,N2 S2 O3,de-protonated,0,-9999,C29 H18 O3 N2 S2,29,18,3,2,-9999,2,-9999,N/A,-9999,-9999,N/A,-9999
2416,505.06858,505.06860119419656,505.0687412859191,2046034.5,-9999,364594.3,15.77,-1,-0.27737159534282574,0.9861372305308054,0,0.5916823383184832,9,1.2777777777777777,0.6111111111111112,N2 S1 P1 O11,de-protonated,0,-9999,C18 H23 O11 N2 P1 S1,18,23,11,2,1,1,-9999,N/A,-9999,-9999,N/A,-9999
2417,505.070613,505.0706341958081,505.070262114469,3984467.8,-9999,225139.5,32.26,-1,0.736692232752831,0.4531091717738484,0.7739790330151771,0.5814571162703799,17,0.8518518518518519,0.14814814814814814,S2 P1 O4,de-protonated,0,-9999,C27 H23 O4 P1 S2,27,23,4,-9999,1,2,-9999,N/A,-9999,-9999,N/A,-9999
2417,505.070613,505.0706341958081,505.0711102676391,3984467.8,-9999,225139.5,32.26,-1,-0.942583769484868,0.42555638048044053,0.7871578612348809,0.5701969727822167,18,0.72,0.32,N2 S1 O8,de-protonated,0,-9999,C25 H18 O8 N2 S1,25,18,8,2,-9999,1,-9999,N/A,-9999,-9999,N/A,-9999
2417,505.070613,505.0706341958081,505.0707301451191,3984467.8,-9999,225139.5,32.26,-1,-0.18997202822568565,0.496736512397452,0.7739790330151771,0.607633520644542,23,0.5555555555555556,0.18518518518518515,N4 P1 O5,de-protonated,0,-9999,C27 H15 O5 N4 P1,27,15,5,4,1,-9999,-9999,N/A,-9999,-9999,N/A,-9999
2417,505.070613,505.0706341958081,505.070458818959,3984467.8,-9999,225139.5,32.26,-1,0.34723244257018465,0.9783602381570536,0,0.5870161428942322,9,1.2941176470588236,0.5882352941176471,N4 S2 O10,de-protonated,0,-9999,C17 H22 O10 N4 S2,17,22,10,4,-9999,2,-9999,N/A,-9999,-9999,N/A,-9999
2418,505.079283,505.0793042026809,505.0789723536091,1680985.1,-9999,254909.3,12.66,-1,0.6570241287411318,0.9246611832352568,0,0.5547967099411542,23,0.5185185185185185,0.25925925925925924,N4 O7,de-protonated,0,-9999,C27 H14 O7 N4,27,14,7,4,-9999,-9999,-9999,N/A,-9999,-9999,N/A,-9999
2419,505.098299,505.0983202177551,505.09876431114907,2173028.8,-9999,253236.3,16.85,-1,-0.8792209075904002,0.8691277383256414,0,0.5214766429953848,13,0.9565217391304348,0.5652173913043478,O13,de-protonated,0,-9999,C23 H22 O13,23,22,13,-9999,-9999,-9999,-9999,N/A,-9999,-9999,N/A,-9999
2419,505.098299,505.0983202177551,505.0982512468991,2173028.8,-9999,253236.3,16.85,-1,0.13654938580227674,0.4983112363216759,0.719752637322661,0.58688779672207,31,0.3888888888888889,0.05555555555555555,N2 O2,de-protonated,0,-9999,C36 H14 O2 N2,36,14,2,2,-9999,-9999,-9999,N/A,-9999,-9999,N/A,-9999
2419,505.098299,505.0983202177551,505.09860211981913,2173028.8,-9999,253236.3,16.85,-1,-0.5581129364895918,0.945048093350201,0,0.5670288560101205,8,1.5,0.3888888888888889,N4 S2 P1 O7,de-protonated,0,-9999,C18 H27 O7 N4 P1 S2,18,27,7,4,1,2,-9999,N/A,-9999,-9999,N/A,-9999
2420,505.106923,505.10694422459136,505.10664762381913,5235818,-9999,200988,42.9,-1,0.5872042540441856,0.9596100268930914,0.9908912221422944,0.9721225049927726,16,0.9642857142857144,0.10714285714285714,S2 P1 O3,de-protonated,0,-9999,C28 H27 O3 P1 S2,28,27,3,-9999,1,2,-9999,N/A,-9999,-9999,N/A,-9999
2420,505.106923,505.10694422459136,505.10711565446906,5235818,-9999,200988,42.9,-1,-0.3393931156046087,0.48965812521400814,0.7675537279851021,0.6008163663224457,22,0.6785714285714286,0.14285714285714285,N4 P1 O4,de-protonated,0,-9999,C28 H19 O4 N4 P1,28,19,4,4,1,-9999,-9999,N/A,-9999,-9999,N/A,-9999
2420,505.106923,505.10694422459136,505.10684432830914,5235818,-9999,200988,42.9,-1,0.19777257691910977,0.95116601281131,0.9214028991924624,0.939260767363771,8,1.4444444444444444,0.5,N4 S2 O9,de-protonated,0,-9999,C18 H26 O9 N4 S2,18,26,9,4,-9999,2,-9999,N/A,-9999,-9999,N/A,-9999
2421,505.139074,505.1390952500778,505.13901038116904,2051198,-9999,381569.9,15.81,-1,0.1680109968590429,0.9948912162652308,0,0.5969347297591384,11,1.2916666666666667,0.16666666666666666,N2 S2 P1 O4,de-protonated,0,-9999,C24 H31 O4 N2 P1 S2,24,31,4,2,1,2,-9999,N/A,-9999,-9999,N/A,-9999
2422,505.141825,505.14184625225846,505.1421637532991,3832191.8,-9999,351122.6,30.96,-1,-0.6285379907065676,0.46541290502019617,0.7675537279851021,0.5862692342061586,16,0.9642857142857144,0.25,P1 O7,de-protonated,0,-9999,C28 H27 O7 P1,28,27,7,-9999,1,-9999,-9999,N/A,-9999,-9999,N/A,-9999
2422,505.141825,505.14184625225846,505.1418924271391,3832191.8,-9999,351122.6,30.96,-1,-0.0914097233742424,0.49924250557923705,0.8370420509349343,0.6343623237215159,2,1.8888888888888888,0.6666666666666666,S2 O12,de-protonated,0,-9999,C18 H34 O12 S2,18,34,12,-9999,-9999,2,-9999,N/A,-9999,-9999,N/A,-9999
2422,505.141825,505.14184625225846,505.1413793628891,3832191.8,-9999,351122.6,30.96,-1,0.9242746455501408,0.4282038887614958,0.7489023467070351,0.5564832719397115,20,0.8387096774193549,0.03225806451612903,N2 S2 O1,de-protonated,0,-9999,C31 H26 O1 N2 S2,31,26,1,2,-9999,2,-9999,N/A,-9999,-9999,N/A,-9999
2422,505.141825,505.14184625225846,505.1415123046191,3832191.8,-9999,351122.6,30.96,-1,0.6610971999759879,0.4618804259885244,0.8221557383861046,0.6059905509475565,7,1.55,0.45,N2 S1 P1 O9,de-protonated,0,-9999,C20 H31 O9 N2 P1 S1,20,31,9,2,1,1,-9999,N/A,-9999,-9999,N/A,-9999
2423,505.143246,505.1432672533849,505.143033133169,9591425,-9999,241011.7,79.95,-1,0.4634731165117992,0.6412529948142159,0.9127951710049192,0.7498698652904973,15,1.0689655172413792,0.06896551724137931,S2 P1 O2,de-protonated,0,-9999,C29 H31 O2 P1 S2,29,31,2,-9999,1,2,-9999,N/A,-9999,-9999,N/A,-9999
2423,505.143246,505.1432672533849,505.14350116381905,9591425,-9999,241011.7,79.95,-1,-0.4630573957582492,0.4809202618905304,0.7612342259156646,0.593045847500584,21,0.7931034482758621,0.10344827586206896,N4 P1 O3,de-protonated,0,-9999,C29 H23 O3 N4 P1,29,23,3,4,1,-9999,-9999,N/A,-9999,-9999,N/A,-9999
2423,505.143246,505.1432672533849,505.143229837659,9591425,-9999,241011.7,79.95,-1,0.07406953847704971,0.6253080749854273,0.9309001147828634,0.7475448909044018,7,1.5789473684210529,0.42105263157894735,N4 S2 O8,de-protonated,0,-9999,C19 H30 O8 N4 S2,19,30,8,4,-9999,2,-9999,N/A,-9999,-9999,N/A,-9999
2424,505.158805,505.1588262657187,505.1591374276291,1724554.1,-9999,262400,13.04,-1,-0.615968092751853,0.9334716741203978,0,0.5600830044722387,20,0.8387096774193549,0.0967741935483871,N2 S1 O3,de-protonated,0,-9999,C31 H26 O3 N2 S1,31,26,3,2,-9999,1,-9999,N/A,-9999,-9999,N/A,-9999
2424,505.158805,505.1588262657187,505.1592703693591,1724554.1,-9999,262400,13.04,-1,-0.8791358814020673,0.8691513161127853,0,0.5214907896676712,7,1.55,0.55,N2 P1 O11,de-protonated,0,-9999,C20 H31 O11 N2 P1,20,31,11,2,1,-9999,-9999,N/A,-9999,-9999,N/A,-9999
2424,505.158805,505.1588262657187,505.15848597894905,1724554.1,-9999,262400,13.04,-1,0.6736237816193832,0.92096265783558,0,0.552577594701348,11,1.3043478260869563,0.21739130434782608,N4 S2 O5,de-protonated,0,-9999,C23 H30 O5 N4 S2,23,30,5,4,-9999,2,-9999,N/A,-9999,-9999,N/A,-9999
2425,505.177707,505.17772828070247,505.177408556619,3133077.8,-9999,455324.9,25.02,-1,0.6328946583547457,0.9298980744297792,0,0.5579388446578675,2,1.8888888888888888,0.8888888888888888,O16,de-protonated,0,-9999,C18 H34 O16,18,34,16,-9999,-9999,-9999,-9999,N/A,-9999,-9999,N/A,-9999
2425,505.177707,505.17772828070247,505.1778978139691,3133077.8,-9999,455324.9,25.02,-1,-0.33559121914897805,0.979772362832538,0,0.5878634176995227,6,1.6666666666666667,0.380952380952381,N2 S1 P1 O8,de-protonated,0,-9999,C21 H35 O8 N2 P1 S1,21,35,8,2,1,1,-9999,N/A,-9999,-9999,N/A,-9999
2426,505.179659,505.1796802822499,505.1794186425191,6198679,-9999,210855.3,51.09,-1,0.5179144697839307,0.9743432043026978,0.9682263254245684,0.971896452751446,14,1.1666666666666667,0.03333333333333333,S2 P1 O1,de-protonated,0,-9999,C30 H35 O1 P1 S2,30,35,1,-9999,1,2,-9999,N/A,-9999,-9999,N/A,-9999
2426,505.179659,505.1796802822499,505.1798866731691,6198679,-9999,210855.3,51.09,-1,-0.4085493596959196,0.4850839798014914,0.7550179348240813,0.5930575618105274,20,0.9,0.06666666666666667,N4 P1 O2,de-protonated,0,-9999,C30 H27 O2 N4 P1,30,27,2,4,1,-9999,-9999,N/A,-9999,-9999,N/A,-9999
2426,505.179659,505.1796802822499,505.17961534700913,6198679,-9999,210855.3,51.09,-1,0.12853891719082083,0.973326367947261,0.9646358710134082,0.9698501691737198,6,1.7,0.35,N4 S2 O7,de-protonated,0,-9999,C20 H34 O7 N4 S2,20,34,7,4,-9999,2,-9999,N/A,-9999,-9999,N/A,-9999
2427,505.215949,505.21597031101726,505.2162721825191,3968173.3,-9999,235833.5,32.12,-1,-0.5975094597466976,0.4686366488099845,0.7489023467070351,0.5807429279688048,19,1,0.03225806451612903,N4 P1 O1,de-protonated,0,-9999,C31 H31 O1 N4 P1,31,31,1,4,1,-9999,-9999,N/A,-9999,-9999,N/A,-9999
2427,505.215949,505.21597031101726,505.2160008563591,3968173.3,-9999,235833.5,32.12,-1,-0.06045996516982484,0.49966847552281274,0.8149093904448103,0.6257648414916117,5,1.8095238095238095,0.2857142857142857,N4 S2 O6,de-protonated,0,-9999,C21 H38 O6 N4 S2,21,38,6,4,-9999,2,-9999,N/A,-9999,-9999,N/A,-9999
2428,505.239878,505.2398993299859,505.23943544337914,3698620,-9999,291544.8,29.83,-1,0.9181520171197084,0.42908124726254304,0.7939170211058493,0.5750155567998656,4,1.7916666666666667,0.2916666666666667,S1 P1 O7,de-protonated,0,-9999,C24 H43 O7 P1 S1,24,43,7,-9999,1,1,-9999,N/A,-9999,-9999,N/A,-9999
2428,505.239878,505.2398993299859,505.2402835965491,3698620,-9999,291544.8,29.83,-1,-0.7605620051479225,0.4501803488747071,0.8077896627745539,0.5932240744346459,5,1.7272727272727273,0.5,N2 O11,de-protonated,0,-9999,C22 H38 O11 N2,22,38,11,2,-9999,-9999,-9999,N/A,-9999,-9999,N/A,-9999
2429,505.240607,505.2406283305639,505.2402835965491,3626684.5,-9999,249326.9,29.21,-1,0.6823169608223666,0.4594974971503551,0.807789662774554,0.5988143634000347,5,1.7272727272727273,0.5,N2 O11,de-protonated,0,-9999,C22 H38 O11 N2,22,38,11,2,-9999,-9999,-9999,N/A,-9999,-9999,N/A,-9999
2429,505.240607,505.2406283305639,505.2407728538992,3626684.5,-9999,249326.9,29.21,-1,-0.2860484407530038,0.4926314328059649,0.7871578612348809,0.6104420041775314,9,1.56,0.12,N4 S1 P1 O3,de-protonated,0,-9999,C25 H39 O3 N4 P1 S1,25,39,3,4,1,1,-9999,N/A,-9999,-9999,N/A,-9999
2432,506.109811,506.1098330195893,506.11000245888914,1667541.3,-9999,268823.1,12.55,-1,-0.33478749484422077,0.9798681544618584,0.9908912221422944,0.9842773815340328,16,1,0.1111111111111111,13C1 S2 P1 O3,de-protonated,1,2420,C27 H27 O3 P1 S2 13C1,27,27,3,-9999,1,2,1,N/A,-9999,-9999,N/A,-9999
2432,506.109811,506.1098330195893,506.11013880450906,1667541.3,-9999,268823.1,12.55,-1,-0.604186512608893,0.9359097089461949,0,0.5615458253677168,16,0.925925925925926,0.18518518518518515,N1 S2 O5,de-protonated,0,-9999,C27 H25 O5 N1 S2,27,25,5,1,-9999,2,-9999,N/A,-9999,-9999,N/A,-9999
2432,506.109811,506.1098330195893,506.1102717462391,1667541.3,-9999,268823.1,12.55,-1,-0.8668598016999771,0.8725381732762044,0,0.5235229039657227,3,1.875,0.8125,N1 S1 P1 O13,de-protonated,0,-9999,C16 H30 O13 N1 P1 S1,16,30,13,1,1,1,-9999,N/A,-9999,-9999,N/A,-9999
2432,506.109811,506.1098330195893,506.1097586819891,1667541.3,-9999,268823.1,12.55,-1,0.14688039279726567,0.9960931051474144,0,0.5976558630884486,21,0.7586206896551724,0.06896551724137931,N3 S1 P1 O2,de-protonated,0,-9999,C29 H22 O2 N3 P1 S1,29,22,2,3,1,1,-9999,N/A,-9999,-9999,N/A,-9999
2432,506.109811,506.1098330195893,506.1101991633791,1667541.3,-9999,268823.1,12.55,-1,-0.7234467719727429,0.9094040825958816,0.9214028991924624,0.9142036092345138,8,1.5294117647058822,0.5294117647058824,13C1 N4 S2 O9,de-protonated,1,2420,C17 H26 O9 N4 S2 13C1,17,26,9,4,-9999,2,1,N/A,-9999,-9999,N/A,-9999
2433,506.146132,506.1461540483813,506.14638796823914,2399467.8,-9999,246661.7,18.77,-1,-0.4621585047785684,0.6413237875871506,0.9127951710049192,0.7499123409542581,15,1.1071428571428572,0.07142857142857142,13C1 S2 P1 O2,de-protonated,1,2423,C28 H31 O2 P1 S2 13C1,28,31,2,-9999,1,2,1,N/A,-9999,-9999,N/A,-9999
2433,506.146132,506.1461540483813,506.1465243138591,2399467.8,-9999,246661.7,18.77,-1,-0.7315381219751365,0.9074635255163164,0,0.5444781153097897,15,1.0357142857142858,0.14285714285714285,N1 S2 O4,de-protonated,0,-9999,C28 H29 O4 N1 S2,28,29,4,1,-9999,2,-9999,N/A,-9999,-9999,N/A,-9999
2433,506.146132,506.1461540483813,506.1456549339891,2399467.8,-9999,246661.7,18.77,-1,0.9861082226686336,0.8382470498541793,0,0.5029482299125075,16,0.925925925925926,0.3333333333333333,N1 O9,de-protonated,0,-9999,C27 H25 O9 N1,27,25,9,1,-9999,-9999,-9999,N/A,-9999,-9999,N/A,-9999
2433,506.146132,506.1461540483813,506.1466572555891,2399467.8,-9999,246661.7,18.77,-1,-0.9941924946346574,0.8358155889470757,0,0.5014893533682454,2,2,0.7058823529411765,N1 S1 P1 O12,de-protonated,0,-9999,C17 H34 O12 N1 P1 S1,17,34,12,1,1,1,-9999,N/A,-9999,-9999,N/A,-9999
2433,506.146132,506.1461540483813,506.1461441913391,2399467.8,-9999,246661.7,18.77,-1,0.01947469579694428,0.4999655927269196,0.7550179348240813,0.6019865295657842,20,0.8666666666666667,0.03333333333333333,N3 S1 P1 O1,de-protonated,0,-9999,C30 H26 O1 N3 P1 S1,30,26,1,3,1,1,-9999,N/A,-9999,-9999,N/A,-9999
2433,506.146132,506.1461540483813,506.1465846727291,2399467.8,-9999,246661.7,18.77,-1,-0.8507897926299052,0.584612807284848,0.9309001147828634,0.7231277302840542,7,1.6666666666666667,0.4444444444444444,13C1 N4 S2 O8,de-protonated,1,2423,C18 H30 O8 N4 S2 13C1,18,30,8,4,-9999,2,1,N/A,-9999,-9999,N/A,-9999
2434,506.182678,506.1827000773516,506.18277347758914,1679746.4,-9999,196019,12.65,-1,-0.14500737946265344,0.9961919222406184,0.9682263254245684,0.9850056835141984,14,1.206896551724138,0.03448275862068965,13C1 S2 P1 O1,de-protonated,1,2426,C29 H35 O1 P1 S2 13C1,29,35,1,-9999,1,2,1,N/A,-9999,-9999,N/A,-9999
2434,506.182678,506.1827000773516,506.18290982320906,1679746.4,-9999,196019,12.65,-1,-0.4143677183922799,0.9693254619821376,0,0.5815952771892826,14,1.137931034482759,0.10344827586206896,N1 S2 O3,de-protonated,0,-9999,C29 H33 O3 N1 S2,29,33,3,1,-9999,2,-9999,N/A,-9999,-9999,N/A,-9999
2434,506.182678,506.1827000773516,506.1830427649391,1679746.4,-9999,196019,12.65,-1,-0.6770032943116836,0.9202002180495368,0,0.552120130829722,1,2.111111111111111,0.6111111111111112,N1 S1 P1 O11,de-protonated,0,-9999,C18 H38 O11 N1 P1 S1,18,38,11,1,1,1,-9999,N/A,-9999,-9999,N/A,-9999
2434,506.182678,506.1827000773516,506.18297018207915,1679746.4,-9999,196019,12.65,-1,-0.5336108550281303,0.9496461877003076,0.9646358710134082,0.9556420610255478,6,1.7894736842105263,0.3684210526315789,13C1 N4 S2 O7,de-protonated,1,2426,C19 H34 O7 N4 S2 13C1,19,34,7,4,-9999,2,1,N/A,-9999,-9999,N/A,-9999
2436,506.984958,506.9849807133258,506.9849978593691,1812211.4,-9999,328890.8,13.77,-1,-0.03381962659993267,0.9997924864882992,0,0.5998754918929794,19,0.5,0.375,S2 O9,de-protonated,0,-9999,C24 H12 O9 S2,24,12,9,-9999,-9999,2,-9999,N/A,-9999,-9999,N/A,-9999
2436,506.984958,506.9849807133258,506.9846177368491,1812211.4,-9999,328890.8,13.77,-1,0.7159516561442455,0.9111860315002552,0,0.5467116189001531,24,0.34615384615384615,0.2307692307692308,N2 S1 P1 O6,de-protonated,0,-9999,C26 H9 O6 N2 P1 S1,26,9,6,2,1,1,-9999,N/A,-9999,-9999,N/A,-9999
2437,507.02486,507.02488274495647,507.02502599819906,3364236.3,-9999,277728.6,26.97,-1,-0.2825368280426952,0.4928099404571938,0.7428850341668535,0.5928399779410576,27,0.40625,0.09375,S1 P1 O3,de-protonated,0,-9999,C32 H13 O3 P1 S1,32,13,3,-9999,1,1,-9999,N/A,-9999,-9999,N/A,-9999
2437,507.02486,507.02488274495647,507.0252227026892,3364236.3,-9999,277728.6,26.97,-1,-0.6704947160099038,0.4608328762496511,0.8077896627745539,0.5996155908596122,19,0.5454545454545454,0.4090909090909091,N4 S1 O9,de-protonated,0,-9999,C22 H12 O9 N4 S1,22,12,9,4,-9999,1,-9999,N/A,-9999,-9999,N/A,-9999
2438,507.026416,507.0264387461899,507.0267435312391,5807885,-9999,208323.6,47.76,-1,-0.6011222348402813,0.4682685654795928,0.7489023467070351,0.5805220779705698,27,0.3870967741935484,0.06451612903225806,N2 S2 O2,de-protonated,0,-9999,C31 H12 O2 N2 S2,31,12,2,2,-9999,2,-9999,N/A,-9999,-9999,N/A,-9999
2438,507.026416,507.0264387461899,507.0268764729691,5807885,-9999,208323.6,47.76,-1,-0.8633206630531524,0.43675408306440794,0.8221557383861047,0.5909147451930866,14,0.85,0.5,N2 S1 P1 O10,de-protonated,0,-9999,C20 H17 O10 N2 P1 S1,20,17,10,2,1,1,-9999,N/A,-9999,-9999,N/A,-9999
2439,507.050088,507.0501107649549,507.0503748227491,2002715.9,-9999,287606.6,15.39,-1,-0.5207723084511615,0.951981599405033,0,0.5711889596430197,18,0.6666666666666666,0.375,N2 S1 O9,de-protonated,0,-9999,C24 H16 O9 N2 S1,24,16,9,2,-9999,1,-9999,N/A,-9999,-9999,N/A,-9999
2439,507.050088,507.0501107649549,507.0499947002291,2002715.9,-9999,287606.6,15.39,-1,0.22890193677819523,0.9905378476652532,0,0.5943227085991518,23,0.5,0.2307692307692308,N4 P1 O6,de-protonated,0,-9999,C26 H13 O6 N4 P1,26,13,6,4,1,-9999,-9999,N/A,-9999,-9999,N/A,-9999
2439,507.050088,507.0501107649549,507.0497233740691,2002715.9,-9999,287606.6,15.39,-1,0.7640096581210913,0.899502406544021,0,0.5397014439264126,9,1.25,0.6875,N4 S2 O11,de-protonated,0,-9999,C16 H20 O11 N4 S2,16,20,11,4,-9999,2,-9999,N/A,-9999,-9999,N/A,-9999
2440,507.062205,507.0622277745602,507.0622596607191,6190883.5,-9999,246494.6,51.02,-1,-0.06288411001731735,0.4996413673118448,0.7489023467070351,0.5993457590699209,27,0.3870967741935484,0.1935483870967742,N2 O6,de-protonated,0,-9999,C31 H12 O6 N2,31,12,6,2,-9999,-9999,-9999,N/A,-9999,-9999,N/A,-9999
2440,507.062205,507.0622277745602,507.0626105336391,6190883.5,-9999,246494.6,51.02,-1,-0.7548556547798282,0.4508872715378883,0.8767281105990776,0.621223607162364,4,1.9230769230769231,0.8461538461538461,N4 S2 P1 O11,de-protonated,0,-9999,C13 H25 O11 N4 P1 S2,13,25,11,4,1,2,-9999,N/A,-9999,-9999,N/A,-9999
2441,507.07723,507.0772527864706,507.07751580200915,1625388.8,-9999,318521.4,12.18,-1,-0.5186890176910448,0.9523557323320236,0,0.5714134393992141,31,0.34285714285714286,0.08571428571428572,N2 O3,de-protonated,0,-9999,C35 H12 O3 N2,35,12,3,2,-9999,-9999,-9999,N/A,-9999,-9999,N/A,-9999
2441,507.07723,507.0772527864706,507.0768643533291,1625388.8,-9999,318521.4,12.18,-1,0.7660241845001858,0.8989994751877275,0,0.5393996851126365,22,0.5925925925925926,0.18518518518518515,N4 S1 O5,de-protonated,0,-9999,C27 H16 O5 N4 S1,27,16,5,4,-9999,1,-9999,N/A,-9999,-9999,N/A,-9999
2441,507.07723,507.0772527864706,507.07699729505913,1625388.8,-9999,318521.4,12.18,-1,0.5038513141280142,0.9549811481756212,0,0.5729886889053726,9,1.3125,0.8125,N4 P1 O13,de-protonated,0,-9999,C16 H21 O13 N4 P1,16,21,13,4,1,-9999,-9999,N/A,-9999,-9999,N/A,-9999
2442,507.078341,507.07836378735135,507.0780288662591,1620269.5,-9999,382262.5,12.14,-1,0.6604922185158738,0.9238948762633118,0,0.5543369257579871,13,0.9090909090909092,0.6363636363636364,O14,de-protonated,0,-9999,C22 H20 O14,22,20,14,-9999,-9999,-9999,-9999,N/A,-9999,-9999,N/A,-9999
2442,507.078341,507.07836378735135,507.0785181236091,1620269.5,-9999,382262.5,12.14,-1,-0.30436362860737687,0.9833315797867442,0,0.5899989478720465,17,0.84,0.24,N2 S1 P1 O6,de-protonated,0,-9999,C25 H21 O6 N2 P1 S1,25,21,6,2,1,1,-9999,N/A,-9999,-9999,N/A,-9999
2442,507.078341,507.07836378735135,507.0778666749291,1620269.5,-9999,382262.5,12.14,-1,0.9803473093741152,0.8399718856856201,0,0.5039831314113721,8,1.4705882352941178,0.4705882352941176,N4 S2 P1 O8,de-protonated,0,-9999,C17 H25 O8 N4 P1 S2,17,25,8,4,1,2,-9999,N/A,-9999,-9999,N/A,-9999
2443,507.086172,507.086194793559,507.08591217892905,5495602.5,-9999,213247.3,45.1,-1,0.5573308647803289,0.4725988474996859,0.7739790330151771,0.5931509217058824,16,0.925925925925926,0.14814814814814814,S2 P1 O4,de-protonated,0,-9999,C27 H25 O4 P1 S2,27,25,4,-9999,1,2,-9999,N/A,-9999,-9999,N/A,-9999
2443,507.086172,507.086194793559,507.0863802095791,5495602.5,-9999,213247.3,45.1,-1,-0.3656497735379553,0.4880161273593656,0.7739790330151772,0.6024012896216903,22,0.6296296296296297,0.18518518518518515,N4 P1 O5,de-protonated,0,-9999,C27 H17 O5 N4 P1,27,17,5,4,1,-9999,-9999,N/A,-9999,-9999,N/A,-9999
2443,507.086172,507.086194793559,507.08610888341906,5495602.5,-9999,213247.3,45.1,-1,0.16941923361568711,0.4974027196806487,0.8446892076502734,0.6363173148684986,8,1.411764705882353,0.5882352941176471,N4 S2 O10,de-protonated,0,-9999,C17 H24 O10 N4 S2,17,24,10,4,-9999,2,-9999,N/A,-9999,-9999,N/A,-9999
2444,507.112688,507.11271081457846,507.1129147737591,1640770.8,-9999,365757,12.31,-1,-0.40219677843299034,0.9710750254566162,0,0.5826450152739697,2,1.9411764705882353,0.6470588235294118,S2 P1 O11,de-protonated,0,-9999,C17 H33 O11 P1 S2,17,33,11,-9999,1,2,-9999,N/A,-9999,-9999,N/A,-9999
2445,507.114171,507.1141938157541,507.1144143756091,2068803.8,-9999,262051.9,15.95,-1,-0.4349311492621004,0.966258618365336,0,0.5797551710192015,12,1.0434782608695652,0.5652173913043478,O13,de-protonated,0,-9999,C23 H24 O13,23,24,13,-9999,-9999,-9999,-9999,N/A,-9999,-9999,N/A,-9999
2445,507.114171,507.1141938157541,507.1139013113591,2068803.8,-9999,262051.9,15.95,-1,0.5768021626042872,0.4707089616265745,0.719752637322661,0.5703264319050091,30,0.4444444444444444,0.05555555555555555,N2 O2,de-protonated,0,-9999,C36 H16 O2 N2,36,16,2,2,-9999,-9999,-9999,N/A,-9999,-9999,N/A,-9999
2445,507.114171,507.1141938157541,507.11425218427905,2068803.8,-9999,262051.9,15.95,-1,-0.1150993582848576,0.997599079624248,0,0.5985594477745488,7,1.6111111111111112,0.3888888888888889,N4 S2 P1 O7,de-protonated,0,-9999,C18 H29 O7 N4 P1 S2,18,29,7,4,1,2,-9999,N/A,-9999,-9999,N/A,-9999
2446,507.120883,507.1209058210747,507.12115698224903,4407624,-9999,288304.1,35.85,-1,-0.4952685780802155,0.47823410650593406,0.8446892076502734,0.6248161469636698,2,1.8823529411764703,0.7647058823529411,S2 O13,de-protonated,0,-9999,C17 H32 O13 S2,17,32,13,-9999,-9999,2,-9999,N/A,-9999,-9999,N/A,-9999
2446,507.120883,507.1209058210747,507.1206439179991,4407624,-9999,288304.1,35.85,-1,0.5164512207619051,0.4763780523820569,0.7550179348240812,0.5878340053588667,20,0.8,0.06666666666666667,N2 S2 O2,de-protonated,0,-9999,C30 H24 O2 N2 S2,30,24,2,2,-9999,2,-9999,N/A,-9999,-9999,N/A,-9999
2446,507.120883,507.1209058210747,507.1207768597291,4407624,-9999,288304.1,35.85,-1,0.254301049110275,0.4941672333995814,0.8295321147073604,0.628313185922693,7,1.5263157894736843,0.5263157894736842,N2 S1 P1 O10,de-protonated,0,-9999,C19 H29 O10 N2 P1 S1,19,29,10,2,1,1,-9999,N/A,-9999,-9999,N/A,-9999
2447,507.122202,507.1222248221203,507.1222976882792,7622472.5,-9999,195994.6,63.19,-1,-0.14368557484409153,0.986362498756682,0.9746246750492484,0.9816673692737086,15,1.0357142857142858,0.10714285714285714,S2 P1 O3,de-protonated,0,-9999,C28 H29 O3 P1 S2,28,29,3,-9999,1,2,-9999,N/A,-9999,-9999,N/A,-9999
2447,507.122202,507.1222248221203,507.1224943927692,7622472.5,-9999,195994.6,63.19,-1,-0.5315691018415516,0.9749546335288272,0.9558870020009194,0.967327580917664,7,1.5555555555555556,0.5,N4 S2 O9,de-protonated,0,-9999,C18 H28 O9 N4 S2,18,28,9,4,-9999,2,-9999,N/A,-9999,-9999,N/A,-9999
2448,507.150964,507.15098684492017,507.1507998849591,2041178.5,-9999,216448.7,15.72,-1,0.3686476706975469,0.9756424743044604,0,0.5853854845826763,11,1.1666666666666667,0.5,O12,de-protonated,0,-9999,C24 H28 O12,24,28,12,-9999,-9999,-9999,-9999,N/A,-9999,-9999,N/A,-9999
2448,507.150964,507.15098684492017,507.1512891423091,2041178.5,-9999,216448.7,15.72,-1,-0.5960694479407523,0.9375656488894144,0,0.5625393893336487,15,1.0740740740740742,0.14814814814814814,N2 S1 P1 O4,de-protonated,0,-9999,C27 H29 O4 N2 P1 S1,27,29,4,2,1,1,-9999,N/A,-9999,-9999,N/A,-9999
2448,507.150964,507.15098684492017,507.1506376936291,2041178.5,-9999,216448.7,15.72,-1,0.6884567722308816,0.9175926449731904,0,0.5505555869839143,6,1.736842105263158,0.3157894736842105,N4 S2 P1 O6,de-protonated,0,-9999,C19 H33 O6 N4 P1 S2,19,33,6,4,1,2,-9999,N/A,-9999,-9999,N/A,-9999
2449,507.158503,507.1585258508964,507.1586831976291,9743199,-9999,225532.8,81.23,-1,-0.3102514812523906,0.6328918394089184,0.8856189279065525,0.7339826748079721,14,1.137931034482759,0.06896551724137931,S2 P1 O2,de-protonated,0,-9999,C29 H33 O2 P1 S2,29,33,2,-9999,1,2,-9999,N/A,-9999,-9999,N/A,-9999
2449,507.158503,507.1585258508964,507.15887990211905,9743199,-9999,225532.8,81.23,-1,-0.6981071152929019,0.305122498350236,0.7722115407971533,0.4919581153290029,6,1.6842105263157894,0.42105263157894735,N4 S2 O8,de-protonated,0,-9999,C19 H32 O8 N4 S2,19,32,8,4,-9999,2,-9999,N/A,-9999,-9999,N/A,-9999
2450,507.193536,507.1935588786674,507.1939280009491,3693941,-9999,302371,29.78,-1,-0.7277734636254403,0.4541842882929575,0.8295321147073604,0.6043234188587187,0,2.1052631578947367,0.5789473684210527,S2 O11,de-protonated,0,-9999,C19 H40 O11 S2,19,40,11,-9999,-9999,2,-9999,N/A,-9999,-9999,N/A,-9999
2450,507.193536,507.1935588786674,507.19305862107905,3693941,-9999,302371,29.78,-1,0.986325778369746,0.838181784619591,0,0.5029090707717546,1,2,0.8888888888888888,O16,de-protonated,0,-9999,C18 H36 O16,18,36,16,-9999,-9999,-9999,-9999,N/A,-9999,-9999,N/A,-9999
2450,507.193536,507.1935588786674,507.1935478784291,3693941,-9999,302371,29.78,-1,0.02168844281606716,0.49995732612877414,0.8149093904448103,0.6259381518551885,5,1.761904761904762,0.380952380952381,N2 S1 P1 O8,de-protonated,0,-9999,C21 H37 O8 N2 P1 S1,21,37,8,2,1,1,-9999,N/A,-9999,-9999,N/A,-9999
2451,507.194991,507.1950138798208,507.19506870697904,6779766,-9999,198726.1,56.03,-1,-0.10809876045765224,0.9816017896555485,0.96300957961855,0.9741649056407492,13,1.2333333333333334,0.03333333333333333,S2 P1 O1,de-protonated,0,-9999,C30 H37 O1 P1 S2,30,37,1,-9999,1,2,-9999,N/A,-9999,-9999,N/A,-9999
2451,507.194991,507.1950138798208,507.1952654114692,6779766,-9999,198726.1,56.03,-1,-0.49592664899089944,0.977913293292512,0.9698526168194268,0.9746890227032778,5,1.8,0.35,N4 S2 O7,de-protonated,0,-9999,C20 H36 O7 N4 S2,20,36,7,4,-9999,2,-9999,N/A,-9999,-9999,N/A,-9999
2452,507.231639,507.231661908872,507.2319222469791,3208076.8,-9999,231632.7,25.64,-1,-0.5132526083375576,0.4766628322597308,0.7489023467070351,0.5855586380386526,18,1.064516129032258,0.03225806451612903,N4 P1 O1,de-protonated,0,-9999,C31 H33 O1 N4 P1,31,33,1,4,1,-9999,-9999,N/A,-9999,-9999,N/A,-9999
2452,507.231639,507.231661908872,507.2316509208191,3208076.8,-9999,231632.7,25.64,-1,0.02166279022588135,0.9999148540242444,0,0.5999489124145465,4,1.9047619047619049,0.2857142857142857,N4 S2 O6,de-protonated,0,-9999,C21 H40 O6 N4 S2,21,40,6,4,-9999,2,-9999,N/A,-9999,-9999,N/A,-9999
2453,507.236278,507.2363009125494,507.23632512149914,2498447.5,-9999,379470.4,19.61,-1,-0.04772716099838228,0.4997933833633104,0.7311359101322861,0.5923303940709006,17,1.0588235294117647,0.0588235294117647,S1 O2,de-protonated,0,-9999,C34 H36 O2 S1,34,36,2,-9999,-9999,1,-9999,N/A,-9999,-9999,N/A,-9999
2453,507.236278,507.2363009125494,507.23645806322907,2498447.5,-9999,379470.4,19.61,-1,-0.30981739814923265,0.9827341112744802,0,0.5896404667646881,4,1.7826086956521738,0.43478260869565216,P1 O10,de-protonated,0,-9999,C23 H41 O10 P1,23,41,10,-9999,1,-9999,-9999,N/A,-9999,-9999,N/A,-9999
2454,507.238101,507.2381239139944,507.23817559626906,4294032.5,-9999,226113.1,34.88,-1,-0.10188956026084098,0.499059033350769,0.8077896627745539,0.622551285120283,4,1.818181818181818,0.4090909090909091,N2 S1 O9,de-protonated,0,-9999,C22 H40 O9 N2 S1,22,40,9,2,-9999,1,-9999,N/A,-9999,-9999,N/A,-9999
2454,507.238101,507.2381239139944,507.2377954737491,4294032.5,-9999,226113.1,34.88,-1,0.6475074378184127,0.46337323613939785,0.7939170211058493,0.5955907501259785,9,1.5416666666666667,0.25,N4 P1 O6,de-protonated,0,-9999,C24 H37 O6 N4 P1,24,37,6,4,1,-9999,-9999,N/A,-9999,-9999,N/A,-9999
2456,508.125813,508.12583661769133,508.1256525233492,1990584.9,-9999,224578.4,15.28,-1,0.3623008231243837,0.9764640965212628,0.9746246750492484,0.9757283279324572,15,1.0740740740740742,0.1111111111111111,13C1 S2 P1 O3,de-protonated,1,2447,C27 H29 O3 P1 S2 13C1,27,29,3,-9999,1,2,1,N/A,-9999,-9999,N/A,-9999
2456,508.125813,508.12583661769133,508.1257888689691,1990584.9,-9999,224578.4,15.28,-1,0.09397027917953564,0.998399016038913,0,0.5990394096233478,15,1,0.18518518518518515,N1 S2 O5,de-protonated,0,-9999,C27 H27 O5 N1 S2,27,27,5,1,-9999,2,-9999,N/A,-9999,-9999,N/A,-9999
2456,508.125813,508.12583661769133,508.12592181069914,1990584.9,-9999,224578.4,15.28,-1,-0.16766121181545793,0.9949124121071968,0,0.596947447264318,2,2,0.8125,N1 S1 P1 O13,de-protonated,0,-9999,C16 H32 O13 N1 P1 S1,16,32,13,1,1,1,-9999,N/A,-9999,-9999,N/A,-9999
2456,508.125813,508.12583661769133,508.1254087464491,1990584.9,-9999,224578.4,15.28,-1,0.8420583478885344,0.8792742604348549,0,0.5275645562609129,20,0.8275862068965517,0.06896551724137931,N3 S1 P1 O2,de-protonated,0,-9999,C29 H24 O2 N3 P1 S1,29,24,2,3,1,1,-9999,N/A,-9999,-9999,N/A,-9999
2456,508.125813,508.12583661769133,508.1258492278392,1990584.9,-9999,224578.4,15.28,-1,-0.02481697765967508,0.9998882551951132,0.9558870020009194,0.9822877539174356,7,1.6470588235294117,0.5294117647058824,13C1 N4 S2 O9,de-protonated,1,2447,C17 H28 O9 N4 S2 13C1,17,28,9,4,-9999,2,1,N/A,-9999,-9999,N/A,-9999
2457,508.161661,508.1616846461084,508.1620380326992,2037199.3,-9999,272581.3,15.68,-1,-0.6954210750780038,0.610659601012283,0.8856189279065525,0.7206433317699907,14,1.1785714285714286,0.07142857142857142,13C1 S2 P1 O2,de-protonated,1,2449,C28 H33 O2 P1 S2 13C1,28,33,2,-9999,1,2,1,N/A,-9999,-9999,N/A,-9999
2457,508.161661,508.1616846461084,508.16217437831904,2037199.3,-9999,272581.3,15.68,-1,-0.9637321220657654,0.8449094316440228,0,0.5069456589864136,14,1.1071428571428572,0.14285714285714285,N1 S2 O4,de-protonated,0,-9999,C28 H31 O4 N1 S2,28,31,4,1,-9999,2,-9999,N/A,-9999,-9999,N/A,-9999
2457,508.161661,508.1616846461084,508.1613049984491,2037199.3,-9999,272581.3,15.68,-1,0.7471006854004986,0.903682410554116,0,0.5422094463324697,15,1,0.3333333333333333,N1 O9,de-protonated,0,-9999,C27 H27 O9 N1,27,27,9,1,-9999,-9999,-9999,N/A,-9999,-9999,N/A,-9999
2457,508.161661,508.1616846461084,508.1617942557991,2037199.3,-9999,272581.3,15.68,-1,-0.21569840942815235,0.9915934880221464,0,0.5949560928132878,19,0.9333333333333332,0.03333333333333333,N3 S1 P1 O1,de-protonated,0,-9999,C30 H28 O1 N3 P1 S1,30,28,1,3,1,1,-9999,N/A,-9999,-9999,N/A,-9999
2459,508.198624,508.1986476754092,508.1984235420491,1780454.3,-9999,231783.4,13.49,-1,0.441035134580576,0.9653216230414422,0.96300957961855,0.9643968056722854,13,1.2758620689655171,0.03448275862068965,13C1 S2 P1 O1,de-protonated,1,2451,C29 H37 O1 P1 S2 13C1,29,37,1,-9999,1,2,1,N/A,-9999,-9999,N/A,-9999
2459,508.198624,508.1986476754092,508.1985598876691,1780454.3,-9999,231783.4,13.49,-1,0.1727429927420101,0.994600177257081,0,0.5967601063542486,13,1.206896551724138,0.10344827586206896,N1 S2 O3,de-protonated,0,-9999,C29 H35 O3 N1 S2,29,35,3,1,-9999,2,-9999,N/A,-9999,-9999,N/A,-9999
2459,508.198624,508.1986476754092,508.1986928293991,1780454.3,-9999,231783.4,13.49,-1,-0.08885105468011563,0.9985685770109336,0,0.5991411462065602,0,2.2222222222222223,0.6111111111111112,N1 S1 P1 O11,de-protonated,0,-9999,C18 H40 O11 N1 P1 S1,18,40,11,1,1,1,-9999,N/A,-9999,-9999,N/A,-9999
2459,508.198624,508.1986476754092,508.1986202465392,1780454.3,-9999,231783.4,13.49,-1,0.05397273617535538,0.9994715694388744,0.9698526168194268,0.9876239883910952,5,1.894736842105263,0.3684210526315789,13C1 N4 S2 O7,de-protonated,1,2451,C19 H36 O7 N4 S2 13C1,19,36,7,4,-9999,2,1,N/A,-9999,-9999,N/A,-9999
2462,509.023477,509.0235013292773,509.0237661510891,5606377,-9999,245754.7,43.9,-1,-0.5202543170302273,0.4760373752574205,0.7550179348240813,0.5876295990840849,27,0.3333333333333333,0.16666666666666666,N2 S1 O5,de-protonated,0,-9999,C30 H10 O5 N2 S1,30,10,5,2,-9999,1,-9999,N/A,-9999,-9999,N/A,-9999
2462,509.023477,509.0235013292773,509.023899092819,5606377,-9999,245754.7,43.9,-1,-0.7814240990457668,0.4475602852464872,0.8295321147073604,0.6003490170308365,14,0.7894736842105263,0.6842105263157895,N2 P1 O13,de-protonated,0,-9999,C19 H15 O13 N2 P1,19,15,13,2,1,-9999,-9999,N/A,-9999,-9999,N/A,-9999
2462,509.023477,509.0235013292773,509.02311470240915,5606377,-9999,245754.7,43.9,-1,0.7595467808195469,0.45030642645189506,0.8077896627745539,0.5932997209809586,18,0.6363636363636364,0.3181818181818182,N4 S2 O7,de-protonated,0,-9999,C22 H14 O7 N4 S2,22,14,7,4,-9999,2,-9999,N/A,-9999,-9999,N/A,-9999
2463,509.063811,509.0638353612504,509.0641744124391,2123778.3,-9999,381983.4,15.65,-1,-0.6660283826441532,0.46133228955381894,0.719752637322661,0.5647004286613557,30,0.3888888888888889,0.05555555555555555,S1 O2,de-protonated,0,-9999,C36 H14 O2 S1,36,14,2,-9999,-9999,1,-9999,N/A,-9999,-9999,N/A,-9999
2463,509.063811,509.0638353612504,509.06430735416905,2123778.3,-9999,381983.4,15.65,-1,-0.9271773955817744,0.8555730498718627,0,0.5133438299231176,17,0.76,0.4,P1 O10,de-protonated,0,-9999,C25 H19 O10 P1,25,19,10,-9999,1,-9999,-9999,N/A,-9999,-9999,N/A,-9999
2463,509.063811,509.0638353612504,509.06352296375906,2123778.3,-9999,381983.4,15.65,-1,0.6136709412903106,0.9339502309782112,0,0.5603701385869266,21,0.6428571428571429,0.14285714285714285,N2 S2 O4,de-protonated,0,-9999,C28 H18 O4 N2 S2,28,18,4,2,-9999,2,-9999,N/A,-9999,-9999,N/A,-9999
2463,509.063811,509.0638353612504,509.0636559054891,2123778.3,-9999,381983.4,15.65,-1,0.35252125974414794,0.9777034722934318,0,0.586622083376059,8,1.3529411764705883,0.7058823529411765,N2 S1 P1 O12,de-protonated,0,-9999,C17 H23 O12 N2 P1 S1,17,23,12,2,1,1,-9999,N/A,-9999,-9999,N/A,-9999
2464,509.065439,509.0654633625409,509.065176734039,3200003.5,-9999,196351.7,24.38,-1,0.56304873127573285,0.47204982100569065,0.7805128205128199,0.5954350208085424,16,0.8846153846153846,0.19230769230769232,S2 P1 O5,de-protonated,0,-9999,C26 H23 O5 P1 S2,26,23,5,-9999,1,2,-9999,N/A,-9999,-9999,N/A,-9999
2464,509.065439,509.0654633625409,509.0656447646891,3200003.5,-9999,196351.7,24.38,-1,-0.3563433322717271,0.48861147339226607,0.7805128205128199,0.6053720122404875,22,0.5769230769230769,0.2307692307692308,N4 P1 O6,de-protonated,0,-9999,C26 H15 O6 N4 P1,26,15,6,4,1,-9999,-9999,N/A,-9999,-9999,N/A,-9999
2464,509.065439,509.0654633625409,509.06537343852904,3200003.5,-9999,196351.7,24.38,-1,0.17664531233177894,0.9943541519178642,0,0.5966124911507186,8,1.375,0.6875,N4 S2 O11,de-protonated,0,-9999,C16 H22 O11 N4 S2,16,22,11,4,-9999,2,-9999,N/A,-9999,-9999,N/A,-9999
2465,509.099876,509.09990038983943,509.0999084731091,3821593,-9999,408368.1,29.42,-1,-0.01587757047719922,0.49997712916619425,0.7612342259156645,0.6044799678659823,20,0.7586206896551724,0.10344827586206896,N2 S2 O3,de-protonated,0,-9999,C29 H22 O3 N2 S2,29,22,3,2,-9999,2,-9999,N/A,-9999,-9999,N/A,-9999
2465,509.099876,509.09990038983943,509.1000414148391,3821593,-9999,408368.1,29.42,-1,-0.2770084230830525,0.49308662840263945,0.8370420509349344,0.6306687974155575,7,1.5,0.6111111111111112,N2 S1 P1 O11,de-protonated,0,-9999,C18 H27 O11 N2 P1 S1,18,27,11,2,1,1,-9999,N/A,-9999,-9999,N/A,-9999
2466,509.101982,509.1020063915089,509.1015622433891,6682650.5,-9999,182607.5,52.63,-1,0.8724155507483586,0.43550483116798033,0.773979033015177,0.570894511906859,15,1,0.14814814814814814,S2 P1 O4,de-protonated,0,-9999,C27 H27 O4 P1 S2,27,27,4,-9999,1,2,-9999,N/A,-9999,-9999,N/A,-9999
2466,509.101982,509.1020063915089,509.1024103965591,6682650.5,-9999,182607.5,52.63,-1,-0.7935634206525037,0.44601031342849584,0.787157861234881,0.5824693325510499,16,0.88,0.32,N2 S1 O8,de-protonated,0,-9999,C25 H22 O8 N2 S1,25,22,8,2,-9999,1,-9999,N/A,-9999,-9999,N/A,-9999
2466,509.101982,509.1020063915089,509.10203027403907,6682650.5,-9999,182607.5,52.63,-1,-0.04691108805695304,0.49980038731349274,0.7739790330151772,0.6094718455941666,21,0.7037037037037037,0.18518518518518515,N4 P1 O5,de-protonated,0,-9999,C27 H19 O5 N4 P1,27,19,5,4,1,-9999,-9999,N/A,-9999,-9999,N/A,-9999
2466,509.101982,509.1020063915089,509.1017589478791,6682650.5,-9999,182607.5,52.63,-1,0.4860396285300091,0.4790206250367443,0.8446892076502734,0.625288058082156,7,1.5294117647058822,0.5882352941176471,N4 S2 O10,de-protonated,0,-9999,C17 H26 O10 N4 S2,17,26,10,4,-9999,2,-9999,N/A,-9999,-9999,N/A,-9999
2467,509.125921,509.12594541048554,509.12604168806905,2297385.3,-9999,233813.4,17.06,-1,-0.18910363176462824,0.9935323674294098,0,0.5961194204576459,7,1.4444444444444444,0.8333333333333334,N2 O15,de-protonated,0,-9999,C18 H26 O15 N2,18,26,15,2,-9999,-9999,-9999,N/A,-9999,-9999,N/A,-9999
2467,509.125921,509.12594541048554,509.1255286238191,2297385.3,-9999,233813.4,17.06,-1,0.8186324256326906,0.4427514800386578,0.7489023467070351,0.5652118267060087,25,0.5806451612903226,0.12903225806451613,N4 O4,de-protonated,0,-9999,C31 H18 O4 N4,31,18,4,4,-9999,-9999,-9999,N/A,-9999,-9999,N/A,-9999
2468,509.128413,509.128437412461,509.1285648382191,1967658.8,-9999,230719,14.38,-1,-0.25028208381446704,0.988698201435412,0,0.5932189208612472,1,2.0588235294117645,0.6470588235294118,S2 P1 O11,de-protonated,0,-9999,C17 H35 O11 P1 S2,17,35,11,-9999,1,2,-9999,N/A,-9999,-9999,N/A,-9999
2468,509.128413,509.128437412461,509.1288999271391,1967658.8,-9999,230719,14.38,-1,-0.908443182462869,0.8609283641559222,0,0.5165570184935533,20,0.7857142857142857,0.14285714285714285,N4 S1 O4,de-protonated,0,-9999,C28 H22 O4 N4 S1,28,22,4,4,-9999,1,-9999,N/A,-9999,-9999,N/A,-9999
2469,509.130133,509.1301574138244,509.130064440069,3324459.8,-9999,205185.9,25.39,-1,0.18261297432579213,0.49698370490475663,0.8007932653391622,0.6185075290785189,11,1.1304347826086956,0.5652173913043478,O13,de-protonated,0,-9999,C23 H26 O13,23,26,13,-9999,-9999,-9999,-9999,N/A,-9999,-9999,N/A,-9999
2469,509.130133,509.1301574138244,509.1305536974191,3324459.8,-9999,205185.9,25.39,-1,-0.7783535908508059,0.4479493904627277,0.7805128205128199,0.5809747624827646,15,1.0384615384615383,0.19230769230769232,N2 S1 P1 O5,de-protonated,0,-9999,C26 H27 O5 N2 P1 S1,26,27,5,2,1,1,-9999,N/A,-9999,-9999,N/A,-9999
2469,509.130133,509.1301574138244,509.1299022487391,3324459.8,-9999,205185.9,25.39,-1,0.5011787447439658,0.9554466940719752,0,0.573268016443185,6,1.7222222222222223,0.3888888888888889,N4 S2 P1 O7,de-protonated,0,-9999,C18 H31 O7 N4 P1 S2,18,31,7,4,1,2,-9999,N/A,-9999,-9999,N/A,-9999
2470,509.138141,509.1381654201724,509.1379477527391,8737841,-9999,199296.6,69.3,-1,0.4275215278953139,0.6555146701077147,0.8946270182100369,0.7511596093486436,14,1.1071428571428572,0.10714285714285714,S2 P1 O3,de-protonated,0,-9999,C28 H31 O3 P1 S2,28,31,3,-9999,1,2,-9999,N/A,-9999,-9999,N/A,-9999
2470,509.138141,509.1381654201724,509.13841578338906,8737841,-9999,199296.6,69.3,-1,-0.4917390023803579,0.9171606389851564,0.9439568541887556,0.927879125066596,20,0.8214285714285714,0.14285714285714285,N4 P1 O4,de-protonated,0,-9999,C28 H23 O4 N4 P1,28,23,4,4,1,-9999,-9999,N/A,-9999,-9999,N/A,-9999
2470,509.138141,509.1381654201724,509.1381444572291,8737841,-9999,199296.6,69.3,-1,0.04117338987961415,0.6605146071727543,0.9303181296970192,0.7684360161824603,6,1.6666666666666667,0.5,N4 S2 O9,de-protonated,0,-9999,C18 H30 O9 N4 S2,18,30,9,4,-9999,2,-9999,N/A,-9999,-9999,N/A,-9999
2471,509.164788,509.16481244129574,509.16495034756906,1904705.5,-9999,367476.4,13.87,-1,-0.2708479309689582,0.986777375320438,0,0.5920664251922627,0,2.1666666666666665,0.5555555555555556,S2 P1 O10,de-protonated,0,-9999,C18 H39 O10 P1 S2,18,39,10,-9999,1,2,-9999,N/A,-9999,-9999,N/A,-9999
2471,509.164788,509.16481244129574,509.1652854364891,1904705.5,-9999,367476.4,13.87,-1,-0.92896198328086,0.8550589720161442,0,0.5130353832096866,19,0.896551724137931,0.10344827586206896,N4 S1 O3,de-protonated,0,-9999,C29 H26 O3 N4 S1,29,26,3,4,-9999,1,-9999,N/A,-9999,-9999,N/A,-9999
2472,509.166315,509.16633944250617,509.1664499494191,2521666.5,-9999,231035.5,18.88,-1,-0.21703494587066208,0.9914894323201862,0,0.5948936593921117,10,1.25,0.5,O12,de-protonated,0,-9999,C24 H30 O12,24,30,12,-9999,-9999,-9999,-9999,N/A,-9999,-9999,N/A,-9999
2472,509.166315,509.16633944250617,509.1659368851691,2521666.5,-9999,231035.5,18.88,-1,0.790621107760523,0.4463876918119131,0.7141928963326545,0.5535097736202097,28,0.5945945945945946,0.02702702702702703,N2 O1,de-protonated,0,-9999,C37 H22 O1 N2,37,22,1,2,-9999,-9999,-9999,N/A,-9999,-9999,N/A,-9999
2472,509.166315,509.16633944250617,509.16628775808914,2521666.5,-9999,231035.5,18.88,-1,0.10150793222819264,0.998132124738034,0,0.5988792748428203,5,1.8421052631578947,0.3157894736842105,N4 S2 P1 O6,de-protonated,0,-9999,C19 H35 O6 N4 P1 S2,19,35,6,4,1,2,-9999,N/A,-9999,-9999,N/A,-9999
2473,509.172725,509.1727494475875,509.17319255605906,4421702.5,-9999,419218.9,34.29,-1,-0.8702509834850416,0.4358030127513346,0.8370420509349343,0.5962986280247745,0,2.111111111111111,0.6666666666666666,S2 O12,de-protonated,0,-9999,C18 H38 O12 S2,18,38,12,-9999,-9999,2,-9999,N/A,-9999,-9999,N/A,-9999
2473,509.172725,509.1727494475875,509.17267949180905,4421702.5,-9999,419218.9,34.29,-1,0.13739106838674398,0.4982903890159075,0.7489023467070351,0.5985351720923586,18,0.967741935483871,0.03225806451612903,N2 S2 O1,de-protonated,0,-9999,C31 H30 O1 N2 S2,31,30,1,2,-9999,2,-9999,N/A,-9999,-9999,N/A,-9999
2473,509.172725,509.1727494475875,509.1728124335391,4421702.5,-9999,419218.9,34.29,-1,-0.12370250361769118,0.49861363360281097,0.8221557383861047,0.6280304755161285,5,1.75,0.45,N2 S1 P1 O9,de-protonated,0,-9999,C20 H35 O9 N2 P1 S1,20,35,9,2,1,1,-9999,N/A,-9999,-9999,N/A,-9999
2474,509.174505,509.1745294489985,509.17433326208914,7876679.5,-9999,210192,62.32,-1,0.3853040040461368,0.949268471150288,0.958388305186639,0.9529164047648284,13,1.206896551724138,0.06896551724137931,S2 P1 O2,de-protonated,0,-9999,C29 H35 O2 P1 S2,29,35,2,-9999,1,2,-9999,N/A,-9999,-9999,N/A,-9999
2474,509.174505,509.1745294489985,509.1748012927391,7876679.5,-9999,210192,62.32,-1,-0.5338907972860962,0.968588335016276,0.958388305186639,0.9645083230844212,19,0.9310344827586208,0.10344827586206896,N4 P1 O3,de-protonated,0,-9999,C29 H27 O3 N4 P1,29,27,3,4,1,-9999,-9999,N/A,-9999,-9999,N/A,-9999
2474,509.174505,509.1745294489985,509.1745299665791,7876679.5,-9999,210192,62.32,-1,-0.00101650918831364,0.993458543387276,0.9733138060216652,0.9854006484410316,5,1.7894736842105263,0.42105263157894735,N4 S2 O8,de-protonated,0,-9999,C19 H34 O8 N4 S2,19,34,8,4,-9999,2,-9999,N/A,-9999,-9999,N/A,-9999
2475,509.201252,509.20127647020104,509.2016709458391,1972056.4,-9999,328452.1,14.42,-1,-0.7746943118665994,0.8968230897168905,0,0.5380938538301343,18,1,0.06666666666666667,N4 S1 O2,de-protonated,0,-9999,C30 H30 O2 N4 S1,30,30,2,4,-9999,1,-9999,N/A,-9999,-9999,N/A,-9999
2476,509.20273,509.20275447137266,509.2028354587691,3398745.3,-9999,231908.8,25.99,-1,-0.1590474183885001,0.4977102884799571,0.787157861234881,0.6134893175819267,9,1.36,0.44,O11,de-protonated,0,-9999,C25 H34 O11,25,34,11,-9999,-9999,-9999,-9999,N/A,-9999,-9999,N/A,-9999
2476,509.20273,509.20275447137266,509.2026732674391,3398745.3,-9999,231908.8,25.99,-1,0.15947271654037573,0.9953961096912182,0,0.5972376658147309,4,1.95,0.25,N4 S2 P1 O5,de-protonated,0,-9999,C20 H39 O5 N4 P1 S2,20,39,5,4,1,2,-9999,N/A,-9999,-9999,N/A,-9999
2477,509.209161,509.20918547647057,509.2087086855391,3038813.3,-9999,325737.6,23.07,-1,0.936336954482233,0.852927317792459,0,0.5117563906754754,0,2.111111111111111,0.8888888888888888,O16,de-protonated,0,-9999,C18 H38 O16,18,38,16,-9999,-9999,-9999,-9999,N/A,-9999,-9999,N/A,-9999
2477,509.209161,509.20918547647057,509.20919794288915,3038813.3,-9999,325737.6,23.07,-1,-0.02448191947875678,0.9998912520338684,0,0.5999347512203209,4,1.8571428571428572,0.380952380952381,N2 S1 P1 O8,de-protonated,0,-9999,C21 H39 O8 N2 P1 S1,21,39,8,2,1,1,-9999,N/A,-9999,-9999,N/A,-9999
2478,509.210864,509.21088847782056,509.2107187714391,4799582.5,-9999,242151.7,37.35,-1,0.33327338806604273,0.49002400708283794,0.7550179348240813,0.5960215781793353,12,1.3,0.03333333333333333,S2 P1 O1,de-protonated,0,-9999,C30 H39 O1 P1 S2,30,39,1,-9999,1,2,-9999,N/A,-9999,-9999,N/A,-9999
2478,509.210864,509.21088847782056,509.2111868020891,4799582.5,-9999,242151.7,37.35,-1,-0.5858556848081646,0.4698107863060207,0.7550179348240813,0.583893645713245,18,1.0333333333333334,0.06666666666666667,N4 P1 O2,de-protonated,0,-9999,C30 H31 O2 N4 P1,30,31,2,4,1,-9999,-9999,N/A,-9999,-9999,N/A,-9999
2478,509.210864,509.21088847782056,509.2109154759291,4799582.5,-9999,242151.7,37.35,-1,-0.05301950076753334,0.49974503278136734,0.8221557383861046,0.6287093150232622,4,1.9,0.35,N4 S2 O7,de-protonated,0,-9999,C20 H38 O7 N4 S2,20,38,7,4,-9999,2,-9999,N/A,-9999,-9999,N/A,-9999
2479,510.141312,510.1413372153947,510.1413025878091,1871525.4,-9999,263635.3,13.6,-1,0.06787841987956425,0.6661095521306206,0.8946270182100369,0.7575165385623871,14,1.148148148148148,0.1111111111111111,13C1 S2 P1 O3,de-protonated,1,2470,C27 H31 O3 P1 S2 13C1,27,31,3,-9999,1,2,1,N/A,-9999,-9999,N/A,-9999
2479,510.141312,510.1413372153947,510.14143893342913,1871525.4,-9999,263635.3,13.6,-1,-0.1993918287760175,0.9928120837146672,0,0.5956872502288002,14,1.0740740740740742,0.18518518518518515,N1 S2 O5,de-protonated,0,-9999,C27 H29 O5 N1 S2,27,29,5,1,-9999,2,-9999,N/A,-9999,-9999,N/A,-9999
2479,510.141312,510.1413372153947,510.14157187515906,1871525.4,-9999,263635.3,13.6,-1,-0.45998949568272274,0.9623348725470632,0,0.5774009235282379,1,2.125,0.8125,N1 S1 P1 O13,de-protonated,0,-9999,C16 H34 O13 N1 P1 S1,16,34,13,1,1,1,-9999,N/A,-9999,-9999,N/A,-9999
2479,510.141312,510.1413372153947,510.1410588109091,1871525.4,-9999,263635.3,13.6,-1,0.5457402041570524,0.9473929856055024,0,0.5684357913633015,19,0.896551724137931,0.06896551724137931,N3 S1 P1 O2,de-protonated,0,-9999,C29 H26 O2 N3 P1 S1,29,26,2,3,1,1,-9999,N/A,-9999,-9999,N/A,-9999
2479,510.141312,510.1413372153947,510.1417706184591,1871525.4,-9999,263635.3,13.6,-1,-0.8495737643015234,0.8772482749216323,0.9439568541887556,0.9039317066284815,20,0.8518518518518519,0.14814814814814814,13C1 N4 P1 O4,de-protonated,1,2470,C27 H23 O4 N4 P1 13C1,27,23,4,4,1,-9999,1,N/A,-9999,-9999,N/A,-9999
2479,510.141312,510.1413372153947,510.1414992922992,1871525.4,-9999,263635.3,13.6,-1,-0.3177097034808872,0.6545675831618964,0.9303181296970192,0.7648678017759456,6,1.7647058823529411,0.5294117647058824,13C1 N4 S2 O9,de-protonated,1,2470,C17 H30 O9 N4 S2 13C1,17,30,9,4,-9999,2,1,N/A,-9999,-9999,N/A,-9999
2480,510.177997,510.1780222444752,510.17768809715915,1934268.4,-9999,184084.8,14.11,-1,0.6549626215236289,0.9251150802588428,0.958388305186639,0.9384243702299612,13,1.25,0.07142857142857142,13C1 S2 P1 O2,de-protonated,1,2474,C28 H35 O2 P1 S2 13C1,28,35,2,-9999,1,2,1,N/A,-9999,-9999,N/A,-9999
2480,510.177997,510.1780222444752,510.177824442779,1934268.4,-9999,184084.8,14.11,-1,0.3877112775992082,0.9730932411798274,0,0.5838559447078965,13,1.1785714285714286,0.14285714285714285,N1 S2 O4,de-protonated,0,-9999,C28 H33 O4 N1 S2,28,33,4,1,-9999,2,-9999,N/A,-9999,-9999,N/A,-9999
2480,510.177997,510.1780222444752,510.1779573845091,1934268.4,-9999,184084.8,14.11,-1,0.12713204311303428,0.997071621465828,0,0.5982429728794968,0,2.235294117647059,0.7058823529411765,N1 S1 P1 O12,de-protonated,0,-9999,C17 H38 O12 N1 P1 S1,17,38,12,1,1,1,-9999,N/A,-9999,-9999,N/A,-9999
2480,510.177997,510.1780222444752,510.17815612780913,1934268.4,-9999,184084.8,14.11,-1,-0.2624246693757999,0.9875819744673402,0.958388305186639,0.9759045067550596,19,0.9642857142857144,0.10714285714285714,13C1 N4 P1 O3,de-protonated,1,2474,C28 H27 O3 N4 P1 13C1,28,27,3,4,1,-9999,1,N/A,-9999,-9999,N/A,-9999
2480,510.177997,510.1780222444752,510.1778848016491,1934268.4,-9999,184084.8,14.11,-1,0.2694017717777877,0.986917274263816,0.9733138060216652,0.9814758869669556,5,1.8888888888888888,0.4444444444444444,13C1 N4 S2 O8,de-protonated,1,2474,C18 H34 O8 N4 S2 13C1,18,34,8,4,-9999,2,1,N/A,-9999,-9999,N/A,-9999
2481,511.020533,511.0205589123607,511.02013732225913,1966030,-9999,246167.9,14.36,-1,0.824997041724943,0.8838237390472512,0,0.5302942434283507,18,0.5714285714285714,0.47619047619047616,N4 S1 O10,de-protonated,0,-9999,C21 H12 O10 N4 S1,21,12,10,4,-9999,1,-9999,N/A,-9999,-9999,N/A,-9999
2482,511.079876,511.0799019594024,511.0798244768991,2970867.3,-9999,238876.4,22.51,-1,0.15160548230528192,0.4979191136714915,0.719752637322661,0.5866525231319593,29,0.4444444444444444,0.05555555555555555,S1 O2,de-protonated,0,-9999,C36 H16 O2 S1,36,16,2,-9999,-9999,1,-9999,N/A,-9999,-9999,N/A,-9999
2482,511.079876,511.0799019594024,511.07995741862914,2970867.3,-9999,238876.4,22.51,-1,-0.1085137970147812,0.49893283916493625,0.7871578612348809,0.6142228479929142,16,0.84,0.4,P1 O10,de-protonated,0,-9999,C25 H21 O10 P1,25,21,10,-9999,1,-9999,-9999,N/A,-9999,-9999,N/A,-9999
2483,511.081036,511.0810619603219,511.0808267984991,4828404,-9999,254223.2,37.58,-1,0.46012648187051475,0.4811564319223358,0.7805128205128198,0.6008989873585294,15,0.9615384615384616,0.19230769230769232,S2 P1 O5,de-protonated,0,-9999,C26 H25 O5 P1 S2,26,25,5,-9999,1,2,-9999,N/A,-9999,-9999,N/A,-9999
2483,511.081036,511.0810619603219,511.08129482914904,4828404,-9999,254223.2,37.58,-1,-0.4556395029450469,0.4815153047459366,0.7805128205128198,0.6011143110526899,21,0.6538461538461539,0.2307692307692308,N4 P1 O6,de-protonated,0,-9999,C26 H17 O6 N4 P1,26,17,6,4,1,-9999,-9999,N/A,-9999,-9999,N/A,-9999
2483,511.081036,511.0810619603219,511.0810235029891,4828404,-9999,254223.2,37.58,-1,0.07524703718064704,0.4994865719791188,0.8524773804394659,0.6406828953632576,7,1.5,0.6875,N4 S2 O11,de-protonated,0,-9999,C16 H24 O11 N4 S2,16,24,11,4,-9999,2,-9999,N/A,-9999,-9999,N/A,-9999
2484,511.096502,511.0965279725819,511.096082939789,1906941.9,-9999,220458,13.88,-1,0.8707419363596981,0.8714708564758686,0,0.5228825138855212,19,0.8333333333333334,0.06666666666666667,S2 P1 O2,de-protonated,0,-9999,C30 H25 O2 P1 S2,30,25,2,-9999,1,2,-9999,N/A,-9999,-9999,N/A,-9999
2484,511.096502,511.0965279725819,511.0969310929591,1906941.9,-9999,220458,13.88,-1,-0.7887356636660678,0.8932578946865466,0,0.535954736811928,20,0.7142857142857143,0.21428571428571427,N2 S1 O6,de-protonated,0,-9999,C28 H20 O6 N2 S1,28,20,6,2,-9999,1,-9999,N/A,-9999,-9999,N/A,-9999
2484,511.096502,511.0965279725819,511.09655097043907,1906941.9,-9999,220458,13.88,-1,-0.04499708924253715,0.9996326814204564,0,0.5997796088522738,25,0.5666666666666667,0.1,N4 P1 O3,de-protonated,0,-9999,C30 H17 O3 N4 P1,30,17,3,4,1,-9999,-9999,N/A,-9999,-9999,N/A,-9999
2484,511.096502,511.0965279725819,511.09627964427904,1906941.9,-9999,220458,13.88,-1,0.48587382222635145,0.958069263937537,0,0.5748415583625222,11,1.2,0.4,N4 S2 O8,de-protonated,0,-9999,C20 H24 O8 N4 S2,20,24,8,4,-9999,2,-9999,N/A,-9999,-9999,N/A,-9999
2485,511.117257,511.1172829890346,511.1172123078491,6927371,-9999,165601.9,54.61,-1,0.13828762520438778,0.9857600875612323,0.9951283544732272,0.9895073943260304,14,1.0740740740740742,0.14814814814814814,S2 P1 O4,de-protonated,0,-9999,C27 H29 O4 P1 S2,27,29,4,-9999,1,2,-9999,N/A,-9999,-9999,N/A,-9999
2485,511.117257,511.1172829890346,511.1176803384992,6927371,-9999,165601.9,54.61,-1,-0.7774128734621851,0.44806836225987173,0.7739790330151772,0.578432630561994,20,0.7777777777777778,0.18518518518518515,N4 P1 O5,de-protonated,0,-9999,C27 H21 O5 N4 P1,27,21,5,4,1,-9999,-9999,N/A,-9999,-9999,N/A,-9999
2485,511.117257,511.1172829890346,511.1174090123391,6927371,-9999,165601.9,54.61,-1,-0.24656429676460695,0.9450431577906532,0.9341614708916766,0.9406904830310624,6,1.6470588235294117,0.5882352941176471,N4 S2 O10,de-protonated,0,-9999,C17 H28 O10 N4 S2,17,28,10,4,-9999,2,-9999,N/A,-9999,-9999,N/A,-9999
2486,511.124036,511.1240619944084,511.12393368778913,2447631.3,-9999,244447.1,18.27,-1,0.2510283921716581,0.9886310851493552,0,0.5931786510896131,6,1.5555555555555556,0.7222222222222222,N2 S1 O13,de-protonated,0,-9999,C18 H28 O13 N2 S1,18,28,13,2,-9999,1,-9999,N/A,-9999,-9999,N/A,-9999
2486,511.124036,511.1240619944084,511.1244229451392,2447631.3,-9999,244447.1,18.27,-1,-0.7061895589226649,0.9134842634415836,0,0.5480905580649502,10,1.380952380952381,0.23809523809523808,N4 S2 P1 O5,de-protonated,0,-9999,C21 H29 O5 N4 P1 S2,21,29,5,4,1,2,-9999,N/A,-9999,-9999,N/A,-9999
2486,511.124036,511.1240619944084,511.1235535652691,2447631.3,-9999,244447.1,18.27,-1,0.9947284482496456,0.8356539421808282,0,0.501392365308497,11,1.25,0.5,N4 P1 O10,de-protonated,0,-9999,C20 H25 O10 N4 P1,20,25,10,4,1,-9999,-9999,N/A,-9999,-9999,N/A,-9999
2487,511.145482,511.1455080114088,511.14571450452905,7322908.5,-9999,178267.7,57.81,-1,-0.40398092827874826,0.4854108111404403,0.8007932653391621,0.611563792819929,10,1.2173913043478262,0.5652173913043478,O13,de-protonated,0,-9999,C23 H28 O13,23,28,13,-9999,-9999,-9999,-9999,N/A,-9999,-9999,N/A,-9999
2487,511.145482,511.1455080114088,511.1452014402791,7322908.5,-9999,178267.7,57.81,-1,0.5997730759536076,0.9675260184226232,0.9727013995566324,0.9695961708762268,28,0.5555555555555556,0.05555555555555555,N2 O2,de-protonated,0,-9999,C36 H20 O2 N2,36,20,2,2,-9999,-9999,-9999,N/A,-9999,-9999,N/A,-9999
2487,511.145482,511.1455080114088,511.14555231319906,7322908.5,-9999,178267.7,57.81,-1,-0.08667157532595905,0.9465973351778184,0.9100091868310944,0.9319620758391288,5,1.8333333333333333,0.3888888888888889,N4 S2 P1 O7,de-protonated,0,-9999,C18 H33 O7 N4 P1 S2,18,33,7,4,1,2,-9999,N/A,-9999,-9999,N/A,-9999
2488,511.153722,511.1537480179408,511.1535978171991,7890210,-9999,186570.9,62.42,-1,0.29384658991898166,0.9905432210157572,0.943783874929204,0.971839482581136,13,1.1785714285714286,0.10714285714285714,S2 P1 O3,de-protonated,0,-9999,C28 H33 O3 P1 S2,28,33,3,-9999,1,2,-9999,N/A,-9999,-9999,N/A,-9999
2488,511.153722,511.1537480179408,511.1540658478491,7890210,-9999,186570.9,62.42,-1,-0.6217888688214438,0.4661260792049982,0.7675537279851021,0.5866971387170398,19,0.8928571428571429,0.14285714285714285,N4 P1 O4,de-protonated,0,-9999,C28 H25 O4 N4 P1,28,25,4,4,1,-9999,-9999,N/A,-9999,-9999,N/A,-9999
2488,511.153722,511.1537480179408,511.1537945216891,7890210,-9999,186570.9,62.42,-1,-0.0909779969618105,0.9752709269311884,0.9867278021209636,0.9798536770070984,5,1.7777777777777777,0.5,N4 S2 O9,de-protonated,0,-9999,C18 H32 O9 N4 S2,18,32,9,4,-9999,2,-9999,N/A,-9999,-9999,N/A,-9999
2489,511.180519,511.18054503918296,511.18093550094915,1852146.8,-9999,263672.3,13.44,-1,-0.7638425830665098,0.8995440703732921,0,0.5397264422239753,18,0.9655172413793104,0.10344827586206896,N4 S1 O3,de-protonated,0,-9999,C29 H28 O3 N4 S1,29,28,3,4,-9999,1,-9999,N/A,-9999,-9999,N/A,-9999
2490,511.181893,511.18191904027213,511.18210001387905,2482483.8,-9999,223539.3,18.55,-1,-0.3540296244945873,0.9775144257181354,0,0.5865086554308813,9,1.3333333333333333,0.5,O12,de-protonated,0,-9999,C24 H32 O12,24,32,12,-9999,-9999,-9999,-9999,N/A,-9999,-9999,N/A,-9999
2490,511.181893,511.18191904027213,511.1815869496291,2482483.8,-9999,223539.3,18.55,-1,0.6496529834406216,0.4631392950199886,0.7141928963326544,0.5635607355450549,27,0.6486486486486487,0.02702702702702703,N2 O1,de-protonated,0,-9999,C37 H24 O1 N2,37,24,1,2,-9999,-9999,-9999,N/A,-9999,-9999,N/A,-9999
2490,511.181893,511.18191904027213,511.1814485651991,2482483.8,-9999,223539.3,18.55,-1,0.920368050034522,0.857528322003012,0,0.5145169932018072,0,2.25,0.875,N2 S1 O14,de-protonated,0,-9999,C16 H36 O14 N2 S1,16,36,14,2,-9999,1,-9999,N/A,-9999,-9999,N/A,-9999
2490,511.181893,511.18191904027213,511.18193782254906,2482483.8,-9999,223539.3,18.55,-1,-0.03674284151132692,0.9997550676691472,0,0.5998530406014884,4,1.9473684210526316,0.3157894736842105,N4 S2 P1 O6,de-protonated,0,-9999,C19 H37 O6 N4 P1 S2,19,37,6,4,1,2,-9999,N/A,-9999,-9999,N/A,-9999
2491,511.189581,511.18960704636646,511.189983326549,5515576.5,-9999,252767.1,43.15,-1,-0.7360867677558238,0.4531824910958966,0.7612342259156646,0.5764031850238038,12,1.2758620689655171,0.06896551724137931,S2 P1 O2,de-protonated,0,-9999,C29 H37 O2 P1 S2,29,37,2,-9999,1,2,-9999,N/A,-9999,-9999,N/A,-9999
2491,511.189581,511.18960704636646,511.189113946679,5515576.5,-9999,252767.1,43.15,-1,0.9646130443572172,0.42232452228243833,0.7675537279851021,0.5604162045635039,13,1.1785714285714286,0.25,P1 O7,de-protonated,0,-9999,C28 H33 O7 P1,28,33,7,-9999,1,-9999,-9999,N/A,-9999,-9999,N/A,-9999
2491,511.189581,511.18960704636646,511.18931065116914,5515576.5,-9999,252767.1,43.15,-1,0.5798149357753888,0.4704114355414998,0.8370420509349343,0.6170636816988736,5,1.7777777777777777,0.7222222222222222,N4 O13,de-protonated,0,-9999,C18 H32 O13 N4,18,32,13,4,-9999,-9999,-9999,N/A,-9999,-9999,N/A,-9999
2492,511.216984,511.2170100680891,511.21732101029914,1707849.6,-9999,330253.6,12.26,-1,-0.6082388003220109,0.935075740763953,0,0.5610454444583718,17,1.0666666666666669,0.06666666666666667,N4 S1 O2,de-protonated,0,-9999,C30 H32 O2 N4 S1,30,32,2,4,-9999,1,-9999,N/A,-9999,-9999,N/A,-9999
2492,511.216984,511.2170100680891,511.2174539520291,1707849.6,-9999,330253.6,12.26,-1,-0.8682879204024002,0.8721459427473242,0,0.5232875656483945,4,1.9473684210526316,0.5263157894736842,N4 P1 O10,de-protonated,0,-9999,C19 H37 O10 N4 P1,19,37,10,4,1,-9999,-9999,N/A,-9999,-9999,N/A,-9999
2493,511.224895,511.22492107436017,511.22484800734907,1831758.6,-9999,366061.1,13.27,-1,0.14292539062978388,0.9963002874702024,0,0.5977801724821213,3,1.9523809523809523,0.380952380952381,N2 S1 P1 O8,de-protonated,0,-9999,C21 H41 O8 N2 P1 S1,21,41,8,2,1,1,-9999,N/A,-9999,-9999,N/A,-9999
2494,511.226556,511.2265820756769,511.2263688358991,2575695.8,-9999,235904.3,19.3,-1,0.41711419987649273,0.4844619452059773,0.7550179348240813,0.5926843410532189,11,1.3666666666666667,0.03333333333333333,S2 P1 O1,de-protonated,0,-9999,C30 H41 O1 P1 S2,30,41,1,-9999,1,2,-9999,N/A,-9999,-9999,N/A,-9999
2494,511.226556,511.2265820756769,511.22683686654904,2575695.8,-9999,235904.3,19.3,-1,-0.4983910345858694,0.47796494920325744,0.7550179348240813,0.5887861434515871,17,1.1,0.06666666666666667,N4 P1 O2,de-protonated,0,-9999,C30 H33 O2 N4 P1,30,33,2,4,1,-9999,-9999,N/A,-9999,-9999,N/A,-9999
2494,511.226556,511.2265820756769,511.2265655403891,2575695.8,-9999,235904.3,19.3,-1,0.03234434377810076,0.999810194279278,0,0.5998861165675667,3,2,0.35,N4 S2 O7,de-protonated,0,-9999,C20 H40 O7 N4 S2,20,40,7,4,-9999,2,-9999,N/A,-9999,-9999,N/A,-9999
2495,512.120349,512.1203757841943,512.1205671429191,1966979.6,-9999,275978.9,14.36,-1,-0.3736595190328787,0.9749840898959536,0.9951283544732272,0.9830417957268632,14,1.1153846153846154,0.15384615384615383,13C1 S2 P1 O4,de-protonated,1,2485,C26 H29 O4 P1 S2 13C1,26,29,4,-9999,1,2,1,N/A,-9999,-9999,N/A,-9999
2495,512.120349,512.1203757841943,512.1207034885391,1966979.6,-9999,275978.9,14.36,-1,-0.6398966935106033,0.9283955567908088,0,0.5570373340744852,14,1.0384615384615383,0.2307692307692308,N1 S2 O6,de-protonated,0,-9999,C26 H27 O6 N1 S2,26,27,6,1,-9999,2,-9999,N/A,-9999,-9999,N/A,-9999
2495,512.120349,512.1203757841943,512.120836430269,1966979.6,-9999,275978.9,14.36,-1,-0.8994870780533898,0.8634615077290969,0,0.5180769046374581,1,2.1333333333333333,0.9333333333333332,N1 S1 P1 O14,de-protonated,0,-9999,C15 H32 O14 N1 P1 S1,15,32,14,1,1,1,-9999,N/A,-9999,-9999,N/A,-9999
2495,512.120349,512.1203757841943,512.1203233660191,1966979.6,-9999,275978.9,14.36,-1,0.10235519426871412,0.9981008429559752,0,0.5988605057735852,19,0.8571428571428571,0.10714285714285714,N3 S1 P1 O3,de-protonated,0,-9999,C28 H24 O3 N3 P1 S1,28,24,3,3,1,1,-9999,N/A,-9999,-9999,N/A,-9999
2495,512.120349,512.1203757841943,512.1207638474091,1966979.6,-9999,275978.9,14.36,-1,-0.7577572365909964,0.901056680193714,0.9341614708916766,0.9142985964728988,6,1.75,0.625,13C1 N4 S2 O10,de-protonated,1,2485,C16 H28 O10 N4 S2 13C1,16,28,10,4,-9999,2,1,N/A,-9999,-9999,N/A,-9999
2496,512.148479,512.1485058064931,512.148846789399,2479509.5,-9999,192523.9,18.52,-1,-0.6657886825666554,0.9227180260672464,0,0.5536308156403478,13,1.1851851851851851,0.1111111111111111,N1 S2 P1 O3,de-protonated,0,-9999,C27 H32 O3 N1 P1 S2,27,32,3,1,1,2,-9999,N/A,-9999,-9999,N/A,-9999
2496,512.148479,512.1485058064931,512.148556275349,2479509.5,-9999,192523.9,18.52,-1,-0.09854339208846602,0.9982395395060774,0.9727013995566324,0.9880242835262992,28,0.5714285714285714,0.05714285714285714,13C1 N2 O2,de-protonated,1,2487,C35 H20 O2 N2 13C1,35,20,2,2,-9999,-9999,1,N/A,-9999,-9999,N/A,-9999
2496,512.148479,512.1485058064931,512.1489071482691,2479509.5,-9999,192523.9,18.52,-1,-0.7836427462153801,0.8945567774754682,0.9100091868310944,0.9007377412177188,5,1.9411764705882353,0.4117647058823529,13C1 N4 S2 P1 O7,de-protonated,1,2487,C17 H33 O7 N4 P1 S2 13C1,17,33,7,4,1,2,1,N/A,-9999,-9999,N/A,-9999
2497,512.156856,512.1568828131336,512.1569526522691,1687962.8,-9999,252159.1,12.1,-1,-0.13636275967226572,0.9966316831140408,0.943783874929204,0.975492559840106,13,1.2222222222222223,0.1111111111111111,13C1 S2 P1 O3,de-protonated,1,2488,C27 H33 O3 P1 S2 13C1,27,33,3,-9999,1,2,1,N/A,-9999,-9999,N/A,-9999
2497,512.156856,512.1568828131336,512.157088997889,1687962.8,-9999,252159.1,12.1,-1,-0.4025810826399327,0.9710205318456908,0,0.5826123191074145,13,1.148148148148148,0.18518518518518515,N1 S2 O5,de-protonated,0,-9999,C27 H31 O5 N1 S2,27,31,5,1,-9999,2,-9999,N/A,-9999,-9999,N/A,-9999
2497,512.156856,512.1568828131336,512.157221939619,1687962.8,-9999,252159.1,12.1,-1,-0.6621530867613837,0.9235266892954708,0,0.5541160135772824,0,2.25,0.8125,N1 S1 P1 O13,de-protonated,0,-9999,C16 H36 O13 N1 P1 S1,16,36,13,1,1,1,-9999,N/A,-9999,-9999,N/A,-9999
2497,512.156856,512.1568828131336,512.1567088753691,1687962.8,-9999,252159.1,12.1,-1,0.3396182487299593,0.9792890868353392,0,0.5875734521012035,18,0.9655172413793104,0.06896551724137931,N3 S1 P1 O2,de-protonated,0,-9999,C29 H28 O2 N3 P1 S1,29,28,2,3,1,1,-9999,N/A,-9999,-9999,N/A,-9999
2497,512.156856,512.1568828131336,512.1571493567591,1687962.8,-9999,252159.1,12.1,-1,-0.520433280668209,0.9520425766882988,0.9867278021209636,0.9659166668613648,5,1.8823529411764703,0.5294117647058824,13C1 N4 S2 O9,de-protonated,1,2488,C17 H32 O9 N4 S2 13C1,17,32,9,4,-9999,2,1,N/A,-9999,-9999,N/A,-9999
2499,513.059672,513.0596995288037,513.060091353609,1800150,-9999,274798.5,13,-1,-0.763701585687314,0.8995792255735746,0,0.5397475353441448,15,0.92,0.24,S2 P1 O6,de-protonated,0,-9999,C25 H23 O6 P1 S2,25,23,6,-9999,1,2,-9999,N/A,-9999,-9999,N/A,-9999
2499,513.059672,513.0596995288037,513.059221973739,1800150,-9999,274798.5,13,-1,0.9307991050732576,0.8545290519180241,0,0.5127174311508145,16,0.7916666666666666,0.4583333333333333,P1 O11,de-protonated,0,-9999,C24 H19 O11 P1,24,19,11,-9999,1,-9999,-9999,N/A,-9999,-9999,N/A,-9999
2500,513.075254,513.0752815411556,513.075347494899,2222560,-9999,202941,16.43,-1,-0.12854592158754402,0.997006222433304,0,0.5982037334599825,19,0.7931034482758621,0.10344827586206896,S2 P1 O3,de-protonated,0,-9999,C29 H23 O3 P1 S2,29,23,3,-9999,1,2,-9999,N/A,-9999,-9999,N/A,-9999
2500,513.075254,513.0752815411556,513.075544199389,2222560,-9999,202941,16.43,-1,-0.5119289671189686,0.9535604221165715,0,0.572136253269943,11,1.1578947368421053,0.47368421052631576,N4 S2 O9,de-protonated,0,-9999,C19 H22 O9 N4 S2,19,22,9,4,-9999,2,-9999,N/A,-9999,-9999,N/A,-9999
2501,513.094961,513.0949885567775,513.0954745413591,3066348.5,-9999,366833.3,23.27,-1,-0.9471620891250796,0.4248888369381571,0.719752637322661,0.5428343570919587,28,0.5,0.05555555555555555,S1 O2,de-protonated,0,-9999,C36 H18 O2 S1,36,18,2,-9999,-9999,1,-9999,N/A,-9999,-9999,N/A,-9999
2501,513.094961,513.0949885567775,513.0948230926791,3066348.5,-9999,366833.3,23.27,-1,0.32248249429119213,0.49065358521893343,0.7675537279851021,0.6014136423254008,19,0.7857142857142857,0.14285714285714285,N2 S2 O4,de-protonated,0,-9999,C28 H22 O4 N2 S2,28,22,4,2,-9999,2,-9999,N/A,-9999,-9999,N/A,-9999
2501,513.094961,513.0949885567775,513.094956034409,3066348.5,-9999,366833.3,23.27,-1,0.06338469721063428,0.999271273807842,0,0.5995627642847051,6,1.588235294117647,0.7058823529411765,N2 S1 P1 O12,de-protonated,0,-9999,C17 H27 O12 N2 P1 S1,17,27,12,2,1,1,-9999,N/A,-9999,-9999,N/A,-9999
2502,513.096332,513.0963595578643,513.0964768629591,4950509.5,-9999,239208.7,38.56,-1,-0.2286219066157248,0.4952804376277967,0.7805128205128199,0.609373390781806,14,1.0384615384615383,0.19230769230769232,S2 P1 O5,de-protonated,0,-9999,C26 H27 O5 P1 S2,26,27,5,-9999,1,2,-9999,N/A,-9999,-9999,N/A,-9999
2502,513.096332,513.0963595578643,513.0966735674491,4950509.5,-9999,239208.7,38.56,-1,-0.6119891260323235,0.46714980913661247,0.8524773804394659,0.6212808376577539,6,1.625,0.6875,N4 S2 O11,de-protonated,0,-9999,C16 H26 O11 N4 S2,16,26,11,4,-9999,2,-9999,N/A,-9999,-9999,N/A,-9999
2503,513.111034,513.1110615695187,513.110863624379,2014966.8,-9999,287032.3,14.75,-1,0.38577460296004734,0.973357772052092,0,0.5840146632312552,19,0.7931034482758621,0.2413793103448276,P1 O7,de-protonated,0,-9999,C29 H23 O7 P1,29,23,7,-9999,1,-9999,-9999,N/A,-9999,-9999,N/A,-9999
2503,513.111034,513.1110615695187,513.110592298219,2014966.8,-9999,287032.3,14.75,-1,0.9145617080702284,0.8591876957338559,0,0.5155126174403135,5,1.5789473684210529,0.631578947368421,S2 O12,de-protonated,0,-9999,C19 H30 O12 S2,19,30,12,-9999,-9999,2,-9999,N/A,-9999,-9999,N/A,-9999
2503,513.111034,513.1110615695187,513.111060328869,2014966.8,-9999,287032.3,14.75,-1,0.00241789697530963,0.9999989392105744,0,0.5999993635263446,11,1.1578947368421053,0.6842105263157895,N4 O13,de-protonated,0,-9999,C19 H22 O13 N4,19,22,13,4,-9999,-9999,-9999,N/A,-9999,-9999,N/A,-9999
2504,513.11236,513.1123875705698,513.1125811574191,1792759.5,-9999,315780.2,12.94,-1,-0.3772794828516342,0.9745033024207068,0,0.5847019814524241,19,0.7857142857142857,0.21428571428571427,N2 S1 O6,de-protonated,0,-9999,C28 H22 O6 N2 S1,28,22,6,2,-9999,1,-9999,N/A,-9999,-9999,N/A,-9999
2504,513.11236,513.1123875705698,513.112714099149,1792759.5,-9999,315780.2,12.94,-1,-0.6363681316439246,0.929154488795892,0,0.5574926932775351,6,1.588235294117647,0.8235294117647058,N2 P1 O14,de-protonated,0,-9999,C17 H27 O14 N2 P1,17,27,14,2,1,-9999,-9999,N/A,-9999,-9999,N/A,-9999
2504,513.11236,513.1123875705698,513.112201034899,1792759.5,-9999,315780.2,12.94,-1,0.36353778060190867,0.9763050333761736,0,0.585783020025704,24,0.6333333333333333,0.1,N4 P1 O3,de-protonated,0,-9999,C30 H19 O3 N4 P1,30,19,3,4,1,-9999,-9999,N/A,-9999,-9999,N/A,-9999
2504,513.11236,513.1123875705698,513.111929708739,1792759.5,-9999,315780.2,12.94,-1,0.8923234956861955,0.8654748842786387,0,0.5192849305671832,10,1.3,0.4,N4 S2 O8,de-protonated,0,-9999,C20 H26 O8 N4 S2,20,26,8,4,-9999,2,-9999,N/A,-9999,-9999,N/A,-9999
2505,513.132794,513.132821586768,513.132862372309,5551364.5,-9999,153632.3,43.43,-1,-0.07948339294341994,0.4994271673928072,0.7739790330151771,0.6092479136417552,13,1.148148148148148,0.14814814814814814,S2 P1 O4,de-protonated,0,-9999,C27 H31 O4 P1 S2,27,31,4,-9999,1,2,-9999,N/A,-9999,-9999,N/A,-9999
2505,513.132794,513.132821586768,513.133330402959,5551364.5,-9999,153632.3,43.43,-1,-0.9915867101694014,0.4183003559207122,0.7739790330151771,0.5605718267584981,19,0.8518518518518519,0.18518518518518515,N4 P1 O5,de-protonated,0,-9999,C27 H23 O5 N4 P1,27,23,5,4,1,-9999,-9999,N/A,-9999,-9999,N/A,-9999
2505,513.132794,513.132821586768,513.133059076799,5551364.5,-9999,153632.3,43.43,-1,-0.462823485525984,0.4809391609317815,0.8446892076502734,0.6264391796191783,5,1.7647058823529411,0.5882352941176471,N4 S2 O10,de-protonated,0,-9999,C17 H30 O10 N4 S2,17,30,10,4,-9999,2,-9999,N/A,-9999,-9999,N/A,-9999
2506,513.135018,513.1350455885309,513.135231354029,1692421.9,-9999,386971,12.13,-1,-0.3620205487374176,0.9765000658901212,0,0.5859000395340727,22,0.7647058823529411,0.02941176470588235,S2 O1,de-protonated,0,-9999,C34 H26 O1 S2,34,26,1,-9999,-9999,2,-9999,N/A,-9999,-9999,N/A,-9999
2506,513.135018,513.1350455885309,513.135364295759,1692421.9,-9999,386971,12.13,-1,-0.6210977653287589,0.9323974684678948,0,0.5594384810807369,9,1.3478260869565215,0.391304347826087,S1 P1 O9,de-protonated,0,-9999,C23 H31 O9 P1 S1,23,31,9,-9999,1,1,-9999,N/A,-9999,-9999,N/A,-9999
2506,513.135018,513.1350455885309,513.1347128470791,1692421.9,-9999,386971,12.13,-1,0.6484485331826492,0.9265414077249264,0,0.555924844634956,0,2.3333333333333335,0.7333333333333333,N2 S2 P1 O11,de-protonated,0,-9999,C15 H35 O11 N2 P1 S2,15,35,11,2,1,2,-9999,N/A,-9999,-9999,N/A,-9999
2507,513.141403,513.1414305935924,513.141375906959,2377482,-9999,313452.4,17.69,-1,0.1065722548001237,0.4989706460987674,0.7141928963326545,0.5850595461923223,27,0.6216216216216216,0.02702702702702703,P1 O1,de-protonated,0,-9999,C37 H23 O1 P1,37,23,1,-9999,1,-9999,-9999,N/A,-9999,-9999,N/A,-9999
2507,513.141403,513.1414305935924,513.1411045807989,2377482,-9999,313452.4,17.69,-1,0.6353277696589448,0.9293775693082996,0,0.5576265415849798,13,1.1111111111111112,0.2222222222222222,S2 O6,de-protonated,0,-9999,C27 H30 O6 S2,27,30,6,-9999,-9999,2,-9999,N/A,-9999,-9999,N/A,-9999
2507,513.141403,513.1414305935924,513.1412375225291,2377482,-9999,313452.4,17.69,-1,0.3762532597616764,0.9746400474417796,0,0.5847840284650678,0,2.1875,0.875,S1 P1 O14,de-protonated,0,-9999,C16 H35 O14 P1 S1,16,35,14,-9999,1,1,-9999,N/A,-9999,-9999,N/A,-9999
2507,513.141403,513.1414305935924,513.1415726114491,2377482,-9999,313452.4,17.69,-1,-0.27676154932782077,0.9861977202022104,0,0.5917186321213262,19,0.8148148148148148,0.25925925925925924,N4 O7,de-protonated,0,-9999,C27 H22 O7 N4,27,22,7,4,-9999,-9999,-9999,N/A,-9999,-9999,N/A,-9999
2508,513.142493,513.1425205944565,513.142955055569,2360842.5,-9999,285702.3,17.55,-1,-0.8466668171321422,0.8780335019424446,0,0.5268201011654667,0,2.2666666666666666,0.8666666666666667,N2 S2 O13,de-protonated,0,-9999,C15 H34 O13 N2 S2,15,34,13,2,-9999,2,-9999,N/A,-9999,-9999,N/A,-9999
2508,513.142493,513.1425205944565,513.1424419913191,2360842.5,-9999,285702.3,17.55,-1,0.15317995752270178,0.99575152042298,0,0.597450912253788,18,0.9285714285714286,0.07142857142857142,N4 S2 O2,de-protonated,0,-9999,C28 H26 O2 N4 S2,28,26,2,4,-9999,2,-9999,N/A,-9999,-9999,N/A,-9999
2508,513.142493,513.1425205944565,513.1425749330491,2360842.5,-9999,285702.3,17.55,-1,-0.10589375201177025,0.9979673961093504,0,0.5987804376656102,5,1.8235294117647056,0.5882352941176471,N4 S1 P1 O10,de-protonated,0,-9999,C17 H31 O10 N4 P1 S1,17,31,10,4,1,1,-9999,N/A,-9999,-9999,N/A,-9999
2509,513.148369,513.1483965991144,513.148118513599,1978894.4,-9999,229996.4,14.45,-1,0.5419205594136399,0.9481074229185308,0,0.5688644537511185,17,1,0.03225806451612903,S2 P1 O1,de-protonated,0,-9999,C31 H31 O1 P1 S2,31,31,1,-9999,1,2,-9999,N/A,-9999,-9999,N/A,-9999
2509,513.148369,513.1483965991144,513.148586544249,1978894.4,-9999,229996.4,14.45,-1,-0.3701562073329284,0.9754451931307868,0,0.585267115878472,23,0.7419354838709677,0.06451612903225806,N4 P1 O2,de-protonated,0,-9999,C31 H23 O2 N4 P1,31,23,2,4,1,-9999,-9999,N/A,-9999,-9999,N/A,-9999
2509,513.148369,513.1483965991144,513.148315218089,1978894.4,-9999,229996.4,14.45,-1,0.15859162551073477,0.9954467267111315,0,0.5972680360266789,9,1.4285714285714286,0.3333333333333333,N4 S2 O7,de-protonated,0,-9999,C21 H30 O7 N4 S2,21,30,7,4,-9999,2,-9999,N/A,-9999,-9999,N/A,-9999
2510,513.159705,513.1597326081006,513.160200056059,2968597.5,-9999,331871.8,22.48,-1,-0.9109201343643302,0.43011233794923015,0.7675537279851021,0.565088893963579,18,0.9285714285714286,0.14285714285714285,N4 S1 O4,de-protonated,0,-9999,C28 H26 O4 N4 S1,28,26,4,4,-9999,1,-9999,N/A,-9999,-9999,N/A,-9999
2511,513.160999,513.1610266091263,513.161364568989,3391510.3,-9999,187671.8,25.91,-1,-0.6585839972082707,0.4621584681329589,0.8007932653391622,0.5976123870154402,9,1.3043478260869563,0.5652173913043478,O13,de-protonated,0,-9999,C23 H30 O13,23,30,13,-9999,-9999,-9999,-9999,N/A,-9999,-9999,N/A,-9999
2511,513.160999,513.1610266091263,513.1608515047391,3391510.3,-9999,187671.8,25.91,-1,0.34122709624838504,0.48954723398366423,0.719752637322661,0.5816293953192629,27,0.6111111111111112,0.05555555555555555,N2 O2,de-protonated,0,-9999,C36 H22 O2 N2,36,22,2,2,-9999,-9999,-9999,N/A,-9999,-9999,N/A,-9999
2511,513.160999,513.1610266091263,513.161202377659,3391510.3,-9999,187671.8,25.91,-1,-0.3425210867167974,0.9789372975423916,0,0.5873623785254349,4,1.9444444444444444,0.3888888888888889,N4 S2 P1 O7,de-protonated,0,-9999,C18 H35 O7 N4 P1 S2,18,35,7,4,1,2,-9999,N/A,-9999,-9999,N/A,-9999
2512,513.168535,513.1685626151003,513.168378501789,4058267.3,-9999,185015.5,31.32,-1,0.35877758457723596,0.4884571634271667,0.7739790330151772,0.6026659112623709,13,1.148148148148148,0.2962962962962963,P1 O8,de-protonated,0,-9999,C27 H31 O8 P1,27,31,8,-9999,1,-9999,-9999,N/A,-9999,-9999,N/A,-9999
2512,513.168535,513.1685626151003,513.168575206279,4058267.3,-9999,185015.5,31.32,-1,-0.02453614522881647,0.49994538489416346,0.8446892076502734,0.6378429139966075,5,1.7647058823529411,0.8235294117647058,N4 O14,de-protonated,0,-9999,C17 H30 O14 N4,17,30,14,4,-9999,-9999,-9999,N/A,-9999,-9999,N/A,-9999
2513,513.169522,513.1695496158827,513.1692478816591,4360732,-9999,264143.9,33.77,-1,0.5879818887662749,0.46959807459226793,0.7675537279851021,0.5887803359494016,12,1.25,0.10714285714285714,S2 P1 O3,de-protonated,0,-9999,C28 H35 O3 P1 S2,28,35,3,-9999,1,2,-9999,N/A,-9999,-9999,N/A,-9999
2513,513.169522,513.1695496158827,513.169715912309,4360732,-9999,264143.9,33.77,-1,-0.32405736570963595,0.4905629432996757,0.7675537279851021,0.6013592571738462,18,0.9642857142857144,0.14285714285714285,N4 P1 O4,de-protonated,0,-9999,C28 H27 O4 N4 P1,28,27,4,4,1,-9999,-9999,N/A,-9999,-9999,N/A,-9999
2513,513.169522,513.1695496158827,513.1694445861491,4360732,-9999,264143.9,33.77,-1,0.2046687204896118,0.49621402846899887,0.8370420509349343,0.632545237455373,4,1.8888888888888888,0.5,N4 S2 O9,de-protonated,0,-9999,C18 H34 O9 N4 S2,18,34,9,4,-9999,2,-9999,N/A,-9999,-9999,N/A,-9999
2514,513.184898,513.1849256280714,513.1853521761191,1797157.5,-9999,278143.2,12.98,-1,-0.8311773628964175,0.8821837786187414,0,0.5293102671712449,17,1,0.13333333333333333,N2 S1 O4,de-protonated,0,-9999,C30 H30 O4 N2 S1,30,30,4,2,-9999,1,-9999,N/A,-9999,-9999,N/A,-9999
2514,513.184898,513.1849256280714,513.184972053599,1797157.5,-9999,278143.2,12.98,-1,-0.090465485544735,0.998516125244317,0,0.5991096751465902,22,0.84375,0.03125,N4 P1 O1,de-protonated,0,-9999,C32 H27 O1 N4 P1,32,27,1,4,1,-9999,-9999,N/A,-9999,-9999,N/A,-9999
2514,513.184898,513.1849256280714,513.184700727439,1797157.5,-9999,278143.2,12.98,-1,0.4382450062172883,0.9657514305295486,0,0.5794508583177291,8,1.5454545454545454,0.2727272727272727,N4 S2 O6,de-protonated,0,-9999,C22 H34 O6 N4 S2,22,34,6,4,-9999,2,-9999,N/A,-9999,-9999,N/A,-9999
2516,513.197017,513.1970446376781,513.197237014089,2438189,-9999,251778.2,18.18,-1,-0.3748586254209174,0.4874126585592787,0.7141928963326545,0.5781247536686289,26,0.7027027027027027,0.02702702702702703,N2 O1,de-protonated,0,-9999,C37 H26 O1 N2,37,26,1,2,-9999,-9999,-9999,N/A,-9999,-9999,N/A,-9999
2516,513.197017,513.1970446376781,513.196585565409,2438189,-9999,251778.2,18.18,-1,0.8945349248638328,0.43242728213365905,0.7612342259156645,0.5639500596464613,17,1.0344827586206895,0.10344827586206896,N4 S1 O3,de-protonated,0,-9999,C29 H30 O3 N4 S1,29,30,3,4,-9999,1,-9999,N/A,-9999,-9999,N/A,-9999
2516,513.197017,513.1970446376781,513.196718507139,2438189,-9999,251778.2,18.18,-1,0.63548835622694,0.9293431557240508,0,0.5576058934344303,4,1.9444444444444444,0.6111111111111112,N4 P1 O11,de-protonated,0,-9999,C18 H35 O11 N4 P1,18,35,11,4,1,-9999,-9999,N/A,-9999,-9999,N/A,-9999
2517,513.198213,513.1982406386263,513.198619458209,2042413.9,-9999,418743.8,14.97,-1,-0.7381539394878698,0.905863931307322,0,0.5435183587843931,7,1.52,0.28,S2 O7,de-protonated,0,-9999,C25 H38 O7 S2,25,38,7,-9999,-9999,2,-9999,N/A,-9999,-9999,N/A,-9999
2517,513.198213,513.1982406386263,513.197750078339,2042413.9,-9999,418743.8,14.97,-1,0.955889395880381,0.8472206446324502,0,0.5083323867794701,8,1.4166666666666667,0.5,O12,de-protonated,0,-9999,C24 H34 O12,24,34,12,-9999,-9999,-9999,-9999,N/A,-9999,-9999,N/A,-9999
2517,513.198213,513.1982406386263,513.1982393356891,2042413.9,-9999,418743.8,14.97,-1,0.00253885754345623,0.9999988304191724,0,0.5999992982515034,12,1.2962962962962965,0.14814814814814814,N2 S1 P1 O4,de-protonated,0,-9999,C27 H35 O4 N2 P1 S1,27,35,4,2,1,1,-9999,N/A,-9999,-9999,N/A,-9999
2518,513.204056,513.2040836432581,513.203979620729,1837873.6,-9999,378459.7,13.31,-1,0.20269236636655052,0.9925730438795102,0,0.5955438263277061,16,1.096774193548387,0.03225806451612903,N2 S2 O1,de-protonated,0,-9999,C31 H34 O1 N2 S2,31,34,1,2,-9999,2,-9999,N/A,-9999,-9999,N/A,-9999
2518,513.204056,513.2040836432581,513.204112562459,1837873.6,-9999,378459.7,13.31,-1,-0.05635029080635267,0.9994240019075966,0,0.5996544011445579,3,1.95,0.45,N2 S1 P1 O9,de-protonated,0,-9999,C20 H39 O9 N2 P1 S1,20,39,9,2,1,1,-9999,N/A,-9999,-9999,N/A,-9999
2519,513.205059,513.2050866440532,513.204764011139,2279986.3,-9999,314718,16.9,-1,0.6286631317311109,0.9307992382686738,0,0.5584795429612043,12,1.25,0.25,P1 O7,de-protonated,0,-9999,C28 H35 O7 P1,28,35,7,-9999,1,-9999,-9999,N/A,-9999,-9999,N/A,-9999
2519,513.205059,513.2050866440532,513.204960715629,2279986.3,-9999,314718,16.9,-1,0.24537647488550207,0.989134505152779,0,0.5934807030916673,4,1.8888888888888888,0.7222222222222222,N4 O13,de-protonated,0,-9999,C18 H34 O13 N4,18,34,13,4,-9999,-9999,-9999,N/A,-9999,-9999,N/A,-9999
2520,513.20618,513.2062076449417,513.206481544179,2223155,-9999,350648.5,16.43,-1,-0.5337018279184055,0.9496294569470378,0,0.5697776741682227,12,1.2592592592592593,0.2222222222222222,N2 S1 O6,de-protonated,0,-9999,C27 H34 O6 N2 S1,27,34,6,2,-9999,1,-9999,N/A,-9999,-9999,N/A,-9999
2520,513.20618,513.2062076449417,513.206101421659,2223155,-9999,350648.5,16.43,-1,0.20697977368891252,0.9922567591114724,0,0.5953540554668834,17,1.0689655172413792,0.10344827586206896,N4 P1 O3,de-protonated,0,-9999,C29 H31 O3 N4 P1,29,31,3,4,1,-9999,-9999,N/A,-9999,-9999,N/A,-9999
2520,513.20618,513.2062076449417,513.205830095499,2223155,-9999,350648.5,16.43,-1,0.7356686549912581,0.9064661891246176,0,0.5438797134747706,3,2,0.42105263157894735,N4 S2 O8,de-protonated,0,-9999,C19 H38 O8 N4 S2,19,38,8,4,-9999,2,-9999,N/A,-9999,-9999,N/A,-9999
2522,514.9375,514.937529017374,514.937410017959,1843072,-9999,274195.9,13.34,-1,0.23109491113492267,0.9903565577834232,0,0.5942139346700539,14,0.6,0.7333333333333333,N4 S2 P1 O11,de-protonated,0,-9999,C15 H9 O11 N4 P1 S2,15,9,11,4,1,2,-9999,N/A,-9999,-9999,N/A,-9999
2523,515.027977,515.0280060890958,515.0283192239191,8750778,-9999,191980.8,69.38,-1,-0.6079953501287649,0.31170865986794144,0.7989013330709024,0.5065857291491258,7,1.3333333333333333,0.9333333333333332,N2 S2 O14,de-protonated,0,-9999,C15 H20 O14 N2 S2,15,20,14,2,-9999,2,-9999,N/A,-9999,-9999,N/A,-9999
2523,515.027977,515.0280060890958,515.027806159669,8750778,-9999,191980.8,69.38,-1,0.3881915197738565,0.3243424836594031,0.7182238920063834,0.4818950469981952,25,0.42857142857142855,0.10714285714285714,N4 S2 O3,de-protonated,0,-9999,C28 H12 O3 N4 S2,28,12,3,4,-9999,2,-9999,N/A,-9999,-9999,N/A,-9999
2523,515.027977,515.0280060890958,515.027939101399,8750778,-9999,191980.8,69.38,-1,0.13006614140550787,0.498467551247168,0.8446892076502734,0.6369562138084102,12,1,0.6470588235294118,N4 S1 P1 O11,de-protonated,0,-9999,C17 H17 O11 N4 P1 S1,17,17,11,4,1,1,-9999,N/A,-9999,-9999,N/A,-9999
2524,515.054216,515.0542451098958,515.054612050009,1833674.4,-9999,250870.3,13.27,-1,-0.7124295262993608,0.91201819488690306,0,0.5472109169321419,19,0.75,0.14285714285714285,S2 P1 O4,de-protonated,0,-9999,C28 H21 O4 P1 S2,28,21,4,-9999,1,2,-9999,N/A,-9999,-9999,N/A,-9999
2524,515.054216,515.0542451098958,515.0537426701391,1833674.4,-9999,250870.3,13.27,-1,0.975509379072818,0.8414152903137213,0,0.5048491741882327,20,0.6296296296296297,0.3333333333333333,P1 O9,de-protonated,0,-9999,C27 H17 O9 P1,27,17,9,-9999,1,-9999,-9999,N/A,-9999,-9999,N/A,-9999
2524,515.054216,515.0542451098958,515.0539393746291,1833674.4,-9999,250870.3,13.27,-1,0.5935985405025402,0.9380658603003778,0,0.5628395161802267,12,0.9411764705882352,0.8823529411764706,N4 O15,de-protonated,0,-9999,C17 H16 O15 N4,17,16,15,4,-9999,-9999,-9999,N/A,-9999,-9999,N/A,-9999
2525,515.075635,515.0756641268748,515.075741418069,2393304,-9999,228944.6,17.81,-1,-0.150057919616631,0.995922586433881,0,0.5975535518603285,14,1,0.24,S2 P1 O6,de-protonated,0,-9999,C25 H25 O6 P1 S2,25,25,6,-9999,1,2,-9999,N/A,-9999,-9999,N/A,-9999
2525,515.075635,515.0756641268748,515.075938122559,2393304,-9999,228944.6,17.81,-1,-0.531952017035221,0.949950814675248,0,0.5699704888051487,6,1.6,0.8,N4 S2 O12,de-protonated,0,-9999,C15 H24 O12 N4 S2,15,24,12,4,-9999,2,-9999,N/A,-9999,-9999,N/A,-9999
2526,515.089345,515.0893741377428,515.089856853329,2138337,-9999,378606.5,15.74,-1,-0.937148304972382,0.8526921029378027,0,0.5116152617626816,5,1.5555555555555556,0.7222222222222222,S2 O13,de-protonated,0,-9999,C18 H28 O13 S2,18,28,13,-9999,-9999,2,-9999,N/A,-9999,-9999,N/A,-9999
2526,515.089345,515.0893741377428,515.0893437890791,2138337,-9999,378606.5,15.74,-1,0.05891922258805146,0.9993703038016408,0,0.5996221822809845,23,0.6451612903225806,0.06451612903225806,N2 S2 O2,de-protonated,0,-9999,C31 H20 O2 N2 S2,31,20,2,2,-9999,2,-9999,N/A,-9999,-9999,N/A,-9999
2526,515.089345,515.0893741377428,515.089476730809,2138337,-9999,378606.5,15.74,-1,-0.1991752323925936,0.992827635379552,0,0.5956965812277311,10,1.25,0.5,N2 S1 P1 O10,de-protonated,0,-9999,C20 H25 O10 N2 P1 S1,20,25,10,2,1,1,-9999,N/A,-9999,-9999,N/A,-9999
2527,515.090914,515.0909431389865,515.090997559359,3140321.8,-9999,223720.6,23.86,-1,-0.10565195815709078,0.4989883292349062,0.7612342259156646,0.6038866879072096,18,0.8620689655172413,0.10344827586206896,S2 P1 O3,de-protonated,0,-9999,C29 H25 O3 P1 S2,29,25,3,-9999,1,2,-9999,N/A,-9999,-9999,N/A,-9999
2527,515.090914,515.0909431389865,515.091194263849,3140321.8,-9999,223720.6,23.86,-1,-0.4875347614679173,0.957788244763854,0,0.5746729468583124,10,1.263157894736842,0.47368421052631576,N4 S2 O9,de-protonated,0,-9999,C19 H24 O9 N4 S2,19,24,9,4,-9999,2,-9999,N/A,-9999,-9999,N/A,-9999
2528,515.099988,515.1000171461797,515.099707798499,1777383.6,-9999,288537.3,12.81,-1,0.6005588353936385,0.9366521874543996,0,0.5619913124726398,24,0.5517241379310345,0.20689655172413793,N4 O6,de-protonated,0,-9999,C29 H16 O6 N4,29,16,6,4,-9999,-9999,-9999,N/A,-9999,-9999,N/A,-9999
2529,515.112347,515.1123761559767,515.1121269274191,3324143.5,-9999,177424.1,25.36,-1,0.4838336053871586,0.4792066269379808,0.7805128205128199,0.5997291043679165,13,1.1153846153846154,0.19230769230769232,S2 P1 O5,de-protonated,0,-9999,C26 H29 O5 P1 S2,26,29,5,-9999,1,2,-9999,N/A,-9999,-9999,N/A,-9999
2529,515.112347,515.1123761559767,515.112594958069,3324143.5,-9999,177424.1,25.36,-1,-0.4247655648850941,0.4838960334577595,0.7805128205128199,0.6025427482797837,19,0.8076923076923077,0.2307692307692308,N4 P1 O6,de-protonated,0,-9999,C26 H21 O6 N4 P1,26,21,6,4,1,-9999,-9999,N/A,-9999,-9999,N/A,-9999
2529,515.112347,515.1123761559767,515.1123236319091,3324143.5,-9999,177424.1,25.36,-1,0.101966241403805,0.9981152356564736,0,0.5988691413938841,5,1.75,0.6875,N4 S2 O11,de-protonated,0,-9999,C16 H28 O11 N4 S2,16,28,11,4,-9999,2,-9999,N/A,-9999,-9999,N/A,-9999
2530,515.125831,515.1258601666655,515.126242362679,2082552.1,-9999,332699,15.28,-1,-0.741946307778966,0.9049417903942626,0,0.5429650742365575,4,1.6842105263157894,0.631578947368421,S2 O12,de-protonated,0,-9999,C19 H32 O12 S2,19,32,12,-9999,-9999,2,-9999,N/A,-9999,-9999,N/A,-9999
2530,515.125831,515.1258601666655,515.125372982809,2082552.1,-9999,332699,15.28,-1,0.945757832894757,0.8501876348201827,0,0.5101125808921095,5,1.5555555555555556,0.9444444444444444,O17,de-protonated,0,-9999,C18 H28 O17,18,28,17,-9999,-9999,-9999,-9999,N/A,-9999,-9999,N/A,-9999
2530,515.125831,515.1258601666655,515.125729298429,2082552.1,-9999,332699,15.28,-1,0.2540510579599382,0.9883572572039828,0,0.5930143543223897,22,0.75,0.03125,N2 S2 O1,de-protonated,0,-9999,C32 H24 O1 N2 S2,32,24,1,2,-9999,2,-9999,N/A,-9999,-9999,N/A,-9999
2530,515.125831,515.1258601666655,515.1258622401591,2082552.1,-9999,332699,15.28,-1,-0.00402521752254169,0.9999970601044624,0,0.5999982360626773,9,1.380952380952381,0.42857142857142855,N2 S1 P1 O9,de-protonated,0,-9999,C21 H29 O9 N2 P1 S1,21,29,9,2,1,1,-9999,N/A,-9999,-9999,N/A,-9999
2531,515.127352,515.1273811678712,515.127383068709,3566329.3,-9999,260847.2,27.32,-1,-0.00369003444602874,0.49999876466673393,0.7550179348240812,0.6020064327296728,17,0.9666666666666668,0.06666666666666667,S2 P1 O2,de-protonated,0,-9999,C30 H29 O2 P1 S2,30,29,2,-9999,1,2,-9999,N/A,-9999,-9999,N/A,-9999
2531,515.127352,515.1273811678712,515.1278510993591,3566329.3,-9999,260847.2,27.32,-1,-0.91226185271313,0.4299214710007861,0.7550179348240813,0.5599600565301042,23,0.7,0.1,N4 P1 O3,de-protonated,0,-9999,C30 H21 O3 N4 P1,30,21,3,4,1,-9999,-9999,N/A,-9999,-9999,N/A,-9999
2531,515.127352,515.1273811678712,515.127579773199,3566329.3,-9999,260847.2,27.32,-1,-0.38554590279067,0.4866944637730978,0.8221557383861046,0.6208789736183005,9,1.4,0.4,N4 S2 O8,de-protonated,0,-9999,C20 H28 O8 N4 S2,20,28,8,4,-9999,2,-9999,N/A,-9999,-9999,N/A,-9999
2532,515.140403,515.1404321782169,515.1406291240991,1890689.4,-9999,189414.3,13.73,-1,-0.38231479142950464,0.9738272284367164,0,0.5842963370620299,9,1.2727272727272727,0.6363636363636364,O14,de-protonated,0,-9999,C22 H28 O14,22,28,14,-9999,-9999,-9999,-9999,N/A,-9999,-9999,N/A,-9999
2532,515.140403,515.1404321782169,515.140116059849,1890689.4,-9999,189414.3,13.73,-1,0.6136551164159825,0.9339535223621994,0,0.5603721134173196,27,0.5714285714285714,0.08571428571428572,N2 O3,de-protonated,0,-9999,C35 H20 O3 N2,35,20,3,2,-9999,-9999,-9999,N/A,-9999,-9999,N/A,-9999
2532,515.140403,515.1404321782169,515.1404669327691,1890689.4,-9999,189414.3,13.73,-1,-0.0674661658711783,0.9991744439606944,0,0.5995046663764168,4,1.9411764705882353,0.4705882352941176,N4 S2 P1 O8,de-protonated,0,-9999,C17 H33 O8 N4 P1 S2,17,33,8,4,1,2,-9999,N/A,-9999,-9999,N/A,-9999
2533,515.148708,515.1487371848004,515.148512436769,3000070.8,-9999,171539.6,22.73,-1,0.436278133396961,0.483026446948905,0.7739790330151771,0.5994074813754139,12,1.2222222222222223,0.14814814814814814,S2 P1 O4,de-protonated,0,-9999,C27 H33 O4 P1 S2,27,33,4,-9999,1,2,-9999,N/A,-9999,-9999,N/A,-9999
2533,515.148708,515.1487371848004,515.148980467419,3000070.8,-9999,171539.6,22.73,-1,-0.4722568185839017,0.48017001182582664,0.7739790330151772,0.5976936203015669,18,0.925925925925926,0.18518518518518515,N4 P1 O5,de-protonated,0,-9999,C27 H25 O5 N4 P1,27,25,5,4,1,-9999,-9999,N/A,-9999,-9999,N/A,-9999
2533,515.148708,515.1487371848004,515.148709141259,3000070.8,-9999,171539.6,22.73,-1,0.05443775927628339,0.9994624268720396,0,0.5996774561232237,4,1.8823529411764703,0.5882352941176471,N4 S2 O10,de-protonated,0,-9999,C17 H32 O10 N4 S2,17,32,10,4,-9999,2,-9999,N/A,-9999,-9999,N/A,-9999
2534,515.162373,515.1624021956327,515.162899198189,2054159.4,-9999,278363,15.05,-1,-0.9647483487874025,0.84460903669414,0,0.506765422016484,17,0.9666666666666668,0.2,P1 O6,de-protonated,0,-9999,C30 H29 O6 P1,30,29,6,-9999,1,-9999,-9999,N/A,-9999,-9999,N/A,-9999
2534,515.162373,515.1624021956327,515.162627872029,2054159.4,-9999,278363,15.05,-1,-0.4380682606154422,0.9657785719950264,0,0.5794671431970158,3,1.8,0.55,S2 O11,de-protonated,0,-9999,C20 H36 O11 S2,20,36,11,-9999,-9999,2,-9999,N/A,-9999,-9999,N/A,-9999
2534,515.162373,515.1624021956327,515.162247749509,2054159.4,-9999,278363,15.05,-1,0.29980093529066837,0.9838235501720788,0,0.5902941301032472,8,1.5,0.3636363636363637,N2 S1 P1 O8,de-protonated,0,-9999,C22 H33 O8 N2 P1 S1,22,33,8,2,1,1,-9999,N/A,-9999,-9999,N/A,-9999
2535,515.16389,515.1639191968353,515.163768578059,3215888.5,-9999,184975.8,24.48,-1,0.2923706701852261,0.4923046608668835,0.7489023467070351,0.5949437352029442,16,1.064516129032258,0.03225806451612903,S2 P1 O1,de-protonated,0,-9999,C31 H33 O1 P1 S2,31,33,1,-9999,1,2,-9999,N/A,-9999,-9999,N/A,-9999
2535,515.16389,515.1639191968353,515.1642366087091,3215888.5,-9999,184975.8,24.48,-1,-0.6161372455813419,0.4667181870942894,0.748902346707035,0.5795918509393877,22,0.8064516129032258,0.06451612903225806,N4 P1 O2,de-protonated,0,-9999,C31 H25 O2 N4 P1,31,25,2,4,1,-9999,-9999,N/A,-9999,-9999,N/A,-9999
2535,515.16389,515.1639191968353,515.163965282549,3215888.5,-9999,184975.8,24.48,-1,-0.08945834111053264,0.998548957179908,0,0.5991293743079447,8,1.5238095238095235,0.3333333333333333,N4 S2 O7,de-protonated,0,-9999,C21 H32 O7 N4 S2,21,32,7,4,-9999,2,-9999,N/A,-9999,-9999,N/A,-9999
2536,515.17693,515.1769592071721,515.1770146334491,2700312.8,-9999,160238.9,20.3,-1,-0.1075868592424504,0.997901947738266,0,0.5987411686429597,8,1.391304347826087,0.5652173913043478,O13,de-protonated,0,-9999,C23 H32 O13,23,32,13,-9999,-9999,-9999,-9999,N/A,-9999,-9999,N/A,-9999
2536,515.17693,515.1769592071721,515.176501569199,2700312.8,-9999,160238.9,20.3,-1,0.8883129795699892,0.4332985356390273,0.719752637322661,0.5478801763124808,26,0.6666666666666666,0.05555555555555555,N2 O2,de-protonated,0,-9999,C36 H24 O2 N2,36,24,2,2,-9999,-9999,-9999,N/A,-9999,-9999,N/A,-9999
2536,515.17693,515.1769592071721,515.176852442119,2700312.8,-9999,160238.9,20.3,-1,0.20723961614476588,0.992237380877725,0,0.595342428526635,3,2.0555555555555554,0.3888888888888889,N4 S2 P1 O7,de-protonated,0,-9999,C18 H37 O7 N4 P1 S2,18,37,7,4,1,2,-9999,N/A,-9999,-9999,N/A,-9999
2537,515.184898,515.1849272134884,515.184897946119,1886493.9,-9999,310772.5,13.69,-1,0.05680944752888418,0.9994145796616148,0,0.5996487477969689,11,1.3214285714285714,0.10714285714285714,S2 P1 O3,de-protonated,0,-9999,C28 H37 O3 P1 S2,28,37,3,-9999,1,2,-9999,N/A,-9999,-9999,N/A,-9999
2537,515.184898,515.1849272134884,515.185365976769,1886493.9,-9999,310772.5,13.69,-1,-0.851660993477559,0.8766832457964832,0,0.5260099474778899,17,1.0357142857142858,0.14285714285714285,N4 P1 O4,de-protonated,0,-9999,C28 H29 O4 N4 P1,28,29,4,4,1,-9999,-9999,N/A,-9999,-9999,N/A,-9999
2537,515.184898,515.1849272134884,515.185094650609,1886493.9,-9999,310772.5,13.69,-1,-0.3250038138126347,0.9810165320642534,0,0.588609919238552,3,2,0.5,N4 S2 O9,de-protonated,0,-9999,C18 H36 O9 N4 S2,18,36,9,4,-9999,2,-9999,N/A,-9999,-9999,N/A,-9999
2538,515.200267,515.20029622567165,515.2006221180591,2663719.8,-9999,262506.2,20,-1,-0.6325543359846255,0.4649853710542504,0.7428850341668535,0.5761452362992916,21,0.90625,0.03125,N4 P1 O1,de-protonated,0,-9999,C32 H29 O1 N4 P1,32,29,1,4,1,-9999,-9999,N/A,-9999,-9999,N/A,-9999
2538,515.200267,515.20029622567165,515.200350791899,2663719.8,-9999,262506.2,20,-1,-0.1059126363304662,0.997966671822835,0,0.598780003093701,7,1.6363636363636365,0.2727272727272727,N4 S2 O6,de-protonated,0,-9999,C22 H36 O6 N4 S2,22,36,6,4,-9999,2,-9999,N/A,-9999,-9999,N/A,-9999
2539,515.213243,515.2132722359578,515.2134001427991,1769775.9,-9999,270572.7,12.75,-1,-0.24825992731544935,0.9888790744676008,0,0.5933274446805604,7,1.5,0.5,O12,de-protonated,0,-9999,C24 H36 O12,24,36,12,-9999,-9999,-9999,-9999,N/A,-9999,-9999,N/A,-9999
2539,515.213243,515.2132722359578,515.212887078549,1769775.9,-9999,270572.7,12.75,-1,0.7475694386921953,0.903567533910984,0,0.5421405203465904,25,0.7567567567567568,0.02702702702702703,N2 O1,de-protonated,0,-9999,C37 H28 O1 N2,37,28,1,2,-9999,-9999,-9999,N/A,-9999,-9999,N/A,-9999
2539,515.213243,515.2132722359578,515.2132379514691,1769775.9,-9999,270572.7,12.75,-1,0.06654426981791547,0.99919684254596,0,0.5995181055275759,2,2.1578947368421053,0.3157894736842105,N4 S2 P1 O6,de-protonated,0,-9999,C19 H41 O6 N4 P1 S2,19,41,6,4,1,2,-9999,N/A,-9999,-9999,N/A,-9999
2540,515.27857,515.278599287743,515.2787983328791,2244441.5,-9999,236486.4,16.6,-1,-0.3862862915609811,0.9732880021583512,0,0.5839728012950107,4,1.8148148148148149,0.1111111111111111,S2 P1 O3,de-protonated,0,-9999,C27 H49 O3 P1 S2,27,49,3,-9999,1,2,-9999,N/A,-9999,-9999,N/A,-9999
2541,516.026988,516.0270178810204,516.0267215682491,1704504,-9999,312996.8,12.21,-1,0.5742198202388831,0.9419257912507484,0,0.565155474750449,12,0.8333333333333334,0.9444444444444444,N1 O17,de-protonated,0,-9999,C18 H15 O17 N1,18,15,17,1,-9999,-9999,-9999,N/A,-9999,-9999,N/A,-9999
2541,516.026988,516.0270178810204,516.027077883869,1704504,-9999,312996.8,12.21,-1,-0.11627848844551862,0.997549696036124,0,0.5985298176216745,29,0.34375,0.03125,N3 S2 O1,de-protonated,0,-9999,C32 H11 O1 N3 S2,32,11,1,3,-9999,2,-9999,N/A,-9999,-9999,N/A,-9999
2541,516.026988,516.0270178810204,516.027210825599,1704504,-9999,312996.8,12.21,-1,-0.37390388454238055,0.9749517728169282,0,0.584971063690157,16,0.7619047619047619,0.42857142857142855,N3 S1 P1 O9,de-protonated,0,-9999,C21 H16 O9 N3 P1 S1,21,16,9,3,1,1,-9999,N/A,-9999,-9999,N/A,-9999
2542,516.028346,516.028375882097,516.0287316541489,1850424.8,-9999,275499.8,13.4,-1,-0.6894423317261684,0.917366571029352,0,0.5504199426176112,24,0.5333333333333333,0.06666666666666667,N1 S2 P1 O2,de-protonated,0,-9999,C30 H16 O2 N1 P1 S2,30,16,2,1,1,2,-9999,N/A,-9999,-9999,N/A,-9999
2542,516.028346,516.028375882097,516.0278622742791,1850424.8,-9999,275499.8,13.4,-1,0.9953102447137904,0.8354784057454028,0,0.5012870434472416,25,0.41379310344827586,0.2413793103448276,N1 P1 O7,de-protonated,0,-9999,C29 H12 O7 N1 P1,29,12,7,1,1,-9999,-9999,N/A,-9999,-9999,N/A,-9999
2544,517.070592,517.0706227082943,517.070262114469,3120084.8,-9999,202500.4,23.69,-1,0.6973787737743835,0.45776816257556513,0.7675537279851021,0.5816823887393799,18,0.8214285714285714,0.14285714285714285,S2 P1 O4,de-protonated,0,-9999,C28 H23 O4 P1 S2,28,23,4,-9999,1,2,-9999,N/A,-9999,-9999,N/A,-9999
2544,517.070592,517.0706227082943,517.071110267639,3120084.8,-9999,202500.4,23.69,-1,-0.9429251316461936,0.42550668355272714,0.7805128205128199,0.5675091383367643,19,0.6923076923076923,0.3076923076923077,N2 S1 O8,de-protonated,0,-9999,C26 H18 O8 N2 S1,26,18,8,2,-9999,1,-9999,N/A,-9999,-9999,N/A,-9999
2544,517.070592,517.0706227082943,517.070730145119,3120084.8,-9999,202500.4,23.69,-1,-0.2077797454550915,0.49609851157605145,0.7675537279851021,0.6046805981396717,24,0.5357142857142857,0.17857142857142858,N4 P1 O5,de-protonated,0,-9999,C28 H15 O5 N4 P1,28,15,5,4,1,-9999,-9999,N/A,-9999,-9999,N/A,-9999
2544,517.070592,517.0706227082943,517.070458818959,3120084.8,-9999,202500.4,23.69,-1,0.31695745240312595,0.9819364351064556,0,0.5891618610638734,10,1.2222222222222223,0.5555555555555556,N4 S2 O10,de-protonated,0,-9999,C18 H22 O10 N4 S2,18,22,10,4,-9999,2,-9999,N/A,-9999,-9999,N/A,-9999
2545,517.098575,517.0986057304766,517.098764311149,2050022.8,-9999,290525,15.01,-1,-0.30667385681418796,0.9830797419778492,0,0.5898478451867095,14,0.9166666666666666,0.5416666666666666,O13,de-protonated,0,-9999,C24 H22 O13,24,22,13,-9999,-9999,-9999,-9999,N/A,-9999,-9999,N/A,-9999
2545,517.098575,517.0986057304766,517.098251246899,2050022.8,-9999,290525,15.01,-1,0.685524611034896,0.4591318291831395,0.7141928963326545,0.5611562560429455,32,0.3783783783783784,0.05405405405405406,N2 O2,de-protonated,0,-9999,C37 H14 O2 N2,37,14,2,2,-9999,-9999,-9999,N/A,-9999,-9999,N/A,-9999
2545,517.098575,517.0986057304766,517.0981128624691,2050022.8,-9999,290525,15.01,-1,0.9531421509402772,0.848027261879635,0,0.508816357127781,5,1.625,0.9375,N2 S1 O15,de-protonated,0,-9999,C16 H26 O15 N2 S1,16,26,15,2,-9999,1,-9999,N/A,-9999,-9999,N/A,-9999
2545,517.098575,517.0986057304766,517.098602119819,2050022.8,-9999,290525,15.01,-1,0.00698253209629411,0.999991153371532,0,0.5999946920229191,9,1.4210526315789471,0.3684210526315789,N4 S2 P1 O7,de-protonated,0,-9999,C19 H27 O7 N4 P1 S2,19,27,7,4,1,2,-9999,N/A,-9999,-9999,N/A,-9999
2546,517.106719,517.1067497369324,517.1066476238191,4588524,-9999,201392.7,35.6,-1,0.19747012311751425,0.49647474035972106,0.7612342259156646,0.6023785345820984,17,0.9310344827586208,0.10344827586206896,S2 P1 O3,de-protonated,0,-9999,C29 H27 O3 P1 S2,29,27,3,-9999,1,2,-9999,N/A,-9999,-9999,N/A,-9999
2546,517.106719,517.1067497369324,517.107115654469,4588524,-9999,201392.7,35.6,-1,-0.7076242532312729,0.45657405925174377,0.7612342259156646,0.5784381259173121,23,0.6551724137931034,0.13793103448275862,N4 P1 O4,de-protonated,0,-9999,C29 H19 O4 N4 P1,29,19,4,4,1,-9999,-9999,N/A,-9999,-9999,N/A,-9999
2546,517.106719,517.1067497369324,517.1068443283091,4588524,-9999,201392.7,35.6,-1,-0.18292424027015677,0.4969734447313737,0.8295321147073604,0.6299969127217684,9,1.368421052631579,0.47368421052631576,N4 S2 O9,de-protonated,0,-9999,C19 H26 O9 N4 S2,19,26,9,4,-9999,2,-9999,N/A,-9999,-9999,N/A,-9999
2547,517.143423,517.143453766028,517.143033133169,4398595.5,-9999,212480.7,34.06,-1,0.8133781798353702,0.4434409020094141,0.7550179348240813,0.568071715135281,16,1.0333333333333334,0.06666666666666667,S2 P1 O2,de-protonated,0,-9999,C30 H31 O2 P1 S2,30,31,2,-9999,1,2,-9999,N/A,-9999,-9999,N/A,-9999
2547,517.143423,517.143453766028,517.143881286339,4398595.5,-9999,212480.7,34.06,-1,-0.8266950969241572,0.4416870366049138,0.7675537279851021,0.5720337131569891,17,0.9285714285714286,0.21428571428571427,N2 S1 O6,de-protonated,0,-9999,C28 H26 O6 N2 S1,28,26,6,2,-9999,1,-9999,N/A,-9999,-9999,N/A,-9999
2547,517.143423,517.143453766028,517.143501163819,4398595.5,-9999,212480.7,34.06,-1,-0.0916530729465834,0.4992384701075326,0.7550179348240813,0.6015502559941521,22,0.7666666666666667,0.1,N4 P1 O3,de-protonated,0,-9999,C30 H23 O3 N4 P1,30,23,3,4,1,-9999,-9999,N/A,-9999,-9999,N/A,-9999
2547,517.143423,517.143453766028,517.143229837659,4398595.5,-9999,212480.7,34.06,-1,0.4330103462173915,0.4832754784902405,0.8221557383861046,0.618827582448586,8,1.5,0.4,N4 S2 O8,de-protonated,0,-9999,C20 H30 O8 N4 S2,20,30,8,4,-9999,2,-9999,N/A,-9999,-9999,N/A,-9999
2548,517.156676,517.1567067765337,517.1571485684291,2158348,-9999,318110.2,15.89,-1,-0.854270112243309,0.8759755012848988,0,0.5255853007709392,7,1.4782608695652173,0.391304347826087,S2 O9,de-protonated,0,-9999,C23 H34 O9 S2,23,34,9,-9999,-9999,2,-9999,N/A,-9999,-9999,N/A,-9999
2548,517.156676,517.1567067765337,517.156279188559,2158348,-9999,318110.2,15.89,-1,0.8268061163483833,0.8833446496826775,0,0.5300067898096065,8,1.3636363636363635,0.6363636363636364,O14,de-protonated,0,-9999,C22 H30 O14,22,30,14,-9999,-9999,-9999,-9999,N/A,-9999,-9999,N/A,-9999
2548,517.156676,517.1567067765337,517.156768445909,2158348,-9999,318110.2,15.89,-1,-0.11924696550443752,0.9974231547138322,0,0.5984538928282993,12,1.24,0.24,N2 S1 P1 O6,de-protonated,0,-9999,C25 H31 O6 N2 P1 S1,25,31,6,2,1,1,-9999,N/A,-9999,-9999,N/A,-9999
2549,517.177752,517.177782793241,517.178277936489,2339865.8,-9999,391826.1,17.36,-1,-0.9573937443906564,0.8467782960274866,0,0.5080669776164919,2,1.9,0.55,S2 O11,de-protonated,0,-9999,C20 H38 O11 S2,20,38,11,-9999,-9999,2,-9999,N/A,-9999,-9999,N/A,-9999
2549,517.177752,517.177782793241,517.1774085566191,2339865.8,-9999,391826.1,17.36,-1,0.7236136299837431,0.9093642411642068,0,0.545618544698524,3,1.7894736842105263,0.8421052631578947,O16,de-protonated,0,-9999,C19 H34 O16,19,34,16,-9999,-9999,-9999,-9999,N/A,-9999,-9999,N/A,-9999
2549,517.177752,517.177782793241,517.177897813969,2339865.8,-9999,391826.1,17.36,-1,-0.2224007029101125,0.9910653254507412,0,0.5946391952704446,7,1.5909090909090908,0.3636363636363637,N2 S1 P1 O8,de-protonated,0,-9999,C22 H35 O8 N2 P1 S1,22,35,8,2,1,1,-9999,N/A,-9999,-9999,N/A,-9999
2550,517.17965,517.1796807947455,517.1794186425191,4832795,-9999,224692.8,37.58,-1,0.5068883583129845,0.4772246925931133,0.7489023467070351,0.585895754238682,15,1.1290322580645162,0.03225806451612903,S2 P1 O1,de-protonated,0,-9999,C31 H35 O1 P1 S2,31,35,1,-9999,1,2,-9999,N/A,-9999,-9999,N/A,-9999
2550,517.17965,517.1796807947455,517.179886673169,4832795,-9999,224692.8,37.58,-1,-0.3980789446049476,0.4858279249744734,0.7489023467070351,0.591057693667498,21,0.8709677419354839,0.06451612903225806,N4 P1 O2,de-protonated,0,-9999,C31 H27 O2 N4 P1,31,27,2,4,1,-9999,-9999,N/A,-9999,-9999,N/A,-9999
2550,517.17965,517.1796807947455,517.1796153470091,4832795,-9999,224692.8,37.58,-1,0.12654740155727592,0.4985492269782531,0.8149093904448103,0.625093292364876,7,1.619047619047619,0.3333333333333333,N4 S2 O7,de-protonated,0,-9999,C21 H34 O7 N4 S2,21,34,7,4,-9999,2,-9999,N/A,-9999,-9999,N/A,-9999
2551,517.192706,517.1927368050951,517.192664697909,1835043.3,-9999,265642,13.27,-1,0.13942035739884795,0.9964792064728988,0,0.5978875238837392,7,1.4782608695652173,0.5652173913043478,O13,de-protonated,0,-9999,C23 H34 O13,23,34,13,-9999,-9999,-9999,-9999,N/A,-9999,-9999,N/A,-9999
2551,517.192706,517.1927368050951,517.193153955259,1835043.3,-9999,265642,13.27,-1,-0.8065655175864334,0.8886595563626412,0,0.5331957338175847,11,1.3461538461538465,0.19230769230769232,N2 S1 P1 O5,de-protonated,0,-9999,C26 H35 O5 N2 P1 S1,26,35,5,2,1,1,-9999,N/A,-9999,-9999,N/A,-9999
2551,517.192706,517.1927368050951,517.192502506579,1835043.3,-9999,265642,13.27,-1,0.4530199394076984,0.9634466329210838,0,0.5780679797526502,2,2.1666666666666665,0.3888888888888889,N4 S2 P1 O7,de-protonated,0,-9999,C18 H39 O7 N4 P1 S2,18,39,7,4,1,2,-9999,N/A,-9999,-9999,N/A,-9999
2552,517.216176,517.2162068237,517.216652305039,3243058.3,-9999,290883.3,24.69,-1,-0.8613050973345494,0.43702964523884313,0.7550179348240813,0.5642249610729384,15,1.1333333333333333,0.13333333333333333,N2 S1 O4,de-protonated,0,-9999,C30 H34 O4 N2 S1,30,34,4,2,-9999,1,-9999,N/A,-9999,-9999,N/A,-9999
2552,517.216176,517.2162068237,517.216272182519,3243058.3,-9999,290883.3,24.69,-1,-0.1263665173431576,0.49855336542219125,0.7428850341668535,0.5962860329200561,20,0.96875,0.03125,N4 P1 O1,de-protonated,0,-9999,C32 H31 O1 N4 P1,32,31,1,4,1,-9999,-9999,N/A,-9999,-9999,N/A,-9999
2552,517.216176,517.2162068237,517.2160008563591,3243058.3,-9999,290883.3,24.69,-1,0.398223064538567,0.4858178083962145,0.8077896627745538,0.6146065501475502,6,1.7272727272727273,0.2727272727272727,N4 S2 O6,de-protonated,0,-9999,C22 H38 O6 N4 S2,22,38,6,4,-9999,2,-9999,N/A,-9999,-9999,N/A,-9999
2554,519.050035,519.0500672774157,519.0503748227491,2032847.3,-9999,411677,14.86,-1,-0.5925153863726134,0.9382845631518338,0,0.5629707378911003,19,0.64,0.36,N2 S1 O9,de-protonated,0,-9999,C25 H16 O9 N2 S1,25,16,9,2,-9999,1,-9999,N/A,-9999,-9999,N/A,-9999
2554,519.050035,519.0500672774157,519.049994700229,2032847.3,-9999,411677,14.86,-1,0.13982696731302535,0.9964586766794502,0,0.5978752060076701,24,0.48148148148148145,0.2222222222222222,N4 P1 O6,de-protonated,0,-9999,C27 H13 O6 N4 P1,27,13,6,4,1,-9999,-9999,N/A,-9999,-9999,N/A,-9999
2554,519.050035,519.0500672774157,519.049723374069,2032847.3,-9999,411677,14.86,-1,0.6625633945804732,0.9234356110625576,0,0.5540613666375345,10,1.1764705882352942,0.6470588235294118,N4 S2 O11,de-protonated,0,-9999,C17 H20 O11 N4 S2,17,20,11,4,-9999,2,-9999,N/A,-9999,-9999,N/A,-9999
2555,519.084162,519.0841943044684,519.084258408649,2427109.3,-9999,402290.9,18.06,-1,-0.12349474983895237,0.4986182799597931,0.7550179348240813,0.6011781419055084,22,0.6666666666666666,0.1,N2 S2 O3,de-protonated,0,-9999,C30 H20 O3 N2 S2,30,20,3,2,-9999,2,-9999,N/A,-9999,-9999,N/A,-9999
2555,519.084162,519.0841943044684,519.0843913503791,2427109.3,-9999,402290.9,18.06,-1,-0.3796028429382624,0.9741924081302282,0,0.5845154448781369,9,1.3157894736842106,0.5789473684210527,N2 S1 P1 O11,de-protonated,0,-9999,C19 H25 O11 N2 P1 S1,19,25,11,2,1,1,-9999,N/A,-9999,-9999,N/A,-9999
2556,519.086027,519.0860593059468,519.085912178929,5131494.5,-9999,240903.1,40,-1,0.2834348118259202,0.4927644964702486,0.7675537279851021,0.6026801890761901,17,0.8928571428571429,0.14285714285714285,S2 P1 O4,de-protonated,0,-9999,C28 H25 O4 P1 S2,28,25,4,-9999,1,2,-9999,N/A,-9999,-9999,N/A,-9999
2556,519.086027,519.0860593059468,519.086380209579,5131494.5,-9999,240903.1,40,-1,-0.61820853799118,0.46650172289854047,0.7675537279851021,0.5869225249331651,23,0.6071428571428571,0.17857142857142858,N4 P1 O5,de-protonated,0,-9999,C28 H17 O5 N4 P1,28,17,5,4,1,-9999,-9999,N/A,-9999,-9999,N/A,-9999
2556,519.086027,519.0860593059468,519.086108883419,5131494.5,-9999,240903.1,40,-1,-0.0955091483282755,0.4991730972992032,0.8370420509349343,0.6343206787534956,9,1.3333333333333333,0.5555555555555556,N4 S2 O10,de-protonated,0,-9999,C18 H24 O10 N4 S2,18,24,10,4,-9999,2,-9999,N/A,-9999,-9999,N/A,-9999
2557,519.114085,519.1141173281887,519.114414375609,1928440.5,-9999,244472.6,14.01,-1,-0.5722195571494315,0.9423178030051732,0,0.5653906818031038,13,1,0.5416666666666666,O13,de-protonated,0,-9999,C24 H24 O13,24,24,13,-9999,-9999,-9999,-9999,N/A,-9999,-9999,N/A,-9999
2557,519.114085,519.1141173281887,519.113901311359,1928440.5,-9999,244472.6,14.01,-1,0.4161260741084084,0.4845343268454656,0.7141928963326545,0.5763977546403412,31,0.43243243243243246,0.05405405405405406,N2 O2,de-protonated,0,-9999,C37 H16 O2 N2,37,16,2,2,-9999,-9999,-9999,N/A,-9999,-9999,N/A,-9999
2557,519.114085,519.1141173281887,519.1137629269291,1928440.5,-9999,244472.6,14.01,-1,0.6827044184764393,0.9189068062316404,0,0.5513440837389841,4,1.75,0.9375,N2 S1 O15,de-protonated,0,-9999,C16 H28 O15 N2 S1,16,28,15,2,-9999,1,-9999,N/A,-9999,-9999,N/A,-9999
2557,519.114085,519.1141173281887,519.114252184279,1928440.5,-9999,244472.6,14.01,-1,-0.25978113632030275,0.987829379093994,0,0.5926976274563964,8,1.5263157894736843,0.3684210526315789,N4 S2 P1 O7,de-protonated,0,-9999,C19 H29 O7 N4 P1 S2,19,29,7,4,1,2,-9999,N/A,-9999,-9999,N/A,-9999
2558,519.120747,519.1207793334697,519.121156982249,3345660.8,-9999,440410.6,25.51,-1,-0.7274771489658202,0.908439652728422,0,0.5450637916370532,3,1.7777777777777777,0.7222222222222222,S2 O13,de-protonated,0,-9999,C18 H32 O13 S2,18,32,13,-9999,-9999,2,-9999,N/A,-9999,-9999,N/A,-9999
2558,519.120747,519.1207793334697,519.120643917999,3345660.8,-9999,440410.6,25.51,-1,0.26085549148400317,0.4938645631688462,0.7489023467070351,0.5958796765841218,21,0.7741935483870968,0.06451612903225806,N2 S2 O2,de-protonated,0,-9999,C31 H24 O2 N2 S2,31,24,2,2,-9999,2,-9999,N/A,-9999,-9999,N/A,-9999
2558,519.120747,519.1207793334697,519.1207768597291,3345660.8,-9999,440410.6,25.51,-1,0.00476525073744642,0.9999958797416516,0,0.5999975278449908,8,1.45,0.5,N2 S1 P1 O10,de-protonated,0,-9999,C20 H29 O10 N2 P1 S1,20,29,10,2,1,1,-9999,N/A,-9999,-9999,N/A,-9999
2559,519.122536,519.1225683348878,519.1222976882791,6628606,-9999,229283.4,52.14,-1,0.5213542355519935,0.4759384254866916,0.7612342259156646,0.5900567456582808,16,1,0.10344827586206896,S2 P1 O3,de-protonated,0,-9999,C29 H29 O3 P1 S2,29,29,3,-9999,1,2,-9999,N/A,-9999,-9999,N/A,-9999
2559,519.122536,519.1225683348878,519.122765718929,6628606,-9999,229283.4,52.14,-1,-0.38022613202892186,0.4870543482995585,0.7612342259156646,0.596726299346001,22,0.7241379310344828,0.13793103448275862,N4 P1 O4,de-protonated,0,-9999,C29 H21 O4 N4 P1,29,21,4,4,1,-9999,-9999,N/A,-9999,-9999,N/A,-9999
2559,519.122536,519.1225683348878,519.1224943927691,6628606,-9999,229283.4,52.14,-1,0.14243674558418898,0.49816274776514147,0.8295321147073604,0.630710494542029,8,1.4736842105263157,0.47368421052631576,N4 S2 O9,de-protonated,0,-9999,C19 H28 O9 N4 S2,19,28,9,4,-9999,2,-9999,N/A,-9999,-9999,N/A,-9999
2560,519.15690300000006,519.1569353621309,519.156673111729,2806036.3,-9999,376762.4,21.13,-1,0.5051469343592806,0.9547546497159674,0,0.5728527898295804,3,1.7777777777777777,0.9444444444444444,O17,de-protonated,0,-9999,C18 H32 O17,18,32,17,-9999,-9999,-9999,-9999,N/A,-9999,-9999,N/A,-9999
2560,519.15690300000006,519.1569353621309,519.157029427349,2806036.3,-9999,376762.4,21.13,-1,-0.1811883742642679,0.49703044328544194,0.7428850341668535,0.5953722796380065,20,0.875,0.03125,N2 S2 O1,de-protonated,0,-9999,C32 H28 O1 N2 S2,32,28,1,2,-9999,2,-9999,N/A,-9999,-9999,N/A,-9999
2560,519.15690300000006,519.1569353621309,519.1571623690791,2806036.3,-9999,376762.4,21.13,-1,-0.4372605535438835,0.965902475719406,0,0.5795414854316435,7,1.5714285714285714,0.42857142857142855,N2 S1 P1 O9,de-protonated,0,-9999,C21 H33 O9 N2 P1 S1,21,33,9,2,1,1,-9999,N/A,-9999,-9999,N/A,-9999
2561,519.159074,519.1591063638518,519.158683197629,6469909.5,-9999,208066.7,50.85,-1,0.8150999618045426,0.4432153538980126,0.7550179348240812,0.5679363862684401,15,1.1,0.06666666666666667,S2 P1 O2,de-protonated,0,-9999,C30 H33 O2 P1 S2,30,33,2,-9999,1,2,-9999,N/A,-9999,-9999,N/A,-9999
2561,519.159074,519.1591063638518,519.15953135079906,6469909.5,-9999,208066.7,50.85,-1,-0.8186056916213954,0.4427549963842265,0.7675537279851021,0.5726744890245767,16,1,0.21428571428571427,N2 S1 O6,de-protonated,0,-9999,C28 H28 O6 N2 S1,28,28,6,2,-9999,1,-9999,N/A,-9999,-9999,N/A,-9999
2561,519.159074,519.1591063638518,519.159151228279,6469909.5,-9999,208066.7,50.85,-1,-0.08641748313477618,0.4993229311300903,0.7550179348240813,0.6016009326076868,21,0.8333333333333334,0.1,N4 P1 O3,de-protonated,0,-9999,C30 H25 O3 N4 P1,30,25,3,4,1,-9999,-9999,N/A,-9999,-9999,N/A,-9999
2561,519.159074,519.1591063638518,519.158879902119,6469909.5,-9999,208066.7,50.85,-1,0.43620891716070787,0.483031739853768,0.8221557383861046,0.6186813392667025,7,1.6,0.4,N4 S2 O8,de-protonated,0,-9999,C20 H32 O8 N4 S2,20,32,8,4,-9999,2,-9999,N/A,-9999,-9999,N/A,-9999
2562,519.195187,519.195219392479,519.195068706979,6290733,-9999,213835.2,49.4,-1,0.29022906624313605,0.4924161278838016,0.7489023467070351,0.595010615413095,14,1.1935483870967742,0.03225806451612903,S2 P1 O1,de-protonated,0,-9999,C31 H37 O1 P1 S2,31,37,1,-9999,1,2,-9999,N/A,-9999,-9999,N/A,-9999
2562,519.195187,519.195219392479,519.195536737629,6290733,-9999,213835.2,49.4,-1,-0.6112247267100811,0.9575643230098794,0.9608430775747752,0.9588758248358378,20,0.935483870967742,0.06451612903225806,N4 P1 O2,de-protonated,0,-9999,C31 H29 O2 N4 P1,31,29,2,4,1,-9999,-9999,N/A,-9999,-9999,N/A,-9999
2562,519.195187,519.195219392479,519.1952654114691,6290733,-9999,213835.2,49.4,-1,-0.0886352268577864,0.9379133016975012,0.9731498786874496,0.9520079324934804,6,1.7142857142857142,0.3333333333333333,N4 S2 O7,de-protonated,0,-9999,C21 H36 O7 N4 S2,21,36,7,4,-9999,2,-9999,N/A,-9999,-9999,N/A,-9999
2563,519.231662,519.231694421393,519.231922246979,2755396.5,-9999,223978.2,20.72,-1,-0.4387742284685179,0.4828350505135696,0.7428850341668535,0.5868550439748831,19,1.03125,0.03125,N4 P1 O1,de-protonated,0,-9999,C32 H33 O1 N4 P1,32,33,1,4,1,-9999,-9999,N/A,-9999,-9999,N/A,-9999
2563,519.231662,519.231694421393,519.2316509208191,2755396.5,-9999,223978.2,20.72,-1,0.0837787406854498,0.9987272445591616,0,0.5992363467354969,5,1.818181818181818,0.2727272727272727,N4 S2 O6,de-protonated,0,-9999,C22 H40 O6 N4 S2,22,40,6,4,-9999,2,-9999,N/A,-9999,-9999,N/A,-9999
2564,519.25538,519.2554124401944,519.255085507839,3116371.8,-9999,274474.7,23.65,-1,0.6296180134134433,0.46529816733288953,0.7871578612348809,0.5940420448936861,4,1.8,0.28,S1 P1 O7,de-protonated,0,-9999,C25 H45 O7 P1 S1,25,45,7,-9999,1,1,-9999,N/A,-9999,-9999,N/A,-9999
2565,520.152318,520.1523511512049,520.1527914637991,2539416,-9999,295736,18.96,-1,-0.8465062600388383,0.8780768137668702,0,0.5268460882601221,2,1.9444444444444444,0.6666666666666666,N1 S2 O12,de-protonated,0,-9999,C18 H35 O12 N1 S2,18,35,12,1,-9999,2,-9999,N/A,-9999,-9999,N/A,-9999
2565,520.152318,520.1523511512049,520.152278399549,2539416,-9999,295736,18.96,-1,0.13986607180643237,0.4982283495794338,0.7489023467070351,0.5984979484304743,20,0.8709677419354839,0.03225806451612903,N3 S2 O1,de-protonated,0,-9999,C31 H27 O1 N3 S2,31,27,1,3,-9999,2,-9999,N/A,-9999,-9999,N/A,-9999
2565,520.152318,520.1523511512049,520.152411341279,2539416,-9999,295736,18.96,-1,-0.1157162262650072,0.9975733068235896,0,0.5985439840941537,7,1.6,0.45,N3 S1 P1 O9,de-protonated,0,-9999,C20 H32 O9 N3 P1 S1,20,32,9,3,1,1,-9999,N/A,-9999,-9999,N/A,-9999
2566,520.154173,520.1542061526753,520.153932169829,5043097,-9999,201807,39.27,-1,0.526734163498303,0.4754517305575969,0.7612342259156646,0.589764728700824,15,1.103448275862069,0.06896551724137931,N1 S2 P1 O2,de-protonated,0,-9999,C29 H32 O2 N1 P1 S2,29,32,2,1,1,2,-9999,N/A,-9999,-9999,N/A,-9999
2567,520.199029,520.199062188233,520.198559887669,1691830.3,-9999,367036,12.09,-1,0.9655939149516414,0.844358928939446,0,0.5066153573636676,14,1.1666666666666667,0.1,N1 S2 O3,de-protonated,0,-9999,C30 H35 O3 N1 S2,30,35,3,1,-9999,2,-9999,N/A,-9999,-9999,N/A,-9999
2567,520.199029,520.199062188233,520.198692829399,1691830.3,-9999,367036,12.09,-1,0.7100341449435214,0.9125822316861134,0,0.547549339011668,1,2.1052631578947367,0.5789473684210527,N1 S1 P1 O11,de-protonated,0,-9999,C19 H40 O11 N1 P1 S1,19,40,11,1,1,1,-9999,N/A,-9999,-9999,N/A,-9999
2567,520.199029,520.199062188233,520.199540982569,1691830.3,-9999,367036,12.09,-1,-0.9204051489548088,0.8575176962146188,0,0.5145106177287713,2,2.0588235294117645,0.8823529411764706,N3 O15,de-protonated,0,-9999,C17 H35 O15 N3,17,35,15,3,-9999,-9999,-9999,N/A,-9999,-9999,N/A,-9999
2567,520.199029,520.199062188233,520.198891572699,1691830.3,-9999,367036,12.09,-1,0.32798134858203515,0.980670502102878,0.9608430775747752,0.9727395322916368,20,0.9666666666666668,0.06666666666666667,13C1 N4 P1 O2,de-protonated,1,2562,C30 H29 O2 N4 P1 13C1,30,29,2,4,1,-9999,1,N/A,-9999,-9999,N/A,-9999
2567,520.199029,520.199062188233,520.1986202465391,1691830.3,-9999,367036,12.09,-1,0.8495633719631169,0.8772510856492373,0.9731498786874496,0.915610602864522,6,1.8,0.35,13C1 N4 S2 O7,de-protonated,1,2562,C20 H36 O7 N4 S2 13C1,20,36,7,4,-9999,2,1,N/A,-9999,-9999,N/A,-9999
2572,520.962488,520.9625217934336,520.962361463409,1889957.5,-9999,290454.4,13.69,-1,0.3077574051175042,0.9829609908004924,0,0.5897765944802953,17,0.4117647058823529,0.8235294117647058,N4 P1 O14,de-protonated,0,-9999,C17 H7 O14 N4 P1,17,7,14,4,1,-9999,-9999,N/A,-9999,-9999,N/A,-9999
2573,520.963962,520.963995794602,520.964262414479,1987494.4,-9999,258755.8,14.48,-1,-0.5117815100964753,0.953586540759104,0,0.5721519244554625,20,0.4166666666666667,0.4166666666666667,S2 O10,de-protonated,0,-9999,C24 H10 O10 S2,24,10,10,-9999,-9999,2,-9999,N/A,-9999,-9999,N/A,-9999
2574,521.063727,521.0637608736865,521.064174412439,2035943.3,-9999,425803.4,14.87,-1,-0.7936426505136829,0.4460001365172788,0.7141928963326544,0.553277240443429,31,0.3783783783783784,0.05405405405405406,S1 O2,de-protonated,0,-9999,C37 H14 O2 S1,37,14,2,-9999,-9999,1,-9999,N/A,-9999,-9999,N/A,-9999
2574,521.063727,521.0637608736865,521.064036028009,2035943.3,-9999,425803.4,14.87,-1,-0.5280623943610357,0.9506617607384832,0,0.5703970564430899,4,1.625,0.9375,S2 O15,de-protonated,0,-9999,C16 H26 O15 S2,16,26,15,-9999,-9999,2,-9999,N/A,-9999,-9999,N/A,-9999
2574,521.063727,521.0637608736865,521.063522963759,2035943.3,-9999,425803.4,14.87,-1,0.45658526646506,0.9628798639957596,0,0.5777279183974557,22,0.6206896551724138,0.13793103448275862,N2 S2 O4,de-protonated,0,-9999,C29 H18 O4 N2 S2,29,18,4,2,-9999,2,-9999,N/A,-9999,-9999,N/A,-9999
2574,521.063727,521.0637608736865,521.0636559054891,2035943.3,-9999,425803.4,14.87,-1,0.20144985405142668,0.9926634860581456,0,0.5955980916348873,9,1.2777777777777777,0.6666666666666666,N2 S1 P1 O12,de-protonated,0,-9999,C18 H23 O12 N2 P1 S1,18,23,12,2,1,1,-9999,N/A,-9999,-9999,N/A,-9999
2575,521.065252,521.0652858748955,521.065176734039,3388904.3,-9999,223446.7,25.85,-1,0.20945720677451984,0.4960355131854598,0.7739790330151772,0.6072129211173468,17,0.8518518518518519,0.18518518518518515,S2 P1 O5,de-protonated,0,-9999,C27 H23 O5 P1 S2,27,23,5,-9999,1,2,-9999,N/A,-9999,-9999,N/A,-9999
2575,521.065252,521.0652858748955,521.0656447646891,3388904.3,-9999,223446.7,25.85,-1,-0.6887611900345267,0.458761422121984,0.7739790330151772,0.5848484664792613,23,0.5555555555555556,0.2222222222222222,N4 P1 O6,de-protonated,0,-9999,C27 H15 O6 N4 P1,27,15,6,4,1,-9999,-9999,N/A,-9999,-9999,N/A,-9999
2575,521.065252,521.0652858748955,521.065373438529,3388904.3,-9999,223446.7,25.85,-1,-0.1680473084680255,0.994889013394208,0,0.5969334080365247,9,1.2941176470588236,0.6470588235294118,N4 S2 O11,de-protonated,0,-9999,C17 H22 O11 N4 S2,17,22,11,4,-9999,2,-9999,N/A,-9999,-9999,N/A,-9999
2576,521.102048,521.1020819040639,521.101562243389,5794304,-9999,195681.1,45.36,-1,0.997234920227275,0.4174486175578402,0.7675537279851021,0.557490661728745,16,0.9642857142857144,0.14285714285714285,S2 P1 O4,de-protonated,0,-9999,C28 H27 O4 P1 S2,28,27,4,-9999,1,2,-9999,N/A,-9999,-9999,N/A,-9999
2576,521.102048,521.1020819040639,521.1024103965591,5794304,-9999,195681.1,45.36,-1,-0.6303799189185617,0.4652171238139899,0.7805128205128199,0.5913354024935219,17,0.8461538461538461,0.3076923076923077,N2 S1 O8,de-protonated,0,-9999,C26 H22 O8 N2 S1,26,22,8,2,-9999,1,-9999,N/A,-9999,-9999,N/A,-9999
2576,521.102048,521.1020819040639,521.1020302740391,5794304,-9999,195681.1,45.36,-1,0.09907853321263103,0.49911019212676994,0.7675537279851021,0.6064876064701028,22,0.6785714285714286,0.17857142857142858,N4 P1 O5,de-protonated,0,-9999,C28 H19 O5 N4 P1,28,19,5,4,1,-9999,-9999,N/A,-9999,-9999,N/A,-9999
2576,521.102048,521.1020819040639,521.101758947879,5794304,-9999,195681.1,45.36,-1,0.6197564665637253,0.4663395453005949,0.8370420509349343,0.6146205475543307,8,1.4444444444444444,0.5555555555555556,N4 S2 O10,de-protonated,0,-9999,C18 H26 O10 N4 S2,18,26,10,4,-9999,2,-9999,N/A,-9999,-9999,N/A,-9999
2577,521.134042,521.1340759294259,521.134576449419,4826645,-9999,318234.9,37.51,-1,-0.9604428793323528,0.4229401427666697,0.7428850341668536,0.5509180993267433,20,0.84375,0.09375,S1 P1 O3,de-protonated,0,-9999,C32 H27 O3 P1 S1,32,27,3,-9999,1,1,-9999,N/A,-9999,-9999,N/A,-9999
2577,521.134042,521.1340759294259,521.1339250007389,4826645,-9999,318234.9,37.51,-1,0.2896159311347644,0.4924478942987402,0.7939170211058493,0.6130355450215839,11,1.2916666666666667,0.20833333333333337,N2 S2 P1 O5,de-protonated,0,-9999,C24 H31 O5 N2 P1 S2,24,31,5,2,1,2,-9999,N/A,-9999,-9999,N/A,-9999
2578,521.135904,521.1359379309018,521.136293982459,5998102,-9999,230100.4,47.02,-1,-0.6832215704994554,0.4593945170059696,0.7489023467070351,0.5751976488863959,20,0.8387096774193549,0.06451612903225806,N2 S2 O2,de-protonated,0,-9999,C31 H26 O2 N2 S2,31,26,2,2,-9999,2,-9999,N/A,-9999,-9999,N/A,-9999
2578,521.135904,521.1359379309018,521.1354246025891,5998102,-9999,230100.4,47.02,-1,0.9850190344570476,0.419286829390907,0.7550179348240813,0.5535792715641767,21,0.7333333333333333,0.23333333333333336,N2 O7,de-protonated,0,-9999,C30 H22 O7 N2,30,22,7,2,-9999,-9999,-9999,N/A,-9999,-9999,N/A,-9999
2578,521.135904,521.1359379309018,521.1364269241891,5998102,-9999,230100.4,47.02,-1,-0.93832106527081,0.42617593410449006,0.8221557383861047,0.5845678558171359,7,1.55,0.5,N2 S1 P1 O10,de-protonated,0,-9999,C20 H31 O10 N2 P1 S1,20,31,10,2,1,1,-9999,N/A,-9999,-9999,N/A,-9999
2579,521.138542,521.138575932993,521.138795905909,7892504,-9999,273502.3,62.38,-1,-0.42210044170767447,0.9840912241879596,0.96312459217801,0.9757045713839798,16,0.9629629629629628,0.25925925925925924,N2 S1 O7,de-protonated,0,-9999,C27 H26 O7 N2 S1,27,26,7,2,-9999,1,-9999,N/A,-9999,-9999,N/A,-9999
2579,521.138542,521.138575932993,521.138928847639,7892504,-9999,273502.3,62.38,-1,-0.6771987783895448,0.9539648922945564,0.9583770603977012,0.9557297595358144,3,1.9375,0.9375,N2 P1 O15,de-protonated,0,-9999,C16 H31 O15 N2 P1,16,31,15,2,1,-9999,-9999,N/A,-9999,-9999,N/A,-9999
2579,521.138542,521.138575932993,521.1384157833891,7892504,-9999,273502.3,62.38,-1,0.3073072318616314,0.9463515570179336,0.9503797850784974,0.9479628482421592,21,0.7931034482758621,0.13793103448275862,N4 P1 O4,de-protonated,0,-9999,C29 H23 O4 N4 P1,29,23,4,4,1,-9999,-9999,N/A,-9999,-9999,N/A,-9999
2579,521.138542,521.138575932993,521.138144457229,7892504,-9999,273502.3,62.38,-1,0.8279489202475088,0.4415207996179624,0.8295321147073605,0.5967253256537217,7,1.5789473684210529,0.47368421052631576,N4 S2 O9,de-protonated,0,-9999,C19 H30 O9 N4 S2,19,30,9,4,-9999,2,-9999,N/A,-9999,-9999,N/A,-9999
2580,521.17271,521.1727439600784,521.173192556059,3977774,-9999,316546.3,30.63,-1,-0.8607426226754739,0.4371064611230472,0.8295321147073605,0.5940767225567726,1,2,0.631578947368421,S2 O12,de-protonated,0,-9999,C19 H38 O12 S2,19,38,12,-9999,-9999,2,-9999,N/A,-9999,-9999,N/A,-9999
2580,521.17271,521.1727439600784,521.172323176189,3977774,-9999,316546.3,30.63,-1,0.8073795760855551,0.444223864551302,0.8370420509349343,0.601351139104755,2,1.8888888888888888,0.9444444444444444,O17,de-protonated,0,-9999,C18 H34 O17,18,34,17,-9999,-9999,-9999,-9999,N/A,-9999,-9999,N/A,-9999
2580,521.17271,521.1727439600784,521.1726794918089,3977774,-9999,316546.3,30.63,-1,0.1236984822491148,0.4986137236133417,0.7428850341668536,0.5963222478347465,19,0.9375,0.03125,N2 S2 O1,de-protonated,0,-9999,C32 H30 O1 N2 S2,32,30,1,2,-9999,2,-9999,N/A,-9999,-9999,N/A,-9999
2580,521.17271,521.1727439600784,521.1728124335391,3977774,-9999,316546.3,30.63,-1,-0.13138340888329594,0.4984364026121699,0.8149093904448103,0.625025597745226,6,1.6666666666666667,0.42857142857142855,N2 S1 P1 O9,de-protonated,0,-9999,C21 H35 O9 N2 P1 S1,21,35,9,2,1,1,-9999,N/A,-9999,-9999,N/A,-9999
2581,521.174598,521.174631961575,521.174333262089,8253999,-9999,246540.5,65.31,-1,0.573127774863394,0.31404665324769215,0.7072361098895067,0.471322435904418,14,1.1666666666666667,0.06666666666666667,S2 P1 O2,de-protonated,0,-9999,C30 H35 O2 P1 S2,30,35,2,-9999,1,2,-9999,N/A,-9999,-9999,N/A,-9999
2581,521.174598,521.174631961575,521.1748012927391,8253999,-9999,246540.5,65.31,-1,-0.3249028227803608,0.4905141076955125,0.7550179348240813,0.59631563854694,20,0.9,0.1,N4 P1 O3,de-protonated,0,-9999,C30 H27 O3 N4 P1,30,27,3,4,1,-9999,-9999,N/A,-9999,-9999,N/A,-9999
2581,521.174598,521.174631961575,521.174529966579,8253999,-9999,246540.5,65.31,-1,0.19570218816437523,0.3310249083020635,0.7658154272139523,0.504941115866819,6,1.7,0.4,N4 S2 O8,de-protonated,0,-9999,C20 H34 O8 N4 S2,20,34,8,4,-9999,2,-9999,N/A,-9999,-9999,N/A,-9999
2582,521.210891,521.2109249903447,521.210718771439,5554247,-9999,189260.5,43.41,-1,0.3956536161268277,0.4859976543122468,0.7489023467070353,0.5911595312701622,13,1.2580645161290325,0.03225806451612903,S2 P1 O1,de-protonated,0,-9999,C31 H39 O1 P1 S2,31,39,1,-9999,1,2,-9999,N/A,-9999,-9999,N/A,-9999
2582,521.210891,521.2109249903447,521.2111868020891,5554247,-9999,189260.5,43.41,-1,-0.5023141310546144,0.4776245956156082,0.7489023467070351,0.5861356960521791,19,1,0.06451612903225806,N4 P1 O2,de-protonated,0,-9999,C31 H31 O2 N4 P1,31,31,2,4,1,-9999,-9999,N/A,-9999,-9999,N/A,-9999
2582,521.210891,521.2109249903447,521.210915475929,5554247,-9999,189260.5,43.41,-1,0.01825444432390742,0.4999697693184912,0.8149093904448103,0.6259456177690188,5,1.8095238095238095,0.3333333333333333,N4 S2 O7,de-protonated,0,-9999,C21 H38 O7 N4 S2,21,38,7,4,-9999,2,-9999,N/A,-9999,-9999,N/A,-9999
2583,521.246809,521.2468430188172,521.2473009852791,2328670.3,-9999,232085.5,17.25,-1,-0.8785972820252321,0.8693006317581801,0,0.5215803790549081,4,1.9090909090909092,0.2727272727272727,N4 S2 O6,de-protonated,0,-9999,C22 H42 O6 N4 S2,22,42,6,4,-9999,2,-9999,N/A,-9999,-9999,N/A,-9999
2583,521.246809,521.2468430188172,521.246431605409,2328670.3,-9999,232085.5,17.25,-1,0.7892877212037122,0.8931167078699634,0,0.5358700247219781,5,1.8095238095238095,0.5238095238095238,N4 O11,de-protonated,0,-9999,C21 H38 O11 N4,21,38,11,4,-9999,-9999,-9999,N/A,-9999,-9999,N/A,-9999
2584,521.252445,521.2524790232849,521.251975185959,2385761.8,-9999,351186.6,17.71,-1,0.966590727341217,0.4220319491581943,0.7253996187124169,0.5433790169798833,17,1.0857142857142856,0.05714285714285714,S1 O2,de-protonated,0,-9999,C35 H38 O2 S1,35,38,2,-9999,-9999,1,-9999,N/A,-9999,-9999,N/A,-9999
2584,521.252445,521.2524790232849,521.252977507559,2385761.8,-9999,351186.6,17.71,-1,-0.956319283725102,0.8470942849807822,0,0.5082565709884693,3,1.88,0.2,S2 P1 O5,de-protonated,0,-9999,C25 H47 O5 P1 S2,25,47,5,-9999,1,2,-9999,N/A,-9999,-9999,N/A,-9999
2584,521.252445,521.2524790232849,521.252108127689,2385761.8,-9999,351186.6,17.71,-1,0.711547426110179,0.91222608206234,0,0.547335649237404,4,1.7916666666666667,0.4166666666666667,P1 O10,de-protonated,0,-9999,C24 H43 O10 P1,24,43,10,-9999,1,-9999,-9999,N/A,-9999,-9999,N/A,-9999
2585,521.253919,521.2539530244534,521.253825660729,3462754.8,-9999,196744.6,26.45,-1,0.244341083126437,0.49461275657300297,0.8007932653391622,0.6170849600794667,4,1.826086956521739,0.391304347826087,N2 S1 O9,de-protonated,0,-9999,C23 H42 O9 N2 S1,23,42,9,2,-9999,1,-9999,N/A,-9999,-9999,N/A,-9999
2585,521.253919,521.2539530244534,521.2543149180791,3462754.8,-9999,196744.6,26.45,-1,-0.6942745898985268,0.4581271243033346,0.7805128205128198,0.5870814027871287,8,1.6538461538461535,0.03846153846153846,N4 S2 P1 O1,de-protonated,0,-9999,C26 H43 O1 N4 P1 S2,26,43,1,4,1,2,-9999,N/A,-9999,-9999,N/A,-9999
2585,521.253919,521.2539530244534,521.2534455382091,3462754.8,-9999,196744.6,26.45,-1,0.9735882776482876,0.42099357907019674,0.787157861234881,0.5674592919360705,9,1.56,0.24,N4 P1 O6,de-protonated,0,-9999,C25 H39 O6 N4 P1,25,39,6,4,1,-9999,-9999,N/A,-9999,-9999,N/A,-9999
2586,522.142113,522.1421477285323,522.1421507409791,1841060.5,-9999,255781,13.29,-1,-0.0057693997012212,0.9999939603221814,0.96312459217801,0.9852462130645128,16,1,0.2692307692307692,13C1 N2 S1 O7,de-protonated,1,2579,C26 H26 O7 N2 S1 13C1,26,26,7,2,-9999,1,1,N/A,-9999,-9999,N/A,-9999
2586,522.142113,522.1421477285323,522.142283682709,1841060.5,-9999,255781,13.29,-1,-0.2603776421627173,0.9877737663690528,0.9583770603977012,0.9760150839805122,3,2.066666666666667,1,13C1 N2 P1 O15,de-protonated,1,2579,C15 H31 O15 N2 P1 13C1,15,31,15,2,1,-9999,1,N/A,-9999,-9999,N/A,-9999
2586,522.142113,522.1421477285323,522.1417706184591,1841060.5,-9999,255781,13.29,-1,0.7222369373217773,0.9096927375062952,0.9503797850784974,0.925967556535176,21,0.8214285714285714,0.14285714285714285,13C1 N4 P1 O4,de-protonated,1,2579,C28 H23 O4 N4 P1 13C1,28,23,4,4,1,-9999,1,N/A,-9999,-9999,N/A,-9999
2590,523.079067,523.0791024712638,523.0791730282191,2224903.5,-9999,404090.5,16.4,-1,-0.13488771665439178,0.9967040399350642,0,0.5980224239610384,21,0.6896551724137931,0.13793103448275862,N2 S2 O4,de-protonated,0,-9999,C29 H20 O4 N2 S2,29,20,4,2,-9999,2,-9999,N/A,-9999,-9999,N/A,-9999
2590,523.079067,523.0791024712638,523.0793059699491,2224903.5,-9999,404090.5,16.4,-1,-0.38903983201144304,0.9729110493686608,0,0.5837466296211964,8,1.3888888888888888,0.6666666666666666,N2 S1 P1 O12,de-protonated,0,-9999,C18 H25 O12 N2 P1 S1,18,25,12,2,1,1,-9999,N/A,-9999,-9999,N/A,-9999
2590,523.079067,523.0791024712638,523.0787929056991,2224903.5,-9999,404090.5,16.4,-1,0.5918144052999115,0.46921295726645984,0.7489023467070351,0.58108871304269,26,0.5483870967741935,0.03225806451612903,N4 S1 P1 O1,de-protonated,0,-9999,C31 H17 O1 N4 P1 S1,31,17,1,4,1,1,-9999,N/A,-9999,-9999,N/A,-9999
2591,523.081067,523.0811024728492,523.0808267984991,5012233,-9999,196300.7,39.01,-1,0.5270205598338988,0.4754256956907335,0.7739790330151771,0.5948470306205109,16,0.925925925925926,0.18518518518518515,S2 P1 O5,de-protonated,0,-9999,C27 H25 O5 P1 S2,27,25,5,-9999,1,2,-9999,N/A,-9999,-9999,N/A,-9999
2591,523.081067,523.0811024728492,523.081294829149,5012233,-9999,196300.7,39.01,-1,-0.3677369113568404,0.4878806047228976,0.7739790330151771,0.6023199760398095,22,0.6296296296296297,0.2222222222222222,N4 P1 O6,de-protonated,0,-9999,C27 H17 O6 N4 P1,27,17,6,4,1,-9999,-9999,N/A,-9999,-9999,N/A,-9999
2591,523.081067,523.0811024728492,523.0810235029891,5012233,-9999,196300.7,39.01,-1,0.15097060803402992,0.4979364693872667,0.8446892076502734,0.6366375646924693,8,1.411764705882353,0.6470588235294118,N4 S2 O11,de-protonated,0,-9999,C17 H24 O11 N4 S2,17,24,11,4,-9999,2,-9999,N/A,-9999,-9999,N/A,-9999
2592,523.115877,523.1159125004434,523.116209986249,3705119.5,-9999,240076.4,28.4,-1,-0.568680151635036,0.47150425045008465,0.7087183895694522,0.5663899060978317,29,0.5263157894736842,0.02631578947368421,S1 O1,de-protonated,0,-9999,C38 H20 O1 S1,38,20,1,-9999,-9999,1,-9999,N/A,-9999,-9999,N/A,-9999
2592,523.115877,523.1159125004434,523.1163429279791,3705119.5,-9999,240076.4,28.4,-1,-0.8228141626249145,0.4422003844998953,0.7739790330151771,0.574911843906008,16,0.925925925925926,0.3333333333333333,P1 O9,de-protonated,0,-9999,C27 H25 O9 P1,27,25,9,-9999,1,-9999,-9999,N/A,-9999,-9999,N/A,-9999
2592,523.115877,523.1159125004434,523.116071601819,3705119.5,-9999,240076.4,28.4,-1,-0.30414163178452724,0.9833556827386156,0,0.5900134096431694,2,1.8823529411764703,0.8235294117647058,S2 O14,de-protonated,0,-9999,C17 H32 O14 S2,17,32,14,-9999,-9999,2,-9999,N/A,-9999,-9999,N/A,-9999
2592,523.115877,523.1159125004434,523.115558537569,3705119.5,-9999,240076.4,28.4,-1,0.6766437523509128,0.4601407421627924,0.7550179348240812,0.5780916192273079,20,0.8,0.1,N2 S2 O3,de-protonated,0,-9999,C30 H24 O3 N2 S2,30,24,3,2,-9999,2,-9999,N/A,-9999,-9999,N/A,-9999
2592,523.115877,523.1159125004434,523.115691479299,3705119.5,-9999,240076.4,28.4,-1,0.4225091084020433,0.4840639263876892,0.8295321147073604,0.6222512017155577,7,1.5263157894736843,0.5789473684210527,N2 S1 P1 O11,de-protonated,0,-9999,C19 H29 O11 N2 P1 S1,19,29,11,2,1,1,-9999,N/A,-9999,-9999,N/A,-9999
2593,523.117435,523.1174705016784,523.1172123078491,7679776.5,-9999,232870.8,60.65,-1,0.4935678339514877,0.4783800632172181,0.7675537279851021,0.5940495291243717,15,1.0357142857142858,0.14285714285714285,S2 P1 O4,de-protonated,0,-9999,C28 H29 O4 P1 S2,28,29,4,-9999,1,2,-9999,N/A,-9999,-9999,N/A,-9999
2593,523.117435,523.1174705016784,523.1176803384991,7679776.5,-9999,232870.8,60.65,-1,-0.4011273725696132,0.4856132036600283,0.7675537279851021,0.5983894133900578,21,0.75,0.17857142857142858,N4 P1 O5,de-protonated,0,-9999,C28 H21 O5 N4 P1,28,21,5,4,1,-9999,-9999,N/A,-9999,-9999,N/A,-9999
2593,523.117435,523.1174705016784,523.1174090123391,7679776.5,-9999,232870.8,60.65,-1,0.11754405094107748,0.4987480676412897,0.8370420509349343,0.6340656609587476,7,1.5555555555555556,0.5555555555555556,N4 S2 O10,de-protonated,0,-9999,C18 H28 O10 N4 S2,18,28,10,4,-9999,2,-9999,N/A,-9999,-9999,N/A,-9999
2594,523.130966,523.1310015124046,523.131327743109,1746217.4,-9999,331549.5,12.51,-1,-0.6236114853585392,0.9318682725778342,0,0.5591209635467005,6,1.5238095238095235,0.5238095238095238,S2 O11,de-protonated,0,-9999,C21 H32 O11 S2,21,32,11,-9999,-9999,2,-9999,N/A,-9999,-9999,N/A,-9999
2594,523.130966,523.1310015124046,523.130947620589,1746217.4,-9999,331549.5,12.51,-1,0.10301783105682394,0.9980761972176766,0,0.598845718330606,11,1.2608695652173914,0.34782608695652173,N2 S1 P1 O8,de-protonated,0,-9999,C23 H29 O8 N2 P1 S1,23,29,8,2,1,1,-9999,N/A,-9999,-9999,N/A,-9999
2595,523.13275,523.1327855138188,523.1324684491391,3407146.8,-9999,297533,25.99,-1,0.6060887038312059,0.4677594181004115,0.7428850341668536,0.5778096645269883,19,0.90625,0.03125,S2 P1 O1,de-protonated,0,-9999,C32 H29 O1 P1 S2,32,29,1,-9999,1,2,-9999,N/A,-9999,-9999,N/A,-9999
2595,523.13275,523.1327855138188,523.132936479789,3407146.8,-9999,297533,25.99,-1,-0.2885805111187188,0.49250139132887033,0.7428850341668535,0.5926548484640636,25,0.65625,0.0625,N4 P1 O2,de-protonated,0,-9999,C32 H21 O2 N4 P1,32,21,2,4,1,-9999,-9999,N/A,-9999,-9999,N/A,-9999
2595,523.13275,523.1327855138188,523.1326651536291,3407146.8,-9999,297533,25.99,-1,0.23007584450991383,0.4952205066735667,0.8077896627745539,0.6202481691139616,11,1.2727272727272727,0.3181818181818182,N4 S2 O7,de-protonated,0,-9999,C22 H28 O7 N4 S2,22,28,7,4,-9999,2,-9999,N/A,-9999,-9999,N/A,-9999
2596,523.152159,523.1521945292045,523.152457111169,4588855.5,-9999,343540.9,35.57,-1,-0.501922452939467,0.4776586851723308,0.8370420509349343,0.6214120314773722,1,2,0.7222222222222222,S2 O13,de-protonated,0,-9999,C18 H36 O13 S2,18,36,13,-9999,-9999,2,-9999,N/A,-9999,-9999,N/A,-9999
2596,523.152159,523.1521945292045,523.1519440469191,4588855.5,-9999,343540.9,35.57,-1,0.4787945228413303,0.47962859327241025,0.7489023467070351,0.5873380946462603,19,0.9032258064516128,0.06451612903225806,N2 S2 O2,de-protonated,0,-9999,C31 H28 O2 N2 S2,31,28,2,2,-9999,2,-9999,N/A,-9999,-9999,N/A,-9999
2596,523.152159,523.1521945292045,523.152076988649,4588855.5,-9999,343540.9,35.57,-1,0.22467760458825217,0.49544114317416343,0.8221557383861046,0.6261269812589398,6,1.65,0.5,N2 S1 P1 O10,de-protonated,0,-9999,C20 H33 O10 N2 P1 S1,20,33,10,2,1,1,-9999,N/A,-9999,-9999,N/A,-9999
2597,523.153943,523.1539785306187,523.153597817199,8255288.5,-9999,199281.2,65.31,-1,0.7277278054350527,0.6282181334669575,0.9320156684839652,0.7497371474737606,14,1.137931034482759,0.10344827586206896,S2 P1 O3,de-protonated,0,-9999,C29 H33 O3 P1 S2,29,33,3,-9999,1,2,-9999,N/A,-9999,-9999,N/A,-9999
2597,523.153943,523.1539785306187,523.154445970369,8255288.5,-9999,199281.2,65.31,-1,-0.8935023947707605,0.432572165642668,0.7739790330151771,0.5691349125916716,15,1.037037037037037,0.25925925925925924,N2 S1 O7,de-protonated,0,-9999,C27 H28 O7 N2 S1,27,28,7,2,-9999,1,-9999,N/A,-9999,-9999,N/A,-9999
2597,523.153943,523.1539785306187,523.1540658478491,8255288.5,-9999,199281.2,65.31,-1,-0.1669053842751763,0.9727108937029488,0.9805622416605732,0.9758514328859986,20,0.8620689655172413,0.13793103448275862,N4 P1 O4,de-protonated,0,-9999,C29 H25 O4 N4 P1,29,25,4,4,1,-9999,-9999,N/A,-9999,-9999,N/A,-9999
2597,523.153943,523.1539785306187,523.1537945216891,8255288.5,-9999,199281.2,65.31,-1,0.3517300869523159,0.6592594341262386,0.9309001147828634,0.7679157063888885,6,1.6842105263157894,0.47368421052631576,N4 S2 O9,de-protonated,0,-9999,C19 H32 O9 N4 S2,19,32,9,4,-9999,2,-9999,N/A,-9999,-9999,N/A,-9999
2598,523.182429,523.1824645531998,523.1829693937491,1862987,-9999,232616.1,13.46,-1,-0.9649407164038812,0.8445521495376827,0,0.5067312897226096,9,1.3846153846153846,0.2692307692307692,S2 O7,de-protonated,0,-9999,C26 H36 O7 S2,26,36,7,-9999,-9999,2,-9999,N/A,-9999,-9999,N/A,-9999
2598,523.182429,523.1824645531998,523.182100013879,1862987,-9999,232616.1,13.46,-1,0.6967733047236698,0.9156765628468284,0,0.5494059377080971,10,1.28,0.48,O12,de-protonated,0,-9999,C25 H32 O12,25,32,12,-9999,-9999,-9999,-9999,N/A,-9999,-9999,N/A,-9999
2598,523.182429,523.1824645531998,523.1825892712291,1862987,-9999,232616.1,13.46,-1,-0.23838337098165907,0.9897418596878422,0,0.5938451158127053,14,1.1785714285714286,0.14285714285714285,N2 S1 P1 O4,de-protonated,0,-9999,C28 H33 O4 N2 P1 S1,28,33,4,2,1,1,-9999,N/A,-9999,-9999,N/A,-9999
2599,523.188355,523.1883905578974,523.188842620519,4090703,-9999,329012.9,31.53,-1,-0.8640524889588375,0.436653913695248,0.8295321147073604,0.593805194100093,0,2.1052631578947367,0.631578947368421,S2 O12,de-protonated,0,-9999,C19 H40 O12 S2,19,40,12,-9999,-9999,2,-9999,N/A,-9999,-9999,N/A,-9999
2599,523.188355,523.1883905578974,523.1879732406491,4090703,-9999,329012.9,31.53,-1,0.7976430454540713,0.4454852766338518,0.8370420509349343,0.6021079863542849,1,2,0.9444444444444444,O17,de-protonated,0,-9999,C18 H36 O17,18,36,17,-9999,-9999,-9999,-9999,N/A,-9999,-9999,N/A,-9999
2599,523.188355,523.1883905578974,523.188329556269,4090703,-9999,329012.9,31.53,-1,0.11659592724799002,0.498768157846562,0.7428850341668536,0.5964149083746786,18,1,0.03125,N2 S2 O1,de-protonated,0,-9999,C32 H32 O1 N2 S2,32,32,1,2,-9999,2,-9999,N/A,-9999,-9999,N/A,-9999
2599,523.188355,523.1883905578974,523.188462497999,4090703,-9999,329012.9,31.53,-1,-0.13750322644835125,0.49828760141019673,0.8149093904448103,0.6249363170240421,5,1.761904761904762,0.42857142857142855,N2 S1 P1 O9,de-protonated,0,-9999,C21 H37 O9 N2 P1 S1,21,37,9,2,1,1,-9999,N/A,-9999,-9999,N/A,-9999
2600,523.189944,523.189979559157,523.1899833265489,6953808,-9999,210229.5,54.76,-1,-0.00720081053754414,0.9277342892623514,0.972308039331794,0.9455637892901284,13,1.2333333333333334,0.06666666666666667,S2 P1 O2,de-protonated,0,-9999,C30 H37 O2 P1 S2,30,37,2,-9999,1,2,-9999,N/A,-9999,-9999,N/A,-9999
2600,523.189944,523.189979559157,523.1904513571991,6953808,-9999,210229.5,54.76,-1,-0.9017711253622802,0.931299677582466,0.9723080393317942,0.9477030222821972,19,0.9666666666666668,0.1,N4 P1 O3,de-protonated,0,-9999,C30 H29 O3 N4 P1,30,29,3,4,1,-9999,-9999,N/A,-9999,-9999,N/A,-9999
2600,523.189944,523.189979559157,523.1901800310391,6953808,-9999,210229.5,54.76,-1,-0.3831721039857507,0.9599376436070984,0.9605541571061824,0.9601842490067322,5,1.8,0.4,N4 S2 O8,de-protonated,0,-9999,C20 H36 O8 N4 S2,20,36,8,4,-9999,2,-9999,N/A,-9999,-9999,N/A,-9999
2601,523.226426,523.2264615880765,523.226368835899,3445095.8,-9999,205136,26.29,-1,0.17726969241245782,0.4971571415100966,0.7489023467070353,0.5978552235888721,12,1.3225806451612905,0.03225806451612903,S2 P1 O1,de-protonated,0,-9999,C31 H41 O1 P1 S2,31,41,1,-9999,1,2,-9999,N/A,-9999,-9999,N/A,-9999
2601,523.226426,523.2264615880765,523.226836866549,3445095.8,-9999,205136,26.29,-1,-0.7172385780296298,0.4554405703785375,0.7489023467070351,0.5728252809099366,18,1.064516129032258,0.06451612903225806,N4 P1 O2,de-protonated,0,-9999,C31 H33 O2 N4 P1,31,33,2,4,1,-9999,-9999,N/A,-9999,-9999,N/A,-9999
2601,523.226426,523.2264615880765,523.2265655403891,3445095.8,-9999,205136,26.29,-1,-0.19867552488552567,0.49643172546300135,0.8149093904448101,0.6238227914557248,4,1.9047619047619049,0.3333333333333333,N4 S2 O7,de-protonated,0,-9999,C21 H40 O7 N4 S2,21,40,7,4,-9999,2,-9999,N/A,-9999,-9999,N/A,-9999
2602,524.157107,524.1571433258354,524.1569526522691,2319304.5,-9999,316115,16.32,-1,0.3637718918529791,0.6508499135951028,0.9320156684839652,0.7633162155506479,14,1.1785714285714286,0.10714285714285714,13C1 S2 P1 O3,de-protonated,1,2597,C28 H33 O3 P1 S2 13C1,28,33,3,-9999,1,2,1,N/A,-9999,-9999,N/A,-9999
2602,524.157107,524.1571433258354,524.157088997889,2319304.5,-9999,316115,16.32,-1,0.10364821446293918,0.9980526040477598,0,0.5988315624286559,14,1.1071428571428572,0.17857142857142858,N1 S2 O5,de-protonated,0,-9999,C28 H31 O5 N1 S2,28,31,5,1,-9999,2,-9999,N/A,-9999,-9999,N/A,-9999
2602,524.157107,524.1571433258354,524.157221939619,2319304.5,-9999,316115,16.32,-1,-0.14998130404525872,0.9959267405190234,0,0.5975560443114141,1,2.1176470588235294,0.7647058823529411,N1 S1 P1 O13,de-protonated,0,-9999,C17 H36 O13 N1 P1 S1,17,36,13,1,1,1,-9999,N/A,-9999,-9999,N/A,-9999
2602,524.157107,524.1571433258354,524.1567088753691,2319304.5,-9999,316115,16.32,-1,0.8288560633306007,0.4414004089110262,0.7550179348240813,0.5668474192762483,19,0.9333333333333332,0.06666666666666667,N3 S1 P1 O2,de-protonated,0,-9999,C30 H28 O2 N3 P1 S1,30,28,2,3,1,1,-9999,N/A,-9999,-9999,N/A,-9999
2602,524.157107,524.1571433258354,524.157420682919,2319304.5,-9999,316115,16.32,-1,-0.5291484441280215,0.9504637239165368,0.9805622416605732,0.9625031310141514,20,0.8928571428571429,0.14285714285714285,13C1 N4 P1 O4,de-protonated,1,2597,C28 H25 O4 N4 P1 13C1,28,25,4,4,1,-9999,1,N/A,-9999,-9999,N/A,-9999
2602,524.157107,524.1571433258354,524.1571493567591,2319304.5,-9999,316115,16.32,-1,-0.0115059457294583,0.6666506525866014,0.9309001147828634,0.7723504374651062,6,1.7777777777777777,0.5,13C1 N4 S2 O9,de-protonated,1,2597,C18 H32 O9 N4 S2 13C1,18,32,9,4,-9999,2,1,N/A,-9999,-9999,N/A,-9999
2603,524.193788,524.1938243549127,524.1933381616191,1930464.5,-9999,187106.8,13.32,-1,0.9275075783813812,0.8554779868982832,0.972308039331794,0.9022100078716876,13,1.2758620689655171,0.06896551724137931,13C1 S2 P1 O2,de-protonated,1,2600,C29 H37 O2 P1 S2 13C1,29,37,2,-9999,1,2,1,N/A,-9999,-9999,N/A,-9999
2603,524.193788,524.1938243549127,524.1934745072391,1930464.5,-9999,187106.8,13.32,-1,0.6674018099436153,0.9223580289944008,0,0.5534148173966406,13,1.206896551724138,0.13793103448275862,N1 S2 O4,de-protonated,0,-9999,C29 H35 O4 N1 S2,29,35,4,1,-9999,2,-9999,N/A,-9999,-9999,N/A,-9999
2603,524.193788,524.1938243549127,524.193607448969,1930464.5,-9999,187106.8,13.32,-1,0.41378975369820664,0.969409651213148,0,0.5816457907278887,0,2.2222222222222223,0.6666666666666666,N1 S1 P1 O12,de-protonated,0,-9999,C18 H40 O12 N1 P1 S1,18,40,12,1,1,1,-9999,N/A,-9999,-9999,N/A,-9999
2603,524.193788,524.1938243549127,524.1938061922691,1930464.5,-9999,187106.8,13.32,-1,0.03464871852159071,0.9997821884625132,0.9723080393317942,0.9887925288102256,19,1,0.10344827586206896,13C1 N4 P1 O3,de-protonated,1,2600,C29 H29 O3 N4 P1 13C1,29,29,3,4,1,-9999,1,N/A,-9999,-9999,N/A,-9999
2603,524.193788,524.1938243549127,524.1935348661091,1930464.5,-9999,187106.8,13.32,-1,0.5522555781758411,0.9461640130696714,0.9605541571061824,0.951920070684276,5,1.894736842105263,0.42105263157894735,13C1 N4 S2 O8,de-protonated,1,2600,C19 H36 O8 N4 S2 13C1,19,36,8,4,-9999,2,1,N/A,-9999,-9999,N/A,-9999
2607,525.060783,525.0608200421871,525.060939506779,2037785,-9999,349648.8,14.14,-1,-0.22752519374559976,0.9906507944833012,0,0.5943904766899807,17,0.75,0.4166666666666667,N2 S1 O10,de-protonated,0,-9999,C24 H18 O10 N2 S1,24,18,10,2,-9999,1,-9999,N/A,-9999,-9999,N/A,-9999
2607,525.060783,525.0608200421871,525.060559384259,2037785,-9999,349648.8,14.14,-1,0.49643402723654223,0.9562676487186198,0,0.5737605892311719,22,0.5769230769230769,0.2692307692307692,N4 P1 O7,de-protonated,0,-9999,C26 H15 O7 N4 P1,26,15,7,4,1,-9999,-9999,N/A,-9999,-9999,N/A,-9999
2608,525.075878,525.075915054153,525.0761956480691,1807906.8,-9999,344356.6,12.37,-1,-0.5343870439583936,0.9495033572390944,0,0.5697020143434566,21,0.6428571428571429,0.25,N2 S1 O7,de-protonated,0,-9999,C28 H18 O7 N2 S1,28,18,7,2,-9999,1,-9999,N/A,-9999,-9999,N/A,-9999
2608,525.075878,525.075915054153,525.076328589799,1807906.8,-9999,344356.6,12.37,-1,-0.7875724412985949,0.8935551343715297,0,0.5361330806229178,8,1.3529411764705883,0.8823529411764706,N2 P1 O15,de-protonated,0,-9999,C17 H23 O15 N2 P1,17,23,15,2,1,-9999,-9999,N/A,-9999,-9999,N/A,-9999
2608,525.075878,525.075915054153,525.075815525549,1807906.8,-9999,344356.6,12.37,-1,0.18955092015201025,0.9935018350971236,0,0.5961011010582741,26,0.5,0.13333333333333333,N4 P1 O4,de-protonated,0,-9999,C30 H15 O4 N4 P1,30,15,4,4,1,-9999,-9999,N/A,-9999,-9999,N/A,-9999
2608,525.075878,525.075915054153,525.0755441993891,1807906.8,-9999,344356.6,12.37,-1,0.7062883960177848,0.9134611240972428,0,0.5480766744583456,12,1.1,0.45,N4 S2 O9,de-protonated,0,-9999,C20 H22 O9 N4 S2,20,22,9,4,-9999,2,-9999,N/A,-9999,-9999,N/A,-9999
2609,525.094885,525.09492206922,525.095336156929,3196975.3,-9999,342292.1,23.09,-1,-0.7885952900460221,0.8932937825613754,0,0.5359762695368252,2,1.875,0.9375,S2 O15,de-protonated,0,-9999,C16 H30 O15 S2,16,30,15,-9999,-9999,2,-9999,N/A,-9999,-9999,N/A,-9999
2609,525.094885,525.09492206922,525.0948230926791,3196975.3,-9999,342292.1,23.09,-1,0.18849269993348075,0.49678697759129753,0.7612342259156645,0.6025658769210444,20,0.7586206896551724,0.13793103448275862,N2 S2 O4,de-protonated,0,-9999,C29 H22 O4 N2 S2,29,22,4,2,-9999,2,-9999,N/A,-9999,-9999,N/A,-9999
2609,525.094885,525.09492206922,525.094956034409,3196975.3,-9999,342292.1,23.09,-1,-0.0646838988150977,0.9992411055749498,0,0.5995446633449699,7,1.5,0.6666666666666666,N2 S1 P1 O12,de-protonated,0,-9999,C18 H27 O12 N2 P1 S1,18,27,12,2,1,1,-9999,N/A,-9999,-9999,N/A,-9999
2609,525.094885,525.09492206922,525.094442970159,3196975.3,-9999,342292.1,23.09,-1,0.9124055062499916,0.42990102385649126,0.748902346707035,0.5575015529967088,25,0.6129032258064516,0.03225806451612903,N4 S1 P1 O1,de-protonated,0,-9999,C31 H19 O1 N4 P1 S1,31,19,1,4,1,1,-9999,N/A,-9999,-9999,N/A,-9999
2610,525.096412,525.0964490704305,525.0964768629591,5156400.5,-9999,189541.5,38.21,-1,-0.05292842332284203,0.4997459077771981,0.7739790330151771,0.6094391578723897,15,1,0.18518518518518515,S2 P1 O5,de-protonated,0,-9999,C27 H27 O5 P1 S2,27,27,5,-9999,1,2,-9999,N/A,-9999,-9999,N/A,-9999
2610,525.096412,525.0964490704305,525.096944893609,5156400.5,-9999,189541.5,38.21,-1,-0.944250739527588,0.4253135805163214,0.7739790330151771,0.5647797615158636,21,0.7037037037037037,0.2222222222222222,N4 P1 O6,de-protonated,0,-9999,C27 H19 O6 N4 P1,27,19,6,4,1,-9999,-9999,N/A,-9999,-9999,N/A,-9999
2610,525.096412,525.0964490704305,525.0966735674491,5156400.5,-9999,189541.5,38.21,-1,-0.4275346425181905,0.48368885689206137,0.8446892076502734,0.6280889971953463,7,1.5294117647058822,0.6470588235294118,N4 S2 O11,de-protonated,0,-9999,C17 H26 O11 N4 S2,17,26,11,4,-9999,2,-9999,N/A,-9999,-9999,N/A,-9999
2611,525.11325,525.1132870837781,525.113232606099,1823291.4,-9999,334442.8,12.49,-1,0.10374463204803362,0.9980489828145486,0,0.5988293896887291,29,0.4864864864864865,0.10810810810810811,O4,de-protonated,0,-9999,C37 H18 O4,37,18,4,-9999,-9999,-9999,-9999,N/A,-9999,-9999,N/A,-9999
2611,525.11325,525.1132870837781,525.113583479019,1823291.4,-9999,334442.8,12.49,-1,-0.5644402471987744,0.9438309156132568,0,0.5662985493679541,6,1.631578947368421,0.47368421052631576,N2 S2 P1 O9,de-protonated,0,-9999,C19 H31 O9 N2 P1 S2,19,31,9,2,1,2,-9999,N/A,-9999,-9999,N/A,-9999
2612,525.121029,525.1210660899446,525.120956307639,16605249,-9999,225331.4,126.55,-1,0.20906098750502408,0.9456169222480576,0.9876878920540606,0.9624453101704588,7,1.4444444444444444,0.8888888888888888,N2 O16,de-protonated,0,-9999,C18 H26 O16 N2,18,26,16,2,-9999,-9999,-9999,N/A,-9999,-9999,N/A,-9999
2612,525.121029,525.1210660899446,525.121445564989,16605249,-9999,225331.4,126.55,-1,-0.7226424431681432,0.6349005820227286,0.9615127930474384,0.7655454664326125,11,1.2857142857142858,0.380952380952381,N4 S1 P1 O8,de-protonated,0,-9999,C21 H27 O8 N4 P1 S1,21,27,8,4,1,1,-9999,N/A,-9999,-9999,N/A,-9999
2613,525.131158,525.131195097974,525.131208602029,4409415,-9999,338098.8,32.44,-1,-0.02571558266520988,0.49994000839026936,0.7550179348240813,0.6019711789637942,19,0.8666666666666667,0.1,N2 S2 O3,de-protonated,0,-9999,C30 H26 O3 N2 S2,30,26,3,2,-9999,2,-9999,N/A,-9999,-9999,N/A,-9999
2613,525.131158,525.131195097974,525.131341543759,4409415,-9999,338098.8,32.44,-1,-0.27887458520060743,0.4929938239210278,0.8295321147073605,0.6276091402355609,6,1.631578947368421,0.5789473684210527,N2 S1 P1 O11,de-protonated,0,-9999,C19 H31 O11 N2 P1 S1,19,31,11,2,1,1,-9999,N/A,-9999,-9999,N/A,-9999
2614,525.13318,525.1332170995769,525.132862372309,6813256.5,-9999,182415.4,50.99,-1,0.6755000368893582,0.9373909146298064,0.979009023708904,0.9540381582614454,14,1.1071428571428572,0.14285714285714285,S2 P1 O4,de-protonated,0,-9999,C28 H31 O4 P1 S2,28,31,4,-9999,1,2,-9999,N/A,-9999,-9999,N/A,-9999
2614,525.13318,525.1332170995769,525.133710525479,6813256.5,-9999,182415.4,50.99,-1,-0.9396195526470488,0.4259874102711453,0.7805128205128199,0.5677975743678152,15,1,0.3076923076923077,N2 S1 O8,de-protonated,0,-9999,C26 H26 O8 N2 S1,26,26,8,2,-9999,1,-9999,N/A,-9999,-9999,N/A,-9999
2614,525.13318,525.1332170995769,525.133330402959,6813256.5,-9999,182415.4,50.99,-1,-0.2157611706900544,0.4957943079497577,0.7675537279851021,0.6044980759638954,20,0.8214285714285714,0.17857142857142858,N4 P1 O5,de-protonated,0,-9999,C28 H23 O5 N4 P1,28,23,5,4,1,-9999,-9999,N/A,-9999,-9999,N/A,-9999
2614,525.13318,525.1332170995769,525.133059076799,6813256.5,-9999,182415.4,50.99,-1,0.30091950061895445,0.9260391173562788,0.9515026533412636,0.9362245317502728,6,1.6666666666666667,0.5555555555555556,N4 S2 O10,de-protonated,0,-9999,C18 H30 O10 N4 S2,18,30,10,4,-9999,2,-9999,N/A,-9999,-9999,N/A,-9999
2615,525.16134,525.1613771218995,525.161364568989,2369627,-9999,235284,16.7,-1,0.02390295877591113,0.9998963344057578,0,0.5999378006434546,10,1.25,0.5416666666666666,O13,de-protonated,0,-9999,C24 H30 O13,24,30,13,-9999,-9999,-9999,-9999,N/A,-9999,-9999,N/A,-9999
2615,525.16134,525.1613771218995,525.1618538263391,2369627,-9999,235284,16.7,-1,-0.9077286100409944,0.861131120829267,0,0.5166786724975602,14,1.148148148148148,0.18518518518518515,N2 S1 P1 O5,de-protonated,0,-9999,C27 H31 O5 N2 P1 S1,27,31,5,2,1,1,-9999,N/A,-9999,-9999,N/A,-9999
2615,525.16134,525.1613771218995,525.161202377659,2369627,-9999,235284,16.7,-1,0.33274400250483716,0.9801107149155144,0,0.5880664289493085,5,1.8421052631578947,0.3684210526315789,N4 S2 P1 O7,de-protonated,0,-9999,C19 H35 O7 N4 P1 S2,19,35,7,4,1,2,-9999,N/A,-9999,-9999,N/A,-9999
2616,525.16758,525.167617126846,525.168107175629,3659103,-9999,309220.2,26.65,-1,-0.9331274619041544,0.853856403674251,0,0.5123138422045506,0,2.111111111111111,0.7222222222222222,S2 O13,de-protonated,0,-9999,C18 H38 O13 S2,18,38,13,-9999,-9999,2,-9999,N/A,-9999,-9999,N/A,-9999
2616,525.16758,525.167617126846,525.167594111379,3659103,-9999,309220.2,26.65,-1,0.04382499471458519,0.49982578244893894,0.7489023467070351,0.5994564081521774,18,0.967741935483871,0.06451612903225806,N2 S2 O2,de-protonated,0,-9999,C31 H30 O2 N2 S2,31,30,2,2,-9999,2,-9999,N/A,-9999,-9999,N/A,-9999
2616,525.16758,525.167617126846,525.167727053109,3659103,-9999,309220.2,26.65,-1,-0.20931648565801544,0.4960408172351517,0.8221557383861046,0.6264867856955327,5,1.75,0.5,N2 S1 P1 O10,de-protonated,0,-9999,C20 H35 O10 N2 P1 S1,20,35,10,2,1,1,-9999,N/A,-9999,-9999,N/A,-9999
2617,525.169687,525.1697241285161,525.1692478816591,6321248.5,-9999,187347.1,47.2,-1,0.9068445247973068,0.9303597845567187,0.9917454863460056,0.9549140652724336,13,1.206896551724138,0.10344827586206896,S2 P1 O3,de-protonated,0,-9999,C29 H35 O3 P1 S2,29,35,3,-9999,1,2,-9999,N/A,-9999,-9999,N/A,-9999
2617,525.169687,525.1697241285161,525.170096034829,6321248.5,-9999,187347.1,47.2,-1,-0.7081635373549348,0.45651081067224775,0.7739790330151771,0.5834980996094195,14,1.1111111111111112,0.25925925925925924,N2 S1 O7,de-protonated,0,-9999,C27 H30 O7 N2 S1,27,30,7,2,-9999,1,-9999,N/A,-9999,-9999,N/A,-9999
2617,525.169687,525.1697241285161,525.1702289765591,6321248.5,-9999,187347.1,47.2,-1,-0.9613036213969328,0.42281322083023626,0.8524773804394659,0.5946788846739282,1,2.1875,0.9375,N2 P1 O15,de-protonated,0,-9999,C16 H35 O15 N2 P1,16,35,15,2,1,-9999,-9999,N/A,-9999,-9999,N/A,-9999
2617,525.169687,525.1697241285161,525.169715912309,6321248.5,-9999,187347.1,47.2,-1,0.01564486080922913,0.9244630225531472,0.9917454863460056,0.9513760080702904,19,0.9310344827586208,0.13793103448275862,N4 P1 O4,de-protonated,0,-9999,C29 H27 O4 N4 P1,29,27,4,4,1,-9999,-9999,N/A,-9999,-9999,N/A,-9999
2617,525.169687,525.1697241285161,525.1694445861491,6321248.5,-9999,187347.1,47.2,-1,0.5322898540780036,0.9581245921503974,0.9399566248622986,0.9508574052351578,5,1.7894736842105263,0.47368421052631576,N4 S2 O9,de-protonated,0,-9999,C19 H34 O9 N4 S2,19,34,9,4,-9999,2,-9999,N/A,-9999,-9999,N/A,-9999
2618,525.195824,525.1958611492353,525.195381096619,3662961.5,-9999,409695.1,26.68,-1,0.9140457694762766,0.8593347906143611,0,0.5156008743686167,0,2.1666666666666665,0.8333333333333334,P1 O15,de-protonated,0,-9999,C18 H39 O15 P1,18,39,15,-9999,1,-9999,-9999,N/A,-9999,-9999,N/A,-9999
2619,525.197689,525.1977261507136,525.197750078339,5739635,-9999,166308.9,42.71,-1,-0.04555926870786153,0.9700472951630028,0.9346045512084508,0.955870197581182,9,1.36,0.48,O12,de-protonated,0,-9999,C25 H34 O12,25,34,12,-9999,-9999,-9999,-9999,N/A,-9999,-9999,N/A,-9999
2619,525.197689,525.1977261507136,525.197237014089,5739635,-9999,166308.9,42.71,-1,0.9313389145609464,0.4271866033580709,0.7087183895694521,0.5397993178426234,27,0.6842105263157895,0.02631578947368421,N2 O1,de-protonated,0,-9999,C38 H26 O1 N2,38,26,1,2,-9999,-9999,-9999,N/A,-9999,-9999,N/A,-9999
2619,525.197689,525.1977261507136,525.1982393356891,5739635,-9999,166308.9,42.71,-1,-0.9771262297794968,0.9095869875708626,0.9542086844582294,0.9274356663258094,13,1.25,0.14285714285714285,N2 S1 P1 O4,de-protonated,0,-9999,C28 H35 O4 N2 P1 S1,28,35,4,2,1,1,-9999,N/A,-9999,-9999,N/A,-9999
2619,525.197689,525.1977261507136,525.197587887009,5739635,-9999,166308.9,42.71,-1,0.2632603571678322,0.9268394966824092,0.8996066740572268,0.915946367632336,4,1.95,0.3,N4 S2 P1 O6,de-protonated,0,-9999,C20 H39 O6 N4 P1 S2,20,39,6,4,1,2,-9999,N/A,-9999,-9999,N/A,-9999
2620,525.204032,525.2040691557418,525.2036233051091,2248055,-9999,348661.2,15.77,-1,0.8489100472442147,0.8774277338872262,0,0.5264566403323356,0,2.111111111111111,0.9444444444444444,O17,de-protonated,0,-9999,C18 H38 O17,18,38,17,-9999,-9999,-9999,-9999,N/A,-9999,-9999,N/A,-9999
2620,525.204032,525.2040691557418,525.203979620729,2248055,-9999,348661.2,15.77,-1,0.1704766457153571,0.49737028288103374,0.7428850341668535,0.5955761833953617,17,1.0625,0.03125,N2 S2 O1,de-protonated,0,-9999,C32 H34 O1 N2 S2,32,34,1,2,-9999,2,-9999,N/A,-9999,-9999,N/A,-9999
2620,525.204032,525.2040691557418,525.204112562459,2248055,-9999,348661.2,15.77,-1,-0.08264732937845484,0.9987613677800355,0,0.5992568206680213,4,1.8571428571428572,0.42857142857142855,N2 S1 P1 O9,de-protonated,0,-9999,C21 H39 O9 N2 P1 S1,21,39,9,2,1,1,-9999,N/A,-9999,-9999,N/A,-9999
2621,525.205784,525.2058211571306,525.205633391009,4161656.3,-9999,216969.9,30.53,-1,0.35750972506944373,0.4885376594610334,0.7550179348240813,0.5951297696062525,12,1.3,0.06666666666666667,S2 P1 O2,de-protonated,0,-9999,C30 H39 O2 P1 S2,30,39,2,-9999,1,2,-9999,N/A,-9999,-9999,N/A,-9999
2621,525.205784,525.2058211571306,525.206101421659,4161656.3,-9999,216969.9,30.53,-1,-0.5336277085952339,0.47482154418346656,0.7550179348240813,0.5869001004397125,18,1.0333333333333334,0.1,N4 P1 O3,de-protonated,0,-9999,C30 H31 O3 N4 P1,30,31,3,4,1,-9999,-9999,N/A,-9999,-9999,N/A,-9999
2621,525.205784,525.2058211571306,525.205830095499,4161656.3,-9999,216969.9,30.53,-1,-0.01701879129606535,0.4999737233591264,0.8221557383861046,0.6288465293699177,4,1.9,0.4,N4 S2 O8,de-protonated,0,-9999,C20 H38 O8 N4 S2,20,38,8,4,-9999,2,-9999,N/A,-9999,-9999,N/A,-9999
2622,526.124676,526.1247138855442,526.12474004118906,3528916.3,-9999,248748.7,25.64,-1,-0.04971377097790092,0.49977582877109994,0.7550179348240813,0.6018726711922925,19,0.8666666666666667,0.13333333333333333,N1 S1 P1 O4,de-protonated,0,-9999,C30 H26 O4 N1 P1 S1,30,26,4,1,1,1,-9999,N/A,-9999,-9999,N/A,-9999
2622,526.124676,526.1247138855442,526.1243111427091,3528916.3,-9999,248748.7,25.64,-1,0.765489878759739,0.8991329675252641,0.9876878920540606,0.9345549373367829,7,1.5294117647058822,0.9411764705882352,13C1 N2 O16,de-protonated,1,2612,C17 H26 O16 N2 13C1,17,26,16,2,-9999,-9999,1,N/A,-9999,-9999,N/A,-9999
2622,526.124676,526.1247138855442,526.124800400059,3528916.3,-9999,248748.7,25.64,-1,-0.16443724899429452,0.6634038098213281,0.9615127930474384,0.7826474031117723,11,1.35,0.4,13C1 N4 S1 P1 O8,de-protonated,1,2612,C20 H27 O8 N4 P1 S1 13C1,20,27,8,4,1,1,1,N/A,-9999,-9999,N/A,-9999
2623,526.135912,526.1359498944511,526.1362172073791,1827035.5,-9999,246419.6,12.51,-1,-0.5080679095803393,0.9542420735342148,0.979009023708904,0.9641488536040904,14,1.148148148148148,0.14814814814814814,13C1 S2 P1 O4,de-protonated,1,2614,C27 H31 O4 P1 S2 13C1,27,31,4,-9999,1,2,1,N/A,-9999,-9999,N/A,-9999
2623,526.135912,526.1359498944511,526.1363535529991,1827035.5,-9999,246419.6,12.51,-1,-0.7672128058445801,0.8987022440694206,0,0.5392213464416523,14,1.0740740740740742,0.2222222222222222,N1 S2 O6,de-protonated,0,-9999,C27 H29 O6 N1 S2,27,29,6,1,-9999,2,-9999,N/A,-9999,-9999,N/A,-9999
2623,526.135912,526.1359498944511,526.135484173129,1827035.5,-9999,246419.6,12.51,-1,0.8851737547444576,0.86747294357199,0,0.520483766143194,15,0.9615384615384616,0.4230769230769231,N1 O11,de-protonated,0,-9999,C26 H25 O11 N1,26,25,11,1,-9999,-9999,-9999,N/A,-9999,-9999,N/A,-9999
2623,526.135912,526.1359498944511,526.135973430479,1827035.5,-9999,246419.6,12.51,-1,-0.04473373635975059,0.999636967645268,0,0.5997821805871608,19,0.896551724137931,0.10344827586206896,N3 S1 P1 O3,de-protonated,0,-9999,C29 H26 O3 N3 P1 S1,29,26,3,3,1,1,-9999,N/A,-9999,-9999,N/A,-9999
2623,526.135912,526.1359498944511,526.1364139118691,1827035.5,-9999,246419.6,12.51,-1,-0.8819336692350679,0.8683746284850824,0.9515026533412636,0.901625838427555,6,1.7647058823529411,0.5882352941176471,13C1 N4 S2 O10,de-protonated,1,2614,C17 H30 O10 N4 S2 13C1,17,30,10,4,-9999,2,1,N/A,-9999,-9999,N/A,-9999
2624,526.154783,526.1548209094102,526.155113939339,4689640,-9999,347607.7,34.6,-1,-0.5569268853138791,0.47263744944376024,0.8446892076502734,0.6214581527263655,0,2.235294117647059,0.6470588235294118,N1 S2 P1 O11,de-protonated,0,-9999,C17 H38 O11 N1 P1 S2,17,38,11,1,1,2,-9999,N/A,-9999,-9999,N/A,-9999
2625,526.156753,526.1567909109718,526.156613541189,7646953.5,-9999,196123.8,57.42,-1,0.3371045393209231,0.98952742510986,0.989533546381734,0.9895298736186096,10,1.2608695652173914,0.5652173913043478,N1 O13,de-protonated,0,-9999,C23 H29 O13 N1,23,29,13,1,-9999,-9999,-9999,N/A,-9999,-9999,N/A,-9999
2625,526.156753,526.1567909109718,526.1571027985391,7646953.5,-9999,196123.8,57.42,-1,-0.5927650992279542,0.888783342754724,0.9692531015553918,0.9209712462749912,14,1.1538461538461535,0.19230769230769232,N3 S1 P1 O5,de-protonated,0,-9999,C26 H30 O5 N3 P1 S1,26,30,5,3,1,1,-9999,N/A,-9999,-9999,N/A,-9999
2626,526.172533,526.1725709234809,526.1726027167291,1893619.6,-9999,207536.2,13.03,-1,-0.06042361019210196,0.9993377479333316,0.9917454863460056,0.9963008432984012,13,1.25,0.10714285714285714,13C1 S2 P1 O3,de-protonated,1,2617,C28 H35 O3 P1 S2 13C1,28,35,3,-9999,1,2,1,N/A,-9999,-9999,N/A,-9999
2626,526.172533,526.1725709234809,526.172739062349,1893619.6,-9999,207536.2,13.03,-1,-0.31955070204023034,0.9816423855923324,0,0.5889854313553994,13,1.1785714285714286,0.17857142857142858,N1 S2 O5,de-protonated,0,-9999,C28 H33 O5 N1 S2,28,33,5,1,-9999,2,-9999,N/A,-9999,-9999,N/A,-9999
2626,526.172533,526.1725709234809,526.1728720040791,1893619.6,-9999,207536.2,13.03,-1,-0.5722085159180114,0.9423199635224202,0,0.5653919781134521,0,2.235294117647059,0.7647058823529411,N1 S1 P1 O13,de-protonated,0,-9999,C17 H38 O13 N1 P1 S1,17,38,13,1,1,1,-9999,N/A,-9999,-9999,N/A,-9999
2626,526.172533,526.1725709234809,526.172358939829,1893619.6,-9999,207536.2,13.03,-1,0.40287873025683374,0.9709782923152418,0,0.5825869753891451,18,1,0.06666666666666667,N3 S1 P1 O2,de-protonated,0,-9999,C30 H30 O2 N3 P1 S1,30,30,2,3,1,1,-9999,N/A,-9999,-9999,N/A,-9999
2626,526.172533,526.1725709234809,526.173070747379,1893619.6,-9999,207536.2,13.03,-1,-0.949922992936713,0.8489704558035439,0.9917454863460056,0.9060804680205286,19,0.9642857142857144,0.14285714285714285,13C1 N4 P1 O4,de-protonated,1,2617,C28 H27 O4 N4 P1 13C1,28,27,4,4,1,-9999,1,N/A,-9999,-9999,N/A,-9999
2626,526.172533,526.1725709234809,526.1727994212191,1893619.6,-9999,207536.2,13.03,-1,-0.4342636839077916,0.966360340609262,0.9399566248622986,0.9557988543104768,5,1.8888888888888888,0.5,13C1 N4 S2 O9,de-protonated,1,2617,C18 H34 O9 N4 S2 13C1,18,34,9,4,-9999,2,1,N/A,-9999,-9999,N/A,-9999
2627,526.201373,526.2014109463425,526.201104913409,2212614.8,-9999,284584.9,15.49,-1,0.5815893023616222,0.9404711428273912,0.9346045512084508,0.9381245061798148,9,1.4166666666666667,0.5,13C1 O12,de-protonated,1,2619,C24 H34 O12 13C1,24,34,12,-9999,-9999,-9999,1,N/A,-9999,-9999,N/A,-9999
2627,526.201373,526.2014109463425,526.201594170759,2212614.8,-9999,284584.9,15.49,-1,-0.3482019409973102,0.9782405560227088,0.9542086844582294,0.968627807396917,13,1.2962962962962965,0.14814814814814814,13C1 N2 S1 P1 O4,de-protonated,1,2619,C27 H35 O4 N2 P1 S1 13C1,27,35,4,2,1,1,1,N/A,-9999,-9999,N/A,-9999
2627,526.201373,526.2014109463425,526.201730516379,2212614.8,-9999,284584.9,15.49,-1,-0.6073146817052552,0.9352663511978384,0,0.5611598107187031,13,1.2222222222222223,0.2222222222222222,N3 S1 O6,de-protonated,0,-9999,C27 H33 O6 N3 S1,27,33,6,3,-9999,1,-9999,N/A,-9999,-9999,N/A,-9999
2627,526.201373,526.2014109463425,526.2018634581091,2212614.8,-9999,284584.9,15.49,-1,-0.8599585025249553,0.8744269707860322,0,0.5246561824716193,0,2.375,0.875,N3 P1 O14,de-protonated,0,-9999,C16 H38 O14 N3 P1,16,38,14,3,1,-9999,-9999,N/A,-9999,-9999,N/A,-9999
2627,526.201373,526.2014109463425,526.200942722079,2212614.8,-9999,284584.9,15.49,-1,0.8898202672875205,0.8661757378557895,0.8996066740572268,0.8795481123363644,4,2.0526315789473686,0.3157894736842105,13C1 N4 S2 P1 O6,de-protonated,1,2619,C19 H39 O6 N4 P1 S2 13C1,19,39,6,4,1,2,1,N/A,-9999,-9999,N/A,-9999
2632,527.046411,527.0464496162115,527.046728737339,2162483.5,-9999,238818.1,15.1,-1,-0.5295946493662448,0.9503822542356376,0,0.5702293525413825,17,0.6666666666666666,0.5833333333333334,O14,de-protonated,0,-9999,C24 H16 O14,24,16,14,-9999,-9999,-9999,-9999,N/A,-9999,-9999,N/A,-9999
2632,527.046411,527.0464496162115,527.0465665460091,2162483.5,-9999,238818.1,15.1,-1,-0.22185857009535312,0.9911086374066872,0,0.5946651824440123,12,1.105263157894737,0.42105263157894735,N4 S2 P1 O8,de-protonated,0,-9999,C19 H21 O8 N4 P1 S2,19,21,8,4,1,2,-9999,N/A,-9999,-9999,N/A,-9999
2633,527.07596,527.0759986396351,527.075741418069,3154759,-9999,199941.3,22.75,-1,0.48801632463342487,0.4788533019023809,0.7805128205128199,0.5995171093465564,15,0.9615384615384616,0.2307692307692308,S2 P1 O6,de-protonated,0,-9999,C26 H25 O6 P1 S2,26,25,6,-9999,1,2,-9999,N/A,-9999,-9999,N/A,-9999
2633,527.07596,527.0759986396351,527.076209448719,3154759,-9999,199941.3,22.75,-1,-0.3999593989086039,0.4856956542542931,0.7805128205128199,0.6036225207577038,21,0.6538461538461539,0.2692307692307692,N4 P1 O7,de-protonated,0,-9999,C26 H17 O7 N4 P1,26,17,7,4,1,-9999,-9999,N/A,-9999,-9999,N/A,-9999
2633,527.07596,527.0759986396351,527.075938122559,3154759,-9999,199941.3,22.75,-1,0.11481661700860442,0.9976108467607624,0,0.5985665080564575,7,1.5,0.75,N4 S2 O12,de-protonated,0,-9999,C16 H24 O12 N4 S2,16,24,12,4,-9999,2,-9999,N/A,-9999,-9999,N/A,-9999
2634,527.091045,527.0910836515932,527.090997559359,2268497,-9999,226080.8,15.91,-1,0.1633346699911958,0.9951709704765884,0,0.597102582285953,19,0.8333333333333334,0.1,S2 P1 O3,de-protonated,0,-9999,C30 H25 O3 P1 S2,30,25,3,-9999,1,2,-9999,N/A,-9999,-9999,N/A,-9999
2634,527.091045,527.0910836515932,527.0914655900091,2268497,-9999,226080.8,15.91,-1,-0.7246150636705927,0.9091249680496846,0,0.5454749808298107,25,0.5666666666666667,0.13333333333333333,N4 P1 O4,de-protonated,0,-9999,C30 H17 O4 N4 P1,30,17,4,4,1,-9999,-9999,N/A,-9999,-9999,N/A,-9999
2634,527.091045,527.0910836515932,527.091194263849,2268497,-9999,226080.8,15.91,-1,-0.20985411456401,0.9920410681342308,0,0.5952246408805385,11,1.2,0.45,N4 S2 O9,de-protonated,0,-9999,C20 H24 O9 N4 S2,20,24,9,4,-9999,2,-9999,N/A,-9999,-9999,N/A,-9999
2635,527.110361,527.1103996669051,527.110473157139,2736989.8,-9999,391446.5,19.53,-1,-0.13942093296755903,0.4982395887271538,0.7612342259156645,0.603437443602558,19,0.8275862068965517,0.13793103448275862,N2 S2 O4,de-protonated,0,-9999,C29 H24 O4 N2 S2,29,24,4,2,-9999,2,-9999,N/A,-9999,-9999,N/A,-9999
2635,527.110361,527.1103996669051,527.110606098869,2736989.8,-9999,391446.5,19.53,-1,-0.3916293117351925,0.9725542477262455,0,0.5835325486357473,6,1.6111111111111112,0.6666666666666666,N2 S1 P1 O12,de-protonated,0,-9999,C18 H29 O12 N2 P1 S1,18,29,12,2,1,1,-9999,N/A,-9999,-9999,N/A,-9999
2635,527.110361,527.1103996669051,527.110093034619,2736989.8,-9999,391446.5,19.53,-1,0.5817234200883483,0.47022225933670014,0.7489023467070351,0.5816942942848342,24,0.6774193548387096,0.03225806451612903,N4 S1 P1 O1,de-protonated,0,-9999,C31 H21 O1 N4 P1 S1,31,21,1,4,1,1,-9999,N/A,-9999,-9999,N/A,-9999
2636,527.112052,527.1120906682455,527.1121269274191,5330270.5,-9999,248697.2,39.54,-1,-0.06878835025748674,0.499570891423946,0.7739790330151772,0.6093341480604385,14,1.0740740740740742,0.18518518518518515,S2 P1 O5,de-protonated,0,-9999,C27 H29 O5 P1 S2,27,29,5,-9999,1,2,-9999,N/A,-9999,-9999,N/A,-9999
2636,527.112052,527.1120906682455,527.112594958069,5330270.5,-9999,248697.2,39.54,-1,-0.9567022840326918,0.4234908376534523,0.7739790330151772,0.5636861157981423,20,0.7777777777777778,0.2222222222222222,N4 P1 O6,de-protonated,0,-9999,C27 H21 O6 N4 P1,27,21,6,4,1,-9999,-9999,N/A,-9999,-9999,N/A,-9999
2636,527.112052,527.1120906682455,527.1123236319091,5330270.5,-9999,248697.2,39.54,-1,-0.4419620888680816,0.4825891342808587,0.8446892076502734,0.6274291636286247,6,1.6470588235294117,0.6470588235294118,N4 S2 O11,de-protonated,0,-9999,C17 H28 O11 N4 S2,17,28,11,4,-9999,2,-9999,N/A,-9999,-9999,N/A,-9999
2637,527.118971,527.1190096737304,527.1194997560391,16231779,-9999,203041.6,123.66,-1,-0.9297366326654958,0.42741780551397474,0.7805128205128199,0.5686558115135127,15,0.9230769230769232,0.4615384615384616,O12,de-protonated,0,-9999,C26 H24 O12,26,24,12,-9999,-9999,-9999,-9999,N/A,-9999,-9999,N/A,-9999
2637,527.118971,527.1190096737304,527.1189866917889,16231779,-9999,203041.6,123.66,-1,0.04359915322746147,0.6584022903190906,0.8755352104658458,0.7452554583777927,33,0.41025641025641024,0.02564102564102564,N2 O1,de-protonated,0,-9999,C39 H16 O1 N2,39,16,1,2,-9999,-9999,-9999,N/A,-9999,-9999,N/A,-9999
2637,527.118971,527.1190096737304,527.118848307359,16231779,-9999,203041.6,123.66,-1,0.30612901030269696,0.990525984895942,0.9503348621436704,0.9744495357950334,6,1.5555555555555556,0.7777777777777778,N2 S1 O14,de-protonated,0,-9999,C18 H28 O14 N2 S1,18,28,14,2,-9999,1,-9999,N/A,-9999,-9999,N/A,-9999
2637,527.118971,527.1190096737304,527.1193375647091,16231779,-9999,203041.6,123.66,-1,-0.6220431605468225,0.3107328855229355,0.7595243993404504,0.4902494910499415,10,1.380952380952381,0.2857142857142857,N4 S2 P1 O6,de-protonated,0,-9999,C21 H29 O6 N4 P1 S2,21,29,6,4,1,2,-9999,N/A,-9999,-9999,N/A,-9999
2638,527.127431,527.1274696804367,527.127383068709,1901416.9,-9999,214464.8,13.08,-1,0.1643089135691826,0.9951133325739164,0,0.5970679995443497,18,0.935483870967742,0.06451612903225806,S2 P1 O2,de-protonated,0,-9999,C31 H29 O2 P1 S2,31,29,2,-9999,1,2,-9999,N/A,-9999,-9999,N/A,-9999
2638,527.127431,527.1274696804367,527.1278510993591,1901416.9,-9999,214464.8,13.08,-1,-0.7235795293691254,0.9093723841251704,0,0.5456234304751022,24,0.6774193548387096,0.0967741935483871,N4 P1 O3,de-protonated,0,-9999,C31 H21 O3 N4 P1,31,21,3,4,1,-9999,-9999,N/A,-9999,-9999,N/A,-9999
2638,527.127431,527.1274696804367,527.127579773199,1901416.9,-9999,214464.8,13.08,-1,-0.2088541116198039,0.9921164406045232,0,0.5952698643627139,10,1.3333333333333333,0.380952380952381,N4 S2 O8,de-protonated,0,-9999,C21 H28 O8 N4 S2,21,28,8,4,-9999,2,-9999,N/A,-9999,-9999,N/A,-9999
2639,527.140581,527.1406196908608,527.1406291240991,1906033.5,-9999,251293.3,13.12,-1,-0.01789510751407724,0.9999418954911262,0,0.5999651372946757,10,1.2173913043478262,0.6086956521739131,O14,de-protonated,0,-9999,C23 H28 O14,23,28,14,-9999,-9999,-9999,-9999,N/A,-9999,-9999,N/A,-9999
2639,527.140581,527.1406196908608,527.140116059849,1906033.5,-9999,251293.3,13.12,-1,0.955402551418225,0.4236818500211198,0.719752637322661,0.5421101649417364,28,0.5555555555555556,0.08333333333333333,N2 O3,de-protonated,0,-9999,C36 H20 O3 N2,36,20,3,2,-9999,-9999,-9999,N/A,-9999,-9999,N/A,-9999
2639,527.140581,527.1406196908608,527.141118381449,1906033.5,-9999,251293.3,13.12,-1,-0.9460286264881996,0.850108610835216,0,0.5100651665011297,14,1.1153846153846154,0.2307692307692308,N2 S1 P1 O6,de-protonated,0,-9999,C26 H29 O6 N2 P1 S1,26,29,6,2,1,1,-9999,N/A,-9999,-9999,N/A,-9999
2639,527.140581,527.1406196908608,527.1404669327691,1906033.5,-9999,251293.3,13.12,-1,0.28978631188576504,0.9848781468777053,0,0.5909268881266231,5,1.8333333333333333,0.4444444444444444,N4 S2 P1 O8,de-protonated,0,-9999,C18 H33 O8 N4 P1 S2,18,33,8,4,1,2,-9999,N/A,-9999,-9999,N/A,-9999
2640,527.146907,527.1469456958755,527.147371730739,3253877.8,-9999,319742.2,23.52,-1,-0.8081892964686259,0.8882368688527098,0,0.5329421213116259,0,2.1176470588235294,0.8235294117647058,S2 O14,de-protonated,0,-9999,C17 H36 O14 S2,17,36,14,-9999,-9999,2,-9999,N/A,-9999,-9999,N/A,-9999
2640,527.146907,527.1469456958755,527.146858666489,3253877.8,-9999,319742.2,23.52,-1,0.16509514385386131,0.4975332851898406,0.7550179348240813,0.6005271450435369,18,0.9333333333333332,0.1,N2 S2 O3,de-protonated,0,-9999,C30 H28 O3 N2 S2,30,28,3,2,-9999,2,-9999,N/A,-9999,-9999,N/A,-9999
2640,527.146907,527.1469456958755,527.1469916082191,3253877.8,-9999,319742.2,23.52,-1,-0.08709590363067966,0.9986245321723451,0,0.599174719303407,5,1.736842105263158,0.5789473684210527,N2 S1 P1 O11,de-protonated,0,-9999,C19 H33 O11 N2 P1 S1,19,33,11,2,1,1,-9999,N/A,-9999,-9999,N/A,-9999
2641,527.148688,527.1487266972872,527.148512436769,5253495,-9999,217324.2,38.95,-1,0.40645190707490186,0.48523446318881447,0.7675537279851021,0.5981621691073296,13,1.1785714285714286,0.14285714285714285,S2 P1 O4,de-protonated,0,-9999,C28 H33 O4 P1 S2,28,33,4,-9999,1,2,-9999,N/A,-9999,-9999,N/A,-9999
2641,527.148688,527.1487266972872,527.148980467419,5253495,-9999,217324.2,38.95,-1,-0.4814011621985497,0.4794108218038584,0.7675537279851021,0.5946679842763558,19,0.8928571428571429,0.17857142857142858,N4 P1 O5,de-protonated,0,-9999,C28 H25 O5 N4 P1,28,25,5,4,1,-9999,-9999,N/A,-9999,-9999,N/A,-9999
2641,527.148688,527.1487266972872,527.148709141259,5253495,-9999,217324.2,38.95,-1,0.03330374878809239,0.4998993841556674,0.8370420509349343,0.6347564508673742,5,1.7777777777777777,0.5555555555555556,N4 S2 O10,de-protonated,0,-9999,C18 H32 O10 N4 S2,18,32,10,4,-9999,2,-9999,N/A,-9999,-9999,N/A,-9999
2642,527.159901,527.1599397061759,527.160397274739,1779070.4,-9999,184824.7,12.14,-1,-0.8679873629696548,0.8722285293517017,0,0.523337117611021,22,0.8285714285714286,0.02857142857142857,S1 P1 O1,de-protonated,0,-9999,C35 H29 O1 P1 S1,35,29,1,-9999,1,1,-9999,N/A,-9999,-9999,N/A,-9999
2642,527.159901,527.1599397061759,527.159968376259,1779070.4,-9999,184824.7,12.14,-1,-0.05438592615339544,0.9994634498147872,0.989533546381734,0.995491488441566,10,1.318181818181818,0.5909090909090909,13C1 N1 O13,de-protonated,1,2625,C22 H29 O13 N1 13C1,22,29,13,1,-9999,-9999,1,N/A,-9999,-9999,N/A,-9999
2642,527.159901,527.1599397061759,527.1597458260591,1779070.4,-9999,184824.7,12.14,-1,0.36778247654265867,0.9757552757766406,0,0.5854531654659844,13,1.2222222222222223,0.1111111111111111,N2 S2 P1 O3,de-protonated,0,-9999,C27 H33 O3 N2 P1 S2,27,33,3,2,1,2,-9999,N/A,-9999,-9999,N/A,-9999
2642,527.159901,527.1599397061759,527.1604576336091,1779070.4,-9999,184824.7,12.14,-1,-0.9824853622451316,0.8393325117095124,0.9692531015553918,0.8913007476478642,14,1.2,0.2,13C1 N3 S1 P1 O5,de-protonated,1,2625,C25 H30 O5 N3 P1 S1 13C1,25,30,5,3,1,1,1,N/A,-9999,-9999,N/A,-9999
2643,527.164398,527.1644367097407,527.1646167312291,1948033.3,-9999,214552.6,13.44,-1,-0.3414900823968213,0.9790625713185582,0,0.5874375427911349,18,0.9333333333333332,0.16666666666666666,N2 S1 O5,de-protonated,0,-9999,C30 H28 O5 N2 S1,30,28,5,2,-9999,1,-9999,N/A,-9999,-9999,N/A,-9999
2643,527.164398,527.1644367097407,527.164749672959,1948033.3,-9999,214552.6,13.44,-1,-0.5936725066095025,0.9380509128769536,0,0.5628305477261722,5,1.736842105263158,0.6842105263157895,N2 P1 O13,de-protonated,0,-9999,C19 H33 O13 N2 P1,19,33,13,2,1,-9999,-9999,N/A,-9999,-9999,N/A,-9999
2643,527.164398,527.1644367097407,527.1642366087091,1948033.3,-9999,214552.6,13.44,-1,0.37958005822010255,0.9741954657911972,0,0.5845172794747183,23,0.78125,0.0625,N4 P1 O2,de-protonated,0,-9999,C32 H25 O2 N4 P1,32,25,2,4,1,-9999,-9999,N/A,-9999,-9999,N/A,-9999
2643,527.164398,527.1644367097407,527.163965282549,1948033.3,-9999,214552.6,13.44,-1,0.8942705167695183,0.864928789813032,0,0.5189572738878192,9,1.4545454545454546,0.3181818181818182,N4 S2 O7,de-protonated,0,-9999,C22 H32 O7 N4 S2,22,32,7,4,-9999,2,-9999,N/A,-9999,-9999,N/A,-9999
2644,527.177208,527.1772467198953,527.1770146334491,2570377.8,-9999,195819.5,18.24,-1,0.4402438645108808,0.9654437724864492,0,0.5792662634918695,9,1.3333333333333333,0.5416666666666666,O13,de-protonated,0,-9999,C24 H32 O13,24,32,13,-9999,-9999,-9999,-9999,N/A,-9999,-9999,N/A,-9999
2644,527.177208,527.1772467198953,527.177503890799,2570377.8,-9999,195819.5,18.24,-1,-0.48782602036898337,0.47886943775103247,0.7739790330151771,0.5969132758566904,13,1.2222222222222223,0.18518518518518515,N2 S1 P1 O5,de-protonated,0,-9999,C27 H33 O5 N2 P1 S1,27,33,5,2,1,1,-9999,N/A,-9999,-9999,N/A,-9999
2644,527.177208,527.1772467198953,527.176852442119,2570377.8,-9999,195819.5,18.24,-1,0.747904189044257,0.903485462004318,0,0.5420912772025909,4,1.9473684210526316,0.3684210526315789,N4 S2 P1 O7,de-protonated,0,-9999,C19 H37 O7 N4 P1 S2,19,37,7,4,1,2,-9999,N/A,-9999,-9999,N/A,-9999
2645,527.183043,527.1830817245208,527.183244175839,2504077.8,-9999,328761.5,17.73,-1,-0.3081496235990994,0.4914589530138256,0.7489023467070351,0.5944363104911095,17,1.032258064516129,0.06451612903225806,N2 S2 O2,de-protonated,0,-9999,C31 H32 O2 N2 S2,31,32,2,2,-9999,2,-9999,N/A,-9999,-9999,N/A,-9999
2645,527.183043,527.1830817245208,527.183377117569,2504077.8,-9999,328761.5,17.73,-1,-0.5603231456308623,0.9446242992720476,0,0.5667745795632286,4,1.85,0.5,N2 S1 P1 O10,de-protonated,0,-9999,C20 H37 O10 N2 P1 S1,20,37,10,2,1,1,-9999,N/A,-9999,-9999,N/A,-9999
2646,527.185247,527.1852857262679,527.184897946119,3920271,-9999,215723.6,28.66,-1,0.7355676356118434,0.4532453172980819,0.7612342259156646,0.5764408807451149,12,1.2758620689655171,0.10344827586206896,S2 P1 O3,de-protonated,0,-9999,C29 H37 O3 P1 S2,29,37,3,-9999,1,2,-9999,N/A,-9999,-9999,N/A,-9999
2646,527.185247,527.1852857262679,527.1857460992891,3920271,-9999,215723.6,28.66,-1,-0.8732653046141748,0.4353876261091351,0.7739790330151771,0.570824188871552,13,1.1851851851851851,0.25925925925925924,N2 S1 O7,de-protonated,0,-9999,C27 H32 O7 N2 S1,27,32,7,2,-9999,1,-9999,N/A,-9999,-9999,N/A,-9999
2646,527.185247,527.1852857262679,527.185365976769,3920271,-9999,215723.6,28.66,-1,-0.15222444761764725,0.4979021233310475,0.7612342259156646,0.6032349643648944,18,1,0.13793103448275862,N4 P1 O4,de-protonated,0,-9999,C29 H29 O4 N4 P1,29,29,4,4,1,-9999,-9999,N/A,-9999,-9999,N/A,-9999
2646,527.185247,527.1852857262679,527.1850946506091,3920271,-9999,215723.6,28.66,-1,0.3624451084244541,0.48822278457379936,0.8295321147073604,0.6247465166272238,4,1.894736842105263,0.47368421052631576,N4 S2 O9,de-protonated,0,-9999,C19 H36 O9 N4 S2,19,36,9,4,-9999,2,-9999,N/A,-9999,-9999,N/A,-9999
2647,527.194497,527.1945357336004,527.194477565129,2382741.3,-9999,280599.1,16.79,-1,0.11033588921026392,0.49889674005596296,0.7550179348240813,0.6013452179632104,17,1.0666666666666669,0.03333333333333333,N4 S2 O1,de-protonated,0,-9999,C30 H32 O1 N4 S2,30,32,1,4,-9999,2,-9999,N/A,-9999,-9999,N/A,-9999
2647,527.194497,527.1945357336004,527.194610506859,2382741.3,-9999,280599.1,16.79,-1,-0.14183236528762916,0.9963565555559354,0,0.5978139333335613,4,1.9473684210526316,0.47368421052631576,N4 S1 P1 O9,de-protonated,0,-9999,C19 H37 O9 N4 P1 S1,19,37,9,4,1,1,-9999,N/A,-9999,-9999,N/A,-9999
2648,527.212627,527.2126657479722,527.212887078549,1891233.1,-9999,251946.8,13,-1,-0.4198125315271826,0.48426346953117144,0.7087183895694521,0.5740454375464836,26,0.7368421052631579,0.02631578947368421,N2 O1,de-protonated,0,-9999,C38 H28 O1 N2,38,28,1,2,-9999,-9999,-9999,N/A,-9999,-9999,N/A,-9999
2648,527.212627,527.2126657479722,527.212235629869,1891233.1,-9999,251946.8,13,-1,0.8158348272284944,0.886237957164649,0,0.5317427742987894,17,1.0666666666666669,0.1,N4 S1 O3,de-protonated,0,-9999,C30 H32 O3 N4 S1,30,32,3,4,-9999,1,-9999,N/A,-9999,-9999,N/A,-9999
2648,527.212627,527.2126657479722,527.2123685715991,1891233.1,-9999,251946.8,13,-1,0.5636748886013979,0.9439787925474188,0,0.5663872755284511,4,1.9473684210526316,0.5789473684210527,N4 P1 O11,de-protonated,0,-9999,C19 H37 O11 N4 P1,19,37,11,4,1,-9999,-9999,N/A,-9999,-9999,N/A,-9999
2649,527.221458,527.2214967549727,527.221283455469,1826214.9,-9999,205557.1,12.5,-1,0.40457301398484735,0.9707372950223278,0,0.5824423770133966,11,1.3666666666666667,0.06666666666666667,S2 P1 O2,de-protonated,0,-9999,C30 H41 O2 P1 S2,30,41,2,-9999,1,2,-9999,N/A,-9999,-9999,N/A,-9999
2649,527.221458,527.2214967549727,527.221751486119,1826214.9,-9999,205557.1,12.5,-1,-0.4831575056185567,0.958526955238312,0,0.5751161731429871,17,1.1,0.1,N4 P1 O3,de-protonated,0,-9999,C30 H33 O3 N4 P1,30,33,3,4,1,-9999,-9999,N/A,-9999,-9999,N/A,-9999
2649,527.221458,527.2214967549727,527.221480159959,1826214.9,-9999,205557.1,12.5,-1,0.03147636107521454,0.9998202438205588,0,0.5998921462923353,3,2,0.4,N4 S2 O8,de-protonated,0,-9999,C20 H40 O8 N4 S2,20,40,8,4,-9999,2,-9999,N/A,-9999,-9999,N/A,-9999
2650,528.120407,528.1204464675773,528.120621955009,2684408.8,-9999,438165.4,19.12,-1,-0.3322866490454182,0.98016480710745435,0,0.5880988842644727,6,1.5,0.9444444444444444,N1 O17,de-protonated,0,-9999,C18 H27 O17 N1,18,27,17,1,-9999,-9999,-9999,N/A,-9999,-9999,N/A,-9999
2650,528.120407,528.1204464675773,528.1201088907591,2684408.8,-9999,438165.4,19.12,-1,0.6392046288595716,0.4642723448303962,0.7489023467070351,0.5781243455810519,24,0.6129032258064516,0.1935483870967742,N3 O6,de-protonated,0,-9999,C31 H19 O6 N3,31,19,6,3,-9999,-9999,-9999,N/A,-9999,-9999,N/A,-9999
2651,528.122107,528.1221464689248,528.122632040909,4383226,-9999,183853.7,32.23,-1,-0.9194303647305871,0.42889839657718154,0.7550179348240813,0.5593462118759415,18,0.9333333333333332,0.06666666666666667,N1 S2 P1 O2,de-protonated,0,-9999,C30 H28 O2 N1 P1 S2,30,28,2,1,1,2,-9999,N/A,-9999,-9999,N/A,-9999
2651,528.122107,528.1221464689248,528.121762661039,4383226,-9999,183853.7,32.23,-1,0.7267412799817787,0.4543080311646901,0.7612342259156646,0.5770785090650798,19,0.8275862068965517,0.2413793103448276,N1 P1 O7,de-protonated,0,-9999,C29 H24 O7 N1 P1,29,24,7,1,1,-9999,-9999,N/A,-9999,-9999,N/A,-9999
2651,528.122107,528.1221464689248,528.122341526859,4383226,-9999,183853.7,32.23,-1,-0.3693423263302112,0.6503678165189791,0.8755352104658458,0.7404347740977258,33,0.42105263157894735,0.02631578947368421,13C1 N2 O1,de-protonated,1,2637,C38 H16 O1 N2 13C1,38,16,1,2,-9999,-9999,1,N/A,-9999,-9999,N/A,-9999
2651,528.122107,528.1221464689248,528.122203142429,4383226,-9999,183853.7,32.23,-1,-0.1073113455204753,0.9979126683619745,0.9503348621436704,0.9788815458746528,6,1.6470588235294117,0.8235294117647058,13C1 N2 S1 O14,de-protonated,1,2637,C17 H28 O14 N2 S1 13C1,17,28,14,2,-9999,1,1,N/A,-9999,-9999,N/A,-9999
2652,528.153418,528.1534574937453,528.153854092229,2290190.5,-9999,193543.9,16.08,-1,-0.7509146825619917,0.9027460541267024,0,0.5416476324760213,0,2.3333333333333335,0.8666666666666667,N3 S2 O13,de-protonated,0,-9999,C15 H35 O13 N3 S2,15,35,13,3,-9999,2,-9999,N/A,-9999,-9999,N/A,-9999
2654,528.953127,528.9531671276815,528.953060082419,10015264,-9999,167273.3,75.68,-1,0.20237195040011297,0.3308654731021951,0.7920574028670164,0.5153422450081236,14,0.6875,0.6875,N4 S2 P1 O11,de-protonated,0,-9999,C16 H11 O11 N4 P1 S2,16,11,11,4,1,2,-9999,N/A,-9999,-9999,N/A,-9999
2655,529.024652,529.0246921843799,529.024493690599,1933903.4,-9999,364308.7,13.32,-1,0.37520716574182894,0.9747790765981796,0,0.5848674459589077,7,1.3529411764705883,0.7647058823529411,S2 P1 O13,de-protonated,0,-9999,C17 H23 O13 P1 S2,17,23,13,-9999,1,2,-9999,N/A,-9999,-9999,N/A,-9999
2655,529.024652,529.0246921843799,529.024828779519,1933903.4,-9999,364308.7,13.32,-1,-0.258201754775718,0.987976025179608,0,0.5927856151077648,26,0.35714285714285715,0.21428571428571427,N4 S1 O6,de-protonated,0,-9999,C28 H10 O6 N4 S1,28,10,6,4,-9999,1,-9999,N/A,-9999,-9999,N/A,-9999
2655,529.024652,529.0246921843799,529.024961721249,1933903.4,-9999,364308.7,13.32,-1,-0.5094974503240657,0.953990239786892,0,0.5723941438721352,13,0.8823529411764706,0.8235294117647058,N4 P1 O14,de-protonated,0,-9999,C17 H15 O14 N4 P1,17,15,14,4,1,-9999,-9999,N/A,-9999,-9999,N/A,-9999
2656,529.026131,529.0261711855524,529.025993292449,2465616.3,-9999,225705.5,17.42,-1,0.33626533591334345,0.9796918485635074,0,0.5878151091381044,17,0.6086956521739131,0.6521739130434783,O15,de-protonated,0,-9999,C23 H14 O15,23,14,15,-9999,-9999,-9999,-9999,N/A,-9999,-9999,N/A,-9999
2656,529.026131,529.0261711855524,529.0264825497991,2465616.3,-9999,225705.5,17.42,-1,-0.5885607942087153,0.939080084895562,0,0.5634480509373372,21,0.5769230769230769,0.2692307692307692,N2 S1 P1 O7,de-protonated,0,-9999,C26 H15 O7 N2 P1 S1,26,15,7,2,1,1,-9999,N/A,-9999,-9999,N/A,-9999
2656,529.026131,529.0261711855524,529.025831101119,2465616.3,-9999,225705.5,17.42,-1,0.6428503361072598,0.9277575334474344,0,0.5566545200684605,12,1.0555555555555556,0.5,N4 S2 P1 O9,de-protonated,0,-9999,C18 H19 O9 N4 P1 S2,18,19,9,4,1,2,-9999,N/A,-9999,-9999,N/A,-9999
2657,529.042822,529.0428621987835,529.0425868442591,2058843.4,-9999,347618.5,14.29,-1,0.5204770490702076,0.9520347065491088,0,0.5712208239294652,26,0.35714285714285715,0.2857142857142857,N4 O8,de-protonated,0,-9999,C28 H10 O8 N4,28,10,8,4,-9999,-9999,-9999,N/A,-9999,-9999,N/A,-9999
2658,529.043989,529.0440291997086,529.044240614539,1929820.1,-9999,366474,13.29,-1,-0.39961654287052434,0.9714396288910976,0,0.5828637773346586,21,0.5769230769230769,0.34615384615384615,N2 P1 O9,de-protonated,0,-9999,C26 H15 O9 N2 P1,26,15,9,2,1,-9999,-9999,N/A,-9999,-9999,N/A,-9999
2658,529.043989,529.0440291997086,529.043969288379,1929820.1,-9999,366474,13.29,-1,0.11324451850882468,0.9976757490705522,0,0.5986054494423313,7,1.375,0.875,N2 S2 O14,de-protonated,0,-9999,C16 H22 O14 N2 S2,16,22,14,2,-9999,2,-9999,N/A,-9999,-9999,N/A,-9999
2658,529.043989,529.0440291997086,529.0435891658591,1929820.1,-9999,366474,13.29,-1,0.8317534859082188,0.8820304354050962,0,0.5292182612430577,12,1.0555555555555556,0.6111111111111112,N4 S1 P1 O11,de-protonated,0,-9999,C18 H19 O11 N4 P1 S1,18,19,11,4,1,1,-9999,N/A,-9999,-9999,N/A,-9999
2659,529.069894,529.0699342202437,529.070262114469,2565101.3,-9999,190143.2,18.19,-1,-0.6197555386474947,0.46633964262362615,0.7612342259156646,0.5842974759404416,19,0.7931034482758621,0.13793103448275862,S2 P1 O4,de-protonated,0,-9999,C29 H23 O4 P1 S2,29,23,4,-9999,1,2,-9999,N/A,-9999,-9999,N/A,-9999
2659,529.069894,529.0699342202437,529.070458818959,2565101.3,-9999,190143.2,18.19,-1,-0.99154792437022,0.8366123880012892,0,0.5019674328007735,11,1.1578947368421053,0.5263157894736842,N4 S2 O10,de-protonated,0,-9999,C19 H22 O10 N4 S2,19,22,10,4,-9999,2,-9999,N/A,-9999,-9999,N/A,-9999
2659,529.069894,529.0699342202437,529.0695894390891,2565101.3,-9999,190143.2,18.19,-1,0.6516744894498155,0.925836558311777,0,0.5555019349870662,12,1,0.8333333333333334,N4 O15,de-protonated,0,-9999,C18 H18 O15 N4,18,18,15,4,-9999,-9999,-9999,N/A,-9999,-9999,N/A,-9999
2660,529.091265,529.0913052371847,529.091391482529,3166843.5,-9999,215742.6,22.84,-1,-0.16300651603844513,0.4975951540984409,0.7805128205128198,0.6107622206641924,14,1.0384615384615383,0.2307692307692308,S2 P1 O6,de-protonated,0,-9999,C26 H27 O6 P1 S2,26,27,6,-9999,1,2,-9999,N/A,-9999,-9999,N/A,-9999
2660,529.091265,529.0913052371847,529.091588187019,3166843.5,-9999,215742.6,22.84,-1,-0.534784223974281,0.9494301981533728,0,0.5696581188920237,6,1.625,0.75,N4 S2 O12,de-protonated,0,-9999,C16 H26 O12 N4 S2,16,26,12,4,-9999,2,-9999,N/A,-9999,-9999,N/A,-9999
2661,529.106723,529.1067632494384,529.1066476238191,2671237.8,-9999,154613,19.01,-1,0.2185298933710174,0.49568614753590745,0.7550179348240813,0.599418862451177,18,0.9,0.1,S2 P1 O3,de-protonated,0,-9999,C30 H27 O3 P1 S2,30,27,3,-9999,1,2,-9999,N/A,-9999,-9999,N/A,-9999
2661,529.106723,529.1067632494384,529.107115654469,2671237.8,-9999,154613,19.01,-1,-0.6660372166866464,0.46133130451733984,0.7550179348240813,0.5788059566400364,24,0.6333333333333333,0.13333333333333333,N4 P1 O4,de-protonated,0,-9999,C30 H19 O4 N4 P1,30,19,4,4,1,-9999,-9999,N/A,-9999,-9999,N/A,-9999
2661,529.106723,529.1067632494384,529.1068443283091,2671237.8,-9999,154613,19.01,-1,-0.15323723665720695,0.9957483492955556,0,0.5974490095773333,10,1.3,0.45,N4 S2 O9,de-protonated,0,-9999,C20 H26 O9 N4 S2,20,26,9,4,-9999,2,-9999,N/A,-9999,-9999,N/A,-9999
2662,529.127444,529.127484265864,529.1277769918789,3006995.5,-9999,159937.6,21.6,-1,-0.5532236779459878,0.4729901481497291,0.7739790330151771,0.5933857020959084,13,1.148148148148148,0.18518518518518515,S2 P1 O5,de-protonated,0,-9999,C27 H31 O5 P1 S2,27,31,5,-9999,1,2,-9999,N/A,-9999,-9999,N/A,-9999
2662,529.127444,529.127484265864,529.1279736963689,3006995.5,-9999,159937.6,21.6,-1,-0.9249756755066172,0.8562063514746497,0,0.5137238108847898,5,1.7647058823529411,0.6470588235294118,N4 S2 O11,de-protonated,0,-9999,C17 H30 O11 N4 S2,17,30,11,4,-9999,2,-9999,N/A,-9999,-9999,N/A,-9999
2663,529.141436,529.1414762769557,529.141892427139,2325148.8,-9999,388925.1,16.34,-1,-0.7864623635187981,0.8938384769038329,0,0.5363030861422997,4,1.7,0.6,S2 O12,de-protonated,0,-9999,C20 H34 O12 S2,20,34,12,-9999,-9999,2,-9999,N/A,-9999,-9999,N/A,-9999
2663,529.141436,529.1414762769557,529.141023047269,2325148.8,-9999,388925.1,16.34,-1,0.8565385539962361,0.8753588751030077,0,0.5252153250618046,5,1.5789473684210529,0.8947368421052632,O17,de-protonated,0,-9999,C19 H30 O17,19,30,17,-9999,-9999,-9999,-9999,N/A,-9999,-9999,N/A,-9999
2663,529.141436,529.1414762769557,529.141379362889,2325148.8,-9999,388925.1,16.34,-1,0.18315344536714329,0.4969658784718467,0.7369636471990461,0.5929649859627264,22,0.7878787878787878,0.0303030303030303,N2 S2 O1,de-protonated,0,-9999,C33 H26 O1 N2 S2,33,26,1,2,-9999,2,-9999,N/A,-9999,-9999,N/A,-9999
2663,529.141436,529.1414762769557,529.141512304619,2325148.8,-9999,388925.1,16.34,-1,-0.06808700978764058,0.9991591864404038,0,0.5994955118642422,9,1.4090909090909092,0.4090909090909091,N2 S1 P1 O9,de-protonated,0,-9999,C22 H31 O9 N2 P1 S1,22,31,9,2,1,1,-9999,N/A,-9999,-9999,N/A,-9999
2664,529.143343,529.1433832784674,529.143033133169,2928286,-9999,380533.8,20.99,-1,0.6617214561533379,0.46181122472730457,0.7489023467070351,0.5766476735191968,17,1,0.06451612903225806,S2 P1 O2,de-protonated,0,-9999,C31 H31 O2 P1 S2,31,31,2,-9999,1,2,-9999,N/A,-9999,-9999,N/A,-9999
2664,529.143343,529.1433832784674,529.143881286339,2928286,-9999,380533.8,20.99,-1,-0.941157763100694,0.4257638525132734,0.7612342259156646,0.5599520018742299,18,0.896551724137931,0.20689655172413793,N2 S1 O6,de-protonated,0,-9999,C29 H26 O6 N2 S1,29,26,6,2,-9999,1,-9999,N/A,-9999,-9999,N/A,-9999
2664,529.143343,529.1433832784674,529.143501163819,2928286,-9999,380533.8,20.99,-1,-0.22278522061191797,0.4955172713605887,0.7489023467070351,0.5968713014991673,23,0.7419354838709677,0.0967741935483871,N4 P1 O3,de-protonated,0,-9999,C31 H23 O3 N4 P1,31,23,3,4,1,-9999,-9999,N/A,-9999,-9999,N/A,-9999
2664,529.143343,529.1433832784674,529.143229837659,2928286,-9999,380533.8,20.99,-1,0.28997972521907794,0.9848581081062776,0,0.5909148648637665,9,1.4285714285714286,0.380952380952381,N4 S2 O8,de-protonated,0,-9999,C21 H30 O8 N4 S2,21,30,8,4,-9999,2,-9999,N/A,-9999,-9999,N/A,-9999
2665,529.145126,529.1451662798808,529.145535056619,2872991.3,-9999,284447.8,20.57,-1,-0.6969287536408867,0.4578202838050888,0.7739790330151771,0.5842837834891241,13,1.148148148148148,0.25925925925925924,S1 P1 O7,de-protonated,0,-9999,C27 H31 O7 P1 S1,27,31,7,-9999,1,1,-9999,N/A,-9999,-9999,N/A,-9999
2665,529.145126,529.1451662798808,529.144883607939,2872991.3,-9999,284447.8,20.57,-1,0.5342051873902918,0.949536838283228,0,0.5697221029699369,4,1.8421052631578947,0.47368421052631576,N2 S2 P1 O9,de-protonated,0,-9999,C19 H35 O9 N2 P1 S2,19,35,9,2,1,2,-9999,N/A,-9999,-9999,N/A,-9999
2666,529.155168,529.1552082878411,529.1551146756291,2255525.8,-9999,294232.1,15.8,-1,0.17690882962345025,0.9943373423597632,0,0.5966024054158579,18,0.9285714285714286,0.17857142857142858,N4 S1 O5,de-protonated,0,-9999,C28 H26 O5 N4 S1,28,26,5,4,-9999,1,-9999,N/A,-9999,-9999,N/A,-9999
2666,529.155168,529.1552082878411,529.155247617359,2255525.8,-9999,294232.1,15.8,-1,-0.07432510228490091,0.998998139585158,0,0.5993988837510948,5,1.8235294117647056,0.7647058823529411,N4 P1 O13,de-protonated,0,-9999,C17 H31 O13 N4 P1,17,31,13,4,1,-9999,-9999,N/A,-9999,-9999,N/A,-9999
2667,529.15664,529.156680289008,529.1571485684291,2731174.8,-9999,239846.4,19.47,-1,-0.8849534062301216,0.8675343395224895,0,0.5205206037134936,8,1.4166666666666667,0.375,S2 O9,de-protonated,0,-9999,C24 H34 O9 S2,24,34,9,-9999,-9999,2,-9999,N/A,-9999,-9999,N/A,-9999
2667,529.15664,529.156680289008,529.156279188559,2731174.8,-9999,239846.4,19.47,-1,0.7579999799954688,0.9009965256377878,0,0.5405979153826727,9,1.3043478260869563,0.6086956521739131,O14,de-protonated,0,-9999,C23 H30 O14,23,30,14,-9999,-9999,-9999,-9999,N/A,-9999,-9999,N/A,-9999
2667,529.15664,529.156680289008,529.156768445909,2731174.8,-9999,239846.4,19.47,-1,-0.16659883476088527,0.4974882603187353,0.7805128205128198,0.6106980843963691,13,1.1923076923076923,0.2307692307692308,N2 S1 P1 O6,de-protonated,0,-9999,C26 H31 O6 N2 P1 S1,26,31,6,2,1,1,-9999,N/A,-9999,-9999,N/A,-9999
2668,529.162698,529.1627382938102,529.1631601796289,2095274.9,-9999,283185.1,14.57,-1,-0.7972698223223673,0.4455333955849584,0.7087183895694522,0.5508073931787558,26,0.6842105263157895,0.02631578947368421,S1 O1,de-protonated,0,-9999,C38 H26 O1 S1,38,26,1,-9999,-9999,1,-9999,N/A,-9999,-9999,N/A,-9999
2668,529.162698,529.1627382938102,529.162508730949,2095274.9,-9999,283185.1,14.57,-1,0.4338229890863418,0.966427423077856,0,0.5798564538467135,17,1,0.1,N2 S2 O3,de-protonated,0,-9999,C30 H30 O3 N2 S2,30,30,3,2,-9999,2,-9999,N/A,-9999,-9999,N/A,-9999
2668,529.162698,529.1627382938102,529.1626416726791,2095274.9,-9999,283185.1,14.57,-1,0.18259250272660024,0.9939687581988828,0,0.5963812549193296,4,1.8421052631578947,0.5789473684210527,N2 S1 P1 O11,de-protonated,0,-9999,C19 H35 O11 N2 P1 S1,19,35,11,2,1,1,-9999,N/A,-9999,-9999,N/A,-9999
2669,529.164557,529.1645972952838,529.164162501229,2483628.3,-9999,231361,17.56,-1,0.8216619445377514,0.4423524427049202,0.7675537279851021,0.572432956816993,12,1.25,0.14285714285714285,S2 P1 O4,de-protonated,0,-9999,C28 H35 O4 P1 S2,28,35,4,-9999,1,2,-9999,N/A,-9999,-9999,N/A,-9999
2669,529.164557,529.1645972952838,529.165010654399,2483628.3,-9999,231361,17.56,-1,-0.7811535284670862,0.8951892416234213,0,0.5371135449740527,13,1.1538461538461535,0.3076923076923077,N2 S1 O8,de-protonated,0,-9999,C26 H30 O8 N2 S1,26,30,8,2,-9999,1,-9999,N/A,-9999,-9999,N/A,-9999
2669,529.164557,529.1645972952838,529.164630531879,2483628.3,-9999,231361,17.56,-1,-0.06280955541732658,0.499642216884296,0.7675537279851021,0.6068068213246185,18,0.9642857142857144,0.17857142857142858,N4 P1 O5,de-protonated,0,-9999,C28 H27 O5 N4 P1,28,27,5,4,1,-9999,-9999,N/A,-9999,-9999,N/A,-9999
2669,529.164557,529.1645972952838,529.164359205719,2483628.3,-9999,231361,17.56,-1,0.4499349976808918,0.9639337174014002,0,0.5783602304408401,4,1.8888888888888888,0.5555555555555556,N4 S2 O10,de-protonated,0,-9999,C18 H34 O10 N4 S2,18,34,10,4,-9999,2,-9999,N/A,-9999,-9999,N/A,-9999
2670,529.177893,529.1779333058555,529.178277936489,1979572.9,-9999,305884.8,13.67,-1,-0.6512561983702982,0.9259281191044562,0,0.5555568714626736,3,1.8095238095238095,0.5238095238095238,S2 O11,de-protonated,0,-9999,C21 H38 O11 S2,21,38,11,-9999,-9999,2,-9999,N/A,-9999,-9999,N/A,-9999
2670,529.177893,529.1779333058555,529.1774085566191,1979572.9,-9999,305884.8,13.67,-1,0.9916319705797932,0.8365870861793651,0,0.501952251707619,4,1.7,0.8,O16,de-protonated,0,-9999,C20 H34 O16,20,34,16,-9999,-9999,-9999,-9999,N/A,-9999,-9999,N/A,-9999
2670,529.177893,529.1779333058555,529.177897813969,1979572.9,-9999,305884.8,13.67,-1,0.0670698580293766,0.9991841104438997,0,0.5995104662663397,8,1.5217391304347827,0.34782608695652173,N2 S1 P1 O8,de-protonated,0,-9999,C23 H35 O8 N2 P1 S1,23,35,8,2,1,1,-9999,N/A,-9999,-9999,N/A,-9999
2671,529.179977,529.1800173075075,529.180266795689,2733750.3,-9999,250767.2,19.49,-1,-0.4714616118948616,0.48023540025312184,0.7550179348240813,0.5901484140815056,17,1,0.16666666666666666,N2 S1 O5,de-protonated,0,-9999,C30 H30 O5 N2 S1,30,30,5,2,-9999,1,-9999,N/A,-9999,-9999,N/A,-9999
2671,529.179977,529.1800173075075,529.1803997374191,2733750.3,-9999,250767.2,19.49,-1,-0.7226834399009839,0.9095862518716072,0,0.5457517511229644,4,1.8421052631578947,0.6842105263157895,N2 P1 O13,de-protonated,0,-9999,C19 H35 O13 N2 P1,19,35,13,2,1,-9999,-9999,N/A,-9999,-9999,N/A,-9999
2671,529.179977,529.1800173075075,529.179886673169,2733750.3,-9999,250767.2,19.49,-1,0.24686187391313205,0.49450164273971065,0.7428850341668535,0.5938549993105677,22,0.84375,0.0625,N4 P1 O2,de-protonated,0,-9999,C32 H27 O2 N4 P1,32,27,2,4,1,-9999,-9999,N/A,-9999,-9999,N/A,-9999
2671,529.179977,529.1800173075075,529.1796153470091,2733750.3,-9999,250767.2,19.49,-1,0.7595918034673522,0.9006016760980948,0,0.5403610056588569,8,1.5454545454545454,0.3181818181818182,N4 S2 O7,de-protonated,0,-9999,C22 H34 O7 N4 S2,22,34,7,4,-9999,2,-9999,N/A,-9999,-9999,N/A,-9999
2672,529.192923,529.1929633177698,529.192664697909,2126015,-9999,262319.5,14.8,-1,0.5642932730078752,0.9438593266488408,0,0.5663155959893045,8,1.4166666666666667,0.5416666666666666,O13,de-protonated,0,-9999,C24 H34 O13,24,34,13,-9999,-9999,-9999,-9999,N/A,-9999,-9999,N/A,-9999
2672,529.192923,529.1929633177698,529.193153955259,2126015,-9999,262319.5,14.8,-1,-0.3602417904111885,0.9767277268916118,0,0.586036636134967,12,1.2962962962962965,0.18518518518518515,N2 S1 P1 O5,de-protonated,0,-9999,C27 H35 O5 N2 P1 S1,27,35,5,2,1,1,-9999,N/A,-9999,-9999,N/A,-9999
2672,529.192923,529.1929633177698,529.192502506579,2126015,-9999,262319.5,14.8,-1,0.870781782853801,0.8714598835240562,0,0.5228759301144337,3,2.0526315789473686,0.3684210526315789,N4 S2 P1 O7,de-protonated,0,-9999,C19 H39 O7 N4 P1 S2,19,39,7,4,1,2,-9999,N/A,-9999,-9999,N/A,-9999
2673,529.215689,529.2157293358166,529.2160008563591,2572494,-9999,246761.6,18.25,-1,-0.5130618538175264,0.9533595300678958,0,0.5720157180407375,7,1.6521739130434785,0.2608695652173913,N4 S2 O6,de-protonated,0,-9999,C23 H38 O6 N4 S2,23,38,6,4,-9999,2,-9999,N/A,-9999,-9999,N/A,-9999
2674,529.952567,529.9526079199462,529.952331806619,3453623,-9999,183955.1,25.04,-1,0.5210154020650605,0.4759689273655364,0.8221557383861047,0.6144436517737637,18,0.5,0.45,N3 S2 P1 O9,de-protonated,0,-9999,C20 H10 O9 N3 P1 S2,20,10,9,3,1,2,-9999,N/A,-9999,-9999,N/A,-9999
2675,530.949963,530.9500047105905,530.950082702269,1819470,-9999,278032.2,12.43,-1,-0.14689079262977692,0.996092552956594,0,0.5976555317739564,14,0.6,0.9333333333333332,N4 S1 P1 O14,de-protonated,0,-9999,C15 H9 O14 N4 P1 S1,15,9,14,4,1,1,-9999,N/A,-9999,-9999,N/A,-9999
2676,531.084567,531.0846088172923,531.084909857329,2748327.8,-9999,348817.2,19.6,-1,-0.5668397483852828,0.4716830759817953,0.7033271719038788,0.5643407143506287,32,0.41025641025641024,0.02564102564102564,S1 O1,de-protonated,0,-9999,C39 H16 O1 S1,39,16,1,-9999,-9999,1,-9999,N/A,-9999,-9999,N/A,-9999
2676,531.084567,531.0846088172923,531.085042799059,2748327.8,-9999,348817.2,19.6,-1,-0.8171605896325672,0.44294494240112375,0.7675537279851021,0.5727884566347151,19,0.75,0.32142857142857145,P1 O9,de-protonated,0,-9999,C28 H21 O9 P1,28,21,9,-9999,1,-9999,-9999,N/A,-9999,-9999,N/A,-9999
2676,531.084567,531.0846088172923,531.0847714728991,2748327.8,-9999,348817.2,19.6,-1,-0.30627051562652363,0.983123842725365,0,0.589874305635219,5,1.5555555555555556,0.7777777777777778,S2 O14,de-protonated,0,-9999,C18 H28 O14 S2,18,28,14,-9999,-9999,2,-9999,N/A,-9999,-9999,N/A,-9999
2676,531.084567,531.0846088172923,531.084258408649,2748327.8,-9999,348817.2,19.6,-1,0.659798586991196,0.4620242062502049,0.7489023467070351,0.5767754624329371,23,0.6451612903225806,0.0967741935483871,N2 S2 O3,de-protonated,0,-9999,C31 H20 O3 N2 S2,31,20,3,2,-9999,2,-9999,N/A,-9999,-9999,N/A,-9999
2676,531.084567,531.0846088172923,531.0843913503791,2748327.8,-9999,348817.2,19.6,-1,0.4094771316369838,0.9700343679094864,0,0.5820206207456918,10,1.25,0.55,N2 S1 P1 O11,de-protonated,0,-9999,C20 H25 O11 N2 P1 S1,20,25,11,2,1,1,-9999,N/A,-9999,-9999,N/A,-9999
2677,531.086121,531.0861628185241,531.085912178929,3938216.8,-9999,284585.8,28.78,-1,0.47193794714503023,0.4801962442203041,0.7612342259156646,0.5926114368984483,18,0.8620689655172413,0.13793103448275862,S2 P1 O4,de-protonated,0,-9999,C29 H25 O4 P1 S2,29,25,4,-9999,1,2,-9999,N/A,-9999,-9999,N/A,-9999
2677,531.086121,531.0861628185241,531.086380209579,3938216.8,-9999,284585.8,28.78,-1,-0.4093327620325368,0.48502758733468937,0.7612342259156646,0.5955102427670794,24,0.5862068965517241,0.1724137931034483,N4 P1 O5,de-protonated,0,-9999,C29 H17 O5 N4 P1,29,17,5,4,1,-9999,-9999,N/A,-9999,-9999,N/A,-9999
2677,531.086121,531.0861628185241,531.086108883419,3938216.8,-9999,284585.8,28.78,-1,0.1015562339906623,0.49906517417519136,0.8295321147073604,0.6312519503880589,10,1.263157894736842,0.5263157894736842,N4 S2 O10,de-protonated,0,-9999,C19 H24 O10 N4 S2,19,24,10,4,-9999,2,-9999,N/A,-9999,-9999,N/A,-9999
2678,531.113814,531.1138558404766,531.113901311359,1824187.1,-9999,303400.5,12.46,-1,-0.0856141822745214,0.4993354517955054,0.7087183895694522,0.5830886269050841,32,0.42105263157894735,0.05263157894736842,N2 O2,de-protonated,0,-9999,C38 H16 O2 N2,38,16,2,2,-9999,-9999,-9999,N/A,-9999,-9999,N/A,-9999
2678,531.113814,531.1138558404766,531.1137629269291,1824187.1,-9999,303400.5,12.46,-1,0.17494095239955204,0.9944622733392524,0,0.5966773640035515,5,1.6470588235294117,0.8823529411764706,N2 S1 O15,de-protonated,0,-9999,C17 H28 O15 N2 S1,17,28,15,2,-9999,1,-9999,N/A,-9999,-9999,N/A,-9999
2678,531.113814,531.1138558404766,531.114252184279,1824187.1,-9999,303400.5,12.46,-1,-0.7462496078869608,0.9038908359058844,0,0.5423345015435307,9,1.45,0.35,N4 S2 P1 O7,de-protonated,0,-9999,C20 H29 O7 N4 P1 S2,20,29,7,4,1,2,-9999,N/A,-9999,-9999,N/A,-9999
2678,531.113814,531.1138558404766,531.1133828044091,1824187.1,-9999,303400.5,12.46,-1,0.8906498741359634,0.8659436199365744,0,0.5195661719619447,10,1.3157894736842106,0.631578947368421,N4 P1 O12,de-protonated,0,-9999,C19 H25 O12 N4 P1,19,25,12,4,1,-9999,-9999,N/A,-9999,-9999,N/A,-9999
2679,531.122293,531.122334847198,531.1222976882791,4586433,-9999,188126.3,33.78,-1,0.06996301799682957,0.4995561174663617,0.7550179348240813,0.6017408444094496,17,0.9666666666666668,0.1,S2 P1 O3,de-protonated,0,-9999,C30 H29 O3 P1 S2,30,29,3,-9999,1,2,-9999,N/A,-9999,-9999,N/A,-9999
2679,531.122293,531.122334847198,531.122765718929,4586433,-9999,188126.3,33.78,-1,-0.8112469637256468,0.4437195825654559,0.7550179348240813,0.568238923468906,23,0.7,0.13333333333333333,N4 P1 O4,de-protonated,0,-9999,C30 H21 O4 N4 P1,30,21,4,4,1,-9999,-9999,N/A,-9999,-9999,N/A,-9999
2679,531.122293,531.122334847198,531.1224943927691,4586433,-9999,188126.3,33.78,-1,-0.30039317261292087,0.4918800491428739,0.8221557383861047,0.6239903248401663,9,1.4,0.45,N4 S2 O9,de-protonated,0,-9999,C20 H28 O9 N4 S2,20,28,9,4,-9999,2,-9999,N/A,-9999,-9999,N/A,-9999
2680,531.15696,531.1570018746788,531.156673111729,2538967.8,-9999,347990.1,17.98,-1,0.6189566402479733,0.9328467745637355,0,0.5597080647382414,4,1.6842105263157894,0.8947368421052632,O17,de-protonated,0,-9999,C19 H32 O17,19,32,17,-9999,-9999,-9999,-9999,N/A,-9999,-9999,N/A,-9999
2680,531.15696,531.1570018746788,531.157029427349,2538967.8,-9999,347990.1,17.98,-1,-0.05187292770941843,0.49975593846578087,0.7369636471990462,0.594639021959087,21,0.8484848484848485,0.0303030303030303,N2 S2 O1,de-protonated,0,-9999,C33 H28 O1 N2 S2,33,28,1,2,-9999,2,-9999,N/A,-9999,-9999,N/A,-9999
2680,531.15696,531.1570018746788,531.1571623690791,2538967.8,-9999,347990.1,17.98,-1,-0.302159909729845,0.983570091840348,0,0.5901420551042087,8,1.5,0.4090909090909091,N2 S1 P1 O9,de-protonated,0,-9999,C22 H33 O9 N2 P1 S1,22,33,9,2,1,1,-9999,N/A,-9999,-9999,N/A,-9999
2681,531.158862,531.1589038761865,531.158683197629,4352985,-9999,197963.2,31.98,-1,0.4154663465103906,0.4845825632767285,0.7489023467070351,0.5903104766488512,16,1.064516129032258,0.06451612903225806,S2 P1 O2,de-protonated,0,-9999,C31 H33 O2 P1 S2,31,33,2,-9999,1,2,-9999,N/A,-9999,-9999,N/A,-9999
2681,531.158862,531.1589038761865,531.159151228279,4352985,-9999,197963.2,31.98,-1,-0.4656835751451148,0.48070747258424185,0.7489023467070353,0.5879854222333593,22,0.8064516129032258,0.0967741935483871,N4 P1 O3,de-protonated,0,-9999,C31 H25 O3 N4 P1,31,25,3,4,1,-9999,-9999,N/A,-9999,-9999,N/A,-9999
2681,531.158862,531.1589038761865,531.158879902119,4352985,-9999,197963.2,31.98,-1,0.04513539813434367,0.4998152101459852,0.8149093904448103,0.6258528822655152,8,1.5238095238095235,0.380952380952381,N4 S2 O8,de-protonated,0,-9999,C21 H32 O8 N4 S2,21,32,8,4,-9999,2,-9999,N/A,-9999,-9999,N/A,-9999
2682,531.171661,531.1717028863324,531.171929253019,2456033.8,-9999,222672.8,17.34,-1,-0.4261646261680876,0.9675830316064856,0,0.5805498189638915,8,1.391304347826087,0.6086956521739131,O14,de-protonated,0,-9999,C23 H32 O14,23,32,14,-9999,-9999,-9999,-9999,N/A,-9999,-9999,N/A,-9999
2682,531.171661,531.1717028863324,531.1714161887691,2456033.8,-9999,222672.8,17.34,-1,0.5397458420372233,0.47425609268926794,0.719752637322661,0.5724547105426252,26,0.6666666666666666,0.08333333333333333,N2 O3,de-protonated,0,-9999,C36 H24 O3 N2,36,24,3,2,-9999,-9999,-9999,N/A,-9999,-9999,N/A,-9999
2682,531.171661,531.1717028863324,531.171767061689,2456033.8,-9999,222672.8,17.34,-1,-0.12081846334698028,0.9973548796960542,0,0.5984129278176324,3,2.0555555555555554,0.4444444444444444,N4 S2 P1 O8,de-protonated,0,-9999,C18 H37 O8 N4 P1 S2,18,37,8,4,1,2,-9999,N/A,-9999,-9999,N/A,-9999
2683,531.194948,531.1949899047921,531.1950687069789,3606513,-9999,243247.1,26.22,-1,-0.14834886728351954,0.4980073754553815,0.7428850341668535,0.5959584389399702,15,1.15625,0.03125,S2 P1 O1,de-protonated,0,-9999,C32 H37 O1 P1 S2,32,37,1,-9999,1,2,-9999,N/A,-9999,-9999,N/A,-9999
2683,531.194948,531.1949899047921,531.1952654114691,3606513,-9999,243247.1,26.22,-1,-0.5186542405863687,0.4761809831915861,0.8077896627745539,0.6088244550247732,7,1.6363636363636365,0.3181818181818182,N4 S2 O7,de-protonated,0,-9999,C22 H36 O7 N4 S2,22,36,7,4,-9999,2,-9999,N/A,-9999,-9999,N/A,-9999
2684,531.208079,531.2081209152012,531.208314762369,1798650,-9999,243241.3,12.27,-1,-0.3649174201647299,0.9761270136015204,0,0.5856762081609123,7,1.5,0.5416666666666666,O13,de-protonated,0,-9999,C24 H36 O13,24,36,13,-9999,-9999,-9999,-9999,N/A,-9999,-9999,N/A,-9999
2684,531.208079,531.2081209152012,531.207801698119,1798650,-9999,243241.3,12.27,-1,0.6009269463747017,0.9365770230600232,0,0.561946213836014,25,0.7567567567567568,0.05405405405405406,N2 O2,de-protonated,0,-9999,C37 H28 O2 N2,37,28,2,2,-9999,-9999,-9999,N/A,-9999,-9999,N/A,-9999
2684,531.208079,531.2081209152012,531.208152571039,1798650,-9999,243241.3,12.27,-1,-0.05959215356263349,0.9993558424899576,0,0.5996135054939744,2,2.1578947368421053,0.3684210526315789,N4 S2 P1 O7,de-protonated,0,-9999,C19 H41 O7 N4 P1 S2,19,41,7,4,1,2,-9999,N/A,-9999,-9999,N/A,-9999
2685,531.221433,531.2214749257871,531.221068980209,8181763,-9999,201109.1,61.52,-1,0.7641744686222837,0.9136571501754036,0.9891582611047328,0.9438575945471352,15,1.125,0.15625,S1 O5,de-protonated,0,-9999,C32 H36 O5 S1,32,36,5,-9999,-9999,1,-9999,N/A,-9999,-9999,N/A,-9999
2685,531.221433,531.2214749257871,531.221201921939,8181763,-9999,201109.1,61.52,-1,0.5139174548704522,0.9628120744864154,0.917133904826776,0.9445408066225596,2,1.9523809523809523,0.6190476190476191,P1 O13,de-protonated,0,-9999,C21 H41 O13 P1,21,41,13,-9999,1,-9999,-9999,N/A,-9999,-9999,N/A,-9999
2686,531.223848,531.2238899277015,531.223570903659,2103556.5,-9999,302896.2,14.62,-1,0.6005457211549613,0.9366548645057308,0,0.5619929187034384,11,1.2857142857142858,0.35714285714285715,O10,de-protonated,0,-9999,C28 H36 O10,28,36,10,-9999,-9999,-9999,-9999,N/A,-9999,-9999,N/A,-9999
2686,531.223848,531.2238899277015,531.224060161009,2103556.5,-9999,302896.2,14.62,-1,-0.3204548141516666,0.9815393255453808,0,0.5889235953272285,15,1.1935483870967742,0.06451612903225806,N2 S1 P1 O2,de-protonated,0,-9999,C31 H37 O2 N2 P1 S1,31,37,2,2,1,1,-9999,N/A,-9999,-9999,N/A,-9999
2686,531.223848,531.2238899277015,531.223408712329,2103556.5,-9999,302896.2,14.62,-1,0.9058625139293198,0.8616600893842898,0,0.5169960536305739,6,1.7826086956521738,0.17391304347826086,N4 S2 P1 O4,de-protonated,0,-9999,C23 H41 O4 N4 P1 S2,23,41,4,4,1,2,-9999,N/A,-9999,-9999,N/A,-9999
2687,531.231407,531.2314489336935,531.2319222469789,2119945.3,-9999,200020.9,14.75,-1,-0.8909729735275096,0.43292658870584905,0.7369636471990462,0.5545414121031279,20,1,0.0303030303030303,N4 P1 O1,de-protonated,0,-9999,C33 H33 O1 N4 P1,33,33,1,4,1,-9999,-9999,N/A,-9999,-9999,N/A,-9999
2687,531.231407,531.2314489336935,531.2316509208191,2119945.3,-9999,200020.9,14.75,-1,-0.3802241926707073,0.9741089572686,0,0.58446537436116,6,1.7391304347826086,0.2608695652173913,N4 S2 O6,de-protonated,0,-9999,C23 H40 O6 N4 S2,23,40,6,4,-9999,2,-9999,N/A,-9999,-9999,N/A,-9999
2688,532.224723,532.2247657211037,532.224423815279,2994847.8,-9999,264687,21.49,-1,0.642409121815305,0.9278529999564132,0.9891582611047328,0.952375104415741,15,1.1612903225806452,0.16129032258064516,13C1 S1 O5,de-protonated,1,2685,C31 H36 O5 S1 13C1,31,36,5,-9999,-9999,1,1,N/A,-9999,-9999,N/A,-9999
2688,532.224723,532.2247657211037,532.224556757009,2994847.8,-9999,264687,21.49,-1,0.39262392539934393,0.9724166067732288,0.917133904826776,0.9503035259946476,2,2.05,0.65,13C1 P1 O13,de-protonated,1,2685,C20 H41 O13 P1 13C1,20,41,13,-9999,1,-9999,1,N/A,-9999,-9999,N/A,-9999
2688,532.224723,532.2247657211037,532.224693102629,2994847.8,-9999,264687,21.49,-1,0.13644326482306707,0.9966277115160992,0,0.5979766269096595,2,1.95,0.75,N1 O15,de-protonated,0,-9999,C20 H39 O15 N1,20,39,15,1,-9999,-9999,-9999,N/A,-9999,-9999,N/A,-9999
2688,532.224723,532.2247657211037,532.225182359979,2994847.8,-9999,264687,21.49,-1,-0.7828244305812466,0.44738243450056825,0.8007932653391622,0.5887467668360058,6,1.7391304347826086,0.30434782608695654,N3 S1 P1 O7,de-protonated,0,-9999,C23 H40 O7 N3 P1 S1,23,40,7,3,1,1,-9999,N/A,-9999,-9999,N/A,-9999
2689,533.065736,533.065779387782,533.0660248872091,2893521.5,-9999,210324,20.71,-1,-0.4605422511956552,0.4811230138895578,0.7805128205128198,0.6008789365388626,19,0.6923076923076923,0.34615384615384615,N2 S1 O9,de-protonated,0,-9999,C26 H18 O9 N2 S1,26,18,9,2,-9999,1,-9999,N/A,-9999,-9999,N/A,-9999
2689,533.065736,533.065779387782,533.0656447646891,2893521.5,-9999,210324,20.71,-1,0.25254505559006346,0.49424704423630744,0.7675537279851021,0.6035697177358254,24,0.5357142857142857,0.21428571428571427,N4 P1 O6,de-protonated,0,-9999,C28 H15 O6 N4 P1,28,15,6,4,1,-9999,-9999,N/A,-9999,-9999,N/A,-9999
2689,533.065736,533.065779387782,533.065373438529,2893521.5,-9999,210324,20.71,-1,0.7615374645396428,0.900118168519861,0,0.5400709011119166,10,1.2222222222222223,0.6111111111111112,N4 S2 O11,de-protonated,0,-9999,C18 H22 O11 N4 S2,18,22,11,4,-9999,2,-9999,N/A,-9999,-9999,N/A,-9999
2690,533.099733,533.0997764147317,533.099908473109,2070248.3,-9999,336762.6,14.35,-1,-0.24771787671356563,0.9889273147321074,0,0.5933563888392644,22,0.7096774193548387,0.0967741935483871,N2 S2 O3,de-protonated,0,-9999,C31 H22 O3 N2 S2,31,22,3,2,-9999,2,-9999,N/A,-9999,-9999,N/A,-9999
2690,533.099733,533.0997764147317,533.100041414839,2070248.3,-9999,336762.6,14.35,-1,-0.49709264067984144,0.9561541168908276,0,0.5736924701344965,9,1.35,0.55,N2 S1 P1 O11,de-protonated,0,-9999,C20 H27 O11 N2 P1 S1,20,27,11,2,1,1,-9999,N/A,-9999,-9999,N/A,-9999
2691,533.101732,533.1017754163162,533.101562243389,5144297.5,-9999,208607.6,38.07,-1,0.3998730115323096,0.48570174359186985,0.7612342259156645,0.5959147365213877,17,0.9310344827586208,0.13793103448275862,S2 P1 O4,de-protonated,0,-9999,C29 H27 O4 P1 S2,29,27,4,-9999,1,2,-9999,N/A,-9999,-9999,N/A,-9999
2691,533.101732,533.1017754163162,533.1020302740391,5144297.5,-9999,208607.6,38.07,-1,-0.47806556422710855,0.479689300121093,0.7612342259156645,0.5923072704389216,23,0.6551724137931034,0.1724137931034483,N4 P1 O5,de-protonated,0,-9999,C29 H19 O5 N4 P1,29,19,5,4,1,-9999,-9999,N/A,-9999,-9999,N/A,-9999
2691,533.101732,533.1017754163162,533.101758947879,5144297.5,-9999,208607.6,38.07,-1,0.03089173288591302,0.49991342933081784,0.8295321147073605,0.6317609034814349,9,1.368421052631579,0.5263157894736842,N4 S2 O10,de-protonated,0,-9999,C19 H26 O10 N4 S2,19,26,10,4,-9999,2,-9999,N/A,-9999,-9999,N/A,-9999
2692,533.138088,533.138131445136,533.137947752739,4987650,-9999,184095.1,36.86,-1,0.3445494692681829,0.4893448902812305,0.7550179348240813,0.5956141080983708,16,1.0333333333333334,0.1,S2 P1 O3,de-protonated,0,-9999,C30 H31 O3 P1 S2,30,31,3,-9999,1,2,-9999,N/A,-9999,-9999,N/A,-9999
2692,533.138088,533.138131445136,533.1384157833891,4987650,-9999,184095.1,36.86,-1,-0.5333291405716466,0.4748489906818326,0.7550179348240813,0.5869165683387321,22,0.7666666666666667,0.13333333333333333,N4 P1 O4,de-protonated,0,-9999,C30 H23 O4 N4 P1,30,23,4,4,1,-9999,-9999,N/A,-9999,-9999,N/A,-9999
2692,533.138088,533.138131445136,533.138144457229,4987650,-9999,184095.1,36.86,-1,-0.02440660680305941,0.4999459600210125,0.8221557383861046,0.6288298713670493,8,1.5,0.45,N4 S2 O9,de-protonated,0,-9999,C20 H30 O9 N4 S2,20,30,9,4,-9999,2,-9999,N/A,-9999,-9999,N/A,-9999
2693,533.172777,533.1728204726342,533.173192556059,3538201,-9999,314954.5,25.68,-1,-0.6978659655898066,0.4577117048981955,0.8221557383861047,0.6034893182933592,2,1.9,0.6,S2 O12,de-protonated,0,-9999,C20 H38 O12 S2,20,38,12,-9999,-9999,2,-9999,N/A,-9999,-9999,N/A,-9999
2693,533.172777,533.1728204726342,533.172323176189,3538201,-9999,314954.5,25.68,-1,0.9327124149471272,0.8539763924952006,0,0.5123858354971204,3,1.7894736842105263,0.8947368421052632,O17,de-protonated,0,-9999,C19 H34 O17,19,34,17,-9999,-9999,-9999,-9999,N/A,-9999,-9999,N/A,-9999
2693,533.172777,533.1728204726342,533.1726794918089,3538201,-9999,314954.5,25.68,-1,0.2644186970651503,0.4936968701858434,0.7369636471990462,0.5910035809911245,20,0.9090909090909092,0.0303030303030303,N2 S2 O1,de-protonated,0,-9999,C33 H30 O1 N2 S2,33,30,1,2,-9999,2,-9999,N/A,-9999,-9999,N/A,-9999
2693,533.172777,533.1728204726342,533.1728124335391,3538201,-9999,314954.5,25.68,-1,0.0150778413243025,0.4999793750353768,0.8077896627745539,0.6231034901310477,7,1.5909090909090908,0.4090909090909091,N2 S1 P1 O9,de-protonated,0,-9999,C22 H35 O9 N2 P1 S1,22,35,9,2,1,1,-9999,N/A,-9999,-9999,N/A,-9999
2694,533.174591,533.1746344740721,533.174333262089,6208794,-9999,197653.2,46.29,-1,0.5649408914442325,0.9347725453264272,0.9890655047177116,0.9564897290829408,15,1.1290322580645162,0.06451612903225806,S2 P1 O2,de-protonated,0,-9999,C31 H35 O2 P1 S2,31,35,2,-9999,1,2,-9999,N/A,-9999,-9999,N/A,-9999
2694,533.174591,533.1746344740721,533.1748012927391,6208794,-9999,197653.2,46.29,-1,-0.3128780026881991,0.9866503654878676,0.9890655047177116,0.9876164211798052,21,0.8709677419354839,0.0967741935483871,N4 P1 O3,de-protonated,0,-9999,C31 H27 O3 N4 P1,31,27,3,4,1,-9999,-9999,N/A,-9999,-9999,N/A,-9999
2694,533.174591,533.1746344740721,533.174529966579,6208794,-9999,197653.2,46.29,-1,0.1960099127886042,0.9892849992211106,0.9449274515445132,0.9715419801504716,7,1.619047619047619,0.380952380952381,N4 S2 O8,de-protonated,0,-9999,C21 H34 O8 N4 S2,21,34,8,4,-9999,2,-9999,N/A,-9999,-9999,N/A,-9999
2695,533.208762,533.2088055011598,533.208708685539,2061105.1,-9999,461514.7,14.28,-1,0.1815717169643534,0.994035804231787,0,0.5964214825390721,2,1.9,0.8,O16,de-protonated,0,-9999,C20 H38 O16,20,38,16,-9999,-9999,-9999,-9999,N/A,-9999,-9999,N/A,-9999
2695,533.208762,533.2088055011598,533.2091979428891,2061105.1,-9999,461514.7,14.28,-1,-0.7359995492313,0.906386097820484,0,0.5438316586922904,6,1.6956521739130437,0.34782608695652173,N2 S1 P1 O8,de-protonated,0,-9999,C23 H39 O8 N2 P1 S1,23,39,8,2,1,1,-9999,N/A,-9999,-9999,N/A,-9999
2696,533.210901,533.2109445028555,533.2107187714389,4382002.5,-9999,216717.1,32.19,-1,0.4233437337289992,0.4840019230449357,0.7428850341668536,0.5875551674937028,14,1.21875,0.03125,S2 P1 O1,de-protonated,0,-9999,C32 H39 O1 P1 S2,32,39,1,-9999,1,2,-9999,N/A,-9999,-9999,N/A,-9999
2696,533.210901,533.2109445028555,533.2111868020891,4382002.5,-9999,216717.1,32.19,-1,-0.45441513532051014,0.4816126662179779,0.7428850341668535,0.5861216133975281,20,0.96875,0.0625,N4 P1 O2,de-protonated,0,-9999,C32 H31 O2 N4 P1,32,31,2,4,1,-9999,-9999,N/A,-9999,-9999,N/A,-9999
2696,533.210901,533.2109445028555,533.210915475929,4382002.5,-9999,216717.1,32.19,-1,0.05443798239016564,0.4997312112333569,0.8077896627745539,0.6229545918498357,6,1.7272727272727273,0.3181818181818182,N4 S2 O7,de-protonated,0,-9999,C22 H38 O7 N4 S2,22,38,7,4,-9999,2,-9999,N/A,-9999,-9999,N/A,-9999
2697,533.247113,533.247156531561,533.247572311439,2441546.8,-9999,274328.8,17.22,-1,-0.7797126503995357,0.4477773130954229,0.7369636471990461,0.5634518467368721,19,1.0606060606060606,0.0303030303030303,N4 P1 O1,de-protonated,0,-9999,C33 H35 O1 N4 P1,33,35,1,4,1,-9999,-9999,N/A,-9999,-9999,N/A,-9999
2697,533.247113,533.247156531561,533.2473009852791,2441546.8,-9999,274328.8,17.22,-1,-0.2708944196333173,0.9867728659919198,0,0.5920637195951519,5,1.826086956521739,0.2608695652173913,N4 S2 O6,de-protonated,0,-9999,C23 H42 O6 N4 S2,23,42,6,4,-9999,2,-9999,N/A,-9999,-9999,N/A,-9999
2698,534.133641,534.1336852343194,534.133196724939,2639772.3,-9999,217440.9,18.74,-1,0.9145834472943296,0.4295907482892438,0.7612342259156645,0.5622481393398121,16,1.0344827586206895,0.10344827586206896,N1 S2 P1 O3,de-protonated,0,-9999,C29 H30 O3 N1 P1 S2,29,30,3,1,1,2,-9999,N/A,-9999,-9999,N/A,-9999
2698,534.133641,534.1336852343194,534.1340448781091,2639772.3,-9999,217440.9,18.74,-1,-0.6733212255271633,0.4605153805299283,0.7739790330151772,0.5859008415240279,17,0.925925925925926,0.25925925925925924,N3 S1 O7,de-protonated,0,-9999,C27 H25 O7 N3 S1,27,25,7,3,-9999,1,-9999,N/A,-9999,-9999,N/A,-9999
2698,534.133641,534.1336852343194,534.134177819839,2639772.3,-9999,217440.9,18.74,-1,-0.9222130694462628,0.8569995165603239,0,0.5141997099361943,4,1.875,0.9375,N3 P1 O15,de-protonated,0,-9999,C16 H30 O15 N3 P1,16,30,15,3,1,-9999,-9999,N/A,-9999,-9999,N/A,-9999
2699,534.177992,534.1780362694767,534.177688097159,1962426,-9999,289992.4,13.52,-1,0.6517912024970178,0.9258110018237676,0.9890655047177116,0.9511128029813452,15,1.1666666666666667,0.06666666666666667,13C1 S2 P1 O2,de-protonated,1,2694,C30 H35 O2 P1 S2 13C1,30,35,2,-9999,1,2,1,N/A,-9999,-9999,N/A,-9999
2699,534.177992,534.1780362694767,534.1778244427791,1962426,-9999,289992.4,13.52,-1,0.3965471570402919,0.9718704726340028,0,0.5831222835804016,15,1.1,0.13333333333333333,N1 S2 O4,de-protonated,0,-9999,C30 H33 O4 N1 S2,30,33,4,1,-9999,2,-9999,N/A,-9999,-9999,N/A,-9999
2699,534.177992,534.1780362694767,534.1779573845091,1962426,-9999,289992.4,13.52,-1,0.14767544505023897,0.9960507790875236,0,0.597630467452514,2,2,0.631578947368421,N1 S1 P1 O12,de-protonated,0,-9999,C19 H38 O12 N1 P1 S1,19,38,12,1,1,1,-9999,N/A,-9999,-9999,N/A,-9999
2699,534.177992,534.1780362694767,534.1781561278091,1962426,-9999,289992.4,13.52,-1,-0.224378947348451,0.9909063995712746,0.9890655047177116,0.9901700416298492,21,0.9,0.1,13C1 N4 P1 O3,de-protonated,1,2694,C30 H27 O3 N4 P1 13C1,30,27,3,4,1,-9999,1,N/A,-9999,-9999,N/A,-9999
2699,534.177992,534.1780362694767,534.177884801649,1962426,-9999,289992.4,13.52,-1,0.28355316079727366,0.9855169935572772,0.9449274515445132,0.9692811767521716,7,1.7,0.4,13C1 N4 S2 O8,de-protonated,1,2694,C20 H34 O8 N4 S2 13C1,20,34,8,4,-9999,2,1,N/A,-9999,-9999,N/A,-9999
2701,535.079321,535.079365983968,535.079824476899,2500886.5,-9999,307342,17.67,-1,-0.8568682839738345,0.4376345726580333,0.7087183895694521,0.5460680994226008,31,0.42105263157894735,0.05263157894736842,S1 O2,de-protonated,0,-9999,C38 H16 O2 S1,38,16,2,-9999,-9999,1,-9999,N/A,-9999,-9999,N/A,-9999
2701,535.079321,535.079365983968,535.079686092469,2500886.5,-9999,307342,17.67,-1,-0.5982445406181713,0.93712382473926,0,0.562274294843556,4,1.6470588235294117,0.8823529411764706,S2 O15,de-protonated,0,-9999,C17 H28 O15 S2,17,28,15,-9999,-9999,2,-9999,N/A,-9999,-9999,N/A,-9999
2701,535.079321,535.079365983968,535.0791730282191,2500886.5,-9999,307342,17.67,-1,0.3606115855070398,0.4883402426279866,0.7550179348240812,0.5950113195064244,22,0.6666666666666666,0.13333333333333333,N2 S2 O4,de-protonated,0,-9999,C30 H20 O4 N2 S2,30,20,4,2,-9999,2,-9999,N/A,-9999,-9999,N/A,-9999
2701,535.079321,535.079365983968,535.0793059699491,2500886.5,-9999,307342,17.67,-1,0.11215911032990876,0.9977200391926092,0,0.5986320235155655,9,1.3157894736842106,0.631578947368421,N2 S1 P1 O12,de-protonated,0,-9999,C19 H25 O12 N2 P1 S1,19,25,12,2,1,1,-9999,N/A,-9999,-9999,N/A,-9999
2702,535.080816,535.0808609851531,535.0808267984991,4423191.5,-9999,217849.5,32.5,-1,0.06389063543618288,0.49962979914128824,0.7675537279851021,0.6067993706788137,17,0.8928571428571429,0.17857142857142858,S2 P1 O5,de-protonated,0,-9999,C28 H25 O5 P1 S2,28,25,5,-9999,1,2,-9999,N/A,-9999,-9999,N/A,-9999
2702,535.080816,535.0808609851531,535.081294829149,4423191.5,-9999,217849.5,32.5,-1,-0.8108001533325577,0.4437779375169064,0.7675537279851021,0.5732882537041847,23,0.6071428571428571,0.21428571428571427,N4 P1 O6,de-protonated,0,-9999,C28 H17 O6 N4 P1,28,17,6,4,1,-9999,-9999,N/A,-9999,-9999,N/A,-9999
2702,535.080816,535.0808609851531,535.0810235029891,4423191.5,-9999,217849.5,32.5,-1,-0.30372565805192053,0.49170040033109497,0.8370420509349343,0.6298370605726307,9,1.3333333333333333,0.6111111111111112,N4 S2 O11,de-protonated,0,-9999,C18 H24 O11 N4 S2,18,24,11,4,-9999,2,-9999,N/A,-9999,-9999,N/A,-9999
2703,535.115697,535.1157420128035,535.1162099862489,3587630.8,-9999,289823.2,26.05,-1,-0.8745267601788778,0.4352134836137641,0.7033271719038787,0.5424589589298099,30,0.5128205128205128,0.02564102564102564,S1 O1,de-protonated,0,-9999,C39 H20 O1 S1,39,20,1,-9999,-9999,1,-9999,N/A,-9999,-9999,N/A,-9999
2703,535.115697,535.1157420128035,535.116071601819,3587630.8,-9999,289823.2,26.05,-1,-0.6159206068648456,0.9334815822870624,0,0.5600889493722374,3,1.7777777777777777,0.7777777777777778,S2 O14,de-protonated,0,-9999,C18 H32 O14 S2,18,32,14,-9999,-9999,2,-9999,N/A,-9999,-9999,N/A,-9999
2703,535.115697,535.1157420128035,535.115558537569,3587630.8,-9999,289823.2,26.05,-1,0.3428703045170144,0.4894473916575229,0.748902346707035,0.5932293736773278,21,0.7741935483870968,0.0967741935483871,N2 S2 O3,de-protonated,0,-9999,C31 H24 O3 N2 S2,31,24,3,2,-9999,2,-9999,N/A,-9999,-9999,N/A,-9999
2703,535.115697,535.1157420128035,535.115691479299,3587630.8,-9999,289823.2,26.05,-1,0.09443472742110044,0.4991915820153779,0.8221557383861047,0.6283772445636686,8,1.45,0.55,N2 S1 P1 O11,de-protonated,0,-9999,C20 H29 O11 N2 P1 S1,20,29,11,2,1,1,-9999,N/A,-9999,-9999,N/A,-9999
2704,535.11715,535.1171950139553,535.1172123078491,5247024,-9999,169403.9,38.86,-1,-0.03231795452694291,0.9952798968752858,0.986228717393042,0.9916594250823882,16,1,0.13793103448275862,S2 P1 O4,de-protonated,0,-9999,C29 H29 O4 P1 S2,29,29,4,-9999,1,2,-9999,N/A,-9999,-9999,N/A,-9999
2704,535.11715,535.1171950139553,535.1176803384991,5247024,-9999,169403.9,38.86,-1,-0.906949184462316,0.43067607587233514,0.7612342259156645,0.5628993358896669,22,0.7241379310344828,0.1724137931034483,N4 P1 O5,de-protonated,0,-9999,C29 H21 O5 N4 P1,29,21,5,4,1,-9999,-9999,N/A,-9999,-9999,N/A,-9999
2704,535.11715,535.1171950139553,535.1174090123391,5247024,-9999,169403.9,38.86,-1,-0.3999092164415636,0.95477024300189,0.917930828601346,0.9400344772416724,8,1.4736842105263157,0.5263157894736842,N4 S2 O10,de-protonated,0,-9999,C19 H28 O10 N4 S2,19,28,10,4,-9999,2,-9999,N/A,-9999,-9999,N/A,-9999
2705,535.143236,535.1432810346339,535.1432125810791,2313793.5,-9999,268488,16.22,-1,0.12791632823200128,0.9970354331116742,0,0.5982212598670045,16,0.9655172413793104,0.27586206896551724,S1 O8,de-protonated,0,-9999,C29 H28 O8 S1,29,28,8,-9999,-9999,1,-9999,N/A,-9999,-9999,N/A,-9999
2705,535.143236,535.1432810346339,535.143345522809,2313793.5,-9999,268488,16.22,-1,-0.12050635710629956,0.9973685101700056,0,0.5984211061020033,3,1.8333333333333333,0.8888888888888888,P1 O16,de-protonated,0,-9999,C18 H33 O16 P1,18,33,16,-9999,1,-9999,-9999,N/A,-9999,-9999,N/A,-9999
2705,535.143236,535.1432810346339,535.142832458559,2313793.5,-9999,268488,16.22,-1,0.838236163602382,0.4401497534653512,0.7489023467070351,0.5636507907620247,21,0.8064516129032258,0.16129032258064516,N2 P1 O5,de-protonated,0,-9999,C31 H25 O5 N2 P1,31,25,5,2,1,-9999,-9999,N/A,-9999,-9999,N/A,-9999
2706,535.149726,535.1497710397786,535.150226513879,14125638,-9999,344010.3,107.37,-1,-0.8511144682565814,0.29227709773324045,0.7048783761064125,0.4573176090825093,20,0.8787878787878788,0.09090909090909093,S1 P1 O3,de-protonated,0,-9999,C33 H29 O3 P1 S1,33,29,3,-9999,1,1,-9999,N/A,-9999,-9999,N/A,-9999
2706,535.149726,535.1497710397786,535.149575065199,14125638,-9999,344010.3,107.37,-1,0.3662052418879416,0.3253200874561098,0.7353609972142168,0.48933645135935255,11,1.32,0.2,N2 S2 P1 O5,de-protonated,0,-9999,C25 H33 O5 N2 P1 S2,25,33,5,2,1,2,-9999,N/A,-9999,-9999,N/A,-9999
2707,535.151373,535.1514180410842,535.1519440469191,22403654,-9999,202187,171.24,-1,-0.9829093227649038,0.20980140521997323,0.6695194989870623,0.39368864272680887,20,0.875,0.0625,N2 S2 O2,de-protonated,0,-9999,C32 H28 O2 N2 S2,32,28,2,2,-9999,2,-9999,N/A,-9999,-9999,N/A,-9999
2707,535.151373,535.1514180410842,535.151074667049,22403654,-9999,202187,171.24,-1,0.6416394387514026,0.30933980151840285,0.7195884297451938,0.4734392528091193,21,0.7741935483870968,0.2258064516129032,N2 O7,de-protonated,0,-9999,C31 H24 O7 N2,31,24,7,2,-9999,-9999,-9999,N/A,-9999,-9999,N/A,-9999
2708,535.154289,535.1543340433957,535.154445970369,5957193,-9999,218264.6,44.34,-1,-0.20914891796353405,0.4960471286083114,0.7675537279851021,0.6046497683590277,16,1,0.25,N2 S1 O7,de-protonated,0,-9999,C28 H28 O7 N2 S1,28,28,7,2,-9999,1,-9999,N/A,-9999,-9999,N/A,-9999
2708,535.154289,535.1543340433957,535.154578912099,5957193,-9999,218264.6,44.34,-1,-0.45756630515958824,0.4813615953561063,0.8446892076502734,0.6266926402737731,3,1.9411764705882353,0.8823529411764706,N2 P1 O15,de-protonated,0,-9999,C17 H33 O15 N2 P1,17,33,15,2,1,-9999,-9999,N/A,-9999,-9999,N/A,-9999
2708,535.154289,535.1543340433957,535.1540658478491,5957193,-9999,218264.6,44.34,-1,0.5011557674911006,0.4777253434103775,0.7550179348240813,0.5886423799758591,21,0.8333333333333334,0.13333333333333333,N4 P1 O4,de-protonated,0,-9999,C30 H25 O4 N4 P1,30,25,4,4,1,-9999,-9999,N/A,-9999,-9999,N/A,-9999
2709,535.190279,535.1903240719254,535.1899833265489,6338145,-9999,195689.3,47.27,-1,0.6366811544490504,0.9236473674012272,0.9824221045386804,0.9471572622562084,14,1.1935483870967742,0.06451612903225806,S2 P1 O2,de-protonated,0,-9999,C31 H37 O2 P1 S2,31,37,2,-9999,1,2,-9999,N/A,-9999,-9999,N/A,-9999
2709,535.190279,535.1903240719254,535.1908314797191,6338145,-9999,195689.3,47.27,-1,-0.948087605209926,0.8569705443834352,0.9947539837473098,0.9120839201289852,15,1.103448275862069,0.20689655172413793,N2 S1 O6,de-protonated,0,-9999,C29 H32 O6 N2 S1,29,32,6,2,-9999,1,-9999,N/A,-9999,-9999,N/A,-9999
2709,535.190279,535.1903240719254,535.1904513571991,6338145,-9999,195689.3,47.27,-1,-0.23783173522136863,0.9917284559872132,0.9824221045386804,0.9880059154078,20,0.935483870967742,0.0967741935483871,N4 P1 O3,de-protonated,0,-9999,C31 H29 O3 N4 P1,31,29,3,4,1,-9999,-9999,N/A,-9999,-9999,N/A,-9999
2709,535.190279,535.1903240719254,535.1901800310391,6338145,-9999,195689.3,47.27,-1,0.2691396286521173,0.9843285079406904,0.9515708517235444,0.971225445453832,6,1.7142857142857142,0.380952380952381,N4 S2 O8,de-protonated,0,-9999,C21 H36 O8 N4 S2,21,36,8,4,-9999,2,-9999,N/A,-9999,-9999,N/A,-9999
2710,535.224855,535.224900099334,535.2252281298689,1870200.3,-9999,266884.6,12.8,-1,-0.612883170762016,0.9341139888085478,0,0.5604683932851287,0,2.0952380952380953,0.5238095238095238,S2 O11,de-protonated,0,-9999,C21 H44 O11 S2,21,44,11,-9999,-9999,2,-9999,N/A,-9999,-9999,N/A,-9999
2710,535.224855,535.224900099334,535.224848007349,1870200.3,-9999,266884.6,12.8,-1,0.09732729192211624,0.9982826851315596,0,0.5989696110789358,5,1.7826086956521738,0.34782608695652173,N2 S1 P1 O8,de-protonated,0,-9999,C23 H41 O8 N2 P1 S1,23,41,8,2,1,1,-9999,N/A,-9999,-9999,N/A,-9999
2711,535.226393,535.2264381005532,535.2263688358989,3730041.3,-9999,208495.3,27.15,-1,0.129411886802482,0.4984829060691346,0.7428850341668535,0.5962437573082221,13,1.28125,0.03125,S2 P1 O1,de-protonated,0,-9999,C32 H41 O1 P1 S2,32,41,1,-9999,1,2,-9999,N/A,-9999,-9999,N/A,-9999
2711,535.226393,535.2264381005532,535.226836866549,3730041.3,-9999,208495.3,27.15,-1,-0.7450411083970929,0.4520932333291686,0.7428850341668535,0.5684099536642425,19,1.03125,0.0625,N4 P1 O2,de-protonated,0,-9999,C32 H33 O2 N4 P1,32,33,2,4,1,-9999,-9999,N/A,-9999,-9999,N/A,-9999
2711,535.226393,535.2264381005532,535.2265655403891,3730041.3,-9999,208495.3,27.15,-1,-0.23810446653733952,0.4948828630808025,0.8077896627745538,0.620045582958303,5,1.818181818181818,0.3181818181818182,N4 S2 O7,de-protonated,0,-9999,C22 H40 O7 N4 S2,22,40,7,4,-9999,2,-9999,N/A,-9999,-9999,N/A,-9999
2712,536.1204,536.1204458092402,536.1205671429191,1772754.1,-9999,230590.3,12.04,-1,-0.2263178961944419,0.990749289907857,0.986228717393042,0.9889410609019312,16,1.0357142857142858,0.14285714285714285,13C1 S2 P1 O4,de-protonated,1,2704,C28 H29 O4 P1 S2 13C1,28,29,4,-9999,1,2,1,N/A,-9999,-9999,N/A,-9999
2712,536.1204,536.1204458092402,536.1209748146989,1772754.1,-9999,230590.3,12.04,-1,-0.9867277789028872,0.8380611626825171,0,0.5028366976095102,30,0.5263157894736842,0.02631578947368421,N1 P1 O1,de-protonated,0,-9999,C38 H20 O1 N1 P1,38,20,1,1,1,-9999,-9999,N/A,-9999,-9999,N/A,-9999
2712,536.1204,536.1204458092402,536.1207034885391,1772754.1,-9999,230590.3,12.04,-1,-0.48063672456744994,0.9589495979024436,0,0.5753697587414661,16,0.9642857142857144,0.21428571428571427,N1 S2 O6,de-protonated,0,-9999,C28 H27 O6 N1 S2,28,27,6,1,-9999,2,-9999,N/A,-9999,-9999,N/A,-9999
2712,536.1204,536.1204458092402,536.120836430269,1772754.1,-9999,230590.3,12.04,-1,-0.7286063183604977,0.908168676932984,0,0.5449012061597903,3,1.8823529411764703,0.8235294117647058,N1 S1 P1 O14,de-protonated,0,-9999,C17 H32 O14 N1 P1 S1,17,32,14,1,1,1,-9999,N/A,-9999,-9999,N/A,-9999
2712,536.1204,536.1204458092402,536.1203233660191,1772754.1,-9999,230590.3,12.04,-1,0.2283875760602404,0.9905801235987114,0,0.5943480741592269,21,0.8,0.1,N3 S1 P1 O3,de-protonated,0,-9999,C30 H24 O3 N3 P1 S1,30,24,3,3,1,1,-9999,N/A,-9999,-9999,N/A,-9999
2712,536.1204,536.1204458092402,536.1207638474091,1772754.1,-9999,230590.3,12.04,-1,-0.5932211365745412,0.9381421025954866,0.917930828601346,0.9300575929978304,8,1.5555555555555556,0.5555555555555556,13C1 N4 S2 O10,de-protonated,1,2704,C18 H28 O10 N4 S2 13C1,18,28,10,4,-9999,2,1,N/A,-9999,-9999,N/A,-9999
2713,536.154086,536.1541318359434,536.1537176945691,3556200.8,-9999,173574.4,25.8,-1,0.7724302950211195,0.4486966293413231,0.7428850341668535,0.5663719912715353,20,0.84375,0.15625,N1 S1 O5,de-protonated,0,-9999,C32 H27 O5 N1 S1,32,27,5,1,-9999,1,-9999,N/A,-9999,-9999,N/A,-9999
2713,536.154086,536.1541318359434,536.153850636299,3556200.8,-9999,173574.4,25.8,-1,0.5244756594986351,0.47565659381936254,0.8149093904448103,0.6113577124695416,7,1.5238095238095235,0.6190476190476191,N1 P1 O13,de-protonated,0,-9999,C21 H32 O13 N1 P1,21,32,13,1,1,-9999,-9999,N/A,-9999,-9999,N/A,-9999
2714,536.154838,536.1548838365395,536.1547200161691,3575017.3,-9999,233953.8,25.95,-1,0.30554682125778904,0.4916014149405269,0.8077896627745538,0.6180767140741377,6,1.6363636363636365,0.3636363636363637,N1 S2 P1 O8,de-protonated,0,-9999,C22 H36 O8 N1 P1 S2,22,36,8,1,1,2,-9999,N/A,-9999,-9999,N/A,-9999
2715,536.19366,536.1937058673141,536.1933381616191,1931011.4,-9999,279526.2,13.26,-1,0.6857707263930757,0.9182074271286464,0.9824221045386804,0.94389329809266,14,1.2333333333333334,0.06666666666666667,13C1 S2 P1 O2,de-protonated,1,2709,C30 H37 O2 P1 S2 13C1,30,37,2,-9999,1,2,1,N/A,-9999,-9999,N/A,-9999
2715,536.19366,536.1937058673141,536.1934745072391,1931011.4,-9999,279526.2,13.26,-1,0.4314861816915416,0.9667820706342032,0,0.5800692423805219,14,1.1666666666666667,0.13333333333333333,N1 S2 O4,de-protonated,0,-9999,C30 H35 O4 N1 S2,30,35,4,1,-9999,2,-9999,N/A,-9999,-9999,N/A,-9999
2715,536.19366,536.1937058673141,536.193607448969,1931011.4,-9999,279526.2,13.26,-1,0.18355001563896092,0.9939055304743364,0,0.5963433182846019,1,2.1052631578947367,0.631578947368421,N1 S1 P1 O12,de-protonated,0,-9999,C19 H40 O12 N1 P1 S1,19,40,12,1,1,1,-9999,N/A,-9999,-9999,N/A,-9999
2715,536.19366,536.1937058673141,536.194186314789,1931011.4,-9999,279526.2,13.26,-1,-0.8960326076235647,0.8644338359065743,0.9947539837473098,0.9165618950428686,15,1.1428571428571428,0.21428571428571427,13C1 N2 S1 O6,de-protonated,1,2709,C28 H32 O6 N2 S1 13C1,28,32,6,2,-9999,1,1,N/A,-9999,-9999,N/A,-9999
2715,536.19366,536.1937058673141,536.1938061922691,1931011.4,-9999,279526.2,13.26,-1,-0.18710577012189936,0.9936678740507482,0.9824221045386804,0.9891695662459212,20,0.9666666666666668,0.1,13C1 N4 P1 O3,de-protonated,1,2709,C30 H29 O3 N4 P1 13C1,30,29,3,4,1,-9999,1,N/A,-9999,-9999,N/A,-9999
2715,536.19366,536.1937058673141,536.1935348661091,1931011.4,-9999,279526.2,13.26,-1,0.318916946718701,0.9817144604160652,0.9515708517235444,0.9696570169390568,6,1.8,0.4,13C1 N4 S2 O8,de-protonated,1,2709,C20 H36 O8 N4 S2 13C1,20,36,8,4,-9999,2,1,N/A,-9999,-9999,N/A,-9999
2717,536.987287,536.987333496429,536.9873203349091,2930457.8,-9999,345345.7,20.97,-1,0.02450992669909136,0.4999455015453088,0.7871578612348809,0.6148304454211376,19,0.6,0.32,S2 P1 O8,de-protonated,0,-9999,C25 H15 O8 P1 S2,25,15,8,-9999,1,2,-9999,N/A,-9999,-9999,N/A,-9999
2717,536.987287,536.987333496429,536.987517039399,2930457.8,-9999,345345.7,20.97,-1,-0.34180118570896156,0.979024808325697,0,0.5874148849954182,11,0.9333333333333332,0.9333333333333332,N4 S2 O14,de-protonated,0,-9999,C15 H14 O14 N4 S2,15,14,14,4,-9999,2,-9999,N/A,-9999,-9999,N/A,-9999
2718,536.988754,536.9888004975918,536.988657745429,4727578.5,-9999,284501.6,34.84,-1,0.2658383202856189,0.4936294415983879,0.7805128205128198,0.6083827931641607,24,0.4230769230769231,0.15384615384615383,N4 S2 P1 O4,de-protonated,0,-9999,C26 H11 O4 N4 P1 S2,26,11,4,4,1,2,-9999,N/A,-9999,-9999,N/A,-9999
2719,536.989752,536.9897984983829,536.989689316629,4150555.5,-9999,245522.9,30.39,-1,0.20332188143268803,0.4962635062687416,0.7428850341668535,0.5949121174279863,28,0.3125,0.15625,S2 O5,de-protonated,0,-9999,C32 H10 O5 S2,32,10,5,-9999,-9999,2,-9999,N/A,-9999,-9999,N/A,-9999
2719,536.989752,536.9897984983829,536.989822258359,4150555.5,-9999,245522.9,30.39,-1,-0.04424660415765594,0.49982241487430207,0.8149093904448103,0.6258572051025053,15,0.7142857142857143,0.6190476190476191,S1 P1 O13,de-protonated,0,-9999,C21 H15 O13 P1 S1,21,15,13,-9999,1,1,-9999,N/A,-9999,-9999,N/A,-9999
2720,537.060368,537.0604145543609,537.060091353609,2567499,-9999,299552.6,18.17,-1,0.6017962554905707,0.46819968022141367,0.7739790330151771,0.5905114213389191,17,0.8518518518518519,0.2222222222222222,S2 P1 O6,de-protonated,0,-9999,C27 H23 O6 P1 S2,27,23,6,-9999,1,2,-9999,N/A,-9999,-9999,N/A,-9999
2720,537.060368,537.0604145543609,537.060939506779,2567499,-9999,299552.6,18.17,-1,-0.9774541015777828,0.8408356396269204,0,0.5045013837761523,18,0.72,0.4,N2 S1 O10,de-protonated,0,-9999,C25 H18 O10 N2 S1,25,18,10,2,-9999,1,-9999,N/A,-9999,-9999,N/A,-9999
2720,537.060368,537.0604145543609,537.060559384259,2567499,-9999,299552.6,18.17,-1,-0.26967144684100536,0.4934456208363658,0.7739790330151771,0.6056589857078903,23,0.5555555555555556,0.25925925925925924,N4 P1 O7,de-protonated,0,-9999,C27 H15 O7 N4 P1,27,15,7,4,1,-9999,-9999,N/A,-9999,-9999,N/A,-9999
2720,537.060368,537.0604145543609,537.060288058099,2567499,-9999,299552.6,18.17,-1,0.23553456614525684,0.9899843502317516,0,0.593990610139051,9,1.2941176470588236,0.7058823529411765,N4 S2 O12,de-protonated,0,-9999,C17 H22 O12 N4 S2,17,22,12,4,-9999,2,-9999,N/A,-9999,-9999,N/A,-9999
2721,537.095654,537.0957005823324,537.0954745413591,4578146.5,-9999,264459.3,33.68,-1,0.42085808579119166,0.48418624178656944,0.7087183895694521,0.5739991008997225,30,0.47368421052631576,0.05263157894736842,S1 O2,de-protonated,0,-9999,C38 H18 O2 S1,38,18,2,-9999,-9999,1,-9999,N/A,-9999,-9999,N/A,-9999
2721,537.095654,537.0957005823324,537.095607483089,4578146.5,-9999,264459.3,33.68,-1,0.17333830713787582,0.49728149822721646,0.7739790330151771,0.6079605121424008,17,0.8518518518518519,0.3703703703703703,P1 O10,de-protonated,0,-9999,C27 H23 O10 P1,27,23,10,-9999,1,-9999,-9999,N/A,-9999,-9999,N/A,-9999
2721,537.095654,537.0957005823324,537.095336156929,4578146.5,-9999,264459.3,33.68,-1,0.6785115767563347,0.459929456556517,0.8446892076502734,0.6138333569940195,3,1.7647058823529411,0.8823529411764706,S2 O15,de-protonated,0,-9999,C17 H30 O15 S2,17,30,15,-9999,-9999,2,-9999,N/A,-9999,-9999,N/A,-9999
2721,537.095654,537.0957005823324,537.095804187579,4578146.5,-9999,264459.3,33.68,-1,-0.19289900577946656,0.49663551558648306,0.8446892076502734,0.6358569924119992,9,1.2941176470588236,0.9411764705882352,N4 O16,de-protonated,0,-9999,C17 H22 O16 N4,17,22,16,4,-9999,-9999,-9999,N/A,-9999,-9999,N/A,-9999
2722,537.096913,537.0969595833304,537.0964768629591,4750179.5,-9999,267541.1,35.01,-1,0.8987591468799201,0.4318333091073381,0.7675537279851021,0.5661214766584437,16,0.9642857142857144,0.17857142857142858,S2 P1 O5,de-protonated,0,-9999,C28 H27 O5 P1 S2,28,27,5,-9999,1,2,-9999,N/A,-9999,-9999,N/A,-9999
2722,537.096913,537.0969595833304,537.097325016129,4750179.5,-9999,267541.1,35.01,-1,-0.6803846930459386,0.45971708526206045,0.7805128205128198,0.5880353793623642,17,0.8461538461538461,0.34615384615384615,N2 S1 O9,de-protonated,0,-9999,C26 H22 O9 N2 S1,26,22,9,2,-9999,1,-9999,N/A,-9999,-9999,N/A,-9999
2722,537.096913,537.0969595833304,537.096944893609,4750179.5,-9999,267541.1,35.01,-1,0.02735022336375782,0.4999321396469917,0.7675537279851021,0.6069807749822358,22,0.6785714285714286,0.21428571428571427,N4 P1 O6,de-protonated,0,-9999,C28 H19 O6 N4 P1,28,19,6,4,1,-9999,-9999,N/A,-9999,-9999,N/A,-9999
2722,537.096913,537.0969595833304,537.0966735674491,4750179.5,-9999,267541.1,35.01,-1,0.5325221611025878,0.4749231050385001,0.8370420509349343,0.6197706833970738,8,1.4444444444444444,0.6111111111111112,N4 S2 O11,de-protonated,0,-9999,C18 H26 O11 N4 S2,18,26,11,4,-9999,2,-9999,N/A,-9999,-9999,N/A,-9999
2723,537.133028,537.133074611959,537.132862372309,6456188,-9999,206886.2,48.18,-1,0.3951343604834242,0.98407260712907,0.9784242707544794,0.9818132725792336,15,1.0689655172413792,0.13793103448275862,S2 P1 O4,de-protonated,0,-9999,C29 H31 O4 P1 S2,29,31,4,-9999,1,2,-9999,N/A,-9999,-9999,N/A,-9999
2723,537.133028,537.133074611959,537.133330402959,6456188,-9999,206886.2,48.18,-1,-0.476215095012648,0.9346520322923422,0.9784242707544792,0.9521609276771972,21,0.7931034482758621,0.1724137931034483,N4 P1 O5,de-protonated,0,-9999,C29 H23 O5 N4 P1,29,23,5,4,1,-9999,-9999,N/A,-9999,-9999,N/A,-9999
2723,537.133028,537.133074611959,537.133059076799,6456188,-9999,206886.2,48.18,-1,0.02892236811191596,0.9956171437910852,0.9532778404538248,0.9786814224561812,7,1.5789473684210529,0.5263157894736842,N4 S2 O10,de-protonated,0,-9999,C19 H30 O10 N4 S2,19,30,10,4,-9999,2,-9999,N/A,-9999,-9999,N/A,-9999
2724,537.147019,537.1470656230499,537.147249133729,5978501.5,-9999,245921.4,44.49,-1,-0.3416394283013916,0.4895222236056994,0.7428850341668535,0.590867347830161,20,0.84375,0.1875,P1 O6,de-protonated,0,-9999,C32 H27 O6 P1,32,27,6,-9999,1,-9999,-9999,N/A,-9999,-9999,N/A,-9999
2724,537.147019,537.1470656230499,537.146977807569,5978501.5,-9999,245921.4,44.49,-1,0.1634850135110526,0.49758104902402456,0.8077896627745538,0.6216644945242362,6,1.5454545454545454,0.5,S2 O11,de-protonated,0,-9999,C22 H34 O11 S2,22,34,11,-9999,-9999,2,-9999,N/A,-9999,-9999,N/A,-9999
2724,537.147019,537.1470656230499,537.1465976850491,5978501.5,-9999,245921.4,44.49,-1,0.8711551052450333,0.4356785300501575,0.7939170211058493,0.5789739264724343,11,1.2916666666666667,0.3333333333333333,N2 S1 P1 O8,de-protonated,0,-9999,C24 H31 O8 N2 P1 S1,24,31,8,2,1,1,-9999,N/A,-9999,-9999,N/A,-9999
2724,537.147019,537.1470656230499,537.147445838219,5978501.5,-9999,245921.4,44.49,-1,-0.7078413423763023,0.45654860323897806,0.8077896627745538,0.5970450270532084,12,1.181818181818182,0.5454545454545454,N4 O12,de-protonated,0,-9999,C22 H26 O12 N4,22,26,12,4,-9999,-9999,-9999,N/A,-9999,-9999,N/A,-9999
2725,537.148559,537.1486056242707,537.1481185135989,9045894,-9999,218594.9,68.16,-1,0.9068460913872952,0.2871271256977323,0.6913706598733611,0.44882453936798383,19,0.9393939393939394,0.0303030303030303,S2 P1 O1,de-protonated,0,-9999,C33 H31 O1 P1 S2,33,31,1,-9999,1,2,-9999,N/A,-9999,-9999,N/A,-9999
2725,537.148559,537.1486056242707,537.1489666667691,9045894,-9999,218594.9,68.16,-1,-0.6721459424043056,0.460647533180671,0.7489023467070351,0.5759494585912166,20,0.8387096774193549,0.16129032258064516,N2 S1 O5,de-protonated,0,-9999,C31 H26 O5 N2 S1,31,26,5,2,-9999,1,-9999,N/A,-9999,-9999,N/A,-9999
2725,537.148559,537.1486056242707,537.149099608499,9045894,-9999,218594.9,68.16,-1,-0.9196408012264288,0.4288682795154479,0.8221557383861047,0.5861832630637107,7,1.55,0.65,N2 P1 O13,de-protonated,0,-9999,C20 H31 O13 N2 P1,20,31,13,2,1,-9999,-9999,N/A,-9999,-9999,N/A,-9999
2725,537.148559,537.1486056242707,537.148586544249,9045894,-9999,218594.9,68.16,-1,0.03552093795637245,0.49988554283885983,0.7369636471990462,0.5947167845829344,25,0.696969696969697,0.06060606060606061,N4 P1 O2,de-protonated,0,-9999,C33 H23 O2 N4 P1,33,23,2,4,1,-9999,-9999,N/A,-9999,-9999,N/A,-9999
2725,537.148559,537.1486056242707,537.148315218089,9045894,-9999,218594.9,68.16,-1,0.5406443126049584,0.3161150455762502,0.7472474090586231,0.48856799096919934,11,1.3043478260869563,0.30434782608695654,N4 S2 O7,de-protonated,0,-9999,C23 H30 O7 N4 S2,23,30,7,4,-9999,2,-9999,N/A,-9999,-9999,N/A,-9999
2726,537.167825,537.1678716395429,537.168378501789,4410771.5,-9999,266344,32.39,-1,-0.9435816894093204,0.42541106487501806,0.7612342259156645,0.5597403292912766,15,1.0689655172413792,0.27586206896551724,P1 O8,de-protonated,0,-9999,C29 H31 O8 P1,29,31,8,-9999,1,-9999,-9999,N/A,-9999,-9999,N/A,-9999
2726,537.167825,537.1678716395429,537.168107175629,4410771.5,-9999,266344,32.39,-1,-0.4384774205795695,0.4828578624687695,0.8295321147073605,0.6215275633642059,1,2,0.6842105263157895,S2 O13,de-protonated,0,-9999,C19 H38 O13 S2,19,38,13,-9999,-9999,2,-9999,N/A,-9999,-9999,N/A,-9999
2726,537.167825,537.1678716395429,537.167594111379,4410771.5,-9999,266344,32.39,-1,0.5166509799704758,0.4763602143254845,0.7428850341668535,0.582970142262032,19,0.9375,0.0625,N2 S2 O2,de-protonated,0,-9999,C32 H30 O2 N2 S2,32,30,2,2,-9999,2,-9999,N/A,-9999,-9999,N/A,-9999
2726,537.167825,537.1678716395429,537.167727053109,4410771.5,-9999,266344,32.39,-1,0.26916440914136386,0.4934700833246773,0.8149093904448103,0.6220458061727305,6,1.6666666666666667,0.47619047619047616,N2 S1 P1 O10,de-protonated,0,-9999,C21 H35 O10 N2 P1 S1,21,35,10,2,1,1,-9999,N/A,-9999,-9999,N/A,-9999
2727,537.16926,537.1693066406805,537.1692478816591,7291796.5,-9999,201320.4,54.62,-1,0.10938642079220004,0.9789993399705484,0.9752398828330996,0.9774955571155688,14,1.1666666666666667,0.1,S2 P1 O3,de-protonated,0,-9999,C30 H35 O3 P1 S2,30,35,3,-9999,1,2,-9999,N/A,-9999,-9999,N/A,-9999
2727,537.16926,537.1693066406805,537.169715912309,7291796.5,-9999,201320.4,54.62,-1,-0.7619037641506414,0.9359617204226396,0.9752398828330996,0.9516729853868237,20,0.9,0.13333333333333333,N4 P1 O4,de-protonated,0,-9999,C30 H27 O4 N4 P1,30,27,4,4,1,-9999,-9999,N/A,-9999,-9999,N/A,-9999
2727,537.16926,537.1693066406805,537.1694445861491,7291796.5,-9999,201320.4,54.62,-1,-0.25680066134305,0.9929995125982864,0.9576223136048772,0.9788486330009228,6,1.7,0.45,N4 S2 O9,de-protonated,0,-9999,C20 H34 O9 N4 S2,20,34,9,4,-9999,2,-9999,N/A,-9999,-9999,N/A,-9999
2728,537.204153,537.2041996683405,537.2044926849791,4166572,-9999,311058.8,30.51,-1,-0.5454471110526046,0.4737239825982192,0.8221557383861046,0.6130966849133734,0,2.1,0.6,S2 O12,de-protonated,0,-9999,C20 H42 O12 S2,20,42,12,-9999,-9999,2,-9999,N/A,-9999,-9999,N/A,-9999
2728,537.204153,537.2041996683405,537.203979620729,4166572,-9999,311058.8,30.51,-1,0.4096164954837953,0.48500713802518064,0.7369636471990461,0.5857897416947269,18,1.0303030303030305,0.0303030303030303,N2 S2 O1,de-protonated,0,-9999,C33 H34 O1 N2 S2,33,34,1,2,-9999,2,-9999,N/A,-9999,-9999,N/A,-9999
2728,537.204153,537.2041996683405,537.204112562459,4166572,-9999,311058.8,30.51,-1,0.16214671371879422,0.4976203963255888,0.8077896627745539,0.6216881029051748,5,1.7727272727272727,0.4090909090909091,N2 S1 P1 O9,de-protonated,0,-9999,C22 H39 O9 N2 P1 S1,22,39,9,2,1,1,-9999,N/A,-9999,-9999,N/A,-9999
2729,537.20563,537.2056766695114,537.205633391009,5985197,-9999,214892.5,44.54,-1,0.08056226463964497,0.4994115203279448,0.7489023467070351,0.599207850879581,13,1.2580645161290325,0.06451612903225806,S2 P1 O2,de-protonated,0,-9999,C31 H39 O2 P1 S2,31,39,2,-9999,1,2,-9999,N/A,-9999,-9999,N/A,-9999
2729,537.20563,537.2056766695114,537.206101421659,5985197,-9999,214892.5,44.54,-1,-0.7906688820421108,0.4463815729768067,0.7489023467070351,0.5673898824688981,19,1,0.0967741935483871,N4 P1 O3,de-protonated,0,-9999,C31 H31 O3 N4 P1,31,31,3,4,1,-9999,-9999,N/A,-9999,-9999,N/A,-9999
2729,537.20563,537.2056766695114,537.205830095499,5985197,-9999,214892.5,44.54,-1,-0.28560000470952757,0.4926543475804019,0.8149093904448103,0.6215563647261653,5,1.8095238095238095,0.380952380952381,N4 S2 O8,de-protonated,0,-9999,C21 H38 O8 N4 S2,21,38,8,4,-9999,2,-9999,N/A,-9999,-9999,N/A,-9999
2730,537.241656,537.2417026980695,537.242018900359,2537157.3,-9999,189210.7,17.93,-1,-0.5885658201413648,0.4695395384065384,0.7428850341668535,0.5788777367106643,12,1.34375,0.03125,S2 P1 O1,de-protonated,0,-9999,C32 H43 O1 P1 S2,32,43,1,-9999,1,2,-9999,N/A,-9999,-9999,N/A,-9999
2730,537.241656,537.2417026980695,537.2422156048491,2537157.3,-9999,189210.7,17.93,-1,-0.9547030458377934,0.8475691589099807,0,0.5085414953459885,4,1.9090909090909092,0.3181818181818182,N4 S2 O7,de-protonated,0,-9999,C22 H42 O7 N4 S2,22,42,7,4,-9999,2,-9999,N/A,-9999,-9999,N/A,-9999
2730,537.241656,537.2417026980695,537.2413462249791,2537157.3,-9999,189210.7,17.93,-1,0.6635250486519595,0.9232219617169796,0,0.5539331770301876,5,1.8095238095238095,0.5714285714285714,N4 O12,de-protonated,0,-9999,C21 H38 O12 N4,21,38,12,4,-9999,-9999,-9999,N/A,-9999,-9999,N/A,-9999
2731,537.274592,537.2746387241781,537.274381657709,1972955.3,-9999,310139.2,13.58,-1,0.47846403600361753,0.9593122527033112,0,0.5755873516219868,7,1.6785714285714286,0.07142857142857142,N2 S2 P1 O2,de-protonated,0,-9999,C28 H47 O2 N2 P1 S2,28,47,2,2,1,2,-9999,N/A,-9999,-9999,N/A,-9999
2732,537.275994,537.2760407252895,537.275881259559,2308060.3,-9999,239844.4,16.17,-1,0.2968041857534599,0.4920713809769667,0.7311359101322861,0.5876971926390944,17,1.1176470588235294,0.1176470588235294,N2 O4,de-protonated,0,-9999,C34 H38 O4 N2,34,38,4,2,-9999,-9999,-9999,N/A,-9999,-9999,N/A,-9999
2733,538.136249,538.136296407221,538.1362172073791,1791264.6,-9999,237672.9,12.17,-1,0.147174338767791,0.9960774828090616,0.9784242707544794,0.9890161979872288,15,1.1071428571428572,0.14285714285714285,13C1 S2 P1 O4,de-protonated,1,2723,C28 H31 O4 P1 S2 13C1,28,31,4,-9999,1,2,1,N/A,-9999,-9999,N/A,-9999
2733,538.136249,538.136296407221,538.136624879159,1791264.6,-9999,237672.9,12.17,-1,-0.61038762782419,0.934631549930421,0,0.5607789299582525,29,0.5789473684210527,0.02631578947368421,N1 P1 O1,de-protonated,0,-9999,C38 H22 O1 N1 P1,38,22,1,1,1,-9999,-9999,N/A,-9999,-9999,N/A,-9999
2733,538.136249,538.136296407221,538.1363535529991,1791264.6,-9999,237672.9,12.17,-1,-0.10619200454192616,0.9979559419471632,0,0.5987735651682979,15,1.0357142857142858,0.21428571428571427,N1 S2 O6,de-protonated,0,-9999,C28 H29 O6 N1 S2,28,29,6,1,-9999,2,-9999,N/A,-9999,-9999,N/A,-9999
2733,538.136249,538.136296407221,538.1364864947291,1791264.6,-9999,237672.9,12.17,-1,-0.35323289314414097,0.9776143777795052,0,0.5865686266677032,2,2,0.8235294117647058,N1 S1 P1 O14,de-protonated,0,-9999,C17 H34 O14 N1 P1 S1,17,34,14,1,1,1,-9999,N/A,-9999,-9999,N/A,-9999
2733,538.136249,538.136296407221,538.135973430479,1791264.6,-9999,237672.9,12.17,-1,0.6001768288818214,0.9367301468438616,0,0.5620380881063168,20,0.8666666666666667,0.1,N3 S1 P1 O3,de-protonated,0,-9999,C30 H26 O3 N3 P1 S1,30,26,3,3,1,1,-9999,N/A,-9999,-9999,N/A,-9999
2733,538.136249,538.136296407221,538.1366852380291,1791264.6,-9999,237672.9,12.17,-1,-0.7225502716543737,0.9096180165208314,0.9784242707544792,0.9371405182142906,21,0.8214285714285714,0.17857142857142858,13C1 N4 P1 O5,de-protonated,1,2723,C28 H23 O5 N4 P1 13C1,28,23,5,4,1,-9999,1,N/A,-9999,-9999,N/A,-9999
2733,538.136249,538.136296407221,538.1364139118691,1791264.6,-9999,237672.9,12.17,-1,-0.21835476105350893,0.9913860585026872,0.9532778404538248,0.9761427712831422,7,1.6666666666666667,0.5555555555555556,13C1 N4 S2 O10,de-protonated,1,2723,C18 H30 O10 N4 S2 13C1,18,30,10,4,-9999,2,1,N/A,-9999,-9999,N/A,-9999
2734,538.17281,538.1728574362032,538.1726027167291,2059321.4,-9999,209951.4,14.24,-1,0.4733044247187818,0.9601674289242684,0.9752398828330996,0.9661964104878008,14,1.206896551724138,0.10344827586206896,13C1 S2 P1 O3,de-protonated,1,2727,C29 H35 O3 P1 S2 13C1,29,35,3,-9999,1,2,1,N/A,-9999,-9999,N/A,-9999
2734,538.17281,538.1728574362032,538.172739062349,2059321.4,-9999,209951.4,14.24,-1,0.2199551289294344,0.9912598844382908,0,0.5947559306629744,14,1.137931034482759,0.1724137931034483,N1 S2 O5,de-protonated,0,-9999,C29 H33 O5 N1 S2,29,33,5,1,-9999,2,-9999,N/A,-9999,-9999,N/A,-9999
2734,538.17281,538.1728574362032,538.1728720040791,2059321.4,-9999,209951.4,14.24,-1,-0.02706913818036337,0.9998670544466536,0,0.5999202326679921,1,2.111111111111111,0.7222222222222222,N1 S1 P1 O13,de-protonated,0,-9999,C18 H38 O13 N1 P1 S1,18,38,13,1,1,1,-9999,N/A,-9999,-9999,N/A,-9999
2734,538.17281,538.1728574362032,538.172358939829,2059321.4,-9999,209951.4,14.24,-1,0.9262764353347748,0.8558323269493383,0,0.5134993961696029,19,0.967741935483871,0.06451612903225806,N3 S1 P1 O2,de-protonated,0,-9999,C31 H30 O2 N3 P1 S1,31,30,2,3,1,1,-9999,N/A,-9999,-9999,N/A,-9999
2734,538.17281,538.1728574362032,538.173070747379,2059321.4,-9999,209951.4,14.24,-1,-0.39636166763648784,0.9718964090741417,0.9752398828330996,0.9732337985777249,20,0.9310344827586208,0.13793103448275862,13C1 N4 P1 O4,de-protonated,1,2727,C29 H27 O4 N4 P1 13C1,29,27,4,4,1,-9999,1,N/A,-9999,-9999,N/A,-9999
2734,538.17281,538.1728574362032,538.1727994212191,2059321.4,-9999,209951.4,14.24,-1,0.10779991887778206,0.9978936385210996,0.9576223136048772,0.9817851085546108,6,1.7894736842105263,0.47368421052631576,13C1 N4 S2 O9,de-protonated,1,2727,C19 H34 O9 N4 S2 13C1,19,34,9,4,-9999,2,1,N/A,-9999,-9999,N/A,-9999
2735,538.985657,538.9857050805539,538.986060487799,2265182.8,-9999,157602.9,15.83,-1,-0.6593996973062443,0.9241366457289488,0,0.5544819874373693,19,0.5217391304347826,0.43478260869565216,N2 S2 O10,de-protonated,0,-9999,C23 H12 O10 N2 S2,23,12,10,2,-9999,2,-9999,N/A,-9999,-9999,N/A,-9999
2735,538.985657,538.9857050805539,538.985191107929,2265182.8,-9999,157602.9,15.83,-1,0.9535932217134092,0.8478949298826376,0,0.5087369579295825,20,0.3636363636363637,0.6818181818181818,N2 O15,de-protonated,0,-9999,C22 H8 O15 N2,22,8,15,2,-9999,-9999,-9999,N/A,-9999,-9999,N/A,-9999
2735,538.985657,538.9857050805539,538.985680365279,2265182.8,-9999,157602.9,15.83,-1,0.04585516051750422,0.9996185413930015,0,0.599771124835801,24,0.36,0.28,N4 S1 P1 O7,de-protonated,0,-9999,C25 H9 O7 N4 P1 S1,25,9,7,4,1,1,-9999,N/A,-9999,-9999,N/A,-9999
2736,539.073906,539.0739541505096,539.074087647789,1808026.4,-9999,395957.7,12.3,-1,-0.2476418037521356,0.9889340766619924,0,0.5933604459971954,21,0.6896551724137931,0.1724137931034483,N2 S2 O5,de-protonated,0,-9999,C29 H20 O5 N2 S2,29,20,5,2,-9999,2,-9999,N/A,-9999,-9999,N/A,-9999
2736,539.073906,539.0739541505096,539.0742205895191,1808026.4,-9999,395957.7,12.3,-1,-0.4942529234169852,0.9566426486712212,0,0.5739855892027326,8,1.3888888888888888,0.7222222222222222,N2 S1 P1 O13,de-protonated,0,-9999,C18 H25 O13 N2 P1 S1,18,25,13,2,1,1,-9999,N/A,-9999,-9999,N/A,-9999
2736,539.073906,539.0739541505096,539.073707525269,1808026.4,-9999,395957.7,12.3,-1,0.4574981809793237,0.9627340802816376,0,0.5776404481689825,26,0.5483870967741935,0.06451612903225806,N4 S1 P1 O2,de-protonated,0,-9999,C31 H17 O2 N4 P1 S1,31,17,2,4,1,1,-9999,N/A,-9999,-9999,N/A,-9999
2737,539.075888,539.0759361520808,539.075741418069,2919835.8,-9999,189337.9,20.88,-1,0.3612368296233804,0.4883002523722918,0.7739790330151771,0.602571764629446,16,0.925925925925926,0.2222222222222222,S2 P1 O6,de-protonated,0,-9999,C27 H25 O6 P1 S2,27,25,6,-9999,1,2,-9999,N/A,-9999,-9999,N/A,-9999
2737,539.075888,539.0759361520808,539.076209448719,2919835.8,-9999,189337.9,20.88,-1,-0.5069721747935533,0.4772173342332164,0.7739790330151771,0.5959220137460006,22,0.6296296296296297,0.25925925925925924,N4 P1 O7,de-protonated,0,-9999,C27 H17 O7 N4 P1,27,17,7,4,1,-9999,-9999,N/A,-9999,-9999,N/A,-9999
2737,539.075888,539.0759361520808,539.075938122559,2919835.8,-9999,189337.9,20.88,-1,-0.00365528882357627,0.9999975756422944,0,0.5999985453853766,8,1.411764705882353,0.7058823529411765,N4 S2 O12,de-protonated,0,-9999,C17 H24 O12 N4 S2,17,24,12,4,-9999,2,-9999,N/A,-9999,-9999,N/A,-9999
2738,539.100501,539.1005491715918,539.1002208627491,2123436.5,-9999,363771,14.73,-1,0.6089940792990484,0.9349197691857288,0,0.5609518615114372,8,1.3333333333333333,0.9444444444444444,N2 O17,de-protonated,0,-9999,C18 H24 O17 N2,18,24,17,2,-9999,-9999,-9999,N/A,-9999,-9999,N/A,-9999
2738,539.100501,539.1005491715918,539.100577178369,2123436.5,-9999,363771,14.73,-1,-0.05195093168521,0.9995104081562102,0,0.599706244893726,25,0.625,0.03125,N4 S2 O1,de-protonated,0,-9999,C32 H20 O1 N4 S2,32,20,1,4,-9999,2,-9999,N/A,-9999,-9999,N/A,-9999
2738,539.100501,539.1005491715918,539.100710120099,2123436.5,-9999,363771,14.73,-1,-0.29854998199605864,0.983957178209886,0,0.5903743069259316,12,1.1904761904761905,0.42857142857142855,N4 S1 P1 O9,de-protonated,0,-9999,C21 H25 O9 N4 P1 S1,21,25,9,4,1,1,-9999,N/A,-9999,-9999,N/A,-9999
2739,539.11036,539.1104081794072,539.110473157139,2945715,-9999,439100.9,21.08,-1,-0.12052767496943026,0.4986837901402854,0.7550179348240812,0.6012174480138037,20,0.8,0.13333333333333333,N2 S2 O4,de-protonated,0,-9999,C30 H24 O4 N2 S2,30,24,4,2,-9999,2,-9999,N/A,-9999,-9999,N/A,-9999
2739,539.11036,539.1104081794072,539.1106060988691,2945715,-9999,439100.9,21.08,-1,-0.36712218176796474,0.9758411934913206,0,0.5855047160947924,7,1.5263157894736843,0.631578947368421,N2 S1 P1 O12,de-protonated,0,-9999,C19 H29 O12 N2 P1 S1,19,29,12,2,1,1,-9999,N/A,-9999,-9999,N/A,-9999
2739,539.11036,539.1104081794072,539.110093034619,2945715,-9999,439100.9,21.08,-1,0.58456480822404,0.4699396002813474,0.7428850341668535,0.5791177738355497,25,0.65625,0.03125,N4 S1 P1 O1,de-protonated,0,-9999,C32 H21 O1 N4 P1 S1,32,21,1,4,1,1,-9999,N/A,-9999,-9999,N/A,-9999
2740,539.112338,539.1123861809751,539.1121269274191,4909492.5,-9999,179199,36.23,-1,0.480889861423311,0.479453623791136,0.7675537279851021,0.5946936654687225,15,1.0357142857142858,0.17857142857142858,S2 P1 O5,de-protonated,0,-9999,C28 H29 O5 P1 S2,28,29,5,-9999,1,2,-9999,N/A,-9999,-9999,N/A,-9999
2740,539.112338,539.1123861809751,539.112594958069,4909492.5,-9999,179199,36.23,-1,-0.3872606499449653,0.4865774521754804,0.7675537279851021,0.5989679624993292,21,0.75,0.21428571428571427,N4 P1 O6,de-protonated,0,-9999,C28 H21 O6 N4 P1,28,21,6,4,1,-9999,-9999,N/A,-9999,-9999,N/A,-9999
2740,539.112338,539.1123861809751,539.1123236319091,4909492.5,-9999,179199,36.23,-1,0.11602232644202198,0.49878023351970113,0.8370420509349343,0.6340849604857944,7,1.5555555555555556,0.6111111111111112,N4 S2 O11,de-protonated,0,-9999,C18 H28 O11 N4 S2,18,28,11,4,-9999,2,-9999,N/A,-9999,-9999,N/A,-9999
2741,539.146788,539.1468362082838,539.147371730739,3430603.8,-9999,425305.9,24.82,-1,-0.993276575629223,0.8360917061535483,0,0.501655023692129,1,2,0.7777777777777778,S2 O14,de-protonated,0,-9999,C18 H36 O14 S2,18,36,14,-9999,-9999,2,-9999,N/A,-9999,-9999,N/A,-9999
2741,539.146788,539.1468362082838,539.146858666489,3430603.8,-9999,425305.9,24.82,-1,-0.04165507937808531,0.499842604830153,0.7489023467070351,0.5994665015809059,19,0.9032258064516128,0.0967741935483871,N2 S2 O3,de-protonated,0,-9999,C31 H28 O3 N2 S2,31,28,3,2,-9999,2,-9999,N/A,-9999,-9999,N/A,-9999
2741,539.146788,539.1468362082838,539.1469916082191,3430603.8,-9999,425305.9,24.82,-1,-0.28823296365731993,0.4925193064070049,0.8221557383861046,0.6243738791986448,6,1.65,0.55,N2 S1 P1 O11,de-protonated,0,-9999,C20 H33 O11 N2 P1 S1,20,33,11,2,1,1,-9999,N/A,-9999,-9999,N/A,-9999
2742,539.148656,539.1487042097647,539.148512436769,6240461,-9999,191821.3,46.5,-1,0.355696048935269,0.4886523367537545,0.7612342259156646,0.5976850924185185,14,1.137931034482759,0.13793103448275862,S2 P1 O4,de-protonated,0,-9999,C29 H33 O4 P1 S2,29,33,4,-9999,1,2,-9999,N/A,-9999,-9999,N/A,-9999
2742,539.148656,539.1487042097647,539.148980467419,6240461,-9999,191821.3,46.5,-1,-0.5123957651516442,0.47673884731004834,0.7612342259156645,0.5905369987522948,20,0.8620689655172413,0.1724137931034483,N4 P1 O5,de-protonated,0,-9999,C29 H25 O5 N4 P1,29,25,5,4,1,-9999,-9999,N/A,-9999,-9999,N/A,-9999
2742,539.148656,539.1487042097647,539.148709141259,6240461,-9999,191821.3,46.5,-1,-0.00914681656788716,0.499992409673185,0.8295321147073605,0.6318082916868553,6,1.6842105263157894,0.5263157894736842,N4 S2 O10,de-protonated,0,-9999,C19 H32 O10 N4 S2,19,32,10,4,-9999,2,-9999,N/A,-9999,-9999,N/A,-9999
2743,539.174955,539.1750032306121,539.174512709999,2362078.8,-9999,477267.2,16.57,-1,0.909762241206182,0.43027689688540754,0.7612342259156646,0.5626598284975104,14,1.103448275862069,0.27586206896551724,S1 O8,de-protonated,0,-9999,C29 H32 O8 S1,29,32,8,-9999,-9999,1,-9999,N/A,-9999,-9999,N/A,-9999
2743,539.174955,539.1750032306121,539.175515031599,2362078.8,-9999,477267.2,16.57,-1,-0.9492289109457058,0.8491735365835948,0,0.5095041219501569,0,2.1578947368421053,0.5789473684210527,S2 P1 O11,de-protonated,0,-9999,C19 H41 O11 P1 S2,19,41,11,-9999,1,2,-9999,N/A,-9999,-9999,N/A,-9999
2743,539.174955,539.1750032306121,539.1746456517291,2362078.8,-9999,477267.2,16.57,-1,0.6631967692177141,0.9232949243777652,0,0.5539769546266591,1,2.0555555555555554,0.8888888888888888,P1 O16,de-protonated,0,-9999,C18 H37 O16 P1,18,37,16,-9999,1,-9999,-9999,N/A,-9999,-9999,N/A,-9999
2744,539.177213,539.1772612324021,539.1770146334491,3392480.3,-9999,152769.7,24.52,-1,0.4573617686468408,0.48137794056368755,0.787157861234881,0.603689908832165,10,1.28,0.52,O13,de-protonated,0,-9999,C25 H32 O13,25,32,13,-9999,-9999,-9999,-9999,N/A,-9999,-9999,N/A,-9999
2744,539.177213,539.1772612324021,539.177503890799,3392480.3,-9999,152769.7,24.52,-1,-0.45005289571077867,0.4819575795113088,0.7675537279851021,0.5961960389008261,14,1.1785714285714286,0.17857142857142858,N2 S1 P1 O5,de-protonated,0,-9999,C28 H33 O5 N2 P1 S1,28,33,5,2,1,1,-9999,N/A,-9999,-9999,N/A,-9999
2744,539.177213,539.1772612324021,539.176852442119,3392480.3,-9999,152769.7,24.52,-1,0.7581747645137453,0.9009532026177866,0,0.5405719215706719,5,1.85,0.35,N4 S2 P1 O7,de-protonated,0,-9999,C20 H37 O7 N4 P1 S2,20,37,7,4,1,2,-9999,N/A,-9999,-9999,N/A,-9999
2745,539.183523,539.1835712374041,539.184028566249,3441380.5,-9999,243639.5,24.9,-1,-0.8481869282650705,0.4388115681584619,0.7612342259156645,0.5677806312613429,14,1.137931034482759,0.27586206896551724,P1 O8,de-protonated,0,-9999,C29 H33 O8 P1,29,33,8,-9999,1,-9999,-9999,N/A,-9999,-9999,N/A,-9999
2745,539.183523,539.1835712374041,539.183757240089,3441380.5,-9999,243639.5,24.9,-1,-0.34497086091628176,0.978638184039866,0,0.5871829104239196,0,2.1052631578947367,0.6842105263157895,S2 O13,de-protonated,0,-9999,C19 H40 O13 S2,19,40,13,-9999,-9999,2,-9999,N/A,-9999,-9999,N/A,-9999
2745,539.183523,539.1835712374041,539.183244175839,3441380.5,-9999,243639.5,24.9,-1,0.6065870343036024,0.4677081302270112,0.7428850341668535,0.5777788918029481,18,1,0.0625,N2 S2 O2,de-protonated,0,-9999,C32 H32 O2 N2 S2,32,32,2,2,-9999,2,-9999,N/A,-9999,-9999,N/A,-9999
2745,539.183523,539.1835712374041,539.183377117569,3441380.5,-9999,243639.5,24.9,-1,0.3600256301265924,0.4883776600802705,0.8149093904448103,0.6189903522260864,5,1.761904761904762,0.47619047619047616,N2 S1 P1 O10,de-protonated,0,-9999,C21 H37 O10 N2 P1 S1,21,37,10,2,1,1,-9999,N/A,-9999,-9999,N/A,-9999
2746,539.185309,539.1853572388197,539.184897946119,5510374,-9999,190141.7,40.87,-1,0.8518278284031193,0.43831901909065735,0.7550179348240813,0.5649985853840269,13,1.2333333333333334,0.1,S2 P1 O3,de-protonated,0,-9999,C30 H37 O3 P1 S2,30,37,3,-9999,1,2,-9999,N/A,-9999,-9999,N/A,-9999
2746,539.185309,539.1853572388197,539.1857460992891,5510374,-9999,190141.7,40.87,-1,-0.7211994607723495,0.4549699787248946,0.7675537279851021,0.5800034784289776,14,1.1428571428571428,0.25,N2 S1 O7,de-protonated,0,-9999,C28 H32 O7 N2 S1,28,32,7,2,-9999,1,-9999,N/A,-9999,-9999,N/A,-9999
2746,539.185309,539.1853572388197,539.185879041019,5510374,-9999,190141.7,40.87,-1,-0.9677593934790866,0.4218588736418306,0.8446892076502734,0.5909910072452078,1,2.176470588235294,0.8823529411764706,N2 P1 O15,de-protonated,0,-9999,C17 H37 O15 N2 P1,17,37,15,2,1,-9999,-9999,N/A,-9999,-9999,N/A,-9999
2746,539.185309,539.1853572388197,539.185365976769,5510374,-9999,190141.7,40.87,-1,-0.01620583544471588,0.4999761737148955,0.7550179348240813,0.6019928781585698,19,0.9666666666666668,0.13333333333333333,N4 P1 O4,de-protonated,0,-9999,C30 H29 O4 N4 P1,30,29,4,4,1,-9999,-9999,N/A,-9999,-9999,N/A,-9999
2746,539.185309,539.1853572388197,539.1850946506091,5510374,-9999,190141.7,40.87,-1,0.4870094021669038,0.4789386133093111,0.8221557383861046,0.6162254633400285,5,1.8,0.45,N4 S2 O9,de-protonated,0,-9999,C20 H36 O9 N4 S2,20,36,9,4,-9999,2,-9999,N/A,-9999,-9999,N/A,-9999
2747,539.213185,539.2132332609173,539.2134001427991,2077944.6,-9999,287883.5,14.38,-1,-0.3094913474923818,0.9827701185372252,0,0.589662071122335,9,1.3846153846153846,0.4615384615384616,O12,de-protonated,0,-9999,C26 H36 O12,26,36,12,-9999,-9999,-9999,-9999,N/A,-9999,-9999,N/A,-9999
2747,539.213185,539.2132332609173,539.212887078549,2077944.6,-9999,287883.5,14.38,-1,0.642014270376887,0.4639691937891291,0.7033271719038787,0.559712385035029,27,0.717948717948718,0.02564102564102564,N2 O1,de-protonated,0,-9999,C39 H28 O1 N2,39,28,1,2,-9999,-9999,-9999,N/A,-9999,-9999,N/A,-9999
2747,539.213185,539.2132332609173,539.212748694119,2077944.6,-9999,287883.5,14.38,-1,0.8986560489104232,0.863695658828024,0,0.5182173952968144,0,2.2222222222222223,0.7777777777777778,N2 S1 O14,de-protonated,0,-9999,C18 H40 O14 N2 S1,18,40,14,2,-9999,1,-9999,N/A,-9999,-9999,N/A,-9999
2747,539.213185,539.2132332609173,539.2132379514691,2077944.6,-9999,287883.5,14.38,-1,-0.0086988810262937,0.999986269775798,0,0.5999917618654789,4,1.9523809523809523,0.2857142857142857,N4 S2 P1 O6,de-protonated,0,-9999,C21 H41 O6 N4 P1 S2,21,41,6,4,1,2,-9999,N/A,-9999,-9999,N/A,-9999
2748,539.219502,539.2195502659249,539.219273369569,2012924.9,-9999,334451.5,13.88,-1,0.5135134621003186,0.9532793354929412,0,0.5719676012957646,0,2.1052631578947367,0.8947368421052632,O17,de-protonated,0,-9999,C19 H40 O17,19,40,17,-9999,-9999,-9999,-9999,N/A,-9999,-9999,N/A,-9999
2748,539.219502,539.2195502659249,539.219629685189,2012924.9,-9999,334451.5,13.88,-1,-0.14728555815281202,0.9960715637550144,0,0.5976429382530086,17,1.0909090909090908,0.0303030303030303,N2 S2 O1,de-protonated,0,-9999,C33 H36 O1 N2 S2,33,36,1,2,-9999,2,-9999,N/A,-9999,-9999,N/A,-9999
2748,539.219502,539.2195502659249,539.2197626269191,2012924.9,-9999,334451.5,13.88,-1,-0.3938301391895264,0.9722492410689708,0,0.5833495446413824,4,1.8636363636363635,0.4090909090909091,N2 S1 P1 O9,de-protonated,0,-9999,C22 H41 O9 N2 P1 S1,22,41,9,2,1,1,-9999,N/A,-9999,-9999,N/A,-9999
2749,539.221849,539.2218972677854,539.2221316086391,3034366.5,-9999,324870.4,21.76,-1,-0.4345905703004968,0.48315527052435286,0.7612342259156646,0.5943868526808775,13,1.2413793103448276,0.20689655172413793,N2 S1 O6,de-protonated,0,-9999,C29 H36 O6 N2 S1,29,36,6,2,-9999,1,-9999,N/A,-9999,-9999,N/A,-9999
2749,539.221849,539.2218972677854,539.222264550369,3034366.5,-9999,324870.4,21.76,-1,-0.6811339363573709,0.9192640014098464,0,0.5515584008459078,0,2.2777777777777777,0.7777777777777778,N2 P1 O14,de-protonated,0,-9999,C18 H41 O14 N2 P1,18,41,14,2,1,-9999,-9999,N/A,-9999,-9999,N/A,-9999
2749,539.221849,539.2218972677854,539.221751486119,3034366.5,-9999,324870.4,21.76,-1,0.27035568563674794,0.4934125380680381,0.7489023467070351,0.595608461523637,18,1.064516129032258,0.0967741935483871,N4 P1 O3,de-protonated,0,-9999,C31 H33 O3 N4 P1,31,33,3,4,1,-9999,-9999,N/A,-9999,-9999,N/A,-9999
2749,539.221849,539.2218972677854,539.221480159959,3034366.5,-9999,324870.4,21.76,-1,0.7735371117662958,0.8971146816756675,0,0.5382688090054005,4,1.9047619047619049,0.380952380952381,N4 S2 O8,de-protonated,0,-9999,C21 H40 O8 N4 S2,21,40,8,4,-9999,2,-9999,N/A,-9999,-9999,N/A,-9999
2752,541.055182,541.055231721084,541.0550059731789,4473817.5,-9999,216266,31.21,-1,0.4172365150073558,0.48445297425873657,0.7805128205128199,0.6028769127603699,16,0.8846153846153846,0.2692307692307692,S2 P1 O7,de-protonated,0,-9999,C26 H23 O7 P1 S2,26,23,7,-9999,1,2,-9999,N/A,-9999,-9999,N/A,-9999
2752,541.055182,541.055231721084,541.0554740038291,4473817.5,-9999,216266,31.21,-1,-0.4477964953236154,0.4821347788620313,0.7805128205128199,0.6014859955223468,22,0.5769230769230769,0.3076923076923077,N4 P1 O8,de-protonated,0,-9999,C26 H15 O8 N4 P1,26,15,8,4,1,-9999,-9999,N/A,-9999,-9999,N/A,-9999
2752,541.055182,541.055231721084,541.055202677669,4473817.5,-9999,216266,31.21,-1,0.05367920864152746,0.4997386499940268,0.8524773804394659,0.6408341421722024,8,1.375,0.8125,N4 S2 O13,de-protonated,0,-9999,C16 H22 O13 N4 S2,16,22,13,4,-9999,2,-9999,N/A,-9999,-9999,N/A,-9999
2753,541.089466,541.0895157482614,541.0897377122491,2392048.8,-9999,429789.7,15.95,-1,-0.41021659104864944,0.4849638439534155,0.7612342259156645,0.5954719967383151,20,0.7586206896551724,0.1724137931034483,N2 S2 O5,de-protonated,0,-9999,C29 H22 O5 N2 S2,29,22,5,2,-9999,2,-9999,N/A,-9999,-9999,N/A,-9999
2753,541.089466,541.0895157482614,541.089870653979,2392048.8,-9999,429789.7,15.95,-1,-0.6559090029851351,0.9249068580274112,0,0.5549441148164468,7,1.5,0.7222222222222222,N2 S1 P1 O13,de-protonated,0,-9999,C18 H27 O13 N2 P1 S1,18,27,13,2,1,1,-9999,N/A,-9999,-9999,N/A,-9999
2753,541.089466,541.0895157482614,541.089357589729,2392048.8,-9999,429789.7,15.95,-1,0.2922965128652926,0.4923085339090728,0.748902346707035,0.5949460590282577,25,0.6129032258064516,0.06451612903225806,N4 S1 P1 O2,de-protonated,0,-9999,C31 H19 O2 N4 P1 S1,31,19,2,4,1,1,-9999,N/A,-9999,-9999,N/A,-9999
2754,541.090938,541.0909877494283,541.091391482529,3466737.8,-9999,315524.1,23.83,-1,-0.7461458582902158,0.4519581153954472,0.7739790330151771,0.5807664824433392,15,1,0.2222222222222222,S2 P1 O6,de-protonated,0,-9999,C27 H27 O6 P1 S2,27,27,6,-9999,1,2,-9999,N/A,-9999,-9999,N/A,-9999
2754,541.090938,541.0909877494283,541.0905221026591,3466737.8,-9999,315524.1,23.83,-1,0.8605709215931214,0.4371299026403186,0.7805128205128199,0.5744830697893191,16,0.8846153846153846,0.4230769230769231,P1 O11,de-protonated,0,-9999,C26 H23 O11 P1,26,23,11,-9999,1,-9999,-9999,N/A,-9999,-9999,N/A,-9999
2755,541.092003,541.0920527502725,541.092239635699,3121138.5,-9999,303498.9,21.29,-1,-0.34538552359773816,0.4892936762653803,0.7871578612348809,0.6084393502531805,16,0.88,0.4,N2 S1 O10,de-protonated,0,-9999,C25 H22 O10 N2 S1,25,22,10,2,-9999,1,-9999,N/A,-9999,-9999,N/A,-9999
2755,541.092003,541.0920527502725,541.091859513179,3121138.5,-9999,303498.9,21.29,-1,0.357124377550852,0.4885620712175631,0.7739790330151771,0.6027288559366087,21,0.7037037037037037,0.25925925925925924,N4 P1 O7,de-protonated,0,-9999,C27 H19 O7 N4 P1,27,19,7,4,1,-9999,-9999,N/A,-9999,-9999,N/A,-9999
2755,541.092003,541.0920527502725,541.091588187019,3121138.5,-9999,303498.9,21.29,-1,0.858566763163625,0.8748065351620209,0,0.5248839210972125,7,1.5294117647058822,0.7058823529411765,N4 S2 O12,de-protonated,0,-9999,C17 H26 O12 N4 S2,17,26,12,4,-9999,2,-9999,N/A,-9999,-9999,N/A,-9999
2756,541.106997,541.1070467621583,541.1066476238191,1984508.5,-9999,285132.9,12.96,-1,0.7376334055931509,0.9059902070292464,0,0.5435941242175478,19,0.8709677419354839,0.0967741935483871,S2 P1 O3,de-protonated,0,-9999,C31 H27 O3 P1 S2,31,27,3,-9999,1,2,-9999,N/A,-9999,-9999,N/A,-9999
2756,541.106997,541.1070467621583,541.107495776989,1984508.5,-9999,285132.9,12.96,-1,-0.8298070793380081,0.8825481788032525,0,0.5295289072819515,20,0.7586206896551724,0.2413793103448276,N2 S1 O7,de-protonated,0,-9999,C29 H22 O7 N2 S1,29,22,7,2,-9999,1,-9999,N/A,-9999,-9999,N/A,-9999
2756,541.106997,541.1070467621583,541.107115654469,1984508.5,-9999,285132.9,12.96,-1,-0.12731732527219816,0.9970630921674684,0,0.598237855300481,25,0.6129032258064516,0.12903225806451613,N4 P1 O4,de-protonated,0,-9999,C31 H19 O4 N4 P1,31,19,4,4,1,-9999,-9999,N/A,-9999,-9999,N/A,-9999
2756,541.106997,541.1070467621583,541.1068443283091,1984508.5,-9999,285132.9,12.96,-1,0.3741106795991885,0.9749244087229116,0,0.584954645233747,11,1.238095238095238,0.42857142857142855,N4 S2 O9,de-protonated,0,-9999,C21 H26 O9 N4 S2,21,26,9,4,-9999,2,-9999,N/A,-9999,-9999,N/A,-9999
2757,541.114734,541.1147837682915,541.114889832309,3112705.8,-9999,199471.2,21.23,-1,-0.19601016247342024,0.4965264936239318,0.7489023467070351,0.5974768348571732,19,0.8387096774193549,0.16129032258064516,S2 O5,de-protonated,0,-9999,C31 H26 O5 S2,31,26,5,-9999,-9999,2,-9999,N/A,-9999,-9999,N/A,-9999
2757,541.114734,541.1147837682915,541.1150227740391,3112705.8,-9999,199471.2,21.23,-1,-0.441691206966527,0.965220189663236,0,0.5791321137979416,6,1.55,0.65,S1 P1 O13,de-protonated,0,-9999,C20 H31 O13 P1 S1,20,31,13,-9999,1,1,-9999,N/A,-9999,-9999,N/A,-9999
2757,541.114734,541.1147837682915,541.114509709789,3112705.8,-9999,199471.2,21.23,-1,0.5064704376563315,0.4772613659361587,0.7369636471990461,0.5811422784413136,24,0.696969696969697,0.06060606060606061,N2 S1 P1 O2,de-protonated,0,-9999,C33 H23 O2 N2 P1 S1,33,23,2,2,1,1,-9999,N/A,-9999,-9999,N/A,-9999
2758,541.115816,541.1158657691492,541.115870927209,3306498.5,-9999,245721.5,22.65,-1,-0.00953226489587842,0.9999835129690442,0,0.5999901077814265,7,1.4444444444444444,0.9444444444444444,N2 O17,de-protonated,0,-9999,C18 H26 O17 N2,18,26,17,2,-9999,-9999,-9999,N/A,-9999,-9999,N/A,-9999
2758,541.115816,541.1158657691492,541.116227242829,3306498.5,-9999,245721.5,22.65,-1,-0.6680148582629547,0.46111051259873775,0.7428850341668535,0.573820321225984,24,0.6875,0.03125,N4 S2 O1,de-protonated,0,-9999,C32 H22 O1 N4 S2,32,22,1,4,-9999,2,-9999,N/A,-9999,-9999,N/A,-9999
2758,541.115816,541.1158657691492,541.1153578629591,3306498.5,-9999,245721.5,22.65,-1,0.9386283031086962,0.4261313430968435,0.748902346707035,0.5552397445409201,25,0.5806451612903226,0.1935483870967742,N4 O6,de-protonated,0,-9999,C31 H18 O6 N4,31,18,6,4,-9999,-9999,-9999,N/A,-9999,-9999,N/A,-9999
2758,541.115816,541.1158657691492,541.1163601845591,3306498.5,-9999,245721.5,22.65,-1,-0.9136951795742044,0.4297173556627268,0.8149093904448103,0.5837941695755602,11,1.2857142857142858,0.42857142857142855,N4 S1 P1 O9,de-protonated,0,-9999,C21 H27 O9 N4 P1 S1,21,27,9,4,1,1,-9999,N/A,-9999,-9999,N/A,-9999
2759,541.126289,541.1263387774513,541.126774670279,4026889.8,-9999,370489.5,27.93,-1,-0.8055281092810963,0.444464632582771,0.7087183895694522,0.5501661353774435,28,0.5789473684210527,0.05263157894736842,S1 O2,de-protonated,0,-9999,C38 H22 O2 S1,38,22,2,-9999,-9999,1,-9999,N/A,-9999,-9999,N/A,-9999
2759,541.126289,541.1263387774513,541.126636285849,4026889.8,-9999,370489.5,27.93,-1,-0.5497944062327269,0.47331489092528745,0.8446892076502734,0.6218646176152818,1,2,0.8823529411764706,S2 O15,de-protonated,0,-9999,C17 H34 O15 S2,17,34,15,-9999,-9999,2,-9999,N/A,-9999,-9999,N/A,-9999
2759,541.126289,541.1263387774513,541.1261232215991,4026889.8,-9999,370489.5,27.93,-1,0.398346786477802,0.4858091209133854,0.7550179348240812,0.5934926464776638,19,0.8666666666666667,0.13333333333333333,N2 S2 O4,de-protonated,0,-9999,C30 H26 O4 N2 S2,30,26,4,2,-9999,2,-9999,N/A,-9999,-9999,N/A,-9999
2759,541.126289,541.1263387774513,541.126256163329,4026889.8,-9999,370489.5,27.93,-1,0.15267069633615996,0.49788983140510135,0.8295321147073605,0.630546744726005,6,1.631578947368421,0.631578947368421,N2 S1 P1 O12,de-protonated,0,-9999,C19 H31 O12 N2 P1 S1,19,31,12,2,1,1,-9999,N/A,-9999,-9999,N/A,-9999
2760,541.127723,541.127772778588,541.1277769918789,5032458.5,-9999,219548.7,35.3,-1,-0.00778612947780417,0.49999449997470496,0.7675537279851021,0.6070181911788639,14,1.1071428571428572,0.17857142857142858,S2 P1 O5,de-protonated,0,-9999,C28 H31 O5 P1 S2,28,31,5,-9999,1,2,-9999,N/A,-9999,-9999,N/A,-9999
2760,541.127723,541.127772778588,541.1282450225291,5032458.5,-9999,219548.7,35.3,-1,-0.8727024424129612,0.4354652699361671,0.7675537279851021,0.5683006531557411,20,0.8214285714285714,0.21428571428571427,N4 P1 O6,de-protonated,0,-9999,C28 H23 O6 N4 P1,28,23,6,4,1,-9999,-9999,N/A,-9999,-9999,N/A,-9999
2760,541.127723,541.127772778588,541.1279736963689,5032458.5,-9999,219548.7,35.3,-1,-0.3712943900712965,0.48764791942668534,0.8370420509349343,0.6274055720299849,6,1.6666666666666667,0.6111111111111112,N4 S2 O11,de-protonated,0,-9999,C18 H30 O11 N4 S2,18,30,11,4,-9999,2,-9999,N/A,-9999,-9999,N/A,-9999
2761,541.142778,541.1428277905222,541.143033133169,2611733,-9999,278187.5,17.56,-1,-0.3794609449813452,0.4871057238521505,0.7428850341668535,0.5894174479780316,18,0.96875,0.0625,S2 P1 O2,de-protonated,0,-9999,C32 H31 O2 P1 S2,32,31,2,-9999,1,2,-9999,N/A,-9999,-9999,N/A,-9999
2761,541.142778,541.1428277905222,541.143229837659,2611733,-9999,278187.5,17.56,-1,-0.7429588222914867,0.9046949505865498,0,0.5428169703519299,10,1.3636363636363635,0.3636363636363637,N4 S2 O8,de-protonated,0,-9999,C22 H30 O8 N4 S2,22,30,8,4,-9999,2,-9999,N/A,-9999,-9999,N/A,-9999
2761,541.142778,541.1428277905222,541.142360457789,2611733,-9999,278187.5,17.56,-1,0.863604048398319,0.8734306035380225,0,0.5240583621228134,11,1.238095238095238,0.6190476190476191,N4 O13,de-protonated,0,-9999,C21 H26 O13 N4,21,26,13,4,-9999,-9999,-9999,N/A,-9999,-9999,N/A,-9999
2762,541.162524,541.162573806175,541.163021795199,3285026.3,-9999,357985.3,22.49,-1,-0.8278263775492813,0.883074110347906,0,0.5298444662087436,0,2.111111111111111,0.7777777777777778,S2 O14,de-protonated,0,-9999,C18 H38 O14 S2,18,38,14,-9999,-9999,2,-9999,N/A,-9999,-9999,N/A,-9999
2762,541.162524,541.162573806175,541.162508730949,3285026.3,-9999,357985.3,22.49,-1,0.12025080271720054,0.49868982238295495,0.748902346707035,0.598774832112587,18,0.967741935483871,0.0967741935483871,N2 S2 O3,de-protonated,0,-9999,C31 H30 O3 N2 S2,31,30,3,2,-9999,2,-9999,N/A,-9999,-9999,N/A,-9999
2762,541.162524,541.162573806175,541.1626416726791,3285026.3,-9999,357985.3,22.49,-1,-0.1254087012964068,0.9971503623368132,0,0.5982902174020879,5,1.75,0.55,N2 S1 P1 O11,de-protonated,0,-9999,C20 H35 O11 N2 P1 S1,20,35,11,2,1,1,-9999,N/A,-9999,-9999,N/A,-9999
2763,541.164108,541.1641578074308,541.164162501229,4785699.5,-9999,202350.4,33.49,-1,-0.00867352010965756,0.4999931748586845,0.7612342259156646,0.6044895952814765,13,1.206896551724138,0.13793103448275862,S2 P1 O4,de-protonated,0,-9999,C29 H35 O4 P1 S2,29,35,4,-9999,1,2,-9999,N/A,-9999,-9999,N/A,-9999
2763,541.164108,541.1641578074308,541.164630531879,4785699.5,-9999,202350.4,33.49,-1,-0.8735316787207601,0.43535086860486094,0.7612342259156645,0.5657042115291824,19,0.9310344827586208,0.1724137931034483,N4 P1 O5,de-protonated,0,-9999,C29 H27 O5 N4 P1,29,27,5,4,1,-9999,-9999,N/A,-9999,-9999,N/A,-9999
2763,541.164108,541.1641578074308,541.164359205719,4785699.5,-9999,202350.4,33.49,-1,-0.3721573396852901,0.48759115540713327,0.8295321147073604,0.6243675391272241,5,1.7894736842105263,0.5263157894736842,N4 S2 O10,de-protonated,0,-9999,C19 H34 O10 N4 S2,19,34,10,4,-9999,2,-9999,N/A,-9999,-9999,N/A,-9999
2764,541.192175,541.1922248296797,541.192664697909,17959478,-9999,185057.4,130.03,-1,-0.8127756674157494,0.9435042200380483,0.9963458694811946,0.9646408798153068,9,1.36,0.52,O13,de-protonated,0,-9999,C25 H34 O13,25,34,13,-9999,-9999,-9999,-9999,N/A,-9999,-9999,N/A,-9999
2764,541.192175,541.1922248296797,541.192151633659,17959478,-9999,185057.4,130.03,-1,0.1352495975536668,0.6142959881383563,0.8861834035043022,0.7230509542847348,27,0.6842105263157895,0.05263157894736842,N2 O2,de-protonated,0,-9999,C38 H26 O2 N2,38,26,2,2,-9999,-9999,-9999,N/A,-9999,-9999,N/A,-9999
2764,541.192175,541.1922248296797,541.192013249229,17959478,-9999,185057.4,130.03,-1,0.39095264807290353,0.6552826096630137,0.8503450723172138,0.7333075947246938,0,2.235294117647059,0.8823529411764706,N2 S1 O15,de-protonated,0,-9999,C17 H38 O15 N2 S1,17,38,15,2,-9999,1,-9999,N/A,-9999,-9999,N/A,-9999
2764,541.192175,541.1922248296797,541.192502506579,17959478,-9999,185057.4,130.03,-1,-0.5130834185116486,0.949721739903457,0.9156731228859336,0.9361022930964475,4,1.95,0.35,N4 S2 P1 O7,de-protonated,0,-9999,C20 H39 O7 N4 P1 S2,20,39,7,4,1,2,-9999,N/A,-9999,-9999,N/A,-9999
2765,541.198712,541.1987618348616,541.1988942402991,2340411,-9999,297381.9,15.57,-1,-0.24465208432783123,0.4945991082903853,0.7428850341668535,0.5939134786409725,17,1.0625,0.0625,N2 S2 O2,de-protonated,0,-9999,C32 H34 O2 N2 S2,32,34,2,2,-9999,2,-9999,N/A,-9999,-9999,N/A,-9999
2765,541.198712,541.1987618348616,541.199027182029,2340411,-9999,297381.9,15.57,-1,-0.49029498227985385,0.9573192974417136,0,0.5743915784650281,4,1.8571428571428572,0.47619047619047616,N2 S1 P1 O10,de-protonated,0,-9999,C21 H39 O10 N2 P1 S1,21,39,10,2,1,1,-9999,N/A,-9999,-9999,N/A,-9999
2766,541.200724,541.2007738364566,541.200548010579,2682172.3,-9999,179818.4,18.08,-1,0.4172683830575701,0.4844506365586664,0.7550179348240813,0.5926775558648324,12,1.3,0.1,S2 P1 O3,de-protonated,0,-9999,C30 H39 O3 P1 S2,30,39,3,-9999,1,2,-9999,N/A,-9999,-9999,N/A,-9999
2766,541.200724,541.2007738364566,541.2010160412291,2682172.3,-9999,179818.4,18.08,-1,-0.4475319988012035,0.4821554962019621,0.7550179348240812,0.5913004716508097,18,1.0333333333333334,0.13333333333333333,N4 P1 O4,de-protonated,0,-9999,C30 H31 O4 N4 P1,30,31,4,4,1,-9999,-9999,N/A,-9999,-9999,N/A,-9999
2766,541.200724,541.2007738364566,541.200744715069,2682172.3,-9999,179818.4,18.08,-1,0.05380884607829246,0.999474772920493,0,0.5996848637522958,4,1.9,0.45,N4 S2 O9,de-protonated,0,-9999,C20 H38 O9 N4 S2,20,38,9,4,-9999,2,-9999,N/A,-9999,-9999,N/A,-9999
2767,541.228883,541.2289328587784,541.2290502072591,2026575.4,-9999,334280,13.27,-1,-0.21681851819745368,0.9915063251138504,0,0.5949037950683101,8,1.4615384615384617,0.4615384615384616,O12,de-protonated,0,-9999,C26 H38 O12,26,38,12,-9999,-9999,-9999,-9999,N/A,-9999,-9999,N/A,-9999
2767,541.228883,541.2289328587784,541.2285371430089,2026575.4,-9999,334280,13.27,-1,0.7311435786495987,0.4537792766142281,0.7033271719038788,0.5535984347300884,26,0.7692307692307693,0.02564102564102564,N2 O1,de-protonated,0,-9999,C39 H30 O1 N2,39,30,1,2,-9999,-9999,-9999,N/A,-9999,-9999,N/A,-9999
2767,541.228883,541.2289328587784,541.2288880159291,2026575.4,-9999,334280,13.27,-1,0.08285376171334065,0.9987551763238552,0,0.599253105794313,3,2.047619047619047,0.2857142857142857,N4 S2 P1 O6,de-protonated,0,-9999,C21 H43 O6 N4 P1 S2,21,43,6,4,1,2,-9999,N/A,-9999,-9999,N/A,-9999
2768,542.150005,542.1500555889597,542.150028558909,1883585.9,-9999,281751.4,12.22,-1,0.04985714165780861,0.9995490684271926,0,0.5997294410563155,0,2.235294117647059,0.7058823529411765,N1 S2 P1 O12,de-protonated,0,-9999,C17 H38 O12 N1 P1 S2,17,38,12,1,1,2,-9999,N/A,-9999,-9999,N/A,-9999
2768,542.150005,542.1500555889597,542.1495154946589,1883585.9,-9999,281751.4,12.22,-1,0.9962091367960662,0.835207067746613,0,0.5011242406479678,18,1,0.03333333333333333,N3 S2 P1 O1,de-protonated,0,-9999,C30 H30 O1 N3 P1 S2,30,30,1,3,1,2,-9999,N/A,-9999,-9999,N/A,-9999
2769,542.151736,542.1517865903319,542.1515281607591,3247811.3,-9999,218712.2,22.22,-1,0.47667406503928367,0.4798049470521912,0.8007932653391622,0.6082002743669797,10,1.2608695652173914,0.6086956521739131,N1 O14,de-protonated,0,-9999,C23 H29 O14 N1,23,29,14,1,-9999,-9999,-9999,N/A,-9999,-9999,N/A,-9999
2769,542.151736,542.1517865903319,542.152017418109,3247811.3,-9999,218712.2,22.22,-1,-0.4257620920756952,0.48382162023926206,0.7805128205128199,0.6024981003486851,14,1.1538461538461535,0.2307692307692308,N3 S1 P1 O6,de-protonated,0,-9999,C26 H30 O6 N3 P1 S1,26,30,6,3,1,1,-9999,N/A,-9999,-9999,N/A,-9999
2770,542.195976,542.1960266254013,542.196019532979,4962529,-9999,211834.7,34.78,-1,0.01308091909563581,0.9999689527166288,0.9963458694811946,0.9985197194224552,9,1.4166666666666667,0.5416666666666666,13C1 O13,de-protonated,1,2764,C24 H34 O13 13C1,24,34,13,-9999,-9999,-9999,1,N/A,-9999,-9999,N/A,-9999
2770,542.195976,542.1960266254013,542.195796982779,4962529,-9999,211834.7,34.78,-1,0.4235418708666686,0.4839871868641951,0.7612342259156645,0.5948860024847828,12,1.3103448275862069,0.10344827586206896,N1 S2 P1 O3,de-protonated,0,-9999,C29 H38 O3 N1 P1 S2,29,38,3,1,1,2,-9999,N/A,-9999,-9999,N/A,-9999
2770,542.195976,542.1960266254013,542.195506468729,4962529,-9999,211834.7,34.78,-1,0.9593526062420304,0.5641344025571345,0.8861834035043022,0.6929540029360016,27,0.7027027027027027,0.05405405405405406,13C1 N2 O2,de-protonated,1,2764,C37 H26 O2 N2 13C1,37,26,2,2,-9999,-9999,1,N/A,-9999,-9999,N/A,-9999
2770,542.195976,542.1960266254013,542.1958573416491,4962529,-9999,211834.7,34.78,-1,0.3122188224992871,0.9594257671959822,0.9156731228859336,0.9419247094719628,4,2.0526315789473686,0.3684210526315789,13C1 N4 S2 P1 O7,de-protonated,1,2764,C19 H39 O7 N4 P1 S2 13C1,19,39,7,4,1,2,1,N/A,-9999,-9999,N/A,-9999
2771,542.290744,542.2907947005248,542.291196971389,2251041.8,-9999,356843.6,14.91,-1,-0.7417986249620162,0.4524888856595839,0.7311359101322861,0.5639476954486647,15,1.2058823529411764,0.14705882352941177,N1 O5,de-protonated,0,-9999,C34 H41 O5 N1,34,41,5,1,-9999,-9999,-9999,N/A,-9999,-9999,N/A,-9999
2771,542.290744,542.2907947005248,542.2905455227091,2251041.8,-9999,356843.6,14.91,-1,0.4594913515659402,0.9624148551976028,0,0.5774489131185617,6,1.7307692307692308,0.2692307692307692,N3 S1 O7,de-protonated,0,-9999,C26 H45 O7 N3 S1,26,45,7,3,-9999,1,-9999,N/A,-9999,-9999,N/A,-9999
2772,542.297608,542.2976587059659,542.2979395780291,16070950,-9999,255019.1,116.18,-1,-0.5179294308042299,0.6441912935934337,0.9357310971464968,0.760807215014659,5,1.75,0.17857142857142858,N1 S2 O5,de-protonated,0,-9999,C28 H49 O5 N1 S2,28,49,5,1,-9999,2,-9999,N/A,-9999,-9999,N/A,-9999
2772,542.297608,542.2976587059659,542.297559455509,16070950,-9999,255019.1,116.18,-1,0.18301844646954063,0.6566136442092786,0.9630014254545108,0.7791687567073715,10,1.5333333333333334,0.06666666666666667,N3 S1 P1 O2,de-protonated,0,-9999,C30 H46 O2 N3 P1 S1,30,46,2,3,1,1,-9999,N/A,-9999,-9999,N/A,-9999
2776,543.052624,543.0526753044736,543.052876746199,2199081.3,-9999,219579.4,14.53,-1,-0.37094311439314415,0.9753419803257192,0,0.5852051881954314,17,0.6956521739130435,0.6086956521739131,N2 O14,de-protonated,0,-9999,C23 H16 O14 N2,23,16,14,2,-9999,-9999,-9999,N/A,-9999,-9999,N/A,-9999
2777,543.08414,543.0841913294565,543.084258408649,1861950.8,-9999,322506.3,12.06,-1,-0.12351525836329438,0.9972356432754108,0,0.5983413859652464,24,0.625,0.09375,N2 S2 O3,de-protonated,0,-9999,C32 H20 O3 N2 S2,32,20,3,2,-9999,2,-9999,N/A,-9999,-9999,N/A,-9999
2777,543.08414,543.0841913294565,543.0843913503791,1861950.8,-9999,322506.3,12.06,-1,-0.3683054157328988,0.9756871266281018,0,0.5854122759768611,11,1.1904761904761905,0.5238095238095238,N2 S1 P1 O11,de-protonated,0,-9999,C21 H25 O11 N2 P1 S1,21,25,11,2,1,1,-9999,N/A,-9999,-9999,N/A,-9999
2778,543.086037,543.0860883309604,543.085912178929,2443072,-9999,231731.5,16.31,-1,0.32435389580511853,0.4905458289532834,0.7550179348240813,0.5963346713016027,19,0.8333333333333334,0.13333333333333333,S2 P1 O4,de-protonated,0,-9999,C30 H25 O4 P1 S2,30,25,4,-9999,1,2,-9999,N/A,-9999,-9999,N/A,-9999
2778,543.086037,543.0860883309604,543.086380209579,2443072,-9999,231731.5,16.31,-1,-0.537444188078643,0.474469493858282,0.7550179348240813,0.5866888702446018,25,0.5666666666666667,0.16666666666666666,N4 P1 O5,de-protonated,0,-9999,C30 H17 O5 N4 P1,30,17,5,4,1,-9999,-9999,N/A,-9999,-9999,N/A,-9999
2778,543.086037,543.0860883309604,543.086108883419,2443072,-9999,231731.5,16.31,-1,-0.03784383047203751,0.999740171026457,0,0.5998441026158742,11,1.2,0.5,N4 S2 O10,de-protonated,0,-9999,C20 H24 O10 N4 S2,20,24,10,4,-9999,2,-9999,N/A,-9999,-9999,N/A,-9999
2779,543.107509,543.1075603479813,543.1070415469891,2690382.8,-9999,198226.8,18.13,-1,0.9552463006001308,0.4237048013918712,0.7739790330151771,0.5638144940411935,14,1.0740740740740742,0.2222222222222222,S2 P1 O6,de-protonated,0,-9999,C27 H29 O6 P1 S2,27,29,6,-9999,1,2,-9999,N/A,-9999,-9999,N/A,-9999
2779,543.107509,543.1075603479813,543.107889700159,2690382.8,-9999,198226.8,18.13,-1,-0.6064212727026385,0.9354503887318316,0,0.5612702332390989,15,0.96,0.4,N2 S1 O10,de-protonated,0,-9999,C25 H24 O10 N2 S1,25,24,10,2,-9999,1,-9999,N/A,-9999,-9999,N/A,-9999
2779,543.107509,543.1075603479813,543.107509577639,2690382.8,-9999,198226.8,18.13,-1,0.0934812011352853,0.4992078122353302,0.7739790330151771,0.609116300547269,20,0.7777777777777778,0.25925925925925924,N4 P1 O7,de-protonated,0,-9999,C27 H21 O7 N4 P1,27,21,7,4,1,-9999,-9999,N/A,-9999,-9999,N/A,-9999
2779,543.107509,543.1075603479813,543.1072382514791,2690382.8,-9999,198226.8,18.13,-1,0.5930624369806048,0.9381741500991098,0,0.5629044900594659,6,1.6470588235294117,0.7058823529411765,N4 S2 O12,de-protonated,0,-9999,C17 H28 O12 N4 S2,17,28,12,4,-9999,2,-9999,N/A,-9999,-9999,N/A,-9999
2780,543.11193,543.111981351486,543.111912452159,2216785.5,-9999,343861.3,14.66,-1,0.12686027569654337,0.99708410969536,0,0.5982504658172159,19,0.8,0.26666666666666666,S1 O8,de-protonated,0,-9999,C30 H24 O8 S1,30,24,8,-9999,-9999,1,-9999,N/A,-9999,-9999,N/A,-9999
2780,543.11193,543.111981351486,543.112045393889,2216785.5,-9999,343861.3,14.66,-1,-0.11791747879530652,0.997480220956372,0,0.5984881325738232,6,1.5263157894736843,0.8421052631578947,P1 O16,de-protonated,0,-9999,C19 H29 O16 P1,19,29,16,-9999,1,-9999,-9999,N/A,-9999,-9999,N/A,-9999
2780,543.11193,543.111981351486,543.1115323296391,2216785.5,-9999,343861.3,14.66,-1,0.8267580784664043,0.44167869077422806,0.7428850341668535,0.5621612281312782,24,0.65625,0.15625,N2 P1 O5,de-protonated,0,-9999,C32 H21 O5 N2 P1,32,21,5,2,1,-9999,-9999,N/A,-9999,-9999,N/A,-9999
2781,543.114333,543.1143843533907,543.114414375609,3156051.3,-9999,211357.7,21.54,-1,-0.05527788899858683,0.4997228554508523,0.7805128205128198,0.6120388414756393,15,0.9230769230769232,0.5,O13,de-protonated,0,-9999,C26 H24 O13,26,24,13,-9999,-9999,-9999,-9999,N/A,-9999,-9999,N/A,-9999
2781,543.114333,543.1143843533907,543.113901311359,3156051.3,-9999,211357.7,21.54,-1,0.8893936071125991,0.433147527110815,0.7033271719038788,0.5412193850280406,33,0.41025641025641024,0.05128205128205128,N2 O2,de-protonated,0,-9999,C39 H16 O2 N2,39,16,2,2,-9999,-9999,-9999,N/A,-9999,-9999,N/A,-9999
2781,543.114333,543.1143843533907,543.114903632959,3156051.3,-9999,211357.7,21.54,-1,-0.9561136415011028,0.42357736771828786,0.7612342259156645,0.5586401109972385,19,0.8620689655172413,0.1724137931034483,N2 S1 P1 O5,de-protonated,0,-9999,C29 H25 O5 N2 P1 S1,29,25,5,2,1,1,-9999,N/A,-9999,-9999,N/A,-9999
2781,543.114333,543.1143843533907,543.114252184279,3156051.3,-9999,211357.7,21.54,-1,0.24335415826128756,0.9893119105534444,0,0.5935871463320666,10,1.380952380952381,0.3333333333333333,N4 S2 P1 O7,de-protonated,0,-9999,C21 H29 O7 N4 P1 S2,21,29,7,4,1,2,-9999,N/A,-9999,-9999,N/A,-9999
2782,543.121927,543.1219783594106,543.1222976882791,2399576.5,-9999,274995.7,15.99,-1,-0.5879502091129402,0.4696012488652242,0.7489023467070351,0.5813216880019486,18,0.935483870967742,0.0967741935483871,S2 P1 O3,de-protonated,0,-9999,C31 H29 O3 P1 S2,31,29,3,-9999,1,2,-9999,N/A,-9999,-9999,N/A,-9999
2782,543.121927,543.1219783594106,543.1224943927691,2399576.5,-9999,274995.7,15.99,-1,-0.9501233401961802,0.8489118178231133,0,0.509347090693868,10,1.3333333333333333,0.42857142857142855,N4 S2 O9,de-protonated,0,-9999,C21 H28 O9 N4 S2,21,28,9,4,-9999,2,-9999,N/A,-9999,-9999,N/A,-9999
2782,543.121927,543.1219783594106,543.121625012899,2399576.5,-9999,274995.7,15.99,-1,0.6505845013619618,0.9260750444817936,0,0.5556450266890761,11,1.2,0.7,N4 O14,de-protonated,0,-9999,C20 H24 O14 N4,20,24,14,4,-9999,-9999,-9999,N/A,-9999,-9999,N/A,-9999
2783,543.122927,543.1229783602033,543.1231458414491,2826073.3,-9999,287352.8,19.12,-1,-0.3083669827402293,0.4914470032729504,0.7612342259156646,0.5993618923300361,19,0.8275862068965517,0.2413793103448276,N2 S1 O7,de-protonated,0,-9999,C29 H24 O7 N2 S1,29,24,7,2,-9999,1,-9999,N/A,-9999,-9999,N/A,-9999
2783,543.122927,543.1229783602033,543.123278783179,2826073.3,-9999,287352.8,19.12,-1,-0.553139567766017,0.9459962692772332,0,0.56759776156634,6,1.6111111111111112,0.8333333333333334,N2 P1 O15,de-protonated,0,-9999,C18 H29 O15 N2 P1,18,29,15,2,1,-9999,-9999,N/A,-9999,-9999,N/A,-9999
2783,543.122927,543.1229783602033,543.122765718929,2826073.3,-9999,287352.8,19.12,-1,0.3915160396687559,0.4862849510618551,0.7489023467070351,0.5913319093199272,24,0.6774193548387096,0.12903225806451613,N4 P1 O4,de-protonated,0,-9999,C31 H21 O4 N4 P1,31,21,4,4,1,-9999,-9999,N/A,-9999,-9999,N/A,-9999
2783,543.122927,543.1229783602033,543.1224943927691,2826073.3,-9999,287352.8,19.12,-1,0.89108339132156,0.8658222637227302,0,0.5194933582336381,10,1.3333333333333333,0.42857142857142855,N4 S2 O9,de-protonated,0,-9999,C21 H28 O9 N4 S2,21,28,9,4,-9999,2,-9999,N/A,-9999,-9999,N/A,-9999
2784,543.141632,543.1416833750309,543.1417732860591,1936230,-9999,346091,12.6,-1,-0.16553878314721956,0.9950400867439814,0,0.5970240520463888,18,0.9333333333333332,0.13333333333333333,N2 S2 O4,de-protonated,0,-9999,C30 H28 O4 N2 S2,30,28,4,2,-9999,2,-9999,N/A,-9999,-9999,N/A,-9999
2784,543.141632,543.1416833750309,543.141906227789,1936230,-9999,346091,12.6,-1,-0.4103030084793625,0.9699152088805036,0,0.5819491253283021,5,1.736842105263158,0.631578947368421,N2 S1 P1 O12,de-protonated,0,-9999,C19 H33 O12 N2 P1 S1,19,33,12,2,1,1,-9999,N/A,-9999,-9999,N/A,-9999
2784,543.141632,543.1416833750309,543.141393163539,1936230,-9999,346091,12.6,-1,0.5343203364134562,0.9495156397429144,0,0.5697093838457485,23,0.78125,0.03125,N4 S1 P1 O1,de-protonated,0,-9999,C32 H25 O1 N4 P1 S1,32,25,1,4,1,1,-9999,N/A,-9999,-9999,N/A,-9999
2785,543.144165,543.1442163770389,543.144275209509,2520423.8,-9999,203465.1,16.88,-1,-0.10831831028407916,0.9978733531544528,0,0.5987240118926715,14,1.0769230769230769,0.34615384615384615,N2 S1 O9,de-protonated,0,-9999,C26 H28 O9 N2 S1,26,28,9,2,-9999,1,-9999,N/A,-9999,-9999,N/A,-9999
2785,543.144165,543.1442163770389,543.1438950869891,2520423.8,-9999,203465.1,16.88,-1,0.5915376250918125,0.4692408432342691,0.7675537279851021,0.5885659971346023,19,0.8928571428571429,0.21428571428571427,N4 P1 O6,de-protonated,0,-9999,C28 H25 O6 N4 P1,28,25,6,4,1,-9999,-9999,N/A,-9999,-9999,N/A,-9999
2786,543.158968,543.1590193887732,543.158683197629,2543217.8,-9999,234105.4,17.05,-1,0.6189556655218277,0.4664234894009,0.7428850341668535,0.5770081073072814,17,1.03125,0.0625,S2 P1 O2,de-protonated,0,-9999,C32 H33 O2 P1 S2,32,33,2,-9999,1,2,-9999,N/A,-9999,-9999,N/A,-9999
2786,543.158968,543.1590193887732,543.15953135079906,2543217.8,-9999,234105.4,17.05,-1,-0.9425629051420368,0.42555941760316224,0.7550179348240813,0.5573428244915299,18,0.9333333333333332,0.2,N2 S1 O6,de-protonated,0,-9999,C30 H28 O6 N2 S1,30,28,6,2,-9999,1,-9999,N/A,-9999,-9999,N/A,-9999
2786,543.158968,543.1590193887732,543.159151228279,2543217.8,-9999,234105.4,17.05,-1,-0.242727210799512,0.4946833085435226,0.7428850341668535,0.5939639987928549,23,0.78125,0.09375,N4 P1 O3,de-protonated,0,-9999,C32 H25 O3 N4 P1,32,25,3,4,1,-9999,-9999,N/A,-9999,-9999,N/A,-9999
2786,543.158968,543.1590193887732,543.158879902119,2543217.8,-9999,234105.4,17.05,-1,0.2568063588673535,0.988104862020109,0,0.5928629172120654,9,1.4545454545454546,0.3636363636363637,N4 S2 O8,de-protonated,0,-9999,C22 H32 O8 N4 S2,22,32,8,4,-9999,2,-9999,N/A,-9999,-9999,N/A,-9999
2787,543.180245,543.1802964056398,543.179812565689,2220416.3,-9999,225519.5,14.68,-1,0.8907546628132847,0.8659142898731131,0,0.5195485739238679,12,1.2758620689655171,0.13793103448275862,S2 P1 O4,de-protonated,0,-9999,C29 H37 O4 P1 S2,29,37,4,-9999,1,2,-9999,N/A,-9999,-9999,N/A,-9999
2787,543.180245,543.1802964056398,543.180660718859,2220416.3,-9999,225519.5,14.68,-1,-0.6707035902144778,0.9216189041766714,0,0.5529713425060028,13,1.1851851851851851,0.2962962962962963,N2 S1 O8,de-protonated,0,-9999,C27 H32 O8 N2 S1,27,32,8,2,-9999,1,-9999,N/A,-9999,-9999,N/A,-9999
2787,543.180245,543.1802964056398,543.180280596339,2220416.3,-9999,225519.5,14.68,-1,0.02910507121348082,0.9998463056918544,0,0.5999077834151125,18,1,0.1724137931034483,N4 P1 O5,de-protonated,0,-9999,C29 H29 O5 N4 P1,29,29,5,4,1,-9999,-9999,N/A,-9999,-9999,N/A,-9999
2787,543.180245,543.1802964056398,543.1800092701791,2220416.3,-9999,225519.5,14.68,-1,0.5286193449067269,0.9505602487110868,0,0.570336149226652,4,1.894736842105263,0.5263157894736842,N4 S2 O10,de-protonated,0,-9999,C19 H36 O10 N4 S2,19,36,10,4,-9999,2,-9999,N/A,-9999,-9999,N/A,-9999
2788,543.187863,543.1879144116787,543.1883261003389,3431301.5,-9999,370508.7,23.55,-1,-0.7579114655028387,0.45050923114746944,0.7033271719038788,0.5516364074500333,26,0.7435897435897436,0.02564102564102564,P1 O1,de-protonated,0,-9999,C39 H29 O1 P1,39,29,1,-9999,1,-9999,-9999,N/A,-9999,-9999,N/A,-9999
2788,543.187863,543.1879144116787,543.188054774179,3431301.5,-9999,370508.7,23.55,-1,-0.25840498355358354,0.49397860211851913,0.7612342259156646,0.6008808516373774,12,1.2413793103448276,0.20689655172413793,S2 O6,de-protonated,0,-9999,C29 H36 O6 S2,29,36,6,-9999,-9999,2,-9999,N/A,-9999,-9999,N/A,-9999
2788,543.187863,543.1879144116787,543.187674651659,3431301.5,-9999,370508.7,23.55,-1,0.4413944403673314,0.482633044605042,0.7489023467070351,0.5891407654458393,17,1.064516129032258,0.0967741935483871,N2 S1 P1 O3,de-protonated,0,-9999,C31 H33 O3 N2 P1 S1,31,33,3,2,1,1,-9999,N/A,-9999,-9999,N/A,-9999
2788,543.187863,543.1879144116787,543.187809078829,3431301.5,-9999,370508.7,23.55,-1,0.1939160782153563,0.6621334191334015,0.8503450723172138,0.7374180804069265,0,2.235294117647059,0.8823529411764706,N2 34S1 O15,de-protonated,1,2764,C17 H38 O15 N2 34S1,17,38,15,2,-9999,-9999,-9999,N/A,-9999,-9999,N/A,1
2788,543.187863,543.1879144116787,543.1882983361791,3431301.5,-9999,370508.7,23.55,-1,-0.7067981795140944,0.936383750357386,0.9156731228859336,0.928099499368805,4,1.95,0.35,N4 S1 34S1 P1 O7,de-protonated,1,2764,C20 H39 O7 N4 P1 S1 34S1,20,39,7,4,1,1,-9999,N/A,-9999,-9999,N/A,1
2789,543.189608,543.1896594130619,543.190176575109,5182343,-9999,197115.9,36.39,-1,-0.9520828421054316,0.4241689347223772,0.7739790330151772,0.5640929740394973,13,1.2222222222222223,0.2962962962962963,N2 P1 O8,de-protonated,0,-9999,C27 H33 O8 N2 P1,27,33,8,2,1,-9999,-9999,N/A,-9999,-9999,N/A,-9999
2789,543.189608,543.1896594130619,543.189392184699,5182343,-9999,197115.9,36.39,-1,0.4919616743578899,0.4785174824750377,0.7550179348240812,0.5891176634146551,17,1.0666666666666669,0.06666666666666667,N4 S2 O2,de-protonated,0,-9999,C30 H32 O2 N4 S2,30,32,2,4,-9999,2,-9999,N/A,-9999,-9999,N/A,-9999
2789,543.189608,543.1896594130619,543.189525126429,5182343,-9999,197115.9,36.39,-1,0.24721874544818043,0.49448582208881686,0.8295321147073604,0.6285043391362343,4,1.9473684210526316,0.5263157894736842,N4 S1 P1 O10,de-protonated,0,-9999,C19 H37 O10 N4 P1 S1,19,37,10,4,1,1,-9999,N/A,-9999,-9999,N/A,-9999
2790,543.19535,543.1954014176137,543.1950687069789,2120586.8,-9999,227287.5,13.95,-1,0.6125067290681988,0.4670960887454844,0.7369636471990461,0.5750431121269091,16,1.121212121212121,0.0303030303030303,S2 P1 O1,de-protonated,0,-9999,C33 H37 O1 P1 S2,33,37,1,-9999,1,2,-9999,N/A,-9999,-9999,N/A,-9999
2790,543.19535,543.1954014176137,543.195916860149,2120586.8,-9999,227287.5,13.95,-1,-0.9489072347626828,0.849267621630099,0,0.5095605729780593,17,1.032258064516129,0.16129032258064516,N2 S1 O5,de-protonated,0,-9999,C31 H32 O5 N2 S1,31,32,5,2,-9999,1,-9999,N/A,-9999,-9999,N/A,-9999
2790,543.19535,543.1954014176137,543.195536737629,2120586.8,-9999,227287.5,13.95,-1,-0.2491184227822176,0.4944012305039356,0.7369636471990461,0.5914261971819798,22,0.8787878787878788,0.06060606060606061,N4 P1 O2,de-protonated,0,-9999,C33 H29 O2 N4 P1,33,29,2,4,1,-9999,-9999,N/A,-9999,-9999,N/A,-9999
2790,543.19535,543.1954014176137,543.1952654114691,2120586.8,-9999,227287.5,13.95,-1,0.25038168261808097,0.9886892557032424,0,0.5932135534219454,8,1.565217391304348,0.30434782608695654,N4 S2 O7,de-protonated,0,-9999,C23 H36 O7 N4 S2,23,36,7,4,-9999,2,-9999,N/A,-9999,-9999,N/A,-9999
2791,543.208342,543.2083934279125,543.208314762369,2153363.5,-9999,248921.4,14.19,-1,0.14481653047575738,0.9962019204699374,0,0.5977211522819624,8,1.44,0.52,O13,de-protonated,0,-9999,C25 H36 O13,25,36,13,-9999,-9999,-9999,-9999,N/A,-9999,-9999,N/A,-9999
2791,543.208342,543.2083934279125,543.208804019719,2153363.5,-9999,248921.4,14.19,-1,-0.755863681602383,0.9015254006576346,0,0.5409152403945807,12,1.3214285714285714,0.17857142857142858,N2 S1 P1 O5,de-protonated,0,-9999,C28 H37 O5 N2 P1 S1,28,37,5,2,1,1,-9999,N/A,-9999,-9999,N/A,-9999
2791,543.208342,543.2083934279125,543.208152571039,2153363.5,-9999,248921.4,14.19,-1,0.4433970151605415,0.9649558042456058,0,0.5789734825473635,3,2.05,0.35,N4 S2 P1 O7,de-protonated,0,-9999,C20 H41 O7 N4 P1 S2,20,41,7,4,1,2,-9999,N/A,-9999,-9999,N/A,-9999
2792,543.301062,543.3011135014125,543.3012944130991,5108435,-9999,223658.1,35.84,-1,-0.3329859296207365,0.65338804852632,0.9357310971464968,0.7663252679743908,5,1.8148148148148149,0.18518518518518515,13C1 N1 S2 O5,de-protonated,1,2772,C27 H49 O5 N1 S2 13C1,27,49,5,1,-9999,2,1,N/A,-9999,-9999,N/A,-9999
2792,543.301062,543.3011135014125,543.300914290579,5108435,-9999,223658.1,35.84,-1,0.36666758366043295,0.6506001737042896,0.9630014254545108,0.775560674404378,10,1.5862068965517242,0.06896551724137931,13C1 N3 S1 P1 O2,de-protonated,1,2772,C29 H46 O2 N3 P1 S1 13C1,29,46,2,3,1,1,1,N/A,-9999,-9999,N/A,-9999
2792,543.301062,543.3011135014125,543.3010506361991,5108435,-9999,223658.1,35.84,-1,0.1157097217733044,0.4987867896484984,0.7612342259156646,0.6037657641553649,10,1.5172413793103448,0.13793103448275862,N4 S1 O4,de-protonated,0,-9999,C29 H44 O4 N4 S1,29,44,4,4,-9999,1,-9999,N/A,-9999,-9999,N/A,-9999
2793,543.302694,543.3027455027061,543.303084528999,9113556,-9999,229619.8,65.19,-1,-0.6240095124017533,0.3105947701108562,0.7353609972142168,0.4805012609522004,0,2.08,0.32,S2 O8,de-protonated,0,-9999,C25 H52 O8 S2,25,52,8,-9999,-9999,2,-9999,N/A,-9999,-9999,N/A,-9999
2793,543.302694,543.3027455027061,543.302215149129,9113556,-9999,229619.8,65.19,-1,0.9761667858716228,0.4206097129301056,0.7939170211058494,0.5699326362004031,1,2,0.5416666666666666,O13,de-protonated,0,-9999,C24 H48 O13,24,48,13,-9999,-9999,-9999,-9999,N/A,-9999,-9999,N/A,-9999
2793,543.302694,543.3027455027061,543.302704406479,9113556,-9999,229619.8,65.19,-1,0.07564149178242101,0.4994811777603973,0.7739790330151771,0.6092803198623091,5,1.8148148148148149,0.18518518518518515,N2 S1 P1 O5,de-protonated,0,-9999,C27 H49 O5 N2 P1 S1,27,49,5,2,1,1,-9999,N/A,-9999,-9999,N/A,-9999
2796,545.065219,545.0652718998748,545.065176734039,2023049.9,-9999,197545.5,13.23,-1,0.1745953325136925,0.9944840724053714,0,0.5966904434432229,19,0.7931034482758621,0.1724137931034483,S2 P1 O5,de-protonated,0,-9999,C29 H23 O5 P1 S2,29,23,5,-9999,1,2,-9999,N/A,-9999,-9999,N/A,-9999
2796,545.065219,545.0652718998748,545.0656447646891,2023049.9,-9999,197545.5,13.23,-1,-0.6840732264971027,0.9185949230233544,0,0.5511569538140126,25,0.5172413793103449,0.20689655172413793,N4 P1 O6,de-protonated,0,-9999,C29 H15 O6 N4 P1,29,15,6,4,1,-9999,-9999,N/A,-9999,-9999,N/A,-9999
2796,545.065219,545.0652718998748,545.065373438529,2023049.9,-9999,197545.5,13.23,-1,-0.1862871119373204,0.9937229898061798,0,0.5962337938837079,11,1.1578947368421053,0.5789473684210527,N4 S2 O11,de-protonated,0,-9999,C19 H22 O11 N4 S2,19,22,11,4,-9999,2,-9999,N/A,-9999,-9999,N/A,-9999
2797,545.101533,545.1015859286613,545.101562243389,3613858.8,-9999,247470.7,24.88,-1,0.04345111790954574,0.49982874180816134,0.7550179348240813,0.6019044190145293,18,0.9,0.13333333333333333,S2 P1 O4,de-protonated,0,-9999,C30 H27 O4 P1 S2,30,27,4,-9999,1,2,-9999,N/A,-9999,-9999,N/A,-9999
2797,545.101533,545.1015859286613,545.1020302740391,3613858.8,-9999,247470.7,24.88,-1,-0.8151600124536644,0.4432074809145336,0.7550179348240813,0.5679316624783527,24,0.6333333333333333,0.16666666666666666,N4 P1 O5,de-protonated,0,-9999,C30 H19 O5 N4 P1,30,19,5,4,1,-9999,-9999,N/A,-9999,-9999,N/A,-9999
2797,545.101533,545.1015859286613,545.101758947879,3613858.8,-9999,247470.7,24.88,-1,-0.3174071903357098,0.4909428022992132,0.8221557383861046,0.6234279767339698,10,1.3,0.5,N4 S2 O10,de-protonated,0,-9999,C20 H26 O10 N4 S2,20,26,10,4,-9999,2,-9999,N/A,-9999,-9999,N/A,-9999
2798,545.135935,545.135987955932,545.135937666839,2212026.5,-9999,393763.7,14.61,-1,0.09225055536013908,0.9984570333458792,0,0.5990742200075274,5,1.5789473684210529,0.9473684210526316,O18,de-protonated,0,-9999,C19 H30 O18,19,30,18,-9999,-9999,-9999,-9999,N/A,-9999,-9999,N/A,-9999
2798,545.135935,545.135987955932,545.136293982459,2212026.5,-9999,393763.7,14.61,-1,-0.5613761740062607,0.4722109327581041,0.7369636471990462,0.5781120185344809,22,0.7878787878787878,0.06060606060606061,N2 S2 O2,de-protonated,0,-9999,C33 H26 O2 N2 S2,33,26,2,2,-9999,2,-9999,N/A,-9999,-9999,N/A,-9999
2798,545.135935,545.135987955932,545.1364269241891,2212026.5,-9999,393763.7,14.61,-1,-0.8052447706504828,0.8890028823349151,0,0.533401729400949,9,1.4090909090909092,0.4545454545454546,N2 S1 P1 O10,de-protonated,0,-9999,C22 H31 O10 N2 P1 S1,22,31,10,2,1,1,-9999,N/A,-9999,-9999,N/A,-9999
2798,545.135935,545.135987955932,545.1357754755091,2212026.5,-9999,393763.7,14.61,-1,0.389775231113586,0.9728099468824296,0,0.5836859681294578,0,2.5,0.8571428571428571,N4 S2 P1 O12,de-protonated,0,-9999,C14 H35 O12 N4 P1 S2,14,35,12,4,1,2,-9999,N/A,-9999,-9999,N/A,-9999
2799,545.13776,545.1378129573786,545.137947752739,3271355.8,-9999,236018.1,22.37,-1,-0.24726834914185955,0.49448362131361234,0.7489023467070351,0.5962511114709814,17,1,0.0967741935483871,S2 P1 O3,de-protonated,0,-9999,C31 H31 O3 P1 S2,31,31,3,-9999,1,2,-9999,N/A,-9999,-9999,N/A,-9999
2799,545.13776,545.1378129573786,545.138144457229,3271355.8,-9999,236018.1,22.37,-1,-0.6081024668231135,0.4675519384732876,0.8149093904448103,0.6064949192618967,9,1.4285714285714286,0.42857142857142855,N4 S2 O9,de-protonated,0,-9999,C21 H30 O9 N4 S2,21,30,9,4,-9999,2,-9999,N/A,-9999,-9999,N/A,-9999
2799,545.13776,545.1378129573786,545.137275077359,3271355.8,-9999,236018.1,22.37,-1,0.9866872880821118,0.8380733135619532,0,0.5028439881371719,10,1.3,0.7,N4 O14,de-protonated,0,-9999,C20 H26 O14 N4,20,26,14,4,-9999,-9999,-9999,N/A,-9999,-9999,N/A,-9999
2800,545.157851,545.157903973305,545.158074799199,1981129.5,-9999,332652.4,12.92,-1,-0.31335112120873526,0.49117075978745783,0.7087183895694522,0.5781898117002555,26,0.6842105263157895,0.05263157894736842,S1 O2,de-protonated,0,-9999,C38 H26 O2 S1,38,26,2,-9999,-9999,1,-9999,N/A,-9999,-9999,N/A,-9999
2800,545.157851,545.157903973305,545.158207740929,1981129.5,-9999,332652.4,12.92,-1,-0.5572100350044602,0.9452207917969604,0,0.5671324750781763,13,1.148148148148148,0.3703703703703703,P1 O10,de-protonated,0,-9999,C27 H31 O10 P1,27,31,10,-9999,1,-9999,-9999,N/A,-9999,-9999,N/A,-9999
2800,545.157851,545.157903973305,545.157423350519,1981129.5,-9999,332652.4,12.92,-1,0.8816220148261523,0.8684612339031119,0,0.5210767403418671,17,1,0.13333333333333333,N2 S2 O4,de-protonated,0,-9999,C30 H30 O4 N2 S2,30,30,4,2,-9999,2,-9999,N/A,-9999,-9999,N/A,-9999
2800,545.157851,545.157903973305,545.1575562922491,1981129.5,-9999,332652.4,12.92,-1,0.6377625182202656,0.9288550080442102,0,0.5573130048265261,4,1.8421052631578947,0.631578947368421,N2 S1 P1 O12,de-protonated,0,-9999,C19 H35 O12 N2 P1 S1,19,35,12,2,1,1,-9999,N/A,-9999,-9999,N/A,-9999
2800,545.157851,545.157903973305,545.158404445419,1981129.5,-9999,332652.4,12.92,-1,-0.9180306309976618,0.8581972015235393,0,0.5149183209141236,5,1.7647058823529411,0.9411764705882352,N4 O16,de-protonated,0,-9999,C17 H30 O16 N4,17,30,16,4,-9999,-9999,-9999,N/A,-9999,-9999,N/A,-9999
2801,545.170728,545.1707809835127,545.170961958769,2631634.3,-9999,239810.9,17.68,-1,-0.33196055717031553,0.4901016655452209,0.7253996187124169,0.5842208468120993,21,0.8857142857142857,0.05714285714285714,S1 P1 O2,de-protonated,0,-9999,C35 H31 O2 P1 S1,35,31,2,-9999,1,1,-9999,N/A,-9999,-9999,N/A,-9999
2801,545.170728,545.1707809835127,545.170310510089,2631634.3,-9999,239810.9,17.68,-1,0.8629843089234521,0.4368001010883845,0.7739790330151771,0.5716716738591016,12,1.2962962962962965,0.14814814814814814,N2 S2 P1 O4,de-protonated,0,-9999,C27 H35 O4 N2 P1 S2,27,35,4,2,1,2,-9999,N/A,-9999,-9999,N/A,-9999
2801,545.170728,545.1707809835127,545.171158663259,2631634.3,-9999,239810.9,17.68,-1,-0.6927727930791173,0.9166006298643194,0,0.5499603779185916,13,1.2,0.32,N4 S1 O8,de-protonated,0,-9999,C25 H30 O8 N4 S1,25,30,8,4,-9999,1,-9999,N/A,-9999,-9999,N/A,-9999
2802,545.174591,545.1746439865749,545.174333262089,2909909,-9999,239034,19.72,-1,0.5699543557229918,0.47138014078264745,0.7428850341668535,0.5799820981363298,16,1.09375,0.0625,S2 P1 O2,de-protonated,0,-9999,C32 H35 O2 P1 S2,32,35,2,-9999,1,2,-9999,N/A,-9999,-9999,N/A,-9999
2802,545.174591,545.1746439865749,545.1751814152591,2909909,-9999,239034,19.72,-1,-0.9857908109497748,0.41917112725139816,0.7550179348240813,0.5535098502804714,17,1,0.2,N2 S1 O6,de-protonated,0,-9999,C30 H30 O6 N2 S1,30,30,6,2,-9999,1,-9999,N/A,-9999,-9999,N/A,-9999
2802,545.174591,545.1746439865749,545.1748012927391,2909909,-9999,239034,19.72,-1,-0.2885426175169921,0.4925033456526536,0.7428850341668535,0.5926560210583336,22,0.84375,0.09375,N4 P1 O3,de-protonated,0,-9999,C32 H27 O3 N4 P1,32,27,3,4,1,-9999,-9999,N/A,-9999,-9999,N/A,-9999
2802,545.174591,545.1746439865749,545.174529966579,2909909,-9999,239034,19.72,-1,0.20914402561998016,0.9920946256036516,0,0.5952567753621909,8,1.5454545454545454,0.3636363636363637,N4 S2 O8,de-protonated,0,-9999,C22 H34 O8 N4 S2,22,34,8,4,-9999,2,-9999,N/A,-9999,-9999,N/A,-9999
2803,545.208973,545.2090260138299,545.208708685539,1868012.5,-9999,332742.3,12.09,-1,0.5820308549858055,0.9403834684350498,0,0.5642300810610299,3,1.8095238095238095,0.7619047619047619,O16,de-protonated,0,-9999,C21 H38 O16,21,38,16,-9999,-9999,-9999,-9999,N/A,-9999,-9999,N/A,-9999
2803,545.208973,545.2090260138299,545.2091979428891,1868012.5,-9999,332742.3,12.09,-1,-0.3153451186353367,0.9821180942532114,0,0.5892708565519268,7,1.625,0.3333333333333333,N2 S1 P1 O8,de-protonated,0,-9999,C24 H39 O8 N2 P1 S1,24,39,8,2,1,1,-9999,N/A,-9999,-9999,N/A,-9999
2804,545.210665,545.2107180151711,545.2107187714389,3332333.8,-9999,236846.9,22.82,-1,-0.00138711104390896,0.4999998254394041,0.7369636471990461,0.5947853541432608,15,1.181818181818182,0.0303030303030303,S2 P1 O1,de-protonated,0,-9999,C33 H39 O1 P1 S2,33,39,1,-9999,1,2,-9999,N/A,-9999,-9999,N/A,-9999
2804,545.210665,545.2107180151711,545.2111868020891,3332333.8,-9999,236846.9,22.82,-1,-0.8598263009110629,0.4372315225132113,0.7369636471990461,0.5571243723875452,21,0.9393939393939394,0.06060606060606061,N4 P1 O2,de-protonated,0,-9999,C33 H31 O2 N4 P1,33,31,2,4,1,-9999,-9999,N/A,-9999,-9999,N/A,-9999
2804,545.210665,545.2107180151711,545.210915475929,3332333.8,-9999,236846.9,22.82,-1,-0.3621731559776243,0.488240242067066,0.8007932653391622,0.6132614513759045,7,1.6521739130434785,0.30434782608695654,N4 S2 O7,de-protonated,0,-9999,C23 H38 O7 N4 S2,23,38,7,4,-9999,2,-9999,N/A,-9999,-9999,N/A,-9999
2805,547.079034,547.0790884962432,547.0791730282191,2841074.8,-9999,333123.9,19.21,-1,-0.1545150684320898,0.4978386497423184,0.7489023467070351,0.5982641285282051,23,0.6451612903225806,0.12903225806451613,N2 S2 O4,de-protonated,0,-9999,C31 H20 O4 N2 S2,31,20,4,2,-9999,2,-9999,N/A,-9999,-9999,N/A,-9999
2805,547.079034,547.0790884962432,547.0793059699491,2841074.8,-9999,333123.9,19.21,-1,-0.3975176972132434,0.971734578302432,0,0.5830407469814592,10,1.25,0.6,N2 S1 P1 O12,de-protonated,0,-9999,C20 H25 O12 N2 P1 S1,20,25,12,2,1,1,-9999,N/A,-9999,-9999,N/A,-9999
2805,547.079034,547.0790884962432,547.078792905699,2841074.8,-9999,333123.9,19.21,-1,0.5403070784616172,0.47420393314976506,0.7369636471990461,0.5793078187694775,28,0.5151515151515151,0.0303030303030303,N4 S1 P1 O1,de-protonated,0,-9999,C33 H17 O1 N4 P1 S1,33,17,1,4,1,1,-9999,N/A,-9999,-9999,N/A,-9999
2806,547.080916,547.080970497735,547.0808267984991,3326452,-9999,199515,22.77,-1,0.2626654581047163,0.4937796590048574,0.7612342259156645,0.6007614857691803,18,0.8620689655172413,0.1724137931034483,S2 P1 O5,de-protonated,0,-9999,C29 H25 O5 P1 S2,29,25,5,-9999,1,2,-9999,N/A,-9999,-9999,N/A,-9999
2806,547.080916,547.080970497735,547.081294829149,3326452,-9999,199515,22.77,-1,-0.5928395231218501,0.469109576140118,0.7612342259156645,0.5859594360503366,24,0.5862068965517241,0.20689655172413793,N4 P1 O6,de-protonated,0,-9999,C29 H17 O6 N4 P1,29,17,6,4,1,-9999,-9999,N/A,-9999,-9999,N/A,-9999
2806,547.080916,547.080970497735,547.0810235029891,3326452,-9999,199515,22.77,-1,-0.09688739279912238,0.9982981606744512,0,0.5989788964046706,10,1.263157894736842,0.5789473684210527,N4 S2 O11,de-protonated,0,-9999,C19 H24 O11 N4 S2,19,24,11,4,-9999,2,-9999,N/A,-9999,-9999,N/A,-9999
2807,547.116141,547.1161955256582,547.1162099862489,3761676.3,-9999,217218.6,25.96,-1,-0.02643056528278583,0.49993662627840135,0.6980173569463056,0.5791689185455631,31,0.5,0.025,S1 O1,de-protonated,0,-9999,C40 H20 O1 S1,40,20,1,-9999,-9999,1,-9999,N/A,-9999,-9999,N/A,-9999
2807,547.116141,547.1161955256582,547.1163429279791,3761676.3,-9999,217218.6,25.96,-1,-0.26941677536832354,0.4934579132928655,0.7612342259156645,0.6005684383419851,18,0.8620689655172413,0.3103448275862069,P1 O9,de-protonated,0,-9999,C29 H25 O9 P1,29,25,9,-9999,1,-9999,-9999,N/A,-9999,-9999,N/A,-9999
2807,547.116141,547.1161955256582,547.116071601819,3761676.3,-9999,217218.6,25.96,-1,0.22650374500281048,0.4953670806104354,0.8295321147073604,0.6290330942492054,4,1.6842105263157894,0.7368421052631579,S2 O14,de-protonated,0,-9999,C19 H32 O14 S2,19,32,14,-9999,-9999,2,-9999,N/A,-9999,-9999,N/A,-9999
2807,547.116141,547.1161955256582,547.115691479299,3761676.3,-9999,217218.6,25.96,-1,0.921279296219628,0.4286336195675605,0.8149093904448103,0.5831439279184605,9,1.380952380952381,0.5238095238095238,N2 S1 P1 O11,de-protonated,0,-9999,C21 H29 O11 N2 P1 S1,21,29,11,2,1,1,-9999,N/A,-9999,-9999,N/A,-9999
2807,547.116141,547.1161955256582,547.116539632469,3761676.3,-9999,217218.6,25.96,-1,-0.6289460943528615,0.4653695694014258,0.8295321147073604,0.6110345875237997,10,1.263157894736842,0.7894736842105263,N4 O15,de-protonated,0,-9999,C19 H24 O15 N4,19,24,15,4,-9999,-9999,-9999,N/A,-9999,-9999,N/A,-9999
2808,547.117223,547.117277526516,547.1172123078491,3973645.3,-9999,236082.5,27.51,-1,0.11920419510007488,0.4987125002395571,0.7550179348240813,0.6012346740733668,17,0.9666666666666668,0.13333333333333333,S2 P1 O4,de-protonated,0,-9999,C30 H29 O4 P1 S2,30,29,4,-9999,1,2,-9999,N/A,-9999,-9999,N/A,-9999
2808,547.117223,547.117277526516,547.1176803384991,3973645.3,-9999,236082.5,27.51,-1,-0.736243769114986,0.453163483526947,0.7550179348240813,0.5739052640458008,23,0.7,0.16666666666666666,N4 P1 O5,de-protonated,0,-9999,C30 H21 O5 N4 P1,30,21,5,4,1,-9999,-9999,N/A,-9999,-9999,N/A,-9999
2808,547.117223,547.117277526516,547.1174090123391,3973645.3,-9999,236082.5,27.51,-1,-0.24032469251384284,0.49478748925327887,0.8221557383861046,0.6257347889064091,9,1.4,0.5,N4 S2 O10,de-protonated,0,-9999,C20 H28 O10 N4 S2,20,28,10,4,-9999,2,-9999,N/A,-9999,-9999,N/A,-9999
2809,547.153437,547.1534915552231,547.153597817199,4276774,-9999,169757.3,29.73,-1,-0.1942086762354751,0.4965898314471994,0.7489023467070351,0.5975148375511337,16,1.064516129032258,0.0967741935483871,S2 P1 O3,de-protonated,0,-9999,C31 H33 O3 P1 S2,31,33,3,-9999,1,2,-9999,N/A,-9999,-9999,N/A,-9999
2809,547.153437,547.1534915552231,547.1537945216891,4276774,-9999,169757.3,29.73,-1,-0.5537135426481283,0.4729436127235217,0.8149093904448103,0.6097299238120371,8,1.5238095238095235,0.42857142857142855,N4 S2 O9,de-protonated,0,-9999,C21 H32 O9 N4 S2,21,32,9,4,-9999,2,-9999,N/A,-9999,-9999,N/A,-9999
2810,547.188692,547.18874658317,547.189113946679,3559998.3,-9999,234340.4,24.48,-1,-0.6713647980598553,0.4607352608041665,0.7489023467070353,0.576002095165314,16,1.064516129032258,0.2258064516129032,P1 O7,de-protonated,0,-9999,C31 H33 O7 P1,31,33,7,-9999,1,-9999,-9999,N/A,-9999,-9999,N/A,-9999
2810,547.188692,547.18874658317,547.188842620519,3559998.3,-9999,234340.4,24.48,-1,-0.1755104300137369,0.4972131310232882,0.8149093904448103,0.624291634791897,2,1.9047619047619049,0.5714285714285714,S2 O12,de-protonated,0,-9999,C21 H40 O12 S2,21,40,12,-9999,-9999,2,-9999,N/A,-9999,-9999,N/A,-9999
2810,547.188692,547.18874658317,547.188329556269,3559998.3,-9999,234340.4,24.48,-1,0.7621268190109722,0.44998575895972937,0.731135910132286,0.562445819428752,20,0.9411764705882352,0.02941176470588235,N2 S2 O1,de-protonated,0,-9999,C34 H32 O1 N2 S2,34,32,1,2,-9999,2,-9999,N/A,-9999,-9999,N/A,-9999
2810,547.188692,547.18874658317,547.188462497999,3559998.3,-9999,234340.4,24.48,-1,0.5191724431903905,0.47613451785263944,0.8007932653391622,0.6059980168472485,7,1.608695652173913,0.391304347826087,N2 S1 P1 O9,de-protonated,0,-9999,C23 H37 O9 N2 P1 S1,23,37,9,2,1,1,-9999,N/A,-9999,-9999,N/A,-9999
2811,547.190266,547.1903205844177,547.1899833265489,4203583.5,-9999,202946.4,29.19,-1,0.6163451068677874,0.46669649243772854,0.7428850341668535,0.5771719091293785,15,1.15625,0.0625,S2 P1 O2,de-protonated,0,-9999,C32 H37 O2 P1 S2,32,37,2,-9999,1,2,-9999,N/A,-9999,-9999,N/A,-9999
2811,547.190266,547.1903205844177,547.1908314797191,4203583.5,-9999,202946.4,29.19,-1,-0.9336693380806076,0.42684984698028616,0.7550179348240813,0.5581170821178043,16,1.0666666666666669,0.2,N2 S1 O6,de-protonated,0,-9999,C30 H32 O6 N2 S1,30,32,6,2,-9999,1,-9999,N/A,-9999,-9999,N/A,-9999
2811,547.190266,547.1903205844177,547.1904513571991,4203583.5,-9999,202946.4,29.19,-1,-0.2389895165008168,0.49484494805688384,0.7428850341668535,0.5940609825008717,21,0.90625,0.09375,N4 P1 O3,de-protonated,0,-9999,C32 H29 O3 N4 P1,32,29,3,4,1,-9999,-9999,N/A,-9999,-9999,N/A,-9999
2811,547.190266,547.1903205844177,547.1901800310391,4203583.5,-9999,202946.4,29.19,-1,0.2568638542093542,0.49404978346871986,0.8077896627745539,0.6195457351910535,7,1.6363636363636365,0.3636363636363637,N4 S2 O8,de-protonated,0,-9999,C22 H36 O8 N4 S2,22,36,8,4,-9999,2,-9999,N/A,-9999,-9999,N/A,-9999
2812,547.226378,547.226432613044,547.2263688358989,3198552.5,-9999,236120.6,21.83,-1,0.11654618405314866,0.49876920740688624,0.7369636471990462,0.5940469833237503,14,1.2424242424242424,0.0303030303030303,S2 P1 O1,de-protonated,0,-9999,C33 H41 O1 P1 S2,33,41,1,-9999,1,2,-9999,N/A,-9999,-9999,N/A,-9999
2812,547.226378,547.226432613044,547.226836866549,3198552.5,-9999,236120.6,21.83,-1,-0.7387311398214889,0.4528619126938608,0.7369636471990462,0.566502606495935,20,1,0.06060606060606061,N4 P1 O2,de-protonated,0,-9999,C33 H33 O2 N4 P1,33,33,2,4,1,-9999,-9999,N/A,-9999,-9999,N/A,-9999
2812,547.226378,547.226432613044,547.2265655403891,3198552.5,-9999,236120.6,21.83,-1,-0.2429109867678851,0.49467529768379886,0.8007932653391622,0.6171224847459442,6,1.7391304347826086,0.30434782608695654,N4 S2 O7,de-protonated,0,-9999,C23 H40 O7 N4 S2,23,40,7,4,-9999,2,-9999,N/A,-9999,-9999,N/A,-9999
2814,549.0948,549.0948560941581,549.095336156929,2876260.8,-9999,322680.6,19.46,-1,-0.8742794543144288,0.8704952764449022,0,0.5222971658669413,4,1.6666666666666667,0.8333333333333334,S2 O15,de-protonated,0,-9999,C18 H30 O15 S2,18,30,15,-9999,-9999,2,-9999,N/A,-9999,-9999,N/A,-9999
2814,549.0948,549.0948560941581,549.0948230926791,2876260.8,-9999,322680.6,19.46,-1,0.06010160284623846,0.4996723926593748,0.7489023467070351,0.5993643742784389,22,0.7096774193548387,0.12903225806451613,N2 S2 O4,de-protonated,0,-9999,C31 H22 O4 N2 S2,31,22,4,2,-9999,2,-9999,N/A,-9999,-9999,N/A,-9999
2814,549.0948,549.0948560941581,549.094956034409,2876260.8,-9999,322680.6,19.46,-1,-0.1820090493447838,0.9940071253558308,0,0.5964042752134985,9,1.35,0.6,N2 S1 P1 O12,de-protonated,0,-9999,C20 H27 O12 N2 P1 S1,20,27,12,2,1,1,-9999,N/A,-9999,-9999,N/A,-9999
2814,549.0948,549.0948560941581,549.094442970159,2876260.8,-9999,322680.6,19.46,-1,0.752373301920861,0.4511934763239087,0.7369636471990462,0.5655015446739637,27,0.5757575757575758,0.0303030303030303,N4 S1 P1 O1,de-protonated,0,-9999,C33 H19 O1 N4 P1 S1,33,19,1,4,1,1,-9999,N/A,-9999,-9999,N/A,-9999
2815,549.096739,549.0967950956953,549.0964768629591,3964774,-9999,179463.5,27.43,-1,0.579557053399652,0.4704369559690056,0.7612342259156645,0.5867558639476691,17,0.9310344827586208,0.1724137931034483,S2 P1 O5,de-protonated,0,-9999,C29 H27 O5 P1 S2,29,27,5,-9999,1,2,-9999,N/A,-9999,-9999,N/A,-9999
2815,549.096739,549.0967950956953,549.097325016129,3964774,-9999,179463.5,27.43,-1,-0.9650756061797696,0.4222561276552116,0.7739790330151771,0.5629452897991978,18,0.8148148148148148,0.3333333333333333,N2 S1 O9,de-protonated,0,-9999,C27 H22 O9 N2 S1,27,22,9,2,-9999,1,-9999,N/A,-9999,-9999,N/A,-9999
2815,549.096739,549.0967950956953,549.096944893609,3964774,-9999,179463.5,27.43,-1,-0.2728077712997096,0.4932933102174784,0.7612342259156645,0.6004696764967529,23,0.6551724137931034,0.20689655172413793,N4 P1 O6,de-protonated,0,-9999,C29 H19 O6 N4 P1,29,19,6,4,1,-9999,-9999,N/A,-9999,-9999,N/A,-9999
2815,549.096739,549.0967950956953,549.0966735674491,3964774,-9999,179463.5,27.43,-1,0.22132395260173424,0.4955756236386521,0.8295321147073604,0.6291582200661354,9,1.368421052631579,0.5789473684210527,N4 S2 O11,de-protonated,0,-9999,C19 H26 O11 N4 S2,19,26,11,4,-9999,2,-9999,N/A,-9999,-9999,N/A,-9999
2816,549.133467,549.1335231248098,549.133710525479,4564863.5,-9999,256997.2,31.83,-1,-0.3412660079709111,0.48954487499362526,0.7675537279851021,0.600748416190216,17,0.9285714285714286,0.2857142857142857,N2 S1 O8,de-protonated,0,-9999,C28 H26 O8 N2 S1,28,26,8,2,-9999,1,-9999,N/A,-9999,-9999,N/A,-9999
2816,549.133467,549.1335231248098,549.133843467209,4564863.5,-9999,256997.2,31.83,-1,-0.5833594176984895,0.4700596590216168,0.8446892076502734,0.6199114784730795,4,1.8235294117647056,0.9411764705882352,N2 P1 O16,de-protonated,0,-9999,C17 H31 O16 N2 P1,17,31,16,2,1,-9999,-9999,N/A,-9999,-9999,N/A,-9999
2816,549.133467,549.1335231248098,549.133330402959,4564863.5,-9999,256997.2,31.83,-1,0.3509563891396297,0.48894939308441104,0.7550179348240813,0.5953768097802792,22,0.7666666666666667,0.16666666666666666,N4 P1 O5,de-protonated,0,-9999,C30 H23 O5 N4 P1,30,23,5,4,1,-9999,-9999,N/A,-9999,-9999,N/A,-9999
2816,549.133467,549.1335231248098,549.133059076799,4564863.5,-9999,256997.2,31.83,-1,0.8450556803238214,0.4392339229857901,0.8221557383861046,0.5924026491459159,8,1.5,0.5,N4 S2 O10,de-protonated,0,-9999,C20 H30 O10 N4 S2,20,30,10,4,-9999,2,-9999,N/A,-9999,-9999,N/A,-9999
2817,549.16512,549.1651761499014,549.164735872309,2137493.5,-9999,247409.4,14.04,-1,0.8017222585523849,0.8899164474516028,0,0.5339498684709617,7,1.4782608695652173,0.5652173913043478,S1 O13,de-protonated,0,-9999,C23 H34 O13 S1,23,34,13,-9999,-9999,1,-9999,N/A,-9999,-9999,N/A,-9999
2817,549.16512,549.1651761499014,549.165225129659,2137493.5,-9999,247409.4,14.04,-1,-0.0891894740461868,0.998557660007856,0,0.5991345960047136,11,1.3461538461538465,0.19230769230769232,N2 S2 P1 O5,de-protonated,0,-9999,C26 H35 O5 N2 P1 S2,26,35,5,2,1,2,-9999,N/A,-9999,-9999,N/A,-9999
2818,549.167459,549.1675151517557,549.167237795759,2873239.3,-9999,305331.6,19.44,-1,0.5050483306067496,0.9547719060407736,0,0.5728631436244641,3,1.7894736842105263,0.9473684210526316,O18,de-protonated,0,-9999,C19 H34 O18,19,34,18,-9999,-9999,-9999,-9999,N/A,-9999,-9999,N/A,-9999
2818,549.167459,549.1675151517557,549.167594111379,2873239.3,-9999,305331.6,19.44,-1,-0.14378055842763188,0.49812798257603,0.7369636471990462,0.5936622484252365,20,0.9090909090909092,0.06060606060606061,N2 S2 O2,de-protonated,0,-9999,C33 H30 O2 N2 S2,33,30,2,2,-9999,2,-9999,N/A,-9999,-9999,N/A,-9999
2818,549.167459,549.1675151517557,549.167727053109,2873239.3,-9999,305331.6,19.44,-1,-0.38585907903354966,0.973346259578242,0,0.5840077557469452,7,1.5909090909090908,0.4545454545454546,N2 S1 P1 O10,de-protonated,0,-9999,C22 H35 O10 N2 P1 S1,22,35,10,2,1,1,-9999,N/A,-9999,-9999,N/A,-9999
2819,549.169789,549.1698451536026,549.170096034829,5117849,-9999,255254.8,35.88,-1,-0.45683701319182374,0.48141984466345505,0.7612342259156646,0.5933455971643389,16,1.0344827586206895,0.2413793103448276,N2 S1 O7,de-protonated,0,-9999,C29 H30 O7 N2 S1,29,30,7,2,-9999,1,-9999,N/A,-9999,-9999,N/A,-9999
2819,549.169789,549.1698451536026,549.1702289765591,5117849,-9999,255254.8,35.88,-1,-0.69891435514646,0.4575901033948304,0.8370420509349343,0.609370882410872,3,1.9444444444444444,0.8333333333333334,N2 P1 O15,de-protonated,0,-9999,C18 H35 O15 N2 P1,18,35,15,2,1,-9999,-9999,N/A,-9999,-9999,N/A,-9999
2819,549.169789,549.1698451536026,549.169715912309,5117849,-9999,255254.8,35.88,-1,0.23533944038812343,0.4950004274176332,0.7489023467070351,0.596561195133394,21,0.8709677419354839,0.12903225806451613,N4 P1 O4,de-protonated,0,-9999,C31 H27 O4 N4 P1,31,27,4,4,1,-9999,-9999,N/A,-9999,-9999,N/A,-9999
2819,549.169789,549.1698451536026,549.1694445861491,5117849,-9999,255254.8,35.88,-1,0.7294059374353754,0.45398829037569294,0.8149093904448103,0.5983567304033399,7,1.619047619047619,0.42857142857142855,N4 S2 O9,de-protonated,0,-9999,C21 H34 O9 N4 S2,21,34,9,4,-9999,2,-9999,N/A,-9999,-9999,N/A,-9999
2820,549.204028,549.2040841807442,549.2044926849791,3275696.5,-9999,285450.7,22.38,-1,-0.7438108033061607,0.45224351926280776,0.8149093904448101,0.5973098677356087,1,2,0.5714285714285714,S2 O12,de-protonated,0,-9999,C21 H42 O12 S2,21,42,12,-9999,-9999,2,-9999,N/A,-9999,-9999,N/A,-9999
2820,549.204028,549.2040841807442,549.2036233051091,3275696.5,-9999,285450.7,22.38,-1,0.8391707839169917,0.8800491289274401,0,0.5280294773564641,2,1.9,0.85,O17,de-protonated,0,-9999,C20 H38 O17,20,38,17,-9999,-9999,-9999,-9999,N/A,-9999,-9999,N/A,-9999
2820,549.204028,549.2040841807442,549.203979620729,3275696.5,-9999,285450.7,22.38,-1,0.1903846641106529,0.4967223664583564,0.7311359101322861,0.5904877839279282,19,1,0.02941176470588235,N2 S2 O1,de-protonated,0,-9999,C34 H34 O1 N2 S2,34,34,1,2,-9999,2,-9999,N/A,-9999,-9999,N/A,-9999
2820,549.204028,549.2040841807442,549.204112562459,3275696.5,-9999,285450.7,22.38,-1,-0.05167789935734165,0.4997577697843983,0.8007932653391622,0.6201719680063038,6,1.6956521739130437,0.391304347826087,N2 S1 P1 O9,de-protonated,0,-9999,C23 H39 O9 N2 P1 S1,23,39,9,2,1,1,-9999,N/A,-9999,-9999,N/A,-9999
2821,549.206062,549.2061181823565,549.205633391009,4150706,-9999,199114.6,28.8,-1,0.8827137196498562,0.43407888227616304,0.7428850341668535,0.5576013430324391,14,1.21875,0.0625,S2 P1 O2,de-protonated,0,-9999,C32 H39 O2 P1 S2,32,39,2,-9999,1,2,-9999,N/A,-9999,-9999,N/A,-9999
2821,549.206062,549.2061181823565,549.206481544179,4150706,-9999,199114.6,28.8,-1,-0.6616124076745481,0.4618233171421149,0.7550179348240813,0.5791011642149015,15,1.1333333333333333,0.2,N2 S1 O6,de-protonated,0,-9999,C30 H34 O6 N2 S1,30,34,6,2,-9999,1,-9999,N/A,-9999,-9999,N/A,-9999
2821,549.206062,549.2061181823565,549.2066144859091,4150706,-9999,199114.6,28.8,-1,-0.903673662185313,0.4311397862628532,0.8295321147073604,0.5904967176406561,2,2.0526315789473686,0.7368421052631579,N2 P1 O14,de-protonated,0,-9999,C19 H39 O14 N2 P1,19,39,14,2,1,-9999,-9999,N/A,-9999,-9999,N/A,-9999
2821,549.206062,549.2061181823565,549.206101421659,4150706,-9999,199114.6,28.8,-1,0.03051804672130921,0.4999155109155484,0.7428850341668535,0.5971033202160704,20,0.96875,0.09375,N4 P1 O3,de-protonated,0,-9999,C32 H31 O3 N4 P1,32,31,3,4,1,-9999,-9999,N/A,-9999,-9999,N/A,-9999
2821,549.206062,549.2061181823565,549.205830095499,4150706,-9999,199114.6,28.8,-1,0.5245517103209264,0.475649708327966,0.8077896627745538,0.608505690106601,6,1.7272727272727273,0.3636363636363637,N4 S2 O8,de-protonated,0,-9999,C22 H38 O8 N4 S2,22,38,8,4,-9999,2,-9999,N/A,-9999,-9999,N/A,-9999
2822,549.240581,549.24063720972,549.2411495204891,2081737.9,-9999,276205.4,13.63,-1,-0.9327610822953633,0.8539623248021749,0,0.512377394881305,14,1.21875,0.1875,P1 O6,de-protonated,0,-9999,C32 H39 O6 P1,32,39,6,-9999,1,-9999,-9999,N/A,-9999,-9999,N/A,-9999
2822,549.240581,549.24063720972,549.240878194329,2081737.9,-9999,276205.4,13.63,-1,-0.43875941957278425,0.9656723780614708,0,0.5794034268368824,0,2.090909090909091,0.5,S2 O11,de-protonated,0,-9999,C22 H46 O11 S2,22,46,11,-9999,-9999,2,-9999,N/A,-9999,-9999,N/A,-9999
2822,549.240581,549.24063720972,549.240498071809,2081737.9,-9999,276205.4,13.63,-1,0.2533278435954984,0.9884230656581215,0,0.5930538393948729,5,1.7916666666666667,0.3333333333333333,N2 S1 P1 O8,de-protonated,0,-9999,C24 H43 O8 N2 P1 S1,24,43,8,2,1,1,-9999,N/A,-9999,-9999,N/A,-9999
2823,549.242254,549.2423102110463,549.242018900359,2890187,-9999,231819.4,19.56,-1,0.530386746265001,0.4751187392764992,0.7369636471990461,0.5798567024455179,13,1.303030303030303,0.0303030303030303,S2 P1 O1,de-protonated,0,-9999,C33 H43 O1 P1 S2,33,43,1,-9999,1,2,-9999,N/A,-9999,-9999,N/A,-9999
2823,549.242254,549.2423102110463,549.242486931009,2890187,-9999,231819.4,19.56,-1,-0.3217521712700914,0.4906954748392323,0.7369636471990461,0.5892027437831577,19,1.0606060606060606,0.06060606060606061,N4 P1 O2,de-protonated,0,-9999,C33 H35 O2 N4 P1,33,35,2,4,1,-9999,-9999,N/A,-9999,-9999,N/A,-9999
2823,549.242254,549.2423102110463,549.2422156048491,2890187,-9999,231819.4,19.56,-1,0.17224858997827697,0.9946309593730408,0,0.5967785756238245,5,1.826086956521739,0.30434782608695654,N4 S2 O7,de-protonated,0,-9999,C23 H42 O7 N4 S2,23,42,7,4,-9999,2,-9999,N/A,-9999,-9999,N/A,-9999
2825,550.126376,550.1264329118974,550.1269706384791,2412081.3,-9999,398897.8,16.05,-1,-0.977459041972049,0.8408341661150641,0,0.5045004996690384,3,1.8333333333333333,0.7777777777777778,N1 S2 O14,de-protonated,0,-9999,C18 H33 O14 N1 S2,18,33,14,1,-9999,2,-9999,N/A,-9999,-9999,N/A,-9999
2825,550.126376,550.1264329118974,550.126457574229,2412081.3,-9999,398897.8,16.05,-1,-0.04483029542030788,0.49981769950411886,0.7489023467070351,0.5994515583852854,21,0.8064516129032258,0.0967741935483871,N3 S2 O3,de-protonated,0,-9999,C31 H25 O3 N3 S2,31,25,3,3,-9999,2,-9999,N/A,-9999,-9999,N/A,-9999
2825,550.126376,550.1264329118974,550.126590515959,2412081.3,-9999,398897.8,16.05,-1,-0.2864869002382377,0.9852179881981538,0,0.5911307929188923,8,1.5,0.55,N3 S1 P1 O11,de-protonated,0,-9999,C20 H30 O11 N3 P1 S1,20,30,11,3,1,1,-9999,N/A,-9999,-9999,N/A,-9999
2826,550.127907,550.127963913111,550.128111344509,2910770.5,-9999,182915.1,19.71,-1,-0.2679946633097782,0.49352634774332554,0.7612342259156645,0.6006094990122611,16,1.0344827586206895,0.13793103448275862,N1 S2 P1 O4,de-protonated,0,-9999,C29 H30 O4 N1 P1 S2,29,30,4,1,1,2,-9999,N/A,-9999,-9999,N/A,-9999
2827,551.074171,551.0742286632225,551.074739096469,2148549.8,-9999,352682.5,14.11,-1,-0.9262504889171675,0.4279198956010837,0.7087183895694522,0.5402392931884311,31,0.42105263157894735,0.07894736842105263,S1 O3,de-protonated,0,-9999,C38 H16 O3 S1,38,16,3,-9999,-9999,1,-9999,N/A,-9999,-9999,N/A,-9999
2827,551.074171,551.0742286632225,551.0746007120391,2148549.8,-9999,352682.5,14.11,-1,-0.6751333052964771,0.9206224930903648,0,0.5523734958542189,4,1.6470588235294117,0.9411764705882352,S2 O16,de-protonated,0,-9999,C17 H28 O16 S2,17,28,16,-9999,-9999,2,-9999,N/A,-9999,-9999,N/A,-9999
2827,551.074171,551.0742286632225,551.074087647789,2148549.8,-9999,352682.5,14.11,-1,0.255891969136037,0.9881889179926744,0,0.5929133507956047,22,0.6666666666666666,0.16666666666666666,N2 S2 O5,de-protonated,0,-9999,C30 H20 O5 N2 S2,30,20,5,2,-9999,2,-9999,N/A,-9999,-9999,N/A,-9999
2827,551.074171,551.0742286632225,551.0742205895191,2148549.8,-9999,352682.5,14.11,-1,0.01465084571626955,0.9999610532914298,0,0.5999766319748578,9,1.3157894736842106,0.6842105263157895,N2 S1 P1 O13,de-protonated,0,-9999,C19 H25 O13 N2 P1 S1,19,25,13,2,1,1,-9999,N/A,-9999,-9999,N/A,-9999
2827,551.074171,551.0742286632225,551.073707525269,2148549.8,-9999,352682.5,14.11,-1,0.9456774045636488,0.4251055513846868,0.7428850341668536,0.5522173444975536,27,0.53125,0.0625,N4 S1 P1 O2,de-protonated,0,-9999,C32 H17 O2 N4 P1 S1,32,17,2,4,1,1,-9999,N/A,-9999,-9999,N/A,-9999
2828,551.07607,551.0761276647279,551.075741418069,3250375,-9999,246902.3,22.19,-1,0.7008957750221049,0.4573598707938435,0.7675537279851021,0.5814374136703471,17,0.8928571428571429,0.21428571428571427,S2 P1 O6,de-protonated,0,-9999,C28 H25 O6 P1 S2,28,25,6,-9999,1,2,-9999,N/A,-9999,-9999,N/A,-9999
2828,551.07607,551.0761276647279,551.076589571239,3250375,-9999,246902.3,22.19,-1,-0.8381893185423499,0.44015602545653054,0.7805128205128198,0.5762987434790463,18,0.7692307692307693,0.38461538461538464,N2 S1 O10,de-protonated,0,-9999,C26 H20 O10 N2 S1,26,20,10,2,-9999,1,-9999,N/A,-9999,-9999,N/A,-9999
2828,551.07607,551.0761276647279,551.076209448719,3250375,-9999,246902.3,22.19,-1,-0.1484077696715204,0.4980057959458277,0.7675537279851021,0.6058249687615376,23,0.6071428571428571,0.25,N4 P1 O7,de-protonated,0,-9999,C28 H17 O7 N4 P1,28,17,7,4,1,-9999,-9999,N/A,-9999,-9999,N/A,-9999
2828,551.07607,551.0761276647279,551.075938122559,3250375,-9999,246902.3,22.19,-1,0.3439492740590857,0.978763166160883,0,0.5872578996965298,9,1.3333333333333333,0.6666666666666666,N4 S2 O12,de-protonated,0,-9999,C18 H24 O12 N4 S2,18,24,12,4,-9999,2,-9999,N/A,-9999,-9999,N/A,-9999
2829,551.11037,551.1104276919177,551.110473157139,3723487,-9999,320152.3,25.66,-1,-0.08249747289116557,0.4993829263618718,0.7489023467070353,0.5991906944999372,21,0.7741935483870968,0.12903225806451613,N2 S2 O4,de-protonated,0,-9999,C31 H24 O4 N2 S2,31,24,4,2,-9999,2,-9999,N/A,-9999,-9999,N/A,-9999
2829,551.11037,551.1104276919177,551.1106060988691,3723487,-9999,320152.3,25.66,-1,-0.323722587424274,0.4905822470590896,0.8221557383861046,0.6232116435898956,8,1.45,0.6,N2 S1 P1 O12,de-protonated,0,-9999,C20 H29 O12 N2 P1 S1,20,29,12,2,1,1,-9999,N/A,-9999,-9999,N/A,-9999
2829,551.11037,551.1104276919177,551.110093034619,3723487,-9999,320152.3,25.66,-1,0.6072421879731119,0.467640646636569,0.7369636471990461,0.5753698468615598,26,0.6363636363636364,0.0303030303030303,N4 S1 P1 O1,de-protonated,0,-9999,C33 H21 O1 N4 P1 S1,33,21,1,4,1,1,-9999,N/A,-9999,-9999,N/A,-9999
2830,551.112148,551.1122056933273,551.1121269274191,4665056.5,-9999,183506.2,32.56,-1,0.14292174730689547,0.4981502378689117,0.7612342259156645,0.6033838330876129,16,1,0.1724137931034483,S2 P1 O5,de-protonated,0,-9999,C29 H29 O5 P1 S2,29,29,5,-9999,1,2,-9999,N/A,-9999,-9999,N/A,-9999
2830,551.112148,551.1122056933273,551.112594958069,4665056.5,-9999,183506.2,32.56,-1,-0.7063252506756125,0.4567262475768565,0.7612342259156645,0.5785294389123797,22,0.7241379310344828,0.20689655172413793,N4 P1 O6,de-protonated,0,-9999,C29 H21 O6 N4 P1,29,21,6,4,1,-9999,-9999,N/A,-9999,-9999,N/A,-9999
2830,551.112148,551.1122056933273,551.1123236319091,4665056.5,-9999,183506.2,32.56,-1,-0.21400098819909577,0.49586236467371875,0.8295321147073604,0.6293302646871755,8,1.4736842105263157,0.5789473684210527,N4 S2 O11,de-protonated,0,-9999,C19 H28 O11 N4 S2,19,28,11,4,-9999,2,-9999,N/A,-9999,-9999,N/A,-9999
2831,551.146824,551.1468817208153,551.1473717307391,3941624.5,-9999,308775.8,27.25,-1,-0.8890724132683847,0.4331924249003847,0.8295321147073604,0.591728300823175,2,1.894736842105263,0.7368421052631579,S2 O14,de-protonated,0,-9999,C19 H36 O14 S2,19,36,14,-9999,-9999,2,-9999,N/A,-9999,-9999,N/A,-9999
2831,551.146824,551.1468817208153,551.146858666489,3941624.5,-9999,308775.8,27.25,-1,0.04182973350568994,0.499841282399654,0.7428850341668535,0.5970587831065337,20,0.875,0.09375,N2 S2 O3,de-protonated,0,-9999,C32 H28 O3 N2 S2,32,28,3,2,-9999,2,-9999,N/A,-9999,-9999,N/A,-9999
2831,551.146824,551.1468817208153,551.1469916082191,3941624.5,-9999,308775.8,27.25,-1,-0.19937948586601908,0.496406485192879,0.8149093904448103,0.6238076472936516,7,1.5714285714285714,0.5238095238095238,N2 S1 P1 O11,de-protonated,0,-9999,C21 H33 O11 N2 P1 S1,21,33,11,2,1,1,-9999,N/A,-9999,-9999,N/A,-9999
2832,551.1485,551.1485577221438,551.148512436769,5880057.5,-9999,195778.1,41.46,-1,0.08216546674003901,0.4993878800842829,0.7550179348240813,0.6016399019802023,15,1.1,0.13333333333333333,S2 P1 O4,de-protonated,0,-9999,C30 H33 O4 P1 S2,30,33,4,-9999,1,2,-9999,N/A,-9999,-9999,N/A,-9999
2832,551.1485,551.1485577221438,551.148980467419,5880057.5,-9999,195778.1,41.46,-1,-0.7670254146427903,0.4493745639439801,0.7550179348240813,0.5716319122960206,21,0.8333333333333334,0.16666666666666666,N4 P1 O5,de-protonated,0,-9999,C30 H25 O5 N4 P1,30,25,5,4,1,-9999,-9999,N/A,-9999,-9999,N/A,-9999
2832,551.1485,551.1485577221438,551.148709141259,5880057.5,-9999,195778.1,41.46,-1,-0.2747336839033779,0.4931989321485899,0.8221557383861046,0.6247816546435958,7,1.6,0.5,N4 S2 O10,de-protonated,0,-9999,C20 H32 O10 N4 S2,20,32,10,4,-9999,2,-9999,N/A,-9999,-9999,N/A,-9999
2833,551.184658,551.1847157508065,551.184897946119,5448979,-9999,197030.3,38.3,-1,-0.3305520764147077,0.9901815411987294,0.9751071277156006,0.984151775805478,14,1.1935483870967742,0.0967741935483871,S2 P1 O3,de-protonated,0,-9999,C31 H37 O3 P1 S2,31,37,3,-9999,1,2,-9999,N/A,-9999,-9999,N/A,-9999
2833,551.184658,551.1847157508065,551.1850946506091,5448979,-9999,197030.3,38.3,-1,-0.6874275199092618,0.94716010193314,0.9091000839778256,0.9319360947510142,6,1.7142857142857142,0.42857142857142855,N4 S2 O9,de-protonated,0,-9999,C21 H36 O9 N4 S2,21,36,9,4,-9999,2,-9999,N/A,-9999,-9999,N/A,-9999
2833,551.184658,551.1847157508065,551.184225270739,5448979,-9999,197030.3,38.3,-1,0.8898659377062412,0.43308148180794503,0.8221557383861047,0.5887111844392089,7,1.6,0.7,N4 O14,de-protonated,0,-9999,C20 H32 O14 N4,20,32,14,4,-9999,-9999,-9999,N/A,-9999,-9999,N/A,-9999
2834,551.219282,551.2193397782532,551.219273369569,2482987,-9999,342821.8,16.56,-1,0.1204759837723259,0.9973698347782476,0,0.5984219008669486,1,2,0.85,O17,de-protonated,0,-9999,C20 H40 O17,20,40,17,-9999,-9999,-9999,-9999,N/A,-9999,-9999,N/A,-9999
2834,551.219282,551.2193397782532,551.219629685189,2482987,-9999,342821.8,16.56,-1,-0.5259372492893014,0.47552410708028503,0.7311359101322861,0.5777688283010854,18,1.0588235294117647,0.02941176470588235,N2 S2 O1,de-protonated,0,-9999,C34 H36 O1 N2 S2,34,36,1,2,-9999,2,-9999,N/A,-9999,-9999,N/A,-9999
2834,551.219282,551.2193397782532,551.2197626269191,2482987,-9999,342821.8,16.56,-1,-0.7671144877312004,0.8987268436184259,0,0.5392361061710556,5,1.7826086956521738,0.391304347826087,N2 S1 P1 O9,de-protonated,0,-9999,C23 H41 O9 N2 P1 S1,23,41,9,2,1,1,-9999,N/A,-9999,-9999,N/A,-9999
2835,551.221092,551.2211497796881,551.221283455469,3534636.3,-9999,170748.9,24.27,-1,-0.2425083808557812,0.4946928396795109,0.7428850341668535,0.5939697174744478,13,1.28125,0.0625,S2 P1 O2,de-protonated,0,-9999,C32 H41 O2 P1 S2,32,41,2,-9999,1,2,-9999,N/A,-9999,-9999,N/A,-9999
2835,551.221092,551.2211497796881,551.221480159959,3534636.3,-9999,170748.9,24.27,-1,-0.5993602986163984,0.4684483193316603,0.8077896627745539,0.6041848567088177,5,1.818181818181818,0.3636363636363637,N4 S2 O8,de-protonated,0,-9999,C22 H40 O8 N4 S2,22,40,8,4,-9999,2,-9999,N/A,-9999,-9999,N/A,-9999
2835,551.221092,551.2211497796881,551.220610780089,3534636.3,-9999,170748.9,24.27,-1,0.9778291821619792,0.4203618775132991,0.8149093904448101,0.5781808826859035,6,1.7142857142857142,0.6190476190476191,N4 O13,de-protonated,0,-9999,C21 H36 O13 N4,21,36,13,4,-9999,-9999,-9999,N/A,-9999,-9999,N/A,-9999
2836,551.257522,551.2575798085664,551.2576689648189,2007877.8,-9999,247112.8,13.08,-1,-0.16173244829484631,0.995265022403637,0,0.5971590134421821,12,1.3636363636363635,0.0303030303030303,S2 P1 O1,de-protonated,0,-9999,C33 H45 O1 P1 S2,33,45,1,-9999,1,2,-9999,N/A,-9999,-9999,N/A,-9999
2836,551.257522,551.2575798085664,551.257865669309,2007877.8,-9999,247112.8,13.08,-1,-0.5185608412462546,0.9523787070332738,0,0.5714272242199643,4,1.9130434782608696,0.30434782608695654,N4 S2 O7,de-protonated,0,-9999,C23 H44 O7 N4 S2,23,44,7,4,-9999,2,-9999,N/A,-9999,-9999,N/A,-9999
2838,552.188191,552.1882495463157,552.1882527811891,2077136.6,-9999,322844.1,13.59,-1,-0.00585828014010372,0.9999937728009612,0.9751071277156006,0.9900391147668168,14,1.2333333333333334,0.1,13C1 S2 P1 O3,de-protonated,1,2833,C30 H37 O3 P1 S2 13C1,30,37,3,-9999,1,2,1,N/A,-9999,-9999,N/A,-9999
2838,552.188191,552.1882495463157,552.188389126809,2077136.6,-9999,322844.1,13.59,-1,-0.2527769437837589,0.9884730715013142,0,0.5930838429007885,14,1.1666666666666667,0.16666666666666666,N1 S2 O5,de-protonated,0,-9999,C30 H35 O5 N1 S2,30,35,5,1,-9999,2,-9999,N/A,-9999,-9999,N/A,-9999
2838,552.188191,552.1882495463157,552.188522068539,2077136.6,-9999,322844.1,13.59,-1,-0.49353112648148473,0.9567664167650264,0,0.5740598500590158,1,2.1052631578947367,0.6842105263157895,N1 S1 P1 O13,de-protonated,0,-9999,C19 H40 O13 N1 P1 S1,19,40,13,1,1,1,-9999,N/A,-9999,-9999,N/A,-9999
2838,552.188191,552.1882495463157,552.188009004289,2077136.6,-9999,322844.1,13.59,-1,0.43561617186349594,0.9661540690973212,0,0.5796924414583927,19,1,0.0625,N3 S1 P1 O2,de-protonated,0,-9999,C32 H32 O2 N3 P1 S1,32,32,2,3,1,1,-9999,N/A,-9999,-9999,N/A,-9999
2838,552.188191,552.1882495463157,552.1884494856791,2077136.6,-9999,322844.1,13.59,-1,-0.3620853780435092,0.9764917482958688,0.9091000839778256,0.9495350825686516,6,1.8,0.45,13C1 N4 S2 O9,de-protonated,1,2833,C20 H36 O9 N4 S2 13C1,20,36,9,4,-9999,2,1,N/A,-9999,-9999,N/A,-9999
2839,553.090515,553.0905742615956,553.090389160929,3115081.3,-9999,389361.9,21.19,-1,0.3346662141313535,0.4899412950662321,0.7087183895694522,0.5774521328675202,30,0.47368421052631576,0.07894736842105263,S1 O3,de-protonated,0,-9999,C38 H18 O3 S1,38,18,3,-9999,-9999,1,-9999,N/A,-9999,-9999,N/A,-9999
2839,553.090515,553.0905742615956,553.0905221026591,3115081.3,-9999,389361.9,21.19,-1,0.09430452066086328,0.4991938079776708,0.7739790330151771,0.6091078979926734,17,0.8518518518518519,0.4074074074074074,P1 O11,de-protonated,0,-9999,C27 H23 O11 P1,27,23,11,-9999,1,-9999,-9999,N/A,-9999,-9999,N/A,-9999
2839,553.090515,553.0905742615956,553.090250776499,3115081.3,-9999,389361.9,21.19,-1,0.584868556527279,0.9398186244762048,0,0.5638911746857229,3,1.7647058823529411,0.9411764705882352,S2 O16,de-protonated,0,-9999,C17 H30 O16 S2,17,30,16,-9999,-9999,2,-9999,N/A,-9999,-9999,N/A,-9999
2840,553.09154,553.0915992624082,553.091391482529,3023690.3,-9999,171461.5,20.52,-1,0.3756700652606416,0.487358800554268,0.7675537279851021,0.5994367715266017,16,0.9642857142857144,0.21428571428571427,S2 P1 O6,de-protonated,0,-9999,C28 H27 O6 P1 S2,28,27,6,-9999,1,2,-9999,N/A,-9999,-9999,N/A,-9999
2840,553.09154,553.0915992624082,553.091859513179,3023690.3,-9999,171461.5,20.52,-1,-0.470538060391015,0.4803112150802853,0.7675537279851021,0.595208220242212,22,0.6785714285714286,0.25,N4 P1 O7,de-protonated,0,-9999,C28 H19 O7 N4 P1,28,19,7,4,1,-9999,-9999,N/A,-9999,-9999,N/A,-9999
2840,553.09154,553.0915992624082,553.091588187019,3023690.3,-9999,171461.5,20.52,-1,0.0200245119641578,0.9999272451566686,0,0.5999563470940011,8,1.4444444444444444,0.6666666666666666,N4 S2 O12,de-protonated,0,-9999,C18 H26 O12 N4 S2,18,26,12,4,-9999,2,-9999,N/A,-9999,-9999,N/A,-9999
2841,553.127845,553.1279042911875,553.1277769918789,5128803.5,-9999,204277.6,35.94,-1,0.2301444871924224,0.495217668027464,0.7612342259156645,0.6016242911827443,15,1.0689655172413792,0.1724137931034483,S2 P1 O5,de-protonated,0,-9999,C29 H31 O5 P1 S2,29,31,5,-9999,1,2,-9999,N/A,-9999,-9999,N/A,-9999
2841,553.127845,553.1279042911875,553.1282450225291,5128803.5,-9999,204277.6,35.94,-1,-0.6160078510410307,0.46673168892442973,0.7612342259156645,0.5845327037209236,21,0.7931034482758621,0.20689655172413793,N4 P1 O6,de-protonated,0,-9999,C29 H23 O6 N4 P1,29,23,6,4,1,-9999,-9999,N/A,-9999,-9999,N/A,-9999
2841,553.127845,553.1279042911875,553.1279736963689,5128803.5,-9999,204277.6,35.94,-1,-0.1254776195044387,0.4985736169594724,0.8295321147073604,0.6309570160586275,7,1.5789473684210529,0.5789473684210527,N4 S2 O11,de-protonated,0,-9999,C19 H30 O11 N4 S2,19,30,11,4,-9999,2,-9999,N/A,-9999,-9999,N/A,-9999
2842,553.160199,553.1602583168349,553.159788876309,2868602.5,-9999,265093.9,19.38,-1,0.8486526593512445,0.43874864988831,0.6825582999861977,0.536272509927465,33,0.5116279069767442,0.02325581395348837,O1,de-protonated,0,-9999,C43 H22 O1,43,22,1,-9999,-9999,-9999,-9999,N/A,-9999,-9999,N/A,-9999
2842,553.160199,553.1602583168349,553.160791197909,2868602.5,-9999,265093.9,19.38,-1,-0.9633384770390002,0.4225128680387552,0.7369636471990461,0.5482931797028716,19,0.9393939393939394,0.12121212121212122,S1 P1 O4,de-protonated,0,-9999,C33 H31 O4 P1 S1,33,31,4,-9999,1,1,-9999,N/A,-9999,-9999,N/A,-9999
2842,553.160199,553.1602583168349,553.1601397492291,2868602.5,-9999,265093.9,19.38,-1,0.21434589601758447,0.4958490721389271,0.7871578612348809,0.6123725877773086,10,1.4,0.24,N2 S2 P1 O6,de-protonated,0,-9999,C25 H35 O6 N2 P1 S2,25,35,6,2,1,2,-9999,N/A,-9999,-9999,N/A,-9999
2843,553.162491,553.1625503186517,553.163021795199,2880124,-9999,366026.8,19.47,-1,-0.8523283891755136,0.8765023610211231,0,0.5259014166126739,1,2,0.7368421052631579,S2 O14,de-protonated,0,-9999,C19 H38 O14 S2,19,38,14,-9999,-9999,2,-9999,N/A,-9999,-9999,N/A,-9999
2843,553.162491,553.1625503186517,553.162508730949,2880124,-9999,366026.8,19.47,-1,0.07518170898628154,0.49948746263414506,0.7428850341668535,0.5968464912472284,19,0.9375,0.09375,N2 S2 O3,de-protonated,0,-9999,C32 H30 O3 N2 S2,32,30,3,2,-9999,2,-9999,N/A,-9999,-9999,N/A,-9999
2843,553.162491,553.1625503186517,553.1626416726791,2880124,-9999,366026.8,19.47,-1,-0.16514858474151808,0.9950633838827008,0,0.5970380303296203,6,1.6666666666666667,0.5238095238095238,N2 S1 P1 O11,de-protonated,0,-9999,C21 H35 O11 N2 P1 S1,21,35,11,2,1,1,-9999,N/A,-9999,-9999,N/A,-9999
2844,553.164346,553.1644053201222,553.164162501229,4670077.5,-9999,206301.2,32.58,-1,0.4389635295361517,0.482820493780604,0.7550179348240813,0.591699470197995,14,1.1666666666666667,0.13333333333333333,S2 P1 O4,de-protonated,0,-9999,C30 H35 O4 P1 S2,30,35,4,-9999,1,2,-9999,N/A,-9999,-9999,N/A,-9999
2844,553.164346,553.1644053201222,553.164630531879,4670077.5,-9999,206301.2,32.58,-1,-0.407133327605811,0.48518565396560337,0.7550179348240813,0.5931185663089946,20,0.9,0.16666666666666666,N4 P1 O5,de-protonated,0,-9999,C30 H27 O5 N4 P1,30,27,5,4,1,-9999,-9999,N/A,-9999,-9999,N/A,-9999
2844,553.164346,553.1644053201222,553.164359205719,4670077.5,-9999,206301.2,32.58,-1,0.08336474034995517,0.4993698922225739,0.8221557383861046,0.6284842306879861,6,1.7,0.5,N4 S2 O10,de-protonated,0,-9999,C20 H34 O10 N4 S2,20,34,10,4,-9999,2,-9999,N/A,-9999,-9999,N/A,-9999
2845,553.199131,553.1991903476965,553.1996786307091,4027541.8,-9999,249331.3,27.87,-1,-0.8826523793530393,0.4340874114586916,0.7550179348240813,0.5624596208048476,14,1.1666666666666667,0.26666666666666666,P1 O8,de-protonated,0,-9999,C30 H35 O8 P1,30,35,8,-9999,1,-9999,-9999,N/A,-9999,-9999,N/A,-9999
2845,553.199131,553.1991903476965,553.199407304549,4027541.8,-9999,249331.3,27.87,-1,-0.3921856200566904,0.4862386514368449,0.8221557383861047,0.6206054862165489,0,2.1,0.65,S2 O13,de-protonated,0,-9999,C20 H42 O13 S2,20,42,13,-9999,-9999,2,-9999,N/A,-9999,-9999,N/A,-9999
2845,553.199131,553.1991903476965,553.1988942402991,4027541.8,-9999,249331.3,27.87,-1,0.5352638996068829,0.4746708893716937,0.7369636471990461,0.5795879925026346,18,1.0303030303030305,0.06060606060606061,N2 S2 O2,de-protonated,0,-9999,C33 H34 O2 N2 S2,33,34,2,2,-9999,2,-9999,N/A,-9999,-9999,N/A,-9999
2845,553.199131,553.1991903476965,553.199027182029,4027541.8,-9999,249331.3,27.87,-1,0.29494930294826477,0.49216939370703694,0.807789662774554,0.6184175013340438,5,1.7727272727272727,0.4545454545454546,N2 S1 P1 O10,de-protonated,0,-9999,C22 H39 O10 N2 P1 S1,22,39,10,2,1,1,-9999,N/A,-9999,-9999,N/A,-9999
2846,553.201006,553.2010653491828,553.200548010579,3782295,-9999,239292.3,26.08,-1,0.9351737008576696,0.42663215441538305,0.7489023467070351,0.5555402313320439,13,1.2580645161290325,0.0967741935483871,S2 P1 O3,de-protonated,0,-9999,C31 H39 O3 P1 S2,31,39,3,-9999,1,2,-9999,N/A,-9999,-9999,N/A,-9999
2846,553.201006,553.2010653491828,553.201396163749,3782295,-9999,239292.3,26.08,-1,-0.5980002372535433,0.468586759819887,0.7612342259156645,0.5856457462581981,14,1.1724137931034482,0.2413793103448276,N2 S1 O7,de-protonated,0,-9999,C29 H34 O7 N2 S1,29,34,7,2,-9999,1,-9999,N/A,-9999,-9999,N/A,-9999
2846,553.201006,553.2010653491828,553.201529105479,3782295,-9999,239292.3,26.08,-1,-0.8383134749261621,0.4401394018360752,0.8370420509349343,0.5989004614756188,1,2.1666666666666665,0.8333333333333334,N2 P1 O15,de-protonated,0,-9999,C18 H39 O15 N2 P1,18,39,15,2,1,-9999,-9999,N/A,-9999,-9999,N/A,-9999
2846,553.201006,553.2010653491828,553.2010160412291,3782295,-9999,239292.3,26.08,-1,0.08913207374776555,0.4992797572934635,0.7489023467070351,0.5991287930588922,19,1,0.12903225806451613,N4 P1 O4,de-protonated,0,-9999,C31 H31 O4 N4 P1,31,31,4,4,1,-9999,-9999,N/A,-9999,-9999,N/A,-9999
2846,553.201006,553.2010653491828,553.200744715069,3782295,-9999,239292.3,26.08,-1,0.5795981239256555,0.4704328922354229,0.8149093904448103,0.6082234915191778,5,1.8095238095238095,0.42857142857142855,N4 S2 O9,de-protonated,0,-9999,C21 H38 O9 N4 S2,21,38,9,4,-9999,2,-9999,N/A,-9999,-9999,N/A,-9999
2847,553.235351,553.2354103764085,553.234923434029,2127535.3,-9999,283666.6,13.95,-1,0.8801728864410361,0.8688636423378266,0,0.5213181854026959,0,2.1,0.85,O17,de-protonated,0,-9999,C20 H42 O17,20,42,17,-9999,-9999,-9999,-9999,N/A,-9999,-9999,N/A,-9999
2847,553.235351,553.2354103764085,553.235279749649,2127535.3,-9999,283666.6,13.95,-1,0.23611429767702471,0.4949676174490216,0.731135910132286,0.5894349345223273,17,1.1176470588235294,0.02941176470588235,N2 S2 O1,de-protonated,0,-9999,C34 H38 O1 N2 S2,34,38,1,2,-9999,2,-9999,N/A,-9999,-9999,N/A,-9999
2847,553.235351,553.2354103764085,553.2354126913791,2127535.3,-9999,283666.6,13.95,-1,-0.00418442235675328,0.9999968229491498,0,0.5999980937694899,4,1.8695652173913044,0.391304347826087,N2 S1 P1 O9,de-protonated,0,-9999,C23 H43 O9 N2 P1 S1,23,43,9,2,1,1,-9999,N/A,-9999,-9999,N/A,-9999
2848,553.237035,553.2370943777433,553.236933519929,2410672.3,-9999,281696,16.02,-1,0.29075754809842624,0.4923886950794051,0.7428850341668535,0.5925872307143845,12,1.34375,0.0625,S2 P1 O2,de-protonated,0,-9999,C32 H43 O2 P1 S2,32,43,2,-9999,1,2,-9999,N/A,-9999,-9999,N/A,-9999
2848,553.237035,553.2370943777433,553.2374015505791,2410672.3,-9999,281696,16.02,-1,-0.5552278910857206,0.4727995235164005,0.7428850341668535,0.5808337277765816,18,1.09375,0.09375,N4 P1 O3,de-protonated,0,-9999,C32 H35 O3 N4 P1,32,35,3,4,1,-9999,-9999,N/A,-9999,-9999,N/A,-9999
2848,553.237035,553.2370943777433,553.237130224419,2410672.3,-9999,281696,16.02,-1,-0.06479441408086083,0.9992385111395587,0,0.5995431066837353,4,1.9090909090909092,0.3636363636363637,N4 S2 O8,de-protonated,0,-9999,C22 H42 O8 N4 S2,22,42,8,4,-9999,2,-9999,N/A,-9999,-9999,N/A,-9999
2849,553.535468,553.5355276143138,553.535390423349,4460418,-9999,153126.4,31.04,-1,0.2478449745982559,0.49445800639882026,0.7033271719038788,0.5780056726008437,5,1.794871794871795,0.02564102564102564,O1,de-protonated,0,-9999,C39 H70 O1,39,70,1,-9999,-9999,-9999,-9999,N/A,-9999,-9999,N/A,-9999
2850,555.093144,555.0932048490969,555.0932850075491,2943949,-9999,314663.5,19.92,-1,-0.1444053717768282,0.49811170796017334,0.7550179348240813,0.6008741987057366,21,0.6666666666666666,0.36666666666666664,O11,de-protonated,0,-9999,C30 H20 O11,30,20,11,-9999,-9999,-9999,-9999,N/A,-9999,-9999,N/A,-9999
2850,555.093144,555.0932048490969,555.0931228162191,2943949,-9999,314663.5,19.92,-1,0.1477821908203047,0.4980225395102773,0.7871578612348809,0.6136766682001187,16,1,0.2,N4 S2 P1 O5,de-protonated,0,-9999,C25 H25 O5 N4 P1 S2,25,25,5,4,1,2,-9999,N/A,-9999,-9999,N/A,-9999
2851,555.094847,555.0949078504468,555.094425713579,3502542.3,-9999,199170.6,24.02,-1,0.8685673022659839,0.43603457805026014,0.6927871148459346,0.5387355927685299,34,0.4146341463414634,0.02439024390243902,P1 O1,de-protonated,0,-9999,C41 H17 O1 P1,41,17,1,-9999,1,-9999,-9999,N/A,-9999,-9999,N/A,-9999
2851,555.094847,555.0949078504468,555.094622418069,3502542.3,-9999,199170.6,24.02,-1,0.51420490545041,0.47657821423049274,0.7489023467070351,0.5855078672211097,26,0.5161290322580645,0.2258064516129032,N4 O7,de-protonated,0,-9999,C31 H16 O7 N4,31,16,7,4,-9999,-9999,-9999,N/A,-9999,-9999,N/A,-9999
2852,555.10681,555.10687085993,555.1070415469891,3971030.5,-9999,211607.6,27.45,-1,-0.3074849466221666,0.49149544444003435,0.7675537279851021,0.6019187578580615,15,1.0357142857142858,0.21428571428571427,S2 P1 O6,de-protonated,0,-9999,C28 H29 O6 P1 S2,28,29,6,-9999,1,2,-9999,N/A,-9999,-9999,N/A,-9999
2852,555.10681,555.10687085993,555.1072382514791,3971030.5,-9999,211607.6,27.45,-1,-0.6618388731613707,0.4617982024499471,0.8370420509349343,0.611895741843942,7,1.5555555555555556,0.6666666666666666,N4 S2 O12,de-protonated,0,-9999,C18 H28 O12 N4 S2,18,28,12,4,-9999,2,-9999,N/A,-9999,-9999,N/A,-9999
2853,555.141839,555.1418998876978,555.142424734739,3778543.5,-9999,299109.2,26.04,-1,-0.9454277277954128,0.42514197331978504,0.7033271719038788,0.5364160527534225,28,0.6153846153846154,0.05128205128205128,S1 O2,de-protonated,0,-9999,C39 H24 O2 S1,39,24,2,-9999,-9999,1,-9999,N/A,-9999,-9999,N/A,-9999
2853,555.141839,555.1418998876978,555.1422863503091,3778543.5,-9999,299109.2,26.04,-1,-0.6961505558736988,0.9158206981670388,0,0.5494924189002234,1,2,0.8333333333333334,S2 O15,de-protonated,0,-9999,C18 H36 O15 S2,18,36,15,-9999,-9999,2,-9999,N/A,-9999,-9999,N/A,-9999
2853,555.141839,555.1418998876978,555.1417732860591,3778543.5,-9999,299109.2,26.04,-1,0.2280528052804377,0.4953037943454712,0.7489023467070351,0.5967432152900969,19,0.9032258064516128,0.12903225806451613,N2 S2 O4,de-protonated,0,-9999,C31 H28 O4 N2 S2,31,28,4,2,-9999,2,-9999,N/A,-9999,-9999,N/A,-9999
2853,555.141839,555.1418998876978,555.141906227789,3778543.5,-9999,299109.2,26.04,-1,-0.01142066763995364,0.4999881668143132,0.8221557383861047,0.6288551954430298,6,1.65,0.6,N2 S1 P1 O12,de-protonated,0,-9999,C20 H33 O12 N2 P1 S1,20,33,12,2,1,1,-9999,N/A,-9999,-9999,N/A,-9999
2853,555.141839,555.1418998876978,555.141393163539,3778543.5,-9999,299109.2,26.04,-1,0.9127839593801996,0.4298471453998344,0.7369636471990462,0.5526937461195192,24,0.7575757575757576,0.0303030303030303,N4 S1 P1 O1,de-protonated,0,-9999,C33 H25 O1 N4 P1 S1,33,25,1,4,1,1,-9999,N/A,-9999,-9999,N/A,-9999
2854,555.143364,555.1434248889067,555.143427056339,3665904.5,-9999,218142.1,25.21,-1,-0.00390427442633673,0.49999861705819826,0.7612342259156646,0.6044928606011848,14,1.137931034482759,0.1724137931034483,S2 P1 O5,de-protonated,0,-9999,C29 H33 O5 P1 S2,29,33,5,-9999,1,2,-9999,N/A,-9999,-9999,N/A,-9999
2854,555.143364,555.1434248889067,555.1438950869891,3665904.5,-9999,218142.1,25.21,-1,-0.8469841541995737,0.4389739396665733,0.7612342259156646,0.5678780541662098,20,0.8620689655172413,0.20689655172413793,N4 P1 O6,de-protonated,0,-9999,C29 H25 O6 N4 P1,29,25,6,4,1,-9999,-9999,N/A,-9999,-9999,N/A,-9999
2854,555.143364,555.1434248889067,555.143623760829,3665904.5,-9999,218142.1,25.21,-1,-0.35823508328594106,0.4884916399328906,0.8295321147073604,0.6249078298426785,6,1.6842105263157894,0.5789473684210527,N4 S2 O11,de-protonated,0,-9999,C19 H32 O11 N4 S2,19,32,11,4,-9999,2,-9999,N/A,-9999,-9999,N/A,-9999
2855,555.157842,555.1579029003834,555.157813817759,1967610.8,-9999,387911.9,12.77,-1,0.16046360547550167,0.9953388530585462,0,0.5972033118351276,19,0.90625,0.21875,P1 O7,de-protonated,0,-9999,C32 H29 O7 P1,32,29,7,-9999,1,-9999,-9999,N/A,-9999,-9999,N/A,-9999
2855,555.157842,555.1579029003834,555.1575424915991,1967610.8,-9999,387911.9,12.77,-1,0.6492009145977977,0.9263772823848212,0,0.5558263694308927,5,1.6363636363636365,0.5454545454545454,S2 O12,de-protonated,0,-9999,C22 H36 O12 S2,22,36,12,-9999,-9999,2,-9999,N/A,-9999,-9999,N/A,-9999
2855,555.157842,555.1579029003834,555.158010522249,1967610.8,-9999,387911.9,12.77,-1,-0.19385807924139947,0.993204181831237,0,0.5959225090987422,11,1.2727272727272727,0.5909090909090909,N4 O13,de-protonated,0,-9999,C22 H28 O13 N4,22,28,13,4,-9999,-9999,-9999,N/A,-9999,-9999,N/A,-9999
2856,555.159035,555.1590959013292,555.158683197629,2078203.5,-9999,300729.3,13.58,-1,0.7433977216602821,0.4522939340747035,0.7369636471990461,0.5661618193244404,18,1,0.06060606060606061,S2 P1 O2,de-protonated,0,-9999,C33 H33 O2 P1 S2,33,33,2,-9999,1,2,-9999,N/A,-9999,-9999,N/A,-9999
2856,555.159035,555.1590959013292,555.15953135079906,2078203.5,-9999,300729.3,13.58,-1,-0.7843681774850931,0.8943721644765559,0,0.5366232986859335,19,0.9032258064516128,0.1935483870967742,N2 S1 O6,de-protonated,0,-9999,C31 H28 O6 N2 S1,31,28,6,2,-9999,1,-9999,N/A,-9999,-9999,N/A,-9999
2856,555.159035,555.1590959013292,555.159151228279,2078203.5,-9999,300729.3,13.58,-1,-0.09965961953246928,0.4990997336697354,0.7369636471990461,0.5942452990814597,24,0.7575757575757576,0.09090909090909093,N4 P1 O3,de-protonated,0,-9999,C33 H25 O3 N4 P1,33,25,3,4,1,-9999,-9999,N/A,-9999,-9999,N/A,-9999
2856,555.159035,555.1590959013292,555.158879902119,2078203.5,-9999,300729.3,13.58,-1,0.3890763852659767,0.9729060282976812,0,0.5837436169786088,10,1.391304347826087,0.34782608695652173,N4 S2 O8,de-protonated,0,-9999,C23 H32 O8 N4 S2,23,32,8,4,-9999,2,-9999,N/A,-9999,-9999,N/A,-9999
2857,555.171914,555.1719749115385,555.171929253019,1934340.6,-9999,198029.2,12.52,-1,0.08224212558195786,0.9987734761193968,0,0.599264085671638,10,1.28,0.56,O14,de-protonated,0,-9999,C25 H32 O14,25,32,14,-9999,-9999,-9999,-9999,N/A,-9999,-9999,N/A,-9999
2857,555.171914,555.1719749115385,555.1724185103691,1934340.6,-9999,198029.2,12.52,-1,-0.799028942636203,0.8906128880464365,0,0.5343677328278619,14,1.1785714285714286,0.21428571428571427,N2 S1 P1 O6,de-protonated,0,-9999,C28 H33 O6 N2 P1 S1,28,33,6,2,1,1,-9999,N/A,-9999,-9999,N/A,-9999
2857,555.171914,555.1719749115385,555.171767061689,1934340.6,-9999,198029.2,12.52,-1,0.3743883638331887,0.9748876416501164,0,0.58493258499007,5,1.85,0.4,N4 S2 P1 O8,de-protonated,0,-9999,C20 H37 O8 N4 P1 S2,20,37,8,4,1,2,-9999,N/A,-9999,-9999,N/A,-9999
2858,555.179525,555.1795859175718,555.179812565689,3483914,-9999,166020.1,23.88,-1,-0.40824272073203727,0.4851060252777593,0.7550179348240813,0.5930707890962881,13,1.2333333333333334,0.13333333333333333,S2 P1 O4,de-protonated,0,-9999,C30 H37 O4 P1 S2,30,37,4,-9999,1,2,-9999,N/A,-9999,-9999,N/A,-9999
2858,555.179525,555.1795859175718,555.1800092701791,3483914,-9999,166020.1,23.88,-1,-0.7625501643258842,0.4499330602759681,0.8221557383861047,0.5988221315200227,5,1.8,0.5,N4 S2 O10,de-protonated,0,-9999,C20 H36 O10 N4 S2,20,36,10,4,-9999,2,-9999,N/A,-9999,-9999,N/A,-9999
2858,555.179525,555.1795859175718,555.1791398903091,3483914,-9999,166020.1,23.88,-1,0.8033934105864846,0.8894834157683956,0,0.5336900494610374,6,1.6842105263157894,0.7894736842105263,N4 O15,de-protonated,0,-9999,C19 H32 O15 N4,19,32,15,4,-9999,-9999,-9999,N/A,-9999,-9999,N/A,-9999
2859,555.216412,555.2164729468125,555.2161980750391,2862116.3,-9999,274776.9,19.32,-1,0.4950716033724303,0.4782510341658439,0.7489023467070351,0.5865115591823205,12,1.3225806451612905,0.0967741935483871,S2 P1 O3,de-protonated,0,-9999,C31 H41 O3 P1 S2,31,41,3,-9999,1,2,-9999,N/A,-9999,-9999,N/A,-9999
2859,555.216412,555.2164729468125,555.216666105689,2862116.3,-9999,274776.9,19.32,-1,-0.34789819600013283,0.4891390434482561,0.7489023467070351,0.5930443647517678,18,1.064516129032258,0.12903225806451613,N4 P1 O4,de-protonated,0,-9999,C31 H33 O4 N4 P1,31,33,4,4,1,-9999,-9999,N/A,-9999,-9999,N/A,-9999
2859,555.216412,555.2164729468125,555.2163947795291,2862116.3,-9999,274776.9,19.32,-1,0.14078705911049175,0.9964099659491475,0,0.5978459795694885,4,1.9047619047619049,0.42857142857142855,N4 S2 O9,de-protonated,0,-9999,C21 H40 O9 N4 S2,21,40,9,4,-9999,2,-9999,N/A,-9999,-9999,N/A,-9999
2860,556.128793,556.1288546700647,556.129293114019,2464938.8,-9999,304790.1,16.41,-1,-0.788384930848639,0.8933475536664024,0,0.5360085321998415,1,2.1176470588235294,0.7647058823529411,N1 S2 P1 O13,de-protonated,0,-9999,C17 H36 O13 N1 P1 S2,17,36,13,1,1,2,-9999,N/A,-9999,-9999,N/A,-9999
2860,556.128793,556.1288546700647,556.128780049769,2464938.8,-9999,304790.1,16.41,-1,0.13417808669554915,0.49836928581983225,0.7550179348240812,0.6010287454215318,19,0.9333333333333332,0.06666666666666667,N3 S2 P1 O2,de-protonated,0,-9999,C30 H28 O2 N3 P1 S2,30,28,2,3,1,2,-9999,N/A,-9999,-9999,N/A,-9999
2861,556.131229,556.1312906719957,556.131662095739,2651820.5,-9999,162453.1,17.78,-1,-0.6678701621334636,0.922253371337176,0,0.5533520228023056,10,1.2916666666666667,0.4166666666666667,N1 S2 O10,de-protonated,0,-9999,C24 H31 O10 N1 S2,24,31,10,1,-9999,2,-9999,N/A,-9999,-9999,N/A,-9999
2861,556.131229,556.1312906719957,556.130792715869,2651820.5,-9999,162453.1,17.78,-1,0.895393913038264,0.8646133187339058,0,0.5187679912403435,11,1.173913043478261,0.6521739130434783,N1 O15,de-protonated,0,-9999,C23 H27 O15 N1,23,27,15,1,-9999,-9999,-9999,N/A,-9999,-9999,N/A,-9999
2861,556.131229,556.1312906719957,556.1312819732191,2651820.5,-9999,162453.1,17.78,-1,0.01564158835255755,0.49997780393964303,0.7805128205128199,0.6121918105689137,15,1.0769230769230769,0.2692307692307692,N3 S1 P1 O7,de-protonated,0,-9999,C26 H28 O7 N3 P1 S1,26,28,7,3,1,1,-9999,N/A,-9999,-9999,N/A,-9999
2862,557.091451,557.0915134331719,557.091177007269,2757719.5,-9999,269442.8,17.6,-1,0.6038973812304571,0.46798451397606883,0.7550179348240813,0.5827978823152737,20,0.7333333333333333,0.3,S1 O9,de-protonated,0,-9999,C30 H22 O9 S1,30,22,9,-9999,-9999,1,-9999,N/A,-9999,-9999,N/A,-9999
2862,557.091451,557.0915134331719,557.0913099489991,2757719.5,-9999,269442.8,17.6,-1,0.3652617968066029,0.976082477376086,0,0.5856494864256516,7,1.4210526315789471,0.8947368421052632,P1 O17,de-protonated,0,-9999,C19 H27 O17 P1,19,27,17,-9999,1,-9999,-9999,N/A,-9999,-9999,N/A,-9999
2862,557.091451,557.0915134331719,557.0916662646189,2757719.5,-9999,269442.8,17.6,-1,-0.2743380599541707,0.4932183721451375,0.7369636471990461,0.5907164821667009,24,0.696969696969697,0.0303030303030303,N2 S2 P1 O1,de-protonated,0,-9999,C33 H23 O1 N2 P1 S2,33,23,1,2,1,2,-9999,N/A,-9999,-9999,N/A,-9999
2863,557.092709,557.0927714341692,557.093165866469,3070808.3,-9999,257709.5,19.78,-1,-0.7080185576967948,0.45652781812038074,0.7033271719038788,0.55524755963378,34,0.358974358974359,0.07692307692307693,N2 O3,de-protonated,0,-9999,C39 H14 O3 N2,39,14,3,2,-9999,-9999,-9999,N/A,-9999,-9999,N/A,-9999
2863,557.092709,557.0927714341692,557.093027482039,3070808.3,-9999,257709.5,19.78,-1,-0.4596142065693637,0.9623951368763508,0,0.5774370821258106,7,1.4444444444444444,0.8888888888888888,N2 S1 O16,de-protonated,0,-9999,C18 H26 O16 N2 S1,18,26,16,2,-9999,1,-9999,N/A,-9999,-9999,N/A,-9999
2863,557.092709,557.0927714341692,557.0925144177891,3070808.3,-9999,257709.5,19.78,-1,0.4613531388321184,0.48105775753220387,0.7489023467070351,0.5881955932021363,25,0.5806451612903226,0.16129032258064516,N4 S1 O5,de-protonated,0,-9999,C31 H18 O5 N4 S1,31,18,5,4,-9999,1,-9999,N/A,-9999,-9999,N/A,-9999
2863,557.092709,557.0927714341692,557.092647359519,3070808.3,-9999,257709.5,19.78,-1,0.2227181615200395,0.9910399149248676,0,0.5946239489549205,12,1.15,0.65,N4 P1 O13,de-protonated,0,-9999,C20 H23 O13 N4 P1,20,23,13,4,1,-9999,-9999,N/A,-9999,-9999,N/A,-9999
2864,557.099715,557.0997774397229,557.099908473109,1970013.4,-9999,302464.5,12.13,-1,-0.23520626049950655,0.9900121120856098,0,0.5940072672513659,24,0.6666666666666666,0.09090909090909093,N2 S2 O3,de-protonated,0,-9999,C33 H22 O3 N2 S2,33,22,3,2,-9999,2,-9999,N/A,-9999,-9999,N/A,-9999
2864,557.099715,557.0997774397229,557.100041414839,1970013.4,-9999,302464.5,12.13,-1,-0.4738379043312462,0.9600794023171798,0,0.5760476413903078,11,1.2272727272727273,0.5,N2 S1 P1 O11,de-protonated,0,-9999,C22 H27 O11 N2 P1 S1,22,27,11,2,1,1,-9999,N/A,-9999,-9999,N/A,-9999
2864,557.099715,557.0997774397229,557.099389966159,1970013.4,-9999,302464.5,12.13,-1,0.6955196340148966,0.915966616808508,0,0.5495799700851048,2,2.2142857142857144,0.9285714285714286,N4 S2 P1 O13,de-protonated,0,-9999,C14 H31 O13 N4 P1 S2,14,31,13,4,1,2,-9999,N/A,-9999,-9999,N/A,-9999
2865,557.101243,557.1013054409341,557.101562243389,2143582.5,-9999,257705.7,13.33,-1,-0.4609616492686649,0.9621785519334508,0,0.5773071311600705,19,0.8709677419354839,0.12903225806451613,S2 P1 O4,de-protonated,0,-9999,C31 H27 O4 P1 S2,31,27,4,-9999,1,2,-9999,N/A,-9999,-9999,N/A,-9999
2865,557.101243,557.1013054409341,557.101758947879,2143582.5,-9999,257705.7,13.33,-1,-0.8140468732440423,0.8867066965238611,0,0.5320240179143166,11,1.238095238095238,0.47619047619047616,N4 S2 O10,de-protonated,0,-9999,C21 H26 O10 N4 S2,21,26,10,4,-9999,2,-9999,N/A,-9999,-9999,N/A,-9999
2865,557.101243,557.1013054409341,557.100889568009,2143582.5,-9999,257705.7,13.33,-1,0.7464948141701394,0.9038308053394788,0,0.5422984832036872,12,1.1,0.75,N4 O15,de-protonated,0,-9999,C20 H22 O15 N4,20,22,15,4,-9999,-9999,-9999,N/A,-9999,-9999,N/A,-9999
2866,557.120969,557.121031456571,557.121550905419,2258284.5,-9999,319862.8,14.13,-1,-0.9323797421284497,0.8540725408271898,0,0.5124435244963138,1,2,0.9411764705882352,S2 O16,de-protonated,0,-9999,C17 H34 O16 S2,17,34,16,-9999,-9999,2,-9999,N/A,-9999,-9999,N/A,-9999
2866,557.120969,557.121031456571,557.121037841169,2258284.5,-9999,319862.8,14.13,-1,-0.01145998369426209,0.9999761704054504,0,0.5999857022432702,19,0.8666666666666667,0.16666666666666666,N2 S2 O5,de-protonated,0,-9999,C30 H26 O5 N2 S2,30,26,5,2,-9999,2,-9999,N/A,-9999,-9999,N/A,-9999
2866,557.120969,557.121031456571,557.1211707828991,2258284.5,-9999,319862.8,14.13,-1,-0.2500826307813217,0.9887161053841472,0,0.5932296632304882,6,1.631578947368421,0.6842105263157895,N2 S1 P1 O13,de-protonated,0,-9999,C19 H31 O13 N2 P1 S1,19,31,13,2,1,1,-9999,N/A,-9999,-9999,N/A,-9999
2866,557.120969,557.121031456571,557.120657718649,2258284.5,-9999,319862.8,14.13,-1,0.6708383845408884,0.46079433236096035,0.7428850341668535,0.5736306130833175,24,0.71875,0.0625,N4 S1 P1 O2,de-protonated,0,-9999,C32 H23 O2 N4 P1 S1,32,23,2,4,1,1,-9999,N/A,-9999,-9999,N/A,-9999
2867,557.122955,557.1230174581455,557.122691611449,2840942,-9999,232378.3,18.18,-1,0.5848742141749889,0.4699087479590996,0.7675537279851021,0.5889667399695007,14,1.1071428571428572,0.21428571428571427,S2 P1 O6,de-protonated,0,-9999,C28 H31 O6 P1 S2,28,31,6,-9999,1,2,-9999,N/A,-9999,-9999,N/A,-9999
2867,557.122955,557.1230174581455,557.1235397646191,2840942,-9999,232378.3,18.18,-1,-0.9375056631667628,0.4262942294249135,0.7805128205128199,0.567981665860076,15,1,0.38461538461538464,N2 S1 O10,de-protonated,0,-9999,C26 H26 O10 N2 S1,26,26,10,2,-9999,1,-9999,N/A,-9999,-9999,N/A,-9999
2867,557.122955,557.1230174581455,557.123159642099,2840942,-9999,232378.3,18.18,-1,-0.2552109908273387,0.4941256636380188,0.7675537279851021,0.6034968893768522,20,0.8214285714285714,0.25,N4 P1 O7,de-protonated,0,-9999,C28 H23 O7 N4 P1,28,23,7,4,1,-9999,-9999,N/A,-9999,-9999,N/A,-9999
2867,557.122955,557.1230174581455,557.122888315939,2840942,-9999,232378.3,18.18,-1,0.2318020120071801,0.9902977414184292,0,0.5941786448510575,6,1.6666666666666667,0.6666666666666666,N4 S2 O12,de-protonated,0,-9999,C18 H30 O12 N4 S2,18,30,12,4,-9999,2,-9999,N/A,-9999,-9999,N/A,-9999
2868,557.159756,557.1598184873179,557.1599252739691,2276104.3,-9999,165359.1,14.25,-1,-0.19166247660816688,0.9933567370263257,0,0.5960140422157953,14,1.1111111111111112,0.3333333333333333,N2 S1 O9,de-protonated,0,-9999,C27 H30 O9 N2 S1,27,30,9,2,-9999,1,-9999,N/A,-9999,-9999,N/A,-9999
2868,557.159756,557.1598184873179,557.159545151449,2276104.3,-9999,165359.1,14.25,-1,0.490588147078404,0.957269348257663,0,0.5743616089545978,19,0.9310344827586208,0.20689655172413793,N4 P1 O6,de-protonated,0,-9999,C29 H27 O6 N4 P1,29,27,6,4,1,-9999,-9999,N/A,-9999,-9999,N/A,-9999
2868,557.159756,557.1598184873179,557.159273825289,2276104.3,-9999,165359.1,14.25,-1,0.9775697085241226,0.8408011576612375,0,0.5044806945967425,5,1.7894736842105263,0.5789473684210527,N4 S2 O11,de-protonated,0,-9999,C19 H34 O11 N4 S2,19,34,11,4,-9999,2,-9999,N/A,-9999,-9999,N/A,-9999
2869,557.174654,557.1747164991277,557.174333262089,2114194.8,-9999,237516.4,13.13,-1,0.6878224925773708,0.4588689992367416,0.7369636471990462,0.5701068584216634,17,1.0606060606060606,0.06060606060606061,S2 P1 O2,de-protonated,0,-9999,C33 H35 O2 P1 S2,33,35,2,-9999,1,2,-9999,N/A,-9999,-9999,N/A,-9999
2869,557.174654,557.1747164991277,557.1751814152591,2114194.8,-9999,237516.4,13.13,-1,-0.8344164400552877,0.881320619754319,0,0.5287923718525913,18,0.967741935483871,0.1935483870967742,N2 S1 O6,de-protonated,0,-9999,C31 H30 O6 N2 S1,31,30,6,2,-9999,1,-9999,N/A,-9999,-9999,N/A,-9999
2869,557.174654,557.1747164991277,557.1748012927391,2114194.8,-9999,237516.4,13.13,-1,-0.1521849357494602,0.4979032099665251,0.7369636471990462,0.5935273848595335,23,0.8181818181818182,0.09090909090909093,N4 P1 O3,de-protonated,0,-9999,C33 H27 O3 N4 P1,33,27,3,4,1,-9999,-9999,N/A,-9999,-9999,N/A,-9999
2869,557.174654,557.1747164991277,557.174529966579,2114194.8,-9999,237516.4,13.13,-1,0.3347829785170525,0.979868692116352,0,0.5879212152698111,9,1.4782608695652173,0.34782608695652173,N4 S2 O8,de-protonated,0,-9999,C23 H34 O8 N4 S2,23,34,8,4,-9999,2,-9999,N/A,-9999,-9999,N/A,-9999
2870,557.187583,557.1876455093766,557.187579317479,2768796,-9999,205005.9,17.68,-1,0.11879643407015512,0.49872128220509776,0.787157861234881,0.614095913817011,9,1.36,0.56,O14,de-protonated,0,-9999,C25 H34 O14,25,34,14,-9999,-9999,-9999,-9999,N/A,-9999,-9999,N/A,-9999
2870,557.187583,557.1876455093766,557.1880685748291,2768796,-9999,205005.9,17.68,-1,-0.7592866330022884,0.4503387119782199,0.7675537279851021,0.5772247183809728,13,1.25,0.21428571428571427,N2 S1 P1 O6,de-protonated,0,-9999,C28 H35 O6 N2 P1 S1,28,35,6,2,1,1,-9999,N/A,-9999,-9999,N/A,-9999
2870,557.187583,557.1876455093766,557.1874171261491,2768796,-9999,205005.9,17.68,-1,0.40988583105564425,0.9699754281846256,0,0.5819852569107753,4,1.95,0.4,N4 S2 P1 O8,de-protonated,0,-9999,C20 H39 O8 N4 P1 S2,20,39,8,4,1,2,-9999,N/A,-9999,-9999,N/A,-9999
2871,557.211447,557.2115095282938,557.211566924609,1981357,-9999,315685.5,12.2,-1,-0.10300632387268788,0.9980766265611092,0,0.5988459759366654,17,1.0625,0.15625,N2 S1 O5,de-protonated,0,-9999,C32 H34 O5 N2 S1,32,34,5,2,-9999,1,-9999,N/A,-9999,-9999,N/A,-9999
2871,557.211447,557.2115095282938,557.211699866339,1981357,-9999,315685.5,12.2,-1,-0.34159018056847823,0.979050424586145,0,0.587430254751687,4,1.8571428571428572,0.6190476190476191,N2 P1 O13,de-protonated,0,-9999,C21 H39 O13 N2 P1,21,39,13,2,1,-9999,-9999,N/A,-9999,-9999,N/A,-9999
2871,557.211447,557.2115095282938,557.2111868020891,1981357,-9999,315685.5,12.2,-1,0.5791811299374022,0.9409482801206036,0,0.5645689680723621,22,0.9117647058823528,0.0588235294117647,N4 P1 O2,de-protonated,0,-9999,C34 H31 O2 N4 P1,34,31,2,4,1,-9999,-9999,N/A,-9999,-9999,N/A,-9999
2872,559.079433,559.0794970090623,559.079824476899,2125541.3,-9999,255972.2,13.2,-1,-0.5857264426868573,0.4698236943249407,0.6980173569463055,0.5611011593734866,33,0.4,0.05,S1 O2,de-protonated,0,-9999,C40 H16 O2 S1,40,16,2,-9999,-9999,1,-9999,N/A,-9999,-9999,N/A,-9999
2872,559.079433,559.0794970090623,559.0799574186291,2125541.3,-9999,255972.2,13.2,-1,-0.8235129174342185,0.8842161830900772,0,0.5305297098540463,20,0.7241379310344828,0.3448275862068966,P1 O10,de-protonated,0,-9999,C29 H21 O10 P1,29,21,10,-9999,1,-9999,-9999,N/A,-9999,-9999,N/A,-9999
2872,559.079433,559.0794970090623,559.079686092469,2125541.3,-9999,255972.2,13.2,-1,-0.33820475235356084,0.9794593471749168,0,0.58767560830495,6,1.4736842105263157,0.7894736842105263,S2 O15,de-protonated,0,-9999,C19 H28 O15 S2,19,28,15,-9999,-9999,2,-9999,N/A,-9999,-9999,N/A,-9999
2872,559.079433,559.0794970090623,559.0791730282191,2125541.3,-9999,255972.2,13.2,-1,0.5794900951548119,0.940887161254578,0,0.5645322967527467,24,0.625,0.125,N2 S2 O4,de-protonated,0,-9999,C32 H20 O4 N2 S2,32,20,4,2,-9999,2,-9999,N/A,-9999,-9999,N/A,-9999
2872,559.079433,559.0794970090623,559.0793059699491,2125541.3,-9999,255972.2,13.2,-1,0.3417030662614034,0.979036722020831,0,0.5874220332124986,11,1.1904761904761905,0.5714285714285714,N2 S1 P1 O12,de-protonated,0,-9999,C21 H25 O12 N2 P1 S1,21,25,12,2,1,1,-9999,N/A,-9999,-9999,N/A,-9999
2873,559.081187,559.0812510104527,559.0808267984991,2210278.5,-9999,220022,13.79,-1,0.7587667708610202,0.9008064060557892,0,0.5404838436334735,19,0.8333333333333334,0.16666666666666666,S2 P1 O5,de-protonated,0,-9999,C30 H25 O5 P1 S2,30,25,5,-9999,1,2,-9999,N/A,-9999,-9999,N/A,-9999
2873,559.081187,559.0812510104527,559.081674951669,2210278.5,-9999,220022,13.79,-1,-0.7582813662975084,0.9009267758520276,0,0.5405560655112166,20,0.7142857142857143,0.32142857142857145,N2 S1 O9,de-protonated,0,-9999,C28 H20 O9 N2 S1,28,20,9,2,-9999,1,-9999,N/A,-9999,-9999,N/A,-9999
2873,559.081187,559.0812510104527,559.081294829149,2210278.5,-9999,220022,13.79,-1,-0.0783762517755417,0.998886011271362,0,0.5993316067628172,25,0.5666666666666667,0.2,N4 P1 O6,de-protonated,0,-9999,C30 H17 O6 N4 P1,30,17,6,4,1,-9999,-9999,N/A,-9999,-9999,N/A,-9999
2873,559.081187,559.0812510104527,559.0810235029891,2210278.5,-9999,220022,13.79,-1,0.4069311137879739,0.9704002925688222,0,0.5822401755412933,11,1.2,0.55,N4 S2 O11,de-protonated,0,-9999,C20 H24 O11 N4 S2,20,24,11,4,-9999,2,-9999,N/A,-9999,-9999,N/A,-9999
2874,559.116082,559.1161460381143,559.1162099862489,2320127.5,-9999,171770.3,14.55,-1,-0.11437360160612134,0.49881461313468456,0.6927871148459346,0.5764036138191846,32,0.4878048780487805,0.02439024390243902,S1 O1,de-protonated,0,-9999,C41 H20 O1 S1,41,20,1,-9999,-9999,1,-9999,N/A,-9999,-9999,N/A,-9999
2874,559.116082,559.1161460381143,559.1163429279791,2320127.5,-9999,171770.3,14.55,-1,-0.352144714245113,0.4888752726643532,0.7550179348240812,0.5953323375282444,19,0.8333333333333334,0.3,P1 O9,de-protonated,0,-9999,C30 H25 O9 P1,30,25,9,-9999,1,-9999,-9999,N/A,-9999,-9999,N/A,-9999
2874,559.116082,559.1161460381143,559.116071601819,2320127.5,-9999,171770.3,14.55,-1,0.13313209725594988,0.9967891411693416,0,0.5980734847016048,5,1.6,0.7,S2 O14,de-protonated,0,-9999,C20 H32 O14 S2,20,32,14,-9999,-9999,2,-9999,N/A,-9999,-9999,N/A,-9999
2874,559.116082,559.1161460381143,559.115691479299,2320127.5,-9999,171770.3,14.55,-1,0.8129959902340063,0.8869818370431254,0,0.5321891022258752,10,1.318181818181818,0.5,N2 S1 P1 O11,de-protonated,0,-9999,C22 H29 O11 N2 P1 S1,22,29,11,2,1,1,-9999,N/A,-9999,-9999,N/A,-9999
2874,559.116082,559.1161460381143,559.116539632469,2320127.5,-9999,171770.3,14.55,-1,-0.703957631021969,0.9140060868062162,0,0.5484036520837297,11,1.2,0.75,N4 O15,de-protonated,0,-9999,C20 H24 O15 N4,20,24,15,4,-9999,-9999,-9999,N/A,-9999,-9999,N/A,-9999
2875,559.117581,559.1176450393025,559.1172123078491,2664192.5,-9999,210518.6,16.94,-1,0.773954805725258,0.4485047351246744,0.7489023467070351,0.5686637797576186,18,0.935483870967742,0.12903225806451613,S2 P1 O4,de-protonated,0,-9999,C31 H29 O4 P1 S2,31,29,4,-9999,1,2,-9999,N/A,-9999,-9999,N/A,-9999
2875,559.117581,559.1176450393025,559.118060461019,2664192.5,-9999,210518.6,16.94,-1,-0.7429946301190016,0.4523431080530574,0.7612342259156646,0.5758995551981003,19,0.8275862068965517,0.27586206896551724,N2 S1 O8,de-protonated,0,-9999,C29 H24 O8 N2 S1,29,24,8,2,-9999,1,-9999,N/A,-9999,-9999,N/A,-9999
2875,559.117581,559.1176450393025,559.118193402749,2664192.5,-9999,210518.6,16.94,-1,-0.9807648059492976,0.8398471066402114,0,0.5039082639841268,6,1.6111111111111112,0.8888888888888888,N2 P1 O16,de-protonated,0,-9999,C18 H29 O16 N2 P1,18,29,16,2,1,-9999,-9999,N/A,-9999,-9999,N/A,-9999
2875,559.117581,559.1176450393025,559.1176803384991,2664192.5,-9999,210518.6,16.94,-1,-0.0631337513592464,0.49963851524572006,0.7489023467070351,0.5993440478302461,24,0.6774193548387096,0.16129032258064516,N4 P1 O5,de-protonated,0,-9999,C31 H21 O5 N4 P1,31,21,5,4,1,-9999,-9999,N/A,-9999,-9999,N/A,-9999
2875,559.117581,559.1176450393025,559.1174090123391,2664192.5,-9999,210518.6,16.94,-1,0.4221420396082598,0.9681823185394652,0,0.5809093911236791,10,1.3333333333333333,0.47619047619047616,N4 S2 O10,de-protonated,0,-9999,C21 H28 O10 N4 S2,21,28,10,4,-9999,2,-9999,N/A,-9999,-9999,N/A,-9999
2876,559.154061,559.1541250682205,559.1535978171989,3014426.8,-9999,227765.6,19.38,-1,0.9429448789256242,0.42550380828842127,0.7428850341668535,0.5524562986397941,17,1.03125,0.09375,S2 P1 O3,de-protonated,0,-9999,C32 H33 O3 P1 S2,32,33,3,-9999,1,2,-9999,N/A,-9999,-9999,N/A,-9999
2876,559.154061,559.1541250682205,559.154445970369,3014426.8,-9999,227765.6,19.38,-1,-0.5739061019476969,0.4709936767211603,0.7550179348240812,0.5846033799623287,18,0.9333333333333332,0.23333333333333336,N2 S1 O7,de-protonated,0,-9999,C30 H28 O7 N2 S1,30,28,7,2,-9999,1,-9999,N/A,-9999,-9999,N/A,-9999
2876,559.154061,559.1541250682205,559.154578912099,3014426.8,-9999,227765.6,19.38,-1,-0.8116608459159047,0.8873310126357596,0,0.5323986075814557,5,1.736842105263158,0.7894736842105263,N2 P1 O15,de-protonated,0,-9999,C19 H33 O15 N2 P1,19,33,15,2,1,-9999,-9999,N/A,-9999,-9999,N/A,-9999
2876,559.154061,559.1541250682205,559.1540658478491,3014426.8,-9999,227765.6,19.38,-1,0.10591065156731748,0.498983373976106,0.7428850341668535,0.596544038052405,23,0.78125,0.125,N4 P1 O4,de-protonated,0,-9999,C32 H25 O4 N4 P1,32,25,4,4,1,-9999,-9999,N/A,-9999,-9999,N/A,-9999
2876,559.154061,559.1541250682205,559.1537945216891,3014426.8,-9999,227765.6,19.38,-1,0.5911549464762554,0.938558759692587,0,0.5631352558155521,9,1.4545454545454546,0.4090909090909091,N4 S2 O9,de-protonated,0,-9999,C22 H32 O9 N4 S2,22,32,9,4,-9999,2,-9999,N/A,-9999,-9999,N/A,-9999
2877,559.190045,559.1901090967455,559.1899833265489,2594612.8,-9999,235297.6,16.46,-1,0.22491496677126543,0.49543154977871423,0.7369636471990462,0.592044388746847,16,1.121212121212121,0.06060606060606061,S2 P1 O2,de-protonated,0,-9999,C33 H37 O2 P1 S2,33,37,2,-9999,1,2,-9999,N/A,-9999,-9999,N/A,-9999
2877,559.190045,559.1901090967455,559.190451357199,2594612.8,-9999,235297.6,16.46,-1,-0.6120641951074279,0.46714202038623687,0.7369636471990462,0.5750706711113607,22,0.8787878787878788,0.09090909090909093,N4 P1 O3,de-protonated,0,-9999,C33 H29 O3 N4 P1,33,29,3,4,1,-9999,-9999,N/A,-9999,-9999,N/A,-9999
2877,559.190045,559.1901090967455,559.1901800310391,2594612.8,-9999,235297.6,16.46,-1,-0.12685182275455725,0.9970844976980828,0,0.5982506986188497,8,1.565217391304348,0.34782608695652173,N4 S2 O8,de-protonated,0,-9999,C23 H36 O8 N4 S2,23,36,8,4,-9999,2,-9999,N/A,-9999,-9999,N/A,-9999
2878,559.193922,559.1939860998187,559.194474109199,2734391.5,-9999,295408.9,17.43,-1,-0.8727006485233422,0.43546551733573285,0.7087183895694522,0.5447666662292205,26,0.7631578947368421,0.02631578947368421,N2 P1 O1,de-protonated,0,-9999,C38 H29 O1 N2 P1,38,29,1,2,1,-9999,-9999,N/A,-9999,-9999,N/A,-9999
2878,559.193922,559.1939860998187,559.194202783039,2734391.5,-9999,295408.9,17.43,-1,-0.3874918931724349,0.4865616349326519,0.7675537279851021,0.5989584721536321,12,1.2857142857142858,0.21428571428571427,N2 S2 O6,de-protonated,0,-9999,C28 H36 O6 N2 S2,28,36,6,2,-9999,2,-9999,N/A,-9999,-9999,N/A,-9999
2878,559.193922,559.1939860998187,559.193822660519,2734391.5,-9999,295408.9,17.43,-1,0.2922766545643656,0.49230957089440675,0.7550179348240812,0.5973929164662766,17,1.1,0.1,N4 S1 P1 O3,de-protonated,0,-9999,C30 H33 O3 N4 P1 S1,30,33,3,4,1,1,-9999,N/A,-9999,-9999,N/A,-9999
2879,559.195554,559.1956181011124,559.195856553319,2616632.5,-9999,385110.8,16.61,-1,-0.4264198381488593,0.967544830849274,0,0.5805268985095644,7,1.5769230769230769,0.2692307692307692,S2 P1 O7,de-protonated,0,-9999,C26 H41 O7 P1 S2,26,41,7,-9999,1,2,-9999,N/A,-9999,-9999,N/A,-9999
2880,559.196754,559.1968181020637,559.197356155169,2813753.5,-9999,263392.5,17.98,-1,-0.962188213812961,0.4226827032822084,0.7428850341668535,0.5507636356360663,17,1,0.28125,O9,de-protonated,0,-9999,C32 H32 O9,32,32,9,-9999,-9999,-9999,-9999,N/A,-9999,-9999,N/A,-9999
2880,559.196754,559.1968181020637,559.1967047064891,2813753.5,-9999,263392.5,17.98,-1,0.20278298084336804,0.9925664266393204,0,0.5955398559835922,8,1.5,0.4583333333333333,N2 S1 O11,de-protonated,0,-9999,C24 H36 O11 N2 S1,24,36,11,2,-9999,1,-9999,N/A,-9999,-9999,N/A,-9999
2880,559.196754,559.1968181020637,559.1971939638389,2813753.5,-9999,263392.5,17.98,-1,-0.6721453169650377,0.46064760345571576,0.7739790330151772,0.5859801752795004,12,1.3703703703703705,0.1111111111111111,N4 S2 P1 O3,de-protonated,0,-9999,C27 H37 O3 N4 P1 S2,27,37,3,4,1,2,-9999,N/A,-9999,-9999,N/A,-9999
2880,559.196754,559.1968181020637,559.196324583969,2813753.5,-9999,263392.5,17.98,-1,0.8825488884481921,0.4341018005918773,0.7805128205128199,0.5726662085602543,13,1.2692307692307692,0.3076923076923077,N4 P1 O8,de-protonated,0,-9999,C26 H33 O8 N4 P1,26,33,8,4,1,-9999,-9999,N/A,-9999,-9999,N/A,-9999
2881,559.22684,559.226904125913,559.2263688358989,2232143,-9999,168680.5,13.94,-1,0.9571973782774544,0.4234180315889239,0.7311359101322861,0.5465051830062687,15,1.2058823529411764,0.02941176470588235,S2 P1 O1,de-protonated,0,-9999,C34 H41 O1 P1 S2,34,41,1,-9999,1,2,-9999,N/A,-9999,-9999,N/A,-9999
2881,559.22684,559.226904125913,559.227216989069,2232143,-9999,168680.5,13.94,-1,-0.5594562397003588,0.4723953500786189,0.7428850341668535,0.5805912237139127,16,1.125,0.15625,N2 S1 O5,de-protonated,0,-9999,C32 H36 O5 N2 S1,32,36,5,2,-9999,1,-9999,N/A,-9999,-9999,N/A,-9999
2881,559.22684,559.226904125913,559.227349930799,2232143,-9999,168680.5,13.94,-1,-0.7971800486044434,0.8910899347109358,0,0.5346539608265615,3,1.9523809523809523,0.6190476190476191,N2 P1 O13,de-protonated,0,-9999,C21 H41 O13 N2 P1,21,41,13,2,1,-9999,-9999,N/A,-9999,-9999,N/A,-9999
2881,559.22684,559.226904125913,559.226836866549,2232143,-9999,168680.5,13.94,-1,0.1202720607075856,0.498689359722156,0.731135910132286,0.591667979886208,21,0.9705882352941176,0.0588235294117647,N4 P1 O2,de-protonated,0,-9999,C34 H33 O2 N4 P1,34,33,2,4,1,-9999,-9999,N/A,-9999,-9999,N/A,-9999
2881,559.22684,559.226904125913,559.2265655403891,2232143,-9999,168680.5,13.94,-1,0.6054532185252346,0.9356495377273112,0,0.5613897226363868,7,1.6666666666666667,0.2916666666666667,N4 S2 O7,de-protonated,0,-9999,C24 H40 O7 N4 S2,24,40,7,4,-9999,2,-9999,N/A,-9999,-9999,N/A,-9999
2882,561.059964,561.0600295790462,561.060091353609,2061944.6,-9999,253696,12.74,-1,-0.11010329156412749,0.9978027631603106,0,0.5986816578961863,19,0.7931034482758621,0.20689655172413793,S2 P1 O6,de-protonated,0,-9999,C29 H23 O6 P1 S2,29,23,6,-9999,1,2,-9999,N/A,-9999,-9999,N/A,-9999
2882,561.059964,561.0600295790462,561.060559384259,2061944.6,-9999,253696,12.74,-1,-0.9442923834196444,0.8506150224440195,0,0.5103690134664117,25,0.5172413793103449,0.2413793103448276,N4 P1 O7,de-protonated,0,-9999,C29 H15 O7 N4 P1,29,15,7,4,1,-9999,-9999,N/A,-9999,-9999,N/A,-9999
2882,561.059964,561.0600295790462,561.060288058099,2061944.6,-9999,253696,12.74,-1,-0.46069746573286446,0.962221062330826,0,0.5773326373984955,11,1.1578947368421053,0.631578947368421,N4 S2 O12,de-protonated,0,-9999,C19 H22 O12 N4 S2,19,22,12,4,-9999,2,-9999,N/A,-9999,-9999,N/A,-9999
2883,561.09461,561.09467560651035,561.0948230926791,2545809.5,-9999,317187.5,16.11,-1,-0.2628542675874539,0.4937707691240361,0.7428850341668535,0.593416475141163,23,0.6875,0.125,N2 S2 O4,de-protonated,0,-9999,C32 H22 O4 N2 S2,32,22,4,2,-9999,2,-9999,N/A,-9999,-9999,N/A,-9999
2883,561.09461,561.09467560651035,561.094956034409,2545809.5,-9999,317187.5,16.11,-1,-0.499786882212182,0.9556882572271206,0,0.5734129543362724,10,1.2857142857142858,0.5714285714285714,N2 S1 P1 O12,de-protonated,0,-9999,C21 H27 O12 N2 P1 S1,21,27,12,2,1,1,-9999,N/A,-9999,-9999,N/A,-9999
2883,561.09461,561.09467560651035,561.0944429701589,2545809.5,-9999,317187.5,16.11,-1,0.4146117545782463,0.4846449406822036,0.7311359101322861,0.5832413284622366,28,0.5588235294117647,0.02941176470588235,N4 S1 P1 O1,de-protonated,0,-9999,C34 H19 O1 N4 P1 S1,34,19,1,4,1,1,-9999,N/A,-9999,-9999,N/A,-9999
2884,561.096479,561.096544607992,561.0964768629591,3054227,-9999,167552.2,19.65,-1,0.12073687088214465,0.49867922321619873,0.7550179348240812,0.6012147078593517,18,0.9,0.16666666666666666,S2 P1 O5,de-protonated,0,-9999,C30 H27 O5 P1 S2,30,27,5,-9999,1,2,-9999,N/A,-9999,-9999,N/A,-9999
2884,561.096479,561.096544607992,561.096944893609,3054227,-9999,167552.2,19.65,-1,-0.7133983185796913,0.4558948173276611,0.7550179348240812,0.5755440643262291,24,0.6333333333333333,0.2,N4 P1 O6,de-protonated,0,-9999,C30 H19 O6 N4 P1,30,19,6,4,1,-9999,-9999,N/A,-9999,-9999,N/A,-9999
2884,561.096479,561.096544607992,561.0966735674491,3054227,-9999,167552.2,19.65,-1,-0.2298346491863193,0.9904609489336296,0,0.5942765693601778,10,1.3,0.55,N4 S2 O11,de-protonated,0,-9999,C20 H26 O11 N4 S2,20,26,11,4,-9999,2,-9999,N/A,-9999,-9999,N/A,-9999
2885,561.130984,561.1310496353443,561.131208602029,2888876,-9999,308352.6,18.5,-1,-0.28329681589087075,0.4927714890924194,0.7369636471990461,0.5904483523350701,22,0.7878787878787878,0.09090909090909093,N2 S2 O3,de-protonated,0,-9999,C33 H26 O3 N2 S2,33,26,3,2,-9999,2,-9999,N/A,-9999,-9999,N/A,-9999
2885,561.130984,561.1310496353443,561.131341543759,2888876,-9999,308352.6,18.5,-1,-0.520214062424018,0.9520819860556092,0,0.5712491916333656,9,1.4090909090909092,0.5,N2 S1 P1 O11,de-protonated,0,-9999,C22 H31 O11 N2 P1 S1,22,31,11,2,1,1,-9999,N/A,-9999,-9999,N/A,-9999
2885,561.130984,561.1310496353443,561.1306900950791,2888876,-9999,308352.6,18.5,-1,0.6407424715037482,0.9282131137232656,0,0.5569278682339593,0,2.5,0.9285714285714286,N4 S2 P1 O13,de-protonated,0,-9999,C14 H35 O13 N4 P1 S2,14,35,13,4,1,2,-9999,N/A,-9999,-9999,N/A,-9999
2886,561.133322,561.1333876371976,561.132862372309,3471533.8,-9999,158551.3,22.55,-1,0.9360793564017332,0.4265009839033836,0.7489023467070351,0.5554615290248442,17,1,0.12903225806451613,S2 P1 O4,de-protonated,0,-9999,C31 H31 O4 P1 S2,31,31,4,-9999,1,2,-9999,N/A,-9999,-9999,N/A,-9999
2886,561.133322,561.1333876371976,561.133710525479,3471533.8,-9999,158551.3,22.55,-1,-0.5754212861323895,0.47084487447859513,0.7612342259156645,0.5870006150534228,18,0.896551724137931,0.27586206896551724,N2 S1 O8,de-protonated,0,-9999,C29 H26 O8 N2 S1,29,26,8,2,-9999,1,-9999,N/A,-9999,-9999,N/A,-9999
2886,561.133322,561.1333876371976,561.133843467209,3471533.8,-9999,158551.3,22.55,-1,-0.8123374069126681,0.8871541285695089,0,0.5322924771417054,5,1.7222222222222223,0.8888888888888888,N2 P1 O16,de-protonated,0,-9999,C18 H31 O16 N2 P1,18,31,16,2,1,-9999,-9999,N/A,-9999,-9999,N/A,-9999
2886,561.133322,561.1333876371976,561.133330402959,3471533.8,-9999,158551.3,22.55,-1,0.10199757441571664,0.4990570391201679,0.7489023467070351,0.5989951621549148,23,0.7419354838709677,0.16129032258064516,N4 P1 O5,de-protonated,0,-9999,C31 H23 O5 N4 P1,31,23,5,4,1,-9999,-9999,N/A,-9999,-9999,N/A,-9999
2886,561.133322,561.1333876371976,561.133059076799,3471533.8,-9999,158551.3,22.55,-1,0.5855302825990697,0.469843280992001,0.8149093904448103,0.6078697247731247,9,1.4285714285714286,0.47619047619047616,N4 S2 O10,de-protonated,0,-9999,C21 H30 O10 N4 S2,21,30,10,4,-9999,2,-9999,N/A,-9999,-9999,N/A,-9999
2887,561.167121,561.1671866639904,561.167237795759,2862278.3,-9999,312197.3,18.31,-1,-0.09111681002857906,0.998494697564058,0,0.5990968185384348,4,1.7,0.9,O18,de-protonated,0,-9999,C20 H34 O18,20,34,18,-9999,-9999,-9999,-9999,N/A,-9999,-9999,N/A,-9999
2887,561.167121,561.1671866639904,561.167594111379,2862278.3,-9999,312197.3,18.31,-1,-0.7260707726184037,0.4543883385729331,0.7311359101322861,0.5650873671966743,21,0.8823529411764706,0.0588235294117647,N2 S2 O2,de-protonated,0,-9999,C34 H30 O2 N2 S2,34,30,2,2,-9999,2,-9999,N/A,-9999,-9999,N/A,-9999
2887,561.167121,561.1671866639904,561.166724731509,2862278.3,-9999,312197.3,18.31,-1,0.8231644197694007,0.4421541292095335,0.7369636471990461,0.5600779364053385,22,0.7878787878787878,0.21212121212121213,N2 O7,de-protonated,0,-9999,C33 H26 O7 N2,33,26,7,2,-9999,-9999,-9999,N/A,-9999,-9999,N/A,-9999
2887,561.167121,561.1671866639904,561.167727053109,2862278.3,-9999,312197.3,18.31,-1,-0.9629725527991464,0.845133821998738,0,0.5070802931992427,8,1.5217391304347827,0.43478260869565216,N2 S1 P1 O10,de-protonated,0,-9999,C23 H35 O10 N2 P1 S1,23,35,10,2,1,1,-9999,N/A,-9999,-9999,N/A,-9999
2888,561.169361,561.1694266657661,561.169247881659,3659719.8,-9999,172708.1,23.86,-1,0.31859213201944603,0.4908756735334121,0.7428850341668535,0.5916794177867886,16,1.09375,0.09375,S2 P1 O3,de-protonated,0,-9999,C32 H35 O3 P1 S2,32,35,3,-9999,1,2,-9999,N/A,-9999,-9999,N/A,-9999
2888,561.169361,561.1694266657661,561.169715912309,3659719.8,-9999,172708.1,23.86,-1,-0.515435054195353,0.47646869733461095,0.7428850341668535,0.583035232067508,22,0.84375,0.125,N4 P1 O4,de-protonated,0,-9999,C32 H27 O4 N4 P1,32,27,4,4,1,-9999,-9999,N/A,-9999,-9999,N/A,-9999
2888,561.169361,561.1694266657661,561.1694445861491,3659719.8,-9999,172708.1,23.86,-1,-0.03193399638668986,0.4999074896771912,0.8077896627745538,0.6230603589161363,8,1.5454545454545454,0.4090909090909091,N4 S2 O9,de-protonated,0,-9999,C22 H34 O9 N4 S2,22,34,9,4,-9999,2,-9999,N/A,-9999,-9999,N/A,-9999
2889,561.20379,561.2038556930582,561.2036233051091,2139104.8,-9999,238438.3,13.28,-1,0.4140884689687803,0.9693661526104024,0,0.5816196915662414,3,1.8095238095238095,0.8095238095238095,O17,de-protonated,0,-9999,C21 H38 O17,21,38,17,-9999,-9999,-9999,-9999,N/A,-9999,-9999,N/A,-9999
2889,561.20379,561.2038556930582,561.203979620729,2139104.8,-9999,238438.3,13.28,-1,-0.220824647110097,0.49559547576632407,0.7253996187124169,0.5875171329447613,20,0.9714285714285714,0.02857142857142857,N2 S2 O1,de-protonated,0,-9999,C35 H34 O1 N2 S2,35,34,1,2,-9999,2,-9999,N/A,-9999,-9999,N/A,-9999
2889,561.20379,561.2038556930582,561.204112562459,2139104.8,-9999,238438.3,13.28,-1,-0.4577111875171952,0.9627000264579016,0,0.577620015874741,7,1.625,0.375,N2 S1 P1 O9,de-protonated,0,-9999,C24 H39 O9 N2 P1 S1,24,39,9,2,1,1,-9999,N/A,-9999,-9999,N/A,-9999
2890,561.205748,561.2058136946104,561.205633391009,3598050,-9999,174265.2,23.43,-1,0.32127902974367445,0.4907225643387625,0.7369636471990462,0.589218997482876,15,1.181818181818182,0.06060606060606061,S2 P1 O2,de-protonated,0,-9999,C33 H39 O2 P1 S2,33,39,2,-9999,1,2,-9999,N/A,-9999,-9999,N/A,-9999
2890,561.205748,561.2058136946104,561.206101421659,3598050,-9999,174265.2,23.43,-1,-0.5126940849876628,0.4767123948305548,0.7369636471990462,0.5808128957779514,21,0.9393939393939394,0.09090909090909093,N4 P1 O3,de-protonated,0,-9999,C33 H31 O3 N4 P1,33,31,3,4,1,-9999,-9999,N/A,-9999,-9999,N/A,-9999
2890,561.205748,561.2058136946104,561.205830095499,3598050,-9999,174265.2,23.43,-1,-0.02922437320915961,0.49992252160906375,0.8007932653391621,0.620270819101103,7,1.6521739130434785,0.34782608695652173,N4 S2 O8,de-protonated,0,-9999,C23 H38 O8 N4 S2,23,38,8,4,-9999,2,-9999,N/A,-9999,-9999,N/A,-9999
2891,561.24245,561.2425157237043,561.242018900359,2498300.8,-9999,283245.8,15.78,-1,0.8852212211212538,0.4337298582653974,0.7311359101322861,0.5526922790121529,14,1.2647058823529411,0.02941176470588235,S2 P1 O1,de-protonated,0,-9999,C34 H43 O1 P1 S2,34,43,1,-9999,1,2,-9999,N/A,-9999,-9999,N/A,-9999
2891,561.24245,561.2425157237043,561.242867053529,2498300.8,-9999,283245.8,15.78,-1,-0.6259853717109289,0.4656834149306874,0.7428850341668535,0.5765640626251538,15,1.1875,0.15625,N2 S1 O5,de-protonated,0,-9999,C32 H38 O5 N2 S1,32,38,5,2,-9999,1,-9999,N/A,-9999,-9999,N/A,-9999
2891,561.24245,561.2425157237043,561.2429999952591,2498300.8,-9999,283245.8,15.78,-1,-0.8628554027411814,0.8736354676344089,0,0.5241812805806453,2,2.047619047619047,0.6190476190476191,N2 P1 O13,de-protonated,0,-9999,C21 H43 O13 N2 P1,21,43,13,2,1,-9999,-9999,N/A,-9999,-9999,N/A,-9999
2891,561.24245,561.2425157237043,561.242486931009,2498300.8,-9999,283245.8,15.78,-1,0.05130170282110934,0.49976128280674054,0.7311359101322861,0.5923111337369587,20,1.0294117647058822,0.0588235294117647,N4 P1 O2,de-protonated,0,-9999,C34 H35 O2 N4 P1,34,35,2,4,1,-9999,-9999,N/A,-9999,-9999,N/A,-9999
2891,561.24245,561.2425157237043,561.2422156048491,2498300.8,-9999,283245.8,15.78,-1,0.5347403435609254,0.9494382831565223,0,0.5696629698939134,6,1.75,0.2916666666666667,N4 S2 O7,de-protonated,0,-9999,C24 H42 O7 N4 S2,24,42,7,4,-9999,2,-9999,N/A,-9999,-9999,N/A,-9999
2892,563.075832,563.075899177042,563.075741418069,3023409.3,-9999,249606.7,19.42,-1,0.28017362732576095,0.49292886494194105,0.7612342259156646,0.6002510093314304,18,0.8620689655172413,0.20689655172413793,S2 P1 O6,de-protonated,0,-9999,C29 H25 O6 P1 S2,29,25,6,-9999,1,2,-9999,N/A,-9999,-9999,N/A,-9999
2892,563.075832,563.075899177042,563.076209448719,3023409.3,-9999,249606.7,19.42,-1,-0.5510296331147573,0.4731981252862315,0.7612342259156646,0.5884125655380048,24,0.5862068965517241,0.2413793103448276,N4 P1 O7,de-protonated,0,-9999,C29 H17 O7 N4 P1,29,17,7,4,1,-9999,-9999,N/A,-9999,-9999,N/A,-9999
2892,563.075832,563.075899177042,563.075938122559,3023409.3,-9999,249606.7,19.42,-1,-0.0691656567780654,0.999132346422106,0,0.5994794078532636,10,1.263157894736842,0.631578947368421,N4 S2 O12,de-protonated,0,-9999,C19 H24 O12 N4 S2,19,24,12,4,-9999,2,-9999,N/A,-9999,-9999,N/A,-9999
2893,563.110345,563.1104122044007,563.110473157139,3285578.5,-9999,328801.7,21.24,-1,-0.108242949119974,0.4989381540798745,0.7428850341668535,0.596516906114666,22,0.75,0.125,N2 S2 O4,de-protonated,0,-9999,C32 H24 O4 N2 S2,32,24,4,2,-9999,2,-9999,N/A,-9999,-9999,N/A,-9999
2893,563.110345,563.1104122044007,563.1106060988691,3285578.5,-9999,328801.7,21.24,-1,-0.34432750198421336,0.4893584673352382,0.8149093904448103,0.6195788365790671,9,1.380952380952381,0.5714285714285714,N2 S1 P1 O12,de-protonated,0,-9999,C21 H29 O12 N2 P1 S1,21,29,12,2,1,1,-9999,N/A,-9999,-9999,N/A,-9999
2893,563.110345,563.1104122044007,563.1100930346189,3285578.5,-9999,328801.7,21.24,-1,0.5667981906105136,0.4716871080942442,0.7311359101322861,0.575466628909461,27,0.6176470588235294,0.02941176470588235,N4 S1 P1 O1,de-protonated,0,-9999,C34 H21 O1 N4 P1 S1,34,21,1,4,1,1,-9999,N/A,-9999,-9999,N/A,-9999
2894,563.112125,563.1121922058118,563.1121269274191,4581963.5,-9999,212768.3,30.26,-1,0.1159243239814393,0.498782290779043,0.7550179348240812,0.6012765483970584,17,0.9666666666666668,0.16666666666666666,S2 P1 O5,de-protonated,0,-9999,C30 H29 O5 P1 S2,30,29,5,-9999,1,2,-9999,N/A,-9999,-9999,N/A,-9999
2894,563.112125,563.1121922058118,563.112594958069,4581963.5,-9999,212768.3,30.26,-1,-0.7152250915590164,0.4556789842511912,0.7550179348240812,0.5754145644803472,23,0.7,0.2,N4 P1 O6,de-protonated,0,-9999,C30 H21 O6 N4 P1,30,21,6,4,1,-9999,-9999,N/A,-9999,-9999,N/A,-9999
2894,563.112125,563.1121922058118,563.1123236319091,4581963.5,-9999,212768.3,30.26,-1,-0.23339233018546543,0.49508240786545565,0.8221557383861046,0.6259117400737152,9,1.4,0.55,N4 S2 O11,de-protonated,0,-9999,C20 H28 O11 N4 S2,20,28,11,4,-9999,2,-9999,N/A,-9999,-9999,N/A,-9999
2895,563.146977,563.1470442334393,563.147510115169,3582565.3,-9999,315548.7,23.31,-1,-0.827281877937777,0.4416092623687298,0.6927871148459346,0.5420804033596117,30,0.5853658536585366,0.02439024390243902,S1 O1,de-protonated,0,-9999,C41 H24 O1 S1,41,24,1,-9999,-9999,1,-9999,N/A,-9999,-9999,N/A,-9999
2895,563.146977,563.1470442334393,563.1473717307391,3582565.3,-9999,315548.7,23.31,-1,-0.581548128056076,0.4702396576973336,0.8221557383861046,0.611006089972842,3,1.8,0.7,S2 O14,de-protonated,0,-9999,C20 H36 O14 S2,20,36,14,-9999,-9999,2,-9999,N/A,-9999,-9999,N/A,-9999
2895,563.146977,563.1470442334393,563.146858666489,3582565.3,-9999,315548.7,23.31,-1,0.3295178644188804,0.49024537594486634,0.7369636471990461,0.5889326844465382,21,0.8484848484848485,0.09090909090909093,N2 S2 O3,de-protonated,0,-9999,C33 H28 O3 N2 S2,33,28,3,2,-9999,2,-9999,N/A,-9999,-9999,N/A,-9999
2895,563.146977,563.1470442334393,563.1469916082191,3582565.3,-9999,315548.7,23.31,-1,0.09344846187978328,0.4992083665833044,0.8077896627745539,0.6226408850598042,8,1.5,0.5,N2 S1 P1 O11,de-protonated,0,-9999,C22 H33 O11 N2 P1 S1,22,33,11,2,1,1,-9999,N/A,-9999,-9999,N/A,-9999
2896,563.148849,563.1489162349233,563.148512436769,4617318.5,-9999,187261.6,30.51,-1,0.7170367058329721,0.45546449835509295,0.7489023467070351,0.5728396376958698,16,1.064516129032258,0.12903225806451613,S2 P1 O4,de-protonated,0,-9999,C31 H33 O4 P1 S2,31,33,4,-9999,1,2,-9999,N/A,-9999,-9999,N/A,-9999
2896,563.148849,563.1489162349233,563.1493605899391,4617318.5,-9999,187261.6,30.51,-1,-0.7890535742600354,0.4465882997419387,0.7612342259156645,0.572446670211429,17,0.9655172413793104,0.27586206896551724,N2 S1 O8,de-protonated,0,-9999,C29 H28 O8 N2 S1,29,28,8,2,-9999,1,-9999,N/A,-9999,-9999,N/A,-9999
2896,563.148849,563.1489162349233,563.148980467419,4617318.5,-9999,187261.6,30.51,-1,-0.11405950825784247,0.49882110715457784,0.7489023467070351,0.5988536029755608,22,0.8064516129032258,0.16129032258064516,N4 P1 O5,de-protonated,0,-9999,C31 H25 O5 N4 P1,31,25,5,4,1,-9999,-9999,N/A,-9999,-9999,N/A,-9999
2896,563.148849,563.1489162349233,563.148709141259,4617318.5,-9999,187261.6,30.51,-1,0.3677424113424324,0.48788024662708585,0.8149093904448103,0.6186919041541756,8,1.5238095238095235,0.47619047619047616,N4 S2 O10,de-protonated,0,-9999,C21 H32 O10 N4 S2,21,32,10,4,-9999,2,-9999,N/A,-9999,-9999,N/A,-9999
2897,563.183314,563.1833812622439,563.183757240089,3474047.8,-9999,343063.5,22.56,-1,-0.6675935523540254,0.4611575949039681,0.8149093904448101,0.6026583131203049,2,1.9047619047619049,0.6190476190476191,S2 O13,de-protonated,0,-9999,C21 H40 O13 S2,21,40,13,-9999,-9999,2,-9999,N/A,-9999,-9999,N/A,-9999
2897,563.183314,563.1833812622439,563.182887860219,3474047.8,-9999,343063.5,22.56,-1,0.8760955552698376,0.4349966599658848,0.8221557383861047,0.5898602913339728,3,1.8,0.9,O18,de-protonated,0,-9999,C20 H36 O18,20,36,18,-9999,-9999,-9999,-9999,N/A,-9999,-9999,N/A,-9999
2897,563.183314,563.1833812622439,563.183244175839,3474047.8,-9999,343063.5,22.56,-1,0.2434135004045087,0.49465336264473414,0.731135910132286,0.5892463816397548,20,0.9411764705882352,0.0588235294117647,N2 S2 O2,de-protonated,0,-9999,C34 H32 O2 N2 S2,34,32,2,2,-9999,2,-9999,N/A,-9999,-9999,N/A,-9999
2897,563.183314,563.1833812622439,563.183377117569,3474047.8,-9999,343063.5,22.56,-1,0.00735937009529754,0.49999508636394296,0.8007932653391621,0.6203143579540307,7,1.608695652173913,0.43478260869565216,N2 S1 P1 O10,de-protonated,0,-9999,C23 H37 O10 N2 P1 S1,23,37,10,2,1,1,-9999,N/A,-9999,-9999,N/A,-9999
2898,563.185084,563.185151263647,563.1848979461189,4825729,-9999,216729,31.96,-1,0.4497946038451307,0.481977905488974,0.7428850341668535,0.5863407569601258,15,1.15625,0.09375,S2 P1 O3,de-protonated,0,-9999,C32 H37 O3 P1 S2,32,37,3,-9999,1,2,-9999,N/A,-9999,-9999,N/A,-9999
2898,563.185084,563.185151263647,563.185365976769,4825729,-9999,216729,31.96,-1,-0.381247694031395,0.4869856065922124,0.7428850341668535,0.5893453776220687,21,0.90625,0.125,N4 P1 O4,de-protonated,0,-9999,C32 H29 O4 N4 P1,32,29,4,4,1,-9999,-9999,N/A,-9999,-9999,N/A,-9999
2898,563.185084,563.185151263647,563.1850946506091,4825729,-9999,216729,31.96,-1,0.100522969029513,0.4990840824821033,0.8077896627745539,0.6225663145990836,7,1.6363636363636365,0.4090909090909091,N4 S2 O9,de-protonated,0,-9999,C22 H36 O9 N4 S2,22,36,9,4,-9999,2,-9999,N/A,-9999,-9999,N/A,-9999
2899,563.219313,563.2193802907807,563.219273369569,2865818,-9999,308759,18.32,-1,0.1898394048948082,0.993482105087798,0,0.5960892630526787,2,1.9047619047619049,0.8095238095238095,O17,de-protonated,0,-9999,C21 H40 O17,21,40,17,-9999,-9999,-9999,-9999,N/A,-9999,-9999,N/A,-9999
2899,563.219313,563.2193802907807,563.219629685189,2865818,-9999,308759,18.32,-1,-0.44280134284736233,0.4825241179159062,0.7253996187124169,0.5796743182345105,19,1.0285714285714285,0.02857142857142857,N2 S2 O1,de-protonated,0,-9999,C35 H36 O1 N2 S2,35,36,1,2,-9999,2,-9999,N/A,-9999,-9999,N/A,-9999
2899,563.219313,563.2193802907807,563.2197626269191,2865818,-9999,308759,18.32,-1,-0.6788400616542737,0.4598922486474573,0.7939170211058493,0.5935021576308142,6,1.7083333333333333,0.375,N2 S1 P1 O9,de-protonated,0,-9999,C24 H41 O9 N2 P1 S1,24,41,9,2,1,1,-9999,N/A,-9999,-9999,N/A,-9999
2900,563.22158,563.2216472925777,563.221283455469,3767963.8,-9999,204891,24.6,-1,0.6459931813325276,0.4635379491989988,0.7369636471990462,0.5729082283990178,14,1.2424242424242424,0.06060606060606061,S2 P1 O2,de-protonated,0,-9999,C33 H41 O2 P1 S2,33,41,2,-9999,1,2,-9999,N/A,-9999,-9999,N/A,-9999
2900,563.22158,563.2216472925777,563.2221316086391,3767963.8,-9999,204891,24.6,-1,-0.8599023976406682,0.437221140392632,0.7489023467070351,0.5618936229183933,15,1.1612903225806452,0.1935483870967742,N2 S1 O6,de-protonated,0,-9999,C31 H36 O6 N2 S1,31,36,6,2,-9999,1,-9999,N/A,-9999,-9999,N/A,-9999
2900,563.22158,563.2216472925777,563.2217514861189,3767963.8,-9999,204891,24.6,-1,-0.1849955918041493,0.4969047277626725,0.7369636471990462,0.5929282955372219,20,1,0.09090909090909093,N4 P1 O3,de-protonated,0,-9999,C33 H33 O3 N4 P1,33,33,3,4,1,-9999,-9999,N/A,-9999,-9999,N/A,-9999
2900,563.22158,563.2216472925777,563.221480159959,3767963.8,-9999,204891,24.6,-1,0.29674404221533957,0.4920745683164879,0.8007932653391622,0.6155620471255576,6,1.7391304347826086,0.34782608695652173,N4 S2 O8,de-protonated,0,-9999,C23 H40 O8 N4 S2,23,40,8,4,-9999,2,-9999,N/A,-9999,-9999,N/A,-9999
2903,564.984861,564.9849296903457,564.984603936199,2142631.8,-9999,236285.6,13.29,-1,0.5765717230983072,0.47073166256531424,0.7369636471990462,0.577224456418807,29,0.30303030303030304,0.18181818181818185,S2 O6,de-protonated,0,-9999,C33 H10 O6 S2,33,10,6,-9999,-9999,2,-9999,N/A,-9999,-9999,N/A,-9999
2903,564.984861,564.9849296903457,564.9847368779291,2142631.8,-9999,236285.6,13.29,-1,0.3412701334853951,0.9790892497454368,0,0.587453549847262,16,0.6818181818181818,0.6363636363636364,S1 P1 O14,de-protonated,0,-9999,C22 H15 O14 P1 S1,22,15,14,-9999,1,1,-9999,N/A,-9999,-9999,N/A,-9999
2904,565.090697,565.0907657742428,565.090389160929,3398389.8,-9999,164175.6,22.02,-1,0.6664656149832935,0.4612835229778717,0.7033271719038788,0.5581009825482746,31,0.4615384615384616,0.07692307692307693,S1 O3,de-protonated,0,-9999,C39 H18 O3 S1,39,18,3,-9999,-9999,1,-9999,N/A,-9999,-9999,N/A,-9999
2904,565.090697,565.0907657742428,565.0905221026591,3398389.8,-9999,164175.6,22.02,-1,0.4312080527959245,0.48341208109006795,0.7675537279851021,0.5970687398480816,18,0.8214285714285714,0.3928571428571429,P1 O11,de-protonated,0,-9999,C28 H23 O11 P1,28,23,11,-9999,1,-9999,-9999,N/A,-9999,-9999,N/A,-9999
2904,565.090697,565.0907657742428,565.090250776499,3398389.8,-9999,164175.6,22.02,-1,0.9113548552884386,0.8601010359056777,0,0.5160606215434066,4,1.6666666666666667,0.8888888888888888,S2 O16,de-protonated,0,-9999,C18 H30 O16 S2,18,30,16,-9999,-9999,2,-9999,N/A,-9999,-9999,N/A,-9999
2904,565.090697,565.0907657742428,565.0907188071491,3398389.8,-9999,164175.6,22.02,-1,0.08311425425646372,0.9987473414706116,0,0.599248404882367,10,1.2222222222222223,0.9444444444444444,N4 O17,de-protonated,0,-9999,C18 H22 O17 N4,18,22,17,4,-9999,-9999,-9999,N/A,-9999,-9999,N/A,-9999
2905,565.125988,565.1260568022182,565.1261232215991,3789839.8,-9999,317398.5,24.74,-1,-0.11753019049217668,0.4987483625024174,0.7428850341668535,0.5964030311681918,21,0.8125,0.125,N2 S2 O4,de-protonated,0,-9999,C32 H26 O4 N2 S2,32,26,4,2,-9999,2,-9999,N/A,-9999,-9999,N/A,-9999
2905,565.125988,565.1260568022182,565.126256163329,3789839.8,-9999,317398.5,24.74,-1,-0.35277269224419516,0.4888360066228592,0.8149093904448103,0.6192653601516396,8,1.4761904761904765,0.5714285714285714,N2 S1 P1 O12,de-protonated,0,-9999,C21 H31 O12 N2 P1 S1,21,31,12,2,1,1,-9999,N/A,-9999,-9999,N/A,-9999
2905,565.125988,565.1260568022182,565.1257430990789,3789839.8,-9999,317398.5,24.74,-1,0.5551032545549315,0.47281139579789955,0.7311359101322861,0.5761412015316542,26,0.6764705882352942,0.02941176470588235,N4 S1 P1 O1,de-protonated,0,-9999,C34 H23 O1 N4 P1 S1,34,23,1,4,1,1,-9999,N/A,-9999,-9999,N/A,-9999
2906,565.127835,565.1279038036823,565.1277769918789,4524561,-9999,170864.4,29.85,-1,0.22439492192844113,0.4954525553000746,0.7550179348240812,0.5992787071096772,16,1.0333333333333334,0.16666666666666666,S2 P1 O5,de-protonated,0,-9999,C30 H31 O5 P1 S2,30,31,5,-9999,1,2,-9999,N/A,-9999,-9999,N/A,-9999
2906,565.127835,565.1279038036823,565.1282450225291,4524561,-9999,170864.4,29.85,-1,-0.6037901127076323,0.4679955145991312,0.7550179348240812,0.5828044826891112,22,0.7666666666666667,0.2,N4 P1 O6,de-protonated,0,-9999,C30 H23 O6 N4 P1,30,23,6,4,1,-9999,-9999,N/A,-9999,-9999,N/A,-9999
2906,565.127835,565.1279038036823,565.1279736963689,4524561,-9999,170864.4,29.85,-1,-0.12367585726393436,0.4986142299754828,0.8221557383861046,0.6280308333397315,8,1.5,0.55,N4 S2 O11,de-protonated,0,-9999,C20 H30 O11 N4 S2,20,30,11,4,-9999,2,-9999,N/A,-9999,-9999,N/A,-9999
2907,565.162583,565.1626518312274,565.1631601796289,3741738.5,-9999,232614,24.41,-1,-0.899471935336439,0.43173288785740394,0.6927871148459346,0.5361545786528161,29,0.6341463414634146,0.02439024390243902,S1 O1,de-protonated,0,-9999,C41 H26 O1 S1,41,26,1,-9999,-9999,1,-9999,N/A,-9999,-9999,N/A,-9999
2907,565.162583,565.1626518312274,565.163021795199,3741738.5,-9999,232614,24.41,-1,-0.6546146108747799,0.46259579275057655,0.8221557383861046,0.6064197710047878,2,1.9,0.7,S2 O14,de-protonated,0,-9999,C20 H38 O14 S2,20,38,14,-9999,-9999,2,-9999,N/A,-9999,-9999,N/A,-9999
2907,565.162583,565.1626518312274,565.162508730949,3741738.5,-9999,232614,24.41,-1,0.25320200166805185,0.4942172489264112,0.7369636471990461,0.5913158082354651,20,0.9090909090909092,0.09090909090909093,N2 S2 O3,de-protonated,0,-9999,C33 H30 O3 N2 S2,33,30,3,2,-9999,2,-9999,N/A,-9999,-9999,N/A,-9999
2907,565.162583,565.1626518312274,565.1626416726791,3741738.5,-9999,232614,24.41,-1,0.01797455736050485,0.4999706892108483,0.8077896627745538,0.6230982786363305,7,1.5909090909090908,0.5,N2 S1 P1 O11,de-protonated,0,-9999,C22 H35 O11 N2 P1 S1,22,35,11,2,1,1,-9999,N/A,-9999,-9999,N/A,-9999
2908,565.164243,565.1643118325434,565.164162501229,4647468,-9999,162581.5,30.71,-1,0.2642264393975752,0.4937059748958387,0.7489023467070351,0.5957845236203172,15,1.1290322580645162,0.12903225806451613,S2 P1 O4,de-protonated,0,-9999,C31 H35 O4 P1 S2,31,35,4,-9999,1,2,-9999,N/A,-9999,-9999,N/A,-9999
2908,565.164243,565.1643118325434,565.164630531879,4647468,-9999,162581.5,30.71,-1,-0.563905308961019,0.47196714555090413,0.7489023467070351,0.5827412260133565,21,0.8709677419354839,0.16129032258064516,N4 P1 O5,de-protonated,0,-9999,C31 H27 O5 N4 P1,31,27,5,4,1,-9999,-9999,N/A,-9999,-9999,N/A,-9999
2908,565.164243,565.1643118325434,565.164359205719,4647468,-9999,162581.5,30.71,-1,-0.08382194472096678,0.49936296617880793,0.8149093904448103,0.6255815358852088,7,1.619047619047619,0.47619047619047616,N4 S2 O10,de-protonated,0,-9999,C21 H34 O10 N4 S2,21,34,10,4,-9999,2,-9999,N/A,-9999,-9999,N/A,-9999
2909,565.198517,565.1985858597126,565.198537924679,3345477.3,-9999,346066.9,21.65,-1,0.08481096520774029,0.99869570910469,0,0.599217425462814,2,1.9,0.9,O18,de-protonated,0,-9999,C20 H38 O18,20,38,18,-9999,-9999,-9999,-9999,N/A,-9999,-9999,N/A,-9999
2909,565.198517,565.1985858597126,565.1988942402991,3345477.3,-9999,346066.9,21.65,-1,-0.5456142777905982,0.4737083053054558,0.7311359101322861,0.576679347236188,19,1,0.0588235294117647,N2 S2 O2,de-protonated,0,-9999,C34 H34 O2 N2 S2,34,34,2,2,-9999,2,-9999,N/A,-9999,-9999,N/A,-9999
2909,565.198517,565.1985858597126,565.198024860429,3345477.3,-9999,346066.9,21.65,-1,0.9925712032444256,0.418152119814703,0.7369636471990461,0.5456767307684403,20,0.9090909090909092,0.21212121212121213,N2 O7,de-protonated,0,-9999,C33 H30 O7 N2,33,30,7,2,-9999,-9999,-9999,N/A,-9999,-9999,N/A,-9999
2909,565.198517,565.1985858597126,565.199027182029,3345477.3,-9999,346066.9,21.65,-1,-0.7808263906956671,0.4476361224228923,0.8007932653391621,0.5888989795894002,6,1.6956521739130437,0.43478260869565216,N2 S1 P1 O10,de-protonated,0,-9999,C23 H39 O10 N2 P1 S1,23,39,10,2,1,1,-9999,N/A,-9999,-9999,N/A,-9999
2910,565.200826,565.2008948615429,565.2005480105789,4386887,-9999,173434.9,28.89,-1,0.6136776852033471,0.4669744141514736,0.7428850341668535,0.5773386621576255,14,1.21875,0.09375,S2 P1 O3,de-protonated,0,-9999,C32 H39 O3 P1 S2,32,39,3,-9999,1,2,-9999,N/A,-9999,-9999,N/A,-9999
2910,565.200826,565.2008948615429,565.201396163749,4386887,-9999,173434.9,28.89,-1,-0.8869443874199363,0.43348959668469805,0.7550179348240813,0.5621009319404513,15,1.1333333333333333,0.23333333333333336,N2 S1 O7,de-protonated,0,-9999,C30 H34 O7 N2 S1,30,34,7,2,-9999,1,-9999,N/A,-9999,-9999,N/A,-9999
2910,565.200826,565.2008948615429,565.2010160412291,4386887,-9999,173434.9,28.89,-1,-0.21440104093243617,0.4958469449360955,0.7428850341668535,0.5946621806283987,20,0.96875,0.125,N4 P1 O4,de-protonated,0,-9999,C32 H31 O4 N4 P1,32,31,4,4,1,-9999,-9999,N/A,-9999,-9999,N/A,-9999
2910,565.200826,565.2008948615429,565.200744715069,4386887,-9999,173434.9,28.89,-1,0.26565158531839184,0.49363833114197125,0.8077896627745539,0.6192988637950043,6,1.7272727272727273,0.4090909090909091,N4 S2 O9,de-protonated,0,-9999,C22 H38 O9 N4 S2,22,38,9,4,-9999,2,-9999,N/A,-9999,-9999,N/A,-9999
2911,565.234953,565.2350218885957,565.234923434029,2529376,-9999,309301.5,15.97,-1,0.17418344585698592,0.9945099953955652,0,0.5967059972373391,1,2,0.8095238095238095,O17,de-protonated,0,-9999,C21 H42 O17,21,42,17,-9999,-9999,-9999,-9999,N/A,-9999,-9999,N/A,-9999
2911,565.234953,565.2350218885957,565.235279749649,2529376,-9999,309301.5,15.97,-1,-0.4562012713403805,0.481470551962491,0.725399618712417,0.5790421786624613,18,1.0857142857142856,0.02857142857142857,N2 S2 O1,de-protonated,0,-9999,C35 H38 O1 N2 S2,35,38,1,2,-9999,2,-9999,N/A,-9999,-9999,N/A,-9999
2911,565.234953,565.2350218885957,565.2354126913791,2529376,-9999,309301.5,15.97,-1,-0.6913982645302862,0.9169171143855492,0,0.5501502686313295,5,1.7916666666666667,0.375,N2 S1 P1 O9,de-protonated,0,-9999,C24 H43 O9 N2 P1 S1,24,43,9,2,1,1,-9999,N/A,-9999,-9999,N/A,-9999
2912,565.237294,565.2373628904514,565.236933519929,2892385.8,-9999,215194.3,18.5,-1,0.7596292756798109,0.4502961866387095,0.7369636471990462,0.5649631708628442,13,1.303030303030303,0.06060606060606061,S2 P1 O2,de-protonated,0,-9999,C33 H43 O2 P1 S2,33,43,2,-9999,1,2,-9999,N/A,-9999,-9999,N/A,-9999
2912,565.237294,565.2373628904514,565.237781673099,2892385.8,-9999,215194.3,18.5,-1,-0.7408964176415161,0.45259872872249496,0.7489023467070351,0.571120175916311,14,1.2258064516129032,0.1935483870967742,N2 S1 O6,de-protonated,0,-9999,C31 H38 O6 N2 S1,31,38,6,2,-9999,1,-9999,N/A,-9999,-9999,N/A,-9999
2912,565.237294,565.2373628904514,565.237914614829,2892385.8,-9999,215194.3,18.5,-1,-0.9760923026141411,0.8412416213619044,0,0.5047449728171426,1,2.15,0.7,N2 P1 O14,de-protonated,0,-9999,C20 H43 O14 N2 P1,20,43,14,2,1,-9999,-9999,N/A,-9999,-9999,N/A,-9999
2912,565.237294,565.2373628904514,565.237401550579,2892385.8,-9999,215194.3,18.5,-1,-0.06839626575215446,0.49957576713729424,0.7369636471990462,0.594530919161995,19,1.0606060606060606,0.09090909090909093,N4 P1 O3,de-protonated,0,-9999,C33 H35 O3 N4 P1,33,35,3,4,1,-9999,-9999,N/A,-9999,-9999,N/A,-9999
2912,565.237294,565.2373628904514,565.237130224419,2892385.8,-9999,215194.3,18.5,-1,0.4116255283803273,0.969723923823906,0,0.5818343542943435,5,1.826086956521739,0.34782608695652173,N4 S2 O8,de-protonated,0,-9999,C23 H42 O8 N4 S2,23,42,8,4,-9999,2,-9999,N/A,-9999,-9999,N/A,-9999
2913,565.446926,565.4469950566285,565.4473632633591,7944188,-9999,166445.1,53.63,-1,-0.6511777303234392,0.9360666113518976,0.9996957196971684,0.9615182546900058,4,1.8235294117647056,0.17647058823529413,O6,de-protonated,0,-9999,C34 H62 O6,34,62,6,-9999,-9999,-9999,-9999,N/A,-9999,-9999,N/A,-9999
2915,566.450961,566.4510308525356,566.4507180984291,2916834,-9999,240828.6,18.66,-1,0.5521294201317113,0.9461879330704664,0.9996957196971684,0.9675910477211472,4,1.878787878787879,0.18181818181818185,13C1 O6,de-protonated,1,2913,C33 H62 O6 13C1,33,62,6,-9999,-9999,-9999,1,N/A,-9999,-9999,N/A,-9999
2918,566.981432,566.9815022730446,566.9817594977791,3243883.3,-9999,194239.5,20.93,-1,-0.45367373845784453,0.4816715041437636,0.8149093904448103,0.6149666586641822,16,0.6190476190476191,0.8095238095238095,P1 O17,de-protonated,0,-9999,C21 H13 O17 P1,21,13,17,-9999,1,-9999,-9999,N/A,-9999,-9999,N/A,-9999
2918,566.981432,566.9815022730446,566.9809751073691,3243883.3,-9999,194239.5,20.93,-1,0.9297766568294764,0.42741203353073026,0.7939170211058493,0.5740140285607779,20,0.5,0.4583333333333333,N2 S2 O11,de-protonated,0,-9999,C24 H12 O11 N2 S2,24,12,11,2,-9999,2,-9999,N/A,-9999,-9999,N/A,-9999
2919,567.069989,567.0700593432445,567.069653716039,2079917,-9999,207143.4,12.84,-1,0.7153040243605584,0.4556696482134707,0.7087183895694521,0.5568891447558633,31,0.42105263157894735,0.10526315789473684,S1 O4,de-protonated,0,-9999,C38 H16 O4 S1,38,16,4,-9999,-9999,1,-9999,N/A,-9999,-9999,N/A,-9999
2919,567.069989,567.0700593432445,567.069786657769,2079917,-9999,207143.4,12.84,-1,0.4808675790553418,0.95891097628852,0,0.5753465857731119,18,0.7777777777777778,0.4444444444444444,P1 O12,de-protonated,0,-9999,C27 H21 O12 P1,27,21,12,-9999,1,-9999,-9999,N/A,-9999,-9999,N/A,-9999
2920,567.105431,567.1055013713395,567.1060392253889,3511751.3,-9999,293363.6,22.8,-1,-0.9484188356497588,0.4247052146852428,0.7033271719038787,0.5361539975726972,30,0.5128205128205128,0.07692307692307693,S1 O3,de-protonated,0,-9999,C39 H20 O3 S1,39,20,3,-9999,-9999,1,-9999,N/A,-9999,-9999,N/A,-9999
2920,567.105431,567.1055013713395,567.105900840959,3511751.3,-9999,293363.6,22.8,-1,-0.7044003929983472,0.9139026769969676,0,0.5483416061981805,3,1.7777777777777777,0.8888888888888888,S2 O16,de-protonated,0,-9999,C18 H32 O16 S2,18,32,16,-9999,-9999,2,-9999,N/A,-9999,-9999,N/A,-9999
2920,567.105431,567.1055013713395,567.105387776709,3511751.3,-9999,293363.6,22.8,-1,0.2003060330272855,0.4963731300636981,0.7489023467070351,0.5973848167210329,21,0.7741935483870968,0.16129032258064516,N2 S2 O5,de-protonated,0,-9999,C31 H24 O5 N2 S2,31,24,5,2,-9999,2,-9999,N/A,-9999,-9999,N/A,-9999
2920,567.105431,567.1055013713395,567.105520718439,3511751.3,-9999,293363.6,22.8,-1,-0.0341155196047189,0.4998944199273992,0.8221557383861046,0.6287989473108813,8,1.45,0.65,N2 S1 P1 O13,de-protonated,0,-9999,C20 H29 O13 N2 P1 S1,20,29,13,2,1,1,-9999,N/A,-9999,-9999,N/A,-9999
2920,567.105431,567.1055013713395,567.1050076541891,3511751.3,-9999,293363.6,22.8,-1,0.8705921192447877,0.4357560549735905,0.7369636471990462,0.5562390918637727,26,0.6363636363636364,0.06060606060606061,N4 S1 P1 O2,de-protonated,0,-9999,C33 H21 O2 N4 P1 S1,33,21,2,4,1,1,-9999,N/A,-9999,-9999,N/A,-9999
2921,567.107,567.1070703725834,567.1070415469891,3786696.3,-9999,173919.7,24.71,-1,0.05082919484590273,0.4997656588804607,0.7612342259156646,0.6043530856945423,16,1,0.20689655172413793,S2 P1 O6,de-protonated,0,-9999,C29 H29 O6 P1 S2,29,29,6,-9999,1,2,-9999,N/A,-9999,-9999,N/A,-9999
2921,567.107,567.1070703725834,567.107509577639,3786696.3,-9999,173919.7,24.71,-1,-0.7744652437076001,0.4484404187600009,0.7612342259156646,0.5735579416222664,22,0.7241379310344828,0.2413793103448276,N4 P1 O7,de-protonated,0,-9999,C29 H21 O7 N4 P1,29,21,7,4,1,-9999,-9999,N/A,-9999,-9999,N/A,-9999
2921,567.107,567.1070703725834,567.1072382514791,3786696.3,-9999,173919.7,24.71,-1,-0.29602672011866443,0.4921125349845964,0.8295321147073604,0.6270803668737019,8,1.4736842105263157,0.631578947368421,N4 S2 O12,de-protonated,0,-9999,C19 H28 O12 N4 S2,19,28,12,4,-9999,2,-9999,N/A,-9999,-9999,N/A,-9999
2922,567.141599,567.1416694000103,567.1417732860591,3850722,-9999,277108.1,25.15,-1,-0.18317474342130816,0.4969651749293138,0.7428850341668535,0.5953331186243296,20,0.875,0.125,N2 S2 O4,de-protonated,0,-9999,C32 H28 O4 N2 S2,32,28,4,2,-9999,2,-9999,N/A,-9999,-9999,N/A,-9999
2922,567.141599,567.1416694000103,567.141906227789,3850722,-9999,277108.1,25.15,-1,-0.417581166432691,0.4844276832683738,0.8149093904448103,0.6166203661389484,7,1.5714285714285714,0.5714285714285714,N2 S1 P1 O12,de-protonated,0,-9999,C21 H33 O12 N2 P1 S1,21,33,12,2,1,1,-9999,N/A,-9999,-9999,N/A,-9999
2922,567.141599,567.1416694000103,567.141393163539,3850722,-9999,277108.1,25.15,-1,0.48706808331406426,0.47893364597340654,0.7311359101322861,0.5798145516369584,25,0.7352941176470589,0.02941176470588235,N4 S1 P1 O1,de-protonated,0,-9999,C34 H25 O1 N4 P1 S1,34,25,1,4,1,1,-9999,N/A,-9999,-9999,N/A,-9999
2923,567.142411,567.142481400654,567.142424734739,3781746.8,-9999,2278283.7,24.67,-1,0.0999147876592311,0.4990951218700728,0.6980173569463055,0.5786640159005658,29,0.6,0.05,S1 O2,de-protonated,0,-9999,C40 H24 O2 S1,40,24,2,-9999,-9999,1,-9999,N/A,-9999,-9999,N/A,-9999
2923,567.142411,567.142481400654,567.142557676469,3781746.8,-9999,2278283.7,24.67,-1,-0.13449143245899678,0.4983616730271006,0.7612342259156646,0.6035106941825261,16,1,0.3448275862068966,P1 O10,de-protonated,0,-9999,C29 H29 O10 P1,29,29,10,-9999,1,-9999,-9999,N/A,-9999,-9999,N/A,-9999
2923,567.142411,567.142481400654,567.1422863503091,3781746.8,-9999,2278283.7,24.67,-1,0.3439178308906276,0.4893835036637299,0.8295321147073604,0.6254429480811821,2,1.894736842105263,0.7894736842105263,S2 O15,de-protonated,0,-9999,C19 H36 O15 S2,19,36,15,-9999,-9999,2,-9999,N/A,-9999,-9999,N/A,-9999
2923,567.142411,567.142481400654,567.142754380959,3781746.8,-9999,2278283.7,24.67,-1,-0.48132556202140414,0.4794171530670823,0.8295321147073604,0.6194631377231936,8,1.4736842105263157,0.8421052631578947,N4 O16,de-protonated,0,-9999,C19 H28 O16 N4,19,28,16,4,-9999,-9999,-9999,N/A,-9999,-9999,N/A,-9999
2924,567.143826,567.1438964017757,567.143427056339,4161763.8,-9999,232073,27.32,-1,0.8275603918449881,0.44157233253656947,0.7550179348240813,0.5669505734515743,15,1.1,0.16666666666666666,S2 P1 O5,de-protonated,0,-9999,C30 H33 O5 P1 S2,30,33,5,-9999,1,2,-9999,N/A,-9999,-9999,N/A,-9999
2924,567.143826,567.1438964017757,567.144275209509,4161763.8,-9999,232073,27.32,-1,-0.6679212854633074,0.46112097181398243,0.7675537279851021,0.5836940742824304,16,1,0.32142857142857145,N2 S1 O9,de-protonated,0,-9999,C28 H28 O9 N2 S1,28,28,9,2,-9999,1,-9999,N/A,-9999,-9999,N/A,-9999
2924,567.143826,567.1438964017757,567.1438950869891,4161763.8,-9999,232073,27.32,-1,0.0023182592360379,0.49999951241805185,0.7550179348240813,0.6020068813804637,21,0.8333333333333334,0.2,N4 P1 O6,de-protonated,0,-9999,C30 H25 O6 N4 P1,30,25,6,4,1,-9999,-9999,N/A,-9999,-9999,N/A,-9999
2924,567.143826,567.1438964017757,567.143623760829,4161763.8,-9999,232073,27.32,-1,0.4807264602759854,0.47946729363494867,0.8221557383861046,0.616542671535411,7,1.6,0.55,N4 S2 O11,de-protonated,0,-9999,C20 H32 O11 N4 S2,20,32,11,4,-9999,2,-9999,N/A,-9999,-9999,N/A,-9999
2925,567.180243,567.1803134306438,567.179812565689,4204031,-9999,200032.4,27.61,-1,0.8830796578178968,0.4340279908501746,0.7489023467070351,0.5599777331929188,14,1.1935483870967742,0.12903225806451613,S2 P1 O4,de-protonated,0,-9999,C31 H37 O4 P1 S2,31,37,4,-9999,1,2,-9999,N/A,-9999,-9999,N/A,-9999
2925,567.180243,567.1803134306438,567.180660718859,4204031,-9999,200032.4,27.61,-1,-0.6123061650696184,0.4671169093084008,0.7612342259156646,0.5847638359513063,15,1.103448275862069,0.27586206896551724,N2 S1 O8,de-protonated,0,-9999,C29 H32 O8 N2 S1,29,32,8,2,-9999,1,-9999,N/A,-9999,-9999,N/A,-9999
2925,567.180243,567.1803134306438,567.1807936605891,4204031,-9999,200032.4,27.61,-1,-0.8466964161656049,0.43901275832711223,0.8370420509349343,0.598224475370241,2,2.0555555555555554,0.8888888888888888,N2 P1 O16,de-protonated,0,-9999,C18 H37 O16 N2 P1,18,37,16,2,1,-9999,-9999,N/A,-9999,-9999,N/A,-9999
2925,567.180243,567.1803134306438,567.180280596339,4204031,-9999,200032.4,27.61,-1,0.05789042017960598,0.49969604786522737,0.7489023467070351,0.5993785674019505,20,0.935483870967742,0.16129032258064516,N4 P1 O5,de-protonated,0,-9999,C31 H29 O5 N4 P1,31,29,5,4,1,-9999,-9999,N/A,-9999,-9999,N/A,-9999
2925,567.180243,567.1803134306438,567.1800092701791,4204031,-9999,200032.4,27.61,-1,0.5362679567479915,0.4745782346507087,0.8149093904448103,0.6107106969683493,6,1.7142857142857142,0.47619047619047616,N4 S2 O10,de-protonated,0,-9999,C21 H36 O10 N4 S2,21,36,10,4,-9999,2,-9999,N/A,-9999,-9999,N/A,-9999
2926,567.214189,567.214259457553,567.2141879891391,2678808,-9999,358840.8,17,-1,0.12599898845003332,0.997123511951556,0,0.5982741071709337,1,2,0.9,O18,de-protonated,0,-9999,C20 H40 O18,20,40,18,-9999,-9999,-9999,-9999,N/A,-9999,-9999,N/A,-9999
2926,567.214189,567.214259457553,567.2145443047591,2678808,-9999,358840.8,17,-1,-0.5021860052131824,0.47763574965856687,0.731135910132286,0.5790358138480545,18,1.0588235294117647,0.0588235294117647,N2 S2 O2,de-protonated,0,-9999,C34 H36 O2 N2 S2,34,36,2,2,-9999,2,-9999,N/A,-9999,-9999,N/A,-9999
2926,567.214189,567.214259457553,567.214677246489,2678808,-9999,358840.8,17,-1,-0.7365622801963364,0.90624982515,0,0.5437498950899999,5,1.7826086956521738,0.43478260869565216,N2 S1 P1 O10,de-protonated,0,-9999,C23 H41 O10 N2 P1 S1,23,41,10,2,1,1,-9999,N/A,-9999,-9999,N/A,-9999
2927,567.215505,567.2155754585963,567.215328695169,2867225,-9999,343122.3,18.31,-1,0.4350436506477357,0.4831207293681108,0.7489023467070351,0.5894333763036805,14,1.1935483870967742,0.25806451612903225,P1 O8,de-protonated,0,-9999,C31 H37 O8 P1,31,37,8,-9999,1,-9999,-9999,N/A,-9999,-9999,N/A,-9999
2927,567.215505,567.2155754585963,567.215057369009,2867225,-9999,343122.3,18.31,-1,0.91339180897988,0.8595211526206011,0,0.5157126915723607,0,2.0952380952380953,0.6190476190476191,S2 O13,de-protonated,0,-9999,C21 H44 O13 S2,21,44,13,-9999,-9999,2,-9999,N/A,-9999,-9999,N/A,-9999
2927,567.215505,567.2155754585963,567.2155253996591,2867225,-9999,343122.3,18.31,-1,0.08825382052356318,0.9985877421089734,0,0.599152645265384,6,1.7142857142857142,0.6666666666666666,N4 O14,de-protonated,0,-9999,C21 H36 O14 N4,21,36,14,4,-9999,-9999,-9999,N/A,-9999,-9999,N/A,-9999
2928,567.216623,567.2166934594825,567.216198075039,3161626,-9999,267147.4,20.36,-1,0.8733608899148373,0.4353744370318879,0.7428850341668535,0.5583786758858741,13,1.28125,0.09375,S2 P1 O3,de-protonated,0,-9999,C32 H41 O3 P1 S2,32,41,3,-9999,1,2,-9999,N/A,-9999,-9999,N/A,-9999
2928,567.216623,567.2166934594825,567.217046228209,3161626,-9999,267147.4,20.36,-1,-0.6219289932998381,0.4661113395864591,0.7550179348240812,0.581673977681508,14,1.2,0.23333333333333336,N2 S1 O7,de-protonated,0,-9999,C30 H36 O7 N2 S1,30,36,7,2,-9999,1,-9999,N/A,-9999,-9999,N/A,-9999
2928,567.216623,567.2166934594825,567.217179169939,3161626,-9999,267147.4,20.36,-1,-0.856304206413993,0.8754226329667106,0,0.5252535797800264,1,2.1578947368421053,0.7894736842105263,N2 P1 O15,de-protonated,0,-9999,C19 H41 O15 N2 P1,19,41,15,2,1,-9999,-9999,N/A,-9999,-9999,N/A,-9999
2928,567.216623,567.2166934594825,567.216666105689,3161626,-9999,267147.4,20.36,-1,0.04822459409084297,0.4997890549368137,0.7428850341668535,0.5970274466288296,19,1.03125,0.125,N4 P1 O4,de-protonated,0,-9999,C32 H33 O4 N4 P1,32,33,4,4,1,-9999,-9999,N/A,-9999,-9999,N/A,-9999
2928,567.216623,567.2166934594825,567.2163947795291,3161626,-9999,267147.4,20.36,-1,0.5265714393162396,0.47546651733399353,0.8077896627745539,0.6083957755102177,5,1.818181818181818,0.4090909090909091,N4 S2 O9,de-protonated,0,-9999,C22 H40 O9 N4 S2,22,40,9,4,-9999,2,-9999,N/A,-9999,-9999,N/A,-9999
2938,569.084386,569.0844579400742,569.084923657979,2588555.8,-9999,306948.5,16.37,-1,-0.8183627528271403,0.44278694633163734,0.6980173569463055,0.5448791105775046,35,0.375,0.025,N2 P1 O1,de-protonated,0,-9999,C40 H15 O1 N2 P1,40,15,1,2,1,-9999,-9999,N/A,-9999,-9999,N/A,-9999
2938,569.084386,569.0844579400742,569.084652331819,2588555.8,-9999,306948.5,16.37,-1,-0.3415866936532752,0.48952542388716064,0.7550179348240813,0.5957224282619289,21,0.7333333333333333,0.2,N2 S2 O6,de-protonated,0,-9999,C30 H22 O6 N2 S2,30,22,6,2,-9999,2,-9999,N/A,-9999,-9999,N/A,-9999
2938,569.084386,569.0844579400742,569.0847852735491,2588555.8,-9999,306948.5,16.37,-1,-0.5751928066139977,0.9417346699134672,0,0.5650408019480804,8,1.4210526315789471,0.7368421052631579,N2 S1 P1 O14,de-protonated,0,-9999,C19 H27 O14 N2 P1 S1,19,27,14,2,1,1,-9999,N/A,-9999,-9999,N/A,-9999
2938,569.084386,569.0844579400742,569.084272209299,2588555.8,-9999,306948.5,16.37,-1,0.3263677882149723,0.49042919813404423,0.7428850341668535,0.5914115325471678,26,0.59375,0.09375,N4 S1 P1 O3,de-protonated,0,-9999,C32 H19 O3 N4 P1 S1,32,19,3,4,1,1,-9999,N/A,-9999,-9999,N/A,-9999
2939,569.086154,569.0862259414756,569.086306102099,2746253,-9999,267422.4,17.46,-1,-0.14085846474257152,0.498203164963919,0.7675537279851021,0.6059433901723923,16,0.9642857142857144,0.25,S2 P1 O7,de-protonated,0,-9999,C28 H27 O7 P1 S2,28,27,7,-9999,1,2,-9999,N/A,-9999,-9999,N/A,-9999
2939,569.086154,569.0862259414756,569.086774132749,2746253,-9999,267422.4,17.46,-1,-0.963282399699745,0.4225211509248034,0.7675537279851021,0.5605341817489229,22,0.6785714285714286,0.2857142857142857,N4 P1 O8,de-protonated,0,-9999,C28 H19 O8 N4 P1,28,19,8,4,1,-9999,-9999,N/A,-9999,-9999,N/A,-9999
2939,569.086154,569.0862259414756,569.086502806589,2746253,-9999,267422.4,17.46,-1,-0.48650795973292216,0.9579620758074414,0,0.5747772454844648,8,1.4444444444444444,0.7222222222222222,N4 S2 O13,de-protonated,0,-9999,C18 H26 O13 N4 S2,18,26,13,4,-9999,2,-9999,N/A,-9999,-9999,N/A,-9999
2940,569.101577,569.1016489537017,569.101562243389,2014104.5,-9999,214567.7,12.37,-1,0.15236351188711286,0.9957965932618926,0,0.5974779559571356,20,0.84375,0.125,S2 P1 O4,de-protonated,0,-9999,C32 H27 O4 P1 S2,32,27,4,-9999,1,2,-9999,N/A,-9999,-9999,N/A,-9999
2940,569.101577,569.1016489537017,569.1020302740391,2014104.5,-9999,214567.7,12.37,-1,-0.6700386171754767,0.9217680082988652,0,0.5530608049793191,26,0.59375,0.15625,N4 P1 O5,de-protonated,0,-9999,C32 H19 O5 N4 P1,32,19,5,4,1,-9999,-9999,N/A,-9999,-9999,N/A,-9999
2940,569.101577,569.1016489537017,569.101758947879,2014104.5,-9999,214567.7,12.37,-1,-0.1932768184865923,0.993244735911606,0,0.5959468415469635,12,1.181818181818182,0.4545454545454546,N4 S2 O10,de-protonated,0,-9999,C22 H26 O10 N4 S2,22,26,10,4,-9999,2,-9999,N/A,-9999,-9999,N/A,-9999
2941,569.120873,569.1209449689977,569.121037841169,3588007,-9999,346301.4,23.32,-1,-0.16318527190689408,0.49758988955147226,0.7489023467070351,0.5981148724136974,20,0.8387096774193549,0.16129032258064516,N2 S2 O5,de-protonated,0,-9999,C31 H26 O5 N2 S2,31,26,5,2,-9999,2,-9999,N/A,-9999,-9999,N/A,-9999
2941,569.120873,569.1209449689977,569.1211707828991,3588007,-9999,346301.4,23.32,-1,-0.396776491447992,0.4859191948282788,0.8221557383861047,0.6204138122514091,7,1.55,0.65,N2 S1 P1 O13,de-protonated,0,-9999,C20 H31 O13 N2 P1 S1,20,31,13,2,1,1,-9999,N/A,-9999,-9999,N/A,-9999
2941,569.120873,569.1209449689977,569.120657718649,3588007,-9999,346301.4,23.32,-1,0.5047266248797566,0.4774140927325613,0.7369636471990462,0.5812339145191552,25,0.696969696969697,0.06060606060606061,N4 S1 P1 O2,de-protonated,0,-9999,C33 H23 O2 N4 P1 S1,33,23,2,4,1,1,-9999,N/A,-9999,-9999,N/A,-9999
2942,569.122452,569.1225239702494,569.122691611449,4048808.3,-9999,213563.8,26.52,-1,-0.2945607371957388,0.4921898502942953,0.7612342259156646,0.599807600542843,15,1.0689655172413792,0.20689655172413793,S2 P1 O6,de-protonated,0,-9999,C29 H31 O6 P1 S2,29,31,6,-9999,1,2,-9999,N/A,-9999,-9999,N/A,-9999
2942,569.122452,569.1225239702494,569.122888315939,4048808.3,-9999,213563.8,26.52,-1,-0.6401880807894091,0.46416636235049824,0.8295321147073604,0.6103126632932432,7,1.5789473684210529,0.631578947368421,N4 S2 O12,de-protonated,0,-9999,C19 H30 O12 N4 S2,19,30,12,4,-9999,2,-9999,N/A,-9999,-9999,N/A,-9999
2942,569.122452,569.1225239702494,569.122018936069,4048808.3,-9999,213563.8,26.52,-1,0.887391743025836,0.4334271671622259,0.8370420509349343,0.5948731206713094,8,1.4444444444444444,0.9444444444444444,N4 O17,de-protonated,0,-9999,C18 H26 O17 N4,18,26,17,4,-9999,-9999,-9999,N/A,-9999,-9999,N/A,-9999
2943,569.157174,569.1572459977739,569.157423350519,3357634.3,-9999,360392.2,21.71,-1,-0.31160578403156586,0.491267980482455,0.7428850341668535,0.5919148019562144,19,0.9375,0.125,N2 S2 O4,de-protonated,0,-9999,C32 H30 O4 N2 S2,32,30,4,2,-9999,2,-9999,N/A,-9999,-9999,N/A,-9999
2943,569.157174,569.1572459977739,569.1575562922491,3357634.3,-9999,360392.2,21.71,-1,-0.5451820357194075,0.473748833205533,0.8149093904448103,0.610213056101244,6,1.6666666666666667,0.5714285714285714,N2 S1 P1 O12,de-protonated,0,-9999,C21 H35 O12 N2 P1 S1,21,35,12,2,1,1,-9999,N/A,-9999,-9999,N/A,-9999
2943,569.157174,569.1572459977739,569.1570432279989,3357634.3,-9999,360392.2,21.71,-1,0.3562633150437193,0.48861652876413136,0.731135910132286,0.5856242813113932,24,0.7941176470588235,0.02941176470588235,N4 S1 P1 O1,de-protonated,0,-9999,C34 H27 O1 N4 P1 S1,34,27,1,4,1,1,-9999,N/A,-9999,-9999,N/A,-9999
2944,569.158744,569.1588159990184,569.159077120799,3852739.5,-9999,168746.6,25.16,-1,-0.4587852343300115,0.48126404657631994,0.7550179348240813,0.5907656018754245,14,1.1666666666666667,0.16666666666666666,S2 P1 O5,de-protonated,0,-9999,C30 H35 O5 P1 S2,30,35,5,-9999,1,2,-9999,N/A,-9999,-9999,N/A,-9999
2944,569.158744,569.1588159990184,569.159273825289,3852739.5,-9999,168746.6,25.16,-1,-0.8043904257226765,0.44461236934850457,0.8221557383861047,0.5956297169635446,6,1.7,0.55,N4 S2 O11,de-protonated,0,-9999,C20 H34 O11 N4 S2,20,34,11,4,-9999,2,-9999,N/A,-9999,-9999,N/A,-9999
2944,569.158744,569.1588159990184,569.158404445419,3852739.5,-9999,168746.6,25.16,-1,0.7230914912115662,0.4547444448851534,0.8295321147073604,0.6046595128140362,7,1.5789473684210529,0.8421052631578947,N4 O16,de-protonated,0,-9999,C19 H30 O16 N4,19,30,16,4,-9999,-9999,-9999,N/A,-9999,-9999,N/A,-9999
2945,569.174977,569.1750490118865,569.1751814152591,1999823.6,-9999,317984.6,12.27,-1,-0.23262323611607763,0.9902292112022488,0,0.5941375267213492,19,0.9375,0.1875,N2 S1 O6,de-protonated,0,-9999,C32 H30 O6 N2 S1,32,30,6,2,-9999,1,-9999,N/A,-9999,-9999,N/A,-9999
2945,569.174977,569.1750490118865,569.175314356989,1999823.6,-9999,317984.6,12.27,-1,-0.46619221855715975,0.9613322619304492,0,0.5767993571582696,6,1.6666666666666667,0.6666666666666666,N2 P1 O14,de-protonated,0,-9999,C21 H35 O14 N2 P1,21,35,14,2,1,-9999,-9999,N/A,-9999,-9999,N/A,-9999
2945,569.174977,569.1750490118865,569.174801292739,1999823.6,-9999,317984.6,12.27,-1,0.4352250784135333,0.96621377718611,0,0.579728266311666,24,0.7941176470588235,0.08823529411764706,N4 P1 O3,de-protonated,0,-9999,C34 H27 O3 N4 P1,34,27,3,4,1,-9999,-9999,N/A,-9999,-9999,N/A,-9999
2945,569.174977,569.1750490118865,569.174529966579,1999823.6,-9999,317984.6,12.27,-1,0.9119264480658228,0.8599384051620425,0,0.5159630430972254,10,1.4166666666666667,0.3333333333333333,N4 S2 O8,de-protonated,0,-9999,C24 H34 O8 N4 S2,24,34,8,4,-9999,2,-9999,N/A,-9999,-9999,N/A,-9999
2946,569.193556,569.1936280266141,569.193808859869,2687709.5,-9999,274732.2,17.06,-1,-0.3177006708956764,0.49092619862478776,0.7369636471990461,0.589341178054491,18,1.0303030303030305,0.09090909090909093,N2 S2 O3,de-protonated,0,-9999,C33 H34 O3 N2 S2,33,34,3,2,-9999,2,-9999,N/A,-9999,-9999,N/A,-9999
2946,569.193556,569.1936280266141,569.1939418015991,2687709.5,-9999,274732.2,17.06,-1,-0.5512619898856618,0.946352269219298,0,0.5678113615315787,5,1.7727272727272727,0.5,N2 S1 P1 O11,de-protonated,0,-9999,C22 H39 O11 N2 P1 S1,22,39,11,2,1,1,-9999,N/A,-9999,-9999,N/A,-9999
2947,569.195282,569.1953540279824,569.195462630149,3118814.8,-9999,202850.8,20.05,-1,-0.19079942436266936,0.49670811716890995,0.7489023467070351,0.59758580898416,13,1.2580645161290325,0.12903225806451613,S2 P1 O4,de-protonated,0,-9999,C31 H39 O4 P1 S2,31,39,4,-9999,1,2,-9999,N/A,-9999,-9999,N/A,-9999
2947,569.195282,569.1953540279824,569.195659334639,3118814.8,-9999,202850.8,20.05,-1,-0.5363826157511082,0.9491352879714908,0,0.5694811727828945,5,1.8095238095238095,0.47619047619047616,N4 S2 O10,de-protonated,0,-9999,C21 H38 O10 N4 S2,21,38,10,4,-9999,2,-9999,N/A,-9999,-9999,N/A,-9999
2947,569.195282,569.1953540279824,569.194789954769,3118814.8,-9999,202850.8,20.05,-1,0.9910020669709588,0.8367766829110778,0,0.5020660097466466,6,1.7,0.75,N4 O15,de-protonated,0,-9999,C20 H34 O15 N4,20,34,15,4,-9999,-9999,-9999,N/A,-9999,-9999,N/A,-9999
2950,570.10412,570.104192748426,570.1041840442091,2346121.8,-9999,295515.2,14.67,-1,0.0152677654298053,0.4999788521799672,0.7550179348240812,0.6019944852376129,21,0.7,0.36666666666666664,N1 O11,de-protonated,0,-9999,C30 H21 O11 N1,30,21,11,1,-9999,-9999,-9999,N/A,-9999,-9999,N/A,-9999
2950,570.10412,570.104192748426,570.104673301559,2346121.8,-9999,295515.2,14.67,-1,-0.8429208801589907,0.43952120956033663,0.7369636471990461,0.5584981846158203,25,0.6666666666666666,0.09090909090909093,N3 S1 P1 O3,de-protonated,0,-9999,C33 H22 O3 N3 P1 S1,33,22,3,3,1,1,-9999,N/A,-9999,-9999,N/A,-9999
2951,570.10637,570.1064427502097,570.106903898849,2600971.5,-9999,192442.5,16.45,-1,-0.8088809944599551,0.8880566152446508,0,0.5328339691467905,7,1.5263157894736843,0.6842105263157895,N3 S2 O13,de-protonated,0,-9999,C19 H29 O13 N3 S2,19,29,13,3,-9999,2,-9999,N/A,-9999,-9999,N/A,-9999
2955,571.080345,571.0804185222879,571.0808267984991,2119018.8,-9999,205338.4,13.09,-1,-0.7149184353384747,0.9114304941318702,0,0.5468582964791221,20,0.8064516129032258,0.16129032258064516,S2 P1 O5,de-protonated,0,-9999,C31 H25 O5 P1 S2,31,25,5,-9999,1,2,-9999,N/A,-9999,-9999,N/A,-9999
2955,571.080345,571.0804185222879,571.0799574186291,2119018.8,-9999,205338.4,13.09,-1,0.8074239917647308,0.888436166944821,0,0.5330617001668926,21,0.7,0.3333333333333333,P1 O10,de-protonated,0,-9999,C30 H21 O10 P1,30,21,10,-9999,1,-9999,-9999,N/A,-9999,-9999,N/A,-9999
2955,571.080345,571.0804185222879,571.0801541231191,2119018.8,-9999,205338.4,13.09,-1,0.46298083888652425,0.961852896717716,0,0.5771117380306295,13,1,0.8,N4 O16,de-protonated,0,-9999,C20 H20 O16 N4,20,20,16,4,-9999,-9999,-9999,N/A,-9999,-9999,N/A,-9999
2956,571.100648,571.1007215383823,571.100953844959,2154362.3,-9999,223509.8,13.34,-1,-0.40676972275945994,0.9510396896696696,0.6971220511978582,0.849472634280945,29,0.5263157894736842,0.10526315789473684,S1 O4,de-protonated,0,-9999,C38 H20 O4 S1,38,20,4,-9999,-9999,1,-9999,N/A,-9999,-9999,N/A,-9999
2956,571.100648,571.1007215383823,571.101086786689,2154362.3,-9999,223509.8,13.34,-1,-0.6395510622510294,0.9284700539781882,0,0.5570820323869129,16,0.925925925925926,0.4444444444444444,P1 O12,de-protonated,0,-9999,C27 H25 O12 P1,27,25,12,-9999,1,-9999,-9999,N/A,-9999,-9999,N/A,-9999
2956,571.100648,571.1007215383823,571.1005737224389,2154362.3,-9999,223509.8,13.34,-1,0.2588264664396498,0.9938152912238534,0.7078230838210048,0.8794184082627139,34,0.425,0.025,N2 P1 O1,de-protonated,0,-9999,C40 H17 O1 N2 P1,40,17,1,2,1,-9999,-9999,N/A,-9999,-9999,N/A,-9999
2956,571.100648,571.1007215383823,571.1003023962791,2154362.3,-9999,223509.8,13.34,-1,0.7339202965296777,0.9068888898915264,0,0.5441333339349159,20,0.8,0.2,N2 S2 O6,de-protonated,0,-9999,C30 H24 O6 N2 S2,30,24,6,2,-9999,2,-9999,N/A,-9999,-9999,N/A,-9999
2956,571.100648,571.1007215383823,571.1004353380091,2154362.3,-9999,223509.8,13.34,-1,0.5011384259749497,0.9554537001394718,0,0.5732722200836831,7,1.5263157894736843,0.7368421052631579,N2 S1 P1 O14,de-protonated,0,-9999,C19 H29 O14 N2 P1 S1,19,29,14,2,1,1,-9999,N/A,-9999,-9999,N/A,-9999
2957,571.116974,571.1170475513242,571.1172123078491,2350470.5,-9999,272455.3,14.7,-1,-0.2884811057087945,0.49250651753138064,0.7428850341668536,0.5926579241855698,19,0.90625,0.125,S2 P1 O4,de-protonated,0,-9999,C32 H29 O4 P1 S2,32,29,4,-9999,1,2,-9999,N/A,-9999,-9999,N/A,-9999
2957,571.116974,571.1170475513242,571.1174090123391,2350470.5,-9999,272455.3,14.7,-1,-0.6329014125648864,0.929896631892147,0,0.5579379791352882,11,1.2727272727272727,0.4545454545454546,N4 S2 O10,de-protonated,0,-9999,C22 H28 O10 N4 S2,22,28,10,4,-9999,2,-9999,N/A,-9999,-9999,N/A,-9999
2957,571.116974,571.1170475513242,571.116539632469,2350470.5,-9999,272455.3,14.7,-1,0.8893436276921839,0.8663090283966376,0,0.5197854170379825,12,1.1428571428571428,0.7142857142857143,N4 O15,de-protonated,0,-9999,C21 H24 O15 N4,21,24,15,4,-9999,-9999,-9999,N/A,-9999,-9999,N/A,-9999
2958,571.136569,571.1366425668573,571.137200969879,2964885.3,-9999,323272.2,18.97,-1,-0.977703817540816,0.8407611537646603,0,0.5044566922587962,1,2,0.8888888888888888,S2 O16,de-protonated,0,-9999,C18 H36 O16 S2,18,36,16,-9999,-9999,2,-9999,N/A,-9999,-9999,N/A,-9999
2958,571.136569,571.1366425668573,571.1366879056291,2964885.3,-9999,323272.2,18.97,-1,-0.07938339933314192,0.4994286069601727,0.7489023467070351,0.5992181028589176,19,0.9032258064516128,0.16129032258064516,N2 S2 O5,de-protonated,0,-9999,C31 H28 O5 N2 S2,31,28,5,2,-9999,2,-9999,N/A,-9999,-9999,N/A,-9999
2958,571.136569,571.1366425668573,571.136820847359,2964885.3,-9999,323272.2,18.97,-1,-0.31215025050494505,0.9824754164499429,0,0.5894852498699656,6,1.65,0.65,N2 S1 P1 O13,de-protonated,0,-9999,C20 H33 O13 N2 P1 S1,20,33,13,2,1,1,-9999,N/A,-9999,-9999,N/A,-9999
2958,571.136569,571.1366425668573,571.136307783109,2964885.3,-9999,323272.2,18.97,-1,0.5861713634655503,0.46977924751152134,0.7369636471990461,0.5766530073865312,24,0.7575757575757576,0.06060606060606061,N4 S1 P1 O2,de-protonated,0,-9999,C33 H25 O2 N4 P1 S1,33,25,2,4,1,1,-9999,N/A,-9999,-9999,N/A,-9999
2959,571.138298,571.1383715682277,571.138341675909,2943382.8,-9999,250989.9,18.82,-1,0.05233814038768818,0.4997515422877607,0.7612342259156646,0.6043446157389223,14,1.137931034482759,0.20689655172413793,S2 P1 O6,de-protonated,0,-9999,C29 H33 O6 P1 S2,29,33,6,-9999,1,2,-9999,N/A,-9999,-9999,N/A,-9999
2959,571.138298,571.1383715682277,571.1388097065591,2943382.8,-9999,250989.9,18.82,-1,-0.7671310789720297,0.44936134630180585,0.7612342259156645,0.5741104981473493,20,0.8620689655172413,0.2413793103448276,N4 P1 O7,de-protonated,0,-9999,C29 H25 O7 N4 P1,29,25,7,4,1,-9999,-9999,N/A,-9999,-9999,N/A,-9999
2959,571.138298,571.1383715682277,571.138538380399,2943382.8,-9999,250989.9,18.82,-1,-0.2920695419609149,0.9846407641750508,0,0.5907844585050305,6,1.6842105263157894,0.631578947368421,N4 S2 O12,de-protonated,0,-9999,C19 H32 O12 N4 S2,19,32,12,4,-9999,2,-9999,N/A,-9999,-9999,N/A,-9999
2960,571.152884,571.1529575797903,571.1527284373291,2473377.8,-9999,253444.7,15.55,-1,0.40119297306154866,0.4856085660188605,0.7428850341668535,0.5885191532780576,19,0.90625,0.25,P1 O8,de-protonated,0,-9999,C32 H29 O8 P1,32,29,8,-9999,1,-9999,-9999,N/A,-9999,-9999,N/A,-9999
2960,571.152884,571.1529575797903,571.152457111169,2473377.8,-9999,253444.7,15.55,-1,0.8762434880475005,0.8699523993234053,0,0.5219714395940431,5,1.6363636363636365,0.5909090909090909,S2 O13,de-protonated,0,-9999,C22 H36 O13 S2,22,36,13,-9999,-9999,2,-9999,N/A,-9999,-9999,N/A,-9999
2960,571.152884,571.1529575797903,571.1529251418191,2473377.8,-9999,253444.7,15.55,-1,0.05679384584700888,0.9994149010734902,0,0.5996489406440941,11,1.2727272727272727,0.6363636363636364,N4 O14,de-protonated,0,-9999,C22 H28 O14 N4,22,28,14,4,-9999,-9999,-9999,N/A,-9999,-9999,N/A,-9999
2961,571.154364,571.1544375809634,571.154445970369,2160034.8,-9999,347240.3,13.37,-1,-0.01468850615192351,0.999960852810658,0,0.5999765116863948,19,0.9032258064516128,0.2258064516129032,N2 S1 O7,de-protonated,0,-9999,C31 H28 O7 N2 S1,31,28,7,2,-9999,1,-9999,N/A,-9999,-9999,N/A,-9999
2961,571.154364,571.1544375809634,571.154578912099,2160034.8,-9999,347240.3,13.37,-1,-0.24744813550562889,0.9889512821687988,0,0.5933707693012792,6,1.65,0.75,N2 P1 O15,de-protonated,0,-9999,C20 H33 O15 N2 P1,20,33,15,2,1,-9999,-9999,N/A,-9999,-9999,N/A,-9999
2961,571.154364,571.1544375809634,571.1540658478491,2160034.8,-9999,347240.3,13.37,-1,0.6508456063757262,0.463008973123541,0.7369636471990461,0.572590842753743,24,0.7575757575757576,0.12121212121212122,N4 P1 O4,de-protonated,0,-9999,C33 H25 O4 N4 P1,33,25,4,4,1,-9999,-9999,N/A,-9999,-9999,N/A,-9999
2962,571.165862,571.165935590078,571.166330808339,2087595.5,-9999,174525.3,12.87,-1,-0.6919495070023673,0.458395126725213,0.7087183895694521,0.5585244318629086,28,0.631578947368421,0.10526315789473684,N2 O4,de-protonated,0,-9999,C38 H24 O4 N2,38,24,4,2,-9999,-9999,-9999,N/A,-9999,-9999,N/A,-9999
2962,571.165862,571.165935590078,571.1656793596591,2087595.5,-9999,174525.3,12.87,-1,0.4486096209669403,0.9641420354542474,0,0.5784852212725484,19,0.9333333333333332,0.2,N4 S1 O6,de-protonated,0,-9999,C30 H28 O6 N4 S1,30,28,6,4,-9999,1,-9999,N/A,-9999,-9999,N/A,-9999
2962,571.165862,571.165935590078,571.165812301389,2087595.5,-9999,174525.3,12.87,-1,0.2158544617714707,0.991581371188492,0,0.5949488227130952,6,1.736842105263158,0.7368421052631579,N4 P1 O14,de-protonated,0,-9999,C19 H33 O14 N4 P1,19,33,14,4,1,-9999,-9999,N/A,-9999,-9999,N/A,-9999
2963,571.17349,571.1735635961248,571.173724863659,2573233.3,-9999,198824.5,16.25,-1,-0.2823441050374981,0.492819675280027,0.6980173569463056,0.5748987479465384,27,0.7,0.05,S1 O2,de-protonated,0,-9999,C40 H28 O2 S1,40,28,2,-9999,-9999,1,-9999,N/A,-9999,-9999,N/A,-9999
2963,571.17349,571.1735635961248,571.173857805389,2573233.3,-9999,198824.5,16.25,-1,-0.5150958157328247,0.4764989224570469,0.7612342259156646,0.5903930438404938,14,1.137931034482759,0.3448275862068966,P1 O10,de-protonated,0,-9999,C29 H33 O10 P1,29,33,10,-9999,1,-9999,-9999,N/A,-9999,-9999,N/A,-9999
2963,571.17349,571.1735635961248,571.173586479229,2573233.3,-9999,198824.5,16.25,-1,-0.0400633095108287,0.9997088047859912,0,0.5998252828715948,0,2.1052631578947367,0.7894736842105263,S2 O15,de-protonated,0,-9999,C19 H40 O15 S2,19,40,15,-9999,-9999,2,-9999,N/A,-9999,-9999,N/A,-9999
2963,571.17349,571.1735635961248,571.1730734149791,2573233.3,-9999,198824.5,16.25,-1,0.8582007251282721,0.4374531443494181,0.7428850341668535,0.5596259002763923,18,1,0.125,N2 S2 O4,de-protonated,0,-9999,C32 H32 O4 N2 S2,32,32,4,2,-9999,2,-9999,N/A,-9999,-9999,N/A,-9999
2963,571.17349,571.1735635961248,571.1732063567091,2573233.3,-9999,198824.5,16.25,-1,0.625448483505034,0.9314803813498672,0,0.5588882288099203,5,1.761904761904762,0.5714285714285714,N2 S1 P1 O12,de-protonated,0,-9999,C21 H37 O12 N2 P1 S1,21,37,12,2,1,1,-9999,N/A,-9999,-9999,N/A,-9999
2963,571.17349,571.1735635961248,571.174054509879,2573233.3,-9999,198824.5,16.25,-1,-0.8594818870776545,0.8745570071749723,0,0.5247342043049834,6,1.6842105263157894,0.8421052631578947,N4 O16,de-protonated,0,-9999,C19 H32 O16 N4,19,32,16,4,-9999,-9999,-9999,N/A,-9999,-9999,N/A,-9999
2964,571.188807,571.1888806082667,571.189113946679,2001244.9,-9999,193647.2,12.27,-1,-0.4085134092627596,0.9701731304472996,0,0.5821038782683796,18,1,0.21212121212121213,P1 O7,de-protonated,0,-9999,C33 H33 O7 P1,33,33,7,-9999,1,-9999,-9999,N/A,-9999,-9999,N/A,-9999
2964,571.188807,571.1888806082667,571.188842620519,2001244.9,-9999,193647.2,12.27,-1,0.06650645953079694,0.9991977546246612,0,0.5995186527747967,4,1.7391304347826086,0.5217391304347826,S2 O12,de-protonated,0,-9999,C23 H40 O12 S2,23,40,12,-9999,-9999,2,-9999,N/A,-9999,-9999,N/A,-9999
2964,571.188807,571.1888806082667,571.188329556269,2001244.9,-9999,193647.2,12.27,-1,0.9647465979320086,0.4223047772122357,0.719752637322661,0.5412839212564058,22,0.8888888888888888,0.02777777777777777,N2 S2 O1,de-protonated,0,-9999,C36 H32 O1 N2 S2,36,32,1,2,-9999,2,-9999,N/A,-9999,-9999,N/A,-9999
2964,571.188807,571.1888806082667,571.188462497999,2001244.9,-9999,193647.2,12.27,-1,0.7320005481997545,0.9073520952936988,0,0.5444112571762192,9,1.48,0.36,N2 S1 P1 O9,de-protonated,0,-9999,C25 H37 O9 N2 P1 S1,25,37,9,2,1,1,-9999,N/A,-9999,-9999,N/A,-9999
2964,571.188807,571.1888806082667,571.1893106511691,2001244.9,-9999,193647.2,12.27,-1,-0.7528903191552646,0.9022595338338684,0,0.5413557203003211,10,1.391304347826087,0.5652173913043478,N4 O13,de-protonated,0,-9999,C23 H32 O13 N4,23,32,13,4,-9999,-9999,-9999,N/A,-9999,-9999,N/A,-9999
2965,571.190058,571.1901316092584,571.1899833265489,2250685.8,-9999,269994.8,14.01,-1,0.2596031334390056,0.49392297517132133,0.7311359101322861,0.5888081491557072,17,1.088235294117647,0.0588235294117647,S2 P1 O2,de-protonated,0,-9999,C34 H37 O2 P1 S2,34,37,2,-9999,1,2,-9999,N/A,-9999,-9999,N/A,-9999
2965,571.190058,571.1901316092584,571.190451357199,2250685.8,-9999,269994.8,14.01,-1,-0.5597921670786403,0.47236312332835817,0.7311359101322861,0.5758722380499293,23,0.8529411764705882,0.08823529411764706,N4 P1 O3,de-protonated,0,-9999,C34 H29 O3 N4 P1,34,29,3,4,1,-9999,-9999,N/A,-9999,-9999,N/A,-9999
2965,571.190058,571.1901316092584,571.1901800310391,2250685.8,-9999,269994.8,14.01,-1,-0.08477348237836446,0.9986968609804782,0,0.5992181165882868,9,1.5,0.3333333333333333,N4 S2 O8,de-protonated,0,-9999,C24 H36 O8 N4 S2,24,36,8,4,-9999,2,-9999,N/A,-9999,-9999,N/A,-9999
2966,571.202507,571.2025806191268,571.202716317689,2089543.1,-9999,202386.4,12.88,-1,-0.23756638109923373,0.4949058470008971,0.7033271719038788,0.5782743769620898,27,0.717948717948718,0.07692307692307693,N2 O3,de-protonated,0,-9999,C39 H28 O3 N2,39,28,3,2,-9999,-9999,-9999,N/A,-9999,-9999,N/A,-9999
2966,571.202507,571.2025806191268,571.202577933259,2089543.1,-9999,202386.4,12.88,-1,0.00470212828539579,0.9999959881757038,0,0.5999975929054222,0,2.2222222222222223,0.8888888888888888,N2 S1 O16,de-protonated,0,-9999,C18 H40 O16 N2 S1,18,40,16,2,-9999,1,-9999,N/A,-9999,-9999,N/A,-9999
2966,571.202507,571.2025806191268,571.2020648690091,2089543.1,-9999,202386.4,12.88,-1,0.9029206115959536,0.862492455197731,0,0.5174954731186385,18,1.032258064516129,0.16129032258064516,N4 S1 O5,de-protonated,0,-9999,C31 H32 O5 N4 S1,31,32,5,4,-9999,1,-9999,N/A,-9999,-9999,N/A,-9999
2966,571.202507,571.2025806191268,571.2030671906091,2089543.1,-9999,202386.4,12.88,-1,-0.85183625617257,0.8766357543175807,0,0.5259814525905484,4,1.9523809523809523,0.380952380952381,N4 S2 P1 O8,de-protonated,0,-9999,C21 H41 O8 N4 P1 S2,21,41,8,4,1,2,-9999,N/A,-9999,-9999,N/A,-9999
2966,571.202507,571.2025806191268,571.202197810739,2089543.1,-9999,202386.4,12.88,-1,0.6701801731388922,0.9217362781684746,0,0.5530417669010848,5,1.85,0.65,N4 P1 O13,de-protonated,0,-9999,C20 H37 O13 N4 P1,20,37,13,4,1,-9999,-9999,N/A,-9999,-9999,N/A,-9999
2969,572.102007,572.1020813321682,572.1020760439291,2049649.8,-9999,303684.9,12.6,-1,0.0092435236928228,0.9999844966490176,0,0.5999906979894106,20,0.7666666666666667,0.3,N1 S1 O9,de-protonated,0,-9999,C30 H23 O9 N1 S1,30,23,9,1,-9999,1,-9999,N/A,-9999,-9999,N/A,-9999
2969,572.102007,572.1020813321682,572.1022089856591,2049649.8,-9999,303684.9,12.6,-1,-0.22313056818234023,0.9910068512641248,0,0.594604110758475,7,1.4736842105263157,0.8947368421052632,N1 P1 O17,de-protonated,0,-9999,C19 H28 O17 N1 P1,19,28,17,1,1,-9999,-9999,N/A,-9999,-9999,N/A,-9999
2969,572.102007,572.1020813321682,572.1025653012789,2049649.8,-9999,303684.9,12.6,-1,-0.8459481570257655,0.8782273201443563,0,0.5269363920866138,24,0.7272727272727273,0.0303030303030303,N3 S2 P1 O1,de-protonated,0,-9999,C33 H24 O1 N3 P1 S2,33,24,1,3,1,2,-9999,N/A,-9999,-9999,N/A,-9999
2969,572.102007,572.1020813321682,572.101695921409,2049649.8,-9999,303684.9,12.6,-1,0.6736752606573216,0.9209510677260592,0,0.5525706406356354,25,0.625,0.1875,N3 P1 O6,de-protonated,0,-9999,C32 H20 O6 N3 P1,32,20,6,3,1,-9999,-9999,N/A,-9999,-9999,N/A,-9999
2970,572.103877,572.1039513336506,572.104308680029,3154035,-9999,187048.6,20.28,-1,-0.6246175269593867,0.9316559632437308,0.6971220511978582,0.8378423984253817,29,0.5405405405405406,0.10810810810810811,13C1 S1 O4,de-protonated,1,2956,C37 H20 O4 S1 13C1,37,20,4,-9999,-9999,1,1,N/A,-9999,-9999,N/A,-9999
2970,572.103877,572.1039513336506,572.103928557509,3154035,-9999,187048.6,20.28,-1,0.03981119590390478,0.9997124576424492,0.7078230838210048,0.8829567081138715,34,0.4358974358974359,0.02564102564102564,13C1 N2 P1 O1,de-protonated,1,2956,C39 H17 O1 N2 P1 13C1,39,17,1,2,1,-9999,1,N/A,-9999,-9999,N/A,-9999
2970,572.103877,572.1039513336506,572.104064903129,3154035,-9999,187048.6,20.28,-1,-0.19851192366061152,0.49643757872526456,0.7033271719038788,0.5791934159967103,34,0.38461538461538464,0.07692307692307693,N3 O3,de-protonated,0,-9999,C39 H15 O3 N3,39,15,3,3,-9999,-9999,-9999,N/A,-9999,-9999,N/A,-9999
2970,572.103877,572.1039513336506,572.103926518699,3154035,-9999,187048.6,20.28,-1,0.04337490162156755,0.9996586839527756,0,0.5997952103716653,7,1.5,0.8888888888888888,N3 S1 O16,de-protonated,0,-9999,C18 H27 O16 N3 S1,18,27,16,3,-9999,1,-9999,N/A,-9999,-9999,N/A,-9999
2975,573.094302,573.0943771187689,573.0948230926791,2295142.3,-9999,306284.5,14.3,-1,-0.7781852012536676,0.4479706948138917,0.7369636471990461,0.5635678757679534,24,0.6666666666666666,0.12121212121212122,N2 S2 O4,de-protonated,0,-9999,C33 H22 O4 N2 S2,33,22,4,2,-9999,2,-9999,N/A,-9999,-9999,N/A,-9999
2975,573.094302,573.0943771187689,573.093953712809,2295142.3,-9999,306284.5,14.3,-1,0.7388072358942064,0.4528526738802,0.7428850341668535,0.56886561799486135,25,0.5625,0.28125,N2 O9,de-protonated,0,-9999,C32 H18 O9 N2,32,18,9,2,-9999,-9999,-9999,N/A,-9999,-9999,N/A,-9999
2975,573.094302,573.0943771187689,573.0944429701589,2295142.3,-9999,306284.5,14.3,-1,-0.11490495292438378,0.4988035867435601,0.7253996187124169,0.5894419995311029,29,0.5428571428571428,0.02857142857142857,N4 S1 P1 O1,de-protonated,0,-9999,C35 H19 O1 N4 P1 S1,35,19,1,4,1,1,-9999,N/A,-9999,-9999,N/A,-9999
2976,573.096304,573.096379120356,573.0964768629591,2906471.8,-9999,229626.7,18.56,-1,-0.17055174309152735,0.4973679716255792,0.7489023467070351,0.5979817216581615,19,0.8709677419354839,0.16129032258064516,S2 P1 O5,de-protonated,0,-9999,C31 H27 O5 P1 S2,31,27,5,-9999,1,2,-9999,N/A,-9999,-9999,N/A,-9999
2976,573.096304,573.096379120356,573.096944893609,2906471.8,-9999,229626.7,18.56,-1,-0.9872208499041188,0.4189565856372025,0.7489023467070351,0.5509348900651356,25,0.6129032258064516,0.1935483870967742,N4 P1 O6,de-protonated,0,-9999,C31 H19 O6 N4 P1,31,19,6,4,1,-9999,-9999,N/A,-9999,-9999,N/A,-9999
2976,573.096304,573.096379120356,573.0966735674491,2906471.8,-9999,229626.7,18.56,-1,-0.51378258970535,0.9532315146772884,0,0.5719389088063731,11,1.238095238095238,0.5238095238095238,N4 S2 O11,de-protonated,0,-9999,C21 H26 O11 N4 S2,21,26,11,4,-9999,2,-9999,N/A,-9999,-9999,N/A,-9999
2977,573.131023,573.131098147878,573.130852286409,2771842.3,-9999,329332.5,17.62,-1,0.4289796440559171,0.9671604916568532,0,0.580296294994112,6,1.5,0.95,O19,de-protonated,0,-9999,C20 H30 O19,20,30,19,-9999,-9999,-9999,-9999,N/A,-9999,-9999,N/A,-9999
2977,573.131023,573.131098147878,573.131208602029,2771842.3,-9999,329332.5,17.62,-1,-0.1927205312767572,0.49664171755451286,0.7311359101322861,0.5904393945856221,23,0.7647058823529411,0.08823529411764706,N2 S2 O3,de-protonated,0,-9999,C34 H26 O3 N2 S2,34,26,3,2,-9999,2,-9999,N/A,-9999,-9999,N/A,-9999
2977,573.131023,573.131098147878,573.131341543759,2771842.3,-9999,329332.5,17.62,-1,-0.42467731811950954,0.9678052304288696,0,0.5806831382573217,10,1.3478260869565215,0.4782608695652174,N2 S1 P1 O11,de-protonated,0,-9999,C23 H31 O11 N2 P1 S1,23,31,11,2,1,1,-9999,N/A,-9999,-9999,N/A,-9999
2977,573.131023,573.131098147878,573.1306900950791,2771842.3,-9999,329332.5,17.62,-1,0.7119716426654956,0.9121261319187276,0,0.5472756791512366,1,2.3333333333333335,0.8666666666666667,N4 S2 P1 O13,de-protonated,0,-9999,C15 H35 O13 N4 P1 S2,15,35,13,4,1,2,-9999,N/A,-9999,-9999,N/A,-9999
2978,573.13264,573.1327151491598,573.132862372309,2951299.5,-9999,189487.9,18.87,-1,-0.2568743808316559,0.4940492986769276,0.7428850341668535,0.5935835928728979,18,0.96875,0.125,S2 P1 O4,de-protonated,0,-9999,C32 H31 O4 P1 S2,32,31,4,-9999,1,2,-9999,N/A,-9999,-9999,N/A,-9999
2978,573.13264,573.1327151491598,573.133059076799,2951299.5,-9999,189487.9,18.87,-1,-0.6000834077143864,0.9367492055516932,0,0.562049523331016,10,1.3636363636363635,0.4545454545454546,N4 S2 O10,de-protonated,0,-9999,C22 H30 O10 N4 S2,22,30,10,4,-9999,2,-9999,N/A,-9999,-9999,N/A,-9999
2978,573.13264,573.1327151491598,573.132189696929,2951299.5,-9999,189487.9,18.87,-1,0.9168080946485472,0.8585465742398204,0,0.5151279445438922,11,1.238095238095238,0.7142857142857143,N4 O15,de-protonated,0,-9999,C21 H26 O15 N4,21,26,15,4,-9999,-9999,-9999,N/A,-9999,-9999,N/A,-9999
2979,573.167425,573.1675001767342,573.167237795759,2525086,-9999,368543,15.9,-1,0.4577738535715327,0.962690005109642,0,0.5776140030657853,5,1.619047619047619,0.8571428571428571,O18,de-protonated,0,-9999,C21 H34 O18,21,34,18,-9999,-9999,-9999,-9999,N/A,-9999,-9999,N/A,-9999
2979,573.167425,573.1675001767342,573.167594111379,2525086,-9999,368543,15.9,-1,-0.1638868732334367,0.4975691714338192,0.7253996187124169,0.5887013503452583,22,0.8571428571428571,0.05714285714285714,N2 S2 O2,de-protonated,0,-9999,C35 H30 O2 N2 S2,35,30,2,2,-9999,2,-9999,N/A,-9999,-9999,N/A,-9999
2979,573.167425,573.1675001767342,573.167727053109,2525086,-9999,368543,15.9,-1,-0.3958289418144274,0.9719708349359428,0,0.5831825009615657,9,1.4583333333333333,0.4166666666666667,N2 S1 P1 O10,de-protonated,0,-9999,C24 H35 O10 N2 P1 S1,24,35,10,2,1,1,-9999,N/A,-9999,-9999,N/A,-9999
2979,573.167425,573.1675001767342,573.167075604429,2525086,-9999,368543,15.9,-1,0.7407478957691132,0.9052336017766272,0,0.5431401610659763,0,2.4375,0.75,N4 S2 P1 O12,de-protonated,0,-9999,C16 H39 O12 N4 P1 S2,16,39,12,4,1,2,-9999,N/A,-9999,-9999,N/A,-9999
2980,573.169123,573.1691981780803,573.169247881659,2968991.5,-9999,192698.9,18.99,-1,-0.08671710652394342,0.4993182311842895,0.7369636471990461,0.5943763975901921,17,1.0606060606060606,0.09090909090909093,S2 P1 O3,de-protonated,0,-9999,C33 H35 O3 P1 S2,33,35,3,-9999,1,2,-9999,N/A,-9999,-9999,N/A,-9999
2980,573.169123,573.1691981780803,573.169715912309,2968991.5,-9999,192698.9,18.99,-1,-0.9032825956988116,0.43119507007874264,0.7369636471990462,0.553502500926864,23,0.8181818181818182,0.12121212121212122,N4 P1 O4,de-protonated,0,-9999,C33 H27 O4 N4 P1,33,27,4,4,1,-9999,-9999,N/A,-9999,-9999,N/A,-9999
2980,573.169123,573.1691981780803,573.1694445861491,2968991.5,-9999,192698.9,18.99,-1,-0.42990440466487223,0.4835105583187737,0.8007932653391622,0.610423641126929,9,1.4782608695652173,0.391304347826087,N4 S2 O9,de-protonated,0,-9999,C23 H34 O9 N4 S2,23,34,9,4,-9999,2,-9999,N/A,-9999,-9999,N/A,-9999
2981,573.203712,573.2037872054992,573.2036233051091,2798521.8,-9999,273333.9,17.8,-1,0.28593746353090266,0.9852742138286236,0,0.591164528297174,4,1.7272727272727273,0.7727272727272727,O17,de-protonated,0,-9999,C22 H38 O17,22,38,17,-9999,-9999,-9999,-9999,N/A,-9999,-9999,N/A,-9999
2981,573.203712,573.2037872054992,573.203979620729,2798521.8,-9999,273333.9,17.8,-1,-0.3356836948400175,0.4898806635067538,0.719752637322661,0.5818294530331167,21,0.9444444444444444,0.02777777777777777,N2 S2 O1,de-protonated,0,-9999,C36 H34 O1 N2 S2,36,34,1,2,-9999,2,-9999,N/A,-9999,-9999,N/A,-9999
2981,573.203712,573.2037872054992,573.204112562459,2798521.8,-9999,273333.9,17.8,-1,-0.5676110004960985,0.4716081984257907,0.7871578612348809,0.5978280635494269,8,1.56,0.36,N2 S1 P1 O9,de-protonated,0,-9999,C25 H39 O9 N2 P1 S1,25,39,9,2,1,1,-9999,N/A,-9999,-9999,N/A,-9999
2982,573.205076,573.2051512065804,573.205633391009,2592570.8,-9999,145712.7,16.37,-1,-0.8412067162830612,0.43975149938400593,0.731135910132286,0.5563052636833179,16,1.1470588235294117,0.0588235294117647,S2 P1 O2,de-protonated,0,-9999,C34 H39 O2 P1 S2,34,39,2,-9999,1,2,-9999,N/A,-9999,-9999,N/A,-9999
2982,573.205076,573.2051512065804,573.204764011139,2592570.8,-9999,145712.7,16.37,-1,0.6754923644616467,0.4602707435329674,0.7369636471990461,0.5709479049993988,17,1.0606060606060606,0.21212121212121213,P1 O7,de-protonated,0,-9999,C33 H35 O7 P1,33,35,7,-9999,1,-9999,-9999,N/A,-9999,-9999,N/A,-9999
2982,573.205076,573.2051512065804,573.204960715629,2592570.8,-9999,145712.7,16.37,-1,0.3323260690492412,0.980160147630041,0,0.5880960885780245,9,1.4782608695652173,0.5652173913043478,N4 O13,de-protonated,0,-9999,C23 H34 O13 N4,23,34,13,4,-9999,-9999,-9999,N/A,-9999,-9999,N/A,-9999
2983,573.241812,573.2418872357014,573.242018900359,2208215,-9999,238025.2,13.7,-1,-0.2296842402691882,0.4952366851713131,0.7253996187124169,0.5873018585877545,15,1.2285714285714286,0.02857142857142857,S2 P1 O1,de-protonated,0,-9999,C35 H43 O1 P1 S2,35,43,1,-9999,1,2,-9999,N/A,-9999,-9999,N/A,-9999
2983,573.241812,573.2418872357014,573.2422156048491,2208215,-9999,238025.2,13.7,-1,-0.5728279229699293,0.942198702918004,0,0.5653192217508023,7,1.68,0.28,N4 S2 O7,de-protonated,0,-9999,C25 H42 O7 N4 S2,25,42,7,4,-9999,2,-9999,N/A,-9999,-9999,N/A,-9999
2983,573.241812,573.2418872357014,573.2413462249791,2208215,-9999,238025.2,13.7,-1,0.9437747744846576,0.8507658721908337,0,0.5104595233145002,8,1.5833333333333333,0.5,N4 O12,de-protonated,0,-9999,C24 H38 O12 N4,24,38,12,4,-9999,-9999,-9999,N/A,-9999,-9999,N/A,-9999
2984,574.993252,574.9933286240829,574.9935874848491,11325720,-9999,221323.9,77.1,-1,-0.4501976575056264,0.3212974552819297,0.7853297361592265,0.5069103676328485,8,1.2352941176470589,0.9411764705882352,S2 P1 O16,de-protonated,0,-9999,C17 H21 O16 P1 S2,17,21,16,-9999,1,2,-9999,N/A,-9999,-9999,N/A,-9999
2984,574.993252,574.9933286240829,574.9930744205991,11325720,-9999,221323.9,77.1,-1,0.44209834013691895,0.32171905786046956,0.7072361098895067,0.47592587867208447,26,0.43333333333333335,0.16666666666666666,N2 S2 P1 O5,de-protonated,0,-9999,C30 H13 O5 N2 P1 S2,30,13,5,2,1,2,-9999,N/A,-9999,-9999,N/A,-9999
2985,574.994842,574.9949186253432,574.9950870866991,14874906,-9999,197662.6,101.79,-1,-0.2929787743704035,0.4922728652720792,0.8007932653391622,0.6156810252989124,18,0.5217391304347826,0.782608695652174,O18,de-protonated,0,-9999,C23 H12 O18,23,12,18,-9999,-9999,-9999,-9999,N/A,-9999,-9999,N/A,-9999
2985,574.994842,574.9949186253432,574.9949248953691,14874906,-9999,197662.6,101.79,-1,-0.01090448910206323,0.666120637366805,0.848397265606526,0.7390312886626934,13,0.9444444444444444,0.6666666666666666,N4 S2 P1 O12,de-protonated,0,-9999,C18 H17 O12 N4 P1 S2,18,17,12,4,1,2,-9999,N/A,-9999,-9999,N/A,-9999
2986,575.076524,575.0766006900933,575.076589571239,2480472.5,-9999,161420,15.58,-1,0.01933456261845225,0.4999660860943509,0.7675537279851021,0.6070011428506514,20,0.7142857142857143,0.35714285714285715,N2 S1 O10,de-protonated,0,-9999,C28 H20 O10 N2 S1,28,20,10,2,-9999,1,-9999,N/A,-9999,-9999,N/A,-9999
2986,575.076524,575.0766006900933,575.077078828589,2480472.5,-9999,161420,15.58,-1,-0.8314337561684912,0.4410577728926943,0.7489023467070351,0.5641956024184307,24,0.6774193548387096,0.06451612903225806,N4 S2 P1 O2,de-protonated,0,-9999,C31 H21 O2 N4 P1 S2,31,21,2,4,1,2,-9999,N/A,-9999,-9999,N/A,-9999
2986,575.076524,575.0766006900933,575.076209448719,2480472.5,-9999,161420,15.58,-1,0.6803296116536673,0.4597233372666113,0.7550179348240813,0.5778411762895993,25,0.5666666666666667,0.23333333333333336,N4 P1 O7,de-protonated,0,-9999,C30 H17 O7 N4 P1,30,17,7,4,1,-9999,-9999,N/A,-9999,-9999,N/A,-9999
2987,575.1102,575.1102767167885,575.110473157139,2659698.5,-9999,293424.6,15.96,-1,-0.3415697674565084,0.4895264509785809,0.7369636471990461,0.5885013294667669,23,0.7272727272727273,0.12121212121212122,N2 S2 O4,de-protonated,0,-9999,C33 H24 O4 N2 S2,33,24,4,2,-9999,2,-9999,N/A,-9999,-9999,N/A,-9999
2987,575.1102,575.1102767167885,575.1106060988691,2659698.5,-9999,293424.6,15.96,-1,-0.5727282319767002,0.9422182271129772,0,0.5653309362677862,10,1.318181818181818,0.5454545454545454,N2 S1 P1 O12,de-protonated,0,-9999,C22 H29 O12 N2 P1 S1,22,29,12,2,1,1,-9999,N/A,-9999,-9999,N/A,-9999
2987,575.1102,575.1102767167885,575.1100930346189,2659698.5,-9999,293424.6,15.96,-1,0.3193860997884963,0.4908305592447664,0.7253996187124169,0.5846581830318266,28,0.6,0.02857142857142857,N4 S1 P1 O1,de-protonated,0,-9999,C35 H21 O1 N4 P1 S1,35,21,1,4,1,1,-9999,N/A,-9999,-9999,N/A,-9999
2988,575.11233,575.112406718477,575.1121269274191,3284852.3,-9999,169425.6,20.08,-1,0.4864982753655422,0.47898185685751565,0.7489023467070351,0.5869500527973235,18,0.935483870967742,0.16129032258064516,S2 P1 O5,de-protonated,0,-9999,C31 H29 O5 P1 S2,31,29,5,-9999,1,2,-9999,N/A,-9999,-9999,N/A,-9999
2988,575.11233,575.112406718477,575.1129750805891,3284852.3,-9999,169425.6,20.08,-1,-0.9882616749914506,0.4188003094588006,0.7612342259156646,0.5557738760415462,19,0.8275862068965517,0.3103448275862069,N2 S1 O9,de-protonated,0,-9999,C29 H24 O9 N2 S1,29,24,9,2,-9999,1,-9999,N/A,-9999,-9999,N/A,-9999
2988,575.11233,575.112406718477,575.112594958069,3284852.3,-9999,169425.6,20.08,-1,-0.32730911074631897,0.4903744451877559,0.7489023467070351,0.5937856057954676,24,0.6774193548387096,0.1935483870967742,N4 P1 O6,de-protonated,0,-9999,C31 H21 O6 N4 P1,31,21,6,4,1,-9999,-9999,N/A,-9999,-9999,N/A,-9999
2988,575.11233,575.112406718477,575.1123236319091,3284852.3,-9999,169425.6,20.08,-1,0.14447015734053653,0.4981100164725024,0.8149093904448103,0.6248297660614255,10,1.3333333333333333,0.5238095238095238,N4 S2 O11,de-protonated,0,-9999,C21 H28 O11 N4 S2,21,28,11,4,-9999,2,-9999,N/A,-9999,-9999,N/A,-9999
2989,575.148396,575.1484727470669,575.148512436769,3898768,-9999,188025.2,24.13,-1,-0.0690077454368815,0.4995681510252271,0.7428850341668535,0.5968949042818776,17,1.03125,0.125,S2 P1 O4,de-protonated,0,-9999,C32 H33 O4 P1 S2,32,33,4,-9999,1,2,-9999,N/A,-9999,-9999,N/A,-9999
2989,575.148396,575.1484727470669,575.148980467419,3898768,-9999,188025.2,24.13,-1,-0.8827631960026007,0.43407200242939814,0.7428850341668535,0.5575972151243802,23,0.78125,0.15625,N4 P1 O5,de-protonated,0,-9999,C32 H25 O5 N4 P1,32,25,5,4,1,-9999,-9999,N/A,-9999,-9999,N/A,-9999
2989,575.148396,575.1484727470669,575.148709141259,3898768,-9999,188025.2,24.13,-1,-0.4110140358238949,0.4849062199879971,0.8077896627745538,0.6140595971026198,9,1.4545454545454546,0.4545454545454546,N4 S2 O10,de-protonated,0,-9999,C22 H32 O10 N4 S2,22,32,10,4,-9999,2,-9999,N/A,-9999,-9999,N/A,-9999
2990,575.183045,575.1831217745334,575.182887860219,3029931,-9999,324276.9,18.4,-1,0.4066781529360619,0.9704365320572084,0,0.5822619192343249,4,1.7142857142857142,0.8571428571428571,O18,de-protonated,0,-9999,C21 H36 O18,21,36,18,-9999,-9999,-9999,-9999,N/A,-9999,-9999,N/A,-9999
2990,575.183045,575.1831217745334,575.183244175839,3029931,-9999,324276.9,18.4,-1,-0.2128040182469537,0.4959083318533467,0.725399618712417,0.5877048465969749,21,0.9142857142857144,0.05714285714285714,N2 S2 O2,de-protonated,0,-9999,C35 H32 O2 N2 S2,35,32,2,2,-9999,2,-9999,N/A,-9999,-9999,N/A,-9999
2990,575.183045,575.1831217745334,575.183377117569,3029931,-9999,324276.9,18.4,-1,-0.44393326663719784,0.4824362472021857,0.7939170211058493,0.6070285567636511,8,1.5416666666666667,0.4166666666666667,N2 S1 P1 O10,de-protonated,0,-9999,C24 H37 O10 N2 P1 S1,24,37,10,2,1,1,-9999,N/A,-9999,-9999,N/A,-9999
2991,575.185286,575.18536277631,575.1848979461189,3879852.5,-9999,166125.4,24.01,-1,0.8081404652818313,0.4441247948052456,0.7369636471990461,0.5612603357627658,16,1.121212121212121,0.09090909090909093,S2 P1 O3,de-protonated,0,-9999,C33 H37 O3 P1 S2,33,37,3,-9999,1,2,-9999,N/A,-9999,-9999,N/A,-9999
2991,575.185286,575.18536277631,575.1857460992891,3879852.5,-9999,166125.4,24.01,-1,-0.6664333769258645,0.4612871195565667,0.7489023467070351,0.5763332104167541,17,1.032258064516129,0.2258064516129032,N2 S1 O7,de-protonated,0,-9999,C31 H32 O7 N2 S1,31,32,7,2,-9999,1,-9999,N/A,-9999,-9999,N/A,-9999
2991,575.185286,575.18536277631,575.185879041019,3879852.5,-9999,166125.4,24.01,-1,-0.8975615151115965,0.4320019107908958,0.8221557383861047,0.5880634418289794,4,1.85,0.75,N2 P1 O15,de-protonated,0,-9999,C20 H37 O15 N2 P1,20,37,15,2,1,-9999,-9999,N/A,-9999,-9999,N/A,-9999
2991,575.185286,575.18536277631,575.185365976769,3879852.5,-9999,166125.4,24.01,-1,-0.00556422206502293,0.49999719113076785,0.7369636471990461,0.5947837735580792,22,0.8787878787878788,0.12121212121212122,N4 P1 O4,de-protonated,0,-9999,C33 H29 O4 N4 P1,33,29,4,4,1,-9999,-9999,N/A,-9999,-9999,N/A,-9999
2991,575.185286,575.18536277631,575.1850946506091,3879852.5,-9999,166125.4,24.01,-1,0.4661555094301274,0.48066911600877793,0.8007932653391622,0.6087187757409316,8,1.565217391304348,0.391304347826087,N4 S2 O9,de-protonated,0,-9999,C23 H36 O9 N4 S2,23,36,9,4,-9999,2,-9999,N/A,-9999,-9999,N/A,-9999
2992,575.219195,575.2192718031898,575.219273369569,2339270.8,-9999,327195.1,13.85,-1,-0.0027230992689605,0.9999986545099724,0,0.5999991927059835,3,1.818181818181818,0.7727272727272727,O17,de-protonated,0,-9999,C22 H40 O17,22,40,17,-9999,-9999,-9999,-9999,N/A,-9999,-9999,N/A,-9999
2992,575.219195,575.2192718031898,575.219629685189,2339270.8,-9999,327195.1,13.85,-1,-0.6221658315155733,0.4660864202111219,0.719752637322661,0.5675529070557376,20,1,0.02777777777777777,N2 S2 O1,de-protonated,0,-9999,C36 H36 O1 N2 S2,36,36,1,2,-9999,2,-9999,N/A,-9999,-9999,N/A,-9999
2992,575.219195,575.2192718031898,575.218760305319,2339270.8,-9999,327195.1,13.85,-1,0.889223207017283,0.4331713477733262,0.7253996187124169,0.5500626561489625,21,0.9142857142857144,0.17142857142857143,N2 O6,de-protonated,0,-9999,C35 H32 O6 N2,35,32,6,2,-9999,-9999,-9999,N/A,-9999,-9999,N/A,-9999
2992,575.219195,575.2192718031898,575.2197626269191,2339270.8,-9999,327195.1,13.85,-1,-0.853280365420052,0.876244165637945,0,0.525746499382767,7,1.64,0.36,N2 S1 P1 O9,de-protonated,0,-9999,C25 H41 O9 N2 P1 S1,25,41,9,2,1,1,-9999,N/A,-9999,-9999,N/A,-9999
2993,575.221342,575.2214188048919,575.221283455469,2949832.5,-9999,165800.4,17.87,-1,0.2352997476890069,0.49500210528974825,0.7311359101322861,0.5894556272267634,15,1.2058823529411764,0.0588235294117647,S2 P1 O2,de-protonated,0,-9999,C34 H41 O2 P1 S2,34,41,2,-9999,1,2,-9999,N/A,-9999,-9999,N/A,-9999
2993,575.221342,575.2214188048919,575.2217514861189,2949832.5,-9999,165800.4,17.87,-1,-0.5783530024808898,0.4705559786892773,0.7311359101322861,0.5747879512664809,21,0.9705882352941176,0.08823529411764706,N4 P1 O3,de-protonated,0,-9999,C34 H33 O3 N4 P1,34,33,3,4,1,-9999,-9999,N/A,-9999,-9999,N/A,-9999
2993,575.221342,575.2214188048919,575.221480159959,2949832.5,-9999,165800.4,17.87,-1,-0.10666337969321726,0.49896888685964447,0.7939170211058493,0.6169481405581264,7,1.6666666666666667,0.3333333333333333,N4 S2 O8,de-protonated,0,-9999,C24 H40 O8 N4 S2,24,40,8,4,-9999,2,-9999,N/A,-9999,-9999,N/A,-9999
2994,575.992643,575.9927204163088,575.992346144799,3781661.5,-9999,266578.6,23.36,-1,0.6497855610964174,0.46312481781408776,0.731135910132286,0.5703292547413671,30,0.35294117647058826,0.08823529411764706,N1 S2 P1 O3,de-protonated,0,-9999,C34 H12 O3 N1 P1 S2,34,12,3,1,1,2,-9999,N/A,-9999,-9999,N/A,-9999
2995,575.993951,575.9940284173456,575.993707362219,4678686.5,-9999,249252.4,29.27,-1,0.5573934619695189,0.472592863851533,0.8295321147073605,0.615368564193864,13,0.7894736842105263,0.9473684210526316,N1 S1 O18,de-protonated,0,-9999,C19 H15 O18 N1 S1,19,15,18,1,-9999,1,-9999,N/A,-9999,-9999,N/A,-9999
2995,575.993951,575.9940284173456,575.9941966195689,4678686.5,-9999,249252.4,29.27,-1,-0.2920206910460421,0.49232293100288393,0.8077896627745539,0.6185096237115519,17,0.7272727272727273,0.4545454545454546,N3 S2 P1 O10,de-protonated,0,-9999,C22 H16 O10 N3 P1 S2,22,16,10,3,1,2,-9999,N/A,-9999,-9999,N/A,-9999
2996,576.990697,576.9907752074746,576.9904771629691,3163429.5,-9999,189467.4,19.27,-1,0.5165501291286627,0.47636922086185574,0.7739790330151771,0.5954131457231844,21,0.5185185185185185,0.4074074074074074,S2 O11,de-protonated,0,-9999,C27 H14 O11 S2,27,14,11,-9999,-9999,2,-9999,N/A,-9999,-9999,N/A,-9999
2996,576.990697,576.9907752074746,576.9907207249692,3163429.5,-9999,189467.4,19.27,-1,0.09442527148294452,0.6655889916978318,0.848397265606526,0.7387123012613095,13,0.9444444444444444,0.6666666666666666,N4 S1 34S1 P1 O12,de-protonated,1,2985,C18 H17 O12 N4 P1 S1 34S1,18,17,12,4,1,1,-9999,N/A,-9999,-9999,N/A,1
2997,577.089573,577.0896512858544,577.0897377122491,2844530.5,-9999,300830.6,17.17,-1,-0.14976248755042912,0.49796929656539535,0.7428850341668535,0.5959355916059785,23,0.6875,0.15625,N2 S2 O5,de-protonated,0,-9999,C32 H22 O5 N2 S2,32,22,5,2,-9999,2,-9999,N/A,-9999,-9999,N/A,-9999
2997,577.089573,577.0896512858544,577.089870653979,2844530.5,-9999,300830.6,17.17,-1,-0.3801281840925326,0.97412186022374,0,0.5844731161342439,10,1.2857142857142858,0.6190476190476191,N2 S1 P1 O13,de-protonated,0,-9999,C21 H27 O13 N2 P1 S1,21,27,13,2,1,1,-9999,N/A,-9999,-9999,N/A,-9999
2997,577.089573,577.0896512858544,577.0893575897289,2844530.5,-9999,300830.6,17.17,-1,0.5089266014338796,0.4770454398756845,0.731135910132286,0.5786816279783251,28,0.5588235294117647,0.0588235294117647,N4 S1 P1 O2,de-protonated,0,-9999,C34 H19 O2 N4 P1 S1,34,19,2,4,1,1,-9999,N/A,-9999,-9999,N/A,-9999
2998,577.090794,577.0908722868223,577.090389160929,2955379.5,-9999,362046.7,17.9,-1,0.8371754276021612,0.4402917092647845,0.6980173569463055,0.5433819683373928,32,0.45,0.075,S1 O3,de-protonated,0,-9999,C40 H18 O3 S1,40,18,3,-9999,-9999,1,-9999,N/A,-9999,-9999,N/A,-9999
2998,577.090794,577.0908722868223,577.091391482529,2955379.5,-9999,362046.7,17.9,-1,-0.8996767485677429,0.4317040223293143,0.7550179348240813,0.5610295873272211,18,0.9,0.2,S2 P1 O6,de-protonated,0,-9999,C30 H27 O6 P1 S2,30,27,6,-9999,1,2,-9999,N/A,-9999,-9999,N/A,-9999
2998,577.090794,577.0908722868223,577.0905221026591,2955379.5,-9999,362046.7,17.9,-1,0.6068097635549742,0.4676851952557107,0.7612342259156646,0.5851048075196923,19,0.7931034482758621,0.3793103448275862,P1 O11,de-protonated,0,-9999,C29 H23 O11 P1,29,23,11,-9999,1,-9999,-9999,N/A,-9999,-9999,N/A,-9999
2998,577.090794,577.0908722868223,577.0907188071491,2955379.5,-9999,362046.7,17.9,-1,0.26595415288563307,0.9872478486260592,0,0.5923487091756354,11,1.1578947368421053,0.8947368421052632,N4 O17,de-protonated,0,-9999,C19 H22 O17 N4,19,22,17,4,-9999,-9999,-9999,N/A,-9999,-9999,N/A,-9999
2999,577.091812,577.0918902876293,577.091391482529,3226484.3,-9999,272387.6,19.69,-1,0.8643433390973276,0.4366140861203823,0.7550179348240813,0.563975625601862,18,0.9,0.2,S2 P1 O6,de-protonated,0,-9999,C30 H27 O6 P1 S2,30,27,6,-9999,1,2,-9999,N/A,-9999,-9999,N/A,-9999
2999,577.091812,577.0918902876293,577.092239635699,3226484.3,-9999,272387.6,19.69,-1,-0.6053591534979889,0.46783443708452105,0.7675537279851021,0.5877221534447534,19,0.7857142857142857,0.35714285714285715,N2 S1 O10,de-protonated,0,-9999,C28 H22 O10 N2 S1,28,22,10,2,-9999,1,-9999,N/A,-9999,-9999,N/A,-9999
2999,577.091812,577.0918902876293,577.091859513179,3226484.3,-9999,272387.6,19.69,-1,0.05332677951402942,0.499742069616244,0.7550179348240813,0.601852415699379,24,0.6333333333333333,0.23333333333333336,N4 P1 O7,de-protonated,0,-9999,C30 H19 O7 N4 P1,30,19,7,4,1,-9999,-9999,N/A,-9999,-9999,N/A,-9999
2999,577.091812,577.0918902876293,577.091588187019,3226484.3,-9999,272387.6,19.69,-1,0.5234881541403014,0.9514918379875816,0,0.570895102792549,10,1.3,0.6,N4 S2 O12,de-protonated,0,-9999,C20 H26 O12 N4 S2,20,26,12,4,-9999,2,-9999,N/A,-9999,-9999,N/A,-9999
3000,577.125863,577.1259413146219,577.1261232215991,3938191,-9999,309097.9,24.38,-1,-0.31519449544715533,0.4910675095646011,0.7369636471990461,0.589425964618379,22,0.7878787878787878,0.12121212121212122,N2 S2 O4,de-protonated,0,-9999,C33 H26 O4 N2 S2,33,26,4,2,-9999,2,-9999,N/A,-9999,-9999,N/A,-9999
3000,577.125863,577.1259413146219,577.126256163329,3938191,-9999,309097.9,24.38,-1,-0.5455456302431364,0.4737147437536451,0.8077896627745539,0.6073447113620086,9,1.4090909090909092,0.5454545454545454,N2 S1 P1 O12,de-protonated,0,-9999,C22 H31 O12 N2 P1 S1,22,31,12,2,1,1,-9999,N/A,-9999,-9999,N/A,-9999
3000,577.125863,577.1259413146219,577.1257430990789,3938191,-9999,309097.9,24.38,-1,0.343452956818076,0.48941187907341976,0.725399618712417,0.5838069749290187,27,0.6571428571428571,0.02857142857142857,N4 S1 P1 O1,de-protonated,0,-9999,C35 H23 O1 N4 P1 S1,35,23,1,4,1,1,-9999,N/A,-9999,-9999,N/A,-9999
3001,577.127905,577.1279833162406,577.1277769918789,4272528.5,-9999,171936.1,26.59,-1,0.3575020470263097,0.4885381461100294,0.7489023467070351,0.5926838263488317,17,1,0.16129032258064516,S2 P1 O5,de-protonated,0,-9999,C31 H31 O5 P1 S2,31,31,5,-9999,1,2,-9999,N/A,-9999,-9999,N/A,-9999
3001,577.127905,577.1279833162406,577.1282450225291,4272528.5,-9999,171936.1,26.59,-1,-0.4534629707363378,0.48168821463273825,0.7489023467070351,0.588573867462457,23,0.7419354838709677,0.1935483870967742,N4 P1 O6,de-protonated,0,-9999,C31 H23 O6 N4 P1,31,23,6,4,1,-9999,-9999,N/A,-9999,-9999,N/A,-9999
3001,577.127905,577.1279833162406,577.1279736963689,4272528.5,-9999,171936.1,26.59,-1,0.01666852431413531,0.4999747938108332,0.8149093904448101,0.6259486324644239,9,1.4285714285714286,0.5238095238095238,N4 S2 O11,de-protonated,0,-9999,C21 H30 O11 N4 S2,21,30,11,4,-9999,2,-9999,N/A,-9999,-9999,N/A,-9999
3002,577.161969,577.1620473432434,577.1621524153289,3123115,-9999,312174.1,19.01,-1,-0.18204950731687047,0.9940044688051916,0,0.5964026812831149,4,1.7,0.95,O19,de-protonated,0,-9999,C20 H34 O19,20,34,19,-9999,-9999,-9999,-9999,N/A,-9999,-9999,N/A,-9999
3002,577.161969,577.1620473432434,577.162508730949,3123115,-9999,312174.1,19.01,-1,-0.7994069235855331,0.445257628929175,0.7311359101322861,0.5596089414104194,21,0.8823529411764706,0.08823529411764706,N2 S2 O3,de-protonated,0,-9999,C34 H30 O3 N2 S2,34,30,3,2,-9999,2,-9999,N/A,-9999,-9999,N/A,-9999
3002,577.161969,577.1620473432434,577.161639351079,3123115,-9999,312174.1,19.01,-1,0.7068941118948403,0.456659629202493,0.7369636471990462,0.5687812364011142,22,0.7878787878787878,0.24242424242424243,N2 O8,de-protonated,0,-9999,C33 H26 O8 N2,33,26,8,2,-9999,-9999,-9999,N/A,-9999,-9999,N/A,-9999
3003,577.164461,577.1645393452188,577.164162501229,4770221,-9999,187669.8,29.87,-1,0.6529234042371612,0.4627814421877142,0.7428850341668535,0.5748228789793699,16,1.09375,0.125,S2 P1 O4,de-protonated,0,-9999,C32 H35 O4 P1 S2,32,35,4,-9999,1,2,-9999,N/A,-9999,-9999,N/A,-9999
3003,577.164461,577.1645393452188,577.165010654399,4770221,-9999,187669.8,29.87,-1,-0.8165934723521909,0.4430194155373526,0.7550179348240812,0.567818823252044,17,1,0.26666666666666666,N2 S1 O8,de-protonated,0,-9999,C30 H30 O8 N2 S1,30,30,8,2,-9999,1,-9999,N/A,-9999,-9999,N/A,-9999
3003,577.164461,577.1645393452188,577.164630531879,4770221,-9999,187669.8,29.87,-1,-0.15799072798121253,0.49774054388222394,0.7428850341668535,0.5957983399960758,22,0.84375,0.15625,N4 P1 O5,de-protonated,0,-9999,C32 H27 O5 N4 P1,32,27,5,4,1,-9999,-9999,N/A,-9999,-9999,N/A,-9999
3003,577.164461,577.1645393452188,577.164359205719,4770221,-9999,187669.8,29.87,-1,0.3121112676179137,0.4912398773622952,0.8077896627745539,0.6178597915271987,8,1.5454545454545454,0.4545454545454546,N4 S2 O10,de-protonated,0,-9999,C22 H34 O10 N4 S2,22,34,10,4,-9999,2,-9999,N/A,-9999,-9999,N/A,-9999
3004,577.200262,577.2003403735986,577.2005480105789,4690889,-9999,223858.3,29.35,-1,-0.35973108664680986,0.4883964468931955,0.7369636471990461,0.5878233270155357,15,1.181818181818182,0.09090909090909093,S2 P1 O3,de-protonated,0,-9999,C33 H39 O3 P1 S2,33,39,3,-9999,1,2,-9999,N/A,-9999,-9999,N/A,-9999
3004,577.200262,577.2003403735986,577.200744715069,4690889,-9999,223858.3,29.35,-1,-0.7005213942866299,0.4574034133062528,0.8007932653391622,0.5947593541194165,7,1.6521739130434785,0.391304347826087,N4 S2 O9,de-protonated,0,-9999,C23 H38 O9 N4 S2,23,38,9,4,-9999,2,-9999,N/A,-9999,-9999,N/A,-9999
3004,577.200262,577.2003403735986,577.1998753351991,4690889,-9999,223858.3,29.35,-1,0.805680006845502,0.4444448954598902,0.8077896627745539,0.5897828023857556,8,1.5454545454545454,0.6363636363636364,N4 O14,de-protonated,0,-9999,C22 H34 O14 N4,22,34,14,4,-9999,-9999,-9999,N/A,-9999,-9999,N/A,-9999
3005,577.235003,577.2350814011381,577.234923434029,2356708,-9999,332731.1,13.95,-1,0.27366173229727414,0.9865030842515594,0,0.5919018505509356,2,1.9090909090909092,0.7727272727272727,O17,de-protonated,0,-9999,C22 H42 O17,22,42,17,-9999,-9999,-9999,-9999,N/A,-9999,-9999,N/A,-9999
3005,577.235003,577.2350814011381,577.235279749649,2356708,-9999,332731.1,13.95,-1,-0.3436181359310863,0.4894018009268649,0.719752637322661,0.5815421354851833,19,1.0555555555555556,0.02777777777777777,N2 S2 O1,de-protonated,0,-9999,C36 H38 O1 N2 S2,36,38,1,2,-9999,2,-9999,N/A,-9999,-9999,N/A,-9999
3005,577.235003,577.2350814011381,577.2354126913791,2356708,-9999,332731.1,13.95,-1,-0.5739257046518265,0.9419835075930956,0,0.5651901045558573,6,1.72,0.36,N2 S1 P1 O9,de-protonated,0,-9999,C25 H43 O9 N2 P1 S1,25,43,9,2,1,1,-9999,N/A,-9999,-9999,N/A,-9999
3006,577.237409,577.2374874030453,577.236933519929,3116006,-9999,171422.4,18.96,-1,0.9595420599240042,0.42307289335079046,0.731135910132286,0.5462981000633886,14,1.2647058823529411,0.0588235294117647,S2 P1 O2,de-protonated,0,-9999,C34 H43 O2 P1 S2,34,43,2,-9999,1,2,-9999,N/A,-9999,-9999,N/A,-9999
3006,577.237409,577.2374874030453,577.237781673099,3116006,-9999,171422.4,18.96,-1,-0.5097900086297197,0.47696931125297953,0.7428850341668536,0.5833356004185292,15,1.1875,0.1875,N2 S1 O6,de-protonated,0,-9999,C32 H38 O6 N2 S1,32,38,6,2,-9999,1,-9999,N/A,-9999,-9999,N/A,-9999
3006,577.237409,577.2374874030453,577.237914614829,3116006,-9999,171422.4,18.96,-1,-0.7400965406604664,0.9053920472226707,0,0.5432352283336025,2,2.047619047619047,0.6666666666666666,N2 P1 O14,de-protonated,0,-9999,C21 H43 O14 N2 P1,21,43,14,2,1,-9999,-9999,N/A,-9999,-9999,N/A,-9999
3006,577.237409,577.2374874030453,577.237401550579,3116006,-9999,171422.4,18.96,-1,0.14872990921339987,0.4979971465411409,0.731135910132286,0.5912526519775989,20,1.0294117647058822,0.08823529411764706,N4 P1 O3,de-protonated,0,-9999,C34 H35 O3 N4 P1,34,35,3,4,1,-9999,-9999,N/A,-9999,-9999,N/A,-9999
3006,577.237409,577.2374874030453,577.237130224419,3116006,-9999,171422.4,18.96,-1,0.6187727842570505,0.4664426468531067,0.7939170211058493,0.5974323965542038,6,1.75,0.3333333333333333,N4 S2 O8,de-protonated,0,-9999,C24 H42 O8 N4 S2,24,42,8,4,-9999,2,-9999,N/A,-9999,-9999,N/A,-9999
3007,579.069991,579.0700708557488,579.069653716039,2141059.5,-9999,161541.1,12.52,-1,0.7203618891930201,0.4550696658806889,0.7033271719038788,0.5543726682899649,32,0.41025641025641024,0.10256410256410256,S1 O4,de-protonated,0,-9999,C39 H16 O4 S1,39,16,4,-9999,-9999,1,-9999,N/A,-9999,-9999,N/A,-9999
3007,579.069991,579.0700708557488,579.069786657769,2141059.5,-9999,161541.1,12.52,-1,0.4907836436006543,0.9572360245720796,0,0.5743416147432476,19,0.75,0.42857142857142855,P1 O12,de-protonated,0,-9999,C28 H21 O12 P1,28,21,12,-9999,1,-9999,-9999,N/A,-9999,-9999,N/A,-9999
3007,579.069991,579.0700708557488,579.0695153316091,2141059.5,-9999,161541.1,12.52,-1,0.959339293478685,0.8462055257864247,0,0.5077233154718548,5,1.5555555555555556,0.9444444444444444,S2 O17,de-protonated,0,-9999,C18 H28 O17 S2,18,28,17,-9999,-9999,2,-9999,N/A,-9999,-9999,N/A,-9999
3008,579.100086,579.1001658796054,579.100298940349,3275419.3,-9999,230511.5,20,-1,-0.22977149886116088,0.4952330825639013,0.719752637322661,0.5850409044674052,27,0.5833333333333334,0.16666666666666666,P1 O6,de-protonated,0,-9999,C36 H21 O6 P1,36,21,6,-9999,1,-9999,-9999,N/A,-9999,-9999,N/A,-9999
3008,579.100086,579.1001658796054,579.1000276141891,3275419.3,-9999,230511.5,20,-1,0.23875912562028495,0.4948548311309912,0.7805128205128198,0.6091180268837226,13,1.0769230769230769,0.4230769230769231,S2 O11,de-protonated,0,-9999,C26 H28 O11 S2,26,28,11,-9999,-9999,2,-9999,N/A,-9999,-9999,N/A,-9999
3008,579.100086,579.1001658796054,579.0996474916691,3275419.3,-9999,230511.5,20,-1,0.8951618922804301,0.43233924880148056,0.7675537279851021,0.5664250404749291,18,0.8928571428571429,0.2857142857142857,N2 S1 P1 O8,de-protonated,0,-9999,C28 H25 O8 N2 P1 S1,28,25,8,2,1,1,-9999,N/A,-9999,-9999,N/A,-9999
3008,579.100086,579.1001658796054,579.100495644839,3275419.3,-9999,230511.5,20,-1,-0.5694438809272394,0.4714298913312709,0.7805128205128198,0.5950630630038904,19,0.7692307692307693,0.4615384615384616,N4 O12,de-protonated,0,-9999,C26 H20 O12 N4,26,20,12,4,-9999,-9999,-9999,N/A,-9999,-9999,N/A,-9999
3009,579.101303,579.1013828805701,579.1011683202189,3178908.3,-9999,215877.3,19.37,-1,0.370505816485637,0.48769968159110255,0.7141928963326545,0.5782969674877233,26,0.6756756756756757,0.02702702702702703,S2 P1 O1,de-protonated,0,-9999,C37 H25 O1 P1 S2,37,25,1,-9999,1,2,-9999,N/A,-9999,-9999,N/A,-9999
3009,579.101303,579.1013828805701,579.101636350869,3178908.3,-9999,215877.3,19.37,-1,-0.4376957047494434,0.4829178745871524,0.7141928963326545,0.5754278832853532,32,0.4594594594594595,0.05405405405405406,N4 P1 O2,de-protonated,0,-9999,C37 H17 O2 N4 P1,37,17,2,4,1,-9999,-9999,N/A,-9999,-9999,N/A,-9999
3009,579.101303,579.1013828805701,579.101365024709,3178908.3,-9999,215877.3,19.37,-1,0.03083374026135408,0.499913754033566,0.7739790330151771,0.6095398656262105,18,0.8888888888888888,0.25925925925925924,N4 S2 O7,de-protonated,0,-9999,C27 H24 O7 N4 S2,27,24,7,4,-9999,2,-9999,N/A,-9999,-9999,N/A,-9999
3009,579.101303,579.1013828805701,579.1014979664391,3178908.3,-9999,215877.3,19.37,-1,-0.19873177564543168,0.9928594236934736,0,0.5957156542160842,5,1.8125,0.9375,N4 S1 P1 O15,de-protonated,0,-9999,C16 H29 O15 N4 P1 S1,16,29,15,4,1,1,-9999,N/A,-9999,-9999,N/A,-9999
3010,579.105366,579.1054458837908,579.105900840959,4023711.3,-9999,301888.4,24.94,-1,-0.7856199832712074,0.44702664197405345,0.8295321147073605,0.6000288310673763,4,1.6842105263157894,0.8421052631578947,S2 O16,de-protonated,0,-9999,C19 H32 O16 S2,19,32,16,-9999,-9999,2,-9999,N/A,-9999,-9999,N/A,-9999
3010,579.105366,579.1054458837908,579.105387776709,4023711.3,-9999,301888.4,24.94,-1,0.1003393908147846,0.4990874217303213,0.7428850341668536,0.5966064667049342,22,0.75,0.15625,N2 S2 O5,de-protonated,0,-9999,C32 H24 O5 N2 S2,32,24,5,2,-9999,2,-9999,N/A,-9999,-9999,N/A,-9999
3010,579.105366,579.1054458837908,579.105520718439,4023711.3,-9999,301888.4,24.94,-1,-0.12922454637291786,0.498487288622585,0.8149093904448101,0.625056129351475,9,1.380952380952381,0.6190476190476191,N2 S1 P1 O13,de-protonated,0,-9999,C21 H29 O13 N2 P1 S1,21,29,13,2,1,1,-9999,N/A,-9999,-9999,N/A,-9999
3010,579.105366,579.1054458837908,579.105007654189,4023711.3,-9999,301888.4,24.94,-1,0.7567359909905805,0.4506547946349144,0.7311359101322861,0.562847240833863,27,0.6176470588235294,0.0588235294117647,N4 S1 P1 O2,de-protonated,0,-9999,C34 H21 O2 N4 P1 S1,34,21,2,4,1,1,-9999,N/A,-9999,-9999,N/A,-9999
3011,579.106654,579.1067338848119,579.1070415469891,4173216.3,-9999,223121.3,25.92,-1,-0.5312699641340924,0.47503790957044406,0.7550179348240813,0.587029919671899,17,0.9666666666666668,0.2,S2 P1 O6,de-protonated,0,-9999,C30 H29 O6 P1 S2,30,29,6,-9999,1,2,-9999,N/A,-9999,-9999,N/A,-9999
3011,579.106654,579.1067338848119,579.1061721671191,4173216.3,-9999,223121.3,25.92,-1,0.9699735899685714,0.42153058030635926,0.7612342259156646,0.5574120385500814,18,0.8620689655172413,0.3793103448275862,P1 O11,de-protonated,0,-9999,C29 H25 O11 P1,29,25,11,-9999,1,-9999,-9999,N/A,-9999,-9999,N/A,-9999
3011,579.106654,579.1067338848119,579.1072382514791,4173216.3,-9999,223121.3,25.92,-1,-0.870938288949276,0.4357083906291051,0.8221557383861047,0.5902873297319049,9,1.4,0.6,N4 S2 O12,de-protonated,0,-9999,C20 H28 O12 N4 S2,20,28,12,4,-9999,2,-9999,N/A,-9999,-9999,N/A,-9999
3011,579.106654,579.1067338848119,579.1063688716091,4173216.3,-9999,223121.3,25.92,-1,0.6303042453024873,0.465225176932013,0.8295321147073605,0.6109479520421519,10,1.263157894736842,0.8947368421052632,N4 O17,de-protonated,0,-9999,C19 H24 O17 N4,19,24,17,4,-9999,-9999,-9999,N/A,-9999,-9999,N/A,-9999
3012,579.1419,579.1419799127516,579.142424734739,4925372,-9999,262054.9,30.89,-1,-0.7680701127383015,0.4492438188693023,0.6927871148459347,0.5466611372599552,30,0.5853658536585366,0.04878048780487805,S1 O2,de-protonated,0,-9999,C41 H24 O2 S1,41,24,2,-9999,-9999,1,-9999,N/A,-9999,-9999,N/A,-9999
3012,579.1419,579.1419799127516,579.142557676469,4925372,-9999,262054.9,30.89,-1,-0.9976191694594572,0.4173905610648683,0.7550179348240812,0.5524415105685535,17,0.9666666666666668,0.3333333333333333,P1 O10,de-protonated,0,-9999,C30 H29 O10 P1,30,29,10,-9999,1,-9999,-9999,N/A,-9999,-9999,N/A,-9999
3012,579.1419,579.1419799127516,579.1422863503091,4925372,-9999,262054.9,30.89,-1,-0.5291230923589494,0.4752341754386511,0.8221557383861047,0.6140028006176326,3,1.8,0.75,S2 O15,de-protonated,0,-9999,C20 H36 O15 S2,20,36,15,-9999,-9999,2,-9999,N/A,-9999,-9999,N/A,-9999
3012,579.1419,579.1419799127516,579.1417732860591,4925372,-9999,262054.9,30.89,-1,0.3567808471423078,0.48858381269162415,0.7369636471990461,0.5879357464945929,21,0.8484848484848485,0.12121212121212122,N2 S2 O4,de-protonated,0,-9999,C33 H28 O4 N2 S2,33,28,4,2,-9999,2,-9999,N/A,-9999,-9999,N/A,-9999
3012,579.1419,579.1419799127516,579.141906227789,4925372,-9999,262054.9,30.89,-1,0.12723127400357073,0.4985335274981804,0.8077896627745539,0.6222359816087298,8,1.5,0.5454545454545454,N2 S1 P1 O12,de-protonated,0,-9999,C22 H33 O12 N2 P1 S1,22,33,12,2,1,1,-9999,N/A,-9999,-9999,N/A,-9999
3013,579.143421,579.1435009139574,579.143427056339,5049789.5,-9999,249415.9,31.71,-1,0.12752906269351574,0.4985266649528946,0.7489023467070351,0.5986769376545509,16,1.064516129032258,0.16129032258064516,S2 P1 O5,de-protonated,0,-9999,C31 H33 O5 P1 S2,31,33,5,-9999,1,2,-9999,N/A,-9999,-9999,N/A,-9999
3013,579.143421,579.1435009139574,579.1438950869891,5049789.5,-9999,249415.9,31.71,-1,-0.68061328985829,0.459691133917375,0.7489023467070351,0.5753756190332391,22,0.8064516129032258,0.1935483870967742,N4 P1 O6,de-protonated,0,-9999,C31 H25 O6 N4 P1,31,25,6,4,1,-9999,-9999,N/A,-9999,-9999,N/A,-9999
3013,579.143421,579.1435009139574,579.143623760829,5049789.5,-9999,249415.9,31.71,-1,-0.2121181457426212,0.4959345570947133,0.8149093904448101,0.623524490434752,8,1.5238095238095235,0.5238095238095238,N4 S2 O11,de-protonated,0,-9999,C21 H32 O11 N4 S2,21,32,11,4,-9999,2,-9999,N/A,-9999,-9999,N/A,-9999
3014,579.178095,579.1781749414438,579.1786718596591,5352921,-9999,260912.9,33.71,-1,-0.8579705010213463,0.4374845069705377,0.8149093904448103,0.5884544603602466,2,1.9047619047619049,0.6666666666666666,S2 O14,de-protonated,0,-9999,C21 H40 O14 S2,21,40,14,-9999,-9999,2,-9999,N/A,-9999,-9999,N/A,-9999
3014,579.178095,579.1781749414438,579.177802479789,5352921,-9999,260912.9,33.71,-1,0.6430868952936815,0.46385316283536426,0.8221557383861047,0.6071741930556604,3,1.8,0.95,O19,de-protonated,0,-9999,C20 H36 O19,20,36,19,-9999,-9999,-9999,-9999,N/A,-9999,-9999,N/A,-9999
3014,579.178095,579.1781749414438,579.178158795409,5352921,-9999,260912.9,33.71,-1,0.02787749253004366,0.49992949813129406,0.7311359101322861,0.5924120629316909,20,0.9411764705882352,0.08823529411764706,N2 S2 O3,de-protonated,0,-9999,C34 H32 O3 N2 S2,34,32,3,2,-9999,2,-9999,N/A,-9999,-9999,N/A,-9999
3014,579.178095,579.1781749414438,579.178291737139,5352921,-9999,260912.9,33.71,-1,-0.20165758439992032,0.4963242017790042,0.8007932653391622,0.6181118272030675,7,1.608695652173913,0.4782608695652174,N2 S1 P1 O11,de-protonated,0,-9999,C23 H37 O11 N2 P1 S1,23,37,11,2,1,1,-9999,N/A,-9999,-9999,N/A,-9999
3015,579.21445,579.2145299702628,579.215057369009,4277237.5,-9999,235410.7,26.61,-1,-0.9105404623861788,0.4301663127817007,0.8077896627745539,0.581215652778842,1,2,0.5909090909090909,S2 O13,de-protonated,0,-9999,C22 H44 O13 S2,22,44,13,-9999,-9999,2,-9999,N/A,-9999,-9999,N/A,-9999
3015,579.21445,579.2145299702628,579.2141879891391,4277237.5,-9999,235410.7,26.61,-1,0.5904225600863193,0.4693530721065013,0.8149093904448103,0.6075755994418248,2,1.9047619047619049,0.8571428571428571,O18,de-protonated,0,-9999,C21 H40 O18,21,40,18,-9999,-9999,-9999,-9999,N/A,-9999,-9999,N/A,-9999
3015,579.21445,579.2145299702628,579.2145443047591,4277237.5,-9999,235410.7,26.61,-1,-0.02474816361992597,0.4999444370036316,0.725399618712417,0.5901265096871458,19,1.0285714285714285,0.05714285714285714,N2 S2 O2,de-protonated,0,-9999,C35 H36 O2 N2 S2,35,36,2,2,-9999,2,-9999,N/A,-9999,-9999,N/A,-9999
3015,579.21445,579.2145299702628,579.214677246489,4277237.5,-9999,235410.7,26.61,-1,-0.2542688091812649,0.49416870358839354,0.7939170211058494,0.6140680305953758,6,1.7083333333333333,0.4166666666666667,N2 S1 P1 O10,de-protonated,0,-9999,C24 H41 O10 N2 P1 S1,24,41,10,2,1,1,-9999,N/A,-9999,-9999,N/A,-9999
3016,579.216161,579.2162409716191,579.216198075039,3941110.8,-9999,272768.4,24.39,-1,0.07405970388015823,0.4995026390494604,0.7369636471990461,0.5944870423092947,14,1.2424242424242424,0.09090909090909093,S2 P1 O3,de-protonated,0,-9999,C33 H41 O3 P1 S2,33,41,3,-9999,1,2,-9999,N/A,-9999,-9999,N/A,-9999
3016,579.216161,579.2162409716191,579.216666105689,3941110.8,-9999,272768.4,24.39,-1,-0.7339810727248934,0.4534371047983344,0.7369636471990461,0.566847721758619,20,1,0.12121212121212122,N4 P1 O4,de-protonated,0,-9999,C33 H33 O4 N4 P1,33,33,4,4,1,-9999,-9999,N/A,-9999,-9999,N/A,-9999
3016,579.216161,579.2162409716191,579.2163947795291,3941110.8,-9999,272768.4,24.39,-1,-0.26554481433250526,0.49364341125428535,0.8007932653391622,0.6165033528882361,6,1.7391304347826086,0.391304347826087,N4 S2 O9,de-protonated,0,-9999,C23 H40 O9 N4 S2,23,40,9,4,-9999,2,-9999,N/A,-9999,-9999,N/A,-9999
3017,579.251562,579.2516419996817,579.251714204519,2228754.8,-9999,197577.6,13.1,-1,-0.12465191809969964,0.4985923013640581,0.7369636471990461,0.5939408396980532,14,1.2424242424242424,0.21212121212121213,P1 O7,de-protonated,0,-9999,C33 H41 O7 P1,33,41,7,-9999,1,-9999,-9999,N/A,-9999,-9999,N/A,-9999
3017,579.251562,579.2516419996817,579.2514428783591,2228754.8,-9999,197577.6,13.1,-1,0.3437562825751985,0.9787867371253732,0,0.587272042275224,0,2.0869565217391304,0.5217391304347826,S2 O12,de-protonated,0,-9999,C23 H48 O12 S2,23,48,12,-9999,-9999,2,-9999,N/A,-9999,-9999,N/A,-9999
3017,579.251562,579.2516419996817,579.251062755839,2228754.8,-9999,197577.6,13.1,-1,0.999987535546514,0.8340648156618224,0,0.5004388893970935,5,1.8,0.36,N2 S1 P1 O9,de-protonated,0,-9999,C25 H45 O9 N2 P1 S1,25,45,9,2,1,1,-9999,N/A,-9999,-9999,N/A,-9999
3017,579.251562,579.2516419996817,579.251910909009,2228754.8,-9999,197577.6,13.1,-1,-0.46423554619708163,0.9616498760865316,0,0.5769899256519189,6,1.7391304347826086,0.5652173913043478,N4 O13,de-protonated,0,-9999,C23 H40 O13 N4,23,40,13,4,-9999,-9999,-9999,N/A,-9999,-9999,N/A,-9999
3018,581.08661300000006,581.0866944543424,581.086306102099,2811842,-9999,147577.5,16.93,-1,0.6683211070100457,0.4610762726816406,0.7612342259156646,0.5811394539752501,17,0.9310344827586208,0.2413793103448276,S2 P1 O7,de-protonated,0,-9999,C29 H27 O7 P1 S2,29,27,7,-9999,1,2,-9999,N/A,-9999,-9999,N/A,-9999
3018,581.08661300000006,581.0866944543424,581.0871542552691,2811842,-9999,147577.5,16.93,-1,-0.7912770456867178,0.4463036556095563,0.7739790330151771,0.5773738065718046,18,0.8148148148148148,0.4074074074074074,N2 S1 O11,de-protonated,0,-9999,C27 H22 O11 N2 S1,27,22,11,2,-9999,1,-9999,N/A,-9999,-9999,N/A,-9999
3018,581.08661300000006,581.0866944543424,581.086774132749,2811842,-9999,147577.5,16.93,-1,-0.1371196355256969,0.4982971259295838,0.7612342259156646,0.6034719659240161,23,0.6551724137931034,0.27586206896551724,N4 P1 O8,de-protonated,0,-9999,C29 H19 O8 N4 P1,29,19,8,4,1,-9999,-9999,N/A,-9999,-9999,N/A,-9999
3018,581.08661300000006,581.0866944543424,581.086502806589,2811842,-9999,147577.5,16.93,-1,0.32980933549218416,0.9804565629044872,0,0.5882739377426924,9,1.368421052631579,0.6842105263157895,N4 S2 O13,de-protonated,0,-9999,C19 H26 O13 N4 S2,19,26,13,4,-9999,2,-9999,N/A,-9999,-9999,N/A,-9999
3019,581.096995,581.0970764625722,581.097188618469,3328970.3,-9999,286366.8,20.34,-1,-0.1930071233680163,0.49663175575842056,0.667769152885588,0.5650867146092875,40,0.30434782608695654,0.0217391304347826,O1,de-protonated,0,-9999,C46 H14 O1,46,14,1,-9999,-9999,-9999,-9999,N/A,-9999,-9999,N/A,-9999
3019,581.096995,581.0970764625722,581.097050234039,3328970.3,-9999,286366.8,20.34,-1,0.04513623534137828,0.4998152032919322,0.7871578612348809,0.6147522664691116,13,1.04,0.56,S1 O14,de-protonated,0,-9999,C25 H26 O14 S1,25,26,14,-9999,-9999,1,-9999,N/A,-9999,-9999,N/A,-9999
3019,581.096995,581.0970764625722,581.096537169789,3328970.3,-9999,286366.8,20.34,-1,0.9280605694195972,0.4276593615186786,0.7087183895694522,0.5400829727389881,31,0.47368421052631576,0.07894736842105263,N2 S1 O3,de-protonated,0,-9999,C38 H18 O3 N2 S1,38,18,3,2,-9999,1,-9999,N/A,-9999,-9999,N/A,-9999
3019,581.096995,581.0970764625722,581.09753949138906,3328970.3,-9999,286366.8,20.34,-1,-0.7968177205810478,0.44559166099873976,0.7675537279851021,0.5743764877932847,17,0.9642857142857144,0.21428571428571427,N2 S2 P1 O6,de-protonated,0,-9999,C28 H27 O6 N2 P1 S2,28,27,6,2,1,2,-9999,N/A,-9999,-9999,N/A,-9999
3019,581.096995,581.0970764625722,581.0966701115191,3328970.3,-9999,286366.8,20.34,-1,0.6992830522529064,0.4575473029422275,0.7739790330151771,0.5841199949714073,18,0.8518518518518519,0.4074074074074074,N2 P1 O11,de-protonated,0,-9999,C27 H23 O11 N2 P1,27,23,11,2,1,-9999,-9999,N/A,-9999,-9999,N/A,-9999
3020,581.09897,581.0990514641378,581.099552157489,3246027.8,-9999,310511.2,19.8,-1,-0.8616309363322529,0.43698512937334955,0.8149093904448103,0.5881548338019338,9,1.238095238095238,0.9047619047619048,O19,de-protonated,0,-9999,C21 H26 O19,21,26,19,-9999,-9999,-9999,-9999,N/A,-9999,-9999,N/A,-9999
3020,581.09897,581.0990514641378,581.0990390932391,3246027.8,-9999,310511.2,19.8,-1,0.02128879570959199,0.49995888425494206,0.7311359101322861,0.5924296946058796,27,0.5294117647058824,0.2352941176470588,N2 O8,de-protonated,0,-9999,C34 H18 O8 N2,34,18,8,2,-9999,-9999,-9999,N/A,-9999,-9999,N/A,-9999
3020,581.09897,581.0990514641378,581.099389966159,3246027.8,-9999,310511.2,19.8,-1,-0.5825200079043653,0.940286274429564,0,0.5641717646577384,4,1.9375,0.8125,N4 S2 P1 O13,de-protonated,0,-9999,C16 H31 O13 N4 P1 S2,16,31,13,4,1,2,-9999,N/A,-9999,-9999,N/A,-9999
3021,581.120859,581.1209404814895,581.121037841169,3646429.3,-9999,305434,22.44,-1,-0.16753769562218998,0.49745994317155257,0.7428850341668535,0.5956299795696729,21,0.8125,0.15625,N2 S2 O5,de-protonated,0,-9999,C32 H26 O5 N2 S2,32,26,5,2,-9999,2,-9999,N/A,-9999,-9999,N/A,-9999
3021,581.120859,581.1209404814895,581.1211707828991,3646429.3,-9999,305434,22.44,-1,-0.3963053166539865,0.48595214310039264,0.8149093904448103,0.6175350420381597,8,1.4761904761904765,0.6190476190476191,N2 S1 P1 O13,de-protonated,0,-9999,C21 H31 O13 N2 P1 S1,21,31,13,2,1,1,-9999,N/A,-9999,-9999,N/A,-9999
3021,581.120859,581.1209404814895,581.120657718649,3646429.3,-9999,305434,22.44,-1,0.486581980376167,0.4789747778919674,0.731135910132286,0.5798392307880949,26,0.6764705882352942,0.0588235294117647,N4 S1 P1 O2,de-protonated,0,-9999,C34 H23 O2 N4 P1 S1,34,23,2,4,1,1,-9999,N/A,-9999,-9999,N/A,-9999
3022,581.122695,581.1227764829448,581.122691611449,4019678.8,-9999,168200,24.9,-1,0.14604746471989452,0.4980686022164484,0.7550179348240813,0.6008483352595015,16,1.0333333333333334,0.2,S2 P1 O6,de-protonated,0,-9999,C30 H31 O6 P1 S2,30,31,6,-9999,1,2,-9999,N/A,-9999,-9999,N/A,-9999
3022,581.122695,581.1227764829448,581.123159642099,4019678.8,-9999,168200,24.9,-1,-0.6593424266128795,0.46207465507463663,0.7550179348240813,0.5792519669744145,22,0.7666666666666667,0.23333333333333336,N4 P1 O7,de-protonated,0,-9999,C30 H23 O7 N4 P1,30,23,7,4,1,-9999,-9999,N/A,-9999,-9999,N/A,-9999
3022,581.122695,581.1227764829448,581.122888315939,4019678.8,-9999,168200,24.9,-1,-0.19244293497275097,0.4966513527383245,0.8221557383861047,0.6268531069974366,8,1.5,0.6,N4 S2 O12,de-protonated,0,-9999,C20 H30 O12 N4 S2,20,30,12,4,-9999,2,-9999,N/A,-9999,-9999,N/A,-9999
3023,581.159063,581.159144511774,581.159077120799,4417531.5,-9999,159157.2,27.52,-1,0.11595960152377922,0.4987815504351522,0.7489023467070351,0.5988298689439053,15,1.1290322580645162,0.16129032258064516,S2 P1 O5,de-protonated,0,-9999,C31 H35 O5 P1 S2,31,35,5,-9999,1,2,-9999,N/A,-9999,-9999,N/A,-9999
3023,581.159063,581.159144511774,581.159545151449,4417531.5,-9999,159157.2,27.52,-1,-0.6893798413500333,0.45869045670973024,0.7489023467070351,0.5747752127086523,21,0.8709677419354839,0.1935483870967742,N4 P1 O6,de-protonated,0,-9999,C31 H27 O6 N4 P1,31,27,6,4,1,-9999,-9999,N/A,-9999,-9999,N/A,-9999
3023,581.159063,581.159144511774,581.159273825289,4417531.5,-9999,159157.2,27.52,-1,-0.22250959560947223,0.49552830664957576,0.8149093904448101,0.6232807401676694,7,1.619047619047619,0.5238095238095238,N4 S2 O11,de-protonated,0,-9999,C21 H34 O11 N4 S2,21,34,11,4,-9999,2,-9999,N/A,-9999,-9999,N/A,-9999
3024,581.193524,581.1936055390917,581.193452544249,3606551.3,-9999,255961.5,22.18,-1,0.26324254341701836,0.4937524680245548,0.8221557383861046,0.6251137761691747,2,1.9,0.95,O19,de-protonated,0,-9999,C20 H38 O19,20,38,19,-9999,-9999,-9999,-9999,N/A,-9999,-9999,N/A,-9999
3024,581.193524,581.1936055390917,581.193808859869,3606551.3,-9999,255961.5,22.18,-1,-0.3498330062361647,0.48901924271122543,0.7311359101322861,0.5858659096796497,19,1,0.08823529411764706,N2 S2 O3,de-protonated,0,-9999,C34 H34 O3 N2 S2,34,34,3,2,-9999,2,-9999,N/A,-9999,-9999,N/A,-9999
3024,581.193524,581.1936055390917,581.1939418015991,3606551.3,-9999,255961.5,22.18,-1,-0.5785719416842293,0.4705343523076592,0.8007932653391622,0.6026379175202603,6,1.6956521739130437,0.4782608695652174,N2 S1 P1 O11,de-protonated,0,-9999,C23 H39 O11 N2 P1 S1,23,39,11,2,1,1,-9999,N/A,-9999,-9999,N/A,-9999
3025,581.195664,581.1957455407879,581.195462630149,4056088.8,-9999,206641.4,25.14,-1,0.4867736538231851,0.4789585638003612,0.7428850341668535,0.5845291519469581,14,1.21875,0.125,S2 P1 O4,de-protonated,0,-9999,C32 H39 O4 P1 S2,32,39,4,-9999,1,2,-9999,N/A,-9999,-9999,N/A,-9999
3025,581.195664,581.1957455407879,581.1963107833191,4056088.8,-9999,206641.4,25.14,-1,-0.9725501016625402,0.4211479457653176,0.7550179348240813,0.554695941388823,15,1.1333333333333333,0.26666666666666666,N2 S1 O8,de-protonated,0,-9999,C30 H34 O8 N2 S1,30,34,8,2,-9999,1,-9999,N/A,-9999,-9999,N/A,-9999
3025,581.195664,581.1957455407879,581.195930660799,4056088.8,-9999,206641.4,25.14,-1,-0.3185156697501471,0.4908800125105749,0.7428850341668535,0.5916820211730862,20,0.96875,0.15625,N4 P1 O5,de-protonated,0,-9999,C32 H31 O5 N4 P1,32,31,5,4,1,-9999,-9999,N/A,-9999,-9999,N/A,-9999
3025,581.195664,581.1957455407879,581.195659334639,4056088.8,-9999,206641.4,25.14,-1,0.1483255209101344,0.49800800133290907,0.8077896627745539,0.6219206659095671,6,1.7272727272727273,0.4545454545454546,N4 S2 O10,de-protonated,0,-9999,C22 H38 O10 N4 S2,22,38,10,4,-9999,2,-9999,N/A,-9999,-9999,N/A,-9999
3026,581.230032,581.2301135680318,581.2298380535991,3045428.3,-9999,301226.5,18.47,-1,0.4740197675049889,0.9600493732332316,0,0.576029623939939,1,2,0.8571428571428571,O18,de-protonated,0,-9999,C21 H42 O18,21,42,18,-9999,-9999,-9999,-9999,N/A,-9999,-9999,N/A,-9999
3026,581.230032,581.2301135680318,581.230194369219,3045428.3,-9999,301226.5,18.47,-1,-0.13901753211089538,0.49824974332043515,0.7253996187124169,0.5891096934772279,18,1.0857142857142856,0.05714285714285714,N2 S2 O2,de-protonated,0,-9999,C35 H38 O2 N2 S2,35,38,2,2,-9999,2,-9999,N/A,-9999,-9999,N/A,-9999
3026,581.230032,581.2301135680318,581.2303273109491,3045428.3,-9999,301226.5,18.47,-1,-0.36774219652713175,0.4878802606134834,0.7939170211058494,0.6102949648104298,5,1.7916666666666667,0.4166666666666667,N2 S1 P1 O10,de-protonated,0,-9999,C24 H43 O10 N2 P1 S1,24,43,10,2,1,1,-9999,N/A,-9999,-9999,N/A,-9999
3027,581.231829,581.2319105694562,581.231848139499,2698293.8,-9999,191205.2,16.18,-1,0.10740973229665245,0.49895442156868447,0.7369636471990461,0.5941581118208291,13,1.303030303030303,0.09090909090909093,S2 P1 O3,de-protonated,0,-9999,C33 H43 O3 P1 S2,33,43,3,-9999,1,2,-9999,N/A,-9999,-9999,N/A,-9999
3027,581.231829,581.2319105694562,581.232316170149,2698293.8,-9999,191205.2,16.18,-1,-0.6978288741789977,0.4577160043364063,0.7369636471990461,0.5694150614814621,19,1.0606060606060606,0.12121212121212122,N4 P1 O4,de-protonated,0,-9999,C33 H35 O4 N4 P1,33,35,4,4,1,-9999,-9999,N/A,-9999,-9999,N/A,-9999
3027,581.231829,581.2319105694562,581.2320448439891,2698293.8,-9999,191205.2,16.18,-1,-0.23101708534874504,0.990363020536848,0,0.5942178123221087,5,1.826086956521739,0.391304347826087,N4 S2 O9,de-protonated,0,-9999,C23 H42 O9 N4 S2,23,42,9,4,-9999,2,-9999,N/A,-9999,-9999,N/A,-9999
3028,581.301756,581.301837624888,581.302096008049,4081261.5,-9999,201363.5,25.31,-1,-0.4444903309794119,0.4823929260793587,0.719752637322661,0.5773368105766796,17,1.1666666666666667,0.1388888888888889,N2 O5,de-protonated,0,-9999,C36 H42 O5 N2,36,42,5,2,-9999,-9999,-9999,N/A,-9999,-9999,N/A,-9999
3028,581.301756,581.301837624888,581.3014445593691,4081261.5,-9999,201363.5,25.31,-1,0.6761819062575114,0.4601929106497449,0.7675537279851021,0.5831372375838878,8,1.6428571428571428,0.25,N4 S1 O7,de-protonated,0,-9999,C28 H46 O7 N4 S1,28,46,7,4,-9999,1,-9999,N/A,-9999,-9999,N/A,-9999
3033,583.02939,583.0294729943984,583.029185147859,7908822.5,-9999,230522.6,50.54,-1,0.4937086284099925,0.4783679977048756,0.7739790330151772,0.5966124118289963,18,0.7777777777777778,0.3333333333333333,S2 P1 O9,de-protonated,0,-9999,C27 H21 O9 P1 S2,27,21,9,-9999,1,2,-9999,N/A,-9999,-9999,N/A,-9999
3033,583.02939,583.0294729943984,583.030033301029,7908822.5,-9999,230522.6,50.54,-1,-0.9610253308217076,0.42285426482946065,0.7871578612348809,0.5685757033916288,19,0.64,0.52,N2 S1 O13,de-protonated,0,-9999,C25 H16 O13 N2 S1,25,16,13,2,-9999,1,-9999,N/A,-9999,-9999,N/A,-9999
3033,583.02939,583.0294729943984,583.029653178509,7908822.5,-9999,230522.6,50.54,-1,-0.3090479354215948,0.491409513914602,0.7739790330151772,0.6044373215548321,24,0.48148148148148145,0.3703703703703703,N4 P1 O10,de-protonated,0,-9999,C27 H13 O10 N4 P1,27,13,10,4,1,-9999,-9999,N/A,-9999,-9999,N/A,-9999
3033,583.02939,583.0294729943984,583.029381852349,7908822.5,-9999,230522.6,50.54,-1,0.15632496774752916,0.49778783243624614,0.8446892076502734,0.6365483825218571,10,1.1764705882352942,0.8823529411764706,N4 S2 O15,de-protonated,0,-9999,C17 H20 O15 N4 S2,17,20,15,4,-9999,2,-9999,N/A,-9999,-9999,N/A,-9999
3034,583.030899,583.0309819955944,583.0315541295789,7323096,-9999,255488.4,46.68,-1,-0.9813087824614364,0.4198422370499872,0.731135910132286,0.5443597062829066,27,0.4705882352941176,0.17647058823529413,S2 O6,de-protonated,0,-9999,C34 H16 O6 S2,34,16,6,-9999,-9999,2,-9999,N/A,-9999,-9999,N/A,-9999
3034,583.030899,583.0309819955944,583.030684749709,7323096,-9999,255488.4,46.68,-1,0.509828887439758,0.4769658804676625,0.7369636471990461,0.5809649871602158,28,0.3636363636363637,0.3333333333333333,O11,de-protonated,0,-9999,C33 H12 O11,33,12,11,-9999,-9999,-9999,-9999,N/A,-9999,-9999,N/A,-9999
3034,583.030899,583.0309819955944,583.031174007059,7323096,-9999,255488.4,46.68,-1,-0.32933310115443737,0.4902562046105111,0.719752637322661,0.5820547776953711,32,0.3611111111111111,0.08333333333333333,N2 S1 P1 O3,de-protonated,0,-9999,C36 H13 O3 N2 P1 S1,36,13,3,2,1,1,-9999,N/A,-9999,-9999,N/A,-9999
3034,583.030899,583.0309819955944,583.030522558379,7323096,-9999,255488.4,46.68,-1,0.7880157173216759,0.44672095178081617,0.7675537279851021,0.5750540622625306,23,0.6071428571428571,0.17857142857142858,N4 S2 P1 O5,de-protonated,0,-9999,C28 H17 O5 N4 P1 S2,28,17,5,4,1,2,-9999,N/A,-9999,-9999,N/A,-9999
3035,583.10072,583.1008030509422,583.100953844959,3437584.3,-9999,233070.5,21.05,-1,-0.2586070487616651,0.49396923836352485,0.7033271719038787,0.5777124117796664,30,0.5128205128205128,0.10256410256410256,S1 O4,de-protonated,0,-9999,C39 H20 O4 S1,39,20,4,-9999,-9999,1,-9999,N/A,-9999,-9999,N/A,-9999
3035,583.10072,583.1008030509422,583.101086786689,3437584.3,-9999,233070.5,21.05,-1,-0.48659787003916305,0.4789734339712208,0.7675537279851021,0.5944055515767733,17,0.8928571428571429,0.42857142857142855,P1 O12,de-protonated,0,-9999,C28 H25 O12 P1,28,25,12,-9999,1,-9999,-9999,N/A,-9999,-9999,N/A,-9999
3035,583.10072,583.1008030509422,583.100815460529,3437584.3,-9999,233070.5,21.05,-1,-0.02128206047202864,0.9999178205314512,0,0.5999506923188707,3,1.7777777777777777,0.9444444444444444,S2 O17,de-protonated,0,-9999,C18 H32 O17 S2,18,32,17,-9999,-9999,2,-9999,N/A,-9999,-9999,N/A,-9999
3035,583.10072,583.1008030509422,583.1005737224389,3437584.3,-9999,233070.5,21.05,-1,0.3932915069409936,0.4861620188772524,0.6927871148459346,0.5688120572647253,35,0.4146341463414634,0.02439024390243902,N2 P1 O1,de-protonated,0,-9999,C41 H17 O1 N2 P1,41,17,1,2,1,-9999,-9999,N/A,-9999,-9999,N/A,-9999
3035,583.10072,583.1008030509422,583.1003023962791,3437584.3,-9999,233070.5,21.05,-1,0.8586081349720132,0.43739762923027176,0.7489023467070351,0.5619995162209771,21,0.7741935483870968,0.1935483870967742,N2 S2 O6,de-protonated,0,-9999,C31 H24 O6 N2 S2,31,24,6,2,-9999,2,-9999,N/A,-9999,-9999,N/A,-9999
3035,583.10072,583.1008030509422,583.1004353380091,3437584.3,-9999,233070.5,21.05,-1,0.6306168042645425,0.4651919093404817,0.8221557383861046,0.6079774409587309,8,1.45,0.7,N2 S1 P1 O14,de-protonated,0,-9999,C20 H29 O14 N2 P1 S1,20,29,14,2,1,1,-9999,N/A,-9999,-9999,N/A,-9999
3036,583.1375,583.137583080098,583.137339354309,3847213.8,-9999,152253.4,23.75,-1,0.4179560672190567,0.4844001503276994,0.6980173569463055,0.5698470329751418,29,0.6,0.075,S1 O3,de-protonated,0,-9999,C40 H24 O3 S1,40,24,3,-9999,-9999,1,-9999,N/A,-9999,-9999,N/A,-9999
3036,583.1375,583.137583080098,583.137472296039,3847213.8,-9999,152253.4,23.75,-1,0.18997931744112456,0.49673626277216554,0.7612342259156645,0.6025354480295652,16,1,0.3793103448275862,P1 O11,de-protonated,0,-9999,C29 H29 O11 P1,29,29,11,-9999,1,-9999,-9999,N/A,-9999,-9999,N/A,-9999
3036,583.1375,583.137583080098,583.137200969879,3847213.8,-9999,152253.4,23.75,-1,0.6552664079012948,0.4625241345181451,0.8295321147073604,0.6093273265938313,2,1.894736842105263,0.8421052631578947,S2 O16,de-protonated,0,-9999,C19 H36 O16 S2,19,36,16,-9999,-9999,2,-9999,N/A,-9999,-9999,N/A,-9999
3036,583.1375,583.137583080098,583.1376690005291,3847213.8,-9999,152253.4,23.75,-1,-0.14734158949898432,0.49803429005367106,0.8295321147073604,0.6306334199151469,8,1.4736842105263157,0.8947368421052632,N4 O17,de-protonated,0,-9999,C19 H28 O17 N4,19,28,17,4,-9999,-9999,-9999,N/A,-9999,-9999,N/A,-9999
3037,583.173307,583.1733901084825,583.173724863659,3141194.8,-9999,275136.9,19.1,-1,-0.5740230778746281,0.47098220112636263,0.6927871148459347,0.5597041666141914,28,0.6829268292682927,0.04878048780487805,S1 O2,de-protonated,0,-9999,C41 H28 O2 S1,41,28,2,-9999,-9999,1,-9999,N/A,-9999,-9999,N/A,-9999
3037,583.173307,583.1733901084825,583.173857805389,3141194.8,-9999,275136.9,19.1,-1,-0.8019853775439492,0.4449241567302839,0.7550179348240812,0.5689616679678029,15,1.1,0.3333333333333333,P1 O10,de-protonated,0,-9999,C30 H33 O10 P1,30,33,10,-9999,1,-9999,-9999,N/A,-9999,-9999,N/A,-9999
3037,583.173307,583.1733901084825,583.173586479229,3141194.8,-9999,275136.9,19.1,-1,-0.3367277789094562,0.9796365263067672,0,0.5877819157840604,1,2,0.75,S2 O15,de-protonated,0,-9999,C20 H40 O15 S2,20,40,15,-9999,-9999,2,-9999,N/A,-9999,-9999,N/A,-9999
3037,583.173307,583.1733901084825,583.1730734149791,3141194.8,-9999,275136.9,19.1,-1,0.5430523422655326,0.4739480990382332,0.7369636471990461,0.5791543183025584,19,0.9696969696969696,0.12121212121212122,N2 S2 O4,de-protonated,0,-9999,C33 H32 O4 N2 S2,33,32,4,2,-9999,2,-9999,N/A,-9999,-9999,N/A,-9999
3037,583.173307,583.1733901084825,583.1732063567091,3141194.8,-9999,275136.9,19.1,-1,0.3150895332935293,0.49107340433197527,0.8077896627745539,0.6177599077090068,6,1.681818181818182,0.5454545454545454,N2 S1 P1 O12,de-protonated,0,-9999,C22 H37 O12 N2 P1 S1,22,37,12,2,1,1,-9999,N/A,-9999,-9999,N/A,-9999
3038,583.17501,583.1750931098326,583.174727185259,3712588,-9999,214378,22.86,-1,0.6274698756402178,0.4655262116990358,0.7489023467070351,0.5788766657022355,14,1.1935483870967742,0.16129032258064516,S2 P1 O5,de-protonated,0,-9999,C31 H37 O5 P1 S2,31,37,5,-9999,1,2,-9999,N/A,-9999,-9999,N/A,-9999
3038,583.17501,583.1750931098326,583.1755753384291,3712588,-9999,214378,22.86,-1,-0.8269012230919385,0.4416597205688307,0.7612342259156646,0.5694895227075643,15,1.103448275862069,0.3103448275862069,N2 S1 O9,de-protonated,0,-9999,C29 H32 O9 N2 S1,29,32,9,2,-9999,1,-9999,N/A,-9999,-9999,N/A,-9999
3038,583.17501,583.1750931098326,583.1751952159091,3712588,-9999,214378,22.86,-1,-0.1750864531526643,0.4972265417551947,0.7489023467070351,0.5978968637359309,20,0.935483870967742,0.1935483870967742,N4 P1 O6,de-protonated,0,-9999,C31 H29 O6 N4 P1,31,29,6,4,1,-9999,-9999,N/A,-9999,-9999,N/A,-9999
3038,583.17501,583.1750931098326,583.174923889749,3712588,-9999,214378,22.86,-1,0.2901703701632913,0.492419171735704,0.8149093904448103,0.6214152592193465,6,1.7142857142857142,0.5238095238095238,N4 S2 O11,de-protonated,0,-9999,C21 H36 O11 N4 S2,21,36,11,4,-9999,2,-9999,N/A,-9999,-9999,N/A,-9999
3039,583.209094,583.2091771368513,583.209102608709,2551399.5,-9999,247575.3,15.2,-1,0.12778974456374714,0.9970412888871366,0,0.598224773332282,1,2,0.95,O19,de-protonated,0,-9999,C20 H40 O19,20,40,19,-9999,-9999,-9999,-9999,N/A,-9999,-9999,N/A,-9999
3039,583.209094,583.2091771368513,583.209458924329,2551399.5,-9999,247575.3,15.2,-1,-0.4831668510563436,0.47926269229241786,0.7311359101322861,0.5800119794283651,18,1.0588235294117647,0.08823529411764706,N2 S2 O3,de-protonated,0,-9999,C34 H36 O3 N2 S2,34,36,3,2,-9999,2,-9999,N/A,-9999,-9999,N/A,-9999
3039,583.209094,583.2091771368513,583.209591866059,2551399.5,-9999,247575.3,15.2,-1,-0.7111152036749593,0.912327868466308,0,0.5473967210797849,5,1.7826086956521738,0.4782608695652174,N2 S1 P1 O11,de-protonated,0,-9999,C23 H41 O11 N2 P1 S1,23,41,11,2,1,1,-9999,N/A,-9999,-9999,N/A,-9999
3040,583.211443,583.2115261387133,583.211112694609,2833001.5,-9999,230288.5,17.06,-1,0.7089098532440875,0.45642321588614465,0.7428850341668535,0.5710079431984282,13,1.28125,0.125,S2 P1 O4,de-protonated,0,-9999,C32 H41 O4 P1 S2,32,41,4,-9999,1,2,-9999,N/A,-9999,-9999,N/A,-9999
3040,583.211443,583.2115261387133,583.2119608477791,2833001.5,-9999,230288.5,17.06,-1,-0.745370628417117,0.4520529476627953,0.7550179348240813,0.5732389425273097,14,1.2,0.26666666666666666,N2 S1 O8,de-protonated,0,-9999,C30 H36 O8 N2 S1,30,36,8,2,-9999,1,-9999,N/A,-9999,-9999,N/A,-9999
3040,583.211443,583.2115261387133,583.212093789509,2833001.5,-9999,230288.5,17.06,-1,-0.973317943390665,0.8420675711192809,0,0.5052405426715685,1,2.1578947368421053,0.8421052631578947,N2 P1 O16,de-protonated,0,-9999,C19 H41 O16 N2 P1,19,41,16,2,1,-9999,-9999,N/A,-9999,-9999,N/A,-9999
3040,583.211443,583.2115261387133,583.2115807252591,2833001.5,-9999,230288.5,17.06,-1,-0.09359647087576796,0.49920585892330366,0.7428850341668535,0.5966775290207236,19,1.03125,0.15625,N4 P1 O5,de-protonated,0,-9999,C32 H33 O5 N4 P1,32,33,5,4,1,-9999,-9999,N/A,-9999,-9999,N/A,-9999
3040,583.211443,583.2115261387133,583.211309399099,2833001.5,-9999,230288.5,17.06,-1,0.37163136381143774,0.9752515370089536,0,0.5851509222053722,5,1.818181818181818,0.4545454545454546,N4 S2 O10,de-protonated,0,-9999,C22 H40 O10 N4 S2,22,40,10,4,-9999,2,-9999,N/A,-9999,-9999,N/A,-9999
3042,585.026427,585.0265115774666,585.0260748259791,3488808.8,-9999,271777.8,21.38,-1,0.7465504638765076,0.45190858958871705,0.7141928963326545,0.5568223122862921,31,0.3783783783783784,0.10810810810810811,S2 O4,de-protonated,0,-9999,C37 H14 O4 S2,37,14,4,-9999,-9999,2,-9999,N/A,-9999,-9999,N/A,-9999
3042,585.026427,585.0265115774666,585.026207767709,3488808.8,-9999,271777.8,21.38,-1,0.5193096541267047,0.4761222076380614,0.7805128205128198,0.5978784527879648,18,0.7307692307692307,0.4615384615384616,S1 P1 O12,de-protonated,0,-9999,C26 H19 O12 P1 S1,26,19,12,-9999,1,1,-9999,N/A,-9999,-9999,N/A,-9999
3042,585.026427,585.0265115774666,585.027055920879,3488808.8,-9999,271777.8,21.38,-1,-0.9304585263782564,0.4273136732529119,0.7939170211058493,0.5739550123940869,19,0.5833333333333334,0.6666666666666666,N2 O16,de-protonated,0,-9999,C24 H14 O16 N2,24,14,16,2,-9999,-9999,-9999,N/A,-9999,-9999,N/A,-9999
3043,585.027947,585.0280315786716,585.028576749429,3897386,-9999,277900.4,24.07,-1,-0.9318703035332804,0.4271098660421512,0.7369636471990461,0.5510513785049092,27,0.42424242424242425,0.2727272727272727,S1 O9,de-protonated,0,-9999,C33 H14 O9 S1,33,14,9,-9999,-9999,1,-9999,N/A,-9999,-9999,N/A,-9999
3043,585.027947,585.0280315786716,585.0281966269091,3897386,-9999,277900.4,24.07,-1,-0.2821201412662012,0.49283098003251147,0.725399618712417,0.5858584355044737,32,0.3142857142857143,0.17142857142857143,N2 P1 O6,de-protonated,0,-9999,C35 H11 O6 N2 P1,35,11,6,2,1,-9999,-9999,N/A,-9999,-9999,N/A,-9999
3043,585.027947,585.0280315786716,585.027925300749,3897386,-9999,277900.4,24.07,-1,0.181662990897334,0.49701491220215954,0.7871578612348809,0.6130720918152481,18,0.72,0.44,N2 S2 O11,de-protonated,0,-9999,C25 H18 O11 N2 S2,25,18,11,2,-9999,2,-9999,N/A,-9999,-9999,N/A,-9999
3043,585.027947,585.0280315786716,585.027545178229,3897386,-9999,277900.4,24.07,-1,0.831414600203915,0.4410603221122081,0.7739790330151772,0.5742278064733958,23,0.5555555555555556,0.2962962962962963,N4 S1 P1 O8,de-protonated,0,-9999,C27 H15 O8 N4 P1 S1,27,15,8,4,1,1,-9999,N/A,-9999,-9999,N/A,-9999
3044,585.096205,585.0962896327803,585.0964768629591,2529889.8,-9999,219733.9,15.05,-1,-0.319998814162998,0.4907956700905858,0.7428850341668535,0.5916314157210929,20,0.84375,0.15625,S2 P1 O5,de-protonated,0,-9999,C32 H27 O5 P1 S2,32,27,5,-9999,1,2,-9999,N/A,-9999,-9999,N/A,-9999
3044,585.096205,585.0962896327803,585.0966735674491,2529889.8,-9999,219733.9,15.05,-1,-0.6561901410831559,0.9248449533238492,0,0.5549069719943095,12,1.181818181818182,0.5,N4 S2 O11,de-protonated,0,-9999,C22 H26 O11 N4 S2,22,26,11,4,-9999,2,-9999,N/A,-9999,-9999,N/A,-9999
3044,585.096205,585.0962896327803,585.0958041875791,2529889.8,-9999,219733.9,15.05,-1,0.8296849810449609,0.8825806265845612,0,0.5295483759507367,13,1.0476190476190477,0.7619047619047619,N4 O16,de-protonated,0,-9999,C21 H22 O16 N4,21,22,16,4,-9999,-9999,-9999,N/A,-9999,-9999,N/A,-9999
3045,585.116956,585.1170406492297,585.116603909419,2602610.5,-9999,245365.9,15.53,-1,0.7464150012738466,0.45192517329397214,0.7033271719038788,0.5524859727379348,29,0.5641025641025641,0.10256410256410256,S1 O4,de-protonated,0,-9999,C39 H22 O4 S1,39,22,4,-9999,-9999,1,-9999,N/A,-9999,-9999,N/A,-9999
3045,585.116956,585.1170406492297,585.117606231019,2602610.5,-9999,245365.9,15.53,-1,-0.9666121532445294,0.42202877729753585,0.7612342259156645,0.5577109567447873,15,1.0689655172413792,0.2413793103448276,S2 P1 O7,de-protonated,0,-9999,C29 H31 O7 P1 S2,29,31,7,-9999,1,2,-9999,N/A,-9999,-9999,N/A,-9999
3045,585.116956,585.1170406492297,585.1167368511491,2602610.5,-9999,245365.9,15.53,-1,0.5192093499894457,0.47613120695746824,0.7675537279851021,0.5927002153685218,16,0.9642857142857144,0.42857142857142855,P1 O12,de-protonated,0,-9999,C28 H27 O12 P1,28,27,12,-9999,1,-9999,-9999,N/A,-9999,-9999,N/A,-9999
3045,585.116956,585.1170406492297,585.116465524989,2602610.5,-9999,245365.9,15.53,-1,0.9829226735645028,0.8392016244255602,0,0.5035209746553361,2,1.8888888888888888,0.9444444444444444,S2 O17,de-protonated,0,-9999,C18 H34 O17 S2,18,34,17,-9999,-9999,2,-9999,N/A,-9999,-9999,N/A,-9999
3046,585.132637,585.1327216616602,585.132862372309,2494591.3,-9999,238554.2,14.82,-1,-0.24047640773873108,0.4947809404147548,0.7369636471990462,0.5916540231284714,19,0.9393939393939394,0.12121212121212122,S2 P1 O4,de-protonated,0,-9999,C33 H31 O4 P1 S2,33,31,4,-9999,1,2,-9999,N/A,-9999,-9999,N/A,-9999
3046,585.132637,585.1327216616602,585.133059076799,2494591.3,-9999,238554.2,14.82,-1,-0.5766468559030827,0.9414485239944876,0,0.5648691143966925,11,1.3043478260869563,0.43478260869565216,N4 S2 O10,de-protonated,0,-9999,C23 H30 O10 N4 S2,23,30,10,4,-9999,2,-9999,N/A,-9999,-9999,N/A,-9999
3046,585.132637,585.1327216616602,585.132189696929,2494591.3,-9999,238554.2,14.82,-1,0.909135987641205,0.8607316771394334,0,0.51643900628366,12,1.181818181818182,0.6818181818181818,N4 O15,de-protonated,0,-9999,C22 H26 O15 N4,22,26,15,4,-9999,-9999,-9999,N/A,-9999,-9999,N/A,-9999
3047,585.14,585.1400846674969,585.1402352009289,4253829.5,-9999,301011.1,26.42,-1,-0.25726043598470466,0.4940315059438491,0.7428850341668536,0.5935729172330508,20,0.8125,0.34375,O11,de-protonated,0,-9999,C32 H26 O11,32,26,11,-9999,-9999,-9999,-9999,N/A,-9999,-9999,N/A,-9999
3047,585.14,585.1400846674969,585.139583752249,4253829.5,-9999,301011.1,26.42,-1,0.8560611208592397,0.4377443773003304,0.7939170211058493,0.580213434822538,11,1.25,0.5416666666666666,N2 S1 O13,de-protonated,0,-9999,C24 H30 O13 N2 S1,24,30,13,2,-9999,1,-9999,N/A,-9999,-9999,N/A,-9999
3047,585.14,585.1400846674969,585.140073009599,4253829.5,-9999,301011.1,26.42,-1,0.01992326027417106,0.49996398951172966,0.7739790330151771,0.6095700069131087,15,1.148148148148148,0.18518518518518515,N4 S2 P1 O5,de-protonated,0,-9999,C27 H31 O5 N4 P1 S2,27,31,5,4,1,2,-9999,N/A,-9999,-9999,N/A,-9999
3048,585.141564,585.1416486687367,585.141375906959,4472966.5,-9999,245355.5,27.87,-1,0.4661467962817592,0.480669824496347,0.6825582999861977,0.5614252146922872,33,0.5348837209302325,0.02325581395348837,P1 O1,de-protonated,0,-9999,C43 H23 O1 P1,43,23,1,-9999,1,-9999,-9999,N/A,-9999,-9999,N/A,-9999
3048,585.141564,585.1416486687367,585.1411045807989,4472966.5,-9999,245355.5,27.87,-1,0.9298405692635856,0.4274028162076765,0.7369636471990462,0.5512271486042244,19,0.9090909090909092,0.18181818181818185,S2 O6,de-protonated,0,-9999,C33 H30 O6 S2,33,30,6,-9999,-9999,2,-9999,N/A,-9999,-9999,N/A,-9999
3048,585.141564,585.1416486687367,585.1412375225291,4472966.5,-9999,245355.5,27.87,-1,0.7026443895256131,0.4571562443814696,0.8077896627745539,0.5974096117387033,6,1.5909090909090908,0.6363636363636364,S1 P1 O14,de-protonated,0,-9999,C22 H35 O14 P1 S1,22,35,14,-9999,1,1,-9999,N/A,-9999,-9999,N/A,-9999
3048,585.141564,585.1416486687367,585.142085675699,4472966.5,-9999,245355.5,27.87,-1,-0.7468390550382988,0.45187325145831175,0.8221557383861047,0.599986246229429,7,1.5,0.9,N2 O18,de-protonated,0,-9999,C20 H30 O18 N2,20,30,18,2,-9999,-9999,-9999,N/A,-9999,-9999,N/A,-9999
3048,585.141564,585.1416486687367,585.1415726114491,4472966.5,-9999,245355.5,27.87,-1,0.12998100150257508,0.49846955376702035,0.7369636471990462,0.5938671911398307,25,0.6666666666666666,0.21212121212121213,N4 O7,de-protonated,0,-9999,C33 H22 O7 N4,33,22,7,4,-9999,-9999,-9999,N/A,-9999,-9999,N/A,-9999
3049,585.152204,585.1522886771711,585.152851034339,2254991.3,-9999,282294.9,13.24,-1,-0.9610431991516024,0.8457032594720352,0,0.5074219556832211,1,2,0.8421052631578947,S2 O16,de-protonated,0,-9999,C19 H38 O16 S2,19,38,16,-9999,-9999,2,-9999,N/A,-9999,-9999,N/A,-9999
3049,585.152204,585.1522886771711,585.152337970089,2254991.3,-9999,282294.9,13.24,-1,-0.08423946155633202,0.49935660834194817,0.7428850341668535,0.5967679786719102,19,0.9375,0.15625,N2 S2 O5,de-protonated,0,-9999,C32 H30 O5 N2 S2,32,30,5,2,-9999,2,-9999,N/A,-9999,-9999,N/A,-9999
3049,585.152204,585.1522886771711,585.152470911819,2254991.3,-9999,282294.9,13.24,-1,-0.3114310491401115,0.982555369820522,0,0.5895332218923132,6,1.6666666666666667,0.6190476190476191,N2 S1 P1 O13,de-protonated,0,-9999,C21 H35 O13 N2 P1 S1,21,35,13,2,1,1,-9999,N/A,-9999,-9999,N/A,-9999
3049,585.152204,585.1522886771711,585.151957847569,2254991.3,-9999,282294.9,13.24,-1,0.5653738276218453,0.4718251479423391,0.731135910132286,0.5755494528183178,24,0.7941176470588235,0.0588235294117647,N4 S1 P1 O2,de-protonated,0,-9999,C34 H27 O2 N4 P1 S1,34,27,2,4,1,1,-9999,N/A,-9999,-9999,N/A,-9999
3050,585.153937,585.154021678545,585.1539917403691,2507920.8,-9999,223097.8,14.91,-1,0.05116290123219284,0.49976257249664485,0.7550179348240813,0.6018647174276195,14,1.1666666666666667,0.2,S2 P1 O6,de-protonated,0,-9999,C30 H35 O6 P1 S2,30,35,6,-9999,1,2,-9999,N/A,-9999,-9999,N/A,-9999
3050,585.153937,585.154021678545,585.154459771019,2507920.8,-9999,223097.8,14.91,-1,-0.7486783476163353,0.4516477733534015,0.7550179348240812,0.5729958379416734,20,0.9,0.23333333333333336,N4 P1 O7,de-protonated,0,-9999,C30 H27 O7 N4 P1,30,27,7,4,1,-9999,-9999,N/A,-9999,-9999,N/A,-9999
3050,585.153937,585.154021678545,585.1541884448591,2507920.8,-9999,223097.8,14.91,-1,-0.28499550617006947,0.985370363654496,0,0.5912222181926975,6,1.7,0.6,N4 S2 O12,de-protonated,0,-9999,C20 H34 O12 N4 S2,20,34,12,4,-9999,2,-9999,N/A,-9999,-9999,N/A,-9999
3051,585.169211,585.1692956906527,585.169247881659,2491549,-9999,218545.8,14.8,-1,0.0817011384079593,0.4993947747063436,0.731135910132286,0.5920912288767206,18,1.0294117647058822,0.08823529411764706,S2 P1 O3,de-protonated,0,-9999,C34 H35 O3 P1 S2,34,35,3,-9999,1,2,-9999,N/A,-9999,-9999,N/A,-9999
3051,585.169211,585.1692956906527,585.169715912309,2491549,-9999,218545.8,14.8,-1,-0.7181192821504971,0.455336116166728,0.731135910132286,0.5656560337529513,24,0.7941176470588235,0.1176470588235294,N4 P1 O4,de-protonated,0,-9999,C34 H27 O4 N4 P1,34,27,4,4,1,-9999,-9999,N/A,-9999,-9999,N/A,-9999
3051,585.169211,585.1692956906527,585.1694445861491,2491549,-9999,218545.8,14.8,-1,-0.25444851535975954,0.9883210127968282,0,0.5929926076780969,10,1.4166666666666667,0.375,N4 S2 O9,de-protonated,0,-9999,C24 H34 O9 N4 S2,24,34,9,4,-9999,2,-9999,N/A,-9999,-9999,N/A,-9999
3052,585.188611,585.1886957060314,585.189236543689,2196141,-9999,252044.1,12.85,-1,-0.9242098519951408,0.85642638925419,0,0.513855833552514,0,2.1,0.75,S2 O15,de-protonated,0,-9999,C20 H42 O15 S2,20,42,15,-9999,-9999,2,-9999,N/A,-9999,-9999,N/A,-9999
3052,585.188611,585.1886957060314,585.1887234794391,2196141,-9999,252044.1,12.85,-1,-0.04746059967124759,0.4997956844002055,0.7369636471990461,0.5946628695197418,18,1.0303030303030305,0.12121212121212122,N2 S2 O4,de-protonated,0,-9999,C33 H34 O4 N2 S2,33,34,4,2,-9999,2,-9999,N/A,-9999,-9999,N/A,-9999
3052,585.188611,585.1886957060314,585.1888564211691,2196141,-9999,252044.1,12.85,-1,-0.2746380694328947,0.9864072658149504,0,0.5918443594889702,5,1.7727272727272727,0.5454545454545454,N2 S1 P1 O12,de-protonated,0,-9999,C22 H39 O12 N2 P1 S1,22,39,12,2,1,1,-9999,N/A,-9999,-9999,N/A,-9999
3052,585.188611,585.1886957060314,585.188343356919,2196141,-9999,252044.1,12.85,-1,0.602112322304618,0.46816735493690925,0.7253996187124169,0.5710602604471122,23,0.8857142857142857,0.02857142857142857,N4 S1 P1 O1,de-protonated,0,-9999,C35 H31 O1 N4 P1 S1,35,31,1,4,1,1,-9999,N/A,-9999,-9999,N/A,-9999
3053,585.189464,585.1895487067075,585.189374928119,2201261.8,-9999,208685.2,12.88,-1,0.2969612844392003,0.4920630524969145,0.6927871148459346,0.5723526774365225,27,0.7317073170731707,0.04878048780487805,S1 O2,de-protonated,0,-9999,C41 H30 O2 S1,41,30,2,-9999,-9999,1,-9999,N/A,-9999,-9999,N/A,-9999
3053,585.189464,585.1895487067075,585.1895078698491,2201261.8,-9999,208685.2,12.88,-1,0.06978398933280633,0.9991167705267892,0,0.5994700623160735,14,1.1666666666666667,0.3333333333333333,P1 O10,de-protonated,0,-9999,C30 H35 O10 P1,30,35,10,-9999,1,-9999,-9999,N/A,-9999,-9999,N/A,-9999
3053,585.189464,585.1895487067075,585.189236543689,2201261.8,-9999,208685.2,12.88,-1,0.5334394396086232,0.9496777056269344,0,0.5698066233761606,0,2.1,0.75,S2 O15,de-protonated,0,-9999,C20 H42 O15 S2,20,42,15,-9999,-9999,2,-9999,N/A,-9999,-9999,N/A,-9999
3053,585.189464,585.1895487067075,585.1897045743391,2201261.8,-9999,208685.2,12.88,-1,-0.2663540223198757,0.987209719839692,0,0.592325831903815,6,1.7,0.8,N4 O16,de-protonated,0,-9999,C20 H34 O16 N4,20,34,16,4,-9999,-9999,-9999,N/A,-9999,-9999,N/A,-9999
3054,585.218605,585.2186897298078,585.218879446399,2168005.5,-9999,285181.3,12.66,-1,-0.32418057218800306,0.981111668439108,0,0.5886670010634648,9,1.4074074074074074,0.5185185185185185,O14,de-protonated,0,-9999,C27 H38 O14,27,38,14,-9999,-9999,-9999,-9999,N/A,-9999,-9999,N/A,-9999
3054,585.218605,585.2186897298078,585.2183663821489,2168005.5,-9999,285181.3,12.66,-1,0.5525247966438406,0.4730564760337387,0.6980173569463056,0.5630408283987655,27,0.75,0.075,N2 O3,de-protonated,0,-9999,C40 H30 O3 N2,40,30,3,2,-9999,-9999,-9999,N/A,-9999,-9999,N/A,-9999
3054,585.218605,585.2186897298078,585.218227997719,2168005.5,-9999,285181.3,12.66,-1,0.7889912970272123,0.8931925268400558,0,0.5359155161040334,0,2.210526315789474,0.8421052631578947,N2 S1 O16,de-protonated,0,-9999,C19 H42 O16 N2 S1,19,42,16,2,-9999,1,-9999,N/A,-9999,-9999,N/A,-9999
3054,585.218605,585.2186897298078,585.2187172550691,2168005.5,-9999,285181.3,12.66,-1,-0.04703414382497307,0.999598677828594,0,0.5997592066971564,4,1.9545454545454544,0.3636363636363637,N4 S2 P1 O8,de-protonated,0,-9999,C22 H43 O8 N4 P1 S2,22,43,8,4,1,2,-9999,N/A,-9999,-9999,N/A,-9999
3055,586.175846,586.1759314886209,586.1762433073991,3363796.5,-9999,281570.7,20.55,-1,-0.5319539673377932,0.949950457023698,0,0.5699702742142189,0,2.210526315789474,0.6842105263157895,N1 S2 P1 O13,de-protonated,0,-9999,C19 H42 O13 N1 P1 S2,19,42,13,1,1,2,-9999,N/A,-9999,-9999,N/A,-9999
3055,586.175846,586.1759314886209,586.175730243149,3363796.5,-9999,281570.7,20.55,-1,0.34331935203404085,0.48942002736825696,0.7428850341668535,0.5908060300876956,18,1.0625,0.0625,N3 S2 P1 O2,de-protonated,0,-9999,C32 H34 O2 N3 P1 S2,32,34,2,3,1,2,-9999,N/A,-9999,-9999,N/A,-9999
3056,586.177028,586.1771134895579,586.177229844999,3534805.5,-9999,193741.7,21.68,-1,-0.19849873933398085,0.49643805022212834,0.7087183895694522,0.5813501859610579,28,0.6578947368421053,0.10526315789473684,N3 O4,de-protonated,0,-9999,C38 H25 O4 N3,38,25,4,3,-9999,-9999,-9999,N/A,-9999,-9999,N/A,-9999
3058,587.07556,587.0756462018319,587.075741418069,2207416.5,-9999,258326,12.91,-1,-0.16218731316971577,0.4976192073740411,0.748902346707035,0.5981324631072387,20,0.8064516129032258,0.1935483870967742,S2 P1 O6,de-protonated,0,-9999,C31 H25 O6 P1 S2,31,25,6,-9999,1,2,-9999,N/A,-9999,-9999,N/A,-9999
3058,587.07556,587.0756462018319,587.076209448719,2207416.5,-9999,258326,12.91,-1,-0.9594101721427932,0.4230923222290456,0.7489023467070351,0.5534163320202414,26,0.5483870967741935,0.2258064516129032,N4 P1 O7,de-protonated,0,-9999,C31 H17 O7 N4 P1,31,17,7,4,1,-9999,-9999,N/A,-9999,-9999,N/A,-9999
3058,587.07556,587.0756462018319,587.075938122559,2207416.5,-9999,258326,12.91,-1,-0.49724525939468545,0.9561277889111712,0,0.5736766733467028,12,1.1428571428571428,0.5714285714285714,N4 S2 O12,de-protonated,0,-9999,C21 H24 O12 N4 S2,21,24,12,4,-9999,2,-9999,N/A,-9999,-9999,N/A,-9999
3058,587.07556,587.0756462018319,587.075068742689,2207416.5,-9999,258326,12.91,-1,0.9836206195622548,0.8389926508379713,0,0.5033955905027827,13,1,0.85,N4 O17,de-protonated,0,-9999,C20 H20 O17 N4,20,20,17,4,-9999,-9999,-9999,N/A,-9999,-9999,N/A,-9999
3059,587.111252,587.1113382301253,587.111124605819,2640597.8,-9999,162605.3,15.77,-1,0.36385668290856127,0.4881319706602173,0.6876346701883607,0.5679330504714746,33,0.47619047619047616,0.04761904761904761,S1 O2,de-protonated,0,-9999,C42 H20 O2 S1,42,20,2,-9999,-9999,1,-9999,N/A,-9999,-9999,N/A,-9999
3059,587.111252,587.1113382301253,587.111257547549,2640597.8,-9999,162605.3,15.77,-1,0.1374229759975037,0.498289596205756,0.7489023467070351,0.5985346964062677,20,0.8064516129032258,0.3225806451612903,P1 O10,de-protonated,0,-9999,C31 H25 O10 P1,31,25,10,-9999,1,-9999,-9999,N/A,-9999,-9999,N/A,-9999
3059,587.111252,587.1113382301253,587.110986221389,2640597.8,-9999,162605.3,15.77,-1,0.599560806298877,0.9368557730840008,0,0.5621134638504005,6,1.5238095238095235,0.7142857142857143,S2 O15,de-protonated,0,-9999,C21 H32 O15 S2,21,32,15,-9999,-9999,2,-9999,N/A,-9999,-9999,N/A,-9999
3059,587.111252,587.1113382301253,587.111454252039,2640597.8,-9999,162605.3,15.77,-1,-0.1976148019500009,0.992939182214457,0,0.5957635093286742,12,1.1428571428571428,0.7619047619047619,N4 O16,de-protonated,0,-9999,C21 H24 O16 N4,21,24,16,4,-9999,-9999,-9999,N/A,-9999,-9999,N/A,-9999
3060,587.112761,587.1128472313214,587.1129750805891,2365143,-9999,317512.6,13.95,-1,-0.21775922704557557,0.4957163898224908,0.7550179348240813,0.599437007823127,20,0.8,0.3,N2 S1 O9,de-protonated,0,-9999,C30 H24 O9 N2 S1,30,24,9,2,-9999,1,-9999,N/A,-9999,-9999,N/A,-9999
3060,587.112761,587.1128472313214,587.1131080223191,2365143,-9999,317512.6,13.95,-1,-0.44419208858138903,0.9648322514309708,0,0.5788993508585825,7,1.5263157894736843,0.8947368421052632,N2 P1 O17,de-protonated,0,-9999,C19 H29 O17 N2 P1,19,29,17,2,1,-9999,-9999,N/A,-9999,-9999,N/A,-9999
3060,587.112761,587.1128472313214,587.112594958069,2365143,-9999,317512.6,13.95,-1,0.4296846202111633,0.48352713337711545,0.7428850341668535,0.5872702936930106,25,0.65625,0.1875,N4 P1 O6,de-protonated,0,-9999,C32 H21 O6 N4 P1,32,21,6,4,1,-9999,-9999,N/A,-9999,-9999,N/A,-9999
3060,587.112761,587.1128472313214,587.1123236319091,2365143,-9999,317512.6,13.95,-1,0.891821532658437,0.8656155361351806,0,0.5193693216811084,11,1.2727272727272727,0.5,N4 S2 O11,de-protonated,0,-9999,C22 H28 O11 N4 S2,22,28,11,4,-9999,2,-9999,N/A,-9999,-9999,N/A,-9999
3061,587.137631,587.1377172510362,587.138127200649,2519275.5,-9999,329834.9,14.97,-1,-0.6982166441808811,0.45767104681243737,0.7428850341668535,0.5717566417542037,19,0.875,0.28125,S1 O9,de-protonated,0,-9999,C32 H28 O9 S1,32,28,9,-9999,-9999,1,-9999,N/A,-9999,-9999,N/A,-9999
3061,587.137631,587.1377172510362,587.138260142379,2519275.5,-9999,329834.9,14.97,-1,-0.924639696693102,0.8563029009853126,0,0.5137817405911875,6,1.5714285714285714,0.8095238095238095,P1 O17,de-protonated,0,-9999,C21 H33 O17 P1,21,33,17,-9999,1,-9999,-9999,N/A,-9999,-9999,N/A,-9999
3061,587.137631,587.1377172510362,587.1377470781291,2519275.5,-9999,329834.9,14.97,-1,-0.0508008437186656,0.4997659201644353,0.7311359101322861,0.5923139161515756,24,0.7352941176470589,0.17647058823529413,N2 P1 O6,de-protonated,0,-9999,C34 H25 O6 N2 P1,34,25,6,2,1,-9999,-9999,N/A,-9999,-9999,N/A,-9999
3061,587.137631,587.1377172510362,587.137475751969,2519275.5,-9999,329834.9,14.97,-1,0.41131604979864095,0.9697687376037374,0,0.5818612425622424,10,1.3333333333333333,0.4583333333333333,N2 S2 O11,de-protonated,0,-9999,C24 H32 O11 N2 S2,24,32,11,2,-9999,2,-9999,N/A,-9999,-9999,N/A,-9999
3062,587.140133,587.1402192530195,587.1406291240991,3809517.8,-9999,155713.1,23.48,-1,-0.698079913461705,0.4576869015316475,0.7675537279851021,0.5816336321130293,15,1,0.5,O14,de-protonated,0,-9999,C28 H28 O14,28,28,14,-9999,-9999,-9999,-9999,N/A,-9999,-9999,N/A,-9999
3062,587.140133,587.1402192530195,587.140116059849,3809517.8,-9999,155713.1,23.48,-1,0.17575561212780802,0.4972053610777061,0.6927871148459346,0.5754380625849975,33,0.4878048780487805,0.07317073170731707,N2 O3,de-protonated,0,-9999,C41 H20 O3 N2,41,20,3,2,-9999,-9999,-9999,N/A,-9999,-9999,N/A,-9999
3062,587.140133,587.1402192530195,587.1399776754191,3809517.8,-9999,155713.1,23.48,-1,0.41144805253030975,0.4848748134653508,0.8221557383861046,0.6197871834336524,6,1.6,0.8,N2 S1 O16,de-protonated,0,-9999,C20 H32 O16 N2 S1,20,32,16,2,-9999,1,-9999,N/A,-9999,-9999,N/A,-9999
3062,587.140133,587.1402192530195,587.1404669327691,3809517.8,-9999,155713.1,23.48,-1,-0.4218407068265685,0.4841134986411738,0.8007932653391622,0.6107854053203692,10,1.434782608695652,0.34782608695652173,N4 S2 P1 O8,de-protonated,0,-9999,C23 H33 O8 N4 P1 S2,23,33,8,4,1,2,-9999,N/A,-9999,-9999,N/A,-9999
3063,587.146384,587.1464702579747,587.146502350869,2755314.8,-9999,279060.6,16.53,-1,-0.05465909141127204,0.9994580478610382,0,0.5996748287166229,6,1.5238095238095235,0.9047619047619048,O19,de-protonated,0,-9999,C21 H32 O19,21,32,19,-9999,-9999,-9999,-9999,N/A,-9999,-9999,N/A,-9999
3063,587.146384,587.1464702579747,587.146858666489,2755314.8,-9999,279060.6,16.53,-1,-0.6615185087599857,0.4618337282745072,0.7253996187124169,0.5672600844496711,23,0.8,0.08571428571428572,N2 S2 O3,de-protonated,0,-9999,C35 H28 O3 N2 S2,35,28,3,2,-9999,2,-9999,N/A,-9999,-9999,N/A,-9999
3063,587.146384,587.1464702579747,587.145989286619,2755314.8,-9999,279060.6,16.53,-1,0.8191682552384978,0.4426809836246984,0.7311359101322861,0.5580629542277334,24,0.7058823529411765,0.2352941176470588,N2 O8,de-protonated,0,-9999,C34 H24 O8 N2,34,24,8,2,-9999,-9999,-9999,N/A,-9999,-9999,N/A,-9999
3063,587.146384,587.1464702579747,587.1469916082191,2755314.8,-9999,279060.6,16.53,-1,-0.8879382026366753,0.8667017538797932,0,0.5200210523278759,10,1.375,0.4583333333333333,N2 S1 P1 O11,de-protonated,0,-9999,C24 H33 O11 N2 P1 S1,24,33,11,2,1,1,-9999,N/A,-9999,-9999,N/A,-9999
3063,587.146384,587.1464702579747,587.146340159539,2755314.8,-9999,279060.6,16.53,-1,0.2215775297385763,0.9911310493612592,0,0.5946786296167555,1,2.3125,0.8125,N4 S2 P1 O13,de-protonated,0,-9999,C16 H37 O13 N4 P1 S2,16,37,13,4,1,2,-9999,N/A,-9999,-9999,N/A,-9999
3064,587.148607,587.1486932597369,587.148512436769,2553844.5,-9999,244948.7,15.2,-1,0.3079680252050725,0.4914689305001392,0.7369636471990461,0.5896668171797019,18,1,0.12121212121212122,S2 P1 O4,de-protonated,0,-9999,C33 H33 O4 P1 S2,33,33,4,-9999,1,2,-9999,N/A,-9999,-9999,N/A,-9999
3064,587.148607,587.1486932597369,587.148980467419,2553844.5,-9999,244948.7,15.2,-1,-0.4891564010458296,0.4787565147488373,0.7369636471990462,0.5820393677289208,24,0.7575757575757576,0.15151515151515152,N4 P1 O5,de-protonated,0,-9999,C33 H25 O5 N4 P1,33,25,5,4,1,-9999,-9999,N/A,-9999,-9999,N/A,-9999
3064,587.148607,587.1486932597369,587.148709141259,2553844.5,-9999,244948.7,15.2,-1,-0.02704855155756827,0.9998672565718646,0,0.5999203539431187,10,1.391304347826087,0.43478260869565216,N4 S2 O10,de-protonated,0,-9999,C23 H32 O10 N4 S2,23,32,10,4,-9999,2,-9999,N/A,-9999,-9999,N/A,-9999
3065,587.149085,587.1491712601158,587.1493605899391,2575989,-9999,221816.1,15.35,-1,-0.3224559812833926,0.490655107541779,0.7489023467070351,0.5939540032078814,19,0.9032258064516128,0.25806451612903225,N2 S1 O8,de-protonated,0,-9999,C31 H28 O8 N2 S1,31,28,8,2,-9999,1,-9999,N/A,-9999,-9999,N/A,-9999
3065,587.149085,587.1491712601158,587.149493531669,2575989,-9999,221816.1,15.35,-1,-0.5488747869316579,0.946803341524854,0,0.5680820049149123,6,1.65,0.8,N2 P1 O16,de-protonated,0,-9999,C20 H33 O16 N2 P1,20,33,16,2,1,-9999,-9999,N/A,-9999,-9999,N/A,-9999
3065,587.149085,587.1491712601158,587.148980467419,2575989,-9999,221816.1,15.35,-1,0.3249476762216189,0.49051151343605937,0.7369636471990462,0.5890923669412541,24,0.7575757575757576,0.15151515151515152,N4 P1 O5,de-protonated,0,-9999,C33 H25 O5 N4 P1,33,25,5,4,1,-9999,-9999,N/A,-9999,-9999,N/A,-9999
3065,587.149085,587.1491712601158,587.148709141259,2575989,-9999,221816.1,15.35,-1,0.7870559019139487,0.8936870173466421,0,0.5362122104079853,10,1.391304347826087,0.43478260869565216,N4 S2 O10,de-protonated,0,-9999,C23 H32 O10 N4 S2,23,32,10,4,-9999,2,-9999,N/A,-9999,-9999,N/A,-9999
3066,587.184758,587.1848442883941,587.1848979461189,3102994.5,-9999,191509.2,18.82,-1,-0.09138130939964093,0.4992429760714735,0.7311359101322861,0.5920001496957985,17,1.088235294117647,0.08823529411764706,S2 P1 O3,de-protonated,0,-9999,C34 H37 O3 P1 S2,34,37,3,-9999,1,2,-9999,N/A,-9999,-9999,N/A,-9999
3066,587.184758,587.1848442883941,587.185365976769,3102994.5,-9999,191509.2,18.82,-1,-0.8884560229465186,0.43327855406218085,0.7311359101322861,0.552421496490223,23,0.8529411764705882,0.1176470588235294,N4 P1 O4,de-protonated,0,-9999,C34 H29 O4 N4 P1,34,29,4,4,1,-9999,-9999,N/A,-9999,-9999,N/A,-9999
3066,587.184758,587.1848442883941,587.1850946506091,3102994.5,-9999,191509.2,18.82,-1,-0.42637699313326666,0.4837756227443421,0.7939170211058493,0.607832182088945,9,1.5,0.375,N4 S2 O9,de-protonated,0,-9999,C24 H36 O9 N4 S2,24,36,9,4,-9999,2,-9999,N/A,-9999,-9999,N/A,-9999
3067,587.221112,587.2211983172122,587.221283455469,2297264.5,-9999,156697.8,13.51,-1,-0.1449849643542691,0.4980965486021944,0.7253996187124169,0.5890177766462834,16,1.1714285714285717,0.05714285714285714,S2 P1 O2,de-protonated,0,-9999,C35 H41 O2 P1 S2,35,41,2,-9999,1,2,-9999,N/A,-9999,-9999,N/A,-9999
3067,587.221112,587.2211983172122,587.2217514861189,2297264.5,-9999,156697.8,13.51,-1,-0.9420102463450166,0.4256398489162807,0.7253996187124169,0.5455437568347352,22,0.9428571428571428,0.08571428571428572,N4 P1 O3,de-protonated,0,-9999,C35 H33 O3 N4 P1,35,33,3,4,1,-9999,-9999,N/A,-9999,-9999,N/A,-9999
3067,587.221112,587.2211983172122,587.221480159959,2297264.5,-9999,156697.8,13.51,-1,-0.4799598726897731,0.959062736270406,0,0.5754376417622437,8,1.6,0.32,N4 S2 O8,de-protonated,0,-9999,C25 H40 O8 N4 S2,25,40,8,4,-9999,2,-9999,N/A,-9999,-9999,N/A,-9999
3072,589.089404,589.0894917982232,589.0897377122491,3106111,-9999,334242.9,18.83,-1,-0.4174474789239217,0.4844374957619333,0.7369636471990461,0.5854479563367784,24,0.6666666666666666,0.15151515151515152,N2 S2 O5,de-protonated,0,-9999,C33 H22 O5 N2 S2,33,22,5,2,-9999,2,-9999,N/A,-9999,-9999,N/A,-9999
3072,589.089404,589.0894917982232,589.089870653979,3106111,-9999,334242.9,18.83,-1,-0.6431204722254447,0.4638495280007941,0.8077896627745539,0.601425581910298,11,1.2272727272727273,0.5909090909090909,N2 S1 P1 O13,de-protonated,0,-9999,C22 H27 O13 N2 P1 S1,22,27,13,2,1,1,-9999,N/A,-9999,-9999,N/A,-9999
3072,589.089404,589.0894917982232,589.0893575897289,3106111,-9999,334242.9,18.83,-1,0.22782366129070267,0.495313182608381,0.725399618712417,0.5873477570499954,29,0.5428571428571428,0.05714285714285714,N4 S1 P1 O2,de-protonated,0,-9999,C35 H19 O2 N4 P1 S1,35,19,2,4,1,1,-9999,N/A,-9999,-9999,N/A,-9999
3073,589.091261,589.0913487996954,589.091391482529,2992448.5,-9999,220211.4,18.08,-1,-0.0724553681147137,0.4995239438977097,0.7489023467070351,0.5992753050214399,19,0.8709677419354839,0.1935483870967742,S2 P1 O6,de-protonated,0,-9999,C31 H27 O6 P1 S2,31,27,6,-9999,1,2,-9999,N/A,-9999,-9999,N/A,-9999
3073,589.091261,589.0913487996954,589.091859513179,2992448.5,-9999,220211.4,18.08,-1,-0.866950502374718,0.4362566382198894,0.7489023467070351,0.5613149216147477,25,0.6129032258064516,0.2258064516129032,N4 P1 O7,de-protonated,0,-9999,C31 H19 O7 N4 P1,31,19,7,4,1,-9999,-9999,N/A,-9999,-9999,N/A,-9999
3073,589.091261,589.0913487996954,589.091588187019,2992448.5,-9999,220211.4,18.08,-1,-0.4063669019077759,0.9704810932024528,0,0.5822886559214716,11,1.238095238095238,0.5714285714285714,N4 S2 O12,de-protonated,0,-9999,C21 H26 O12 N4 S2,21,26,12,4,-9999,2,-9999,N/A,-9999,-9999,N/A,-9999
3074,589.125774,589.1258618270541,589.1261232215991,3563869.3,-9999,316416.5,21.85,-1,-0.4436987847940915,0.48245446702521655,0.731135910132286,0.5819270442680443,23,0.7647058823529411,0.1176470588235294,N2 S2 O4,de-protonated,0,-9999,C34 H26 O4 N2 S2,34,26,4,2,-9999,2,-9999,N/A,-9999,-9999,N/A,-9999
3074,589.125774,589.1258618270541,589.126256163329,3563869.3,-9999,316416.5,21.85,-1,-0.6693578341971447,0.4609602645749168,0.8007932653391621,0.5968934648806149,10,1.3478260869565215,0.5217391304347826,N2 S1 P1 O12,de-protonated,0,-9999,C23 H31 O12 N2 P1 S1,23,31,12,2,1,1,-9999,N/A,-9999,-9999,N/A,-9999
3074,589.125774,589.1258618270541,589.1257430990789,3563869.3,-9999,316416.5,21.85,-1,0.20153248532812348,0.49632874417699385,0.719752637322661,0.5856983014352608,28,0.6388888888888888,0.02777777777777777,N4 S1 P1 O1,de-protonated,0,-9999,C36 H23 O1 N4 P1 S1,36,23,1,4,1,1,-9999,N/A,-9999,-9999,N/A,-9999
3074,589.125774,589.1258618270541,589.1256047146491,3563869.3,-9999,316416.5,21.85,-1,0.4364305387412597,0.966029579780279,0,0.5796177478681674,1,2.3333333333333335,0.9333333333333332,N4 S2 P1 O14,de-protonated,0,-9999,C15 H35 O14 N4 P1 S2,15,35,14,4,1,2,-9999,N/A,-9999,-9999,N/A,-9999
3075,589.127569,589.127656828477,589.1277769918789,4234591,-9999,227520.8,26.28,-1,-0.20396831824181613,0.4962397987647622,0.7428850341668536,0.5948978929255988,18,0.96875,0.15625,S2 P1 O5,de-protonated,0,-9999,C32 H31 O5 P1 S2,32,31,5,-9999,1,2,-9999,N/A,-9999,-9999,N/A,-9999
3075,589.127569,589.127656828477,589.1282450225291,4234591,-9999,227520.8,26.28,-1,-0.9984142791085924,0.4172703820167292,0.7428850341668534,0.5475162428767788,24,0.71875,0.1875,N4 P1 O6,de-protonated,0,-9999,C32 H23 O6 N4 P1,32,23,6,4,1,-9999,-9999,N/A,-9999,-9999,N/A,-9999
3075,589.127569,589.127656828477,589.1279736963689,4234591,-9999,227520.8,26.28,-1,-0.5378591852002239,0.474431077107259,0.8077896627745538,0.607774511374177,10,1.3636363636363635,0.5,N4 S2 O11,de-protonated,0,-9999,C22 H30 O11 N4 S2,22,30,11,4,-9999,2,-9999,N/A,-9999,-9999,N/A,-9999
3075,589.127569,589.127656828477,589.127104316499,4234591,-9999,227520.8,26.28,-1,0.937848511846013,0.4262444988214445,0.8149093904448103,0.5817104554707908,11,1.238095238095238,0.7619047619047619,N4 O16,de-protonated,0,-9999,C21 H26 O16 N4,21,26,16,4,-9999,-9999,-9999,N/A,-9999,-9999,N/A,-9999
3076,589.162458,589.1625458561339,589.163021795199,3782012,-9999,319395.3,23.29,-1,-0.8078223641804695,0.44416622105714126,0.8077896627745539,0.5896155977441063,4,1.7272727272727273,0.6363636363636364,S2 O14,de-protonated,0,-9999,C22 H38 O14 S2,22,38,14,-9999,-9999,2,-9999,N/A,-9999,-9999,N/A,-9999
3076,589.162458,589.1625458561339,589.1621524153289,3782012,-9999,319395.3,23.29,-1,0.6677971477441266,0.4611348455656617,0.8149093904448103,0.602644663517321,5,1.619047619047619,0.9047619047619048,O19,de-protonated,0,-9999,C21 H34 O19,21,34,19,-9999,-9999,-9999,-9999,N/A,-9999,-9999,N/A,-9999
3076,589.162458,589.1625458561339,589.162508730949,3782012,-9999,319395.3,23.29,-1,0.06301348841316,0.4996398906169194,0.7253996187124169,0.5899437818551183,22,0.8571428571428571,0.08571428571428572,N2 S2 O3,de-protonated,0,-9999,C35 H30 O3 N2 S2,35,30,3,2,-9999,2,-9999,N/A,-9999,-9999,N/A,-9999
3076,589.162458,589.1625458561339,589.1626416726791,3782012,-9999,319395.3,23.29,-1,-0.16263173946032536,0.49760617311003846,0.7939170211058493,0.6161305123083628,9,1.4583333333333333,0.4583333333333333,N2 S1 P1 O11,de-protonated,0,-9999,C24 H35 O11 N2 P1 S1,24,35,11,2,1,1,-9999,N/A,-9999,-9999,N/A,-9999
3076,589.162458,589.1625458561339,589.161990223999,3782012,-9999,319395.3,23.29,-1,0.9430889026092985,0.8509656735320115,0,0.5105794041192069,0,2.4375,0.8125,N4 S2 P1 O13,de-protonated,0,-9999,C16 H39 O13 N4 P1 S2,16,39,13,4,1,2,-9999,N/A,-9999,-9999,N/A,-9999
3077,589.163767,589.1638548571715,589.164162501229,3902845,-9999,212131.2,24.09,-1,-0.5221703510458474,0.4758648851943862,0.7369636471990462,0.5803043899962501,17,1.0606060606060606,0.12121212121212122,S2 P1 O4,de-protonated,0,-9999,C33 H35 O4 P1 S2,33,35,4,-9999,1,2,-9999,N/A,-9999,-9999,N/A,-9999
3077,589.163767,589.1638548571715,589.1632931213591,3902845,-9999,212131.2,24.09,-1,0.9534467251844873,0.42396895630649495,0.7428850341668536,0.5515353874506383,18,0.96875,0.28125,P1 O9,de-protonated,0,-9999,C32 H31 O9 P1,32,31,9,-9999,1,-9999,-9999,N/A,-9999,-9999,N/A,-9999
3077,589.163767,589.1638548571715,589.164359205719,3902845,-9999,212131.2,24.09,-1,-0.8560404913923355,0.4377471826909328,0.8007932653391621,0.5829656157502245,9,1.4782608695652173,0.43478260869565216,N4 S2 O10,de-protonated,0,-9999,C23 H34 O10 N4 S2,23,34,10,4,-9999,2,-9999,N/A,-9999,-9999,N/A,-9999
3077,589.163767,589.1638548571715,589.1634898258491,3902845,-9999,212131.2,24.09,-1,0.6195755995079614,0.46635851288654706,0.8077896627745538,0.6029309728417498,10,1.3636363636363635,0.6818181818181818,N4 O15,de-protonated,0,-9999,C22 H30 O15 N4,22,30,15,4,-9999,-9999,-9999,N/A,-9999,-9999,N/A,-9999
3078,589.198573,589.1986608847625,589.198537924679,3837338,-9999,305482.4,23.65,-1,0.20869040829263172,0.49606437277172294,0.8077896627745539,0.6207544887728553,4,1.7272727272727273,0.8181818181818182,O18,de-protonated,0,-9999,C22 H38 O18,22,38,18,-9999,-9999,-9999,-9999,N/A,-9999,-9999,N/A,-9999
3078,589.198573,589.1986608847625,589.1988942402991,3837338,-9999,305482.4,23.65,-1,-0.39605562546128337,0.4859695885195621,0.719752637322661,0.5794828080408017,21,0.9444444444444444,0.05555555555555555,N2 S2 O2,de-protonated,0,-9999,C36 H34 O2 N2 S2,36,34,2,2,-9999,2,-9999,N/A,-9999,-9999,N/A,-9999
3078,589.198573,589.1986608847625,589.199027182029,3837338,-9999,305482.4,23.65,-1,-0.6216868148299803,0.46613681241242294,0.7871578612348809,0.5945452319414062,8,1.56,0.4,N2 S1 P1 O10,de-protonated,0,-9999,C25 H39 O10 N2 P1 S1,25,39,10,2,1,1,-9999,N/A,-9999,-9999,N/A,-9999
3079,589.200304,589.2003918861346,589.2005480105789,4379035.5,-9999,216984.9,27.23,-1,-0.2649767465685544,0.4936704061858835,0.7311359101322861,0.5886566077644445,16,1.1470588235294117,0.08823529411764706,S2 P1 O3,de-protonated,0,-9999,C34 H39 O3 P1 S2,34,39,3,-9999,1,2,-9999,N/A,-9999,-9999,N/A,-9999
3079,589.200304,589.2003918861346,589.200744715069,4379035.5,-9999,216984.9,27.23,-1,-0.5988263551516356,0.4685027019951531,0.7939170211058493,0.5986684296394316,8,1.5833333333333333,0.375,N4 S2 O9,de-protonated,0,-9999,C24 H38 O9 N4 S2,24,38,9,4,-9999,2,-9999,N/A,-9999,-9999,N/A,-9999
3079,589.200304,589.2003918861346,589.1998753351991,4379035.5,-9999,216984.9,27.23,-1,0.8766989899278993,0.4349131844061283,0.8007932653391621,0.5812652167793417,9,1.4782608695652173,0.6086956521739131,N4 O14,de-protonated,0,-9999,C23 H34 O14 N4,23,34,14,4,-9999,-9999,-9999,N/A,-9999,-9999,N/A,-9999
3080,589.235902,589.2359899143535,589.23606414005906,3301049.3,-9999,152858.2,20.12,-1,-0.12596938664530183,0.4985624307171008,0.7311359101322861,0.5915918224831749,16,1.1470588235294117,0.2058823529411765,P1 O7,de-protonated,0,-9999,C34 H39 O7 P1,34,39,7,-9999,1,-9999,-9999,N/A,-9999,-9999,N/A,-9999
3080,589.235902,589.2359899143535,589.235792813899,3301049.3,-9999,152858.2,20.12,-1,0.33450183584696114,0.4899510737825761,0.7939170211058493,0.6115374527118853,2,1.9166666666666667,0.5,S2 O12,de-protonated,0,-9999,C24 H46 O12 S2,24,46,12,-9999,-9999,2,-9999,N/A,-9999,-9999,N/A,-9999
3080,589.235902,589.2359899143535,589.2354126913791,3301049.3,-9999,152858.2,20.12,-1,0.9796135159638768,0.4200955569495877,0.7805128205128198,0.5642624623748805,7,1.6538461538461535,0.34615384615384615,N2 S1 P1 O9,de-protonated,0,-9999,C26 H43 O9 N2 P1 S1,26,43,9,2,1,1,-9999,N/A,-9999,-9999,N/A,-9999
3080,589.235902,589.2359899143535,589.2362608445491,3301049.3,-9999,152858.2,20.12,-1,-0.4597989187038607,0.4811827406392762,0.7939170211058494,0.6062764528259055,8,1.5833333333333333,0.5416666666666666,N4 O13,de-protonated,0,-9999,C24 H38 O13 N4,24,38,13,4,-9999,-9999,-9999,N/A,-9999,-9999,N/A,-9999
3081,589.298565,589.298652964027,589.298939179989,3372269.5,-9999,192606.3,20.59,-1,-0.4856889143163181,0.47905024740632657,0.7087183895694522,0.5709175042715768,19,1.131578947368421,0.05263157894736842,N2 P1 O2,de-protonated,0,-9999,C38 H43 O2 N2 P1,38,43,2,2,1,-9999,-9999,N/A,-9999,-9999,N/A,-9999
3081,589.298565,589.298652964027,589.2986678538291,3372269.5,-9999,192606.3,20.59,-1,-0.02526698747512383,0.49994208305995214,0.7675537279851021,0.6069867410300122,5,1.7857142857142858,0.25,N2 S2 O7,de-protonated,0,-9999,C28 H50 O7 N2 S2,28,50,7,2,-9999,2,-9999,N/A,-9999,-9999,N/A,-9999
3081,589.298565,589.298652964027,589.2982877313091,3372269.5,-9999,192606.3,20.59,-1,0.6197756307319937,0.4663375352689728,0.7550179348240812,0.5818096950910161,10,1.5666666666666669,0.13333333333333333,N4 S1 P1 O4,de-protonated,0,-9999,C30 H47 O4 N4 P1 S1,30,47,4,4,1,1,-9999,N/A,-9999,-9999,N/A,-9999
3082,589.299849,589.2999369650448,589.3003216241091,3923438.8,-9999,235063.6,24.22,-1,-0.6527385954793431,0.4628017046669725,0.7805128205128198,0.5898861510053114,0,2.1153846153846154,0.3076923076923077,S2 P1 O8,de-protonated,0,-9999,C26 H55 O8 P1 S2,26,55,8,-9999,1,2,-9999,N/A,-9999,-9999,N/A,-9999
3082,589.299849,589.2999369650448,589.299452244239,3923438.8,-9999,235063.6,24.22,-1,0.8225373432770686,0.442236931019474,0.787157861234881,0.5802053031056368,1,2.04,0.52,P1 O13,de-protonated,0,-9999,C25 H51 O13 P1,25,51,13,-9999,1,-9999,-9999,N/A,-9999,-9999,N/A,-9999
3084,591.070715,591.0708043688254,591.070656037639,2082750.3,-9999,227209.1,12.07,-1,0.25095339266545996,0.9886378387586996,0,0.5931827032552198,19,0.8333333333333334,0.23333333333333336,S2 P1 O7,de-protonated,0,-9999,C30 H25 O7 P1 S2,30,25,7,-9999,1,2,-9999,N/A,-9999,-9999,N/A,-9999
3084,591.070715,591.0708043688254,591.071124068289,2082750.3,-9999,227209.1,12.07,-1,-0.5408815463734913,0.948300987455806,0,0.5689805924734836,25,0.5666666666666667,0.26666666666666666,N4 P1 O8,de-protonated,0,-9999,C30 H17 O8 N4 P1,30,17,8,4,1,-9999,-9999,N/A,-9999,-9999,N/A,-9999
3084,591.070715,591.0708043688254,591.070852742129,2082750.3,-9999,227209.1,12.07,-1,-0.08184010994004176,0.9987854305238018,0,0.5992712583142811,11,1.2,0.65,N4 S2 O13,de-protonated,0,-9999,C20 H24 O13 N4 S2,20,24,13,4,-9999,2,-9999,N/A,-9999,-9999,N/A,-9999
3085,591.106574,591.1066633972513,591.1070415469891,3665884.5,-9999,219271.1,22.51,-1,-0.6397314043306552,0.4642155937065716,0.748902346707035,0.578090294906757,18,0.935483870967742,0.1935483870967742,S2 P1 O6,de-protonated,0,-9999,C31 H29 O6 P1 S2,31,29,6,-9999,1,2,-9999,N/A,-9999,-9999,N/A,-9999
3085,591.106574,591.1066633972513,591.1061721671191,3665884.5,-9999,219271.1,22.51,-1,0.8310353627045045,0.44111078086557354,0.7550179348240813,0.5666736424489767,19,0.8333333333333334,0.36666666666666664,P1 O11,de-protonated,0,-9999,C30 H25 O11 P1,30,25,11,-9999,1,-9999,-9999,N/A,-9999,-9999,N/A,-9999
3085,591.106574,591.1066633972513,591.1072382514791,3665884.5,-9999,219271.1,22.51,-1,-0.9725041254907534,0.4211547794755406,0.8149093904448101,0.5786566238632483,10,1.3333333333333333,0.5714285714285714,N4 S2 O12,de-protonated,0,-9999,C21 H28 O12 N4 S2,21,28,12,4,-9999,2,-9999,N/A,-9999,-9999,N/A,-9999
3085,591.106574,591.1066633972513,591.1063688716091,3665884.5,-9999,219271.1,22.51,-1,0.4982616626811047,0.47797613169991177,0.8221557383861046,0.6156479743743889,11,1.2,0.85,N4 O17,de-protonated,0,-9999,C20 H24 O17 N4,20,24,17,4,-9999,-9999,-9999,N/A,-9999,-9999,N/A,-9999
3086,591.143291,591.1433804263571,591.143427056339,3719547.5,-9999,146757.3,22.87,-1,-0.07888099523473327,0.4994358125041023,0.7428850341668535,0.5968155011692027,17,1.03125,0.15625,S2 P1 O5,de-protonated,0,-9999,C32 H33 O5 P1 S2,32,33,5,-9999,1,2,-9999,N/A,-9999,-9999,N/A,-9999
3086,591.143291,591.1433804263571,591.1438950869891,3719547.5,-9999,146757.3,22.87,-1,-0.8706181968284491,0.43575246481156765,0.7428850341668535,0.558605492553682,23,0.78125,0.1875,N4 P1 O6,de-protonated,0,-9999,C32 H25 O6 N4 P1,32,25,6,4,1,-9999,-9999,N/A,-9999,-9999,N/A,-9999
3086,591.143291,591.1433804263571,591.143623760829,3719547.5,-9999,146757.3,22.87,-1,-0.4116334205095655,0.4848613902986395,0.8077896627745538,0.6140326992890053,9,1.4545454545454546,0.5,N4 S2 O11,de-protonated,0,-9999,C22 H32 O11 N4 S2,22,32,11,4,-9999,2,-9999,N/A,-9999,-9999,N/A,-9999
3087,591.177774,591.1778634536921,591.177802479789,3251224.8,-9999,331496.6,19.78,-1,0.10313970330129608,0.4990358235608496,0.8149093904448103,0.6253852503144339,4,1.7142857142857142,0.9047619047619048,O19,de-protonated,0,-9999,C21 H36 O19,21,36,19,-9999,-9999,-9999,-9999,N/A,-9999,-9999,N/A,-9999
3087,591.177774,591.1778634536921,591.178158795409,3251224.8,-9999,331496.6,19.78,-1,-0.49958157703267486,0.47786191852193266,0.725399618712417,0.5768769985981264,21,0.9142857142857144,0.08571428571428572,N2 S2 O3,de-protonated,0,-9999,C35 H32 O3 N2 S2,35,32,3,2,-9999,2,-9999,N/A,-9999,-9999,N/A,-9999
3087,591.177774,591.1778634536921,591.177289415539,3251224.8,-9999,331496.6,19.78,-1,0.97100846629545,0.4213769723377176,0.7311359101322861,0.5452805474555449,22,0.8235294117647058,0.2352941176470588,N2 O8,de-protonated,0,-9999,C34 H28 O8 N2,34,28,8,2,-9999,-9999,-9999,N/A,-9999,-9999,N/A,-9999
3087,591.177774,591.1778634536921,591.178291737139,3251224.8,-9999,331496.6,19.78,-1,-0.7244573302307289,0.4545813365826492,0.7939170211058494,0.5903156103919293,8,1.5416666666666667,0.4583333333333333,N2 S1 P1 O11,de-protonated,0,-9999,C24 H37 O11 N2 P1 S1,24,37,11,2,1,1,-9999,N/A,-9999,-9999,N/A,-9999
3088,591.179547,591.1796364550975,591.179812565689,4145178,-9999,218564.7,25.67,-1,-0.2978968289398625,0.4920133669016693,0.7369636471990461,0.58999347902062,16,1.121212121212121,0.12121212121212122,S2 P1 O4,de-protonated,0,-9999,C33 H37 O4 P1 S2,33,37,4,-9999,1,2,-9999,N/A,-9999,-9999,N/A,-9999
3088,591.179547,591.1796364550975,591.1800092701791,4145178,-9999,218564.7,25.67,-1,-0.6306287015336135,0.4651906427614168,0.8007932653391621,0.5994316917925149,8,1.565217391304348,0.43478260869565216,N4 S2 O10,de-protonated,0,-9999,C23 H36 O10 N4 S2,23,36,10,4,-9999,2,-9999,N/A,-9999,-9999,N/A,-9999
3088,591.179547,591.1796364550975,591.1791398903091,4145178,-9999,218564.7,25.67,-1,0.8399565459224768,0.4399192341394873,0.8077896627745539,0.5870674055935139,9,1.4545454545454546,0.6818181818181818,N4 O15,de-protonated,0,-9999,C22 H32 O15 N4,22,32,15,4,-9999,-9999,-9999,N/A,-9999,-9999,N/A,-9999
3089,591.214773,591.2148624830215,591.215328695169,3434039.8,-9999,250228.9,20.98,-1,-0.7885657303115885,0.4466506695816046,0.7369636471990461,0.5627758606285812,16,1.121212121212121,0.24242424242424243,P1 O8,de-protonated,0,-9999,C33 H37 O8 P1,33,37,8,-9999,1,-9999,-9999,N/A,-9999,-9999,N/A,-9999
3089,591.214773,591.2148624830215,591.215057369009,3434039.8,-9999,250228.9,20.98,-1,-0.3296363734022241,0.4902384272606194,0.8007932653391622,0.6144603624920365,2,1.9130434782608696,0.5652173913043478,S2 O13,de-protonated,0,-9999,C23 H44 O13 S2,23,44,13,-9999,-9999,2,-9999,N/A,-9999,-9999,N/A,-9999
3089,591.214773,591.2148624830215,591.2145443047591,3434039.8,-9999,250228.9,20.98,-1,0.5381773258074602,0.4744016085019037,0.719752637322661,0.5725420200302067,20,1,0.05555555555555555,N2 S2 O2,de-protonated,0,-9999,C36 H36 O2 N2 S2,36,36,2,2,-9999,2,-9999,N/A,-9999,-9999,N/A,-9999
3089,591.214773,591.2148624830215,591.214677246489,3434039.8,-9999,250228.9,20.98,-1,0.3133151791238468,0.4911727671546718,0.7871578612348809,0.6095668047867554,7,1.64,0.4,N2 S1 P1 O10,de-protonated,0,-9999,C25 H41 O10 N2 P1 S1,25,41,10,2,1,1,-9999,N/A,-9999,-9999,N/A,-9999
3090,591.21672,591.2168094845649,591.217046228209,3662905.8,-9999,209060.1,22.49,-1,-0.4004344015779619,0.48566214977810945,0.7428850341668535,0.588551303533607,16,1.125,0.21875,N2 S1 O7,de-protonated,0,-9999,C32 H36 O7 N2 S1,32,36,7,2,-9999,1,-9999,N/A,-9999,-9999,N/A,-9999
3090,591.21672,591.2168094845649,591.217179169939,3662905.8,-9999,209060.1,22.49,-1,-0.6252953856286735,0.4657563730640185,0.8149093904448103,0.6054175800163353,3,1.9523809523809523,0.7142857142857143,N2 P1 O15,de-protonated,0,-9999,C21 H41 O15 N2 P1,21,41,15,2,1,-9999,-9999,N/A,-9999,-9999,N/A,-9999
3090,591.21672,591.2168094845649,591.216666105689,3662905.8,-9999,209060.1,22.49,-1,0.2425149427249258,0.4946925539997222,0.7311359101322861,0.5892698964527476,21,0.9705882352941176,0.1176470588235294,N4 P1 O4,de-protonated,0,-9999,C34 H33 O4 N4 P1,34,33,4,4,1,-9999,-9999,N/A,-9999,-9999,N/A,-9999
3090,591.21672,591.2168094845649,591.2163947795291,3662905.8,-9999,209060.1,22.49,-1,0.7014437344749339,0.4572961056708541,0.7939170211058493,0.5919444718448521,7,1.6666666666666667,0.375,N4 S2 O9,de-protonated,0,-9999,C24 H40 O9 N4 S2,24,40,9,4,-9999,2,-9999,N/A,-9999,-9999,N/A,-9999
3091,591.253408,591.2534975136479,591.2540831862391,2394200.5,-9999,246499.7,14.12,-1,-0.990559909661753,0.4184548614789664,0.6927871148459346,0.5281877628257536,24,0.8780487804878049,0.0975609756097561,O4,de-protonated,0,-9999,C41 H36 O4,41,36,4,-9999,-9999,-9999,-9999,N/A,-9999,-9999,N/A,-9999
3091,591.253408,591.2534975136479,591.253431737559,2394200.5,-9999,246499.7,14.12,-1,0.11124855315989488,0.49887843349832295,0.7369636471990462,0.5941125189786123,15,1.2121212121212122,0.18181818181818185,N2 S1 O6,de-protonated,0,-9999,C33 H40 O6 N2 S1,33,40,6,2,-9999,1,-9999,N/A,-9999,-9999,N/A,-9999
3091,591.253408,591.2534975136479,591.2535646792891,2394200.5,-9999,246499.7,14.12,-1,-0.11359870827801856,0.9976612044663606,0,0.5985967226798163,2,2.0454545454545454,0.6363636363636364,N2 P1 O14,de-protonated,0,-9999,C22 H45 O14 N2 P1,22,45,14,2,1,-9999,-9999,N/A,-9999,-9999,N/A,-9999
3091,591.253408,591.2534975136479,591.2530516150389,2394200.5,-9999,246499.7,14.12,-1,0.7541586597397565,0.4509733285557843,0.7253996187124169,0.5607438446184374,20,1.0571428571428572,0.08571428571428572,N4 P1 O3,de-protonated,0,-9999,C35 H37 O3 N4 P1,35,37,3,4,1,-9999,-9999,N/A,-9999,-9999,N/A,-9999
3093,593.085546,593.0856369659992,593.0853037804991,2780270,-9999,217862.1,16.66,-1,0.5617834365976614,0.4721717416230935,0.6980173569463055,0.5625099877523783,32,0.45,0.1,S1 O4,de-protonated,0,-9999,C40 H18 O4 S1,40,18,4,-9999,-9999,1,-9999,N/A,-9999,-9999,N/A,-9999
3093,593.085546,593.0856369659992,593.085436722229,2780270,-9999,217862.1,16.66,-1,0.33763056353191206,0.4897641578667022,0.7612342259156645,0.5983521850862872,19,0.7931034482758621,0.41379310344827586,P1 O12,de-protonated,0,-9999,C29 H23 O12 P1,29,23,12,-9999,1,-9999,-9999,N/A,-9999,-9999,N/A,-9999
3093,593.085546,593.0856369659992,593.085165396069,2780270,-9999,217862.1,16.66,-1,0.7951133458888328,0.8916221730282431,0,0.5349733038169459,5,1.5789473684210529,0.8947368421052632,S2 O17,de-protonated,0,-9999,C19 H30 O17 S2,19,30,17,-9999,-9999,2,-9999,N/A,-9999,-9999,N/A,-9999
3093,593.085546,593.0856369659992,593.085633426719,2780270,-9999,217862.1,16.66,-1,0.00596757030554332,0.9999935382892484,0,0.599996122973549,11,1.1578947368421053,0.9473684210526316,N4 O18,de-protonated,0,-9999,C19 H22 O18 N4,19,22,18,4,-9999,-9999,-9999,N/A,-9999,-9999,N/A,-9999
3094,593.108022,593.1081129838162,593.108283623329,2688129.3,-9999,257327.6,16.05,-1,-0.287703809790449,0.9850930851342276,0,0.5910558510805366,14,1.04,0.52,N2 S1 O13,de-protonated,0,-9999,C25 H26 O13 N2 S1,25,26,13,2,-9999,1,-9999,N/A,-9999,-9999,N/A,-9999
3094,593.108022,593.1081129838162,593.107770559079,2688129.3,-9999,257327.6,16.05,-1,0.5773398263391636,0.4706559645600654,0.7087183895694522,0.5658809345638202,32,0.47368421052631576,0.05263157894736842,N4 S1 O2,de-protonated,0,-9999,C38 H18 O2 N4 S1,38,18,2,4,-9999,1,-9999,N/A,-9999,-9999,N/A,-9999
3094,593.108022,593.1081129838162,593.107903500809,2688129.3,-9999,257327.6,16.05,-1,0.35319544044945295,0.4888095355144391,0.7739790330151772,0.6028773345147345,19,0.8518518518518519,0.3703703703703703,N4 P1 O10,de-protonated,0,-9999,C27 H23 O10 N4 P1,27,23,10,4,1,-9999,-9999,N/A,-9999,-9999,N/A,-9999
3094,593.108022,593.1081129838162,593.107632174649,2688129.3,-9999,257327.6,16.05,-1,0.8106609005858192,0.8875922387885518,0,0.532555343273131,5,1.7647058823529411,0.8823529411764706,N4 S2 O15,de-protonated,0,-9999,C17 H30 O15 N4 S2,17,30,15,4,-9999,2,-9999,N/A,-9999,-9999,N/A,-9999
3095,593.109878,593.1099689852874,593.1100757780389,3314307,-9999,166210,20.18,-1,-0.18005553408743763,0.49706735142194913,0.677556331758097,0.5692629435564083,36,0.4318181818181818,0.02272727272727272,P1 O1,de-protonated,0,-9999,C44 H19 O1 P1,44,19,1,-9999,1,-9999,-9999,N/A,-9999,-9999,N/A,-9999
3095,593.109878,593.1099689852874,593.1098044518791,3314307,-9999,166210,20.18,-1,0.27740800624570333,0.4930668080399908,0.7311359101322861,0.5882944488769088,22,0.7647058823529411,0.17647058823529413,S2 O6,de-protonated,0,-9999,C34 H26 O6 S2,34,26,6,-9999,-9999,2,-9999,N/A,-9999,-9999,N/A,-9999
3095,593.109878,593.1099689852874,593.109937393609,3314307,-9999,166210,20.18,-1,0.0532644564114409,0.4997426719962719,0.8007932653391621,0.620162909333428,9,1.3478260869565215,0.6086956521739131,S1 P1 O14,de-protonated,0,-9999,C23 H31 O14 P1 S1,23,31,14,-9999,1,1,-9999,N/A,-9999,-9999,N/A,-9999
3095,593.109878,593.1099689852874,593.109424329359,3314307,-9999,166210,20.18,-1,0.9183059754868018,0.4290592349070754,0.719752637322661,0.5453365958733096,27,0.6388888888888888,0.08333333333333333,N2 S1 P1 O3,de-protonated,0,-9999,C36 H23 O3 N2 P1 S1,36,23,3,2,1,1,-9999,N/A,-9999,-9999,N/A,-9999
3095,593.109878,593.1099689852874,593.110272482529,3314307,-9999,166210,20.18,-1,-0.5117045778327789,0.4768000824244693,0.7311359101322861,0.578534413507596,28,0.5294117647058824,0.2058823529411765,N4 O7,de-protonated,0,-9999,C34 H18 O7 N4,34,18,7,4,-9999,-9999,-9999,N/A,-9999,-9999,N/A,-9999
3096,593.120592,593.1206829937805,593.121037841169,3463308,-9999,286484.8,21.17,-1,-0.5982714587213394,0.46855917406029934,0.7369636471990461,0.575920963315798,22,0.7878787878787878,0.15151515151515152,N2 S2 O5,de-protonated,0,-9999,C33 H26 O5 N2 S2,33,26,5,2,-9999,2,-9999,N/A,-9999,-9999,N/A,-9999
3096,593.120592,593.1206829937805,593.120168461299,3463308,-9999,286484.8,21.17,-1,0.8675012397734534,0.4361810306934375,0.7428850341668536,0.558862632082804,23,0.6875,0.3125,N2 O10,de-protonated,0,-9999,C32 H22 O10 N2,32,22,10,2,-9999,-9999,-9999,N/A,-9999,-9999,N/A,-9999
3096,593.120592,593.1206829937805,593.1211707828991,3463308,-9999,286484.8,21.17,-1,-0.8224105673173894,0.44225366526394366,0.8077896627745538,0.5884680642681877,9,1.4090909090909092,0.5909090909090909,N2 S1 P1 O13,de-protonated,0,-9999,C22 H31 O13 N2 P1 S1,22,31,13,2,1,1,-9999,N/A,-9999,-9999,N/A,-9999
3096,593.120592,593.1206829937805,593.120657718649,3463308,-9999,286484.8,21.17,-1,0.04261381085155923,0.499835277459253,0.7253996187124169,0.5900610139605185,27,0.6571428571428571,0.05714285714285714,N4 S1 P1 O2,de-protonated,0,-9999,C35 H23 O2 N4 P1 S1,35,23,2,4,1,1,-9999,N/A,-9999,-9999,N/A,-9999
3097,593.122922,593.1230129956275,593.122691611449,4055182.3,-9999,185648,25.07,-1,0.5418510926167787,0.47406018734842265,0.7489023467070351,0.5839970510918677,17,1,0.1935483870967742,S2 P1 O6,de-protonated,0,-9999,C31 H31 O6 P1 S2,31,31,6,-9999,1,2,-9999,N/A,-9999,-9999,N/A,-9999
3097,593.122922,593.1230129956275,593.1235397646191,4055182.3,-9999,185648,25.07,-1,-0.8881269351941827,0.4333245205444214,0.7612342259156646,0.5644884026929187,18,0.896551724137931,0.3448275862068966,N2 S1 O10,de-protonated,0,-9999,C29 H26 O10 N2 S1,29,26,10,2,-9999,1,-9999,N/A,-9999,-9999,N/A,-9999
3097,593.122922,593.1230129956275,593.123159642099,4055182.3,-9999,185648,25.07,-1,-0.247244554779212,0.4944846770558768,0.7489023467070351,0.5962517449163401,23,0.7419354838709677,0.2258064516129032,N4 P1 O7,de-protonated,0,-9999,C31 H23 O7 N4 P1,31,23,7,4,1,-9999,-9999,N/A,-9999,-9999,N/A,-9999
3097,593.122922,593.1230129956275,593.122888315939,4055182.3,-9999,185648,25.07,-1,0.21020886388494991,0.4960071223744552,0.8149093904448103,0.6235680296025972,9,1.4285714285714286,0.5714285714285714,N4 S2 O12,de-protonated,0,-9999,C21 H30 O12 N4 S2,21,30,12,4,-9999,2,-9999,N/A,-9999,-9999,N/A,-9999
3098,593.159225,593.1593160244053,593.159077120799,4707501,-9999,142041.2,29.37,-1,0.4027648155014266,0.4854972307826817,0.7428850341668535,0.5884523521363504,16,1.09375,0.15625,S2 P1 O5,de-protonated,0,-9999,C32 H35 O5 P1 S2,32,35,5,-9999,1,2,-9999,N/A,-9999,-9999,N/A,-9999
3098,593.159225,593.1593160244053,593.159545151449,4707501,-9999,142041.2,29.37,-1,-0.38628231755481807,0.4866442721800496,0.7428850341668535,0.5891405769747711,22,0.84375,0.1875,N4 P1 O6,de-protonated,0,-9999,C32 H27 O6 N4 P1,32,27,6,4,1,-9999,-9999,N/A,-9999,-9999,N/A,-9999
3098,593.159225,593.1593160244053,593.159273825289,4707501,-9999,142041.2,29.37,-1,0.07114297645385854,0.49954102557289887,0.8077896627745539,0.6228404804535609,8,1.5454545454545454,0.5,N4 S2 O11,de-protonated,0,-9999,C22 H34 O11 N4 S2,22,34,11,4,-9999,2,-9999,N/A,-9999,-9999,N/A,-9999
3099,593.194643,593.1947340524814,593.194460308549,4530891.5,-9999,148974.2,28.21,-1,0.4614741889140148,0.4810480069132762,0.6825582999861977,0.5616521241424448,29,0.6976744186046512,0.02325581395348837,S1 O1,de-protonated,0,-9999,C43 H30 O1 S1,43,30,1,-9999,-9999,1,-9999,N/A,-9999,-9999,N/A,-9999
3099,593.194643,593.1947340524814,593.194593250279,4530891.5,-9999,148974.2,28.21,-1,0.23736258556186848,0.4949145386774236,0.7428850341668535,0.5941027368731955,16,1.09375,0.28125,P1 O9,de-protonated,0,-9999,C32 H35 O9 P1,32,35,9,-9999,1,-9999,-9999,N/A,-9999,-9999,N/A,-9999
3099,593.194643,593.1947340524814,593.1943219241191,4530891.5,-9999,148974.2,28.21,-1,0.6947611382670031,0.4580709480665148,0.8077896627745539,0.5979584339497305,2,1.9090909090909092,0.6363636363636364,S2 O14,de-protonated,0,-9999,C22 H42 O14 S2,22,42,14,-9999,-9999,2,-9999,N/A,-9999,-9999,N/A,-9999
3099,593.194643,593.1947340524814,593.194789954769,4530891.5,-9999,148974.2,28.21,-1,-0.09423934356785252,0.49919492106923746,0.8077896627745539,0.622632817751364,8,1.5454545454545454,0.6818181818181818,N4 O15,de-protonated,0,-9999,C22 H34 O15 N4,22,34,15,4,-9999,-9999,-9999,N/A,-9999,-9999,N/A,-9999
3100,593.230105,593.23019608059235,593.230707433469,3364585.8,-9999,290785.6,20.51,-1,-0.8619797832803234,0.4369374565459541,0.8007932653391621,0.5824797800632373,1,2,0.5652173913043478,S2 O13,de-protonated,0,-9999,C23 H46 O13 S2,23,46,13,-9999,-9999,2,-9999,N/A,-9999,-9999,N/A,-9999
3100,593.230105,593.23019608059235,593.2298380535991,3364585.8,-9999,290785.6,20.51,-1,0.6035215531549136,0.46802304853498233,0.8077896627745539,0.603929694230811,2,1.9090909090909092,0.8181818181818182,O18,de-protonated,0,-9999,C22 H42 O18,22,42,18,-9999,-9999,-9999,-9999,N/A,-9999,-9999,N/A,-9999
3100,593.230105,593.23019608059235,593.230194369219,3364585.8,-9999,290785.6,20.51,-1,0.00288483854246737,0.4999992449659664,0.719752637322661,0.5879006019086442,19,1.0555555555555556,0.05555555555555555,N2 S2 O2,de-protonated,0,-9999,C36 H38 O2 N2 S2,36,38,2,2,-9999,2,-9999,N/A,-9999,-9999,N/A,-9999
3100,593.230105,593.23019608059235,593.2303273109491,3364585.8,-9999,290785.6,20.51,-1,-0.2212131623640163,0.4955800324030468,0.7871578612348809,0.6122111639357803,6,1.72,0.4,N2 S1 P1 O10,de-protonated,0,-9999,C25 H43 O10 N2 P1 S1,25,43,10,2,1,1,-9999,N/A,-9999,-9999,N/A,-9999
3101,593.231802,593.2318930819376,593.231848139499,3645163.3,-9999,225148.4,22.36,-1,0.07575864106045684,0.4994795703079683,0.7311359101322861,0.5921421062376955,14,1.2647058823529411,0.08823529411764706,S2 P1 O3,de-protonated,0,-9999,C34 H43 O3 P1 S2,34,43,3,-9999,1,2,-9999,N/A,-9999,-9999,N/A,-9999
3101,593.231802,593.2318930819376,593.232316170149,3645163.3,-9999,225148.4,22.36,-1,-0.7131914426425785,0.4559192313418631,0.7311359101322861,0.5660059028580322,20,1.0294117647058822,0.1176470588235294,N4 P1 O4,de-protonated,0,-9999,C34 H35 O4 N4 P1,34,35,4,4,1,-9999,-9999,N/A,-9999,-9999,N/A,-9999
3101,593.231802,593.2318930819376,593.2320448439891,3645163.3,-9999,225148.4,22.36,-1,-0.25582241012145746,0.49409765013926354,0.7939170211058493,0.6140253985258979,6,1.75,0.375,N4 S2 O9,de-protonated,0,-9999,C24 H42 O9 N4 S2,24,42,9,4,-9999,2,-9999,N/A,-9999,-9999,N/A,-9999
3102,593.488499,593.4885902854236,593.4890486283989,7103943,-9999,215320.7,45.18,-1,-0.7722854808869174,0.4487148420685545,0.7141928963326545,0.5549060637741945,3,1.9189189189189189,0.02702702702702703,S1 P1 O1,de-protonated,0,-9999,C37 H71 O1 P1 S1,37,71,1,-9999,1,1,-9999,N/A,-9999,-9999,N/A,-9999
3103,593.489779,593.4898702864382,593.489896781569,6646728,-9999,192765.6,42.16,-1,-0.04464293482729519,0.4998192198328024,0.725399618712417,0.5900513793846482,4,1.8857142857142857,0.14285714285714285,N2 O5,de-protonated,0,-9999,C35 H66 O5 N2,35,66,5,2,-9999,-9999,-9999,N/A,-9999,-9999,N/A,-9999
3104,595.100052,595.1001445629154,595.100573722439,2984755.3,-9999,378462.9,16.6,-1,-0.7211546124397008,0.4549753189222161,0.6876346701883607,0.5480390594286739,36,0.4047619047619048,0.0238095238095238,N2 P1 O1,de-protonated,0,-9999,C42 H17 O1 N2 P1,42,17,1,2,1,-9999,-9999,N/A,-9999,-9999,N/A,-9999
3104,595.100052,595.1001445629154,595.1003023962791,2984755.3,-9999,378462.9,16.6,-1,-0.2652214476309077,0.49365878474682967,0.7428850341668535,0.5933492845148391,22,0.75,0.1875,N2 S2 O6,de-protonated,0,-9999,C32 H24 O6 N2 S2,32,24,6,2,-9999,2,-9999,N/A,-9999,-9999,N/A,-9999
3104,595.100052,595.1001445629154,595.1004353380091,2984755.3,-9999,378462.9,16.6,-1,-0.4886151588276741,0.9576049788000314,0,0.5745629872800188,9,1.380952380952381,0.6666666666666666,N2 S1 P1 O14,de-protonated,0,-9999,C21 H29 O14 N2 P1 S1,21,29,14,2,1,1,-9999,N/A,-9999,-9999,N/A,-9999
3104,595.100052,595.1001445629154,595.0999222737589,2984755.3,-9999,378462.9,16.6,-1,0.3735324911570443,0.48750044063723874,0.731135910132286,0.5849546284352576,27,0.6176470588235294,0.08823529411764706,N4 S1 P1 O3,de-protonated,0,-9999,C34 H21 O3 N4 P1 S1,34,21,3,4,1,1,-9999,N/A,-9999,-9999,N/A,-9999
3105,595.101515,595.1016075640752,595.101956166559,3398964.5,-9999,159503.2,19.12,-1,-0.5857861502047629,0.4698177313639727,0.7550179348240813,0.5838978127480161,17,0.9666666666666668,0.23333333333333336,S2 P1 O7,de-protonated,0,-9999,C30 H29 O7 P1 S2,30,29,7,-9999,1,2,-9999,N/A,-9999,-9999,N/A,-9999
3105,595.101515,595.1016075640752,595.101086786689,3398964.5,-9999,159503.2,19.12,-1,0.8751074358009115,0.4351332609658488,0.7612342259156646,0.565573646945775,18,0.8620689655172413,0.41379310344827586,P1 O12,de-protonated,0,-9999,C29 H25 O12 P1,29,25,12,-9999,1,-9999,-9999,N/A,-9999,-9999,N/A,-9999
3105,595.101515,595.1016075640752,595.102152871049,3398964.5,-9999,159503.2,19.12,-1,-0.9163249893480184,0.8586845454202144,0,0.5152107272521287,9,1.4,0.65,N4 S2 O13,de-protonated,0,-9999,C20 H28 O13 N4 S2,20,28,13,4,-9999,2,-9999,N/A,-9999,-9999,N/A,-9999
3105,595.101515,595.1016075640752,595.1012834911791,3398964.5,-9999,159503.2,19.12,-1,0.5445676308924043,0.947612783479749,0,0.5685676700878494,10,1.263157894736842,0.9473684210526316,N4 O18,de-protonated,0,-9999,C19 H24 O18 N4,19,24,18,4,-9999,-9999,-9999,N/A,-9999,-9999,N/A,-9999
3106,595.136347,595.1364395916868,595.1366879056291,3607378.5,-9999,398151.2,20.39,-1,-0.41723850558291464,0.48445282824376185,0.7369636471990461,0.5854571558258755,21,0.8484848484848485,0.15151515151515152,N2 S2 O5,de-protonated,0,-9999,C33 H28 O5 N2 S2,33,28,5,2,-9999,2,-9999,N/A,-9999,-9999,N/A,-9999
3106,595.136347,595.1364395916868,595.136820847359,3607378.5,-9999,398151.2,20.39,-1,-0.6406185247734406,0.46411993157135206,0.8077896627745538,0.6015878240526328,8,1.5,0.5909090909090909,N2 S1 P1 O13,de-protonated,0,-9999,C22 H33 O13 N2 P1 S1,22,33,13,2,1,1,-9999,N/A,-9999,-9999,N/A,-9999
3106,595.136347,595.1364395916868,595.136307783109,3607378.5,-9999,398151.2,20.39,-1,0.2214762837095328,0.49556955826512894,0.7253996187124169,0.5875015824440442,26,0.7142857142857143,0.05714285714285714,N4 S1 P1 O2,de-protonated,0,-9999,C35 H25 O2 N4 P1 S1,35,25,2,4,1,1,-9999,N/A,-9999,-9999,N/A,-9999
3107,595.137867,595.1379595928918,595.138341675909,4461908,-9999,197373.5,25.58,-1,-0.6420070603773028,0.4639699731719284,0.7489023467070351,0.5779429225859711,16,1.064516129032258,0.1935483870967742,S2 P1 O6,de-protonated,0,-9999,C31 H33 O6 P1 S2,31,33,6,-9999,1,2,-9999,N/A,-9999,-9999,N/A,-9999
3107,595.137867,595.1379595928918,595.137472296039,4461908,-9999,197373.5,25.58,-1,0.818797127401849,0.4427298147683143,0.7550179348240813,0.5676450627906211,17,0.9666666666666668,0.36666666666666664,P1 O11,de-protonated,0,-9999,C30 H29 O11 P1,30,29,11,-9999,1,-9999,-9999,N/A,-9999,-9999,N/A,-9999
3107,595.137867,595.1379595928918,595.138538380399,4461908,-9999,197373.5,25.58,-1,-0.972525672494158,0.421151576843457,0.8149093904448101,0.5786547022839983,8,1.5238095238095235,0.5714285714285714,N4 S2 O12,de-protonated,0,-9999,C21 H32 O12 N4 S2,21,32,12,4,-9999,2,-9999,N/A,-9999,-9999,N/A,-9999
3107,595.137867,595.1379595928918,595.1376690005291,4461908,-9999,197373.5,25.58,-1,0.4882775496378825,0.4788311433402413,0.8221557383861047,0.6161609813585867,9,1.4,0.85,N4 O17,de-protonated,0,-9999,C20 H28 O17 N4,20,28,17,4,-9999,-9999,-9999,N/A,-9999,-9999,N/A,-9999
3108,595.172674,595.1727666204836,595.1730734149791,3134706.3,-9999,266189.5,17.51,-1,-0.5154710607556654,0.4764654882032783,0.731135910132286,0.5783336569748814,20,0.9411764705882352,0.1176470588235294,N2 S2 O4,de-protonated,0,-9999,C34 H32 O4 N2 S2,34,32,4,2,-9999,2,-9999,N/A,-9999,-9999,N/A,-9999
3108,595.172674,595.1727666204836,595.1722040351091,3134706.3,-9999,266189.5,17.51,-1,0.9452480654871978,0.42516817778102406,0.7369636471990461,0.5498863655482329,21,0.8484848484848485,0.2727272727272727,N2 O9,de-protonated,0,-9999,C33 H28 O9 N2,33,28,9,2,-9999,-9999,-9999,N/A,-9999,-9999,N/A,-9999
3108,595.172674,595.1727666204836,595.1732063567091,3134706.3,-9999,266189.5,17.51,-1,-0.738837402009737,0.45284901120506216,0.8007932653391622,0.5920267128587022,7,1.608695652173913,0.5217391304347826,N2 S1 P1 O12,de-protonated,0,-9999,C23 H37 O12 N2 P1 S1,23,37,12,2,1,1,-9999,N/A,-9999,-9999,N/A,-9999
3108,595.172674,595.1727666204836,595.1726932924589,3134706.3,-9999,266189.5,17.51,-1,0.1232046185609386,0.4986247556704145,0.719752637322661,0.5870759083313131,25,0.8055555555555556,0.02777777777777777,N4 S1 P1 O1,de-protonated,0,-9999,C36 H29 O1 N4 P1 S1,36,29,1,4,1,1,-9999,N/A,-9999,-9999,N/A,-9999
3109,595.174337,595.1744296218018,595.1747271852589,4411763.5,-9999,241219.5,25.28,-1,-0.4999598328809287,0.4778291370993375,0.7428850341668535,0.5838514959263439,15,1.15625,0.15625,S2 P1 O5,de-protonated,0,-9999,C32 H37 O5 P1 S2,32,37,5,-9999,1,2,-9999,N/A,-9999,-9999,N/A,-9999
3109,595.174337,595.1744296218018,595.173857805389,4411763.5,-9999,241219.5,25.28,-1,0.9607552570246788,0.422894089413297,0.7489023467070351,0.5532973923307922,16,1.064516129032258,0.3225806451612903,P1 O10,de-protonated,0,-9999,C31 H33 O10 P1,31,33,10,-9999,1,-9999,-9999,N/A,-9999,-9999,N/A,-9999
3109,595.174337,595.1744296218018,595.174923889749,4411763.5,-9999,241219.5,25.28,-1,-0.8304582861628673,0.44118752962867896,0.8077896627745538,0.587828382887029,7,1.6363636363636365,0.5,N4 S2 O11,de-protonated,0,-9999,C22 H36 O11 N4 S2,22,36,11,4,-9999,2,-9999,N/A,-9999,-9999,N/A,-9999
3109,595.174337,595.1744296218018,595.174054509879,4411763.5,-9999,241219.5,25.28,-1,0.6302558384045706,0.46523032791654223,0.8149093904448103,0.6051019529278494,8,1.5238095238095235,0.7619047619047619,N4 O16,de-protonated,0,-9999,C21 H32 O16 N4,21,32,16,4,-9999,-9999,-9999,N/A,-9999,-9999,N/A,-9999
3110,595.208979,595.2090716492628,595.209102608709,2914705.5,-9999,319794.9,16.17,-1,-0.05201440317261791,0.9995092113932986,0,0.5997055268359791,2,1.9047619047619049,0.9047619047619048,O19,de-protonated,0,-9999,C21 H40 O19,21,40,19,-9999,-9999,-9999,-9999,N/A,-9999,-9999,N/A,-9999
3110,595.208979,595.2090716492628,595.209458924329,2914705.5,-9999,319794.9,16.17,-1,-0.6506534136056097,0.4630299883456107,0.725399618712417,0.5679778404923332,19,1.0285714285714285,0.08571428571428572,N2 S2 O3,de-protonated,0,-9999,C35 H36 O3 N2 S2,35,36,3,2,-9999,2,-9999,N/A,-9999,-9999,N/A,-9999
3110,595.208979,595.2090716492628,595.2085895444591,2914705.5,-9999,319794.9,16.17,-1,0.8099762204236368,0.4438854817433705,0.7311359101322861,0.5587856530989367,20,0.9411764705882352,0.2352941176470588,N2 O8,de-protonated,0,-9999,C34 H32 O8 N2,34,32,8,2,-9999,-9999,-9999,N/A,-9999,-9999,N/A,-9999
3110,595.208979,595.2090716492628,595.209591866059,2914705.5,-9999,319794.9,16.17,-1,-0.8740060699606607,0.4352853863227819,0.7939170211058494,0.5787380402360089,6,1.7083333333333333,0.4583333333333333,N2 S1 P1 O11,de-protonated,0,-9999,C24 H41 O11 N2 P1 S1,24,41,11,2,1,1,-9999,N/A,-9999,-9999,N/A,-9999
3111,595.210612,595.2107046505572,595.2101103730089,3414419,-9999,241204.9,19.21,-1,0.998433222083356,0.417267518082915,0.6825582999861977,0.523383830844228,28,0.7441860465116279,0.02325581395348837,S1 O1,de-protonated,0,-9999,C43 H32 O1 S1,43,32,1,-9999,-9999,1,-9999,N/A,-9999,-9999,N/A,-9999
3111,595.210612,595.2107046505572,595.211112694609,3414419,-9999,241204.9,19.21,-1,-0.685545083283866,0.45912949080248505,0.7369636471990461,0.5702631533611094,14,1.2424242424242424,0.12121212121212122,S2 P1 O4,de-protonated,0,-9999,C33 H41 O4 P1 S2,33,41,4,-9999,1,2,-9999,N/A,-9999,-9999,N/A,-9999
3111,595.210612,595.2107046505572,595.210243314739,3414419,-9999,241204.9,19.21,-1,0.7750804414747127,0.4483628583397373,0.7428850341668536,0.5661717286705839,15,1.15625,0.28125,P1 O9,de-protonated,0,-9999,C32 H37 O9 P1,32,37,9,-9999,1,-9999,-9999,N/A,-9999,-9999,N/A,-9999
3111,595.210612,595.2107046505572,595.210440019229,3414419,-9999,241204.9,19.21,-1,0.4446012878095604,0.4823842912963279,0.8077896627745538,0.6125464398876184,7,1.6363636363636365,0.6818181818181818,N4 O15,de-protonated,0,-9999,C22 H36 O15 N4,22,36,15,4,-9999,-9999,-9999,N/A,-9999,-9999,N/A,-9999
3112,595.246382,595.2464746789125,595.246628824089,2442673.8,-9999,155050.7,13.3,-1,-0.2589601840679108,0.4939528568341544,0.7369636471990461,0.5911571729801111,14,1.2424242424242424,0.24242424242424243,P1 O8,de-protonated,0,-9999,C33 H41 O8 P1,33,41,8,-9999,1,-9999,-9999,N/A,-9999,-9999,N/A,-9999
3112,595.246382,595.2464746789125,595.246357497929,2442673.8,-9999,155050.7,13.3,-1,0.1968613196701872,0.992992734985878,0,0.5957956409915267,0,2.0869565217391304,0.5652173913043478,S2 O13,de-protonated,0,-9999,C23 H48 O13 S2,23,48,13,-9999,-9999,2,-9999,N/A,-9999,-9999,N/A,-9999
3112,595.246382,595.2464746789125,595.2459773754091,2442673.8,-9999,155050.7,13.3,-1,0.8354588225403738,0.8810423087911136,0,0.5286253852746681,5,1.8,0.4,N2 S1 P1 O10,de-protonated,0,-9999,C25 H45 O10 N2 P1 S1,25,45,10,2,1,1,-9999,N/A,-9999,-9999,N/A,-9999
3112,595.246382,595.2464746789125,595.246825528579,2442673.8,-9999,155050.7,13.3,-1,-0.5894187949057096,0.9389078813684292,0,0.5633447288210576,6,1.7391304347826086,0.6086956521739131,N4 O14,de-protonated,0,-9999,C23 H40 O14 N4,23,40,14,4,-9999,-9999,-9999,N/A,-9999,-9999,N/A,-9999
3113,595.485709,595.4858018686291,595.486071248249,7684737.5,-9999,252562.1,45.19,-1,-0.45236930453063384,0.48177480936357936,0.7197526373226611,0.5769659405472121,3,1.9166666666666667,0.1111111111111111,P1 O4,de-protonated,0,-9999,C36 H69 O4 P1,36,69,4,-9999,1,-9999,-9999,N/A,-9999,-9999,N/A,-9999
3115,597.04706,597.0471541063254,597.047204194039,2678739,-9999,181472.6,14.73,-1,-0.08389238445020138,0.4993618957506098,0.725399618712417,0.5897769849353327,27,0.5142857142857142,0.17142857142857143,S2 O6,de-protonated,0,-9999,C35 H18 O6 S2,35,18,6,-9999,-9999,2,-9999,N/A,-9999,-9999,N/A,-9999
3115,597.04706,597.0471541063254,597.047337135769,2678739,-9999,181472.6,14.73,-1,-0.3065576751605383,0.9830924508617932,0,0.589855470517076,14,0.9583333333333334,0.5833333333333334,S1 P1 O14,de-protonated,0,-9999,C24 H23 O14 P1 S1,24,23,14,-9999,1,1,-9999,N/A,-9999,-9999,N/A,-9999
3115,597.04706,597.0471541063254,597.0468240715189,2678739,-9999,181472.6,14.73,-1,0.5527787656383673,0.4730323815275781,0.7141928963326545,0.5694965874496086,32,0.40540540540540543,0.08108108108108109,N2 S1 P1 O3,de-protonated,0,-9999,C37 H15 O3 N2 P1 S1,37,15,3,2,1,1,-9999,N/A,-9999,-9999,N/A,-9999
3116,597.118004,597.1180981625633,597.117606231019,2924049.3,-9999,182868.4,16.22,-1,0.8238436436225459,0.4420643879643388,0.7550179348240813,0.5672458067082358,16,1.0333333333333334,0.23333333333333336,S2 P1 O7,de-protonated,0,-9999,C30 H31 O7 P1 S2,30,31,7,-9999,1,2,-9999,N/A,-9999,-9999,N/A,-9999
3116,597.118004,597.1180981625633,597.118454384189,2924049.3,-9999,182868.4,16.22,-1,-0.5965677715437252,0.4687322743563004,0.7675537279851021,0.5882608558078211,17,0.9285714285714286,0.3928571428571429,N2 S1 O11,de-protonated,0,-9999,C28 H26 O11 N2 S1,28,26,11,2,-9999,1,-9999,N/A,-9999,-9999,N/A,-9999
3116,597.118004,597.1180981625633,597.118074261669,2924049.3,-9999,182868.4,16.22,-1,0.0400270823784223,0.4998546655481259,0.7550179348240813,0.6019199732585081,22,0.7666666666666667,0.26666666666666666,N4 P1 O8,de-protonated,0,-9999,C30 H23 O8 N4 P1,30,23,8,4,1,-9999,-9999,N/A,-9999,-9999,N/A,-9999
3116,597.118004,597.1180981625633,597.117802935509,2924049.3,-9999,182868.4,16.22,-1,0.494420117653076,0.956613955995689,0,0.5739683735974134,8,1.5,0.65,N4 S2 O13,de-protonated,0,-9999,C20 H30 O13 N4 S2,20,30,13,4,-9999,2,-9999,N/A,-9999,-9999,N/A,-9999
3117,597.152357,597.1524511897952,597.1529894187689,2876975.3,-9999,250098.9,15.93,-1,-0.9013250929779286,0.4314715426079941,0.6927871148459346,0.5359977715031703,29,0.6341463414634146,0.07317073170731707,S1 O3,de-protonated,0,-9999,C41 H26 O3 S1,41,26,3,-9999,-9999,1,-9999,N/A,-9999,-9999,N/A,-9999
3117,597.152357,597.1524511897952,597.152851034339,2876975.3,-9999,250098.9,15.93,-1,-0.6695849197454092,0.9218696679220276,0,0.5531218007532166,2,1.9,0.8,S2 O16,de-protonated,0,-9999,C20 H38 O16 S2,20,38,16,-9999,-9999,2,-9999,N/A,-9999,-9999,N/A,-9999
3117,597.152357,597.1524511897952,597.152337970089,2876975.3,-9999,250098.9,15.93,-1,0.18959936859829224,0.4967492618433055,0.7369636471990462,0.5928350159856017,20,0.9090909090909092,0.15151515151515152,N2 S2 O5,de-protonated,0,-9999,C33 H30 O5 N2 S2,33,30,5,2,-9999,2,-9999,N/A,-9999,-9999,N/A,-9999
3117,597.152357,597.1524511897952,597.152470911819,2876975.3,-9999,250098.9,15.93,-1,-0.03302678087847469,0.9998021011175924,0,0.5998812606705554,7,1.5909090909090908,0.5909090909090909,N2 S1 P1 O13,de-protonated,0,-9999,C22 H35 O13 N2 P1 S1,22,35,13,2,1,1,-9999,N/A,-9999,-9999,N/A,-9999
3117,597.152357,597.1524511897952,597.151957847569,2876975.3,-9999,250098.9,15.93,-1,0.8261586013082802,0.44175810950089023,0.7253996187124169,0.5552147131855009,25,0.7714285714285715,0.05714285714285714,N4 S1 P1 O2,de-protonated,0,-9999,C35 H27 O2 N4 P1 S1,35,27,2,4,1,1,-9999,N/A,-9999,-9999,N/A,-9999
3118,597.154219,597.1543131912712,597.1539917403691,3307057,-9999,206203.4,18.55,-1,0.5383048703559459,0.4743897899756694,0.7489023467070351,0.5841948126682157,15,1.1290322580645162,0.1935483870967742,S2 P1 O6,de-protonated,0,-9999,C31 H35 O6 P1 S2,31,35,6,-9999,1,2,-9999,N/A,-9999,-9999,N/A,-9999
3118,597.154219,597.1543131912712,597.154839893539,3307057,-9999,206203.4,18.55,-1,-0.8820195913375218,0.43417537389532906,0.7612342259156645,0.5649989147034633,16,1.0344827586206895,0.3448275862068966,N2 S1 O10,de-protonated,0,-9999,C29 H30 O10 N2 S1,29,30,10,2,-9999,1,-9999,N/A,-9999,-9999,N/A,-9999
3118,597.154219,597.1543131912712,597.154459771019,3307057,-9999,206203.4,18.55,-1,-0.24546370779279328,0.4945634102172648,0.7489023467070351,0.596298984813173,21,0.8709677419354839,0.2258064516129032,N4 P1 O7,de-protonated,0,-9999,C31 H27 O7 N4 P1,31,27,7,4,1,-9999,-9999,N/A,-9999,-9999,N/A,-9999
3118,597.154219,597.1543131912712,597.1541884448591,3307057,-9999,206203.4,18.55,-1,0.2089015107183482,0.49605643801343446,0.8149093904448101,0.6235976189859846,7,1.619047619047619,0.5714285714285714,N4 S2 O12,de-protonated,0,-9999,C21 H34 O12 N4 S2,21,34,12,4,-9999,2,-9999,N/A,-9999,-9999,N/A,-9999
3119,597.188244,597.1883382182432,597.1887234794391,2817102.8,-9999,299777.4,15.57,-1,-0.645124699704984,0.4636322705116835,0.731135910132286,0.5706337263599245,19,1,0.1176470588235294,N2 S2 O4,de-protonated,0,-9999,C34 H34 O4 N2 S2,34,34,4,2,-9999,2,-9999,N/A,-9999,-9999,N/A,-9999
3119,597.188244,597.1883382182432,597.187854099569,2817102.8,-9999,299777.4,15.57,-1,0.8106639659042049,0.4437957191890397,0.7369636471990461,0.5610628903930422,20,0.9090909090909092,0.2727272727272727,N2 O9,de-protonated,0,-9999,C33 H30 O9 N2,33,30,9,2,-9999,-9999,-9999,N/A,-9999,-9999,N/A,-9999
3119,597.188244,597.1883382182432,597.1888564211691,2817102.8,-9999,299777.4,15.57,-1,-0.8677370992006238,0.8722972805063731,0,0.5233783683038239,6,1.6956521739130437,0.5217391304347826,N2 S1 P1 O12,de-protonated,0,-9999,C23 H39 O12 N2 P1 S1,23,39,12,2,1,1,-9999,N/A,-9999,-9999,N/A,-9999
3119,597.188244,597.1883382182432,597.1883433569188,2817102.8,-9999,299777.4,15.57,-1,-0.00860478223317427,0.49999328260815173,0.719752637322661,0.5878970244939554,24,0.8611111111111112,0.02777777777777777,N4 S1 P1 O1,de-protonated,0,-9999,C36 H31 O1 N4 P1 S1,36,31,1,4,1,1,-9999,N/A,-9999,-9999,N/A,-9999
3120,597.190136,597.190230219743,597.190377249719,3393616.5,-9999,206959.2,19.07,-1,-0.24620285524847865,0.494530799282163,0.7428850341668535,0.5938724932360391,14,1.21875,0.15625,S2 P1 O5,de-protonated,0,-9999,C32 H39 O5 P1 S2,32,39,5,-9999,1,2,-9999,N/A,-9999,-9999,N/A,-9999
3120,597.190136,597.190230219743,597.1905739542091,3393616.5,-9999,206959.2,19.07,-1,-0.5755858868500076,0.47082868868622346,0.8077896627745539,0.6056130783215556,6,1.7272727272727273,0.5,N4 S2 O11,de-protonated,0,-9999,C22 H38 O11 N4 S2,22,38,11,4,-9999,2,-9999,N/A,-9999,-9999,N/A,-9999
3120,597.190136,597.190230219743,597.1897045743391,3393616.5,-9999,206959.2,19.07,-1,0.8801983688401577,0.4344282851199362,0.8149093904448103,0.5866207272498858,7,1.619047619047619,0.7619047619047619,N4 O16,de-protonated,0,-9999,C21 H34 O16 N4,21,34,16,4,-9999,-9999,-9999,N/A,-9999,-9999,N/A,-9999
3121,597.224946,597.2250402473371,597.225622053039,2235503,-9999,238867.2,12.03,-1,-0.9741807458408518,0.8418108727496315,0,0.5050865236497789,0,2.090909090909091,0.6363636363636364,S2 O14,de-protonated,0,-9999,C22 H46 O14 S2,22,46,14,-9999,-9999,2,-9999,N/A,-9999,-9999,N/A,-9999
3121,597.224946,597.2250402473371,597.2247526731691,2235503,-9999,238867.2,12.03,-1,0.4815174970030853,0.9588021547443748,0,0.5752812928466248,1,2,0.9047619047619048,O19,de-protonated,0,-9999,C21 H42 O19,21,42,19,-9999,-9999,-9999,-9999,N/A,-9999,-9999,N/A,-9999
3121,597.224946,597.2250402473371,597.225108988789,2235503,-9999,238867.2,12.03,-1,-0.11510140953650629,0.4987994970749733,0.725399618712417,0.5894395457299508,18,1.0857142857142856,0.08571428571428572,N2 S2 O3,de-protonated,0,-9999,C35 H38 O3 N2 S2,35,38,3,2,-9999,2,-9999,N/A,-9999,-9999,N/A,-9999
3121,597.224946,597.2250402473371,597.225241930519,2235503,-9999,238867.2,12.03,-1,-0.33770036451780483,0.9795199376021064,0,0.5877119625612638,5,1.7916666666666667,0.4583333333333333,N2 S1 P1 O11,de-protonated,0,-9999,C24 H43 O11 N2 P1 S1,24,43,11,2,1,1,-9999,N/A,-9999,-9999,N/A,-9999
3122,597.483838,597.483932452563,597.483963247969,5364562.5,-9999,178743.9,31.06,-1,-0.05154181185318829,0.4997590435655709,0.719752637322661,0.5877564810684069,2,1.9722222222222223,0.05555555555555555,S1 P1 O2,de-protonated,0,-9999,C36 H71 O2 P1 S1,36,71,2,-9999,1,1,-9999,N/A,-9999,-9999,N/A,-9999
3123,599.132553,599.1326487595135,599.1322539738791,2553346.8,-9999,184753.4,13.95,-1,0.6589290290748445,0.4621203491804659,0.6980173569463055,0.5564791522868018,29,0.6,0.1,S1 O4,de-protonated,0,-9999,C40 H24 O4 S1,40,24,4,-9999,-9999,1,-9999,N/A,-9999,-9999,N/A,-9999
3123,599.132553,599.1326487595135,599.1323869156091,2553346.8,-9999,184753.4,13.95,-1,0.4370384744220914,0.4829682528806857,0.7612342259156646,0.5942746420946772,16,1,0.41379310344827586,P1 O12,de-protonated,0,-9999,C29 H29 O12 P1,29,29,12,-9999,1,-9999,-9999,N/A,-9999,-9999,N/A,-9999
3123,599.132553,599.1326487595135,599.1321155894491,2553346.8,-9999,184753.4,13.95,-1,0.8899039969872333,0.8661523178915945,0,0.5196913907349567,2,1.894736842105263,0.8947368421052632,S2 O17,de-protonated,0,-9999,C19 H36 O17 S2,19,36,17,-9999,-9999,2,-9999,N/A,-9999,-9999,N/A,-9999
3123,599.132553,599.1326487595135,599.1325836200991,2553346.8,-9999,184753.4,13.95,-1,0.10872287057475948,0.9978574548360538,0,0.5987144729016323,8,1.4736842105263157,0.9473684210526316,N4 O18,de-protonated,0,-9999,C19 H28 O18 N4,19,28,18,4,-9999,-9999,-9999,N/A,-9999,-9999,N/A,-9999
3124,599.147624,599.1477197714604,599.147510115169,2502928.3,-9999,209484,13.65,-1,0.3499243306164434,0.489013572340502,0.6775563317580969,0.5644306761075399,33,0.5454545454545454,0.02272727272727272,S1 O1,de-protonated,0,-9999,C44 H24 O1 S1,44,24,1,-9999,-9999,1,-9999,N/A,-9999,-9999,N/A,-9999
3124,599.147624,599.1477197714604,599.147643056899,2502928.3,-9999,209484,13.65,-1,0.128039494542928,0.4985148649458262,0.7369636471990461,0.5938943778471142,20,0.8787878787878788,0.2727272727272727,P1 O9,de-protonated,0,-9999,C33 H29 O9 P1,33,29,9,-9999,1,-9999,-9999,N/A,-9999,-9999,N/A,-9999
3124,599.147624,599.1477197714604,599.1473717307391,2502928.3,-9999,209484,13.65,-1,0.5808933456330354,0.9406092130092724,0,0.5643655278055635,6,1.565217391304348,0.6086956521739131,S2 O14,de-protonated,0,-9999,C23 H36 O14 S2,23,36,14,-9999,-9999,2,-9999,N/A,-9999,-9999,N/A,-9999
3124,599.147624,599.1477197714604,599.147839761389,2502928.3,-9999,209484,13.65,-1,-0.20026764793578955,0.9927490298589914,0,0.5956494179153948,12,1.2173913043478262,0.6521739130434783,N4 O15,de-protonated,0,-9999,C23 H28 O15 N4,23,28,15,4,-9999,-9999,-9999,N/A,-9999,-9999,N/A,-9999
3125,599.16761,599.1677057873035,599.167988034549,2383650,-9999,255283.6,12.92,-1,-0.4710652958317049,0.4802679507895053,0.7369636471990461,0.5829462293533216,19,0.9696969696969696,0.15151515151515152,N2 S2 O5,de-protonated,0,-9999,C33 H32 O5 N2 S2,33,32,5,2,-9999,2,-9999,N/A,-9999,-9999,N/A,-9999
3125,599.16761,599.1677057873035,599.167118654679,2383650,-9999,255283.6,12.92,-1,0.9799146284333572,0.4200505832189088,0.7428850341668536,0.5491843635980866,20,0.875,0.3125,N2 O10,de-protonated,0,-9999,C32 H28 O10 N2,32,28,10,2,-9999,-9999,-9999,N/A,-9999,-9999,N/A,-9999
3125,599.16761,599.1677057873035,599.168120976279,2383650,-9999,255283.6,12.92,-1,-0.6929423663325819,0.9165615497305212,0,0.5499369298383127,6,1.681818181818182,0.5909090909090909,N2 S1 P1 O13,de-protonated,0,-9999,C22 H37 O13 N2 P1 S1,22,37,13,2,1,1,-9999,N/A,-9999,-9999,N/A,-9999
3125,599.16761,599.1677057873035,599.167607912029,2383650,-9999,255283.6,12.92,-1,0.16335207911592217,0.49758497175092714,0.7253996187124169,0.5887108305355231,24,0.8285714285714286,0.05714285714285714,N4 S1 P1 O2,de-protonated,0,-9999,C35 H29 O2 N4 P1 S1,35,29,2,4,1,1,-9999,N/A,-9999,-9999,N/A,-9999
3126,599.184683,599.1847788008373,599.1848979461189,2494769.3,-9999,243315.9,13.6,-1,-0.1988456017429886,0.49642563547930646,0.725399618712417,0.5880152287725506,18,1.0571428571428572,0.08571428571428572,S2 P1 O3,de-protonated,0,-9999,C35 H37 O3 P1 S2,35,37,3,-9999,1,2,-9999,N/A,-9999,-9999,N/A,-9999
3126,599.184683,599.1847788008373,599.185365976769,2494769.3,-9999,243315.9,13.6,-1,-0.9799570635112572,0.42004424445192384,0.7253996187124169,0.5421863941561211,24,0.8285714285714286,0.11428571428571428,N4 P1 O4,de-protonated,0,-9999,C35 H29 O4 N4 P1,35,29,4,4,1,-9999,-9999,N/A,-9999,-9999,N/A,-9999
3126,599.184683,599.1847788008373,599.1850946506091,2494769.3,-9999,243315.9,13.6,-1,-0.5271322244879453,0.9508310827283544,0,0.5704986496370126,10,1.44,0.36,N4 S2 O9,de-protonated,0,-9999,C25 H36 O9 N4 S2,25,36,9,4,-9999,2,-9999,N/A,-9999,-9999,N/A,-9999
3126,599.184683,599.1847788008373,599.184225270739,2494769.3,-9999,243315.9,13.6,-1,0.9238061933669036,0.8565423185609915,0,0.5139253911365949,11,1.3333333333333333,0.5833333333333334,N4 O14,de-protonated,0,-9999,C24 H32 O14 N4,24,32,14,4,-9999,-9999,-9999,N/A,-9999,-9999,N/A,-9999
3127,600.079333,600.0794295100342,600.0795039249189,2687054.3,-9999,168187.6,14.76,-1,-0.12400837590131628,0.4986067787174053,0.6927871148459346,0.576278913168817,35,0.3902439024390244,0.07317073170731707,N1 P1 O3,de-protonated,0,-9999,C41 H16 O3 N1 P1,41,16,3,1,1,-9999,-9999,N/A,-9999,-9999,N/A,-9999
3127,600.079333,600.0794295100342,600.079232598759,2687054.3,-9999,168187.6,14.76,-1,0.3281421261191759,0.4903258656309192,0.7489023467070351,0.5937564580613657,21,0.7419354838709677,0.25806451612903225,N1 S2 O8,de-protonated,0,-9999,C31 H23 O8 N1 S2,31,23,8,1,-9999,2,-9999,N/A,-9999,-9999,N/A,-9999
3127,600.079333,600.0794295100342,600.079365540489,2687054.3,-9999,168187.6,14.76,-1,0.10660180778476842,0.9979401514375388,0,0.5987640908625232,8,1.4,0.8,N1 S1 P1 O16,de-protonated,0,-9999,C20 H28 O16 N1 P1 S1,20,28,16,1,1,1,-9999,N/A,-9999,-9999,N/A,-9999
3127,600.079333,600.0794295100342,600.078852476239,2687054.3,-9999,168187.6,14.76,-1,0.961596618107464,0.42276999934501136,0.7369636471990462,0.5484474584866252,26,0.6060606060606061,0.15151515151515152,N3 S1 P1 O5,de-protonated,0,-9999,C33 H20 O5 N3 P1 S1,33,20,5,3,1,1,-9999,N/A,-9999,-9999,N/A,-9999
3131,601.127528,601.1276253409472,601.1277769918789,2639353.8,-9999,241595.4,14.46,-1,-0.2522773651273026,0.4942591634590353,0.7369636471990461,0.5913409569550396,19,0.9393939393939394,0.15151515151515152,S2 P1 O5,de-protonated,0,-9999,C33 H31 O5 P1 S2,33,31,5,-9999,1,2,-9999,N/A,-9999,-9999,N/A,-9999
3131,601.127528,601.1276253409472,601.1279736963689,2639353.8,-9999,241595.4,14.46,-1,-0.579502929385738,0.9408846217941126,0,0.5645307730764675,11,1.3043478260869563,0.4782608695652174,N4 S2 O11,de-protonated,0,-9999,C23 H30 O11 N4 S2,23,30,11,4,-9999,2,-9999,N/A,-9999,-9999,N/A,-9999
3131,601.127528,601.1276253409472,601.127104316499,2639353.8,-9999,241595.4,14.46,-1,0.8667458920888793,0.8725694381542589,0,0.5235416628925553,12,1.181818181818182,0.7272727272727273,N4 O16,de-protonated,0,-9999,C22 H26 O16 N4,22,26,16,4,-9999,-9999,-9999,N/A,-9999,-9999,N/A,-9999
3132,601.1622,601.1622973684321,601.1621524153289,2338329,-9999,290353.1,12.63,-1,0.2411214720501637,0.9895061016493754,0,0.5937036609896252,6,1.5454545454545454,0.8636363636363636,O19,de-protonated,0,-9999,C22 H34 O19,22,34,19,-9999,-9999,-9999,-9999,N/A,-9999,-9999,N/A,-9999
3132,601.1622,601.1622973684321,601.162508730949,2338329,-9999,290353.1,12.63,-1,-0.3515896514227365,0.4889099238571948,0.719752637322661,0.5812470092433812,23,0.8333333333333334,0.08333333333333333,N2 S2 O3,de-protonated,0,-9999,C36 H30 O3 N2 S2,36,30,3,2,-9999,2,-9999,N/A,-9999,-9999,N/A,-9999
3132,601.1622,601.1622973684321,601.1626416726791,2338329,-9999,290353.1,12.63,-1,-0.5727306109587775,0.94221776123103,0,0.565330656738618,10,1.4,0.44,N2 S1 P1 O11,de-protonated,0,-9999,C25 H35 O11 N2 P1 S1,25,35,11,2,1,1,-9999,N/A,-9999,-9999,N/A,-9999
3132,601.1622,601.1622973684321,601.161990223999,2338329,-9999,290353.1,12.63,-1,0.5109179189697245,0.9537393694612728,0,0.5722436216767636,1,2.2941176470588234,0.7647058823529411,N4 S2 P1 O13,de-protonated,0,-9999,C17 H39 O13 N4 P1 S2,17,39,13,4,1,2,-9999,N/A,-9999,-9999,N/A,-9999
3133,601.164215,601.1643123700294,601.164162501229,2999835,-9999,259353.2,16.66,-1,0.2492976289967866,0.4943932178767031,0.7311359101322861,0.5890902947789363,18,1.0294117647058822,0.1176470588235294,S2 P1 O4,de-protonated,0,-9999,C34 H35 O4 P1 S2,34,35,4,-9999,1,2,-9999,N/A,-9999,-9999,N/A,-9999
3133,601.164215,601.1643123700294,601.164630531879,2999835,-9999,259353.2,16.66,-1,-0.5292424627440964,0.4752232814026252,0.7311359101322861,0.5775883328944895,24,0.7941176470588235,0.14705882352941177,N4 P1 O5,de-protonated,0,-9999,C34 H27 O5 N4 P1,34,27,5,4,1,-9999,-9999,N/A,-9999,-9999,N/A,-9999
3133,601.164215,601.1643123700294,601.164359205719,2999835,-9999,259353.2,16.66,-1,-0.07790829403276747,0.49944963337346254,0.7939170211058493,0.6172365884664173,10,1.4166666666666667,0.4166666666666667,N4 S2 O10,de-protonated,0,-9999,C24 H34 O10 N4 S2,24,34,10,4,-9999,2,-9999,N/A,-9999,-9999,N/A,-9999
3134,601.200409,601.2005063987207,601.2005480105789,2439227.5,-9999,243497.2,13.25,-1,-0.06921460465794099,0.4995655592304977,0.725399618712417,0.5898991830232654,17,1.1142857142857143,0.08571428571428572,S2 P1 O3,de-protonated,0,-9999,C35 H39 O3 P1 S2,35,39,3,-9999,1,2,-9999,N/A,-9999,-9999,N/A,-9999
3134,601.200409,601.2005063987207,601.2010160412291,2439227.5,-9999,243497.2,13.25,-1,-0.8477073305043199,0.4388763330824538,0.7253996187124169,0.553485647334439,23,0.8857142857142857,0.11428571428571428,N4 P1 O4,de-protonated,0,-9999,C35 H31 O4 N4 P1,35,31,4,4,1,-9999,-9999,N/A,-9999,-9999,N/A,-9999
3134,601.200409,601.2005063987207,601.200744715069,2439227.5,-9999,243497.2,13.25,-1,-0.3964006207040513,0.9718909633299644,0,0.5831345779979785,9,1.52,0.36,N4 S2 O9,de-protonated,0,-9999,C25 H38 O9 N4 S2,25,38,9,4,-9999,2,-9999,N/A,-9999,-9999,N/A,-9999
3135,601.23686,601.2369574276156,601.236933519929,2261084.3,-9999,269141.3,12.16,-1,0.03976416822610902,0.4998565682363975,0.719752637322661,0.5878149958709029,16,1.1944444444444444,0.05555555555555555,S2 P1 O2,de-protonated,0,-9999,C36 H43 O2 P1 S2,36,43,2,-9999,1,2,-9999,N/A,-9999,-9999,N/A,-9999
3135,601.23686,601.2369574276156,601.237401550579,2261084.3,-9999,269141.3,12.16,-1,-0.7386815294808861,0.4528679354674919,0.719752637322661,0.5596218162095595,22,0.9722222222222222,0.08333333333333333,N4 P1 O3,de-protonated,0,-9999,C36 H35 O3 N4 P1,36,35,3,4,1,-9999,-9999,N/A,-9999,-9999,N/A,-9999
3135,601.23686,601.2369574276156,601.237130224419,2261084.3,-9999,269141.3,12.16,-1,-0.28740208272845663,0.9851241021504517,0,0.591074461290271,8,1.6153846153846154,0.3076923076923077,N4 S2 O8,de-protonated,0,-9999,C26 H42 O8 N4 S2,26,42,8,4,-9999,2,-9999,N/A,-9999,-9999,N/A,-9999
3139,603.105935,603.1060339092475,603.1060392253889,2474489.3,-9999,198077.1,13.45,-1,-0.00881460495638337,0.4999929510167614,0.6876346701883607,0.5750496386854012,33,0.47619047619047616,0.07142857142857142,S1 O3,de-protonated,0,-9999,C42 H20 O3 S1,42,20,3,-9999,-9999,1,-9999,N/A,-9999,-9999,N/A,-9999
3139,603.105935,603.1060339092475,603.1061721671191,2474489.3,-9999,198077.1,13.45,-1,-0.2292430056609072,0.49525488167818577,0.7489023467070351,0.5967138676897255,20,0.8064516129032258,0.3548387096774194,P1 O11,de-protonated,0,-9999,C31 H25 O11 P1,31,25,11,-9999,1,-9999,-9999,N/A,-9999,-9999,N/A,-9999
3139,603.105935,603.1060339092475,603.105900840959,2474489.3,-9999,198077.1,13.45,-1,0.22063834613441505,0.9912057434281656,0,0.5947234460568993,6,1.5238095238095235,0.7619047619047619,S2 O16,de-protonated,0,-9999,C21 H32 O16 S2,21,32,16,-9999,-9999,2,-9999,N/A,-9999,-9999,N/A,-9999
3139,603.105935,603.1060339092475,603.105520718439,2474489.3,-9999,198077.1,13.45,-1,0.8509137966572832,0.8768856352483191,0,0.5261313811489914,11,1.2608695652173914,0.5652173913043478,N2 S1 P1 O13,de-protonated,0,-9999,C23 H29 O13 N2 P1 S1,23,29,13,2,1,1,-9999,N/A,-9999,-9999,N/A,-9999
3139,603.105935,603.1060339092475,603.1063688716091,2474489.3,-9999,198077.1,13.45,-1,-0.5553951656576808,0.9455671720362284,0,0.5673403032217371,12,1.1428571428571428,0.8095238095238095,N4 O17,de-protonated,0,-9999,C21 H24 O17 N4,21,24,17,4,-9999,-9999,-9999,N/A,-9999,-9999,N/A,-9999
3140,603.107318,603.1074169103437,603.1070415469891,2528506.5,-9999,220932,13.78,-1,0.6223826430804397,0.46606360082762355,0.7428850341668535,0.5767921741633155,19,0.90625,0.1875,S2 P1 O6,de-protonated,0,-9999,C32 H29 O6 P1 S2,32,29,6,-9999,1,2,-9999,N/A,-9999,-9999,N/A,-9999
3140,603.107318,603.1074169103437,603.107889700159,2528506.5,-9999,220932,13.78,-1,-0.7839224514391115,0.4472428058936491,0.7550179348240812,0.570352857465822,20,0.8,0.3333333333333333,N2 S1 O10,de-protonated,0,-9999,C30 H24 O10 N2 S1,30,24,10,2,-9999,1,-9999,N/A,-9999,-9999,N/A,-9999
3140,603.107318,603.1074169103437,603.107509577639,2528506.5,-9999,220932,13.78,-1,-0.1536497123260623,0.4978627394101137,0.7428850341668535,0.5958716573128096,25,0.65625,0.21875,N4 P1 O7,de-protonated,0,-9999,C32 H21 O7 N4 P1,32,21,7,4,1,-9999,-9999,N/A,-9999,-9999,N/A,-9999
3140,603.107318,603.1074169103437,603.1072382514791,2528506.5,-9999,220932,13.78,-1,0.2962306754732217,0.9842034980345388,0,0.5905220988207233,11,1.2727272727272727,0.5454545454545454,N4 S2 O12,de-protonated,0,-9999,C22 H28 O12 N4 S2,22,28,12,4,-9999,2,-9999,N/A,-9999,-9999,N/A,-9999
3141,603.141094,603.1411929371183,603.1414169704391,2995481.3,-9999,330905.1,16.62,-1,-0.3714441000330062,0.9752761612388742,0,0.5851656967433245,6,1.5238095238095235,0.9523809523809524,O20,de-protonated,0,-9999,C21 H32 O20,21,32,20,-9999,-9999,-9999,-9999,N/A,-9999,-9999,N/A,-9999
3141,603.141094,603.1411929371183,603.1417732860591,2995481.3,-9999,330905.1,16.62,-1,-0.9622098261934332,0.42267951347690225,0.7253996187124169,0.5437675555711081,23,0.8,0.11428571428571428,N2 S2 O4,de-protonated,0,-9999,C35 H28 O4 N2 S2,35,28,4,2,-9999,2,-9999,N/A,-9999,-9999,N/A,-9999
3141,603.141094,603.1411929371183,603.140903906189,2995481.3,-9999,330905.1,16.62,-1,0.4792096297574792,0.4795939857438256,0.7311359101322861,0.5802107554992098,24,0.7058823529411765,0.2647058823529412,N2 O9,de-protonated,0,-9999,C34 H24 O9 N2,34,24,9,2,-9999,-9999,-9999,N/A,-9999,-9999,N/A,-9999
3141,603.141094,603.1411929371183,603.1413931635389,2995481.3,-9999,330905.1,16.62,-1,-0.33197260685138896,0.49010095410304705,0.7141928963326544,0.5797377309948899,28,0.6756756756756757,0.02702702702702703,N4 S1 P1 O1,de-protonated,0,-9999,C37 H25 O1 N4 P1 S1,37,25,1,4,1,1,-9999,N/A,-9999,-9999,N/A,-9999
3141,603.141094,603.1411929371183,603.141254779109,2995481.3,-9999,330905.1,16.62,-1,-0.1025331797885015,0.998094238625437,0,0.5988565431752622,1,2.3125,0.875,N4 S2 P1 O14,de-protonated,0,-9999,C16 H37 O14 N4 P1 S2,16,37,14,4,1,2,-9999,N/A,-9999,-9999,N/A,-9999
3142,603.143255,603.1433539388313,603.143427056339,3293467.3,-9999,221564.2,18.43,-1,-0.12122739698065273,0.4986684837231494,0.7369636471990461,0.5939865491135081,18,1,0.15151515151515152,S2 P1 O5,de-protonated,0,-9999,C33 H33 O5 P1 S2,33,33,5,-9999,1,2,-9999,N/A,-9999,-9999,N/A,-9999
3142,603.143255,603.1433539388313,603.1438950869891,3293467.3,-9999,221564.2,18.43,-1,-0.8972123604833766,0.4320510345654613,0.7369636471990461,0.5540160796188952,24,0.7575757575757576,0.18181818181818185,N4 P1 O6,de-protonated,0,-9999,C33 H25 O6 N4 P1,33,25,6,4,1,-9999,-9999,N/A,-9999,-9999,N/A,-9999
3142,603.143255,603.1433539388313,603.143623760829,3293467.3,-9999,221564.2,18.43,-1,-0.44735944648474024,0.4821690056680219,0.8007932653391621,0.609618709536478,10,1.391304347826087,0.4782608695652174,N4 S2 O11,de-protonated,0,-9999,C23 H32 O11 N4 S2,23,32,11,4,-9999,2,-9999,N/A,-9999,-9999,N/A,-9999
3142,603.143255,603.1433539388313,603.142754380959,3293467.3,-9999,221564.2,18.43,-1,0.994056329038196,0.41792832419672943,0.8077896627745539,0.5738728596278593,11,1.2727272727272727,0.7272727272727273,N4 O16,de-protonated,0,-9999,C22 H28 O16 N4,22,28,16,4,-9999,-9999,-9999,N/A,-9999,-9999,N/A,-9999
3143,603.177626,603.1777249660776,603.177802479789,2746170.5,-9999,313627.9,15.1,-1,-0.12850889254316675,0.9970079443824368,0,0.5982047666294621,5,1.6363636363636365,0.8636363636363636,O19,de-protonated,0,-9999,C22 H36 O19,22,36,19,-9999,-9999,-9999,-9999,N/A,-9999,-9999,N/A,-9999
3143,603.177626,603.1777249660776,603.178158795409,2746170.5,-9999,313627.9,15.1,-1,-0.7192391254584695,0.45520314886960733,0.719752637322661,0.5610229442508288,22,0.8888888888888888,0.08333333333333333,N2 S2 O3,de-protonated,0,-9999,C36 H32 O3 N2 S2,36,32,3,2,-9999,2,-9999,N/A,-9999,-9999,N/A,-9999
3143,603.177626,603.1777249660776,603.177289415539,2746170.5,-9999,313627.9,15.1,-1,0.7220937296507686,0.45486343977916666,0.7253996187124169,0.5630779113524668,23,0.8,0.22857142857142856,N2 O8,de-protonated,0,-9999,C35 H28 O8 N2,35,28,8,2,-9999,-9999,-9999,N/A,-9999,-9999,N/A,-9999
3143,603.177626,603.1777249660776,603.178291737139,2746170.5,-9999,313627.9,15.1,-1,-0.9396410136700044,0.4259842929149884,0.7871578612348809,0.5704537202429454,9,1.48,0.44,N2 S1 P1 O11,de-protonated,0,-9999,C25 H37 O11 N2 P1 S1,25,37,11,2,1,1,-9999,N/A,-9999,-9999,N/A,-9999
3143,603.177626,603.1777249660776,603.1776402884591,2746170.5,-9999,313627.9,15.1,-1,0.14038587112400291,0.996430360669842,0,0.5978582164019052,0,2.411764705882353,0.7647058823529411,N4 S2 P1 O13,de-protonated,0,-9999,C17 H41 O13 N4 P1 S2,17,41,13,4,1,2,-9999,N/A,-9999,-9999,N/A,-9999
3144,603.179362,603.1794609674536,603.179812565689,3240252.3,-9999,170862.1,18.11,-1,-0.5829078295937526,0.47010458195779126,0.7311359101322861,0.5745171132275891,17,1.088235294117647,0.1176470588235294,S2 P1 O4,de-protonated,0,-9999,C34 H37 O4 P1 S2,34,37,4,-9999,1,2,-9999,N/A,-9999,-9999,N/A,-9999
3144,603.179362,603.1794609674536,603.178943185819,3240252.3,-9999,170862.1,18.11,-1,0.8584212702289644,0.4374230944833022,0.7369636471990461,0.5572393155695997,18,1,0.2727272727272727,P1 O9,de-protonated,0,-9999,C33 H33 O9 P1,33,33,9,-9999,1,-9999,-9999,N/A,-9999,-9999,N/A,-9999
3144,603.179362,603.1794609674536,603.1800092701791,3240252.3,-9999,170862.1,18.11,-1,-0.9090200555269656,0.430382298759339,0.7939170211058493,0.5757961876979432,9,1.5,0.4166666666666667,N4 S2 O10,de-protonated,0,-9999,C24 H36 O10 N4 S2,24,36,10,4,-9999,2,-9999,N/A,-9999,-9999,N/A,-9999
3144,603.179362,603.1794609674536,603.1791398903091,3240252.3,-9999,170862.1,18.11,-1,0.5323081042245972,0.4749427474896217,0.8007932653391622,0.6052829546294378,10,1.391304347826087,0.6521739130434783,N4 O15,de-protonated,0,-9999,C23 H32 O15 N4,23,32,15,4,-9999,-9999,-9999,N/A,-9999,-9999,N/A,-9999
3145,603.216001,603.2160999964977,603.216198075039,2976349.8,-9999,192099.8,16.5,-1,-0.16259268488958528,0.4976073199296483,0.725399618712417,0.5887242394427558,16,1.1714285714285717,0.08571428571428572,S2 P1 O3,de-protonated,0,-9999,C35 H41 O3 P1 S2,35,41,3,-9999,1,2,-9999,N/A,-9999,-9999,N/A,-9999
3145,603.216001,603.2160999964977,603.216666105689,2976349.8,-9999,192099.8,16.5,-1,-0.93848400262061,0.4261522874058424,0.725399618712417,0.5458512199284722,22,0.9428571428571428,0.11428571428571428,N4 P1 O4,de-protonated,0,-9999,C35 H33 O4 N4 P1,35,33,4,4,1,-9999,-9999,N/A,-9999,-9999,N/A,-9999
3145,603.216001,603.2160999964977,603.2163947795291,2976349.8,-9999,192099.8,16.5,-1,-0.4886853770672976,0.47879652748750634,0.7871578612348809,0.6021410609864561,8,1.6,0.36,N4 S2 O9,de-protonated,0,-9999,C25 H40 O9 N4 S2,25,40,9,4,-9999,2,-9999,N/A,-9999,-9999,N/A,-9999
3145,603.216001,603.2160999964977,603.2155253996591,2976349.8,-9999,192099.8,16.5,-1,0.9525564486518472,0.4240995142473013,0.7939170211058494,0.5720265169907205,9,1.5,0.5833333333333334,N4 O14,de-protonated,0,-9999,C24 H36 O14 N4,24,36,14,4,-9999,-9999,-9999,N/A,-9999,-9999,N/A,-9999
3146,603.330801,603.3309000875006,603.331227829859,2766278.3,-9999,224336,15.22,-1,-0.5432212743257511,0.4739323182499369,0.7489023467070351,0.5839203296327762,4,1.8387096774193548,0.16129032258064516,S2 P1 O5,de-protonated,0,-9999,C31 H57 O5 P1 S2,31,57,5,-9999,1,2,-9999,N/A,-9999,-9999,N/A,-9999
3146,603.330801,603.3309000875006,603.330358449989,2766278.3,-9999,224336,15.22,-1,0.8977461584257548,0.43197592721561434,0.7550179348240812,0.5611927302590011,5,1.7666666666666666,0.3333333333333333,P1 O10,de-protonated,0,-9999,C30 H53 O10 P1,30,53,10,-9999,1,-9999,-9999,N/A,-9999,-9999,N/A,-9999
3147,603.37667,603.3767691238613,603.3771929582191,2327792.3,-9999,161982.5,12.56,-1,-0.7024368218119328,0.4571804374638352,0.7369636471990461,0.5690937213579196,8,1.696969696969697,0.06060606060606061,N4 S2 O2,de-protonated,0,-9999,C33 H56 O2 N4 S2,33,56,2,4,-9999,2,-9999,N/A,-9999,-9999,N/A,-9999
3147,603.37667,603.3767691238613,603.376323578349,2327792.3,-9999,161982.5,12.56,-1,0.7384206090128809,0.45289960628412346,0.7428850341668536,0.5688937774372155,9,1.625,0.21875,N4 O7,de-protonated,0,-9999,C32 H52 O7 N4,32,52,7,4,-9999,-9999,-9999,N/A,-9999,-9999,N/A,-9999
3151,605.084358,605.0844584775602,605.084923657979,2424848,-9999,292077.2,13.14,-1,-0.7687853398963952,0.4491542267832499,0.6825582999861977,0.542515856064429,38,0.3488372093023256,0.02325581395348837,N2 P1 O1,de-protonated,0,-9999,C43 H15 O1 N2 P1,43,15,1,2,1,-9999,-9999,N/A,-9999,-9999,N/A,-9999
3151,605.084358,605.0844584775602,605.084652331819,2424848,-9999,292077.2,13.14,-1,-0.320375435131612,0.49077419260659566,0.7369636471990461,0.5892499744435757,24,0.6666666666666666,0.18181818181818185,N2 S2 O6,de-protonated,0,-9999,C33 H22 O6 N2 S2,33,22,6,2,-9999,2,-9999,N/A,-9999,-9999,N/A,-9999
3151,605.084358,605.0844584775602,605.0847852735491,2424848,-9999,292077.2,13.14,-1,-0.540082971477286,0.948449533515442,0,0.5690697201092652,11,1.2272727272727273,0.6363636363636364,N2 S1 P1 O14,de-protonated,0,-9999,C22 H27 O14 N2 P1 S1,22,27,14,2,1,1,-9999,N/A,-9999,-9999,N/A,-9999
3151,605.084358,605.0844584775602,605.0842722092989,2424848,-9999,292077.2,13.14,-1,0.30783854400815713,0.4914760410643192,0.7253996187124169,0.5850454721235583,29,0.5428571428571428,0.08571428571428572,N4 S1 P1 O3,de-protonated,0,-9999,C35 H19 O3 N4 P1 S1,35,19,3,4,1,1,-9999,N/A,-9999,-9999,N/A,-9999
3152,605.086083,605.0861834789278,605.086306102099,2427921.5,-9999,248269.8,13.16,-1,-0.20265401813619785,0.4962879217157864,0.7489023467070351,0.5973336917122859,19,0.8709677419354839,0.2258064516129032,S2 P1 O7,de-protonated,0,-9999,C31 H27 O7 P1 S2,31,27,7,-9999,1,2,-9999,N/A,-9999,-9999,N/A,-9999
3152,605.086083,605.0861834789278,605.086774132749,2427921.5,-9999,248269.8,13.16,-1,-0.9761473007532894,0.42061261619966134,0.7489023467070351,0.5519285084026109,25,0.6129032258064516,0.25806451612903225,N4 P1 O8,de-protonated,0,-9999,C31 H19 O8 N4 P1,31,19,8,4,1,-9999,-9999,N/A,-9999,-9999,N/A,-9999
3152,605.086083,605.0861834789278,605.086502806589,2427921.5,-9999,248269.8,13.16,-1,-0.5277388601101632,0.9507206852173296,0,0.5704324111303977,11,1.238095238095238,0.6190476190476191,N4 S2 O13,de-protonated,0,-9999,C21 H26 O13 N4 S2,21,26,13,4,-9999,2,-9999,N/A,-9999,-9999,N/A,-9999
3152,605.086083,605.0861834789278,605.085633426719,2427921.5,-9999,248269.8,13.16,-1,0.9090485351769452,0.8607565106368656,0,0.5164539063821194,12,1.1,0.9,N4 O18,de-protonated,0,-9999,C20 H22 O18 N4,20,22,18,4,-9999,-9999,-9999,N/A,-9999,-9999,N/A,-9999
3153,605.121707,605.1218075071672,605.121689289849,3462194.5,-9999,237253.8,19.45,-1,0.1953612311768377,0.49654937562808815,0.6876346701883606,0.5729834934521971,32,0.5238095238095238,0.07142857142857142,S1 O3,de-protonated,0,-9999,C42 H22 O3 S1,42,22,3,-9999,-9999,1,-9999,N/A,-9999,-9999,N/A,-9999
3153,605.121707,605.1218075071672,605.121822231579,3462194.5,-9999,237253.8,19.45,-1,-0.02433297110025475,0.4999462855931516,0.7489023467070351,0.599528710038705,19,0.8709677419354839,0.3548387096774194,P1 O11,de-protonated,0,-9999,C31 H27 O11 P1,31,27,11,-9999,1,-9999,-9999,N/A,-9999,-9999,N/A,-9999
3153,605.121707,605.1218075071672,605.121550905419,3462194.5,-9999,237253.8,19.45,-1,0.4240499249044534,0.4839493715792508,0.8149093904448101,0.6163333791254746,5,1.619047619047619,0.7619047619047619,S2 O16,de-protonated,0,-9999,C21 H34 O16 S2,21,34,16,-9999,-9999,2,-9999,N/A,-9999,-9999,N/A,-9999
3153,605.121707,605.1218075071672,605.122018936069,3462194.5,-9999,237253.8,19.45,-1,-0.3493987909953193,0.4890461839755196,0.8149093904448101,0.6193914665632358,11,1.238095238095238,0.8095238095238095,N4 O17,de-protonated,0,-9999,C21 H26 O17 N4,21,26,17,4,-9999,-9999,-9999,N/A,-9999,-9999,N/A,-9999
3154,605.123576,605.1236765086487,605.124191213299,2639924,-9999,264482.2,14.45,-1,-0.8505768861558597,0.4384884248334482,0.7087183895694521,0.5465804107278497,28,0.5789473684210527,0.21052631578947367,O8,de-protonated,0,-9999,C38 H22 O8,38,22,8,-9999,-9999,-9999,-9999,N/A,-9999,-9999,N/A,-9999
3154,605.123576,605.1236765086487,605.1235397646191,2639924,-9999,264482.2,14.45,-1,0.22597704544669103,0.4953885022870873,0.7550179348240813,0.5992402753018848,19,0.8666666666666667,0.3333333333333333,N2 S1 O10,de-protonated,0,-9999,C30 H26 O10 N2 S1,30,26,10,2,-9999,1,-9999,N/A,-9999,-9999,N/A,-9999
3154,605.123576,605.1236765086487,605.1236727063491,2639924,-9999,264482.2,14.45,-1,0.00628350827076265,0.9999928359822248,0,0.5999957015893349,6,1.631578947368421,0.9473684210526316,N2 P1 O18,de-protonated,0,-9999,C19 H31 O18 N2 P1,19,31,18,2,1,-9999,-9999,N/A,-9999,-9999,N/A,-9999
3154,605.123576,605.1236765086487,605.124029021969,2639924,-9999,264482.2,14.45,-1,-0.5825472190852161,0.4701404327517165,0.7369636471990462,0.5768697185306484,23,0.8181818181818182,0.06060606060606061,N4 S2 P1 O2,de-protonated,0,-9999,C33 H27 O2 N4 P1 S2,33,27,2,4,1,2,-9999,N/A,-9999,-9999,N/A,-9999
3154,605.123576,605.1236765086487,605.123159642099,2639924,-9999,264482.2,14.45,-1,0.8541509962693862,0.43800392357389895,0.7428850341668536,0.5599563678110808,24,0.71875,0.21875,N4 P1 O7,de-protonated,0,-9999,C32 H23 O7 N4 P1,32,23,7,4,1,-9999,-9999,N/A,-9999,-9999,N/A,-9999
3155,605.157768,605.1578685357531,605.158074799199,3732307.8,-9999,212207.4,21.09,-1,-0.34084226000571327,0.4895705504791403,0.6825582999861977,0.5667656502819632,31,0.6046511627906976,0.04651162790697674,S1 O2,de-protonated,0,-9999,C43 H26 O2 S1,43,26,2,-9999,-9999,1,-9999,N/A,-9999,-9999,N/A,-9999
3155,605.157768,605.1578685357531,605.158207740929,3732307.8,-9999,212207.4,21.09,-1,-0.5605231352401123,0.47229293962559704,0.7428850341668535,0.5805297774420997,18,0.96875,0.3125,P1 O10,de-protonated,0,-9999,C32 H31 O10 P1,32,31,10,-9999,1,-9999,-9999,N/A,-9999,-9999,N/A,-9999
3155,605.157768,605.1578685357531,605.157936414769,3732307.8,-9999,212207.4,21.09,-1,-0.11216743894887188,0.4988598504797496,0.8077896627745539,0.6224317753976714,4,1.7272727272727273,0.6818181818181818,S2 O15,de-protonated,0,-9999,C22 H38 O15 S2,22,38,15,-9999,-9999,2,-9999,N/A,-9999,-9999,N/A,-9999
3155,605.157768,605.1578685357531,605.157423350519,3732307.8,-9999,212207.4,21.09,-1,0.7356519426068701,0.4532351167531634,0.7253996187124169,0.5621009175368648,22,0.8571428571428571,0.11428571428571428,N2 S2 O4,de-protonated,0,-9999,C35 H30 O4 N2 S2,35,30,4,2,-9999,2,-9999,N/A,-9999,-9999,N/A,-9999
3155,605.157768,605.1578685357531,605.1575562922491,3732307.8,-9999,212207.4,21.09,-1,0.51597059440173,0.47642094572382904,0.7939170211058493,0.6034193758766372,9,1.4583333333333333,0.5,N2 S1 P1 O12,de-protonated,0,-9999,C24 H35 O12 N2 P1 S1,24,35,12,2,1,1,-9999,N/A,-9999,-9999,N/A,-9999
3155,605.157768,605.1578685357531,605.158404445419,3732307.8,-9999,212207.4,21.09,-1,-0.885569236072607,0.43368136136941093,0.8077896627745539,0.5833246819314681,10,1.3636363636363635,0.7272727272727273,N4 O16,de-protonated,0,-9999,C22 H30 O16 N4,22,30,16,4,-9999,-9999,-9999,N/A,-9999,-9999,N/A,-9999
3156,605.193654,605.1937545642002,605.1943219241191,3901045,-9999,223489.1,22.12,-1,-0.9374838764652764,0.426297389193111,0.8007932653391621,0.5760957396515314,3,1.826086956521739,0.6086956521739131,S2 O14,de-protonated,0,-9999,C23 H42 O14 S2,23,42,14,-9999,-9999,2,-9999,N/A,-9999,-9999,N/A,-9999
3156,605.193654,605.1937545642002,605.193452544249,3901045,-9999,223489.1,22.12,-1,0.49904695745493755,0.47790821267212913,0.8077896627745538,0.609860792713099,4,1.7272727272727273,0.8636363636363636,O19,de-protonated,0,-9999,C22 H38 O19,22,38,19,-9999,-9999,-9999,-9999,N/A,-9999,-9999,N/A,-9999
3156,605.193654,605.1937545642002,605.193808859869,3901045,-9999,223489.1,22.12,-1,-0.08971616706190816,0.49927029360187847,0.719752637322661,0.5874632310901915,21,0.9444444444444444,0.08333333333333333,N2 S2 O3,de-protonated,0,-9999,C36 H34 O3 N2 S2,36,34,3,2,-9999,2,-9999,N/A,-9999,-9999,N/A,-9999
3156,605.193654,605.1937545642002,605.1939418015991,3901045,-9999,223489.1,22.12,-1,-0.30938412626386447,0.4913909757355377,0.7871578612348809,0.609697729935275,8,1.56,0.44,N2 S1 P1 O11,de-protonated,0,-9999,C25 H39 O11 N2 P1 S1,25,39,11,2,1,1,-9999,N/A,-9999,-9999,N/A,-9999
3157,605.195358,605.195458565551,605.195462630149,3526774.5,-9999,253864.8,19.84,-1,-0.00671617392882992,0.499995907714504,0.7311359101322861,0.5924519086816168,16,1.1470588235294117,0.1176470588235294,S2 P1 O4,de-protonated,0,-9999,C34 H39 O4 P1 S2,34,39,4,-9999,1,2,-9999,N/A,-9999,-9999,N/A,-9999
3157,605.195358,605.195458565551,605.195930660799,3526774.5,-9999,253864.8,19.84,-1,-0.780070096494059,0.4477320161814172,0.7311359101322861,0.5610935737617647,22,0.9117647058823528,0.14705882352941177,N4 P1 O5,de-protonated,0,-9999,C34 H31 O5 N4 P1,34,31,5,4,1,-9999,-9999,N/A,-9999,-9999,N/A,-9999
3157,605.195358,605.195458565551,605.195659334639,3526774.5,-9999,253864.8,19.84,-1,-0.33174244543839915,0.49011453910100106,0.7939170211058493,0.6116355319029404,8,1.5833333333333333,0.4166666666666667,N4 S2 O10,de-protonated,0,-9999,C24 H38 O10 N4 S2,24,38,10,4,-9999,2,-9999,N/A,-9999,-9999,N/A,-9999
3158,605.230208,605.2303085931768,605.230707433469,3162262.8,-9999,251402.1,17.62,-1,-0.658988857107157,0.4621137376974598,0.7939170211058494,0.5948350510608156,2,1.9166666666666667,0.5416666666666666,S2 O13,de-protonated,0,-9999,C24 H46 O13 S2,24,46,13,-9999,-9999,2,-9999,N/A,-9999,-9999,N/A,-9999
3158,605.230208,605.2303085931768,605.2298380535991,3162262.8,-9999,251402.1,17.62,-1,0.7774560144030304,0.44806290871550064,0.8007932653391622,0.5891550513649653,3,1.826086956521739,0.782608695652174,O18,de-protonated,0,-9999,C23 H42 O18,23,42,18,-9999,-9999,-9999,-9999,N/A,-9999,-9999,N/A,-9999
3158,605.230208,605.2303085931768,605.230194369219,3162262.8,-9999,251402.1,17.62,-1,0.18872812170138753,0.4967789725642131,0.7141928963326545,0.5837445420715897,20,1.027027027027027,0.05405405405405406,N2 S2 O2,de-protonated,0,-9999,C37 H38 O2 N2 S2,37,38,2,2,-9999,2,-9999,N/A,-9999,-9999,N/A,-9999
3158,605.230208,605.2303085931768,605.2303273109491,3162262.8,-9999,251402.1,17.62,-1,-0.0309266925648989,0.4999132332956802,0.7805128205128199,0.612153068182536,7,1.6538461538461535,0.38461538461538464,N2 S1 P1 O10,de-protonated,0,-9999,C26 H43 O10 N2 P1 S1,26,43,10,2,1,1,-9999,N/A,-9999,-9999,N/A,-9999
3159,605.231764,605.2318645944102,605.231848139499,2757016.3,-9999,194694.5,15.16,-1,0.02718778150471301,0.4999329432886336,0.7253996187124169,0.590119613458147,15,1.2285714285714286,0.08571428571428572,S2 P1 O3,de-protonated,0,-9999,C35 H43 O3 P1 S2,35,43,3,-9999,1,2,-9999,N/A,-9999,-9999,N/A,-9999
3159,605.231764,605.2318645944102,605.232316170149,2757016.3,-9999,194694.5,15.16,-1,-0.7461196745921226,0.4519613196768536,0.7253996187124169,0.5613366392910789,21,1,0.11428571428571428,N4 P1 O4,de-protonated,0,-9999,C35 H35 O4 N4 P1,35,35,4,4,1,-9999,-9999,N/A,-9999,-9999,N/A,-9999
3159,605.231764,605.2318645944102,605.2320448439891,2757016.3,-9999,194694.5,15.16,-1,-0.2978189611914125,0.4920175081310512,0.7871578612348809,0.6100736493725831,7,1.68,0.36,N4 S2 O9,de-protonated,0,-9999,C25 H42 O9 N4 S2,25,42,9,4,-9999,2,-9999,N/A,-9999,-9999,N/A,-9999
3162,607.100821,607.1009230760278,607.100953844959,3337570.3,-9999,204802.5,18.68,-1,-0.05068173752951706,0.49976701625585135,0.6927871148459346,0.5769750556918847,32,0.4878048780487805,0.0975609756097561,S1 O4,de-protonated,0,-9999,C41 H20 O4 S1,41,20,4,-9999,-9999,1,-9999,N/A,-9999,-9999,N/A,-9999
3162,607.100821,607.1009230760278,607.101086786689,3337570.3,-9999,204802.5,18.68,-1,-0.2696596412092708,0.4934461909193318,0.7550179348240813,0.5980748884812316,19,0.8333333333333334,0.4,P1 O12,de-protonated,0,-9999,C30 H25 O12 P1,30,25,12,-9999,1,-9999,-9999,N/A,-9999,-9999,N/A,-9999
3162,607.100821,607.1009230760278,607.100815460529,3337570.3,-9999,204802.5,18.68,-1,0.1772613313156447,0.9943148178247756,0,0.5965888906948654,5,1.6,0.85,S2 O17,de-protonated,0,-9999,C20 H32 O17 S2,20,32,17,-9999,-9999,2,-9999,N/A,-9999,-9999,N/A,-9999
3162,607.100821,607.1009230760278,607.100573722439,3337570.3,-9999,204802.5,18.68,-1,0.5754459869622155,0.4708424458151322,0.6825582999861977,0.5555287874835584,37,0.3953488372093023,0.02325581395348837,N2 P1 O1,de-protonated,0,-9999,C43 H17 O1 N2 P1,43,17,1,2,1,-9999,-9999,N/A,-9999,-9999,N/A,-9999
3162,607.100821,607.1009230760278,607.1004353380091,3337570.3,-9999,204802.5,18.68,-1,0.8033893410632015,0.4447422355544899,0.8077896627745538,0.5899612064425155,10,1.318181818181818,0.6363636363636364,N2 S1 P1 O14,de-protonated,0,-9999,C22 H29 O14 N2 P1 S1,22,29,14,2,1,1,-9999,N/A,-9999,-9999,N/A,-9999
3162,607.100821,607.1009230760278,607.1012834911791,3337570.3,-9999,204802.5,18.68,-1,-0.593665605805474,0.9380523074930208,0,0.5628313844958125,11,1.2,0.9,N4 O18,de-protonated,0,-9999,C20 H24 O18 N4,20,24,18,4,-9999,-9999,-9999,N/A,-9999,-9999,N/A,-9999
3163,607.13648,607.136582104295,607.1366879056291,3612547.8,-9999,268886.6,20.35,-1,-0.1742627914560578,0.49725250315751823,0.7311359101322861,0.5908058659474253,22,0.8235294117647058,0.14705882352941177,N2 S2 O5,de-protonated,0,-9999,C34 H28 O5 N2 S2,34,28,5,2,-9999,2,-9999,N/A,-9999,-9999,N/A,-9999
3163,607.13648,607.136582104295,607.136820847359,3612547.8,-9999,268886.6,20.35,-1,-0.3932277795751139,0.4861664404031612,0.8007932653391621,0.6120171703775615,9,1.434782608695652,0.5652173913043478,N2 S1 P1 O13,de-protonated,0,-9999,C23 H33 O13 N2 P1 S1,23,33,13,2,1,1,-9999,N/A,-9999,-9999,N/A,-9999
3163,607.13648,607.136582104295,607.1363077831089,3612547.8,-9999,268886.6,20.35,-1,0.45182800401650475,0.4818175970545744,0.719752637322661,0.5769916131618091,27,0.6944444444444444,0.05555555555555555,N4 S1 P1 O2,de-protonated,0,-9999,C36 H25 O2 N4 P1 S1,36,25,2,4,1,1,-9999,N/A,-9999,-9999,N/A,-9999
3164,607.138413,607.1385151058273,607.1383416759089,3649413.5,-9999,230594.9,20.58,-1,0.2856514018076018,0.4926517229940112,0.7428850341668536,0.5927450474631482,17,1.03125,0.1875,S2 P1 O6,de-protonated,0,-9999,C32 H33 O6 P1 S2,32,33,6,-9999,1,2,-9999,N/A,-9999,-9999,N/A,-9999
3164,607.138413,607.1385151058273,607.1388097065591,3649413.5,-9999,230594.9,20.58,-1,-0.4852279693759407,0.47908915045497186,0.7428850341668536,0.5846075039397245,23,0.78125,0.21875,N4 P1 O7,de-protonated,0,-9999,C32 H25 O7 N4 P1,32,25,7,4,1,-9999,-9999,N/A,-9999,-9999,N/A,-9999
3164,607.138413,607.1385151058273,607.138538380399,3649413.5,-9999,230594.9,20.58,-1,-0.03833486141947546,0.4998666927630872,0.8077896627745539,0.6230358807676739,9,1.4545454545454546,0.5454545454545454,N4 S2 O12,de-protonated,0,-9999,C22 H32 O12 N4 S2,22,32,12,4,-9999,2,-9999,N/A,-9999,-9999,N/A,-9999
3165,607.173776,607.1738781338598,607.173724863659,3877798.8,-9999,131198.7,21.96,-1,0.2524322027614823,0.49425215498378994,0.6825582999861977,0.569574612984753,30,0.6511627906976745,0.04651162790697674,S1 O2,de-protonated,0,-9999,C43 H28 O2 S1,43,28,2,-9999,-9999,1,-9999,N/A,-9999,-9999,N/A,-9999
3165,607.173776,607.1738781338598,607.173857805389,3877798.8,-9999,131198.7,21.96,-1,0.03348047766044644,0.4998983135799926,0.7428850341668535,0.5970930018147369,17,1.03125,0.3125,P1 O10,de-protonated,0,-9999,C32 H33 O10 P1,32,33,10,-9999,1,-9999,-9999,N/A,-9999,-9999,N/A,-9999
3165,607.173776,607.1738781338598,607.173586479229,3877798.8,-9999,131198.7,21.96,-1,0.4803480212396254,0.4794989368148498,0.8077896627745539,0.6108152271987315,3,1.818181818181818,0.6818181818181818,S2 O15,de-protonated,0,-9999,C22 H40 O15 S2,22,40,15,-9999,-9999,2,-9999,N/A,-9999,-9999,N/A,-9999
3165,607.173776,607.1738781338598,607.174054509879,3877798.8,-9999,131198.7,21.96,-1,-0.29048675238359445,0.49240275777571824,0.8077896627745539,0.6185575197752525,9,1.4545454545454546,0.7272727272727273,N4 O16,de-protonated,0,-9999,C22 H32 O16 N4,22,32,16,4,-9999,-9999,-9999,N/A,-9999,-9999,N/A,-9999
3166,607.210945,607.2110471633241,607.211112694609,3981769.5,-9999,209743,22.6,-1,-0.10792174837971946,0.4989444399381784,0.7311359101322861,0.5918210280158214,15,1.2058823529411764,0.1176470588235294,S2 P1 O4,de-protonated,0,-9999,C34 H41 O4 P1 S2,34,41,4,-9999,1,2,-9999,N/A,-9999,-9999,N/A,-9999
3166,607.210945,607.2110471633241,607.211580725259,3981769.5,-9999,209743,22.6,-1,-0.8787084301110292,0.43463491181062064,0.7311359101322861,0.5532353111392868,21,0.9705882352941176,0.14705882352941177,N4 P1 O5,de-protonated,0,-9999,C34 H33 O5 N4 P1,34,33,5,4,1,-9999,-9999,N/A,-9999,-9999,N/A,-9999
3166,607.210945,607.2110471633241,607.211309399099,3981769.5,-9999,209743,22.6,-1,-0.43186905590662056,0.4833620428586457,0.7939170211058493,0.6075840341575272,7,1.6666666666666667,0.4166666666666667,N4 S2 O10,de-protonated,0,-9999,C24 H40 O10 N4 S2,24,40,10,4,-9999,2,-9999,N/A,-9999,-9999,N/A,-9999
3166,607.210945,607.2110471633241,607.210440019229,3981769.5,-9999,209743,22.6,-1,0.9998907381057688,0.4170470565178802,0.8007932653391622,0.570545540046393,8,1.565217391304348,0.6521739130434783,N4 O15,de-protonated,0,-9999,C23 H36 O15 N4,23,36,15,4,-9999,-9999,-9999,N/A,-9999,-9999,N/A,-9999
3167,607.245514,607.2456161907271,607.245488118059,2396137.8,-9999,259793.8,12.95,-1,0.21090756635021635,0.9919612839405496,0,0.5951767703643298,2,1.9130434782608696,0.782608695652174,O18,de-protonated,0,-9999,C23 H44 O18,23,44,18,-9999,-9999,-9999,-9999,N/A,-9999,-9999,N/A,-9999
3167,607.245514,607.2456161907271,607.245844433679,2396137.8,-9999,259793.8,12.95,-1,-0.3758658112532541,0.48734579168820935,0.7141928963326545,0.5780846335459874,19,1.0810810810810811,0.05405405405405406,N2 S2 O2,de-protonated,0,-9999,C37 H40 O2 N2 S2,37,40,2,2,-9999,2,-9999,N/A,-9999,-9999,N/A,-9999
3167,607.245514,607.2456161907271,607.2459773754091,2396137.8,-9999,259793.8,12.95,-1,-0.5947913950015501,0.9378246045108692,0,0.5626947627065215,6,1.7307692307692308,0.38461538461538464,N2 S1 P1 O10,de-protonated,0,-9999,C26 H45 O10 N2 P1 S1,26,45,10,2,1,1,-9999,N/A,-9999,-9999,N/A,-9999
3168,609.115533,609.1156366731072,609.1162237868989,2647436.5,-9999,241134.6,14.47,-1,-0.9638781052370816,0.4224331460815642,0.6825582999861977,0.5264832076434176,36,0.4418604651162791,0.02325581395348837,N2 P1 O1,de-protonated,0,-9999,C43 H19 O1 N2 P1,43,19,1,2,1,-9999,-9999,N/A,-9999,-9999,N/A,-9999
3168,609.115533,609.1156366731072,609.1159524607391,2647436.5,-9999,241134.6,14.47,-1,-0.518435990015557,0.47620054039376264,0.7369636471990462,0.5805057831158761,22,0.7878787878787878,0.18181818181818185,N2 S2 O6,de-protonated,0,-9999,C33 H26 O6 N2 S2,33,26,6,2,-9999,2,-9999,N/A,-9999,-9999,N/A,-9999
3168,609.115533,609.1156366731072,609.1150830808691,2647436.5,-9999,241134.6,14.47,-1,0.9088467081361332,0.43040690810146454,0.7428850341668536,0.5553981585276202,23,0.6875,0.34375,N2 O11,de-protonated,0,-9999,C32 H22 O11 N2,32,22,11,2,-9999,-9999,-9999,N/A,-9999,-9999,N/A,-9999
3168,609.115533,609.1156366731072,609.116085402469,2647436.5,-9999,241134.6,14.47,-1,-0.7366893971976425,0.9062190305215329,0,0.5437314183129197,9,1.4090909090909092,0.6363636363636364,N2 S1 P1 O14,de-protonated,0,-9999,C22 H31 O14 N2 P1 S1,22,31,14,2,1,1,-9999,N/A,-9999,-9999,N/A,-9999
3168,609.115533,609.1156366731072,609.115572338219,2647436.5,-9999,241134.6,14.47,-1,0.10562016670530586,0.4989889373657656,0.7253996187124169,0.5895532099044261,27,0.6571428571428571,0.08571428571428572,N4 S1 P1 O3,de-protonated,0,-9999,C35 H23 O3 N4 P1 S1,35,23,3,4,1,1,-9999,N/A,-9999,-9999,N/A,-9999
3169,609.117059,609.117162674317,609.116603909419,2757325.8,-9999,205129,15.14,-1,0.9173365072855758,0.4291978028822919,0.6927871148459346,0.534633527667749,31,0.5365853658536586,0.0975609756097561,S1 O4,de-protonated,0,-9999,C41 H22 O4 S1,41,22,4,-9999,-9999,1,-9999,N/A,-9999,-9999,N/A,-9999
3169,609.117059,609.117162674317,609.117606231019,2757325.8,-9999,205129,15.14,-1,-0.7281955034878812,0.4541336513690668,0.748902346707035,0.5720411295042541,17,1,0.2258064516129032,S2 P1 O7,de-protonated,0,-9999,C31 H31 O7 P1 S2,31,31,7,-9999,1,2,-9999,N/A,-9999,-9999,N/A,-9999
3169,609.117059,609.117162674317,609.1167368511491,2757325.8,-9999,205129,15.14,-1,0.6990830199762019,0.4575705261284954,0.7550179348240813,0.5765494896067298,18,0.9,0.4,P1 O12,de-protonated,0,-9999,C30 H27 O12 P1,30,27,12,-9999,1,-9999,-9999,N/A,-9999,-9999,N/A,-9999
3169,609.117059,609.117162674317,609.1169335556391,2757325.8,-9999,205129,15.14,-1,0.3761489219649275,0.9746539307473208,0,0.5847923584483925,10,1.3,0.9,N4 O18,de-protonated,0,-9999,C20 H26 O18 N4,20,26,18,4,-9999,-9999,-9999,N/A,-9999,-9999,N/A,-9999
3170,609.152083,609.1521867020807,609.152337970089,3539695,-9999,326716.9,19.9,-1,-0.2483254168751997,0.4944366195937823,0.7311359101322861,0.5891163358091838,21,0.8823529411764706,0.14705882352941177,N2 S2 O5,de-protonated,0,-9999,C34 H30 O5 N2 S2,34,30,5,2,-9999,2,-9999,N/A,-9999,-9999,N/A,-9999
3170,609.152083,609.1521867020807,609.152470911819,3539695,-9999,326716.9,19.9,-1,-0.4665658466187759,0.4806357366671529,0.8007932653391622,0.6086987481359567,8,1.5217391304347827,0.5652173913043478,N2 S1 P1 O13,de-protonated,0,-9999,C23 H35 O13 N2 P1 S1,23,35,13,2,1,1,-9999,N/A,-9999,-9999,N/A,-9999
3170,609.152083,609.1521867020807,609.151957847569,3539695,-9999,326716.9,19.9,-1,0.3756936324549552,0.487357234668654,0.719752637322661,0.5803153957302568,26,0.75,0.05555555555555555,N4 S1 P1 O2,de-protonated,0,-9999,C36 H27 O2 N4 P1 S1,36,27,2,4,1,1,-9999,N/A,-9999,-9999,N/A,-9999
3171,609.153775,609.153878703422,609.153991740369,4003568.8,-9999,213661.3,22.72,-1,-0.18556382859912135,0.4968857429694558,0.7428850341668535,0.5952854594484149,16,1.09375,0.1875,S2 P1 O6,de-protonated,0,-9999,C32 H35 O6 P1 S2,32,35,6,-9999,1,2,-9999,N/A,-9999,-9999,N/A,-9999
3171,609.153775,609.153878703422,609.154459771019,4003568.8,-9999,213661.3,22.72,-1,-0.9538920509136912,0.4239036191777036,0.7428850341668535,0.5514961851733635,22,0.84375,0.21875,N4 P1 O7,de-protonated,0,-9999,C32 H27 O7 N4 P1,32,27,7,4,1,-9999,-9999,N/A,-9999,-9999,N/A,-9999
3171,609.153775,609.153878703422,609.1541884448591,4003568.8,-9999,213661.3,22.72,-1,-0.5084778910026652,0.47708495755032104,0.8077896627745539,0.6093668396400143,8,1.5454545454545454,0.5454545454545454,N4 S2 O12,de-protonated,0,-9999,C22 H34 O12 N4 S2,22,34,12,4,-9999,2,-9999,N/A,-9999,-9999,N/A,-9999
3171,609.153775,609.153878703422,609.153319064989,4003568.8,-9999,213661.3,22.72,-1,0.9187152323477136,0.42900070853563554,0.8149093904448103,0.5833641812993055,9,1.4285714285714286,0.8095238095238095,N4 O17,de-protonated,0,-9999,C21 H30 O17 N4,21,30,17,4,-9999,-9999,-9999,N/A,-9999,-9999,N/A,-9999
3172,609.188225,609.1883287307307,609.188367163819,2847761.5,-9999,284803.6,15.69,-1,-0.06308900543519731,0.9992780545648692,0,0.5995668327389215,3,1.8095238095238095,0.9523809523809524,O20,de-protonated,0,-9999,C21 H38 O20,21,38,20,-9999,-9999,-9999,-9999,N/A,-9999,-9999,N/A,-9999
3172,609.188225,609.1883287307307,609.1887234794391,2847761.5,-9999,284803.6,15.69,-1,-0.6479908329400133,0.463320586039353,0.725399618712417,0.5681521991085786,20,0.9714285714285714,0.11428571428571428,N2 S2 O4,de-protonated,0,-9999,C35 H34 O4 N2 S2,35,34,4,2,-9999,2,-9999,N/A,-9999,-9999,N/A,-9999
3172,609.188225,609.1883287307307,609.187854099569,2847761.5,-9999,284803.6,15.69,-1,0.7791211833211842,0.4478522304860123,0.731135910132286,0.5611657023445218,21,0.8823529411764706,0.2647058823529412,N2 O9,de-protonated,0,-9999,C34 H30 O9 N2,34,30,9,2,-9999,-9999,-9999,N/A,-9999,-9999,N/A,-9999
3172,609.188225,609.1883287307307,609.1888564211691,2847761.5,-9999,284803.6,15.69,-1,-0.8662181404451824,0.4363571258196653,0.7939170211058493,0.5793810839341389,7,1.625,0.5,N2 S1 P1 O12,de-protonated,0,-9999,C24 H39 O12 N2 P1 S1,24,39,12,2,1,1,-9999,N/A,-9999,-9999,N/A,-9999
3172,609.188225,609.1883287307307,609.1883433569188,2847761.5,-9999,284803.6,15.69,-1,-0.02400930393613297,0.49994770498896,0.7141928963326545,0.5856457815264378,25,0.8378378378378378,0.02702702702702703,N4 S1 P1 O1,de-protonated,0,-9999,C37 H31 O1 N4 P1 S1,37,31,1,4,1,1,-9999,N/A,-9999,-9999,N/A,-9999
3173,609.189553,609.1896567317835,609.189374928119,3481874.8,-9999,265128.5,19.54,-1,0.4625879506515492,0.48095818233885473,0.6825582999861977,0.5615982293977919,29,0.6976744186046512,0.04651162790697674,S1 O2,de-protonated,0,-9999,C43 H30 O2 S1,43,30,2,-9999,-9999,1,-9999,N/A,-9999,-9999,N/A,-9999
3173,609.189553,609.1896567317835,609.1895078698491,3481874.8,-9999,265128.5,19.54,-1,0.24436063415349124,0.494611899076798,0.7428850341668535,0.5939211531128201,16,1.09375,0.3125,P1 O10,de-protonated,0,-9999,C32 H35 O10 P1,32,35,10,-9999,1,-9999,-9999,N/A,-9999,-9999,N/A,-9999
3173,609.189553,609.1896567317835,609.189236543689,3481874.8,-9999,265128.5,19.54,-1,0.6897497022086648,0.4586480048353439,0.8077896627745538,0.5983046680110279,2,1.9090909090909092,0.6818181818181818,S2 O15,de-protonated,0,-9999,C22 H42 O15 S2,22,42,15,-9999,-9999,2,-9999,N/A,-9999,-9999,N/A,-9999
3173,609.189553,609.1896567317835,609.1897045743391,3481874.8,-9999,265128.5,19.54,-1,-0.07853474079821218,0.49944075196040194,0.8077896627745538,0.6227803162860627,8,1.5454545454545454,0.7272727272727273,N4 O16,de-protonated,0,-9999,C22 H34 O16 N4,22,34,16,4,-9999,-9999,-9999,N/A,-9999,-9999,N/A,-9999
3174,609.190879,609.1909827328346,609.190377249719,2878356,-9999,258446.2,15.87,-1,0.9939144449805408,0.4179497141749717,0.7369636471990461,0.5455552873846015,15,1.181818181818182,0.15151515151515152,S2 P1 O5,de-protonated,0,-9999,C33 H39 O5 P1 S2,33,39,5,-9999,1,2,-9999,N/A,-9999,-9999,N/A,-9999
3174,609.190879,609.1909827328346,609.191225402889,2878356,-9999,258446.2,15.87,-1,-0.3983479148374366,0.48580904167074695,0.7489023467070351,0.5910463636852623,16,1.096774193548387,0.2903225806451613,N2 S1 O9,de-protonated,0,-9999,C31 H34 O9 N2 S1,31,34,9,2,-9999,1,-9999,N/A,-9999,-9999,N/A,-9999
3174,609.190879,609.1909827328346,609.1913583446191,2878356,-9999,258446.2,15.87,-1,-0.6165743805708873,0.9333451112645588,0,0.5600070667587351,3,1.95,0.85,N2 P1 O17,de-protonated,0,-9999,C20 H39 O17 N2 P1,20,39,17,2,1,-9999,-9999,N/A,-9999,-9999,N/A,-9999
3174,609.190879,609.1909827328346,609.190845280369,2878356,-9999,258446.2,15.87,-1,0.2256312068970146,0.49540254144875673,0.7369636471990461,0.5920269837488725,21,0.9393939393939394,0.18181818181818185,N4 P1 O6,de-protonated,0,-9999,C33 H31 O6 N4 P1,33,31,6,4,1,-9999,-9999,N/A,-9999,-9999,N/A,-9999
3174,609.190879,609.1909827328346,609.1905739542091,2878356,-9999,258446.2,15.87,-1,0.6710192886212744,0.9215480731186864,0,0.5529288438712118,7,1.6521739130434785,0.4782608695652174,N4 S2 O11,de-protonated,0,-9999,C23 H38 O11 N4 S2,23,38,11,4,-9999,2,-9999,N/A,-9999,-9999,N/A,-9999
3175,609.226977,609.2270807614499,609.2267627590691,2926390.3,-9999,193835,16.16,-1,0.5219770375525198,0.4758823140718128,0.7311359101322861,0.5779837524960021,14,1.2647058823529411,0.1176470588235294,S2 P1 O4,de-protonated,0,-9999,C34 H43 O4 P1 S2,34,43,4,-9999,1,2,-9999,N/A,-9999,-9999,N/A,-9999
3175,609.226977,609.2270807614499,609.227610912239,2926390.3,-9999,193835,16.16,-1,-0.8702015135819848,0.435809821239433,0.7428850341668536,0.5586399064104013,15,1.1875,0.25,N2 S1 O8,de-protonated,0,-9999,C32 H38 O8 N2 S1,32,38,8,2,-9999,1,-9999,N/A,-9999,-9999,N/A,-9999
3175,609.226977,609.2270807614499,609.227230789719,2926390.3,-9999,193835,16.16,-1,-0.24625995280868343,0.4945282761671184,0.7311359101322861,0.5891713297531855,20,1.0294117647058822,0.14705882352941177,N4 P1 O5,de-protonated,0,-9999,C34 H35 O5 N4 P1,34,35,5,4,1,-9999,-9999,N/A,-9999,-9999,N/A,-9999
3175,609.226977,609.2270807614499,609.2269594635591,2926390.3,-9999,193835,16.16,-1,0.19910131836759487,0.49641646930460753,0.7939170211058493,0.6154166900251042,6,1.75,0.4166666666666667,N4 S2 O10,de-protonated,0,-9999,C24 H42 O10 N4 S2,24,42,10,4,-9999,2,-9999,N/A,-9999,-9999,N/A,-9999
3176,611.131078,611.131183270847,611.1316025251991,2452048.5,-9999,277445.2,13.27,-1,-0.6860295726213728,0.4590741345717997,0.7369636471990461,0.5702299396226982,21,0.8484848484848485,0.18181818181818185,N2 S2 O6,de-protonated,0,-9999,C33 H28 O6 N2 S2,33,28,6,2,-9999,2,-9999,N/A,-9999,-9999,N/A,-9999
3176,611.131078,611.131183270847,611.130733145329,2452048.5,-9999,277445.2,13.27,-1,0.7365453798790312,0.45312695950077986,0.7428850341668535,0.5690301893672093,22,0.75,0.34375,N2 O11,de-protonated,0,-9999,C32 H24 O11 N2,32,24,11,2,-9999,-9999,-9999,N/A,-9999,-9999,N/A,-9999
3176,611.131078,611.131183270847,611.1317354669291,2452048.5,-9999,277445.2,13.27,-1,-0.9035630944679344,0.8623108371485534,0,0.517386502289132,8,1.5,0.6363636363636364,N2 S1 P1 O14,de-protonated,0,-9999,C22 H33 O14 N2 P1 S1,22,33,14,2,1,1,-9999,N/A,-9999,-9999,N/A,-9999
3176,611.131078,611.131183270847,611.131222402679,2452048.5,-9999,277445.2,13.27,-1,-0.06403179958719252,0.499628162051167,0.7253996187124169,0.5899367447156669,26,0.7142857142857143,0.08571428571428572,N4 S1 P1 O3,de-protonated,0,-9999,C35 H25 O3 N4 P1 S1,35,25,3,4,1,1,-9999,N/A,-9999,-9999,N/A,-9999
3177,611.133257,611.1333622725742,611.133256295479,3150418.8,-9999,219642.7,17.52,-1,0.17341078096057777,0.4972792307045545,0.7489023467070351,0.5979284771055468,16,1.064516129032258,0.2258064516129032,S2 P1 O7,de-protonated,0,-9999,C31 H33 O7 P1 S2,31,33,7,-9999,1,2,-9999,N/A,-9999,-9999,N/A,-9999
3177,611.133257,611.1333622725742,611.133724326129,3150418.8,-9999,219642.7,17.52,-1,-0.5924293495575941,0.4691509600793917,0.7489023467070351,0.5810515147304491,22,0.8064516129032258,0.25806451612903225,N4 P1 O8,de-protonated,0,-9999,C31 H25 O8 N4 P1,31,25,8,4,1,-9999,-9999,N/A,-9999,-9999,N/A,-9999
3177,611.133257,611.1333622725742,611.133452999969,3150418.8,-9999,219642.7,17.52,-1,-0.14845758208434937,0.996008919410019,0,0.5976053516460114,8,1.5238095238095235,0.6190476190476191,N4 S2 O13,de-protonated,0,-9999,C21 H32 O13 N4 S2,21,32,13,4,-9999,2,-9999,N/A,-9999,-9999,N/A,-9999
3178,611.167326,611.1674312995812,611.167988034549,2275955.5,-9999,345853.3,12.2,-1,-0.9109360744645256,0.4301100715327022,0.7311359101322861,0.5505204069725358,20,0.9411764705882352,0.14705882352941177,N2 S2 O5,de-protonated,0,-9999,C34 H32 O5 N2 S2,34,32,5,2,-9999,2,-9999,N/A,-9999,-9999,N/A,-9999
3178,611.167326,611.1674312995812,611.167118654679,2275955.5,-9999,345853.3,12.2,-1,0.5115538656791571,0.4768134246979771,0.7369636471990462,0.5808735136984048,21,0.8484848484848485,0.30303030303030304,N2 O10,de-protonated,0,-9999,C33 H28 O10 N2,33,28,10,2,-9999,-9999,-9999,N/A,-9999,-9999,N/A,-9999
3178,611.167326,611.1674312995812,611.167607912029,2275955.5,-9999,345853.3,12.2,-1,-0.2889754717764261,0.4924810068212059,0.719752637322661,0.583389659021788,25,0.8055555555555556,0.05555555555555555,N4 S1 P1 O2,de-protonated,0,-9999,C36 H29 O2 N4 P1 S1,36,29,2,4,1,1,-9999,N/A,-9999,-9999,N/A,-9999
3179,611.169181,611.1692863010516,611.169641804829,3329653.3,-9999,180982.4,18.61,-1,-0.581677742333255,0.4702267934602606,0.7428850341668535,0.5792900897428976,15,1.15625,0.1875,S2 P1 O6,de-protonated,0,-9999,C32 H37 O6 P1 S2,32,37,6,-9999,1,2,-9999,N/A,-9999,-9999,N/A,-9999
3179,611.169181,611.1692863010516,611.168772424959,3329653.3,-9999,180982.4,18.61,-1,0.8408088170404772,0.43980490545664536,0.7489023467070351,0.5634438819568013,16,1.064516129032258,0.3548387096774194,P1 O11,de-protonated,0,-9999,C31 H33 O11 P1,31,33,11,-9999,1,-9999,-9999,N/A,-9999,-9999,N/A,-9999
3179,611.169181,611.1692863010516,611.1698385093191,3329653.3,-9999,180982.4,18.61,-1,-0.9035267003630753,0.4311605637598521,0.8077896627745539,0.5818122033657329,7,1.6363636363636365,0.5454545454545454,N4 S2 O12,de-protonated,0,-9999,C22 H36 O12 N4 S2,22,36,12,4,-9999,2,-9999,N/A,-9999,-9999,N/A,-9999
3179,611.169181,611.1692863010516,611.168969129449,3329653.3,-9999,180982.4,18.61,-1,0.518958943544002,0.4761536666591177,0.8149093904448103,0.6116559561733947,8,1.5238095238095235,0.8095238095238095,N4 O17,de-protonated,0,-9999,C21 H32 O17 N4,21,32,17,4,-9999,-9999,-9999,N/A,-9999,-9999,N/A,-9999
3180,611.206063,611.2061683302883,611.206027314179,2568600.8,-9999,174373.4,13.98,-1,0.23071779889991392,0.4951939268896586,0.7369636471990461,0.5919018150134135,14,1.2424242424242424,0.15151515151515152,S2 P1 O5,de-protonated,0,-9999,C33 H41 O5 P1 S2,33,41,5,-9999,1,2,-9999,N/A,-9999,-9999,N/A,-9999
3180,611.206063,611.2061683302883,611.206495344829,2568600.8,-9999,174373.4,13.98,-1,-0.5350311936060761,0.4746923413503809,0.7369636471990461,0.579600863689847,20,1,0.18181818181818185,N4 P1 O6,de-protonated,0,-9999,C33 H33 O6 N4 P1,33,33,6,4,1,-9999,-9999,N/A,-9999,-9999,N/A,-9999
3180,611.206063,611.2061683302883,611.2062240186691,2568600.8,-9999,174373.4,13.98,-1,-0.09111226070255549,0.9984948477621256,0,0.5990969086572754,6,1.7391304347826086,0.4782608695652174,N4 S2 O11,de-protonated,0,-9999,C23 H40 O11 N4 S2,23,40,11,4,-9999,2,-9999,N/A,-9999,-9999,N/A,-9999
3181,613.148825,613.1489318703324,613.148906359939,2382832,-9999,222357.3,12.84,-1,0.04160554327381936,0.49984297889660895,0.748902346707035,0.5994667260207793,15,1.1290322580645162,0.2258064516129032,S2 P1 O7,de-protonated,0,-9999,C31 H35 O7 P1 S2,31,35,7,-9999,1,2,-9999,N/A,-9999,-9999,N/A,-9999
3181,613.148825,613.1489318703324,613.1493743905891,2382832,-9999,222357.3,12.84,-1,-0.721716885258812,0.45490834828281423,0.748902346707035,0.5725059476525025,21,0.8709677419354839,0.25806451612903225,N4 P1 O8,de-protonated,0,-9999,C31 H27 O8 N4 P1,31,27,8,4,1,-9999,-9999,N/A,-9999,-9999,N/A,-9999
3181,613.148825,613.1489318703324,613.149103064429,2382832,-9999,222357.3,12.84,-1,-0.27920467598494125,0.9859546908681762,0,0.5915728145209057,7,1.619047619047619,0.6190476190476191,N4 S2 O13,de-protonated,0,-9999,C21 H34 O13 N4 S2,21,34,13,4,-9999,2,-9999,N/A,-9999,-9999,N/A,-9999
3182,615.106909,615.1070174225223,615.1070415469891,2467949.5,-9999,184628.1,13.34,-1,-0.03921994898608386,0.4998604668894213,0.7369636471990462,0.5947017390132713,20,0.8787878787878788,0.18181818181818185,S2 P1 O6,de-protonated,0,-9999,C33 H29 O6 P1 S2,33,29,6,-9999,1,2,-9999,N/A,-9999,-9999,N/A,-9999
3182,615.106909,615.1070174225223,615.107509577639,2467949.5,-9999,184628.1,13.34,-1,-0.8001123528066205,0.4451664774618815,0.7369636471990462,0.5618853453567474,26,0.6363636363636364,0.21212121212121213,N4 P1 O7,de-protonated,0,-9999,C33 H21 O7 N4 P1,33,21,7,4,1,-9999,-9999,N/A,-9999,-9999,N/A,-9999
3182,615.106909,615.1070174225223,615.1072382514791,2467949.5,-9999,184628.1,13.34,-1,-0.3590088736829095,0.9768848992977568,0,0.5861309395786541,12,1.2173913043478262,0.5217391304347826,N4 S2 O12,de-protonated,0,-9999,C23 H28 O12 N4 S2,23,28,12,4,-9999,2,-9999,N/A,-9999,-9999,N/A,-9999
3183,615.143416,615.1435244514618,615.143427056339,2367889.3,-9999,274561.3,12.73,-1,0.15832912863826568,0.4977308764690239,0.7311359101322861,0.5910928899343287,19,0.9705882352941176,0.14705882352941177,S2 P1 O5,de-protonated,0,-9999,C34 H33 O5 P1 S2,34,33,5,-9999,1,2,-9999,N/A,-9999,-9999,N/A,-9999
3183,615.143416,615.1435244514618,615.1438950869891,2367889.3,-9999,274561.3,12.73,-1,-0.6025184193826814,0.4681258003004276,0.731135910132286,0.5733298442331709,25,0.7352941176470589,0.17647058823529413,N4 P1 O6,de-protonated,0,-9999,C34 H25 O6 N4 P1,34,25,6,4,1,-9999,-9999,N/A,-9999,-9999,N/A,-9999
3183,615.143416,615.1435244514618,615.143623760829,2367889.3,-9999,274561.3,12.73,-1,-0.16144094383662186,0.9952820352538964,0,0.5971692211523378,11,1.3333333333333333,0.4583333333333333,N4 S2 O11,de-protonated,0,-9999,C24 H32 O11 N4 S2,24,32,11,4,-9999,2,-9999,N/A,-9999,-9999,N/A,-9999
3184,615.178706,615.1788144794365,615.1788102440889,2636724.3,-9999,239116.9,13.21,-1,0.00688474225042743,0.4999956997140349,0.672627141691601,0.5690482765050613,32,0.6222222222222222,0.02222222222222222,S1 O1,de-protonated,0,-9999,C45 H28 O1 S1,45,28,1,-9999,-9999,1,-9999,N/A,-9999,-9999,N/A,-9999
3184,615.178706,615.1788144794365,615.178943185819,2636724.3,-9999,239116.9,13.21,-1,-0.20921779577009264,0.49604453495415984,0.731135910132286,0.5900810850254103,19,0.9705882352941176,0.2647058823529412,P1 O9,de-protonated,0,-9999,C34 H33 O9 P1,34,33,9,-9999,1,-9999,-9999,N/A,-9999,-9999,N/A,-9999
3184,615.178706,615.1788144794365,615.1786718596591,2636724.3,-9999,239116.9,13.21,-1,0.231834723706645,0.9902950162084772,0,0.5941770097250864,5,1.6666666666666667,0.5833333333333334,S2 O14,de-protonated,0,-9999,C24 H40 O14 S2,24,40,14,-9999,-9999,2,-9999,N/A,-9999,-9999,N/A,-9999
3184,615.178706,615.1788144794365,615.178291737139,2636724.3,-9999,239116.9,13.21,-1,0.8497411310994285,0.4386015025743256,0.7805128205128199,0.5753660297497233,10,1.4230769230769231,0.4230769230769231,N2 S1 P1 O11,de-protonated,0,-9999,C26 H37 O11 N2 P1 S1,26,37,11,2,1,1,-9999,N/A,-9999,-9999,N/A,-9999
3184,615.178706,615.1788144794365,615.1791398903091,2636724.3,-9999,239116.9,13.21,-1,-0.5289692896245421,0.950496417201966,0,0.5702978503211795,11,1.3333333333333333,0.625,N4 O15,de-protonated,0,-9999,C24 H32 O15 N4,24,32,15,4,-9999,-9999,-9999,N/A,-9999,-9999,N/A,-9999
3185,617.123336,617.1234460209613,617.1235397646191,2483516.3,-9999,297229.1,12.34,-1,-0.15190420026310902,0.49791092255813824,0.7489023467070351,0.598307492217697,20,0.8387096774193549,0.3225806451612903,N2 S1 O10,de-protonated,0,-9999,C31 H26 O10 N2 S1,31,26,10,2,-9999,1,-9999,N/A,-9999,-9999,N/A,-9999
3185,617.123336,617.1234460209613,617.1236727063491,2483516.3,-9999,297229.1,12.34,-1,-0.3673257044594304,0.9758147267234462,0,0.58548883603406765,7,1.55,0.9,N2 P1 O18,de-protonated,0,-9999,C20 H31 O18 N2 P1,20,31,18,2,1,-9999,-9999,N/A,-9999,-9999,N/A,-9999
3185,617.123336,617.1234460209613,617.124029021969,2483516.3,-9999,297229.1,12.34,-1,-0.9447063804176884,0.4252471643264013,0.731135910132286,0.5476026626487551,24,0.7941176470588235,0.0588235294117647,N4 S2 P1 O2,de-protonated,0,-9999,C34 H27 O2 N4 P1 S2,34,27,2,4,1,2,-9999,N/A,-9999,-9999,N/A,-9999
3185,617.123336,617.1234460209613,617.123159642099,2483516.3,-9999,297229.1,12.34,-1,0.4640546344465957,0.48083959007875626,0.7369636471990462,0.5832892129268723,25,0.696969696969697,0.21212121212121213,N4 P1 O7,de-protonated,0,-9999,C33 H23 O7 N4 P1,33,23,7,4,1,-9999,-9999,N/A,-9999,-9999,N/A,-9999
3185,617.123336,617.1234460209613,617.122888315939,2483516.3,-9999,297229.1,12.34,-1,0.9037179350293788,0.8622670529833505,0,0.5173602317900102,11,1.3043478260869563,0.5217391304347826,N4 S2 O12,de-protonated,0,-9999,C23 H30 O12 N4 S2,23,30,12,4,-9999,2,-9999,N/A,-9999,-9999,N/A,-9999
3186,617.158185,617.1582950485863,617.158074799199,3394398.8,-9999,157022.7,17.44,-1,0.35687678136144846,0.48857774318119024,0.6775563317580969,0.5641691786119529,32,0.5909090909090909,0.04545454545454545,S1 O2,de-protonated,0,-9999,C44 H26 O2 S1,44,26,2,-9999,-9999,1,-9999,N/A,-9999,-9999,N/A,-9999
3186,617.158185,617.1582950485863,617.158207740929,3394398.8,-9999,157022.7,17.44,-1,0.14146722215877747,0.49818762864250904,0.7369636471990461,0.5936980360651238,19,0.9393939393939394,0.30303030303030304,P1 O10,de-protonated,0,-9999,C33 H31 O10 P1,33,31,10,-9999,1,-9999,-9999,N/A,-9999,-9999,N/A,-9999
3186,617.158185,617.1582950485863,617.157936414769,3394398.8,-9999,157022.7,17.44,-1,0.581105412654984,0.47028357830201073,0.8007932653391622,0.6024874531168714,5,1.6521739130434785,0.6521739130434783,S2 O15,de-protonated,0,-9999,C23 H38 O15 S2,23,38,15,-9999,-9999,2,-9999,N/A,-9999,-9999,N/A,-9999
3186,617.158185,617.1582950485863,617.158404445419,3394398.8,-9999,157022.7,17.44,-1,-0.17725892078731423,0.49715748600292425,0.8007932653391622,0.6186117977374195,11,1.3043478260869563,0.6956521739130435,N4 O16,de-protonated,0,-9999,C23 H30 O16 N4,23,30,16,4,-9999,-9999,-9999,N/A,-9999,-9999,N/A,-9999
3187,617.194987,617.1950970777596,617.195462630149,3347843.8,-9999,210976.3,17.18,-1,-0.5922797745169542,0.4691660450435415,0.7253996187124169,0.5716594745110917,17,1.1142857142857143,0.11428571428571428,S2 P1 O4,de-protonated,0,-9999,C35 H39 O4 P1 S2,35,39,4,-9999,1,2,-9999,N/A,-9999,-9999,N/A,-9999
3187,617.194987,617.1950970777596,617.194593250279,3347843.8,-9999,210976.3,17.18,-1,0.8163186879030031,0.4430554857947774,0.731135910132286,0.5582876555297809,18,1.0294117647058822,0.2647058823529412,P1 O9,de-protonated,0,-9999,C34 H35 O9 P1,34,35,9,-9999,1,-9999,-9999,N/A,-9999,-9999,N/A,-9999
3187,617.194987,617.1950970777596,617.195659334639,3347843.8,-9999,210976.3,17.18,-1,-0.9109864448075048,0.43010290952742875,0.7871578612348809,0.5729248902104096,9,1.52,0.4,N4 S2 O10,de-protonated,0,-9999,C25 H38 O10 N4 S2,25,38,10,4,-9999,2,-9999,N/A,-9999,-9999,N/A,-9999
3187,617.194987,617.1950970777596,617.194789954769,3347843.8,-9999,210976.3,17.18,-1,0.4976111197519801,0.47803232252237127,0.7939170211058493,0.6043862019557624,10,1.4166666666666667,0.625,N4 O15,de-protonated,0,-9999,C24 H34 O15 N4,24,34,15,4,-9999,-9999,-9999,N/A,-9999,-9999,N/A,-9999
3188,617.231321,617.2314311065619,617.231848139499,2829223.8,-9999,225268.7,14.28,-1,-0.6756503870476823,0.46025291238981586,0.719752637322661,0.5640528023629539,16,1.1944444444444444,0.08333333333333333,S2 P1 O3,de-protonated,0,-9999,C36 H43 O3 P1 S2,36,43,3,-9999,1,2,-9999,N/A,-9999,-9999,N/A,-9999
3188,617.231321,617.2314311065619,617.230978759629,2829223.8,-9999,225268.7,14.28,-1,0.7328649216502111,0.4535718281549672,0.7253996187124169,0.562302944377947,17,1.1142857142857143,0.22857142857142856,P1 O8,de-protonated,0,-9999,C35 H39 O8 P1,35,39,8,-9999,1,-9999,-9999,N/A,-9999,-9999,N/A,-9999
3188,617.231321,617.2314311065619,617.2320448439891,2829223.8,-9999,225268.7,14.28,-1,-0.9943382433600606,0.4178858179013386,0.7805128205128198,0.56293661894593106,8,1.6153846153846154,0.34615384615384615,N4 S2 O9,de-protonated,0,-9999,C26 H42 O9 N4 S2,26,42,9,4,-9999,2,-9999,N/A,-9999,-9999,N/A,-9999
3188,617.231321,617.2314311065619,617.231175464119,2829223.8,-9999,225268.7,14.28,-1,0.4141761677674768,0.4846766882069714,0.7871578612348809,0.6056691574181352,9,1.52,0.56,N4 O14,de-protonated,0,-9999,C25 H38 O14 N4,25,38,14,4,-9999,-9999,-9999,N/A,-9999,-9999,N/A,-9999
3189,619.099834,619.0999455877482,619.1003023962791,2669818.5,-9999,284412.1,13.37,-1,-0.5763339632184726,0.4707550762838637,0.7311359101322861,0.5749074098232325,24,0.7058823529411765,0.17647058823529413,N2 S2 O6,de-protonated,0,-9999,C34 H24 O6 N2 S2,34,24,6,2,-9999,2,-9999,N/A,-9999,-9999,N/A,-9999
3189,619.099834,619.0999455877482,619.0994330164091,2669818.5,-9999,284412.1,13.37,-1,0.8279305580610659,0.4415232355171494,0.7369636471990461,0.559699400189908,25,0.6060606060606061,0.3333333333333333,N2 O11,de-protonated,0,-9999,C33 H20 O11 N2,33,20,11,2,-9999,-9999,-9999,N/A,-9999,-9999,N/A,-9999
3189,619.099834,619.0999455877482,619.1004353380091,2669818.5,-9999,284412.1,13.37,-1,-0.7910675441318041,0.8926610039689732,0,0.5355966023813838,11,1.2608695652173914,0.6086956521739131,N2 S1 P1 O14,de-protonated,0,-9999,C23 H29 O14 N2 P1 S1,23,29,14,2,1,1,-9999,N/A,-9999,-9999,N/A,-9999
3189,619.099834,619.0999455877482,619.0999222737589,2669818.5,-9999,284412.1,13.37,-1,0.03765787782040964,0.4998713589303432,0.719752637322661,0.5878238702872703,29,0.5833333333333334,0.08333333333333333,N4 S1 P1 O3,de-protonated,0,-9999,C36 H21 O3 N4 P1 S1,36,21,3,4,1,1,-9999,N/A,-9999,-9999,N/A,-9999
3190,619.10148,619.101591589053,619.101956166559,2660348.3,-9999,208983.1,13.32,-1,-0.5888812051331935,0.4695079015179533,0.7428850341668536,0.5788587545775135,19,0.90625,0.21875,S2 P1 O7,de-protonated,0,-9999,C32 H29 O7 P1 S2,32,29,7,-9999,1,2,-9999,N/A,-9999,-9999,N/A,-9999
3190,619.10148,619.101591589053,619.101086786689,2660348.3,-9999,208983.1,13.32,-1,0.8153795473930673,0.4431786948830883,0.7489023467070351,0.5654681556126671,20,0.8064516129032258,0.3870967741935484,P1 O12,de-protonated,0,-9999,C31 H25 O12 P1,31,25,12,-9999,1,-9999,-9999,N/A,-9999,-9999,N/A,-9999
3190,619.10148,619.101591589053,619.102152871049,2660348.3,-9999,208983.1,13.32,-1,-0.9066064355505532,0.8614493069394996,0,0.5168695841636998,11,1.2727272727272727,0.5909090909090909,N4 S2 O13,de-protonated,0,-9999,C22 H28 O13 N4 S2,22,28,13,4,-9999,2,-9999,N/A,-9999,-9999,N/A,-9999
3190,619.10148,619.101591589053,619.1012834911791,2660348.3,-9999,208983.1,13.32,-1,0.4976534246365548,0.9560573409150648,0,0.5736344045490388,12,1.1428571428571428,0.8571428571428571,N4 O18,de-protonated,0,-9999,C21 H24 O18 N4,21,24,18,4,-9999,-9999,-9999,N/A,-9999,-9999,N/A,-9999
3191,619.136815,619.1369266170633,619.137339354309,3475744,-9999,282536,17.88,-1,-0.6666327799596099,0.4612648711891889,0.6825582999861977,0.5497822427079924,32,0.5581395348837209,0.06976744186046512,S1 O3,de-protonated,0,-9999,C43 H24 O3 S1,43,24,3,-9999,-9999,1,-9999,N/A,-9999,-9999,N/A,-9999
3191,619.136815,619.1369266170633,619.137472296039,3475744,-9999,282536,17.88,-1,-0.8813534960675286,0.4342679173810587,0.7428850341668536,0.5577147640953766,19,0.90625,0.34375,P1 O11,de-protonated,0,-9999,C32 H29 O11 P1,32,29,11,-9999,1,-9999,-9999,N/A,-9999,-9999,N/A,-9999
3191,619.136815,619.1369266170633,619.137200969879,3475744,-9999,282536,17.88,-1,-0.4431211939659721,0.4824993091413466,0.8077896627745539,0.6126154505946295,5,1.6363636363636365,0.7272727272727273,S2 O16,de-protonated,0,-9999,C22 H36 O16 S2,22,36,16,-9999,-9999,2,-9999,N/A,-9999,-9999,N/A,-9999
3191,619.136815,619.1369266170633,619.1366879056291,3475744,-9999,282536,17.88,-1,0.3855553045046955,0.48669382355437774,0.725399618712417,0.5821761416175935,23,0.8,0.14285714285714285,N2 S2 O5,de-protonated,0,-9999,C35 H28 O5 N2 S2,35,28,5,2,-9999,2,-9999,N/A,-9999,-9999,N/A,-9999
3191,619.136815,619.1369266170633,619.136820847359,3475744,-9999,282536,17.88,-1,0.17083413672675,0.497359271444273,0.7939170211058493,0.6159823713089035,10,1.375,0.5416666666666666,N2 S1 P1 O13,de-protonated,0,-9999,C24 H33 O13 N2 P1 S1,24,33,13,2,1,1,-9999,N/A,-9999,-9999,N/A,-9999
3191,619.136815,619.1369266170633,619.1363077831089,3475744,-9999,282536,17.88,-1,0.9995116529229316,0.4171044160723697,0.7141928963326545,0.5359398081764837,28,0.6756756756756757,0.05405405405405406,N4 S1 P1 O2,de-protonated,0,-9999,C37 H25 O2 N4 P1 S1,37,25,2,4,1,1,-9999,N/A,-9999,-9999,N/A,-9999
3192,619.138234,619.1383456181882,619.1383416759089,3140897.5,-9999,268386.4,16.01,-1,0.00636736409998828,0.49999632174694686,0.7369636471990461,0.5947832519277865,18,1,0.18181818181818185,S2 P1 O6,de-protonated,0,-9999,C33 H33 O6 P1 S2,33,33,6,-9999,1,2,-9999,N/A,-9999,-9999,N/A,-9999
3192,619.138234,619.1383456181882,619.1388097065591,3140897.5,-9999,268386.4,16.01,-1,-0.7495707967722887,0.45153820918653687,0.7369636471990461,0.5657083843915405,24,0.7575757575757576,0.21212121212121213,N4 P1 O7,de-protonated,0,-9999,C33 H25 O7 N4 P1,33,25,7,4,1,-9999,-9999,N/A,-9999,-9999,N/A,-9999
3192,619.138234,619.1383456181882,619.138538380399,3140897.5,-9999,268386.4,16.01,-1,-0.3113393835515936,0.49128277373427254,0.8007932653391622,0.6150869703762284,10,1.391304347826087,0.5217391304347826,N4 S2 O12,de-protonated,0,-9999,C23 H32 O12 N4 S2,23,32,12,4,-9999,2,-9999,N/A,-9999,-9999,N/A,-9999
3193,619.173426,619.1735376460852,619.173724863659,3966276.8,-9999,205701.2,20.63,-1,-0.30236679357457286,0.4917738858664032,0.6775563317580969,0.5660868642230807,31,0.6363636363636364,0.04545454545454545,S1 O2,de-protonated,0,-9999,C44 H28 O2 S1,44,28,2,-9999,-9999,1,-9999,N/A,-9999,-9999,N/A,-9999
3193,619.173426,619.1735376460852,619.173857805389,3966276.8,-9999,205701.2,20.63,-1,-0.517074969914581,0.4763223323153157,0.7369636471990461,0.5805788582688078,18,1,0.30303030303030304,P1 O10,de-protonated,0,-9999,C33 H33 O10 P1,33,33,10,-9999,1,-9999,-9999,N/A,-9999,-9999,N/A,-9999
3193,619.173426,619.1735376460852,619.173586479229,3966276.8,-9999,205701.2,20.63,-1,-0.07886826074459971,0.49943599455065896,0.8007932653391621,0.6199789028660603,4,1.7391304347826086,0.6521739130434783,S2 O15,de-protonated,0,-9999,C23 H40 O15 S2,23,40,15,-9999,-9999,2,-9999,N/A,-9999,-9999,N/A,-9999
3193,619.173426,619.1735376460852,619.1730734149791,3966276.8,-9999,205701.2,20.63,-1,0.7497598426446087,0.4515149870709741,0.719752637322661,0.5588100471716488,22,0.8888888888888888,0.1111111111111111,N2 S2 O4,de-protonated,0,-9999,C36 H32 O4 N2 S2,36,32,4,2,-9999,2,-9999,N/A,-9999,-9999,N/A,-9999
3193,619.173426,619.1735376460852,619.1732063567091,3966276.8,-9999,205701.2,20.63,-1,0.535051214503892,0.47469049605462665,0.7871578612348809,0.5996774421267284,9,1.48,0.48,N2 S1 P1 O12,de-protonated,0,-9999,C25 H37 O12 N2 P1 S1,25,37,12,2,1,1,-9999,N/A,-9999,-9999,N/A,-9999
3193,619.173426,619.1735376460852,619.174054509879,3966276.8,-9999,205701.2,20.63,-1,-0.8347633272750201,0.4406140157008327,0.8007932653391621,0.5846857155561644,10,1.391304347826087,0.6956521739130435,N4 O16,de-protonated,0,-9999,C23 H32 O16 N4,23,32,16,4,-9999,-9999,-9999,N/A,-9999,-9999,N/A,-9999
3194,619.209654,619.2097656748034,619.2101103730089,4356457.5,-9999,166147.7,22.81,-1,-0.5566740589449749,0.4726615954333729,0.672627141691601,0.5526478139366642,30,0.7111111111111111,0.02222222222222222,S1 O1,de-protonated,0,-9999,C45 H32 O1 S1,45,32,1,-9999,-9999,1,-9999,N/A,-9999,-9999,N/A,-9999
3194,619.209654,619.2097656748034,619.210243314739,4356457.5,-9999,166147.7,22.81,-1,-0.7713695643694038,0.4488299714363061,0.731135910132286,0.5617523469146981,17,1.088235294117647,0.2647058823529412,P1 O9,de-protonated,0,-9999,C34 H37 O9 P1,34,37,9,-9999,1,-9999,-9999,N/A,-9999,-9999,N/A,-9999
3194,619.209654,619.2097656748034,619.209971988579,4356457.5,-9999,166147.7,22.81,-1,-0.33318871617035967,0.4900290245917453,0.7939170211058493,0.6115842231973869,3,1.8333333333333333,0.5833333333333334,S2 O14,de-protonated,0,-9999,C24 H44 O14 S2,24,44,14,-9999,-9999,2,-9999,N/A,-9999,-9999,N/A,-9999
3194,619.209654,619.2097656748034,619.209458924329,4356457.5,-9999,166147.7,22.81,-1,0.4953904852876835,0.4782236269418992,0.7141928963326545,0.5726113346982014,21,0.972972972972973,0.08108108108108109,N2 S2 O3,de-protonated,0,-9999,C37 H36 O3 N2 S2,37,36,3,2,-9999,2,-9999,N/A,-9999,-9999,N/A,-9999
3194,619.209654,619.2097656748034,619.209591866059,4356457.5,-9999,166147.7,22.81,-1,0.2806945284829557,0.49290273474563,0.7805128205128198,0.6079467690525059,8,1.5769230769230769,0.4230769230769231,N2 S1 P1 O11,de-protonated,0,-9999,C26 H41 O11 N2 P1 S1,26,41,11,2,1,1,-9999,N/A,-9999,-9999,N/A,-9999
3195,619.245452,619.2455637031808,619.245488118059,2466701.5,-9999,267742.1,12.24,-1,0.12206002821079844,0.9973003101759728,0,0.5983801861055836,3,1.8333333333333333,0.75,O18,de-protonated,0,-9999,C24 H44 O18,24,44,18,-9999,-9999,-9999,-9999,N/A,-9999,-9999,N/A,-9999
3195,619.245452,619.2455637031808,619.245844433679,2466701.5,-9999,267742.1,12.24,-1,-0.45334256305264126,0.48169775779953605,0.7087183895694522,0.5725060105075025,20,1.0526315789473684,0.05263157894736842,N2 S2 O2,de-protonated,0,-9999,C38 H40 O2 N2 S2,38,40,2,2,-9999,2,-9999,N/A,-9999,-9999,N/A,-9999
3195,619.245452,619.2455637031808,619.2449750538091,2466701.5,-9999,267742.1,12.24,-1,0.9505920845880996,0.42438729621432975,0.7141928963326545,0.5403095362616597,21,0.972972972972973,0.1891891891891892,N2 O7,de-protonated,0,-9999,C37 H36 O7 N2,37,36,7,2,-9999,-9999,-9999,N/A,-9999,-9999,N/A,-9999
3195,619.245452,619.2455637031808,619.2459773754091,2466701.5,-9999,267742.1,12.24,-1,-0.6680257013093934,0.9222186010488832,0,0.5533311606293299,7,1.6666666666666667,0.3703703703703703,N2 S1 P1 O10,de-protonated,0,-9999,C27 H45 O10 N2 P1 S1,27,45,10,2,1,1,-9999,N/A,-9999,-9999,N/A,-9999
3196,619.247013,619.2471247044182,619.2474982039589,2459791,-9999,243641.6,12.2,-1,-0.6031506656252956,0.46806105611761506,0.719752637322661,0.5687376885996335,15,1.25,0.08333333333333333,S2 P1 O3,de-protonated,0,-9999,C36 H45 O3 P1 S2,36,45,3,-9999,1,2,-9999,N/A,-9999,-9999,N/A,-9999
3196,619.247013,619.2471247044182,619.246628824089,2459791,-9999,243641.6,12.2,-1,0.8007800221404672,0.44508014825857,0.7253996187124169,0.5572079364401088,16,1.1714285714285717,0.22857142857142856,P1 O8,de-protonated,0,-9999,C35 H41 O8 P1,35,41,8,-9999,1,-9999,-9999,N/A,-9999,-9999,N/A,-9999
3196,619.247013,619.2471247044182,619.247694908449,2459791,-9999,243641.6,12.2,-1,-0.920801216603509,0.8574042369342596,0,0.5144425421605557,7,1.6923076923076923,0.34615384615384615,N4 S2 O9,de-protonated,0,-9999,C26 H44 O9 N4 S2,26,44,9,4,-9999,2,-9999,N/A,-9999,-9999,N/A,-9999
3196,619.247013,619.2471247044182,619.246825528579,2459791,-9999,243641.6,12.2,-1,0.4831285794261073,0.9585318165812255,0,0.5751190899487353,8,1.6,0.56,N4 O14,de-protonated,0,-9999,C25 H40 O14 N4,25,40,14,4,-9999,-9999,-9999,N/A,-9999,-9999,N/A,-9999
3197,621.116653,621.1167661864979,621.116603909419,3276025.5,-9999,163255.8,16.75,-1,0.2612666894360673,0.49384532444236273,0.6876346701883606,0.5713610627407618,32,0.5238095238095238,0.09523809523809525,S1 O4,de-protonated,0,-9999,C42 H22 O4 S1,42,22,4,-9999,-9999,1,-9999,N/A,-9999,-9999,N/A,-9999
3197,621.116653,621.1167661864979,621.1167368511491,3276025.5,-9999,163255.8,16.75,-1,0.047230008584119,0.4997976645434728,0.7489023467070351,0.5994395374088978,19,0.8709677419354839,0.3870967741935484,P1 O12,de-protonated,0,-9999,C31 H27 O12 P1,31,27,12,-9999,1,-9999,-9999,N/A,-9999,-9999,N/A,-9999
3197,621.116653,621.1167661864979,621.116465524989,3276025.5,-9999,163255.8,16.75,-1,0.4840662348100756,0.4791870491855023,0.8149093904448101,0.6134759856892255,5,1.619047619047619,0.8095238095238095,S2 O17,de-protonated,0,-9999,C21 H34 O17 S2,21,34,17,-9999,-9999,2,-9999,N/A,-9999,-9999,N/A,-9999
3197,621.116653,621.1167661864979,621.1162237868989,3276025.5,-9999,163255.8,16.75,-1,0.8732658691341696,0.4353875482184467,0.6775563317580969,0.5322550616343068,37,0.4318181818181818,0.02272727272727272,N2 P1 O1,de-protonated,0,-9999,C44 H19 O1 N2 P1,44,19,1,2,1,-9999,-9999,N/A,-9999,-9999,N/A,-9999
3197,621.116653,621.1167661864979,621.1169335556391,3276025.5,-9999,163255.8,16.75,-1,-0.26946478537797297,0.4934555968155943,0.8149093904448103,0.6220371142672807,11,1.238095238095238,0.8571428571428571,N4 O18,de-protonated,0,-9999,C21 H26 O18 N4,21,26,18,4,-9999,-9999,-9999,N/A,-9999,-9999,N/A,-9999
3198,621.152831,621.1529442151765,621.1529894187689,3460894.5,-9999,137752.8,17.79,-1,-0.0727736857190787,0.4995197538160908,0.6825582999861977,0.5727351722841336,31,0.6046511627906976,0.06976744186046512,S1 O3,de-protonated,0,-9999,C43 H26 O3 S1,43,26,3,-9999,-9999,1,-9999,N/A,-9999,-9999,N/A,-9999
3198,621.152831,621.1529442151765,621.153122360499,3460894.5,-9999,137752.8,17.79,-1,-0.28679775737487906,0.49259306540009373,0.7428850341668536,0.5927098529067977,18,0.96875,0.34375,P1 O11,de-protonated,0,-9999,C32 H31 O11 P1,32,31,11,-9999,1,-9999,-9999,N/A,-9999,-9999,N/A,-9999
3198,621.152831,621.1529442151765,621.152851034339,3460894.5,-9999,137752.8,17.79,-1,0.1500127340376173,0.49796251832197536,0.8077896627745539,0.6218933761030068,4,1.7272727272727273,0.7272727272727273,S2 O16,de-protonated,0,-9999,C22 H38 O16 S2,22,38,16,-9999,-9999,2,-9999,N/A,-9999,-9999,N/A,-9999
3198,621.152831,621.1529442151765,621.152337970089,3460894.5,-9999,137752.8,17.79,-1,0.9760006530633204,0.420634465390563,0.725399618712417,0.5425405267193046,22,0.8571428571428571,0.14285714285714285,N2 S2 O5,de-protonated,0,-9999,C35 H30 O5 N2 S2,35,30,5,2,-9999,2,-9999,N/A,-9999,-9999,N/A,-9999
3198,621.152831,621.1529442151765,621.152470911819,3460894.5,-9999,137752.8,17.79,-1,0.7619761324813915,0.4500045110800848,0.7939170211058493,0.5875695150903906,9,1.4583333333333333,0.5416666666666666,N2 S1 P1 O13,de-protonated,0,-9999,C24 H35 O13 N2 P1 S1,24,35,13,2,1,1,-9999,N/A,-9999,-9999,N/A,-9999
3198,621.152831,621.1529442151765,621.153319064989,3460894.5,-9999,137752.8,17.79,-1,-0.6034738944196006,0.4680279336127467,0.8077896627745539,0.6039326252774697,10,1.3636363636363635,0.7727272727272727,N4 O17,de-protonated,0,-9999,C22 H30 O17 N4,22,30,17,4,-9999,-9999,-9999,N/A,-9999,-9999,N/A,-9999
3199,621.189792,621.1899052444758,621.189374928119,3720004.3,-9999,138505,19.24,-1,0.8537112483481785,0.4380636158382614,0.677556331758097,0.5338607022061956,30,0.6818181818181818,0.04545454545454545,S1 O2,de-protonated,0,-9999,C44 H30 O2 S1,44,30,2,-9999,-9999,1,-9999,N/A,-9999,-9999,N/A,-9999
3199,621.189792,621.1899052444758,621.190377249719,3720004.3,-9999,138505,19.24,-1,-0.7598399145716197,0.45027003674388466,0.7311359101322861,0.5626163860992452,16,1.1470588235294117,0.14705882352941177,S2 P1 O5,de-protonated,0,-9999,C34 H39 O5 P1 S2,34,39,5,-9999,1,2,-9999,N/A,-9999,-9999,N/A,-9999
3199,621.189792,621.1899052444758,621.1895078698491,3720004.3,-9999,138505,19.24,-1,0.6396995146444092,0.4642190304115256,0.7369636471990462,0.5733168771265338,17,1.0606060606060606,0.30303030303030304,P1 O10,de-protonated,0,-9999,C33 H35 O10 P1,33,35,10,-9999,1,-9999,-9999,N/A,-9999,-9999,N/A,-9999
3199,621.189792,621.1899052444758,621.1897045743391,3720004.3,-9999,138505,19.24,-1,0.32304163317650825,0.4906214525529755,0.8007932653391621,0.6146901776674502,9,1.4782608695652173,0.6956521739130435,N4 O16,de-protonated,0,-9999,C23 H34 O16 N4,23,34,16,4,-9999,-9999,-9999,N/A,-9999,-9999,N/A,-9999
3200,621.22607,621.2261832732337,621.2257604374689,3252329.3,-9999,145421.1,16.62,-1,0.6806475064209233,0.4596872488743178,0.672627141691601,0.5448632060012311,29,0.7555555555555555,0.02222222222222222,S1 O1,de-protonated,0,-9999,C45 H34 O1 S1,45,34,1,-9999,-9999,1,-9999,N/A,-9999,-9999,N/A,-9999
3200,621.22607,621.2261832732337,621.2267627590691,3252329.3,-9999,145421.1,16.62,-1,-0.9328088712729186,0.42697425526030286,0.725399618712417,0.5463444006411485,15,1.2285714285714286,0.11428571428571428,S2 P1 O4,de-protonated,0,-9999,C35 H43 O4 P1 S2,35,43,4,-9999,1,2,-9999,N/A,-9999,-9999,N/A,-9999
3200,621.22607,621.2261832732337,621.2258933791991,3252329.3,-9999,145421.1,16.62,-1,0.46664834434323615,0.4806290225307906,0.7311359101322861,0.5808317775713887,16,1.1470588235294117,0.2647058823529412,P1 O9,de-protonated,0,-9999,C34 H39 O9 P1,34,39,9,-9999,1,-9999,-9999,N/A,-9999,-9999,N/A,-9999
3200,621.22607,621.2261832732337,621.225622053039,3252329.3,-9999,145421.1,16.62,-1,0.9034079965759024,0.43117734439299366,0.7939170211058493,0.576273215078136,2,1.9166666666666667,0.5833333333333334,S2 O14,de-protonated,0,-9999,C24 H46 O14 S2,24,46,14,-9999,-9999,2,-9999,N/A,-9999,-9999,N/A,-9999
3200,621.22607,621.2261832732337,621.226090083689,3252329.3,-9999,145421.1,16.62,-1,0.15000906465674843,0.497962617792894,0.7939170211058493,0.6163443791180762,8,1.5833333333333333,0.625,N4 O15,de-protonated,0,-9999,C24 H38 O15 N4,24,38,15,4,-9999,-9999,-9999,N/A,-9999,-9999,N/A,-9999
3201,623.131238,623.1313527834767,623.1318738513589,3050253.3,-9999,331285.6,15.48,-1,-0.8362080389368243,0.44042105573714313,0.677556331758097,0.5352751661455247,36,0.4772727272727273,0.02272727272727272,N2 P1 O1,de-protonated,0,-9999,C44 H21 O1 N2 P1,44,21,1,2,1,-9999,-9999,N/A,-9999,-9999,N/A,-9999
3201,623.131238,623.1313527834767,623.1316025251991,3050253.3,-9999,331285.6,15.48,-1,-0.400784876606453,0.48563740489012575,0.731135910132286,0.5838368069869899,22,0.8235294117647058,0.17647058823529413,N2 S2 O6,de-protonated,0,-9999,C34 H28 O6 N2 S2,34,28,6,2,-9999,2,-9999,N/A,-9999,-9999,N/A,-9999
3201,623.131238,623.1313527834767,623.130733145329,3050253.3,-9999,331285.6,15.48,-1,0.9943950999507136,0.41787724427849504,0.7369636471990461,0.5455118054467154,23,0.7272727272727273,0.3333333333333333,N2 O11,de-protonated,0,-9999,C33 H24 O11 N2,33,24,11,2,-9999,-9999,-9999,N/A,-9999,-9999,N/A,-9999
3201,623.131238,623.1313527834767,623.1317354669291,3050253.3,-9999,331285.6,15.48,-1,-0.614129293336615,0.4669274337288561,0.8007932653391621,0.6004737663729784,9,1.434782608695652,0.6086956521739131,N2 S1 P1 O14,de-protonated,0,-9999,C23 H33 O14 N2 P1 S1,23,33,14,2,1,1,-9999,N/A,-9999,-9999,N/A,-9999
3201,623.131238,623.1313527834767,623.1312224026789,3050253.3,-9999,331285.6,15.48,-1,0.20923489810818977,0.4960438908203856,0.719752637322661,0.5855273894212958,27,0.6944444444444444,0.08333333333333333,N4 S1 P1 O3,de-protonated,0,-9999,C36 H25 O3 N4 P1 S1,36,25,3,4,1,1,-9999,N/A,-9999,-9999,N/A,-9999
3202,623.132664,623.132778784607,623.1322539738791,3120399,-9999,208082.4,15.87,-1,0.8422140317591855,0.4396162134865622,0.6876346701883606,0.5388235961672816,31,0.5714285714285714,0.09523809523809525,S1 O4,de-protonated,0,-9999,C42 H24 O4 S1,42,24,4,-9999,-9999,1,-9999,N/A,-9999,-9999,N/A,-9999
3202,623.132664,623.132778784607,623.133256295479,3120399,-9999,208082.4,15.87,-1,-0.766306190770359,0.4494644942246283,0.7428850341668536,0.5668327102015185,17,1.03125,0.21875,S2 P1 O7,de-protonated,0,-9999,C32 H33 O7 P1 S2,32,33,7,-9999,1,2,-9999,N/A,-9999,-9999,N/A,-9999
3202,623.132664,623.132778784607,623.1323869156091,3120399,-9999,208082.4,15.87,-1,0.6288695726990564,0.4653776969008863,0.7489023467070351,0.5787875568233458,18,0.935483870967742,0.3870967741935484,P1 O12,de-protonated,0,-9999,C31 H29 O12 P1,31,29,12,-9999,1,-9999,-9999,N/A,-9999,-9999,N/A,-9999
3202,623.132664,623.132778784607,623.1325836200991,3120399,-9999,208082.4,15.87,-1,0.3131990093542148,0.9823585074465134,0,0.589415104467908,10,1.3333333333333333,0.8571428571428571,N4 O18,de-protonated,0,-9999,C21 H28 O18 N4,21,28,18,4,-9999,-9999,-9999,N/A,-9999,-9999,N/A,-9999
3203,623.167674,623.1677888123597,623.167988034549,2958131.3,-9999,305015.6,14.96,-1,-0.31969259189473165,0.49081311503357183,0.7253996187124169,0.5846477165051098,21,0.9142857142857144,0.14285714285714285,N2 S2 O5,de-protonated,0,-9999,C35 H32 O5 N2 S2,35,32,5,2,-9999,2,-9999,N/A,-9999,-9999,N/A,-9999
3203,623.167674,623.1677888123597,623.168120976279,2958131.3,-9999,305015.6,14.96,-1,-0.533024569363684,0.47487697484176983,0.7939170211058493,0.6024929933474017,8,1.5416666666666667,0.5416666666666666,N2 S1 P1 O13,de-protonated,0,-9999,C24 H37 O13 N2 P1 S1,24,37,13,2,1,1,-9999,N/A,-9999,-9999,N/A,-9999
3203,623.167674,623.1677888123597,623.167607912029,2958131.3,-9999,305015.6,14.96,-1,0.29029161408638715,0.49241288363090535,0.7141928963326544,0.581124888711605,26,0.7837837837837838,0.05405405405405406,N4 S1 P1 O2,de-protonated,0,-9999,C37 H29 O2 N4 P1 S1,37,29,2,4,1,1,-9999,N/A,-9999,-9999,N/A,-9999
3204,623.169322,623.169436813666,623.169641804829,3197748.8,-9999,205124.6,16.3,-1,-0.32894921253206766,0.49027868502485655,0.7369636471990461,0.5889526698945324,16,1.121212121212121,0.18181818181818185,S2 P1 O6,de-protonated,0,-9999,C33 H37 O6 P1 S2,33,37,6,-9999,1,2,-9999,N/A,-9999,-9999,N/A,-9999
3204,623.169322,623.169436813666,623.1698385093191,3197748.8,-9999,205124.6,16.3,-1,-0.6446006020262222,0.46368913793809535,0.8007932653391622,0.5985307888985221,8,1.565217391304348,0.5217391304347826,N4 S2 O12,de-protonated,0,-9999,C23 H36 O12 N4 S2,23,36,12,4,-9999,2,-9999,N/A,-9999,-9999,N/A,-9999
3204,623.169322,623.169436813666,623.168969129449,3197748.8,-9999,205124.6,16.3,-1,0.7504934298665517,0.45142483016968166,0.8077896627745539,0.5939707632116306,9,1.4545454545454546,0.7727272727272727,N4 O17,de-protonated,0,-9999,C22 H32 O17 N4,22,32,17,4,-9999,-9999,-9999,N/A,-9999,-9999,N/A,-9999
3205,623.204767,623.2048818417636,623.205024992579,3351385.5,-9999,163454.8,17.16,-1,-0.22970099663273832,0.49523599346276664,0.677556331758097,0.5681641287808988,29,0.7272727272727273,0.04545454545454545,S1 O2,de-protonated,0,-9999,C44 H32 O2 S1,44,32,2,-9999,-9999,1,-9999,N/A,-9999,-9999,N/A,-9999
3205,623.204767,623.2048818417636,623.205157934309,3351385.5,-9999,163454.8,17.16,-1,-0.4430203150218402,0.48250713546230994,0.7369636471990462,0.5842897401570044,16,1.121212121212121,0.30303030303030304,P1 O10,de-protonated,0,-9999,C33 H37 O10 P1,33,37,10,-9999,1,-9999,-9999,N/A,-9999,-9999,N/A,-9999
3205,623.204767,623.2048818417636,623.204886608149,3351385.5,-9999,163454.8,17.16,-1,-0.00764818354559271,0.49999469313387984,0.8007932653391621,0.6203141220159927,2,1.9130434782608696,0.6521739130434783,S2 O15,de-protonated,0,-9999,C23 H44 O15 S2,23,44,15,-9999,-9999,2,-9999,N/A,-9999,-9999,N/A,-9999
3205,623.204767,623.2048818417636,623.2043735438991,3351385.5,-9999,163454.8,17.16,-1,0.8156198609367188,0.4431471775609754,0.719752637322661,0.5537893614656497,20,1,0.1111111111111111,N2 S2 O4,de-protonated,0,-9999,C36 H36 O4 N2 S2,36,36,4,2,-9999,2,-9999,N/A,-9999,-9999,N/A,-9999
3205,623.204767,623.2048818417636,623.204506485629,3351385.5,-9999,163454.8,17.16,-1,0.6023000967554866,0.46814814359194823,0.787157861234881,0.5957520306491213,7,1.64,0.48,N2 S1 P1 O12,de-protonated,0,-9999,C25 H41 O12 N2 P1 S1,25,41,12,2,1,1,-9999,N/A,-9999,-9999,N/A,-9999
3205,623.204767,623.2048818417636,623.2053546387991,3351385.5,-9999,163454.8,17.16,-1,-0.7586536797127188,0.45041722782563454,0.8007932653391621,0.5905676428310456,8,1.565217391304348,0.6956521739130435,N4 O16,de-protonated,0,-9999,C23 H36 O16 N4,23,36,16,4,-9999,-9999,-9999,N/A,-9999,-9999,N/A,-9999
3206,623.241611,623.2417258709703,623.241410501929,2881151.5,-9999,174553.6,14.53,-1,0.5060142603354367,0.47730136505877274,0.672627141691601,0.555431675711904,28,0.8,0.02222222222222222,S1 O1,de-protonated,0,-9999,C45 H36 O1 S1,45,36,1,-9999,-9999,1,-9999,N/A,-9999,-9999,N/A,-9999
3206,623.241611,623.2417258709703,623.241543443659,2881151.5,-9999,174553.6,14.53,-1,0.29270723882364563,0.4922870708051623,0.731135910132286,0.5878266065360118,15,1.2058823529411764,0.2647058823529412,P1 O9,de-protonated,0,-9999,C34 H41 O9 P1,34,41,9,-9999,1,-9999,-9999,N/A,-9999,-9999,N/A,-9999
3206,623.241611,623.2417258709703,623.2412721174991,2881151.5,-9999,174553.6,14.53,-1,0.7280542729114254,0.4541505990476773,0.7939170211058493,0.5900571678709461,1,2,0.5833333333333334,S2 O14,de-protonated,0,-9999,C24 H48 O14 S2,24,48,14,-9999,-9999,2,-9999,N/A,-9999,-9999,N/A,-9999
3206,623.241611,623.2417258709703,623.241740148149,2881151.5,-9999,174553.6,14.53,-1,-0.02290793088319198,0.4999523925539051,0.7939170211058493,0.6175382439746828,7,1.6666666666666667,0.625,N4 O15,de-protonated,0,-9999,C24 H40 O15 N4,24,40,15,4,-9999,-9999,-9999,N/A,-9999,-9999,N/A,-9999
3207,625.112589,625.1127053541105,625.112520850589,2443030.3,-9999,232421.4,12.07,-1,0.29515249709687147,0.49215868586776607,0.748902346707035,0.5948561502034737,17,1,0.25806451612903225,S2 P1 O8,de-protonated,0,-9999,C31 H31 O8 P1 S2,31,31,8,-9999,1,2,-9999,N/A,-9999,-9999,N/A,-9999
3207,625.112589,625.1127053541105,625.1128559395089,2443030.3,-9999,232421.4,12.07,-1,-0.2408931394649879,0.49476293122959686,0.6876346701883606,0.5719116268131024,36,0.42857142857142855,0.0238095238095238,N4 S1 O1,de-protonated,0,-9999,C42 H18 O1 N4 S1,42,18,1,4,-9999,1,-9999,N/A,-9999,-9999,N/A,-9999
3207,625.112589,625.1127053541105,625.1129888812391,2443030.3,-9999,232421.4,12.07,-1,-0.4535614098377221,0.4816804108902053,0.7489023467070351,0.5885691852169372,23,0.7419354838709677,0.2903225806451613,N4 P1 O9,de-protonated,0,-9999,C31 H23 O9 N4 P1,31,23,9,4,1,-9999,-9999,N/A,-9999,-9999,N/A,-9999
3207,625.112589,625.1127053541105,625.112717555079,2443030.3,-9999,232421.4,12.07,-1,-0.01951802958123022,0.9999308788807126,0,0.5999585273284276,9,1.4285714285714286,0.6666666666666666,N4 S2 O14,de-protonated,0,-9999,C21 H30 O14 N4 S2,21,30,14,4,-9999,2,-9999,N/A,-9999,-9999,N/A,-9999
3208,625.147707,625.1478233819488,625.147904038339,3142458.8,-9999,168669.3,15.98,-1,-0.12901969226007023,0.49849207365991216,0.6876346701883607,0.5741491122712916,30,0.6190476190476191,0.09523809523809525,S1 O4,de-protonated,0,-9999,C42 H26 O4 S1,42,26,4,-9999,-9999,1,-9999,N/A,-9999,-9999,N/A,-9999
3208,625.147707,625.1478233819488,625.148036980069,3142458.8,-9999,168669.3,15.98,-1,-0.34167606327592387,0.48952000007865737,0.7489023467070351,0.5932729387300084,17,1,0.3870967741935484,P1 O12,de-protonated,0,-9999,C31 H31 O12 P1,31,31,12,-9999,1,-9999,-9999,N/A,-9999,-9999,N/A,-9999
3208,625.147707,625.1478233819488,625.147765653909,3142458.8,-9999,168669.3,15.98,-1,0.09234303146168683,0.9984539407109396,0,0.5990723644265636,3,1.8095238095238095,0.8095238095238095,S2 O17,de-protonated,0,-9999,C21 H38 O17 S2,21,38,17,-9999,-9999,2,-9999,N/A,-9999,-9999,N/A,-9999
3208,625.147707,625.1478233819488,625.147523915819,3142458.8,-9999,168669.3,15.98,-1,0.4790327376742467,0.4796087366262219,0.677556331758097,0.558787774678972,35,0.5227272727272727,0.02272727272727272,N2 P1 O1,de-protonated,0,-9999,C44 H23 O1 N2 P1,44,23,1,2,1,-9999,-9999,N/A,-9999,-9999,N/A,-9999
3208,625.147707,625.1478233819488,625.1472525896589,3142458.8,-9999,168669.3,15.98,-1,0.9130525448191296,0.4298088987937217,0.731135910132286,0.5503397033291475,21,0.8823529411764706,0.17647058823529413,N2 S2 O6,de-protonated,0,-9999,C34 H30 O6 N2 S2,34,30,6,2,-9999,2,-9999,N/A,-9999,-9999,N/A,-9999
3208,625.147707,625.1478233819488,625.1473855313891,3142458.8,-9999,168669.3,15.98,-1,0.7003957304145781,0.4574180244107659,0.8007932653391621,0.5947681207821244,8,1.5217391304347827,0.6086956521739131,N2 S1 P1 O14,de-protonated,0,-9999,C23 H35 O14 N2 P1 S1,23,35,14,2,1,1,-9999,N/A,-9999,-9999,N/A,-9999
3208,625.147707,625.1478233819488,625.148233684559,3142458.8,-9999,168669.3,15.98,-1,-0.6563285124076177,0.9248144766767826,0,0.5548886860060696,9,1.4285714285714286,0.8571428571428571,N4 O18,de-protonated,0,-9999,C21 H30 O18 N4,21,30,18,4,-9999,-9999,-9999,N/A,-9999,-9999,N/A,-9999
3209,625.183938,625.1840544106695,625.184289547689,2981472.8,-9999,154729,15.08,-1,-0.37610833057686466,0.4873296654482426,0.6825582999861977,0.5654211192634246,29,0.6976744186046512,0.06976744186046512,S1 O3,de-protonated,0,-9999,C43 H30 O3 S1,43,30,3,-9999,-9999,1,-9999,N/A,-9999,-9999,N/A,-9999
3209,625.183938,625.1840544106695,625.184422489419,2981472.8,-9999,154729,15.08,-1,-0.5887522725262102,0.469520836791688,0.7428850341668535,0.5788665157417542,16,1.09375,0.34375,P1 O11,de-protonated,0,-9999,C32 H35 O11 P1,32,35,11,-9999,1,-9999,-9999,N/A,-9999,-9999,N/A,-9999
3209,625.183938,625.1840544106695,625.1841511632591,2981472.8,-9999,154729,15.08,-1,-0.1547585449667757,0.9956636953961696,0,0.5973982172377018,2,1.9090909090909092,0.7272727272727273,S2 O16,de-protonated,0,-9999,C22 H42 O16 S2,22,42,16,-9999,-9999,2,-9999,N/A,-9999,-9999,N/A,-9999
3209,625.183938,625.1840544106695,625.183638099009,2981472.8,-9999,154729,15.08,-1,0.6659030005443743,0.4613462690542473,0.725399618712417,0.5669676089175151,20,0.9714285714285714,0.14285714285714285,N2 S2 O5,de-protonated,0,-9999,C35 H34 O5 N2 S2,35,34,5,2,-9999,2,-9999,N/A,-9999,-9999,N/A,-9999
3209,625.183938,625.1840544106695,625.1837710407391,2981472.8,-9999,154729,15.08,-1,0.4532586154398844,0.4817044098583671,0.7939170211058493,0.60658945435736,7,1.625,0.5416666666666666,N2 S1 P1 O13,de-protonated,0,-9999,C24 H39 O13 N2 P1 S1,24,39,13,2,1,1,-9999,N/A,-9999,-9999,N/A,-9999
3209,625.183938,625.1840544106695,625.184619193909,2981472.8,-9999,154729,15.08,-1,-0.9033863312652476,0.8623608139107437,0,0.5174164883464462,8,1.5454545454545454,0.7727272727272727,N4 O17,de-protonated,0,-9999,C22 H34 O17 N4,22,34,17,4,-9999,-9999,-9999,N/A,-9999,-9999,N/A,-9999
3210,625.326531,625.3266475237042,625.326321897339,4782581.5,-9999,232649.8,25.16,-1,0.5207303032386438,0.4759945781871474,0.7612342259156645,0.5900904372785543,3,1.862068965517241,0.41379310344827586,S1 O12,de-protonated,0,-9999,C29 H54 O12 S1,29,54,12,-9999,-9999,1,-9999,N/A,-9999,-9999,N/A,-9999
3210,625.326531,625.3266475237042,625.326811154689,4782581.5,-9999,232649.8,25.16,-1,-0.2616727476333065,0.4938262971896964,0.7428850341668536,0.5934497919805592,7,1.71875,0.125,N2 S2 P1 O4,de-protonated,0,-9999,C32 H55 O4 N2 P1 S2,32,55,4,2,1,2,-9999,N/A,-9999,-9999,N/A,-9999
3211,625.32798,625.3280965248529,625.328310756539,4531703,-9999,148718.1,23.75,-1,-0.34259073594031175,0.4894644108334868,0.7087183895694522,0.577166002327873,17,1.2105263157894737,0.15789473684210523,N2 O6,de-protonated,0,-9999,C38 H46 O6 N2,38,46,6,2,-9999,-9999,-9999,N/A,-9999,-9999,N/A,-9999
3211,625.32798,625.3280965248529,625.3276593078591,4531703,-9999,148718.1,23.75,-1,0.6991806411435242,0.45755919326755673,0.7550179348240813,0.5765426898901667,8,1.6666666666666667,0.26666666666666666,N4 S1 O8,de-protonated,0,-9999,C30 H50 O8 N4 S1,30,50,8,4,-9999,1,-9999,N/A,-9999,-9999,N/A,-9999
3212,626.979406,626.9795238339524,626.979257574329,2670268.5,-9999,218616.8,13.33,-1,0.424670545521766,0.4839031202859829,0.7550179348240813,0.5923490461012223,25,0.43333333333333335,0.4,S1 P1 O12,de-protonated,0,-9999,C30 H13 O12 P1 S1,30,13,12,-9999,1,1,-9999,N/A,-9999,-9999,N/A,-9999
3212,626.979406,626.9795238339524,626.979454278819,2670268.5,-9999,218616.8,13.33,-1,0.11093686222383949,0.99776940478699,0,0.598661642872194,17,0.6,0.9,N4 S1 O18,de-protonated,0,-9999,C20 H12 O18 N4 S1,20,12,18,4,-9999,1,-9999,N/A,-9999,-9999,N/A,-9999
3213,628.976966,628.9770854174352,628.9771495740491,2734849.5,-9999,226208.5,13.68,-1,-0.10200150189877924,0.49905696656864984,0.7550179348240813,0.6014413538708224,24,0.5,0.3333333333333333,S2 P1 O10,de-protonated,0,-9999,C30 H15 O10 P1 S2,30,15,10,-9999,1,2,-9999,N/A,-9999,-9999,N/A,-9999
3213,628.976966,628.9770854174352,628.9773462785391,2734849.5,-9999,226208.5,13.68,-1,-0.4147384726467715,0.9692713980488048,0,0.5815628388292828,16,0.7,0.8,N4 S2 O16,de-protonated,0,-9999,C20 H14 O16 N4 S2,20,14,16,4,-9999,2,-9999,N/A,-9999,-9999,N/A,-9999
3214,628.982214,628.9823334215954,628.982020479219,3721479,-9999,155488.2,19.2,-1,0.4975378725698727,0.4780386450828488,0.7369636471990461,0.5816086459293277,29,0.30303030303030304,0.3636363636363637,S1 O12,de-protonated,0,-9999,C33 H10 O12 S1,33,10,12,-9999,-9999,1,-9999,N/A,-9999,-9999,N/A,-9999
3214,628.982214,628.9823334215954,628.982153420949,3721479,-9999,155488.2,19.2,-1,0.286177668864929,0.492624822863143,0.8077896627745539,0.6186907588277074,16,0.6818181818181818,0.9090909090909092,P1 O20,de-protonated,0,-9999,C22 H15 O20 P1,22,15,20,-9999,1,-9999,-9999,N/A,-9999,-9999,N/A,-9999
3214,628.982214,628.9823334215954,628.982509736569,3721479,-9999,155488.2,19.2,-1,-0.2803177685728578,0.49292163903905106,0.719752637322661,0.5836540383524951,33,0.3055555555555556,0.1111111111111111,N2 S2 P1 O4,de-protonated,0,-9999,C36 H11 O4 N2 P1 S2,36,11,4,2,1,2,-9999,N/A,-9999,-9999,N/A,-9999
3215,629.120876,629.1209955315139,629.121550905419,2722715,-9999,249826.6,13.61,-1,-0.8827767929091745,0.8681402233742929,0,0.5208841340245757,7,1.4782608695652173,0.6956521739130435,S2 O16,de-protonated,0,-9999,C23 H34 O16 S2,23,34,16,-9999,-9999,2,-9999,N/A,-9999,-9999,N/A,-9999
3215,629.120876,629.1209955315139,629.120681525549,2722715,-9999,249826.6,13.61,-1,0.49911880843371015,0.9558039870493028,0,0.5734823922295816,8,1.3636363636363635,0.9545454545454546,O21,de-protonated,0,-9999,C22 H30 O21,22,30,21,-9999,-9999,-9999,-9999,N/A,-9999,-9999,N/A,-9999
3215,629.120876,629.1209955315139,629.121037841169,2722715,-9999,249826.6,13.61,-1,-0.06725201122745982,0.49958983727111406,0.719752637322661,0.5876549572917329,25,0.7222222222222222,0.1388888888888889,N2 S2 O5,de-protonated,0,-9999,C36 H26 O5 N2 S2,36,26,5,2,-9999,2,-9999,N/A,-9999,-9999,N/A,-9999
3215,629.120876,629.1209955315139,629.1211707828991,2722715,-9999,249826.6,13.61,-1,-0.27856539134774966,0.9860184840563668,0,0.5916110904338201,12,1.24,0.52,N2 S1 P1 O13,de-protonated,0,-9999,C25 H31 O13 N2 P1 S1,25,31,13,2,1,1,-9999,N/A,-9999,-9999,N/A,-9999
3215,629.120876,629.1209955315139,629.1206577186489,2722715,-9999,249826.6,13.61,-1,0.5369603761956925,0.474514247355614,0.7087183895694522,0.5681959042411493,30,0.6052631578947368,0.05263157894736842,N4 S1 P1 O2,de-protonated,0,-9999,C38 H23 O2 N4 P1 S1,38,23,2,4,1,1,-9999,N/A,-9999,-9999,N/A,-9999
3215,629.120876,629.1209955315139,629.120519334219,2722715,-9999,249826.6,13.61,-1,0.7569253907333741,0.9012627052717012,0,0.5407576231630208,3,2.0588235294117645,0.8823529411764706,N4 S2 P1 O15,de-protonated,0,-9999,C17 H35 O15 N4 P1 S2,17,35,15,4,1,2,-9999,N/A,-9999,-9999,N/A,-9999
3216,629.19348,629.1935995890677,629.193452544249,2451944.3,-9999,155999.5,12.1,-1,0.2337036695746846,0.990138688354291,0,0.5940832130125746,6,1.5833333333333333,0.7916666666666666,O19,de-protonated,0,-9999,C24 H38 O19,24,38,19,-9999,-9999,-9999,-9999,N/A,-9999,-9999,N/A,-9999
3216,629.19348,629.1935995890677,629.193808859869,2451944.3,-9999,155999.5,12.1,-1,-0.3326014947152996,0.49006378864105926,0.7087183895694522,0.5775256290124164,23,0.8947368421052632,0.07894736842105263,N2 S2 O3,de-protonated,0,-9999,C38 H34 O3 N2 S2,38,34,3,2,-9999,2,-9999,N/A,-9999,-9999,N/A,-9999
3216,629.19348,629.1935995890677,629.1939418015991,2451944.3,-9999,155999.5,12.1,-1,-0.54389037878607,0.947739541611109,0,0.5686437249666654,10,1.4444444444444444,0.4074074074074074,N2 S1 P1 O11,de-protonated,0,-9999,C27 H39 O11 N2 P1 S1,27,39,11,2,1,1,-9999,N/A,-9999,-9999,N/A,-9999
3216,629.19348,629.1935995890677,629.1932903529191,2451944.3,-9999,155999.5,12.1,-1,0.4914803659718269,0.957117165075768,0,0.5742702990454608,1,2.263157894736842,0.6842105263157895,N4 S2 P1 O13,de-protonated,0,-9999,C19 H43 O13 N4 P1 S2,19,43,13,4,1,2,-9999,N/A,-9999,-9999,N/A,-9999
3217,629.199651,629.1997705939596,629.2003335353189,3454191,-9999,133511.1,17.7,-1,-0.8946933581541284,0.4324050404355624,0.7033271719038787,0.5407738930228889,23,0.8717948717948718,0.15384615384615383,S1 O6,de-protonated,0,-9999,C39 H34 O6 S1,39,34,6,-9999,-9999,1,-9999,N/A,-9999,-9999,N/A,-9999
3217,629.199651,629.1997705939596,629.199953412799,3454191,-9999,133511.1,17.7,-1,-0.29055761758525,0.4923990789009257,0.6927871148459346,0.5725542932789293,28,0.7560975609756098,0.07317073170731707,N2 P1 O3,de-protonated,0,-9999,C41 H31 O3 N2 P1,41,31,3,2,1,-9999,-9999,N/A,-9999,-9999,N/A,-9999
3217,629.199651,629.1997705939596,629.199682086639,3454191,-9999,133511.1,17.7,-1,0.1406665055680105,0.4982080502301331,0.748902346707035,0.5984857688208939,14,1.2258064516129032,0.25806451612903225,N2 S2 O8,de-protonated,0,-9999,C31 H38 O8 N2 S2,31,38,8,2,-9999,2,-9999,N/A,-9999,-9999,N/A,-9999
3217,629.199651,629.1997705939596,629.199815028369,3454191,-9999,133511.1,17.7,-1,-0.07062050623510303,0.49954773914754386,0.8221557383861047,0.6285909388429682,1,2.15,0.8,N2 S1 P1 O16,de-protonated,0,-9999,C20 H43 O16 N2 P1 S1,20,43,16,2,1,1,-9999,N/A,-9999,-9999,N/A,-9999
3217,629.199651,629.1997705939596,629.199301964119,3454191,-9999,133511.1,17.7,-1,0.7448034973155149,0.45212227378622577,0.7369636471990461,0.5660588231513539,19,1.0606060606060606,0.15151515151515152,N4 S1 P1 O5,de-protonated,0,-9999,C33 H35 O5 N4 P1 S1,33,35,5,4,1,1,-9999,N/A,-9999,-9999,N/A,-9999
3218,631.136453,631.1365741292791,631.137200969879,2481419,-9999,201451.6,12.25,-1,-0.9931922868078774,0.8361171080466284,0,0.501670264827977,6,1.565217391304348,0.6956521739130435,S2 O16,de-protonated,0,-9999,C23 H36 O16 S2,23,36,16,-9999,-9999,2,-9999,N/A,-9999,-9999,N/A,-9999
3218,631.136453,631.1365741292791,631.136331590009,2481419,-9999,201451.6,12.25,-1,0.38428982443546866,0.9735597296141985,0,0.5841358377685191,7,1.4545454545454546,0.9545454545454546,O21,de-protonated,0,-9999,C22 H32 O21,22,32,21,-9999,-9999,-9999,-9999,N/A,-9999,-9999,N/A,-9999
3218,631.136453,631.1365741292791,631.1366879056291,2481419,-9999,201451.6,12.25,-1,-0.18027212193977749,0.49706031263721695,0.719752637322661,0.5861372425113947,24,0.7777777777777778,0.1388888888888889,N2 S2 O5,de-protonated,0,-9999,C36 H28 O5 N2 S2,36,28,5,2,-9999,2,-9999,N/A,-9999,-9999,N/A,-9999
3218,631.136453,631.1365741292791,631.136820847359,2481419,-9999,201451.6,12.25,-1,-0.3909106104153924,0.97265350098353,0,0.583592100590118,11,1.32,0.52,N2 S1 P1 O13,de-protonated,0,-9999,C25 H33 O13 N2 P1 S1,25,33,13,2,1,1,-9999,N/A,-9999,-9999,N/A,-9999
3218,631.136453,631.1365741292791,631.1363077831089,2481419,-9999,201451.6,12.25,-1,0.42201053384834286,0.484100910312868,0.7087183895694521,0.5739479020155016,29,0.6578947368421053,0.05263157894736842,N4 S1 P1 O2,de-protonated,0,-9999,C38 H25 O2 N4 P1 S1,38,25,2,4,1,1,-9999,N/A,-9999,-9999,N/A,-9999
3218,631.136453,631.1365741292791,631.136169398679,2481419,-9999,201451.6,12.25,-1,0.6412730242327618,0.928098563337538,0,0.5568591380025227,2,2.176470588235294,0.8823529411764706,N4 S2 P1 O15,de-protonated,0,-9999,C17 H37 O15 N4 P1 S2,17,37,15,4,1,2,-9999,N/A,-9999,-9999,N/A,-9999
3219,631.173062,631.1731831582994,631.173724863659,2580018.5,-9999,196202.8,12.8,-1,-0.8582508084513573,0.4374463208577474,0.672627141691601,0.5315186491912889,32,0.6222222222222222,0.04444444444444444,S1 O2,de-protonated,0,-9999,C45 H28 O2 S1,45,28,2,-9999,-9999,1,-9999,N/A,-9999,-9999,N/A,-9999
3219,631.173062,631.1731831582994,631.173586479229,2580018.5,-9999,196202.8,12.8,-1,-0.6390015968495,0.9285884149113662,0,0.5571530489468197,5,1.6666666666666667,0.625,S2 O15,de-protonated,0,-9999,C24 H40 O15 S2,24,40,15,-9999,-9999,2,-9999,N/A,-9999,-9999,N/A,-9999
3219,631.173062,631.1731831582994,631.172717099359,2580018.5,-9999,196202.8,12.8,-1,0.7384015939008771,0.9058038280174378,0,0.5434822968104627,6,1.565217391304348,0.8695652173913043,O20,de-protonated,0,-9999,C23 H36 O20,23,36,20,-9999,-9999,-9999,-9999,N/A,-9999,-9999,N/A,-9999
3219,631.173062,631.1731831582994,631.1730734149791,2580018.5,-9999,196202.8,12.8,-1,0.1738719931678703,0.49726477857407375,0.7141928963326545,0.5840360256775061,23,0.8648648648648649,0.10810810810810811,N2 S2 O4,de-protonated,0,-9999,C37 H32 O4 N2 S2,37,32,4,2,-9999,2,-9999,N/A,-9999,-9999,N/A,-9999
3219,631.173062,631.1731831582994,631.1732063567091,2580018.5,-9999,196202.8,12.8,-1,-0.03675442731373434,0.9997549131989408,0,0.5998529479193645,10,1.4230769230769231,0.4615384615384616,N2 S1 P1 O12,de-protonated,0,-9999,C26 H37 O12 N2 P1 S1,26,37,12,2,1,1,-9999,N/A,-9999,-9999,N/A,-9999
3219,631.173062,631.1731831582994,631.1726932924589,2580018.5,-9999,196202.8,12.8,-1,0.7761201421668322,0.4482316697069263,0.7033271719038787,0.5502698705857072,28,0.7435897435897436,0.02564102564102564,N4 S1 P1 O1,de-protonated,0,-9999,C39 H29 O1 N4 P1 S1,39,29,1,4,1,1,-9999,N/A,-9999,-9999,N/A,-9999
3219,631.173062,631.1731831582994,631.172554908029,2580018.5,-9999,196202.8,12.8,-1,0.9953700702589334,0.8354603517822481,0,0.5012762110693488,1,2.2777777777777777,0.7777777777777778,N4 S2 P1 O14,de-protonated,0,-9999,C18 H41 O14 N4 P1 S2,18,41,14,4,1,2,-9999,N/A,-9999,-9999,N/A,-9999
3220,631.174165,631.1742861591738,631.173724863659,2631731.8,-9999,194564.3,13.09,-1,0.8892884679358114,0.4331622251681323,0.672627141691601,0.5289481917775198,32,0.6222222222222222,0.04444444444444444,S1 O2,de-protonated,0,-9999,C45 H28 O2 S1,45,28,2,-9999,-9999,1,-9999,N/A,-9999,-9999,N/A,-9999
3220,631.174165,631.1742861591738,631.1747271852589,2631731.8,-9999,194564.3,13.09,-1,-0.698738504778341,0.45761051056258795,0.725399618712417,0.5647261538225196,18,1.0571428571428572,0.14285714285714285,S2 P1 O5,de-protonated,0,-9999,C35 H37 O5 P1 S2,35,37,5,-9999,1,2,-9999,N/A,-9999,-9999,N/A,-9999
3220,631.174165,631.1742861591738,631.173857805389,2631731.8,-9999,194564.3,13.09,-1,0.6786621141610248,0.4599124068518655,0.7311359101322861,0.5684018081640337,19,0.9705882352941176,0.29411764705882354,P1 O10,de-protonated,0,-9999,C34 H33 O10 P1,34,33,10,-9999,1,-9999,-9999,N/A,-9999,-9999,N/A,-9999
3220,631.174165,631.1742861591738,631.174054509879,2631731.8,-9999,194564.3,13.09,-1,0.3670133350345677,0.9758553425568902,0,0.5855132055341341,11,1.3333333333333333,0.6666666666666666,N4 O16,de-protonated,0,-9999,C24 H32 O16 N4,24,32,16,4,-9999,-9999,-9999,N/A,-9999,-9999,N/A,-9999
3221,631.209132,631.2092531868923,631.209102608709,2467929.5,-9999,231774.1,12.17,-1,0.2385551517392826,0.9897271464093728,0,0.5938362878456236,5,1.6666666666666667,0.7916666666666666,O19,de-protonated,0,-9999,C24 H40 O19,24,40,19,-9999,-9999,-9999,-9999,N/A,-9999,-9999,N/A,-9999
3221,631.209132,631.2092531868923,631.209458924329,2467929.5,-9999,231774.1,12.17,-1,-0.3259416250240135,0.49045393648128094,0.7087183895694522,0.5777597177165494,22,0.9473684210526316,0.07894736842105263,N2 S2 O3,de-protonated,0,-9999,C38 H36 O3 N2 S2,38,36,3,2,-9999,2,-9999,N/A,-9999,-9999,N/A,-9999
3221,631.209132,631.2092531868923,631.209591866059,2467929.5,-9999,231774.1,12.17,-1,-0.5365557986870253,0.9491032876368604,0,0.5694619725821163,9,1.5185185185185186,0.4074074074074074,N2 S1 P1 O11,de-protonated,0,-9999,C27 H41 O11 N2 P1 S1,27,41,11,2,1,1,-9999,N/A,-9999,-9999,N/A,-9999
3221,631.209132,631.2092531868923,631.208940417379,2467929.5,-9999,231774.1,12.17,-1,0.4955086869280136,0.9564269273555912,0,0.5738561564133546,0,2.3684210526315788,0.6842105263157895,N4 S2 P1 O13,de-protonated,0,-9999,C19 H45 O13 N4 P1 S2,19,45,13,4,1,2,-9999,N/A,-9999,-9999,N/A,-9999
3222,631.211082,631.2112031884382,631.211112694609,2688603.5,-9999,242818.8,13.41,-1,0.14336539283641783,0.49813875773072286,0.719752637322661,0.586784309567498,17,1.1388888888888888,0.1111111111111111,S2 P1 O4,de-protonated,0,-9999,C36 H41 O4 P1 S2,36,41,4,-9999,1,2,-9999,N/A,-9999,-9999,N/A,-9999
3222,631.211082,631.2112031884382,631.211580725259,2688603.5,-9999,242818.8,13.41,-1,-0.5981145345254419,0.4685751360454626,0.719752637322661,0.569046136556342,23,0.9166666666666666,0.1388888888888889,N4 P1 O5,de-protonated,0,-9999,C36 H33 O5 N4 P1,36,33,5,4,1,-9999,-9999,N/A,-9999,-9999,N/A,-9999
3222,631.211082,631.2112031884382,631.211309399099,2688603.5,-9999,242818.8,13.41,-1,-0.16826482557061628,0.497437903845578,0.7805128205128198,0.6106678705124747,9,1.5384615384615383,0.38461538461538464,N4 S2 O10,de-protonated,0,-9999,C26 H40 O10 N4 S2,26,40,10,4,-9999,2,-9999,N/A,-9999,-9999,N/A,-9999
3223,633.115715,633.1158376982571,633.116465524989,2506858,-9999,199545.6,12.38,-1,-0.9916449281135928,0.8365831852357257,0,0.5019499111414354,6,1.5454545454545454,0.7727272727272727,S2 O17,de-protonated,0,-9999,C22 H34 O17 S2,22,34,17,-9999,-9999,2,-9999,N/A,-9999,-9999,N/A,-9999
3223,633.115715,633.1158376982571,633.1162237868989,2506858,-9999,199545.6,12.38,-1,-0.6098226949237641,0.4673742301440096,0.672627141691601,0.5494753947630462,38,0.4222222222222222,0.02222222222222222,N2 P1 O1,de-protonated,0,-9999,C45 H19 O1 N2 P1,45,19,1,2,1,-9999,-9999,N/A,-9999,-9999,N/A,-9999
3223,633.115715,633.1158376982571,633.1159524607391,2506858,-9999,199545.6,12.38,-1,-0.18126613543538872,0.49702790142320974,0.725399618712417,0.5883765883388927,24,0.7428571428571429,0.17142857142857143,N2 S2 O6,de-protonated,0,-9999,C35 H26 O6 N2 S2,35,26,6,2,-9999,2,-9999,N/A,-9999,-9999,N/A,-9999
3223,633.115715,633.1158376982571,633.116085402469,2506858,-9999,199545.6,12.38,-1,-0.3912461199874102,0.9726071882575222,0,0.5835643129545133,11,1.2916666666666667,0.5833333333333334,N2 S1 P1 O14,de-protonated,0,-9999,C24 H31 O14 N2 P1 S1,24,31,14,2,1,1,-9999,N/A,-9999,-9999,N/A,-9999
3223,633.115715,633.1158376982571,633.1155723382188,2506858,-9999,199545.6,12.38,-1,0.4191336461525024,0.4843135177390488,0.7141928963326545,0.5762652691764911,29,0.6216216216216216,0.08108108108108109,N4 S1 P1 O3,de-protonated,0,-9999,C37 H23 O3 N4 P1 S1,37,23,3,4,1,1,-9999,N/A,-9999,-9999,N/A,-9999
3224,633.151664,633.1517867267542,633.1519816544691,2840209.3,-9999,314432,14.24,-1,-0.3078687591023235,0.982948764072732,0,0.5897692584436393,6,1.5454545454545454,0.9545454545454546,O21,de-protonated,0,-9999,C22 H34 O21,22,34,21,-9999,-9999,-9999,-9999,N/A,-9999,-9999,N/A,-9999
3224,633.151664,633.1517867267542,633.152337970089,2840209.3,-9999,314432,14.24,-1,-0.8706330242625658,0.4357504234492188,0.719752637322661,0.5493513089985957,23,0.8333333333333334,0.1388888888888889,N2 S2 O5,de-protonated,0,-9999,C36 H30 O5 N2 S2,36,30,5,2,-9999,2,-9999,N/A,-9999,-9999,N/A,-9999
3224,633.151664,633.1517867267542,633.151468590219,2840209.3,-9999,314432,14.24,-1,0.5024651302869445,0.47761144700284314,0.7253996187124169,0.5767267156866727,24,0.7428571428571429,0.2857142857142857,N2 O10,de-protonated,0,-9999,C35 H26 O10 N2,35,26,10,2,-9999,-9999,-9999,N/A,-9999,-9999,N/A,-9999
3224,633.151664,633.1517867267542,633.151957847569,2840209.3,-9999,314432,14.24,-1,-0.2702681602372683,0.49341677445061344,0.7087183895694522,0.5795374204981489,28,0.7105263157894737,0.05263157894736842,N4 S1 P1 O2,de-protonated,0,-9999,C38 H27 O2 N4 P1 S1,38,27,2,4,1,1,-9999,N/A,-9999,-9999,N/A,-9999
3224,633.151664,633.1517867267542,633.1518194631391,2840209.3,-9999,314432,14.24,-1,-0.05170384719338717,0.9995150530627042,0,0.5997090318376225,1,2.2941176470588234,0.8823529411764706,N4 S2 P1 O15,de-protonated,0,-9999,C17 H39 O15 N4 P1 S2,17,39,15,4,1,2,-9999,N/A,-9999,-9999,N/A,-9999
3225,633.153458,633.1535807281763,633.1529894187689,2949779,-9999,226749.3,14.86,-1,0.9339123675269626,0.426814695017181,0.677556331758097,0.5271113497135475,32,0.5909090909090909,0.06818181818181818,S1 O3,de-protonated,0,-9999,C44 H26 O3 S1,44,26,3,-9999,-9999,1,-9999,N/A,-9999,-9999,N/A,-9999
3225,633.153458,633.1535807281763,633.153991740369,2949779,-9999,226749.3,14.86,-1,-0.6491504405456199,0.46319414894874783,0.731135910132286,0.5703708534221631,18,1.0294117647058822,0.17647058823529413,S2 P1 O6,de-protonated,0,-9999,C34 H35 O6 P1 S2,34,35,6,-9999,1,2,-9999,N/A,-9999,-9999,N/A,-9999
3225,633.153458,633.1535807281763,633.153122360499,2949779,-9999,226749.3,14.86,-1,0.72394443164399,0.4546426160874425,0.7369636471990461,0.5675710285320839,19,0.9393939393939394,0.3333333333333333,P1 O11,de-protonated,0,-9999,C33 H31 O11 P1,33,31,11,-9999,1,-9999,-9999,N/A,-9999,-9999,N/A,-9999
3225,633.153458,633.1535807281763,633.1541884448591,2949779,-9999,226749.3,14.86,-1,-0.9598241532386316,0.4230313311692344,0.7939170211058493,0.5713856071438803,10,1.4166666666666667,0.5,N4 S2 O12,de-protonated,0,-9999,C24 H34 O12 N4 S2,24,34,12,4,-9999,2,-9999,N/A,-9999,-9999,N/A,-9999
3225,633.153458,633.1535807281763,633.153319064989,2949779,-9999,226749.3,14.86,-1,0.4132698659605643,0.9694852865073472,0,0.5816911719044083,11,1.3043478260869563,0.7391304347826086,N4 O17,de-protonated,0,-9999,C23 H30 O17 N4,23,30,17,4,-9999,-9999,-9999,N/A,-9999,-9999,N/A,-9999
3226,633.189711,633.1898337569143,633.189374928119,3018938.5,-9999,204062.8,15.24,-1,0.7246312294319552,0.4545605516790024,0.672627141691601,0.5417871876840419,31,0.6666666666666666,0.04444444444444444,S1 O2,de-protonated,0,-9999,C45 H30 O2 S1,45,30,2,-9999,-9999,1,-9999,N/A,-9999,-9999,N/A,-9999
3226,633.189711,633.1898337569143,633.190377249719,3018938.5,-9999,204062.8,15.24,-1,-0.8583402784102795,0.4374341304947969,0.7253996187124169,0.5526203257818448,17,1.1142857142857143,0.14285714285714285,S2 P1 O5,de-protonated,0,-9999,C35 H39 O5 P1 S2,35,39,5,-9999,1,2,-9999,N/A,-9999,-9999,N/A,-9999
3226,633.189711,633.1898337569143,633.1895078698491,3018938.5,-9999,204062.8,15.24,-1,0.5146754030555294,0.47653635500262514,0.731135910132286,0.5783761770544895,18,1.0294117647058822,0.29411764705882354,P1 O10,de-protonated,0,-9999,C34 H35 O10 P1,34,35,10,-9999,1,-9999,-9999,N/A,-9999,-9999,N/A,-9999
3226,633.189711,633.1898337569143,633.189236543689,3018938.5,-9999,204062.8,15.24,-1,0.9431828444611344,0.42546915657159146,0.7939170211058494,0.5728483023852946,4,1.75,0.625,S2 O15,de-protonated,0,-9999,C24 H42 O15 S2,24,42,15,-9999,-9999,2,-9999,N/A,-9999,-9999,N/A,-9999
3226,633.189711,633.1898337569143,633.1897045743391,3018938.5,-9999,204062.8,15.24,-1,0.20401875493518168,0.49623794592603776,0.7939170211058493,0.6153095759979623,10,1.4166666666666667,0.6666666666666666,N4 O16,de-protonated,0,-9999,C24 H34 O16 N4,24,34,16,4,-9999,-9999,-9999,N/A,-9999,-9999,N/A,-9999
3227,633.226105,633.2262277857641,633.2257604374689,2942178.3,-9999,211102.2,14.81,-1,0.7380437189374489,0.45294533777469337,0.667769152885588,0.5388748638190513,30,0.7391304347826086,0.0217391304347826,S1 O1,de-protonated,0,-9999,C46 H34 O1 S1,46,34,1,-9999,-9999,1,-9999,N/A,-9999,-9999,N/A,-9999
3227,633.226105,633.2262277857641,633.2267627590691,2942178.3,-9999,211102.2,14.81,-1,-0.8448368522025106,0.4392633961315318,0.719752637322661,0.5514590926079834,16,1.1944444444444444,0.1111111111111111,S2 P1 O4,de-protonated,0,-9999,C36 H43 O4 P1 S2,36,43,4,-9999,1,2,-9999,N/A,-9999,-9999,N/A,-9999
3227,633.226105,633.2262277857641,633.2258933791991,2942178.3,-9999,211102.2,14.81,-1,0.5280999537432917,0.4753274590199324,0.7253996187124169,0.5753563228969262,17,1.1142857142857143,0.2571428571428571,P1 O9,de-protonated,0,-9999,C35 H39 O9 P1,35,39,9,-9999,1,-9999,-9999,N/A,-9999,-9999,N/A,-9999
3227,633.226105,633.2262277857641,633.225622053039,2942178.3,-9999,211102.2,14.81,-1,0.95658277861643,0.4235084077491043,0.7871578612348809,0.568968189143415,3,1.84,0.56,S2 O14,de-protonated,0,-9999,C25 H46 O14 S2,25,46,14,-9999,-9999,2,-9999,N/A,-9999,-9999,N/A,-9999
3227,633.226105,633.2262277857641,633.226090083689,2942178.3,-9999,211102.2,14.81,-1,0.21746115212922223,0.49572805864063774,0.787157861234881,0.612299979678335,9,1.52,0.6,N4 O15,de-protonated,0,-9999,C25 H38 O15 N4,25,38,15,4,-9999,-9999,-9999,N/A,-9999,-9999,N/A,-9999
3229,635.168209,635.1683333252867,635.168639483229,3034414.5,-9999,193535,15.32,-1,-0.4820104823717319,0.4793597600203121,0.677556331758097,0.558638388715426,31,0.6363636363636364,0.06818181818181818,S1 O3,de-protonated,0,-9999,C44 H28 O3 S1,44,28,3,-9999,-9999,1,-9999,N/A,-9999,-9999,N/A,-9999
3229,635.168209,635.1683333252867,635.168772424959,3034414.5,-9999,193535,15.32,-1,-0.6913118078400994,0.4584685018164616,0.7369636471990461,0.5698665599694954,18,1,0.3333333333333333,P1 O11,de-protonated,0,-9999,C33 H33 O11 P1,33,33,11,-9999,1,-9999,-9999,N/A,-9999,-9999,N/A,-9999
3229,635.168209,635.1683333252867,635.1685010987991,3034414.5,-9999,193535,15.32,-1,-0.26414016460218215,0.4937100584968738,0.8007932653391622,0.6165433412337892,4,1.7391304347826086,0.6956521739130435,S2 O16,de-protonated,0,-9999,C23 H40 O16 S2,23,40,16,-9999,-9999,2,-9999,N/A,-9999,-9999,N/A,-9999
3229,635.168209,635.1683333252867,635.167988034549,3034414.5,-9999,193535,15.32,-1,0.5436211272387887,0.4738949485278303,0.719752637322661,0.5722380240457626,22,0.8888888888888888,0.1388888888888889,N2 S2 O5,de-protonated,0,-9999,C36 H32 O5 N2 S2,36,32,5,2,-9999,2,-9999,N/A,-9999,-9999,N/A,-9999
3229,635.168209,635.1683333252867,635.168120976279,3034414.5,-9999,193535,15.32,-1,0.3343193724379283,0.489961922968984,0.7871578612348809,0.6088402982753427,9,1.48,0.52,N2 S1 P1 O13,de-protonated,0,-9999,C25 H37 O13 N2 P1 S1,25,37,13,2,1,1,-9999,N/A,-9999,-9999,N/A,-9999
3230,635.205608,635.205732354933,635.206027314179,3176279.8,-9999,178583.8,16.11,-1,-0.4643520893239082,0.4808154964320958,0.7253996187124169,0.5786491453442242,16,1.1714285714285717,0.14285714285714285,S2 P1 O5,de-protonated,0,-9999,C35 H41 O5 P1 S2,35,41,5,-9999,1,2,-9999,N/A,-9999,-9999,N/A,-9999
3230,635.205608,635.205732354933,635.205157934309,3176279.8,-9999,178583.8,16.11,-1,0.9043072413264216,0.4310501834781388,0.731135910132286,0.5510844741397977,17,1.088235294117647,0.29411764705882354,P1 O10,de-protonated,0,-9999,C34 H37 O10 P1,34,37,10,-9999,1,-9999,-9999,N/A,-9999,-9999,N/A,-9999
3230,635.205608,635.205732354933,635.2062240186691,3176279.8,-9999,178583.8,16.11,-1,-0.774022226901432,0.44849624180274217,0.7871578612348809,0.5839608895755977,8,1.6,0.44,N4 S2 O11,de-protonated,0,-9999,C25 H40 O11 N4 S2,25,40,11,4,-9999,2,-9999,N/A,-9999,-9999,N/A,-9999
3230,635.205608,635.205732354933,635.2053546387991,3176279.8,-9999,178583.8,16.11,-1,0.5946362560822089,0.4689280026843945,0.7939170211058493,0.5989236100529765,9,1.5,0.6666666666666666,N4 O16,de-protonated,0,-9999,C24 H36 O16 N4,24,36,16,4,-9999,-9999,-9999,N/A,-9999,-9999,N/A,-9999
3231,635.240292,635.2404163824274,635.240402737629,2545022,-9999,190100.7,12.58,-1,0.02147973954693081,0.999916286852413,0,0.5999497721114477,3,1.8333333333333333,0.7916666666666666,O19,de-protonated,0,-9999,C24 H44 O19,24,44,19,-9999,-9999,-9999,-9999,N/A,-9999,-9999,N/A,-9999
3231,635.240292,635.2404163824274,635.240759053249,2545022,-9999,190100.7,12.58,-1,-0.539434563573313,0.4742850010262815,0.7087183895694522,0.5680583564435497,20,1.0526315789473684,0.07894736842105263,N2 S2 O3,de-protonated,0,-9999,C38 H40 O3 N2 S2,38,40,3,2,-9999,2,-9999,N/A,-9999,-9999,N/A,-9999
3231,635.240292,635.2404163824274,635.239889673379,2545022,-9999,190100.7,12.58,-1,0.8291498328754444,0.4413614003249065,0.7141928963326545,0.5504939987280056,21,0.972972972972973,0.21621621621621623,N2 O8,de-protonated,0,-9999,C37 H36 O8 N2,37,36,8,2,-9999,-9999,-9999,N/A,-9999,-9999,N/A,-9999
3231,635.240292,635.2404163824274,635.240891994979,2545022,-9999,190100.7,12.58,-1,-0.7487121148233573,0.4516436297143965,0.7739790330151772,0.5805777910347087,7,1.6666666666666667,0.4074074074074074,N2 S1 P1 O11,de-protonated,0,-9999,C27 H45 O11 N2 P1 S1,27,45,11,2,1,1,-9999,N/A,-9999,-9999,N/A,-9999
3233,636.956067,636.9561927425369,636.956593577069,2579172,-9999,219193.7,12.76,-1,-0.6292964640876569,0.4653323451995629,0.7739790330151771,0.5887910203258085,23,0.3703703703703703,0.6296296296296297,S1 O17,de-protonated,0,-9999,C27 H10 O17 S1,27,10,17,-9999,-9999,1,-9999,N/A,-9999,-9999,N/A,-9999
3233,636.956067,636.9561927425369,636.9555620058691,2579172,-9999,219193.7,12.76,-1,0.9902365337263332,0.8370069988507363,0,0.5022041993104417,19,0.5238095238095238,0.7619047619047619,N4 S1 P1 O16,de-protonated,0,-9999,C21 H11 O16 N4 P1 S1,21,11,16,4,1,1,-9999,N/A,-9999,-9999,N/A,-9999
3234,637.149166,637.1492918956083,637.148906359939,2994106.3,-9999,183252.1,15.08,-1,0.6050950812125886,0.4678615720833899,0.7369636471990461,0.5755024021296524,17,1.0606060606060606,0.21212121212121213,S2 P1 O7,de-protonated,0,-9999,C33 H35 O7 P1 S2,33,35,7,-9999,1,2,-9999,N/A,-9999,-9999,N/A,-9999
3234,637.149166,637.1492918956083,637.1497545131091,2994106.3,-9999,183252.1,15.08,-1,-0.7260734192439321,0.45438802170149617,0.7489023467070351,0.5721937517037118,18,0.967741935483871,0.3548387096774194,N2 S1 O11,de-protonated,0,-9999,C31 H30 O11 N2 S1,31,30,11,2,-9999,1,-9999,N/A,-9999,-9999,N/A,-9999
3234,637.149166,637.1492918956083,637.149887454839,2994106.3,-9999,183252.1,15.08,-1,-0.9347239048241354,0.853394536717952,0,0.5120367220307711,5,1.75,0.95,N2 P1 O19,de-protonated,0,-9999,C20 H35 O19 N2 P1,20,35,19,2,1,-9999,-9999,N/A,-9999,-9999,N/A,-9999
3234,637.149166,637.1492918956083,637.1493743905891,2994106.3,-9999,183252.1,15.08,-1,-0.1294751028845359,0.498481425798052,0.7369636471990462,0.5938743143584497,23,0.8181818181818182,0.24242424242424243,N4 P1 O8,de-protonated,0,-9999,C33 H27 O8 N4 P1,33,27,8,4,1,-9999,-9999,N/A,-9999,-9999,N/A,-9999
3234,637.149166,637.1492918956083,637.149103064429,2994106.3,-9999,183252.1,15.08,-1,0.29636890065726085,0.4920944350329859,0.8007932653391621,0.6155739671554563,9,1.4782608695652173,0.5652173913043478,N4 S2 O13,de-protonated,0,-9999,C23 H34 O13 N4 S2,23,34,13,4,-9999,2,-9999,N/A,-9999,-9999,N/A,-9999
3235,637.184051,637.1841769232618,637.184289547689,2594785,-9999,192287,12.85,-1,-0.17675330202267078,0.4971736331687106,0.6775563317580969,0.5693267126044652,30,0.6818181818181818,0.06818181818181818,S1 O3,de-protonated,0,-9999,C44 H30 O3 S1,44,30,3,-9999,-9999,1,-9999,N/A,-9999,-9999,N/A,-9999
3235,637.184051,637.1841769232618,637.184422489419,2594785,-9999,192287,12.85,-1,-0.3853925936530074,0.48670490142153006,0.7369636471990461,0.5868083997325364,17,1.0606060606060606,0.3333333333333333,P1 O11,de-protonated,0,-9999,C33 H35 O11 P1,33,35,11,-9999,1,-9999,-9999,N/A,-9999,-9999,N/A,-9999
3235,637.184051,637.1841769232618,637.1841511632591,2594785,-9999,192287,12.85,-1,0.04042787732996505,0.9997034818303066,0,0.5998220890981839,3,1.826086956521739,0.6956521739130435,S2 O16,de-protonated,0,-9999,C23 H42 O16 S2,23,42,16,-9999,-9999,2,-9999,N/A,-9999,-9999,N/A,-9999
3235,637.184051,637.1841769232618,637.183638099009,2594785,-9999,192287,12.85,-1,0.8456341634557066,0.4391559820149708,0.719752637322661,0.5513946441380468,21,0.9444444444444444,0.1388888888888889,N2 S2 O5,de-protonated,0,-9999,C36 H34 O5 N2 S2,36,34,5,2,-9999,2,-9999,N/A,-9999,-9999,N/A,-9999
3235,637.184051,637.1841769232618,637.1837710407391,2594785,-9999,192287,12.85,-1,0.6369944452047279,0.9290200408312956,0,0.5574120244987775,8,1.56,0.52,N2 S1 P1 O13,de-protonated,0,-9999,C25 H39 O13 N2 P1 S1,25,39,13,2,1,1,-9999,N/A,-9999,-9999,N/A,-9999
3235,637.184051,637.1841769232618,637.184619193909,2594785,-9999,192287,12.85,-1,-0.6941012603010008,0.9162942577351166,0,0.54977655464107,9,1.4782608695652173,0.7391304347826086,N4 O17,de-protonated,0,-9999,C23 H34 O17 N4,23,34,17,4,-9999,-9999,-9999,N/A,-9999,-9999,N/A,-9999
3236,637.186019,637.1861449248219,637.186140022459,2495971,-9999,225314.2,12.29,-1,0.00769376887073713,0.4999946296848649,0.7428850341668535,0.5971507914776604,17,1.0625,0.3125,N2 S1 O10,de-protonated,0,-9999,C32 H34 O10 N2 S1,32,34,10,2,-9999,1,-9999,N/A,-9999,-9999,N/A,-9999
3236,637.186019,637.1861449248219,637.186272964189,2495971,-9999,225314.2,12.29,-1,-0.2009449553257927,0.9927000809547996,0,0.5956200485728798,4,1.8571428571428572,0.8571428571428571,N2 P1 O18,de-protonated,0,-9999,C21 H39 O18 N2 P1,21,39,18,2,1,-9999,-9999,N/A,-9999,-9999,N/A,-9999
3236,637.186019,637.1861449248219,637.186629279809,2495971,-9999,225314.2,12.29,-1,-0.760146187823823,0.4502320040383452,0.725399618712417,0.560299049907974,21,1,0.05714285714285714,N4 S2 P1 O2,de-protonated,0,-9999,C35 H35 O2 N4 P1 S2,35,35,2,4,1,2,-9999,N/A,-9999,-9999,N/A,-9999
3236,637.186019,637.1861449248219,637.1857598999391,2495971,-9999,225314.2,12.29,-1,0.6042584549652704,0.4679474726115456,0.7311359101322861,0.5732228476198418,22,0.9117647058823528,0.2058823529411765,N4 P1 O7,de-protonated,0,-9999,C34 H31 O7 N4 P1,34,31,7,4,1,-9999,-9999,N/A,-9999,-9999,N/A,-9999
3237,637.220976,637.2211019525325,637.220675057039,3086857.8,-9999,186550.6,15.6,-1,0.66993352578947,0.4608957805861233,0.672627141691601,0.5455883250283144,29,0.7555555555555555,0.04444444444444444,S1 O2,de-protonated,0,-9999,C45 H34 O2 S1,45,34,2,-9999,-9999,1,-9999,N/A,-9999,-9999,N/A,-9999
3237,637.220976,637.2211019525325,637.221677378639,3086857.8,-9999,186550.6,15.6,-1,-0.9030234326719342,0.43123169784507537,0.725399618712417,0.548898866192012,15,1.2285714285714286,0.14285714285714285,S2 P1 O5,de-protonated,0,-9999,C35 H43 O5 P1 S2,35,43,5,-9999,1,2,-9999,N/A,-9999,-9999,N/A,-9999
3237,637.220976,637.2211019525325,637.220807998769,3086857.8,-9999,186550.6,15.6,-1,0.4613059708864825,0.4810615562847203,0.731135910132286,0.5810912978237466,16,1.1470588235294117,0.29411764705882354,P1 O10,de-protonated,0,-9999,C34 H39 O10 P1,34,39,10,-9999,1,-9999,-9999,N/A,-9999,-9999,N/A,-9999
3237,637.220976,637.2211019525325,637.220536672609,3086857.8,-9999,186550.6,15.6,-1,0.8871024880752928,0.4334675359375154,0.7939170211058493,0.577647330004849,2,1.9166666666666667,0.625,S2 O15,de-protonated,0,-9999,C24 H46 O15 S2,24,46,15,-9999,-9999,2,-9999,N/A,-9999,-9999,N/A,-9999
3237,637.220976,637.2211019525325,637.221004703259,3086857.8,-9999,186550.6,15.6,-1,0.15261467022703262,0.49789137660335664,0.7939170211058493,0.6163016344043537,8,1.5833333333333333,0.6666666666666666,N4 O16,de-protonated,0,-9999,C24 H38 O16 N4,24,38,16,4,-9999,-9999,-9999,N/A,-9999,-9999,N/A,-9999
3238,639.127736,639.1278634640375,639.1281709150489,2692951.8,-9999,168824.8,12.32,-1,-0.4810475040625274,0.4794404316602735,0.7428850341668536,0.5848182726629055,17,1.03125,0.25,S2 P1 O8,de-protonated,0,-9999,C32 H33 O8 P1 S2,32,33,8,-9999,1,2,-9999,N/A,-9999,-9999,N/A,-9999
3238,639.127736,639.1278634640375,639.1273015351791,2692951.8,-9999,168824.8,12.32,-1,0.8792127282377062,0.43456500326693986,0.7489023467070351,0.5602999406429781,18,0.935483870967742,0.41935483870967744,P1 O13,de-protonated,0,-9999,C31 H29 O13 P1,31,29,13,-9999,1,-9999,-9999,N/A,-9999,-9999,N/A,-9999
3238,639.127736,639.1278634640375,639.1283676195391,2692951.8,-9999,168824.8,12.32,-1,-0.7888172815651774,0.8932370260068311,0,0.5359422156040986,9,1.4545454545454546,0.6363636363636364,N4 S2 O14,de-protonated,0,-9999,C22 H32 O14 N4 S2,22,32,14,4,-9999,2,-9999,N/A,-9999,-9999,N/A,-9999
3238,639.127736,639.1278634640375,639.1274982396691,2692951.8,-9999,168824.8,12.32,-1,0.5714421136181128,0.942469841190826,0,0.5654819047144957,10,1.3333333333333333,0.9047619047619048,N4 O19,de-protonated,0,-9999,C21 H28 O19 N4,21,28,19,4,-9999,-9999,-9999,N/A,-9999,-9999,N/A,-9999
3239,639.162381,639.162508491501,639.162902654119,3013758.8,-9999,251419.9,13.97,-1,-0.6166856937181546,0.4666609314659738,0.725399618712417,0.5701564063645511,21,0.9142857142857144,0.17142857142857143,N2 S2 O6,de-protonated,0,-9999,C35 H32 O6 N2 S2,35,32,6,2,-9999,2,-9999,N/A,-9999,-9999,N/A,-9999
3239,639.162381,639.162508491501,639.162033274249,3013758.8,-9999,251419.9,13.97,-1,0.7435004384190299,0.4522814000338892,0.731135910132286,0.5638232040732479,22,0.8235294117647058,0.3235294117647059,N2 O11,de-protonated,0,-9999,C34 H28 O11 N2,34,28,11,2,-9999,-9999,-9999,N/A,-9999,-9999,N/A,-9999
3239,639.162381,639.162508491501,639.163035595849,3013758.8,-9999,251419.9,13.97,-1,-0.8246790235213582,0.44195393839097263,0.7939170211058494,0.5827391714769233,8,1.5416666666666667,0.5833333333333334,N2 S1 P1 O14,de-protonated,0,-9999,C24 H37 O14 N2 P1 S1,24,37,14,2,1,1,-9999,N/A,-9999,-9999,N/A,-9999
3239,639.162381,639.162508491501,639.1625225315989,3013758.8,-9999,251419.9,13.97,-1,-0.02196639743336128,0.4999562253689176,0.7141928963326544,0.5856508937544123,26,0.7837837837837838,0.08108108108108109,N4 S1 P1 O3,de-protonated,0,-9999,C37 H29 O3 N4 P1 S1,37,29,3,4,1,1,-9999,N/A,-9999,-9999,N/A,-9999
3240,641.433173,641.4333022915772,641.433384225759,2834043.8,-9999,253739.8,13.03,-1,-0.12773607335756465,0.4985218849918143,0.7489023467070351,0.5986740696779027,0,2.161290322580645,0.2258064516129032,N2 S1 P1 O7,de-protonated,0,-9999,C31 H67 O7 N2 P1 S1,31,67,7,2,1,1,-9999,N/A,-9999,-9999,N/A,-9999
3241,642.997085,642.9972155313036,642.9976705436791,7580011.5,-9999,140480.5,37.45,-1,-0.7076423388871386,0.45657193876007435,0.731135910132286,0.566397527308959,29,0.35294117647058826,0.35294117647058826,S1 O12,de-protonated,0,-9999,C34 H12 O12 S1,34,12,12,-9999,-9999,1,-9999,N/A,-9999,-9999,N/A,-9999
3241,642.997085,642.9972155313036,642.997803485409,7580011.5,-9999,140480.5,37.45,-1,-0.914395200459084,0.42961758681355694,0.8007932653391622,0.578087858223799,16,0.7391304347826086,0.8695652173913043,P1 O20,de-protonated,0,-9999,C23 H17 O20 P1,23,17,20,-9999,1,-9999,-9999,N/A,-9999,-9999,N/A,-9999
3241,642.997085,642.9972155313036,642.997019094999,7580011.5,-9999,140480.5,37.45,-1,0.30550111235927285,0.4916039063441324,0.7805128205128198,0.6071674720116074,20,0.6153846153846154,0.5384615384615384,N2 S2 O14,de-protonated,0,-9999,C26 H16 O14 N2 S2,26,16,14,2,-9999,2,-9999,N/A,-9999,-9999,N/A,-9999
3241,642.997085,642.9972155313036,642.996638972479,7580011.5,-9999,140480.5,37.45,-1,0.8966747097252278,0.4321266520527728,0.7675537279851021,0.5662974824257045,25,0.4642857142857143,0.3928571428571429,N4 S1 P1 O11,de-protonated,0,-9999,C28 H13 O11 N4 P1 S1,28,13,11,4,1,1,-9999,N/A,-9999,-9999,N/A,-9999
3243,644.994097,644.9942291143522,644.994693163529,4092378,-9999,140782.3,19.49,-1,-0.7194620075439914,0.45517666434389137,0.7369636471990462,0.5678914574859533,29,0.30303030303030304,0.4545454545454546,O15,de-protonated,0,-9999,C33 H10 O15,33,10,15,-9999,-9999,-9999,-9999,N/A,-9999,-9999,N/A,-9999
3243,644.994097,644.9942291143522,644.994041714849,4092378,-9999,140782.3,19.49,-1,0.29054454929405177,0.49239975738968567,0.7871578612348809,0.6103029989277637,20,0.56,0.68,N2 S1 O17,de-protonated,0,-9999,C25 H14 O17 N2 S1,25,14,17,2,-9999,1,-9999,N/A,-9999,-9999,N/A,-9999
3243,644.994097,644.9942291143522,644.9945309721991,4092378,-9999,140782.3,19.49,-1,-0.4680006301230942,0.48051880998441265,0.7675537279851021,0.5953327771846885,24,0.5357142857142857,0.32142857142857145,N4 S2 P1 O9,de-protonated,0,-9999,C28 H15 O9 N4 P1 S2,28,15,9,4,1,2,-9999,N/A,-9999,-9999,N/A,-9999
3243,644.994097,644.9942291143522,644.9936615923291,4092378,-9999,140782.3,19.49,-1,0.8798877521685372,0.43447138262640367,0.7739790330151772,0.5702744427819131,25,0.4074074074074074,0.5185185185185185,N4 P1 O14,de-protonated,0,-9999,C27 H11 O14 N4 P1,27,11,14,4,1,-9999,-9999,N/A,-9999,-9999,N/A,-9999
3247,647.095711,647.0958447803197,647.095868464529,3001301.8,-9999,247309.5,13.86,-1,-0.03660077344950727,0.499878478932096,0.6825582999861977,0.5729504073537366,34,0.46511627906976744,0.11627906976744186,S1 O5,de-protonated,0,-9999,C43 H20 O5 S1,43,20,5,-9999,-9999,1,-9999,N/A,-9999,-9999,N/A,-9999
3247,647.095711,647.0958447803197,647.096001406259,3001301.8,-9999,247309.5,13.86,-1,-0.2420443627921863,0.4947130221467388,0.7428850341668536,0.5939818269547847,21,0.78125,0.40625,P1 O13,de-protonated,0,-9999,C32 H25 O13 P1,32,25,13,-9999,1,-9999,-9999,N/A,-9999,-9999,N/A,-9999
3247,647.095711,647.0958447803197,647.0957300800991,3001301.8,-9999,247309.5,13.86,-1,0.17725386718031577,0.9943152952355409,0,0.5965891771413244,7,1.4545454545454546,0.8181818181818182,S2 O18,de-protonated,0,-9999,C22 H32 O18 S2,22,32,18,-9999,-9999,2,-9999,N/A,-9999,-9999,N/A,-9999
3247,647.095711,647.0958447803197,647.095488342009,3001301.8,-9999,247309.5,13.86,-1,0.5508279953326896,0.4732172019749017,0.672627141691601,0.5529811778615814,39,0.37777777777777777,0.04444444444444444,N2 P1 O2,de-protonated,0,-9999,C45 H17 O2 N2 P1,45,17,2,2,1,-9999,-9999,N/A,-9999,-9999,N/A,-9999
3247,647.095711,647.0958447803197,647.095217015849,3001301.8,-9999,247309.5,13.86,-1,0.9701268903813964,0.4215078325408034,0.725399618712417,0.5430645470094488,25,0.6857142857142857,0.2,N2 S2 O7,de-protonated,0,-9999,C35 H24 O7 N2 S2,35,24,7,2,-9999,2,-9999,N/A,-9999,-9999,N/A,-9999
3247,647.095711,647.0958447803197,647.0953499575791,3001301.8,-9999,247309.5,13.86,-1,0.7646828873870469,0.44966722464934034,0.7939170211058493,0.58736714323194394,12,1.2083333333333333,0.625,N2 S1 P1 O15,de-protonated,0,-9999,C24 H29 O15 N2 P1 S1,24,29,15,2,1,1,-9999,N/A,-9999,-9999,N/A,-9999
3247,647.095711,647.0958447803197,647.096198110749,3001301.8,-9999,247309.5,13.86,-1,-0.5460245792909028,0.9473396161883204,0,0.5684037697129921,13,1.0909090909090908,0.8636363636363636,N4 O19,de-protonated,0,-9999,C22 H24 O19 N4,22,24,19,4,-9999,-9999,-9999,N/A,-9999,-9999,N/A,-9999
3248,647.131313,647.1314468085416,647.1318738513589,3266047,-9999,165999,15.22,-1,-0.6599007630740535,0.462012902111005,0.667769152885588,0.5443154024208382,38,0.4565217391304347,0.0217391304347826,N2 P1 O1,de-protonated,0,-9999,C46 H21 O1 N2 P1,46,21,1,2,1,-9999,-9999,N/A,-9999,-9999,N/A,-9999
3248,647.131313,647.1314468085416,647.1316025251991,3266047,-9999,165999,15.22,-1,-0.2406259514321281,0.49477448135140134,0.719752637322661,0.5847657437399052,24,0.7777777777777778,0.16666666666666666,N2 S2 O6,de-protonated,0,-9999,C36 H28 O6 N2 S2,36,28,6,2,-9999,2,-9999,N/A,-9999,-9999,N/A,-9999
3248,647.131313,647.1314468085416,647.1317354669291,3266047,-9999,165999,15.22,-1,-0.4460581542665754,0.4822707308003309,0.7871578612348809,0.604225582974151,11,1.32,0.56,N2 S1 P1 O14,de-protonated,0,-9999,C25 H33 O14 N2 P1 S1,25,33,14,2,1,1,-9999,N/A,-9999,-9999,N/A,-9999
3248,647.131313,647.1314468085416,647.1312224026789,3266047,-9999,165999,15.22,-1,0.34677026069380207,0.4892085905123229,0.7087183895694522,0.5770125101351746,29,0.6578947368421053,0.07894736842105263,N4 S1 P1 O3,de-protonated,0,-9999,C38 H25 O3 N4 P1 S1,38,25,3,4,1,1,-9999,N/A,-9999,-9999,N/A,-9999
3248,647.131313,647.1314468085416,647.131084018249,3266047,-9999,165999,15.22,-1,0.5606133000401429,0.9445685537109816,0,0.566741132226589,2,2.176470588235294,0.9411764705882352,N4 S2 P1 O16,de-protonated,0,-9999,C17 H37 O16 N4 P1 S2,17,37,16,4,1,2,-9999,N/A,-9999,-9999,N/A,-9999
3249,647.164865,647.1649988351385,647.165268179909,5027878,-9999,244950.4,24.29,-1,-0.4161916342171684,0.4845295294554332,0.6582606959877569,0.5540219960683628,37,0.5,0.0625,O3,de-protonated,0,-9999,C48 H24 O3,48,24,3,-9999,-9999,-9999,-9999,N/A,-9999,-9999,N/A,-9999
3249,647.164865,647.1649988351385,647.1651297954791,5027878,-9999,244950.4,24.29,-1,-0.20236000760074735,0.49629864493494513,0.7739790330151771,0.6073708001670379,10,1.3333333333333333,0.5925925925925926,S1 O16,de-protonated,0,-9999,C27 H36 O16 S1,27,36,16,-9999,-9999,1,-9999,N/A,-9999,-9999,N/A,-9999
3249,647.164865,647.1649988351385,647.164616731229,5027878,-9999,244950.4,24.29,-1,0.5904276896615798,0.4693525562493134,0.6980173569463056,0.5608184765281103,28,0.7,0.125,N2 S1 O5,de-protonated,0,-9999,C40 H28 O5 N2 S1,40,28,5,2,-9999,1,-9999,N/A,-9999,-9999,N/A,-9999
3249,647.164865,647.1649988351385,647.1656190528289,5027878,-9999,244950.4,24.29,-1,-0.9583600737830256,0.42324695262900136,0.7550179348240813,0.5559553455070334,14,1.2333333333333334,0.26666666666666666,N2 S2 P1 O8,de-protonated,0,-9999,C30 H37 O8 N2 P1 S2,30,37,8,2,1,2,-9999,N/A,-9999,-9999,N/A,-9999
3249,647.164865,647.1649988351385,647.164749672959,5027878,-9999,244950.4,24.29,-1,0.3850057957719216,0.4867312180798428,0.7612342259156645,0.5965324212141715,15,1.137931034482759,0.4482758620689655,N2 P1 O13,de-protonated,0,-9999,C29 H33 O13 N2 P1,29,33,13,2,1,-9999,-9999,N/A,-9999,-9999,N/A,-9999
3249,647.164865,647.1649988351385,647.164478346799,5027878,-9999,244950.4,24.29,-1,0.8042597467725374,0.4446293287647118,0.8295321147073605,0.5985904431417712,1,2.1052631578947367,0.9473684210526316,N2 S2 O18,de-protonated,0,-9999,C19 H40 O18 N2 S2,19,40,18,2,-9999,2,-9999,N/A,-9999,-9999,N/A,-9999
3250,647.166929,647.1670628367747,647.1676317189291,4507688.5,-9999,181504.4,21.61,-1,-0.8790336947390479,0.434589825166896,0.8007932653391622,0.5810712012358026,6,1.565217391304348,0.9130434782608696,O21,de-protonated,0,-9999,C23 H36 O21,23,36,21,-9999,-9999,-9999,-9999,N/A,-9999,-9999,N/A,-9999
3250,647.166929,647.1670628367747,647.167118654679,4507688.5,-9999,181504.4,21.61,-1,-0.0862495988203943,0.499325557501564,0.719752637322661,0.5874963894300028,24,0.7777777777777778,0.2777777777777778,N2 O10,de-protonated,0,-9999,C36 H28 O10 N2,36,28,10,2,-9999,-9999,-9999,N/A,-9999,-9999,N/A,-9999
3250,647.166929,647.1670628367747,647.167607912029,4507688.5,-9999,181504.4,21.61,-1,-0.8422474296371946,0.4396117259782481,0.7033271719038788,0.5450979043485004,28,0.7435897435897436,0.05128205128205128,N4 S1 P1 O2,de-protonated,0,-9999,C39 H29 O2 N4 P1 S1,39,29,2,4,1,1,-9999,N/A,-9999,-9999,N/A,-9999
3250,647.166929,647.1670628367747,647.1664672059991,4507688.5,-9999,181504.4,21.61,-1,0.9203671787319776,0.42876428577797016,0.7675537279851021,0.564280062660823,15,1.1428571428571428,0.42857142857142855,N4 S1 O12,de-protonated,0,-9999,C28 H32 O12 N4 S1,28,32,12,4,-9999,1,-9999,N/A,-9999,-9999,N/A,-9999
3250,647.166929,647.1670628367747,647.1674695275991,4507688.5,-9999,181504.4,21.61,-1,-0.6284166673749423,0.4654257834287264,0.8370420509349343,0.6140722904312096,1,2.2777777777777777,0.8333333333333334,N4 S2 P1 O15,de-protonated,0,-9999,C18 H41 O15 N4 P1 S2,18,41,15,4,1,2,-9999,N/A,-9999,-9999,N/A,-9999
3251,647.169913,647.1700468391401,647.169641804829,3438635.8,-9999,282276.8,16.11,-1,0.6258549304220535,0.4656972128958406,0.725399618712417,0.5695781752224711,18,1.0571428571428572,0.17142857142857143,S2 P1 O6,de-protonated,0,-9999,C35 H37 O6 P1 S2,35,37,6,-9999,1,2,-9999,N/A,-9999,-9999,N/A,-9999
3251,647.169913,647.1700468391401,647.170489957999,3438635.8,-9999,282276.8,16.11,-1,-0.684701892006658,0.4592257538261074,0.7369636471990461,0.5703209111752829,19,0.9696969696969696,0.30303030303030304,N2 S1 O10,de-protonated,0,-9999,C33 H32 O10 N2 S1,33,32,10,2,-9999,1,-9999,N/A,-9999,-9999,N/A,-9999
3251,647.169913,647.1700468391401,647.170622899729,3438635.8,-9999,282276.8,16.11,-1,-0.890121659531279,0.4330457141684783,0.8077896627745539,0.5829432936109086,6,1.681818181818182,0.8181818181818182,N2 P1 O18,de-protonated,0,-9999,C22 H37 O18 N2 P1,22,37,18,2,1,-9999,-9999,N/A,-9999,-9999,N/A,-9999
3251,647.169913,647.1700468391401,647.170109835479,3438635.8,-9999,282276.8,16.11,-1,-0.09734123677838992,0.4991410967062464,0.725399618712417,0.5896445055087147,24,0.8285714285714286,0.2,N4 P1 O7,de-protonated,0,-9999,C35 H29 O7 N4 P1,35,29,7,4,1,-9999,-9999,N/A,-9999,-9999,N/A,-9999
3251,647.169913,647.1700468391401,647.1698385093191,3438635.8,-9999,282276.8,16.11,-1,0.3219090393655994,0.4906864849598549,0.7871578612348809,0.6092750354698653,10,1.44,0.48,N4 S2 O12,de-protonated,0,-9999,C25 H36 O12 N4 S2,25,36,12,4,-9999,2,-9999,N/A,-9999,-9999,N/A,-9999
3252,647.204891,647.2050248668675,647.205024992579,3465300.5,-9999,189097,16.25,-1,-1.9423751314179e-4,0.4999999965771328,0.667769152885588,0.5671076591005149,31,0.6956521739130435,0.04347826086956521,S1 O2,de-protonated,0,-9999,C46 H32 O2 S1,46,32,2,-9999,-9999,1,-9999,N/A,-9999,-9999,N/A,-9999
3252,647.204891,647.2050248668675,647.205157934309,3465300.5,-9999,189097,16.25,-1,-0.2056031845655052,0.49617951074523686,0.725399618712417,0.587867553932109,18,1.0571428571428572,0.2857142857142857,P1 O10,de-protonated,0,-9999,C35 H37 O10 P1,35,37,10,-9999,1,-9999,-9999,N/A,-9999,-9999,N/A,-9999
3252,647.204891,647.2050248668675,647.204886608149,3465300.5,-9999,189097,16.25,-1,0.21362434269937464,0.49587685631340667,0.7871578612348809,0.6123892582819963,4,1.76,0.6,S2 O15,de-protonated,0,-9999,C25 H44 O15 S2,25,44,15,-9999,-9999,2,-9999,N/A,-9999,-9999,N/A,-9999
3252,647.204891,647.2050248668675,647.204506485629,3465300.5,-9999,189097,16.25,-1,0.8009543092064959,0.44505760396161537,0.7739790330151772,0.5766261755830402,9,1.5185185185185186,0.4444444444444444,N2 S1 P1 O12,de-protonated,0,-9999,C27 H41 O12 N2 P1 S1,27,41,12,2,1,1,-9999,N/A,-9999,-9999,N/A,-9999
3252,647.204891,647.2050248668675,647.2053546387991,3465300.5,-9999,189097,16.25,-1,-0.5095321435414571,0.4769920600602976,0.7871578612348809,0.6010583805301308,10,1.44,0.64,N4 O16,de-protonated,0,-9999,C25 H36 O16 N4,25,36,16,4,-9999,-9999,-9999,N/A,-9999,-9999,N/A,-9999
3253,647.240423,647.240556895034,647.240402737629,2807933.5,-9999,207098.2,12.86,-1,0.2381764247277776,0.4948797855792252,0.7871578612348809,0.6117910158414874,4,1.76,0.76,O19,de-protonated,0,-9999,C25 H44 O19,25,44,19,-9999,-9999,-9999,-9999,N/A,-9999,-9999,N/A,-9999
3253,647.240423,647.240556895034,647.240759053249,2807933.5,-9999,207098.2,12.86,-1,-0.3123385110305052,0.4912272291056274,0.7033271719038788,0.5760672062249279,21,1.0256410256410255,0.07692307692307693,N2 S2 O3,de-protonated,0,-9999,C39 H40 O3 N2 S2,39,40,3,2,-9999,2,-9999,N/A,-9999,-9999,N/A,-9999
3253,647.240423,647.240556895034,647.240891994979,2807933.5,-9999,207098.2,12.86,-1,-0.5177360533758002,0.4762632108544351,0.7675537279851021,0.592779417706702,8,1.6071428571428572,0.3928571428571429,N2 S1 P1 O11,de-protonated,0,-9999,C28 H45 O11 N2 P1 S1,28,45,11,2,1,1,-9999,N/A,-9999,-9999,N/A,-9999
3254,647.356479,647.3566129870327,647.3564402567489,2775300.3,-9999,178286.9,12.69,-1,0.26682407565914035,0.49358241372007394,0.6825582999861977,0.5691727682265235,18,1.2093023255813953,0.06976744186046512,S1 O3,de-protonated,0,-9999,C43 H52 O3 S1,43,52,3,-9999,-9999,1,-9999,N/A,-9999,-9999,N/A,-9999
3254,647.356479,647.3566129870327,647.356573198479,2775300.3,-9999,178286.9,12.69,-1,0.06146311829237469,0.4996573867336413,0.7428850341668536,0.5969484457069262,5,1.78125,0.34375,P1 O11,de-protonated,0,-9999,C32 H57 O11 P1,32,57,11,-9999,1,-9999,-9999,N/A,-9999,-9999,N/A,-9999
3255,647.646195,647.646329216693,647.6460035029991,3817045,-9999,179298,18.05,-1,0.5029193295736619,0.47757187489544345,0.6876346701883607,0.5615969930126103,2,2,0.04761904761904761,N2 O2,de-protonated,0,-9999,C42 H84 O2 N2,42,84,2,2,-9999,-9999,-9999,N/A,-9999,-9999,N/A,-9999
3256,648.640832,648.6409670051503,648.641252475199,22560476,-9999,183016,114.53,-1,-0.4401046767788118,0.3218217459994394,0.6496170588360974,0.4529398711341026,2,2.024390243902439,0.04878048780487805,N3 O2,de-protonated,0,-9999,C41 H83 O2 N3,41,83,2,3,-9999,-9999,-9999,N/A,-9999,-9999,N/A,-9999
3258,649.111405,649.1115403781774,649.111518528989,3019522.5,-9999,158006.5,13.94,-1,0.03366014593611972,0.4998972193923769,0.6825582999861977,0.5729616516299052,33,0.5116279069767442,0.11627906976744186,S1 O5,de-protonated,0,-9999,C43 H22 O5 S1,43,22,5,-9999,-9999,1,-9999,N/A,-9999,-9999,N/A,-9999
3258,649.111405,649.1115403781774,649.111651470719,3019522.5,-9999,158006.5,13.94,-1,-0.17114550532217107,0.497349662074359,0.7428850341668536,0.5955638109113568,20,0.84375,0.40625,P1 O13,de-protonated,0,-9999,C32 H27 O13 P1,32,27,13,-9999,1,-9999,-9999,N/A,-9999,-9999,N/A,-9999
3258,649.111405,649.1115403781774,649.1113801445591,3019522.5,-9999,158006.5,13.94,-1,0.24685073042652136,0.9890042727747672,0,0.5934025636648602,6,1.5454545454545454,0.8181818181818182,S2 O18,de-protonated,0,-9999,C22 H34 O18 S2,22,34,18,-9999,-9999,2,-9999,N/A,-9999,-9999,N/A,-9999
3258,649.111405,649.1115403781774,649.111138406469,3019522.5,-9999,158006.5,13.94,-1,0.6192648449340211,0.46639109069088086,0.672627141691601,0.5488855110911689,38,0.4222222222222222,0.04444444444444444,N2 P1 O2,de-protonated,0,-9999,C45 H19 O2 N2 P1,45,19,2,2,1,-9999,-9999,N/A,-9999,-9999,N/A,-9999
3258,649.111405,649.1115403781774,649.1110000220391,3019522.5,-9999,158006.5,13.94,-1,0.8324556791153301,0.4409217146274814,0.7939170211058493,0.5821198372188285,11,1.2916666666666667,0.625,N2 S1 P1 O15,de-protonated,0,-9999,C24 H31 O15 N2 P1 S1,24,31,15,2,1,1,-9999,N/A,-9999,-9999,N/A,-9999
3258,649.111405,649.1115403781774,649.111848175209,3019522.5,-9999,158006.5,13.94,-1,-0.4741818108468712,0.9600226078659136,0,0.5760135647195481,12,1.181818181818182,0.8636363636363636,N4 O19,de-protonated,0,-9999,C22 H26 O19 N4,22,26,19,4,-9999,-9999,-9999,N/A,-9999,-9999,N/A,-9999
3259,649.147622,649.147757406887,649.147904038339,3229996.8,-9999,180950.8,15.02,-1,-0.22588296305597905,0.49539232360945745,0.6775563317580969,0.5682579268689132,32,0.5909090909090909,0.09090909090909093,S1 O4,de-protonated,0,-9999,C44 H26 O4 S1,44,26,4,-9999,-9999,1,-9999,N/A,-9999,-9999,N/A,-9999
3259,649.147622,649.147757406887,649.148036980069,3229996.8,-9999,180950.8,15.02,-1,-0.4306770815642309,0.48345222408227234,0.7369636471990462,0.5848567933289819,19,0.9393939393939394,0.3636363636363637,P1 O12,de-protonated,0,-9999,C33 H31 O12 P1,33,31,12,-9999,1,-9999,-9999,N/A,-9999,-9999,N/A,-9999
3259,649.147622,649.147757406887,649.147765653909,3229996.8,-9999,180950.8,15.02,-1,-0.0127043833069567,0.4999853571824804,0.8007932653391622,0.62030852044515306,5,1.6521739130434785,0.7391304347826086,S2 O17,de-protonated,0,-9999,C23 H38 O17 S2,23,38,17,-9999,-9999,2,-9999,N/A,-9999,-9999,N/A,-9999
3259,649.147622,649.147757406887,649.147523915819,3229996.8,-9999,180950.8,15.02,-1,0.3596887601041616,0.4883991453951312,0.667769152885588,0.5601471483913139,37,0.5,0.0217391304347826,N2 P1 O1,de-protonated,0,-9999,C46 H23 O1 N2 P1,46,23,1,2,1,-9999,-9999,N/A,-9999,-9999,N/A,-9999
3259,649.147622,649.147757406887,649.1472525896589,3229996.8,-9999,180950.8,15.02,-1,0.7776621190648065,0.4480368512966491,0.719752637322661,0.5567231657070539,23,0.8333333333333334,0.16666666666666666,N2 S2 O6,de-protonated,0,-9999,C36 H30 O6 N2 S2,36,30,6,2,-9999,2,-9999,N/A,-9999,-9999,N/A,-9999
3259,649.147622,649.147757406887,649.1473855313891,3229996.8,-9999,180950.8,15.02,-1,0.5728675893409039,0.4710954667702757,0.7871578612348809,0.5975204245561178,10,1.4,0.56,N2 S1 P1 O14,de-protonated,0,-9999,C25 H35 O14 N2 P1 S1,25,35,14,2,1,1,-9999,N/A,-9999,-9999,N/A,-9999
3259,649.147622,649.147757406887,649.148233684559,3229996.8,-9999,180950.8,15.02,-1,-0.7336963229103973,0.4534714907783023,0.8007932653391622,0.5924002006026463,11,1.3043478260869563,0.782608695652174,N4 O18,de-protonated,0,-9999,C23 H30 O18 N4,23,30,18,4,-9999,-9999,-9999,N/A,-9999,-9999,N/A,-9999
3260,649.162751,649.1628864188799,649.1631601796289,2670654.3,-9999,190584.1,12.14,-1,-0.42171331614144314,0.4841229382898035,0.6582606959877568,0.5537780413689848,36,0.5416666666666666,0.02083333333333333,S1 O1,de-protonated,0,-9999,C48 H26 O1 S1,48,26,1,-9999,-9999,1,-9999,N/A,-9999,-9999,N/A,-9999
3260,649.162751,649.1628864188799,649.1632931213591,2670654.3,-9999,190584.1,12.14,-1,-0.6265025818054571,0.46562868062346113,0.7141928963326545,0.5650543669071384,23,0.8378378378378378,0.24324324324324328,P1 O9,de-protonated,0,-9999,C37 H31 O9 P1,37,31,9,-9999,1,-9999,-9999,N/A,-9999,-9999,N/A,-9999
3260,649.162751,649.1628864188799,649.163021795199,2670654.3,-9999,190584.1,12.14,-1,-0.20853978827612515,0.4960700293365003,0.7739790330151772,0.6072336308079711,9,1.4074074074074074,0.5185185185185185,S2 O14,de-protonated,0,-9999,C27 H38 O14 S2,27,38,14,-9999,-9999,2,-9999,N/A,-9999,-9999,N/A,-9999
3260,649.162751,649.1628864188799,649.162508730949,2670654.3,-9999,190584.1,12.14,-1,0.581807984703517,0.47021386435174906,0.6980173569463055,0.5613352613895717,27,0.75,0.075,N2 S2 O3,de-protonated,0,-9999,C40 H30 O3 N2 S2,40,30,3,2,-9999,2,-9999,N/A,-9999,-9999,N/A,-9999
3260,649.162751,649.1628864188799,649.1626416726791,2670654.3,-9999,190584.1,12.14,-1,0.377018308018385,0.4872690688408025,0.7612342259156645,0.5968551316707473,14,1.206896551724138,0.3793103448275862,N2 S1 P1 O11,de-protonated,0,-9999,C29 H35 O11 N2 P1 S1,29,35,11,2,1,1,-9999,N/A,-9999,-9999,N/A,-9999
3260,649.162751,649.1628864188799,649.1634898258491,2670654.3,-9999,190584.1,12.14,-1,-0.9295146424888356,0.4274498161678586,0.7739790330151772,0.5660615029067861,15,1.1111111111111112,0.5555555555555556,N4 O15,de-protonated,0,-9999,C27 H30 O15 N4,27,30,15,4,-9999,-9999,-9999,N/A,-9999,-9999,N/A,-9999
3261,649.183368,649.1835034352231,649.1841511632591,3180118.5,-9999,208198.7,14.77,-1,-0.9977570075732572,0.41736973152293166,0.7939170211058494,0.5679886473560987,4,1.75,0.6666666666666666,S2 O16,de-protonated,0,-9999,C24 H42 O16 S2,24,42,16,-9999,-9999,2,-9999,N/A,-9999,-9999,N/A,-9999
3261,649.183368,649.1835034352231,649.183281783389,3180118.5,-9999,208198.7,14.77,-1,0.34143182716984,0.4895348194578688,0.8007932653391622,0.6140381978103862,5,1.6521739130434785,0.9130434782608696,O21,de-protonated,0,-9999,C23 H38 O21,23,38,21,-9999,-9999,-9999,-9999,N/A,-9999,-9999,N/A,-9999
3261,649.183368,649.1835034352231,649.183638099009,3180118.5,-9999,208198.7,14.77,-1,-0.20743558225108483,0.4961113752551088,0.7141928963326545,0.583343983686127,22,0.918918918918919,0.13513513513513514,N2 S2 O5,de-protonated,0,-9999,C37 H34 O5 N2 S2,37,34,5,2,-9999,2,-9999,N/A,-9999,-9999,N/A,-9999
3261,649.183368,649.1835034352231,649.1837710407391,3180118.5,-9999,208198.7,14.77,-1,-0.4122184317268142,0.4848189903083671,0.7805128205128199,0.6030965223901482,9,1.5,0.5,N2 S1 P1 O13,de-protonated,0,-9999,C26 H39 O13 N2 P1 S1,26,39,13,2,1,1,-9999,N/A,-9999,-9999,N/A,-9999
3261,649.183368,649.1835034352231,649.1832579764889,3180118.5,-9999,208198.7,14.77,-1,0.37810391929940496,0.48719659488373207,0.7033271719038788,0.5736488256917908,27,0.7948717948717948,0.05128205128205128,N4 S1 P1 O2,de-protonated,0,-9999,C39 H31 O2 N4 P1 S1,39,31,2,4,1,1,-9999,N/A,-9999,-9999,N/A,-9999
3261,649.183368,649.1835034352231,649.1831195920591,3180118.5,-9999,208198.7,14.77,-1,0.5912710179314793,0.938535386971582,0,0.5631212321829493,0,2.388888888888889,0.8333333333333334,N4 S2 P1 O15,de-protonated,0,-9999,C18 H43 O15 N4 P1 S2,18,43,15,4,1,2,-9999,N/A,-9999,-9999,N/A,-9999
3262,649.184496,649.1846314361173,649.184289547689,3307864,-9999,257486.7,15.42,-1,0.5266431025158178,0.4754600057921656,0.672627141691601,0.5543268601519398,31,0.6666666666666666,0.06666666666666667,S1 O3,de-protonated,0,-9999,C45 H30 O3 S1,45,30,3,-9999,-9999,1,-9999,N/A,-9999,-9999,N/A,-9999
3262,649.184496,649.1846314361173,649.184422489419,3307864,-9999,257486.7,15.42,-1,0.3218603082105844,0.4906892781220803,0.731135910132286,0.5868679309261626,18,1.0294117647058822,0.3235294117647059,P1 O11,de-protonated,0,-9999,C34 H35 O11 P1,34,35,11,-9999,1,-9999,-9999,N/A,-9999,-9999,N/A,-9999
3262,649.184496,649.1846314361173,649.1841511632591,3307864,-9999,257486.7,15.42,-1,0.7398098942583257,0.4527308700160328,0.7939170211058493,0.5892053304519594,4,1.75,0.6666666666666666,S2 O16,de-protonated,0,-9999,C24 H42 O16 S2,24,42,16,-9999,-9999,2,-9999,N/A,-9999,-9999,N/A,-9999
3262,649.184496,649.1846314361173,649.184619193909,3307864,-9999,257486.7,15.42,-1,0.01885782247081122,0.49996773787965926,0.7939170211058493,0.6175474511701353,10,1.4166666666666667,0.7083333333333334,N4 O17,de-protonated,0,-9999,C24 H34 O17 N4,24,34,17,4,-9999,-9999,-9999,N/A,-9999,-9999,N/A,-9999
3263,649.220023,649.2201584642798,649.220675057039,3682177.5,-9999,198571.2,17.35,-1,-0.7957121191422856,0.4457340401606352,0.667769152885588,0.5345480852506164,30,0.7391304347826086,0.04347826086956521,S1 O2,de-protonated,0,-9999,C46 H34 O2 S1,46,34,2,-9999,-9999,1,-9999,N/A,-9999,-9999,N/A,-9999
3263,649.220023,649.2201584642798,649.220536672609,3682177.5,-9999,198571.2,17.35,-1,-0.5825575560055167,0.4701394053575242,0.7871578612348809,0.5969467877084669,3,1.84,0.6,S2 O15,de-protonated,0,-9999,C25 H46 O15 S2,25,46,15,-9999,-9999,2,-9999,N/A,-9999,-9999,N/A,-9999
3263,649.220023,649.2201584642798,649.219667292739,3682177.5,-9999,198571.2,17.35,-1,0.7565567797383265,0.45067697132573425,0.7939170211058494,0.5879729912377802,4,1.75,0.8333333333333334,O20,de-protonated,0,-9999,C24 H42 O20,24,42,20,-9999,-9999,-9999,-9999,N/A,-9999,-9999,N/A,-9999
3263,649.220023,649.2201584642798,649.220023608359,3682177.5,-9999,198571.2,17.35,-1,0.20771990373293356,0.4961007497687612,0.7087183895694522,0.5811478056890376,21,1,0.10526315789473684,N2 S2 O4,de-protonated,0,-9999,C38 H38 O4 N2 S2,38,38,4,2,-9999,2,-9999,N/A,-9999,-9999,N/A,-9999
3263,649.220023,649.2201584642798,649.2201565500891,3682177.5,-9999,198571.2,17.35,-1,0.00294844628919997,0.49999921130346714,0.7739790330151772,0.6095911399881512,8,1.5925925925925926,0.4444444444444444,N2 S1 P1 O12,de-protonated,0,-9999,C27 H43 O12 N2 P1 S1,27,43,12,2,1,1,-9999,N/A,-9999,-9999,N/A,-9999
3263,649.220023,649.2201584642798,649.2196434858389,3682177.5,-9999,198571.2,17.35,-1,0.7932268318034448,0.4460535388285823,0.6980173569463056,0.5468390660756717,26,0.875,0.025,N4 S1 P1 O1,de-protonated,0,-9999,C40 H35 O1 N4 P1 S1,40,35,1,4,1,1,-9999,N/A,-9999,-9999,N/A,-9999
3265,650.637364,650.6375005878183,650.637426941879,13707265,-9999,194021.4,68.94,-1,0.113190444130991,0.33255932187557624,0.6430949433786466,0.4567735704768044,1,2.047619047619047,0.0238095238095238,N1 P1 O1,de-protonated,0,-9999,C42 H86 O1 N1 P1,42,86,1,1,1,-9999,-9999,N/A,-9999,-9999,N/A,-9999
3267,651.127827,651.1279639766125,651.1281709150489,2942531.5,-9999,192461,13.53,-1,-0.31781521013338554,0.49091971455223815,0.7369636471990461,0.5893372876109613,18,1,0.24242424242424243,S2 P1 O8,de-protonated,0,-9999,C33 H33 O8 P1 S2,33,33,8,-9999,1,2,-9999,N/A,-9999,-9999,N/A,-9999
3267,651.127827,651.1279639766125,651.1285060039689,2942531.5,-9999,192461,13.53,-1,-0.8324429839296279,0.4409234056251593,0.677556331758097,0.5355765760783344,37,0.4545454545454546,0.02272727272727272,N4 S1 O1,de-protonated,0,-9999,C44 H20 O1 N4 S1,44,20,1,4,-9999,1,-9999,N/A,-9999,-9999,N/A,-9999
3267,651.127827,651.1279639766125,651.1283676195391,2942531.5,-9999,192461,13.53,-1,-0.6199129797721968,0.9326462557300716,0,0.559587753438043,10,1.391304347826087,0.6086956521739131,N4 S2 O14,de-protonated,0,-9999,C23 H32 O14 N4 S2,23,32,14,4,-9999,2,-9999,N/A,-9999,-9999,N/A,-9999
3267,651.127827,651.1279639766125,651.1274982396691,2942531.5,-9999,192461,13.53,-1,0.7152776447873235,0.911345536875874,0,0.5468073221255243,11,1.2727272727272727,0.8636363636363636,N4 O19,de-protonated,0,-9999,C22 H28 O19 N4,22,28,19,4,-9999,-9999,-9999,N/A,-9999,-9999,N/A,-9999
3268,651.163997,651.1641340052847,651.163554102799,2894446.5,-9999,183847.4,13.28,-1,0.8905634875341919,0.4329838987308262,0.6775563317580969,0.5308128719417344,31,0.6363636363636364,0.09090909090909093,S1 O4,de-protonated,0,-9999,C44 H28 O4 S1,44,28,4,-9999,-9999,1,-9999,N/A,-9999,-9999,N/A,-9999
3268,651.163997,651.1641340052847,651.1645564243989,2894446.5,-9999,183847.4,13.28,-1,-0.6487133091752408,0.4632418337880873,0.7311359101322861,0.5703994643257668,17,1.088235294117647,0.2058823529411765,S2 P1 O7,de-protonated,0,-9999,C34 H37 O7 P1 S2,34,37,7,-9999,1,2,-9999,N/A,-9999,-9999,N/A,-9999
3268,651.163997,651.1641340052847,651.163687044529,2894446.5,-9999,183847.4,13.28,-1,0.6864030729282711,0.45903143746396047,0.7369636471990462,0.5702043213579948,18,1,0.3636363636363637,P1 O12,de-protonated,0,-9999,C33 H33 O12 P1,33,33,12,-9999,1,-9999,-9999,N/A,-9999,-9999,N/A,-9999
3268,651.163997,651.1641340052847,651.1647531288891,2894446.5,-9999,183847.4,13.28,-1,-0.9507940983643112,0.42435771933225497,0.7939170211058493,0.5721814400416927,9,1.5,0.5416666666666666,N4 S2 O13,de-protonated,0,-9999,C24 H36 O13 N4 S2,24,36,13,4,-9999,2,-9999,N/A,-9999,-9999,N/A,-9999
3268,651.163997,651.1641340052847,651.1638837490191,2894446.5,-9999,183847.4,13.28,-1,0.3843214771122403,0.9735554319480066,0,0.584133259168804,10,1.391304347826087,0.782608695652174,N4 O18,de-protonated,0,-9999,C23 H32 O18 N4,23,32,18,4,-9999,-9999,-9999,N/A,-9999,-9999,N/A,-9999
3269,651.198376,651.1985130325373,651.1989318478489,2824854.8,-9999,243227.2,12.92,-1,-0.6431449609664878,0.9276937537936047,0,0.5566162522761628,4,1.7391304347826086,0.9130434782608696,O21,de-protonated,0,-9999,C23 H40 O21,23,40,21,-9999,-9999,-9999,-9999,N/A,-9999,-9999,N/A,-9999
3269,651.198376,651.1985130325373,651.1984187835991,2824854.8,-9999,243227.2,12.92,-1,0.14473152194636416,0.4981031848523611,0.719752637322661,0.5867629658404812,22,0.8888888888888888,0.2777777777777778,N2 O10,de-protonated,0,-9999,C36 H32 O10 N2,36,32,10,2,-9999,-9999,-9999,N/A,-9999,-9999,N/A,-9999
3269,651.198376,651.1985130325373,651.1989080409489,2824854.8,-9999,243227.2,12.92,-1,-0.6065864157998551,0.46770819390568497,0.7033271719038788,0.5619557851049626,26,0.8461538461538461,0.05128205128205128,N4 S1 P1 O2,de-protonated,0,-9999,C39 H33 O2 N4 P1 S1,39,33,2,4,1,1,-9999,N/A,-9999,-9999,N/A,-9999
3270,651.200777,651.2009140344405,651.200941933749,2976409.8,-9999,239635.4,13.7,-1,-0.04284285651902002,0.4998335022563677,0.7253996187124169,0.5900599488387874,16,1.1714285714285717,0.17142857142857143,S2 P1 O6,de-protonated,0,-9999,C35 H41 O6 P1 S2,35,41,6,-9999,1,2,-9999,N/A,-9999,-9999,N/A,-9999
3270,651.200777,651.2009140344405,651.201409964399,2976409.8,-9999,239635.4,13.7,-1,-0.7615615550865628,0.4500560878811486,0.7253996187124169,0.5601935002136559,22,0.9428571428571428,0.2,N4 P1 O7,de-protonated,0,-9999,C35 H33 O7 N4 P1,35,33,7,4,1,-9999,-9999,N/A,-9999,-9999,N/A,-9999
3270,651.200777,651.2009140344405,651.2011386382391,2976409.8,-9999,239635.4,13.7,-1,-0.3449069499454713,0.48932300669137646,0.7871578612348809,0.6084569485087783,8,1.6,0.48,N4 S2 O12,de-protonated,0,-9999,C25 H40 O12 N4 S2,25,40,12,4,-9999,2,-9999,N/A,-9999,-9999,N/A,-9999
3270,651.200777,651.2009140344405,651.2002692583691,2976409.8,-9999,239635.4,13.7,-1,0.9901348354599868,0.4185187934239653,0.7939170211058493,0.568678084496719,9,1.5,0.7083333333333334,N4 O17,de-protonated,0,-9999,C24 H36 O17 N4,24,36,17,4,-9999,-9999,-9999,N/A,-9999,-9999,N/A,-9999
3271,652.653341,652.6534791859004,652.6530770063389,3048785,-9999,133381.7,14.07,-1,0.6162225778386915,0.4667092816585246,0.6876346701883607,0.555079437070459,0,2.0952380952380953,0.0238095238095238,N1 P1 O1,de-protonated,0,-9999,C42 H88 O1 N1 P1,42,88,1,1,1,-9999,-9999,N/A,-9999,-9999,N/A,-9999
3272,653.308358,653.308496705138,653.3088386146891,15036508,-9999,129810.5,75.77,-1,-0.5233505668625474,0.23787917623590552,0.644103004784613,0.4003687076553885,13,1.3888888888888888,0.1388888888888889,N2 S2 O5,de-protonated,0,-9999,C36 H50 O5 N2 S2,36,50,5,2,-9999,2,-9999,N/A,-9999,-9999,N/A,-9999
3272,653.308358,653.308496705138,653.3079692348191,15036508,-9999,129810.5,75.77,-1,0.807383873756893,0.2961488701222585,0.6905344954903113,0.4539031202694796,14,1.3142857142857145,0.2857142857142857,N2 O10,de-protonated,0,-9999,C35 H46 O10 N2,35,46,10,2,-9999,-9999,-9999,N/A,-9999,-9999,N/A,-9999
3272,653.308358,653.308496705138,653.308971556419,15036508,-9999,129810.5,75.77,-1,-0.7268402878722489,0.45429616780258486,0.7871578612348809,0.5874408451755033,0,2.2,0.52,N2 S1 P1 O13,de-protonated,0,-9999,C25 H55 O13 N2 P1 S1,25,55,13,2,1,1,-9999,N/A,-9999,-9999,N/A,-9999
3272,653.308358,653.308496705138,653.3084584921689,15036508,-9999,129810.5,75.77,-1,0.05849146543165515,0.33312647034989,0.6696871342203778,0.46775073589808513,18,1.236842105263158,0.05263157894736842,N4 S1 P1 O2,de-protonated,0,-9999,C38 H47 O2 N4 P1 S1,38,47,2,4,1,1,-9999,N/A,-9999,-9999,N/A,-9999
3273,654.31037,654.3105094994415,654.310612262339,6495494.5,-9999,241707.8,31.8,-1,-0.15705522041243292,0.49776716275516586,0.719752637322661,0.5865613525821639,13,1.3611111111111112,0.2222222222222222,N1 S1 O8,de-protonated,0,-9999,C36 H49 O8 N1 S1,36,49,8,1,-9999,1,-9999,N/A,-9999,-9999,N/A,-9999
3273,654.31037,654.3105094994415,654.310745204069,6495494.5,-9999,241707.8,31.8,-1,-0.36023346582442317,0.4883643949165216,0.7871578612348809,0.6078817814438653,0,2.16,0.64,N1 P1 O16,de-protonated,0,-9999,C25 H54 O16 N1 P1,25,54,16,1,1,-9999,-9999,N/A,-9999,-9999,N/A,-9999
3273,654.31037,654.3105094994415,654.3102321398189,6495494.5,-9999,241707.8,31.8,-1,0.4238962024078534,0.48396081786502737,0.7087183895694522,0.5738638465467973,18,1.2105263157894737,0.13157894736842105,N3 P1 O5,de-protonated,0,-9999,C38 H46 O5 N3 P1,38,46,5,3,1,-9999,-9999,N/A,-9999,-9999,N/A,-9999
3273,654.31037,654.3105094994415,654.309960813659,6495494.5,-9999,241707.8,31.8,-1,0.8385716485756626,0.44010482842377985,0.7675537279851021,0.5710843882483088,4,1.8928571428571428,0.35714285714285715,N3 S2 O10,de-protonated,0,-9999,C28 H53 O10 N3 S2,28,53,10,3,-9999,2,-9999,N/A,-9999,-9999,N/A,-9999
3274,659.039385,659.0395282481722,659.039355908719,4724557.5,-9999,290394,22.65,-1,0.26150100397496184,0.4938343483456297,0.719752637322661,0.5842016639364422,27,0.5833333333333334,0.19444444444444445,S2 P1 O7,de-protonated,0,-9999,C36 H21 O7 P1 S2,36,21,7,-9999,1,2,-9999,N/A,-9999,-9999,N/A,-9999
3274,659.039385,659.0395282481722,659.039823939369,4724557.5,-9999,290394,22.65,-1,-0.4486696948450156,0.48206630278841023,0.719752637322661,0.5771408366021106,33,0.3611111111111111,0.2222222222222222,N4 P1 O8,de-protonated,0,-9999,C36 H13 O8 N4 P1,36,13,8,4,1,-9999,-9999,N/A,-9999,-9999,N/A,-9999
3274,659.039385,659.0395282481722,659.039552613209,4724557.5,-9999,290394,22.65,-1,-0.03697052275946229,0.4998760115695047,0.7805128205128198,0.6121307351468307,19,0.7692307692307693,0.5,N4 S2 O13,de-protonated,0,-9999,C26 H20 O13 N4 S2,26,20,13,4,-9999,2,-9999,N/A,-9999,-9999,N/A,-9999
3275,659.045146,659.045289252739,659.045229135489,4237140.5,-9999,197771.9,20.15,-1,0.09121870158340618,0.499245665804517,0.7612342259156646,0.6040410898489761,18,0.8620689655172413,0.41379310344827586,S2 P1 O12,de-protonated,0,-9999,C29 H25 O12 P1 S2,29,25,12,-9999,1,2,-9999,N/A,-9999,-9999,N/A,-9999
3275,659.045146,659.045289252739,659.044716071239,4237140.5,-9999,197771.9,20.15,-1,0.8697156445793071,0.4358766759348025,0.6876346701883606,0.5365798736362257,36,0.4047619047619048,0.0238095238095238,N2 S2 P1 O1,de-protonated,0,-9999,C42 H17 O1 N2 P1 S2,42,17,1,2,1,2,-9999,N/A,-9999,-9999,N/A,-9999
3275,659.045146,659.045289252739,659.045564224409,4237140.5,-9999,197771.9,20.15,-1,-0.4172271005777441,0.48445366482790125,0.6980173569463055,0.5698791416752629,37,0.3,0.125,N4 S1 O5,de-protonated,0,-9999,C40 H12 O5 N4 S1,40,12,5,4,-9999,1,-9999,N/A,-9999,-9999,N/A,-9999
3275,659.045146,659.045289252739,659.045697166139,4237140.5,-9999,197771.9,20.15,-1,-0.6189455476425177,0.4664245494115255,0.7612342259156646,0.5843484200131811,24,0.5862068965517241,0.4482758620689655,N4 P1 O13,de-protonated,0,-9999,C29 H17 O13 N4 P1,29,17,13,4,1,-9999,-9999,N/A,-9999,-9999,N/A,-9999
3275,659.045146,659.045289252739,659.045425839979,4237140.5,-9999,197771.9,20.15,-1,-0.2072501144330852,0.49611829872267743,0.8295321147073604,0.6294838251165507,10,1.263157894736842,0.9473684210526316,N4 S2 O18,de-protonated,0,-9999,C19 H24 O18 N4 S2,19,24,18,4,-9999,2,-9999,N/A,-9999,-9999,N/A,-9999
3276,659.051242,659.0513852575714,659.051240746689,19828572,-9999,287997.2,100.4,-1,0.21927108763323103,0.24782848137189611,0.619022261068211,0.3963059932504221,36,0.3953488372093023,0.09302325581395347,S1 P1 O4,de-protonated,0,-9999,C43 H17 O4 P1 S1,43,17,4,-9999,1,1,-9999,N/A,-9999,-9999,N/A,-9999
3276,659.051242,659.0513852575714,659.051102362259,19828572,-9999,287997.2,100.4,-1,0.4292463988583014,0.32237343884227104,0.7533358885005607,0.4947584187055869,9,1.318181818181818,0.7727272727272727,S2 P1 O17,de-protonated,0,-9999,C22 H29 O17 P1 S2,22,29,17,-9999,1,2,-9999,N/A,-9999,-9999,N/A,-9999
3276,659.051242,659.0513852575714,659.051437451179,19828572,-9999,287997.2,100.4,-1,-0.07919504408595454,0.2497156568617812,0.6833280195911066,0.42316060195351135,28,0.48484848484848486,0.30303030303030304,N4 S1 O10,de-protonated,0,-9999,C33 H16 O10 N4 S1,33,16,10,4,-9999,1,-9999,N/A,-9999,-9999,N/A,-9999
3276,659.051242,659.0513852575714,659.0515703929091,19828572,-9999,287997.2,100.4,-1,-0.28091176169636056,0.4928918236480695,0.8077896627745539,0.6188509592986633,15,0.9545454545454546,0.8181818181818182,N4 P1 O18,de-protonated,0,-9999,C22 H21 O18 N4 P1,22,21,18,4,1,-9999,-9999,N/A,-9999,-9999,N/A,-9999
3277,659.063434,659.0635772672362,659.062987200229,250867568,-9999,240856.6,1289.67,-1,0.895312008994513,0.1827673401621281,0.681318180018335,0.3821876761046109,18,0.8620689655172413,0.4827586206896552,S1 P1 O14,de-protonated,0,-9999,C29 H25 O14 P1 S1,29,25,14,-9999,1,1,-9999,N/A,-9999,-9999,N/A,-9999
3277,659.063434,659.0635772672362,659.063835353399,250867568,-9999,240856.6,1289.67,-1,-0.39159509137973897,0.2319035843654179,0.7198309114914329,0.4270745152158239,19,0.7407407407407407,0.6666666666666666,N2 O18,de-protonated,0,-9999,C27 H20 O18 N2,27,20,18,2,-9999,-9999,-9999,N/A,-9999,-9999,N/A,-9999
3277,659.063434,659.0635772672362,659.064191669019,250867568,-9999,240856.6,1289.67,-1,-0.9322335982155866,0.14912865748866078,0.5842580513295405,0.32318041502501266,36,0.3902439024390244,0.04878048780487805,N4 S2 O2,de-protonated,0,-9999,C41 H16 O2 N4 S2,41,16,2,4,-9999,2,-9999,N/A,-9999,-9999,N/A,-9999
3277,659.063434,659.0635772672362,659.063322289149,250867568,-9999,240856.6,1289.67,-1,0.3868794977728178,0.12165087595921144,0.6337466883691156,0.32648920092317313,37,0.3,0.175,N4 O7,de-protonated,0,-9999,C40 H12 O7 N4,40,12,7,4,-9999,-9999,-9999,N/A,-9999,-9999,N/A,-9999
3278,659.204207,659.204350378828,659.204886608149,3065877.8,-9999,291926.8,14.12,-1,-0.8134486436738485,0.44343167857460375,0.7805128205128198,0.5782641353498901,5,1.6923076923076923,0.5769230769230769,S2 O15,de-protonated,0,-9999,C26 H44 O15 S2,26,44,15,-9999,-9999,2,-9999,N/A,-9999,-9999,N/A,-9999
3278,659.204207,659.204350378828,659.204017228279,3065877.8,-9999,291926.8,14.12,-1,0.5053830686114087,0.47735665609843825,0.7871578612348809,0.6012771381530153,6,1.6,0.8,O20,de-protonated,0,-9999,C25 H40 O20,25,40,20,-9999,-9999,-9999,-9999,N/A,-9999,-9999,N/A,-9999
3278,659.204207,659.204350378828,659.2043735438991,3065877.8,-9999,291926.8,14.12,-1,-0.03514095476296138,0.49988797826586434,0.7033271719038787,0.5812636557210701,23,0.9230769230769232,0.10256410256410256,N2 S2 O4,de-protonated,0,-9999,C39 H36 O4 N2 S2,39,36,4,2,-9999,2,-9999,N/A,-9999,-9999,N/A,-9999
3278,659.204207,659.204350378828,659.204506485629,3065877.8,-9999,291926.8,14.12,-1,-0.2368108826087585,0.4949380315923565,0.7675537279851021,0.6039843101494548,10,1.4642857142857142,0.42857142857142855,N2 S1 P1 O12,de-protonated,0,-9999,C28 H41 O12 N2 P1 S1,28,41,12,2,1,1,-9999,N/A,-9999,-9999,N/A,-9999
3278,659.204207,659.204350378828,659.2039934213789,3065877.8,-9999,291926.8,14.12,-1,0.5414977044240559,0.4740931196995248,0.6927871148459346,0.5615707177580886,28,0.8048780487804879,0.02439024390243902,N4 S1 P1 O1,de-protonated,0,-9999,C41 H33 O1 N4 P1 S1,41,33,1,4,1,1,-9999,N/A,-9999,-9999,N/A,-9999
3278,659.204207,659.204350378828,659.203855036949,3065877.8,-9999,291926.8,14.12,-1,0.751424427018001,0.9026206217250028,0,0.5415723730350016,1,2.25,0.7,N4 S2 P1 O14,de-protonated,0,-9999,C20 H45 O14 N4 P1 S2,20,45,14,4,1,2,-9999,N/A,-9999,-9999,N/A,-9999
3279,659.240259,659.2404024074068,659.240402737629,2735169.5,-9999,235436.5,12.41,-1,-5.0091313748268e-4,0.49999997723599526,0.7805128205128198,0.6122051145467251,5,1.6923076923076923,0.7307692307692307,O19,de-protonated,0,-9999,C26 H44 O19,26,44,19,-9999,-9999,-9999,-9999,N/A,-9999,-9999,N/A,-9999
3279,659.240259,659.2404024074068,659.240759053249,2735169.5,-9999,235436.5,12.41,-1,-0.5409948297417763,0.4741399496404915,0.6980173569463055,0.5636909125628171,22,1,0.075,N2 S2 O3,de-protonated,0,-9999,C40 H40 O3 N2 S2,40,40,3,2,-9999,2,-9999,N/A,-9999,-9999,N/A,-9999
3279,659.240259,659.2404024074068,659.239889673379,2735169.5,-9999,235436.5,12.41,-1,0.7777654778043697,0.4480237818188623,0.7033271719038788,0.550145137852869,23,0.9230769230769232,0.20512820512820512,N2 O8,de-protonated,0,-9999,C39 H36 O8 N2,39,36,8,2,-9999,-9999,-9999,N/A,-9999,-9999,N/A,-9999
3279,659.240259,659.2404024074068,659.240891994979,2735169.5,-9999,235436.5,12.41,-1,-0.7426535249736114,0.4523847035207378,0.7612342259156645,0.5759245124787085,9,1.5517241379310345,0.3793103448275862,N2 S1 P1 O11,de-protonated,0,-9999,C29 H45 O11 N2 P1 S1,29,45,11,2,1,1,-9999,N/A,-9999,-9999,N/A,-9999
3279,659.240259,659.2404024074068,659.2402405462991,2735169.5,-9999,235436.5,12.41,-1,0.2455267408510936,0.9891212659212448,0,0.5934727595527469,0,2.3333333333333335,0.6190476190476191,N4 S2 P1 O13,de-protonated,0,-9999,C21 H49 O13 N4 P1 S2,21,49,13,4,1,2,-9999,N/A,-9999,-9999,N/A,-9999
3280,660.051343,660.05148705036,660.051222239629,3093534.8,-9999,328977.4,14.25,-1,0.4011972435773347,0.485608264089054,0.7939170211058493,0.6089317668957721,14,0.9583333333333334,0.7916666666666666,N1 S1 O19,de-protonated,0,-9999,C24 H23 O19 N1 S1,24,23,19,1,-9999,1,-9999,N/A,-9999,-9999,N/A,-9999
3280,660.051343,660.05148705036,660.051711496979,3093534.8,-9999,328977.4,14.25,-1,-0.3400439921036079,0.489618835648808,0.7739790330151771,0.6033629145953556,18,0.8888888888888888,0.4074074074074074,N3 S2 P1 O11,de-protonated,0,-9999,C27 H24 O11 N3 P1 S2,27,24,11,3,1,2,-9999,N/A,-9999,-9999,N/A,-9999
3280,660.051343,660.05148705036,660.050842117109,3093534.8,-9999,328977.4,14.25,-1,0.9770963232794254,0.4204711684556758,0.7805128205128198,0.5644878292785334,19,0.7692307692307693,0.6153846153846154,N3 P1 O16,de-protonated,0,-9999,C26 H20 O16 N3 P1,26,20,16,3,1,-9999,-9999,N/A,-9999,-9999,N/A,-9999
3281,660.055476,660.0556200536363,660.055734248979,3163171.8,-9999,246443,14.61,-1,-0.17300863664105598,0.49729180095133474,0.7428850341668534,0.5955290942375422,22,0.75,0.28125,N1 S2 P1 O9,de-protonated,0,-9999,C32 H24 O9 N1 P1 S2,32,24,9,1,1,2,-9999,N/A,-9999,-9999,N/A,-9999
3282,660.063035,660.0631790596284,660.063107077599,25797676,-9999,160044.9,131.12,-1,0.10905325349643634,0.24946110693696671,0.702956483368381,0.43085925750953247,23,0.6129032258064516,0.5161290322580645,N1 O16,de-protonated,0,-9999,C31 H19 O16 N1,31,19,16,1,-9999,-9999,-9999,N/A,-9999,-9999,N/A,-9999
3282,660.063035,660.0631790596284,660.063596334949,25797676,-9999,160044.9,131.12,-1,-0.6321744191496307,0.45433482923910307,0.7068128546214476,0.555326039392041,27,0.5882352941176471,0.2352941176470588,N3 S1 P1 O8,de-protonated,0,-9999,C34 H20 O8 N3 P1 S1,34,20,8,3,1,1,-9999,N/A,-9999,-9999,N/A,-9999
3282,660.063035,660.0631790596284,660.0635794044191,25797676,-9999,160044.9,131.12,-1,-0.606524588232107,0.1559048530470125,0.5842580513295405,0.3272461323600237,36,0.3902439024390244,0.04878048780487805,N4 S1 33S1 O2,de-protonated,1,3277,C41 H16 O2 N4 S1 33S1,41,16,2,4,-9999,1,-9999,N/A,-9999,-9999,TRUE,-9999
3283,660.067361,660.0675050630576,660.067204337159,20816946,-9999,176216.4,105.48,-1,0.4555989097877922,0.19260741463550415,0.681318180018335,0.3880917207886365,18,0.8620689655172413,0.4482758620689655,S1 P1 O13 17O1,de-protonated,1,3277,C29 H25 O13 P1 S1 17O1,29,25,13,-9999,1,1,-9999,N/A,1,-9999,N/A,-9999
3283,660.067361,660.0675050630576,660.0676190869489,20816946,-9999,176216.4,105.48,-1,-0.17274577320763632,0.24865000097378276,0.6438167023051762,0.4067166815063401,31,0.5128205128205128,0.15384615384615383,N1 S1 P1 O6,de-protonated,0,-9999,C39 H20 O6 N1 P1 S1,39,20,6,1,1,1,-9999,N/A,-9999,-9999,N/A,-9999
3283,660.067361,660.0675050630576,660.068052490329,20816946,-9999,176216.4,105.48,-1,-0.8293497455604845,0.22066742435834333,0.7198309114914329,0.4203328192115792,19,0.7407407407407407,0.6296296296296297,N2 O17 17O1,de-protonated,1,3277,C27 H20 O17 N2 17O1,27,20,17,2,-9999,-9999,-9999,N/A,1,-9999,N/A,-9999
3283,660.067361,660.0675050630576,660.0669676382689,20816946,-9999,176216.4,105.48,-1,0.8141973694585256,0.2216668179357315,0.6760564733631045,0.4034226801066807,22,0.7741935483870968,0.25806451612903225,N3 S2 P1 O8,de-protonated,0,-9999,C31 H24 O8 N3 P1 S2,31,24,8,3,1,2,-9999,N/A,-9999,-9999,N/A,-9999
3284,661.04904,661.049184841243,661.049132746409,6377699,-9999,304107.3,31.15,-1,0.07880629659356869,0.49943687994384706,0.6825582999861977,0.5726854479607872,35,0.4418604651162791,0.04651162790697674,S2 P1 O2,de-protonated,0,-9999,C43 H19 O2 P1 S2,43,19,2,-9999,1,2,-9999,N/A,-9999,-9999,N/A,-9999
3284,661.04904,661.049184841243,661.049842515149,6377699,-9999,304107.3,31.15,-1,-0.9948930680415592,0.4178021403361987,0.8221557383861046,0.579543579556161,9,1.3,0.95,N2 S2 O19,de-protonated,0,-9999,C20 H26 O19 N2 S2,20,26,19,2,-9999,2,-9999,N/A,-9999,-9999,N/A,-9999
3284,661.04904,661.049184841243,661.049329450899,6377699,-9999,304107.3,31.15,-1,-0.21875773795943484,0.49567718640964903,0.7369636471990461,0.5921917707254079,27,0.5454545454545454,0.24242424242424243,N4 S2 O8,de-protonated,0,-9999,C33 H18 O8 N4 S2,33,18,8,4,-9999,2,-9999,N/A,-9999,-9999,N/A,-9999
3284,661.04904,661.049184841243,661.049462392629,6377699,-9999,304107.3,31.15,-1,-0.4198647783929306,0.48425961469017426,0.8077896627745539,0.6136716339239261,14,1.0454545454545454,0.7272727272727273,N4 S1 P1 O16,de-protonated,0,-9999,C22 H23 O16 N4 P1 S1,22,23,16,4,1,1,-9999,N/A,-9999,-9999,N/A,-9999
3285,661.053237,661.0533818445699,661.054003651579,3164904.5,-9999,214545.7,14.61,-1,-0.9406296697033364,0.4258406316230689,0.6677691528855879,0.5226120401280765,40,0.30434782608695654,0.08695652173913043,S1 O4,de-protonated,0,-9999,C46 H14 O4 S1,46,14,4,-9999,-9999,1,-9999,N/A,-9999,-9999,N/A,-9999
3285,661.053237,661.0533818445699,661.053865267149,3164904.5,-9999,214545.7,14.61,-1,-0.7312907533298407,0.4537615551549465,0.787157861234881,0.5871200775869203,13,1.04,0.68,S2 O17,de-protonated,0,-9999,C25 H26 O17 S2,25,26,17,-9999,-9999,2,-9999,N/A,-9999,-9999,N/A,-9999
3285,661.053237,661.0533818445699,661.052995887279,3164904.5,-9999,214545.7,14.61,-1,0.5838522679131211,0.4700105966293248,0.7939170211058493,0.5995731664199346,14,0.9166666666666666,0.9166666666666666,O22,de-protonated,0,-9999,C24 H22 O22,24,22,22,-9999,-9999,-9999,-9999,N/A,-9999,-9999,N/A,-9999
3285,661.053237,661.0533818445699,661.053352202899,3164904.5,-9999,214545.7,14.61,-1,0.04484005844626396,0.4998176201080952,0.7087183895694522,0.583377927892638,31,0.47368421052631576,0.15789473684210523,N2 S2 O6,de-protonated,0,-9999,C38 H18 O6 N2 S2,38,18,6,2,-9999,2,-9999,N/A,-9999,-9999,N/A,-9999
3285,661.053237,661.0533818445699,661.053485144629,3164904.5,-9999,214545.7,14.61,-1,-0.15626581118846983,0.49778950267248,0.7739790330151771,0.6082653148095588,18,0.8518518518518519,0.5185185185185185,N2 S1 P1 O14,de-protonated,0,-9999,C27 H23 O14 N2 P1 S1,27,23,14,2,1,1,-9999,N/A,-9999,-9999,N/A,-9999
3285,661.053237,661.0533818445699,661.0529720803789,3164904.5,-9999,214545.7,14.61,-1,0.61986589317804075,0.46632806738327504,0.6980173569463055,0.5590037832084872,36,0.375,0.075,N4 S1 P1 O3,de-protonated,0,-9999,C40 H15 O3 N4 P1 S1,40,15,3,4,1,1,-9999,N/A,-9999,-9999,N/A,-9999
3285,661.053237,661.0533818445699,661.0528336959491,3164904.5,-9999,214545.7,14.61,-1,0.8292054627256511,0.8827080245433919,0,0.5296248147260352,9,1.4210526315789471,0.8421052631578947,N4 S2 P1 O16,de-protonated,0,-9999,C19 H27 O16 N4 P1 S2,19,27,16,4,1,2,-9999,N/A,-9999,-9999,N/A,-9999
3286,661.061348,661.0614928509996,661.060879199949,73890032,-9999,194525.4,378.67,-1,0.9282822049822096,0.401303831288211,0.7275604484002055,0.5318064781330089,17,0.9310344827586208,0.41379310344827586,S2 P1 O12,de-protonated,0,-9999,C29 H27 O12 P1 S2,29,27,12,-9999,1,2,-9999,N/A,-9999,-9999,N/A,-9999
3286,661.061348,661.0614928509996,661.0617273531191,73890032,-9999,194525.4,378.67,-1,-0.3547355863965692,0.162904280220087,0.7023597841859084,0.3786864818064155,18,0.8148148148148148,0.5925925925925926,N2 S1 O16,de-protonated,0,-9999,C27 H22 O16 N2 S1,27,22,16,2,-9999,1,-9999,N/A,-9999,-9999,N/A,-9999
3286,661.061348,661.0614928509996,661.061214288869,73890032,-9999,194525.4,378.67,-1,0.4213862870088609,0.24093709247946307,0.6427754249787874,0.4016724254791928,36,0.35,0.125,N4 S1 O5,de-protonated,0,-9999,C40 H14 O5 N4 S1,40,14,5,4,-9999,1,-9999,N/A,-9999,-9999,N/A,-9999
3286,661.061348,661.0614928509996,661.061347230599,73890032,-9999,194525.4,378.67,-1,0.22028273342684365,0.19824678885240457,0.7130236110398438,0.4041575177273803,23,0.6551724137931034,0.4482758620689655,N4 P1 O13,de-protonated,0,-9999,C29 H19 O13 N4 P1,29,19,13,4,1,-9999,-9999,N/A,-9999,-9999,N/A,-9999
3286,661.061348,661.0614928509996,661.061075904439,73890032,-9999,194525.4,378.67,-1,0.6307232051022538,0.4738969155793658,0.8803183317808375,0.6364654820599545,9,1.368421052631579,0.9473684210526316,N4 S2 O18,de-protonated,0,-9999,C19 H26 O18 N4 S2,19,26,18,4,-9999,2,-9999,N/A,-9999,-9999,N/A,-9999
3287,661.072122,661.0722668595403,661.072631096189,3670271.5,-9999,251043.2,17.22,-1,-0.5509782610254469,0.4732029861226798,0.6629808336683964,0.5491141251409665,39,0.3829787234042553,0.02127659574468085,S2 O1,de-protonated,0,-9999,C47 H18 O1 S2,47,18,1,-9999,-9999,2,-9999,N/A,-9999,-9999,N/A,-9999
3287,661.072122,661.0722668595403,661.071761716319,3670271.5,-9999,251043.2,17.22,-1,0.7641276644126889,0.44973648737964866,0.667769152885588,0.5369495535820243,40,0.30434782608695654,0.13043478260869565,O6,de-protonated,0,-9999,C46 H14 O6,46,14,6,-9999,-9999,-9999,-9999,N/A,-9999,-9999,N/A,-9999
3287,661.072122,661.0722668595403,661.072764037919,3670271.5,-9999,251043.2,17.22,-1,-0.7520781459820423,0.4512298312979356,0.719752637322661,0.5586389537078258,26,0.6388888888888888,0.25,S1 P1 O9,de-protonated,0,-9999,C36 H23 O9 P1 S1,36,23,9,-9999,1,1,-9999,N/A,-9999,-9999,N/A,-9999
3287,661.072122,661.0722668595403,661.071623331889,3670271.5,-9999,251043.2,17.22,-1,0.9734613142733974,0.4210124630928137,0.7871578612348809,0.5674706223496405,13,1.04,0.76,S1 O19,de-protonated,0,-9999,C25 H26 O19 S1,25,26,19,-9999,-9999,1,-9999,N/A,-9999,-9999,N/A,-9999
3287,661.072122,661.0722668595403,661.072112589239,3670271.5,-9999,251043.2,17.22,-1,0.23336380142394145,0.4950836040682096,0.7675537279851021,0.6040716536349666,17,0.9642857142857144,0.3928571428571429,N2 S2 P1 O11,de-protonated,0,-9999,C28 H27 O11 N2 P1 S2,28,27,11,2,1,2,-9999,N/A,-9999,-9999,N/A,-9999
3288,662.059784,662.0599296424684,662.0602669353491,11476412,-9999,179171.8,53.14,-1,-0.5094594820192724,0.4154098404351064,0.7275604484002055,0.540270083621146,17,0.9310344827586208,0.41379310344827586,S1 33S1 P1 O12,de-protonated,1,3286,C29 H27 O12 P1 S1 33S1,29,27,12,-9999,1,1,-9999,N/A,-9999,-9999,TRUE,-9999
3288,662.059784,662.0599296424684,662.059392164549,11476412,-9999,179171.8,53.14,-1,0.811827346347441,0.44364374609494506,0.7068128546214476,0.5489113895055461,27,0.5882352941176471,0.2352941176470588,N3 34S1 P1 O8,de-protonated,1,3282,C34 H20 O8 N3 P1 34S1,34,20,8,3,1,-9999,-9999,N/A,-9999,-9999,N/A,1
3288,662.059784,662.0599296424684,662.0603476286391,11476412,-9999,179171.8,53.14,-1,-0.6313414965014651,0.3100764810389682,0.747247409058623,0.4849448522468301,13,1.0869565217391304,0.6956521739130435,N3 S2 O16,de-protonated,0,-9999,C23 H25 O16 N3 S2,23,25,16,3,-9999,2,-9999,N/A,-9999,-9999,N/A,-9999
3288,662.059784,662.0599296424684,662.0594782487691,11476412,-9999,179171.8,53.14,-1,0.6818023367480751,0.45955603100033304,0.8077896627745538,0.5988494837100213,14,0.9545454545454546,0.9545454545454546,N3 O21,de-protonated,0,-9999,C22 H21 O21 N3,22,21,21,3,-9999,-9999,-9999,N/A,-9999,-9999,N/A,-9999
3288,662.059784,662.0599296424684,662.060463639839,11476412,-9999,179171.8,53.14,-1,-0.8065688858950603,0.468684105303056,0.8803183317808375,0.6333377958941686,9,1.368421052631579,0.9473684210526316,N4 S1 33S1 O18,de-protonated,1,3286,C19 H26 O18 N4 S1 33S1,19,26,18,4,-9999,1,-9999,N/A,-9999,-9999,TRUE,-9999
3289,662.064474,662.0646196461862,662.0646417067991,9317826,-9999,188638.6,42.86,-1,-0.03332093497837665,0.333266186863325,0.6696871342203778,0.4678345658061462,31,0.47368421052631576,0.23684210526315788,N1 P1 O9,de-protonated,0,-9999,C38 H18 O9 N1 P1,38,18,9,1,1,-9999,-9999,N/A,-9999,-9999,N/A,-9999
3289,662.064474,662.0646196461862,662.064370380639,9317826,-9999,188638.6,42.86,-1,0.3764974499547524,0.3248691803134563,0.7182238920063834,0.4822110649906272,17,0.8928571428571429,0.5,N1 S2 O14,de-protonated,0,-9999,C28 H25 O14 N1 S2,28,25,14,1,-9999,2,-9999,N/A,-9999,-9999,N/A,-9999
3289,662.064474,662.0646196461862,662.0639902581191,9317826,-9999,188638.6,42.86,-1,0.9506453701293566,0.42437949507643585,0.7550179348240813,0.556634870975494,22,0.7333333333333333,0.36666666666666664,N3 S1 P1 O11,de-protonated,0,-9999,C30 H22 O11 N3 P1 S1,30,22,11,3,1,1,-9999,N/A,-9999,-9999,N/A,-9999
3289,662.064474,662.0646196461862,662.064430739509,9317826,-9999,188638.6,42.86,-1,0.2853297479974309,0.4807688054408986,0.8803183317808375,0.6405886159768742,9,1.4444444444444444,1,13C1 N4 S2 O18,de-protonated,1,3286,C18 H26 O18 N4 S2 13C1,18,26,18,4,-9999,2,1,N/A,-9999,-9999,N/A,-9999
3290,663.056546,663.0566924326102,663.056899498199,7406728.5,-9999,147159.1,33.74,-1,-0.31228932067169834,0.4912299677698777,0.7087183895694522,0.5782253364897074,31,0.42105263157894735,0.3157894736842105,O12,de-protonated,0,-9999,C38 H16 O12,38,16,12,-9999,-9999,-9999,-9999,N/A,-9999,-9999,N/A,-9999
3290,663.056546,663.0566924326102,663.0566750295491,7406728.5,-9999,147159.1,33.74,-1,0.026246717413765,0.42196385084498583,0.7275604484002055,0.5442024898670736,17,0.9310344827586208,0.41379310344827586,S1 34S1 P1 O12,de-protonated,1,3286,C29 H27 O12 P1 S1 34S1,29,27,12,-9999,1,1,-9999,N/A,-9999,-9999,N/A,1
3290,663.056546,663.0566924326102,663.056248049519,7406728.5,-9999,147159.1,33.74,-1,0.6702042135072074,0.4608654444506336,0.7550179348240813,0.5785264406000127,22,0.6666666666666666,0.4666666666666667,N2 S1 O14,de-protonated,0,-9999,C30 H20 O14 N2 S1,30,20,14,2,-9999,1,-9999,N/A,-9999,-9999,N/A,-9999
3290,663.056546,663.0566924326102,663.057250371119,7406728.5,-9999,147159.1,33.74,-1,-0.8414635515696175,0.439717016955736,0.8221557383861046,0.5926925055278834,8,1.45,0.85,N2 S2 P1 O17,de-protonated,0,-9999,C20 H29 O17 N2 P1 S2,20,29,17,2,1,2,-9999,N/A,-9999,-9999,N/A,-9999
3290,663.056546,663.0566924326102,663.0570101184691,7406728.5,-9999,147159.1,33.74,-1,-0.4791229923968059,0.23980060549221044,0.6427754249787874,0.4009905332868412,36,0.35,0.125,N4 34S1 O5,de-protonated,1,3286,C40 H14 O5 N4 34S1,40,14,5,4,-9999,-9999,-9999,N/A,-9999,-9999,N/A,1
3290,663.056546,663.0566924326102,663.056737306869,7406728.5,-9999,147159.1,33.74,-1,-0.06767785650114827,0.4995846286221915,0.7369636471990462,0.5945362360529334,26,0.6363636363636364,0.18181818181818185,N4 S2 P1 O6,de-protonated,0,-9999,C33 H21 O6 N4 P1 S2,33,21,6,4,1,2,-9999,N/A,-9999,-9999,N/A,-9999
3290,663.056546,663.0566924326102,663.056871734039,7406728.5,-9999,147159.1,33.74,-1,-0.27041636450732226,0.4809541703548834,0.8803183317808375,0.640699834925265,9,1.368421052631579,0.9473684210526316,N4 S1 34S1 O18,de-protonated,1,3286,C19 H26 O18 N4 S1 34S1,19,26,18,4,-9999,1,-9999,N/A,-9999,-9999,N/A,1
3291,663.163184,663.163330517143,663.163554102799,3109132.5,-9999,146718.9,13.25,-1,-0.33715009617367325,0.489792970311881,0.672627141691601,0.562926638863769,32,0.6222222222222222,0.08888888888888889,S1 O4,de-protonated,0,-9999,C45 H28 O4 S1,45,28,4,-9999,-9999,1,-9999,N/A,-9999,-9999,N/A,-9999
3291,663.163184,663.163330517143,663.163687044529,3109132.5,-9999,146718.9,13.25,-1,-0.537615965620528,0.4744535954371892,0.7311359101322861,0.5771265213152279,19,0.9705882352941176,0.35294117647058826,P1 O12,de-protonated,0,-9999,C34 H33 O12 P1,34,33,12,-9999,1,-9999,-9999,N/A,-9999,-9999,N/A,-9999
3291,663.163184,663.163330517143,663.163415718369,3109132.5,-9999,146718.9,13.25,-1,-0.12847696968371394,0.4985047142422828,0.7939170211058493,0.6166696369877094,5,1.6666666666666667,0.7083333333333334,S2 O17,de-protonated,0,-9999,C24 H40 O17 S2,24,40,17,-9999,-9999,2,-9999,N/A,-9999,-9999,N/A,-9999
3291,663.163184,663.163330517143,663.1631739802789,3109132.5,-9999,146718.9,13.25,-1,0.23604577310475644,0.4949705232608042,0.6629808336683964,0.5621746474238412,37,0.5319148936170213,0.02127659574468085,N2 P1 O1,de-protonated,0,-9999,C47 H25 O1 N2 P1,47,25,1,2,1,-9999,-9999,N/A,-9999,-9999,N/A,-9999
3291,663.163184,663.163330517143,663.162902654119,3109132.5,-9999,146718.9,13.25,-1,0.6451854021126592,0.4636256814372517,0.7141928963326545,0.5638525673954128,23,0.8648648648648649,0.16216216216216217,N2 S2 O6,de-protonated,0,-9999,C37 H32 O6 N2 S2,37,32,6,2,-9999,2,-9999,N/A,-9999,-9999,N/A,-9999
3291,663.163184,663.163330517143,663.163035595849,3109132.5,-9999,146718.9,13.25,-1,0.44471913864460694,0.4823751178233264,0.7805128205128198,0.6016301988991237,10,1.4230769230769231,0.5384615384615384,N2 S1 P1 O14,de-protonated,0,-9999,C26 H37 O14 N2 P1 S1,26,37,14,2,1,1,-9999,N/A,-9999,-9999,N/A,-9999
3291,663.163184,663.163330517143,663.1638837490191,3109132.5,-9999,146718.9,13.25,-1,-0.8342310093388495,0.4406850508185504,0.7939170211058493,0.58197783893347,11,1.3333333333333333,0.75,N4 O18,de-protonated,0,-9999,C24 H32 O18 N4,24,32,18,4,-9999,-9999,-9999,N/A,-9999,-9999,N/A,-9999
3292,663.198796,663.198942545373,663.1989318478489,3272504.3,-9999,214917.1,14.03,-1,0.01613018896133979,0.4999763956257781,0.7939170211058493,0.6175526458178067,5,1.6666666666666667,0.875,O21,de-protonated,0,-9999,C24 H40 O21,24,40,21,-9999,-9999,-9999,-9999,N/A,-9999,-9999,N/A,-9999
3292,663.198796,663.198942545373,663.1992881634691,3272504.3,-9999,214917.1,14.03,-1,-0.5211376161236071,0.4759579276850844,0.7087183895694522,0.5690621124388315,22,0.9473684210526316,0.13157894736842105,N2 S2 O5,de-protonated,0,-9999,C38 H36 O5 N2 S2,38,36,5,2,-9999,2,-9999,N/A,-9999,-9999,N/A,-9999
3292,663.198796,663.198942545373,663.1984187835991,3272504.3,-9999,214917.1,14.03,-1,0.7897512405030127,0.4464990526811385,0.7141928963326545,0.5535765901417449,23,0.8648648648648649,0.2702702702702703,N2 O10,de-protonated,0,-9999,C37 H32 O10 N2,37,32,10,2,-9999,-9999,-9999,N/A,-9999,-9999,N/A,-9999
3292,663.198796,663.198942545373,663.199421105199,3272504.3,-9999,214917.1,14.03,-1,-0.7215926473234255,0.45492314953662377,0.7739790330151771,0.5825455029280451,9,1.5185185185185186,0.48148148148148145,N2 S1 P1 O13,de-protonated,0,-9999,C27 H41 O13 N2 P1 S1,27,41,13,2,1,1,-9999,N/A,-9999,-9999,N/A,-9999
3292,663.198796,663.198942545373,663.1989080409489,3272504.3,-9999,214917.1,14.03,-1,0.05202726312525649,0.499754484369708,0.6980173569463055,0.579059633400347,27,0.825,0.05,N4 S1 P1 O2,de-protonated,0,-9999,C40 H33 O2 N4 P1 S1,40,33,2,4,1,1,-9999,N/A,-9999,-9999,N/A,-9999
3292,663.198796,663.198942545373,663.198769656519,3272504.3,-9999,214917.1,14.03,-1,0.26068934683127903,0.987744656397307,0,0.5926467938383841,0,2.3684210526315788,0.7894736842105263,N4 S2 P1 O15,de-protonated,0,-9999,C19 H45 O15 N4 P1 S2,19,45,15,4,1,2,-9999,N/A,-9999,-9999,N/A,-9999
3293,665.16511,665.1652581040869,665.1649503475691,7664829.5,-9999,270241.2,34.96,-1,0.4626769911230541,0.4809509926274531,0.7489023467070351,0.5881315342592859,13,1.2580645161290325,0.3225806451612903,S2 P1 O10,de-protonated,0,-9999,C31 H39 O10 P1 S2,31,39,10,-9999,1,2,-9999,N/A,-9999,-9999,N/A,-9999
3293,665.16511,665.1652581040869,665.165798500739,7664829.5,-9999,270241.2,34.96,-1,-0.8124239901467637,0.44356574182557673,0.7612342259156646,0.5706331354616119,14,1.1724137931034482,0.4827586206896552,N2 S1 O14,de-protonated,0,-9999,C29 H34 O14 N2 S1,29,34,14,2,-9999,1,-9999,N/A,-9999,-9999,N/A,-9999
3293,665.16511,665.1652581040869,665.165285436489,7664829.5,-9999,270241.2,34.96,-1,-0.04109114329004661,0.3332312246920958,0.6430949433786466,0.4571767121667161,32,0.6190476190476191,0.07142857142857142,N4 S1 O3,de-protonated,0,-9999,C42 H26 O3 N4 S1,42,26,3,4,-9999,1,-9999,N/A,-9999,-9999,N/A,-9999
3293,665.16511,665.1652581040869,665.165418378219,7664829.5,-9999,270241.2,34.96,-1,-0.24095379535841935,0.4947603074223017,0.7489023467070351,0.5964171231361951,19,1,0.3548387096774194,N4 P1 O11,de-protonated,0,-9999,C31 H31 O11 N4 P1,31,31,11,4,1,-9999,-9999,N/A,-9999,-9999,N/A,-9999
3293,665.16511,665.1652581040869,665.1651470520591,7664829.5,-9999,270241.2,34.96,-1,0.16695406894225434,0.4974775645631527,0.8149093904448101,0.6244502949158157,5,1.8095238095238095,0.7619047619047619,N4 S2 O16,de-protonated,0,-9999,C21 H38 O16 N4 S2,21,38,16,4,-9999,2,-9999,N/A,-9999,-9999,N/A,-9999
3294,665.169711,665.1698591077342,665.1698212527391,3921091,-9999,301128.1,17.11,-1,0.05691027142472531,0.49970625022591686,0.7311359101322861,0.5922781141884645,18,1,0.35294117647058826,S1 O12,de-protonated,0,-9999,C34 H34 O12 S1,34,34,12,-9999,-9999,1,-9999,N/A,-9999,-9999,N/A,-9999
3294,665.169711,665.1698591077342,665.169954194469,3921091,-9999,301128.1,17.11,-1,-0.1429510371892887,0.918181859763214,0.5383251561993827,0.7662391783376814,5,1.6956521739130437,0.8695652173913043,P1 O20,de-protonated,0,-9999,C23 H39 O20 P1,23,39,20,-9999,1,-9999,-9999,N/A,-9999,-9999,N/A,-9999
3294,665.169711,665.1698591077342,665.1693081884889,3921091,-9999,301128.1,17.11,-1,0.8282391241964752,0.441482296223233,0.6629808336683964,0.5300817112012983,36,0.5531914893617021,0.02127659574468085,N2 S1 O1,de-protonated,0,-9999,C47 H26 O1 N2 S1,47,26,1,2,-9999,1,-9999,N/A,-9999,-9999,N/A,-9999
3294,665.169711,665.1698591077342,665.170310510089,3921091,-9999,301128.1,17.11,-1,-0.6786267332609178,0.942256649810844,0.6249255252058904,0.8153241999688626,22,0.945945945945946,0.10810810810810811,N2 S2 P1 O4,de-protonated,0,-9999,C37 H35 O4 N2 P1 S2,37,35,4,2,1,2,-9999,N/A,-9999,-9999,N/A,-9999
3294,665.169711,665.1698591077342,665.1694411302191,3921091,-9999,301128.1,17.11,-1,0.6283775069229744,0.4654299398356574,0.719752637322661,0.5671590188304588,23,0.8611111111111112,0.25,N2 P1 O9,de-protonated,0,-9999,C36 H31 O9 N2 P1,36,31,9,2,1,-9999,-9999,N/A,-9999,-9999,N/A,-9999
3295,665.177494,665.1776421139039,665.1781964029591,87002320,-9999,192267.4,413.13,-1,-0.8332940830411706,0.36034220987054055,0.8840206560500229,0.5698135883423335,5,1.6521739130434785,0.9565217391304348,O22,de-protonated,0,-9999,C23 H38 O22,23,38,22,-9999,-9999,-9999,-9999,N/A,-9999,-9999,N/A,-9999
3295,665.177494,665.1776421139039,665.177683338709,87002320,-9999,192267.4,413.13,-1,-0.06197562875527,0.1665505503821395,0.6651130388581297,0.3659755457725356,23,0.8333333333333334,0.3055555555555556,N2 O11,de-protonated,0,-9999,C36 H30 O11 N2,36,30,11,2,-9999,-9999,-9999,N/A,-9999,-9999,N/A,-9999
3295,665.177494,665.1776421139039,665.1781725960589,87002320,-9999,192267.4,413.13,-1,-0.7975038521325469,0.392957893814568,0.6654718158554547,0.5019634626309226,27,0.7948717948717948,0.07692307692307693,N4 S1 P1 O3,de-protonated,0,-9999,C39 H31 O3 N4 P1 S1,39,31,3,4,1,1,-9999,N/A,-9999,-9999,N/A,-9999
3295,665.177494,665.1776421139039,665.1770318900291,87002320,-9999,192267.4,413.13,-1,0.9173856665694948,0.3922352735015978,0.7107059876628024,0.5196235591660796,14,1.2142857142857142,0.4642857142857143,N4 S1 O13,de-protonated,0,-9999,C28 H34 O13 N4 S1,28,34,13,4,-9999,1,-9999,N/A,-9999,-9999,N/A,-9999
3295,665.177494,665.1776421139039,665.1780342116291,87002320,-9999,192267.4,413.13,-1,-0.5894628281042045,0.4762323123095703,0.8632026525282033,0.6310204483970234,0,2.388888888888889,0.8888888888888888,N4 S2 P1 O16,de-protonated,0,-9999,C18 H43 O16 N4 P1 S2,18,43,16,4,1,2,-9999,N/A,-9999,-9999,N/A,-9999
3296,665.215284,665.2154321438603,665.2155896766089,2952955.8,-9999,193332.3,12.5,-1,-0.2368145772219687,0.49493787444444814,0.6677691528855879,0.5640703858209041,30,0.7391304347826086,0.06521739130434782,S1 O3,de-protonated,0,-9999,C46 H34 O3 S1,46,34,3,-9999,-9999,1,-9999,N/A,-9999,-9999,N/A,-9999
3296,665.215284,665.2154321438603,665.2157226183391,2952955.8,-9999,193332.3,12.5,-1,-0.4366620765442125,0.4829970729582685,0.725399618712417,0.5799580912599278,17,1.1142857142857143,0.3142857142857143,P1 O11,de-protonated,0,-9999,C35 H39 O11 P1,35,39,11,-9999,1,-9999,-9999,N/A,-9999,-9999,N/A,-9999
3296,665.215284,665.2154321438603,665.215451292179,2952955.8,-9999,193332.3,12.5,-1,-0.02878513811652544,0.49992483289550793,0.787157861234881,0.6148180442312572,3,1.84,0.64,S2 O16,de-protonated,0,-9999,C25 H46 O16 S2,25,46,16,-9999,-9999,2,-9999,N/A,-9999,-9999,N/A,-9999
3296,665.215284,665.2154321438603,665.214938227929,2952955.8,-9999,193332.3,12.5,-1,0.7424907393557041,0.4524045487417672,0.7087183895694522,0.5549300850728411,21,1,0.13157894736842105,N2 S2 O5,de-protonated,0,-9999,C38 H38 O5 N2 S2,38,38,5,2,-9999,2,-9999,N/A,-9999,-9999,N/A,-9999
3296,665.215284,665.2154321438603,665.215071169659,2952955.8,-9999,193332.3,12.5,-1,0.5426428487806804,0.4739863336814349,0.7739790330151772,0.5939834134149318,8,1.5925925925925926,0.48148148148148145,N2 S1 P1 O13,de-protonated,0,-9999,C27 H43 O13 N2 P1 S1,27,43,13,2,1,1,-9999,N/A,-9999,-9999,N/A,-9999
3296,665.215284,665.2154321438603,665.2159193228291,2952955.8,-9999,193332.3,12.5,-1,-0.732362161886823,0.4536324591054761,0.7871578612348809,0.587042619957238,9,1.52,0.68,N4 O17,de-protonated,0,-9999,C25 H38 O17 N4,25,38,17,4,-9999,-9999,-9999,N/A,-9999,-9999,N/A,-9999
3299,666.173813,666.1739619036944,666.173309029539,7641510,-9999,277638.3,34.84,-1,0.9800364957164104,0.8400647574693122,0.5383251561993827,0.7193689169613403,5,1.7727272727272727,0.9090909090909092,13C1 P1 O20,de-protonated,1,3294,C22 H39 O20 P1 13C1,22,39,20,-9999,1,-9999,1,N/A,-9999,-9999,N/A,-9999
3299,666.173813,666.1739619036944,666.174453139459,7641510,-9999,277638.3,34.84,-1,-0.7373980829937715,0.30201575673494746,0.6302964184076338,0.4333280214040221,31,0.6590909090909091,0.09090909090909093,N1 S1 O4,de-protonated,0,-9999,C44 H29 O4 N1 S1,44,29,4,1,-9999,1,-9999,N/A,-9999,-9999,N/A,-9999
3299,666.173813,666.1739619036944,666.174586081189,7641510,-9999,277638.3,34.84,-1,-0.936957830058487,0.4263736675536511,0.7369636471990461,0.5506096594118091,18,1.0303030303030305,0.3636363636363637,N1 P1 O12,de-protonated,0,-9999,C33 H34 O12 N1 P1,33,34,12,1,1,-9999,-9999,N/A,-9999,-9999,N/A,-9999
3299,666.173813,666.1739619036944,666.1743147550291,7641510,-9999,277638.3,34.84,-1,-0.5296681767536743,0.475184411716856,0.8007932653391622,0.6054279531657785,4,1.7826086956521738,0.7391304347826086,N1 S2 O17,de-protonated,0,-9999,C23 H41 O17 N1 S2,23,41,17,1,-9999,2,-9999,N/A,-9999,-9999,N/A,-9999
3299,666.173813,666.1739619036944,666.1736653451591,7641510,-9999,277638.3,34.84,-1,0.44516700482763794,0.9646804709461412,0.6249255252058904,0.828778492650041,22,0.9722222222222222,0.1111111111111111,13C1 N2 S2 P1 O4,de-protonated,1,3294,C36 H35 O4 N2 P1 S2 13C1,36,35,4,2,1,2,1,N/A,-9999,-9999,N/A,-9999
3299,666.173813,666.1739619036944,666.1740730169389,7641510,-9999,277638.3,34.84,-1,-0.16679310865378455,0.33165494247669575,0.617818714964936,0.44612045147199186,36,0.5652173913043478,0.0217391304347826,N3 P1 O1,de-protonated,0,-9999,C46 H26 O1 N3 P1,46,26,1,3,1,-9999,-9999,N/A,-9999,-9999,N/A,-9999
3299,666.173813,666.1739619036944,666.173801690779,7641510,-9999,277638.3,34.84,-1,0.24049717201223003,0.4947800438031451,0.719752637322661,0.5847690812109515,22,0.9166666666666666,0.16666666666666666,N3 S2 O6,de-protonated,0,-9999,C36 H33 O6 N3 S2,36,33,6,3,-9999,2,-9999,N/A,-9999,-9999,N/A,-9999
3299,666.173813,666.1739619036944,666.173934632509,7641510,-9999,277638.3,34.84,-1,0.04093703447935895,0.4998479835585989,0.7871578612348809,0.6147719346291116,9,1.52,0.56,N3 S1 P1 O14,de-protonated,0,-9999,C25 H38 O14 N3 P1 S1,25,38,14,3,1,1,-9999,N/A,-9999,-9999,N/A,-9999
3299,666.173813,666.1739619036944,666.174066784479,7641510,-9999,277638.3,34.84,-1,-0.157437507517464,0.41182542356295027,0.7107059876628024,0.5313776492028911,14,1.2142857142857142,0.4642857142857143,N3 15N1 S1 O13,de-protonated,1,3295,C28 H34 O13 N3 S1 15N1,28,34,13,3,-9999,1,-9999,TRUE,-9999,-9999,N/A,-9999
3300,666.17597,666.1761189054043,666.175455461059,8389033,-9999,176325.3,38.4,-1,0.9959003141574996,0.2784334353637385,0.6862391847630724,0.4415557351234721,17,1.1176470588235294,0.2058823529411765,N1 S2 P1 O7,de-protonated,0,-9999,C34 H38 O7 N1 P1 S2,34,38,7,1,1,2,-9999,N/A,-9999,-9999,N/A,-9999
3300,666.17597,666.1761189054043,666.176303614229,8389033,-9999,176325.3,38.4,-1,-0.2772671794063424,0.4930737965862413,0.7428850341668536,0.5929982916184862,18,1.03125,0.34375,N3 S1 O11,de-protonated,0,-9999,C32 H33 O11 N3 S1,32,33,11,3,-9999,1,-9999,N/A,-9999,-9999,N/A,-9999
3300,666.17597,666.1761189054043,666.176436555959,8389033,-9999,176325.3,38.4,-1,-0.4768264639664393,0.4797922963197016,0.8149093904448101,0.613839133969745,5,1.8095238095238095,0.9047619047619048,N3 P1 O19,de-protonated,0,-9999,C21 H38 O19 N3 P1,21,38,19,3,1,-9999,-9999,N/A,-9999,-9999,N/A,-9999
3301,666.180951,666.1810999093528,666.1815512380291,13561263,-9999,111112.9,63.06,-1,-0.6774860027635511,0.3680364224805645,0.8840206560500229,0.5744301159083479,5,1.7272727272727273,1,13C1 O22,de-protonated,1,3295,C22 H38 O22 13C1,22,38,22,-9999,-9999,-9999,1,N/A,-9999,-9999,N/A,-9999
3301,666.180951,666.1810999093528,666.181328687829,13561263,-9999,111112.9,63.06,-1,-0.34341772477377314,0.6374904265236697,0.7530536794536095,0.6837157276956456,8,1.5555555555555556,0.4444444444444444,N1 S2 P1 O12,de-protonated,0,-9999,C27 H42 O12 N1 P1 S2,27,42,12,1,1,2,-9999,N/A,-9999,-9999,N/A,-9999
3301,666.180951,666.1810999093528,666.180459307959,13561263,-9999,111112.9,63.06,-1,0.961603398669323,0.42276899900506393,0.7805128205128198,0.5658665276081662,9,1.4615384615384617,0.6538461538461539,N1 P1 O17,de-protonated,0,-9999,C26 H38 O17 N1 P1,26,38,17,1,1,-9999,-9999,N/A,-9999,-9999,N/A,-9999
3301,666.180951,666.1810999093528,666.180815623579,13561263,-9999,111112.9,63.06,-1,0.4267396586928789,0.4908185880268051,0.6752896979142519,0.5646070319817837,26,0.85,0.025,N3 S2 P1 O1,de-protonated,0,-9999,C40 H34 O1 N3 P1 S2,40,34,1,3,1,2,-9999,N/A,-9999,-9999,N/A,-9999
3301,666.180951,666.1810999093528,666.1813890466991,13561263,-9999,111112.9,63.06,-1,-0.4340219511166867,0.4796695757009213,0.8632026525282033,0.6330828064318341,0,2.5294117647058822,0.9411764705882352,13C1 N4 S2 P1 O16,de-protonated,1,3295,C17 H43 O16 N4 P1 S2 13C1,17,43,16,4,1,2,1,N/A,-9999,-9999,N/A,-9999
3302,666.677369,666.6775183028676,666.676969279289,5536795,-9999,201443.5,24.81,-1,0.8235226412903023,0.4421068067816306,0.6825582999861977,0.5382874040634574,0,2.0697674418604652,0.06976744186046512,N1 O3,de-protonated,0,-9999,C43 H89 O3 N1,43,89,3,1,-9999,-9999,-9999,N/A,-9999,-9999,N/A,-9999
3303,667.17383,667.1739796964164,667.173724863659,21255816,-9999,139729.3,99.73,-1,0.3819586231903472,0.4802076127875371,0.8138478927541626,0.6136637247741873,35,0.5833333333333334,0.04166666666666666,S1 O2,de-protonated,0,-9999,C48 H28 O2 S1,48,28,2,-9999,-9999,1,-9999,N/A,-9999,-9999,N/A,-9999
3303,667.17383,667.1739796964164,667.173857805389,21255816,-9999,139729.3,99.73,-1,0.1826975471351373,0.6325537643704178,0.9007215814710618,0.7398208912106754,22,0.8918918918918919,0.2702702702702703,P1 O10,de-protonated,0,-9999,C37 H33 O10 P1,37,33,10,-9999,1,-9999,-9999,N/A,-9999,-9999,N/A,-9999
3303,667.17383,667.1739796964164,667.173586479229,21255816,-9999,139729.3,99.73,-1,0.5893776302518193,0.47951068346663944,0.9082341935061072,0.6510000874824265,8,1.4814814814814814,0.5555555555555556,S2 O15,de-protonated,0,-9999,C27 H40 O15 S2,27,40,15,-9999,-9999,2,-9999,N/A,-9999,-9999,N/A,-9999
3303,667.17383,667.1739796964164,667.173968425659,21255816,-9999,139729.3,99.73,-1,0.01689328102436178,0.408521003785895,0.6654718158554547,0.5113013286137189,27,0.7948717948717948,0.07692307692307693,N4 34S1 P1 O3,de-protonated,1,3295,C39 H31 O3 N4 P1 34S1,39,31,3,4,1,-9999,-9999,N/A,-9999,-9999,N/A,1
3303,667.17383,667.1739796964164,667.174054509879,21255816,-9999,139729.3,99.73,-1,-0.11213485022232,0.3325736747586995,0.7501399181465137,0.4996001721138252,14,1.1851851851851851,0.5925925925925926,N4 O16,de-protonated,0,-9999,C27 H32 O16 N4,27,32,16,4,-9999,-9999,-9999,N/A,-9999,-9999,N/A,-9999
3303,667.17383,667.1739796964164,667.173830041229,21255816,-9999,139729.3,99.73,-1,0.22431213664292216,0.4827339062631887,0.8632026525282033,0.6349214047691945,0,2.388888888888889,0.8888888888888888,N4 S1 34S1 P1 O16,de-protonated,1,3295,C18 H43 O16 N4 P1 S1 34S1,18,43,16,4,1,1,-9999,N/A,-9999,-9999,N/A,1
3304,668.176563,668.1767134912915,668.177079698729,6141810,-9999,181317.2,27.68,-1,-0.5480694394697455,0.4734775610614048,0.8138478927541626,0.6096256937385078,35,0.5957446808510638,0.0425531914893617,13C1 S1 O2,de-protonated,1,3303,C47 H28 O2 S1 13C1,47,28,2,-9999,-9999,1,1,N/A,-9999,-9999,N/A,-9999
3304,668.176563,668.1767134912915,668.1772126404591,6141810,-9999,181317.2,27.68,-1,-0.7470311141088994,0.6024663035908271,0.9007215814710618,0.721768414742921,22,0.9166666666666666,0.2777777777777778,13C1 P1 O10,de-protonated,1,3303,C36 H33 O10 P1 13C1,36,33,10,-9999,1,-9999,1,N/A,-9999,-9999,N/A,-9999
3304,668.176563,668.1767134912915,668.176941314299,6141810,-9999,181317.2,27.68,-1,-0.34096209171907543,0.48956329280554634,0.9082341935061072,0.6570316530857707,8,1.5384615384615383,0.5769230769230769,13C1 S2 O15,de-protonated,1,3303,C26 H40 O15 S2 13C1,26,40,15,-9999,-9999,2,1,N/A,-9999,-9999,N/A,-9999
3304,668.176563,668.1767134912915,668.177348986079,6141810,-9999,181317.2,27.68,-1,-0.951086995790554,0.4243148286550649,0.719752637322661,0.5424899521221034,22,0.8611111111111112,0.3333333333333333,N1 O12,de-protonated,0,-9999,C36 H31 O12 N1,36,31,12,1,-9999,-9999,-9999,N/A,-9999,-9999,N/A,-9999
3304,668.176563,668.1767134912915,668.177124517429,6141810,-9999,181317.2,27.68,-1,-0.6151454792707017,0.6224288155785364,0.7530536794536095,0.6746787611285656,8,1.5555555555555556,0.4444444444444444,N1 S1 34S1 P1 O12,de-protonated,1,3301,C27 H42 O12 N1 P1 S1 34S1,27,42,12,1,1,1,-9999,N/A,-9999,-9999,N/A,1
3304,668.176563,668.1767134912915,668.176835921829,6141810,-9999,181317.2,27.68,-1,-0.18323074216655935,0.33130888315127793,0.5996860735531828,0.4386597593120399,40,0.4693877551020408,0.02040816326530612,N3 O1,de-protonated,0,-9999,C49 H23 O1 N3,49,23,1,3,-9999,-9999,-9999,N/A,-9999,-9999,N/A,-9999
3304,668.176563,668.1767134912915,668.1766114531789,6141810,-9999,181317.2,27.68,-1,0.15271129043380174,0.49788871146987623,0.6752896979142519,0.5688491060476264,26,0.85,0.025,N3 S1 34S1 P1 O1,de-protonated,1,3301,C40 H34 O1 N3 P1 S1 34S1,40,34,1,3,1,1,-9999,N/A,-9999,-9999,N/A,1
3304,668.176563,668.1767134912915,668.176697537399,6141810,-9999,181317.2,27.68,-1,0.02387675670578666,0.49994828077141346,0.7675537279851021,0.6069904596568889,13,1.25,0.5,N3 S1 O14,de-protonated,0,-9999,C28 H35 O14 N3 S1,28,35,14,3,-9999,1,-9999,N/A,-9999,-9999,N/A,-9999
3304,668.176563,668.1767134912915,668.177323260729,6141810,-9999,181317.2,27.68,-1,-0.9125862497072824,0.3884927708658869,0.6654718158554547,0.499284388861714,27,0.8157894736842105,0.07894736842105263,13C1 N4 34S1 P1 O3,de-protonated,1,3295,C38 H31 O3 N4 P1 13C1 34S1,38,31,3,4,1,-9999,1,N/A,-9999,-9999,N/A,1
3304,668.176563,668.1767134912915,668.176182554699,6141810,-9999,181317.2,27.68,-1,0.7946056838039836,0.3970025864591019,0.7107059876628024,0.5224839469405821,14,1.2592592592592593,0.48148148148148145,13C1 N4 34S1 O13,de-protonated,1,3295,C27 H34 O13 N4 13C1 34S1,27,34,13,4,-9999,-9999,1,N/A,-9999,-9999,N/A,1
3304,668.176563,668.1767134912915,668.1771848762991,6141810,-9999,181317.2,27.68,-1,-0.7054790529449029,0.473076248350323,0.8632026525282033,0.6291268100214751,0,2.5294117647058822,0.9411764705882352,13C1 N4 S1 34S1 P1 O16,de-protonated,1,3295,C17 H43 O16 N4 P1 S1 13C1 34S1,17,43,16,4,1,1,1,N/A,-9999,-9999,N/A,1
3305,669.353366,669.3535174241533,669.3536773518589,6050619.5,-9999,129344,27.24,-1,-0.23892855298892804,0.49484756411594905,0.6876346701883607,0.5719624065449137,16,1.3095238095238095,0.07142857142857142,S1 P1 O3,de-protonated,0,-9999,C42 H55 O3 P1 S1,42,55,3,-9999,1,1,-9999,N/A,-9999,-9999,N/A,-9999
3305,669.353366,669.3535174241533,669.353025903179,6050619.5,-9999,129344,27.24,-1,0.7343224806003092,0.4533958627224135,0.7311359101322861,0.5644918816863624,7,1.7352941176470589,0.14705882352941177,N2 S2 P1 O5,de-protonated,0,-9999,C34 H59 O5 N2 P1 S2,34,59,5,2,1,2,-9999,N/A,-9999,-9999,N/A,-9999
3305,669.353366,669.3535174241533,669.353874056349,6050619.5,-9999,129344,27.24,-1,-0.5328006746691007,0.47489753725810513,0.7428850341668535,0.5820925360216045,8,1.6875,0.28125,N4 S1 O9,de-protonated,0,-9999,C32 H54 O9 N4 S1,32,54,9,4,-9999,1,-9999,N/A,-9999,-9999,N/A,-9999
3306,671.24933,671.2494829271002,671.249785652149,4565658.5,-9999,282092.6,20.15,-1,-0.4509871812632706,0.4818839667319241,0.7087183895694522,0.5726177358669353,19,1.0526315789473684,0.2894736842105263,O11,de-protonated,0,-9999,C38 H40 O11,38,40,11,-9999,-9999,-9999,-9999,N/A,-9999,-9999,N/A,-9999
3306,671.24933,671.2494829271002,671.249134203469,4565658.5,-9999,282092.6,20.15,-1,0.5195144595680038,0.4761038275580739,0.7550179348240813,0.5876694704644769,10,1.4666666666666666,0.43333333333333335,N2 S1 O13,de-protonated,0,-9999,C30 H44 O13 N2 S1,30,44,13,2,-9999,1,-9999,N/A,-9999,-9999,N/A,-9999
3306,671.24933,671.2494829271002,671.249623460819,4565658.5,-9999,282092.6,20.15,-1,-0.20936133720101657,0.49603912707503894,0.7369636471990462,0.5924089351246418,14,1.3636363636363635,0.15151515151515152,N4 S2 P1 O5,de-protonated,0,-9999,C33 H45 O5 N4 P1 S2,33,45,5,4,1,2,-9999,N/A,-9999,-9999,N/A,-9999
3307,671.261601,671.2617539368276,671.262401485559,17615530,-9999,285771.2,82.35,-1,-0.964673025017999,0.2815437698243936,0.7353609972142168,0.4630706607803229,0,2.08,0.64,S2 O16,de-protonated,0,-9999,C25 H52 O16 S2,25,52,16,-9999,-9999,2,-9999,N/A,-9999,-9999,N/A,-9999
3307,671.261601,671.2617539368276,671.2615321056891,17615530,-9999,285771.2,82.35,-1,0.33046901684442065,0.6600542798172934,0.9668735742386506,0.7827819975858363,1,2,0.875,O21,de-protonated,0,-9999,C24 H48 O21,24,48,21,-9999,-9999,-9999,-9999,N/A,-9999,-9999,N/A,-9999
3307,671.261601,671.2617539368276,671.261888421309,17615530,-9999,285771.2,82.35,-1,-0.2003457721493943,0.4841384850721045,0.8469805274184288,0.6292753020106342,18,1.1578947368421053,0.13157894736842105,N2 S2 O5,de-protonated,0,-9999,C38 H44 O5 N2 S2,38,44,5,2,-9999,2,-9999,N/A,-9999,-9999,N/A,-9999
3307,671.261601,671.2617539368276,671.262021363039,17615530,-9999,285771.2,82.35,-1,-0.3983931801342932,0.62384693170395,0.9632298773277784,0.7596001099534814,5,1.8148148148148149,0.48148148148148145,N2 S1 P1 O13,de-protonated,0,-9999,C27 H49 O13 N2 P1 S1,27,49,13,2,1,1,-9999,N/A,-9999,-9999,N/A,-9999
3307,671.261601,671.2617539368276,671.261508298789,17615530,-9999,285771.2,82.35,-1,0.3659349383819589,0.4939987912063185,0.8526609478293531,0.6374636538555323,23,1.025,0.05,N4 S1 P1 O2,de-protonated,0,-9999,C40 H41 O2 N4 P1 S1,40,41,2,4,1,1,-9999,N/A,-9999,-9999,N/A,-9999
3308,671.274259,671.2744119468616,671.274286323529,226568896,-9999,234015.4,1078.36,-1,0.1871415829926225,0.19935820208596897,0.8600124179035562,0.46361988841300383,9,1.5,0.40625,S1 O13,de-protonated,0,-9999,C32 H48 O13 S1,32,48,13,-9999,-9999,1,-9999,N/A,-9999,-9999,N/A,-9999
3308,671.274259,671.2744119468616,671.273773259279,226568896,-9999,234015.4,1078.36,-1,0.951456183868856,0.14612634344389577,0.7836471725092728,0.40113467507004663,27,0.8888888888888888,0.04444444444444444,N2 S1 O2,de-protonated,0,-9999,C45 H40 O2 N2 S1,45,40,2,2,-9999,1,-9999,N/A,-9999,-9999,N/A,-9999
3308,671.274259,671.2744119468616,671.274775580879,226568896,-9999,234015.4,1078.36,-1,-0.5417066611435644,0.23355574285081948,0.8176267080462347,0.4671841289289856,13,1.4,0.14285714285714285,N2 S2 P1 O5,de-protonated,0,-9999,C35 H49 O5 N2 P1 S2,35,49,5,2,1,2,-9999,N/A,-9999,-9999,N/A,-9999
3308,671.274259,671.2744119468616,671.273906201009,226568896,-9999,234015.4,1078.36,-1,0.7534120541862853,0.3444488313229995,0.8346078069980098,0.5405124215930037,14,1.3235294117647058,0.29411764705882354,N2 P1 O10,de-protonated,0,-9999,C34 H45 O10 N2 P1,34,45,10,2,1,-9999,-9999,N/A,-9999,-9999,N/A,-9999
3309,672.184313,672.1844666682692,672.185017823489,25272126,-9999,143046.4,118.84,-1,-0.8199457071811782,0.22128931806830357,0.619022261068211,0.38038249526826656,29,0.7209302325581395,0.11627906976744186,N1 S1 O5,de-protonated,0,-9999,C43 H31 O5 N1 S1,43,31,5,1,-9999,1,-9999,N/A,-9999,-9999,N/A,-9999
3309,672.184313,672.1844666682692,672.184879439059,25272126,-9999,143046.4,118.84,-1,-0.6140733039878788,0.4543419267406985,0.7984959857819551,0.5920035503572012,2,1.9545454545454544,0.8181818181818182,N1 S2 O18,de-protonated,0,-9999,C22 H43 O18 N1 S2,22,43,18,1,-9999,2,-9999,N/A,-9999,-9999,N/A,-9999
3309,672.184313,672.1844666682692,672.184637700969,25272126,-9999,143046.4,118.84,-1,-0.25444303570090526,0.3294405042889151,0.6240179704823443,0.4472714907662868,34,0.6222222222222222,0.04444444444444444,N3 P1 O2,de-protonated,0,-9999,C45 H28 O2 N3 P1,45,28,2,3,1,-9999,-9999,N/A,-9999,-9999,N/A,-9999
3309,672.184313,672.1844666682692,672.1843663748091,25272126,-9999,143046.4,118.84,-1,0.14920528528663482,0.399039546528629,0.693271261186724,0.516732232391867,20,1,0.2,N3 S2 O7,de-protonated,0,-9999,C35 H35 O7 N3 S2,35,35,7,3,-9999,2,-9999,N/A,-9999,-9999,N/A,-9999
3309,672.184313,672.1844666682692,672.184499316539,25272126,-9999,143046.4,118.84,-1,-0.04857039966453722,0.3974315180155138,0.7640180769689239,0.5440661415968778,7,1.6666666666666667,0.625,N3 S1 P1 O15,de-protonated,0,-9999,C24 H40 O15 N3 P1 S1,24,40,15,3,1,1,-9999,N/A,-9999,-9999,N/A,-9999
3310,672.26471,672.2648637320007,672.264886940759,4829093.5,-9999,238888.6,21.4,-1,-0.03452323445421416,0.6665225087275422,0.9668735742386506,0.7866629349319856,1,2.0869565217391304,0.9130434782608696,13C1 O21,de-protonated,1,3307,C23 H48 O21 13C1,23,48,21,-9999,-9999,-9999,1,N/A,-9999,-9999,N/A,-9999
3310,672.26471,672.2648637320007,672.264664390559,4829093.5,-9999,238888.6,21.4,-1,0.29652226603069376,0.4920863160618824,0.7675537279851021,0.6022732808311703,4,1.8571428571428572,0.3928571428571429,N1 S2 P1 O11,de-protonated,0,-9999,C28 H52 O11 N1 P1 S2,28,52,11,1,1,2,-9999,N/A,-9999,-9999,N/A,-9999
3310,672.26471,672.2648637320007,672.2652432563791,4829093.5,-9999,238888.6,21.4,-1,-0.5645455900811785,0.4719052740728708,0.8469805274184288,0.621935375411094,18,1.1891891891891893,0.13513513513513514,13C1 N2 S2 O5,de-protonated,1,3307,C37 H44 O5 N2 S2 13C1,37,44,5,2,-9999,2,1,N/A,-9999,-9999,N/A,-9999
3310,672.26471,672.2648637320007,672.265376198109,4829093.5,-9999,238888.6,21.4,-1,-0.7622973404843357,0.5999527132784604,0.9632298773277784,0.7452635788981876,5,1.8846153846153848,0.5,13C1 N2 S1 P1 O13,de-protonated,1,3307,C26 H49 O13 N2 P1 S1 13C1,26,49,13,2,1,1,1,N/A,-9999,-9999,N/A,-9999
3310,672.26471,672.2648637320007,672.265512543729,4829093.5,-9999,238888.6,21.4,-1,-0.9651123197470312,0.4222506982384915,0.7805128205128199,0.5655555471482229,5,1.8076923076923077,0.5769230769230769,N3 S1 O15,de-protonated,0,-9999,C26 H47 O15 N3 S1,26,47,15,3,-9999,1,-9999,N/A,-9999,-9999,N/A,-9999
3310,672.26471,672.2648637320007,672.264863133859,4829093.5,-9999,238888.6,21.4,-1,8.8974112581876e-4,0.49999992817905226,0.8526609478293531,0.6410643360391726,23,1.051282051282051,0.05128205128205128,13C1 N4 S1 P1 O2,de-protonated,1,3307,C39 H41 O2 N4 P1 S1 13C1,39,41,2,4,1,1,1,N/A,-9999,-9999,N/A,-9999
3311,672.277473,672.277626742118,672.2776411585991,57307060,-9999,157897.2,271.54,-1,-0.02144423708175889,0.19998331266804484,0.8600124179035562,0.4639949547622494,9,1.5483870967741935,0.41935483870967744,13C1 S1 O13,de-protonated,1,3308,C31 H48 O13 S1 13C1,31,48,13,-9999,-9999,1,1,N/A,-9999,-9999,N/A,-9999
3311,672.277473,672.277626742118,672.277128094349,57307060,-9999,157897.2,271.54,-1,0.7417294864149254,0.1508324356704908,0.7836471725092728,0.4039583304060037,27,0.9090909090909092,0.04545454545454545,13C1 N2 S1 O2,de-protonated,1,3308,C44 H40 O2 N2 S1 13C1,44,40,2,2,-9999,1,1,N/A,-9999,-9999,N/A,-9999
3311,672.277473,672.277626742118,672.278130415949,57307060,-9999,157897.2,271.54,-1,-0.7492045453937067,0.2298073322538563,0.8176267080462347,0.4649350825708077,13,1.4411764705882353,0.14705882352941177,13C1 N2 S2 P1 O5,de-protonated,1,3308,C34 H49 O5 N2 P1 S2 13C1,34,49,5,2,1,2,1,N/A,-9999,-9999,N/A,-9999
3311,672.277473,672.277626742118,672.277261036079,57307060,-9999,157897.2,271.54,-1,0.5439809734786328,0.35014779528981765,0.8346078069980098,0.5439317999730946,14,1.3636363636363635,0.30303030303030304,13C1 N2 P1 O10,de-protonated,1,3308,C33 H45 O10 N2 P1 13C1,33,45,10,2,1,-9999,1,N/A,-9999,-9999,N/A,-9999
3311,672.277473,672.277626742118,672.2781233379391,57307060,-9999,157897.2,271.54,-1,-0.7386761577977001,0.3448996179869751,0.8346078069980098,0.540782893591389,14,1.3235294117647058,0.2647058823529412,N2 P1 O9 17O1,de-protonated,1,3308,C34 H45 O9 N2 P1 17O1,34,45,9,2,1,-9999,-9999,N/A,1,-9999,N/A,-9999
3311,672.277473,672.277626742118,672.2782667615691,57307060,-9999,157897.2,271.54,-1,-0.952015679749133,0.12119393639873648,0.6305465346161974,0.32493497568572083,13,1.3823529411764706,0.2058823529411765,N3 S2 O7,de-protonated,0,-9999,C34 H47 O7 N3 S2,34,47,7,3,-9999,2,-9999,N/A,-9999,-9999,N/A,-9999
3311,672.277473,672.277626742118,672.2773973816991,57307060,-9999,157897.2,271.54,-1,0.34116931457768346,0.2447753682364601,0.6928353411372563,0.4239993573967786,14,1.303030303030303,0.3636363636363637,N3 O12,de-protonated,0,-9999,C33 H43 O12 N3,33,43,12,3,-9999,-9999,-9999,N/A,-9999,-9999,N/A,-9999
3314,673.18374,673.1838944605236,673.184289547689,13276217,-9999,189077.7,61.66,-1,-0.5868930270121787,0.31313806117700344,0.6116976458364167,0.4325618950407688,33,0.6382978723404256,0.06382978723404255,S1 O3,de-protonated,0,-9999,C47 H30 O3 S1,47,30,3,-9999,-9999,1,-9999,N/A,-9999,-9999,N/A,-9999
3314,673.18374,673.1838944605236,673.184422489419,13276217,-9999,189077.7,61.66,-1,-0.7843747980991833,0.29812349300123503,0.6834972837722824,0.452273009309654,20,0.9722222222222222,0.3055555555555556,P1 O11,de-protonated,0,-9999,C36 H35 O11 P1,36,35,11,-9999,1,-9999,-9999,N/A,-9999,-9999,N/A,-9999
3314,673.18374,673.1838944605236,673.1841511632591,13276217,-9999,189077.7,61.66,-1,-0.3813261722097218,0.32465354567147936,0.7295584795690508,0.48661551923050794,6,1.6153846153846154,0.6153846153846154,S2 O16,de-protonated,0,-9999,C26 H42 O16 S2,26,42,16,-9999,-9999,2,-9999,N/A,-9999,-9999,N/A,-9999
3314,673.18374,673.1838944605236,673.183281783389,13276217,-9999,189077.7,61.66,-1,0.9101193554861032,0.43022615967338546,0.7871578612348809,0.5729988402979836,7,1.52,0.84,O21,de-protonated,0,-9999,C25 H38 O21,25,38,21,-9999,-9999,-9999,-9999,N/A,-9999,-9999,N/A,-9999
3314,673.18374,673.1838944605236,673.183638099009,13276217,-9999,189077.7,61.66,-1,0.38081958622804807,0.24350721778579693,0.62579058041631,0.39642056283800214,24,0.8717948717948718,0.1282051282051282,N2 S2 O5,de-protonated,0,-9999,C39 H34 O5 N2 S2,39,34,5,2,-9999,2,-9999,N/A,-9999,-9999,N/A,-9999
3314,673.18374,673.1838944605236,673.1837710407391,13276217,-9999,189077.7,61.66,-1,0.1833374329294704,0.4969597981106621,0.7675537279851021,0.6051973700604381,11,1.3928571428571428,0.4642857142857143,N2 S1 P1 O13,de-protonated,0,-9999,C28 H39 O13 N2 P1 S1,28,39,13,2,1,1,-9999,N/A,-9999,-9999,N/A,-9999
3314,673.18374,673.1838944605236,673.183257976489,13276217,-9999,189077.7,61.66,-1,0.9454840520800828,0.28342250500424143,0.6496170588360974,0.42990032653698385,29,0.7560975609756098,0.04878048780487805,N4 S1 P1 O2,de-protonated,0,-9999,C41 H31 O2 N4 P1 S1,41,31,2,4,1,1,-9999,N/A,-9999,-9999,N/A,-9999
3315,673.189975,673.1901294654662,673.1901627744589,4128833.5,-9999,191807.7,18.05,-1,-0.04947932192926494,0.49977793769009926,0.6980173569463056,0.57907370539258185,24,0.85,0.2,S1 O8,de-protonated,0,-9999,C40 H34 O8 S1,40,34,8,-9999,-9999,1,-9999,N/A,-9999,-9999,N/A,-9999
3315,673.189975,673.1901294654662,673.1902957161891,4128833.5,-9999,191807.7,18.05,-1,-0.2469594763904256,0.49449731809562353,0.7612342259156646,0.60119208122364,11,1.3448275862068966,0.5517241379310345,P1 O16,de-protonated,0,-9999,C29 H39 O16 P1,29,39,16,-9999,1,-9999,-9999,N/A,-9999,-9999,N/A,-9999
3315,673.189975,673.1901294654662,673.189782651939,4128833.5,-9999,191807.7,18.05,-1,0.5151794279531142,0.4764914745306275,0.6876346701883606,0.5609487527937207,29,0.7380952380952381,0.11904761904761904,N2 P1 O5,de-protonated,0,-9999,C42 H31 O5 N2 P1,42,31,5,2,1,-9999,-9999,N/A,-9999,-9999,N/A,-9999
3315,673.189975,673.1901294654662,673.189511325779,4128833.5,-9999,191807.7,18.05,-1,0.9182253685817938,0.4290707600814831,0.7428850341668535,0.5545964697156313,15,1.1875,0.3125,N2 S2 O10,de-protonated,0,-9999,C32 H38 O10 N2 S2,32,38,10,2,-9999,2,-9999,N/A,-9999,-9999,N/A,-9999
3315,673.189975,673.1901294654662,673.1896442675092,4128833.5,-9999,191807.7,18.05,-1,0.7207448319155236,0.4550240999824521,0.8149093904448103,0.5989782161673953,2,2.047619047619047,0.8571428571428571,N2 S1 P1 O18,de-protonated,0,-9999,C21 H43 O18 N2 P1 S1,21,43,18,2,1,1,-9999,N/A,-9999,-9999,N/A,-9999
3316,673.258833,673.2589875200505,673.2595624898389,3834009.3,-9999,218119.3,16.65,-1,-0.8540090931717997,0.4380231882550735,0.672627141691601,0.5318647696296845,27,0.8444444444444444,0.13333333333333333,O6,de-protonated,0,-9999,C45 H38 O6,45,38,6,-9999,-9999,-9999,-9999,N/A,-9999,-9999,N/A,-9999
3316,673.258833,673.2589875200505,673.259424105409,3834009.3,-9999,218119.3,16.65,-1,-0.6484652764229055,0.4632688785448949,0.7939170211058493,0.5955281355692766,0,2.0833333333333335,0.7916666666666666,S1 O19,de-protonated,0,-9999,C24 H50 O19 S1,24,50,19,-9999,-9999,1,-9999,N/A,-9999,-9999,N/A,-9999
3316,673.258833,673.2589875200505,673.258911041159,3834009.3,-9999,218119.3,16.65,-1,0.11359506760420349,0.4988306770992698,0.7141928963326545,0.5849755647926237,18,1.135135135135135,0.21621621621621623,N2 S1 O8,de-protonated,0,-9999,C37 H42 O8 N2 S1,37,42,8,2,-9999,1,-9999,N/A,-9999,-9999,N/A,-9999
3316,673.258833,673.2589875200505,673.259043982889,3834009.3,-9999,218119.3,16.65,-1,-0.08386495366640688,0.49936231270557807,0.7805128205128198,0.6118225158284747,5,1.8076923076923077,0.6153846153846154,N2 P1 O16,de-protonated,0,-9999,C26 H47 O16 N2 P1,26,47,16,2,1,-9999,-9999,N/A,-9999,-9999,N/A,-9999
3316,673.258833,673.2589875200505,673.2585309186389,3834009.3,-9999,218119.3,16.65,-1,0.6781962508808633,0.4599651598146984,0.7033271719038787,0.5573099646503705,23,1,0.1282051282051282,N4 P1 O5,de-protonated,0,-9999,C39 H39 O5 N4 P1,39,39,5,4,1,-9999,-9999,N/A,-9999,-9999,N/A,-9999
3317,673.27169,673.2718445302423,673.2724496494089,47977640,-9999,185292.3,227.07,-1,-0.8987730998387639,0.5778266837037814,0.8692199763038233,0.6943840007437982,22,1.0238095238095235,0.14285714285714285,P1 O6,de-protonated,0,-9999,C42 H43 O6 P1,42,43,6,-9999,1,-9999,-9999,N/A,-9999,-9999,N/A,-9999
3317,673.27169,673.2718445302423,673.272178323249,47977640,-9999,185292.3,227.07,-1,-0.49577721675714465,0.2737682825957957,0.8612443291458214,0.508758701215806,8,1.5625,0.34375,S2 O11,de-protonated,0,-9999,C32 H50 O11 S2,32,50,11,-9999,-9999,2,-9999,N/A,-9999,-9999,N/A,-9999
3317,673.27169,673.2718445302423,673.271308943379,47977640,-9999,185292.3,227.07,-1,0.795499312355651,0.44449364830855953,0.9290815162935576,0.6383287955025588,9,1.4838709677419355,0.5161290322580645,O16,de-protonated,0,-9999,C31 H46 O16,31,46,16,-9999,-9999,-9999,-9999,N/A,-9999,-9999,N/A,-9999
3317,673.27169,673.2718445302423,673.2717982007289,47977640,-9999,185292.3,227.07,-1,0.06881249678971352,0.3329485943208516,0.8879405676364982,0.5549453836471102,13,1.3823529411764706,0.2352941176470588,N2 S1 P1 O8,de-protonated,0,-9999,C34 H47 O8 N2 P1 S1,34,47,8,2,1,1,-9999,N/A,-9999,-9999,N/A,-9999
3318,673.279219,673.2793735362106,673.279192256049,6220979.5,-9999,174464.9,28.03,-1,0.2692496125533819,0.49346597574309775,0.719752637322661,0.583980640374923,12,1.4166666666666667,0.16666666666666666,S2 P1 O6,de-protonated,0,-9999,C36 H51 O6 P1 S2,36,51,6,-9999,1,2,-9999,N/A,-9999,-9999,N/A,-9999
3318,673.279219,673.2793735362106,673.2790205741691,6220979.5,-9999,174464.9,28.03,-1,0.5242433386291341,0.23382307165852712,0.8176267080462347,0.46734452621361017,13,1.4,0.11428571428571428,N2 S2 P1 O4 18O1,de-protonated,1,3308,C35 H49 O4 N2 P1 S2 18O1,35,49,4,2,1,2,-9999,N/A,-9999,1,N/A,-9999
3318,673.279219,673.2793735362106,673.280040409219,6220979.5,-9999,174464.9,28.03,-1,-0.9904838527629964,0.4184663018751661,0.7311359101322861,0.543534145178014,13,1.3529411764705883,0.29411764705882354,N2 S1 O10,de-protonated,0,-9999,C34 H46 O10 N2 S1,34,46,10,2,-9999,1,-9999,N/A,-9999,-9999,N/A,-9999
3318,673.279219,673.2793735362106,673.279660286699,6220979.5,-9999,174464.9,28.03,-1,-0.4259010115694242,0.4838112338292462,0.7197526373226611,0.5781877952266121,18,1.1944444444444444,0.19444444444444445,N4 P1 O7,de-protonated,0,-9999,C36 H43 O7 N4 P1,36,43,7,4,1,-9999,-9999,N/A,-9999,-9999,N/A,-9999
3318,673.279219,673.2793735362106,673.2793889605391,6220979.5,-9999,174464.9,28.03,-1,-0.02290925389936519,0.4999523870550025,0.7805128205128199,0.6121765604381295,4,1.9230769230769231,0.4615384615384616,N4 S2 O12,de-protonated,0,-9999,C26 H50 O12 N4 S2,26,50,12,4,-9999,2,-9999,N/A,-9999,-9999,N/A,-9999
3319,673.282052,673.2822065384564,673.281561237769,6140087.5,-9999,160681.2,27.64,-1,0.9584410513957008,0.42323503242804256,0.6825582999861977,0.5269643394513046,21,1.069767441860465,0.06976744186046512,S2 O3,de-protonated,0,-9999,C43 H46 O3 S2,43,46,3,-9999,-9999,2,-9999,N/A,-9999,-9999,N/A,-9999
3319,673.282052,673.2822065384564,673.281694179499,6140087.5,-9999,160681.2,27.64,-1,0.7609875061559337,0.4501274676463101,0.7428850341668535,0.5672304942545274,8,1.59375,0.34375,S1 P1 O11,de-protonated,0,-9999,C32 H51 O11 P1 S1,32,51,11,-9999,1,1,-9999,N/A,-9999,-9999,N/A,-9999
3319,673.282052,673.2822065384564,673.2825423326691,6140087.5,-9999,160681.2,27.64,-1,-0.4987418974367665,0.4779346084372768,0.7550179348240813,0.5887679389919986,9,1.5333333333333334,0.5,N2 O15,de-protonated,0,-9999,C30 H46 O15 N2,30,46,15,2,-9999,-9999,-9999,N/A,-9999,-9999,N/A,-9999
3319,673.282052,673.2822065384564,673.282029268419,6140087.5,-9999,160681.2,27.64,-1,0.263292394110485,0.4937501164406928,0.6825582999861977,0.5692733898588949,27,0.8837209302325582,0.09302325581395347,N4 O4,de-protonated,0,-9999,C43 H38 O4 N4,43,38,4,4,-9999,-9999,-9999,N/A,-9999,-9999,N/A,-9999
3319,673.282052,673.2822065384564,673.2818908839891,6140087.5,-9999,160681.2,27.64,-1,0.4688295817039682,0.4804511045272205,0.8077896627745539,0.6113865278261539,0,2.272727272727273,0.7727272727272727,N4 S1 O17,de-protonated,0,-9999,C22 H50 O17 N4 S1,22,50,17,4,-9999,1,-9999,N/A,-9999,-9999,N/A,-9999
3321,674.179963,674.1801182502381,674.179538519889,3062836,-9999,287315.3,12.97,-1,0.8599049897476723,0.4372207867313304,0.6677691528855879,0.5294401331930334,33,0.6304347826086957,0.06521739130434782,N1 S1 O3,de-protonated,0,-9999,C46 H29 O3 N1 S1,46,29,3,1,-9999,1,-9999,N/A,-9999,-9999,N/A,-9999
3321,674.179963,674.1801182502381,674.180540841489,3062836,-9999,287315.3,12.97,-1,-0.6268220829094758,0.4655948497100746,0.719752637322661,0.5672579647551091,19,1.0555555555555556,0.16666666666666666,N1 S2 P1 O6,de-protonated,0,-9999,C36 H38 O6 N1 P1 S2,36,38,6,1,1,2,-9999,N/A,-9999,-9999,N/A,-9999
3321,674.179963,674.1801182502381,674.179671461619,3062836,-9999,287315.3,12.97,-1,0.6627144632623411,0.4617010327939931,0.725399618712417,0.5671804671613627,20,0.9714285714285714,0.3142857142857143,N1 P1 O11,de-protonated,0,-9999,C35 H34 O11 N1 P1,35,34,11,1,1,-9999,-9999,N/A,-9999,-9999,N/A,-9999
3321,674.179963,674.1801182502381,674.1806752686591,3062836,-9999,287315.3,12.97,-1,-0.826215347622295,0.4417505936066411,0.7984959857819551,0.5844487504767667,2,1.9545454545454544,0.8181818181818182,N1 S1 34S1 O18,de-protonated,1,3309,C22 H43 O18 N1 S1 34S1,22,43,18,1,-9999,1,-9999,N/A,-9999,-9999,N/A,1
3321,674.179963,674.1801182502381,674.180162204409,3062836,-9999,287315.3,12.97,-1,-0.065196476208846,0.399691614038668,0.693271261186724,0.5171234728978904,20,1,0.2,N3 S1 34S1 O7,de-protonated,1,3309,C35 H35 O7 N3 S1 34S1,35,35,7,3,-9999,1,-9999,N/A,-9999,-9999,N/A,1
3321,674.179963,674.1801182502381,674.180295146139,3062836,-9999,287315.3,12.97,-1,-0.26238663768357573,0.3950342204474594,0.7640180769689239,0.5426277630560452,7,1.6666666666666667,0.625,N3 34S1 P1 O15,de-protonated,1,3309,C24 H40 O15 N3 P1 34S1,24,40,15,3,1,-9999,-9999,N/A,-9999,-9999,N/A,1
3322,674.182139,674.1822942519631,674.182909823209,4555062.5,-9999,211872.5,20.08,-1,-0.9130626673580168,0.429807457189216,0.6825582999861977,0.5309077943080087,28,0.7674418604651163,0.06976744186046512,N1 S2 O3,de-protonated,0,-9999,C43 H33 O3 N1 S2,43,33,3,1,-9999,2,-9999,N/A,-9999,-9999,N/A,-9999
3322,674.182139,674.1822942519631,674.182040443339,4555062.5,-9999,211872.5,20.08,-1,0.3764689784454884,0.48730566604333,0.6876346701883606,0.5674372677013422,29,0.6904761904761905,0.1904761904761905,N1 O8,de-protonated,0,-9999,C42 H29 O8 N1,42,29,8,1,-9999,-9999,-9999,N/A,-9999,-9999,N/A,-9999
3322,674.182139,674.1822942519631,674.1823913162591,4555062.5,-9999,211872.5,20.08,-1,-0.1439733479819709,0.4981229684261778,0.7939170211058494,0.6164405894980465,6,1.75,0.5416666666666666,N3 S2 P1 O13,de-protonated,0,-9999,C24 H42 O13 N3 P1 S2,24,42,13,3,1,2,-9999,N/A,-9999,-9999,N/A,-9999
3323,674.275058,674.2752133256206,674.2758044844791,14018990,-9999,166206.6,65.19,-1,-0.8767315311298641,0.5798782422293102,0.8692199763038233,0.6956149358591155,22,1.048780487804878,0.14634146341463414,13C1 P1 O6,de-protonated,1,3317,C41 H43 O6 P1 13C1,41,43,6,-9999,1,-9999,1,N/A,-9999,-9999,N/A,-9999
3323,674.275058,674.2752133256206,674.2755331583191,14018990,-9999,166206.6,65.19,-1,-0.474335316681415,0.27428492712132224,0.8612443291458214,0.5090686879311219,8,1.6129032258064515,0.3548387096774194,13C1 S2 O11,de-protonated,1,3317,C31 H50 O11 S2 13C1,31,50,11,-9999,-9999,2,1,N/A,-9999,-9999,N/A,-9999
3323,674.275058,674.2752133256206,674.2746637784489,14018990,-9999,166206.6,65.19,-1,0.8150197555682269,0.4432258687076537,0.9290815162935576,0.6375681277420153,9,1.5333333333333334,0.5333333333333333,13C1 O16,de-protonated,1,3317,C30 H46 O16 13C1,30,46,16,-9999,-9999,-9999,1,N/A,-9999,-9999,N/A,-9999
3323,674.275058,674.2752133256206,674.275153035799,14018990,-9999,166206.6,65.19,-1,0.08941427148662928,0.3328501284793361,0.8879405676364982,0.554886304142201,13,1.4242424242424243,0.24242424242424243,13C1 N2 S1 P1 O8,de-protonated,1,3317,C33 H47 O8 N2 P1 S1 13C1,33,47,8,2,1,1,1,N/A,-9999,-9999,N/A,-9999
3323,674.275058,674.2752133256206,674.275289381419,14018990,-9999,166206.6,65.19,-1,-0.11279636024436589,0.33256469588250226,0.7048783761064125,0.48149016797206634,13,1.3636363636363635,0.30303030303030304,N3 S1 O10,de-protonated,0,-9999,C33 H45 O10 N3 S1,33,45,10,3,-9999,1,-9999,N/A,-9999,-9999,N/A,-9999
3323,674.275058,674.2752133256206,674.2754223231491,14018990,-9999,166206.6,65.19,-1,-0.30995869279771104,0.4913592480482152,0.8077896627745539,0.6179314139387506,0,2.272727272727273,0.8181818181818182,N3 P1 O18,de-protonated,0,-9999,C22 H50 O18 N3 P1,22,50,18,3,1,-9999,-9999,N/A,-9999,-9999,N/A,-9999
3324,674.926946,674.927101842378,674.927615923689,4389106,-9999,190269.7,19.28,-1,-0.7616836219530689,0.45004090407149144,0.7612342259156646,0.5745182328091607,26,0.3103448275862069,0.5517241379310345,S1 P1 O16,de-protonated,0,-9999,C29 H9 O16 P1 S1,29,9,16,-9999,1,1,-9999,N/A,-9999,-9999,N/A,-9999
3324,674.926946,674.927101842378,674.9269644750091,4389106,-9999,190269.7,19.28,-1,0.2035292351965647,0.49625590982581413,0.8149093904448103,0.6237173020734126,17,0.6190476190476191,0.8571428571428571,N2 S2 P1 O18,de-protonated,0,-9999,C21 H13 O18 N2 P1 S2,21,13,18,2,1,2,-9999,N/A,-9999,-9999,N/A,-9999
3325,675.235633,675.2357890870768,675.236325121499,3071102.3,-9999,207025.7,13,-1,-0.7938471351181124,0.4459738672726408,0.6582606959877568,0.5308885987586872,31,0.75,0.04166666666666666,S1 O2,de-protonated,0,-9999,C48 H36 O2 S1,48,36,2,-9999,-9999,1,-9999,N/A,-9999,-9999,N/A,-9999
3325,675.235633,675.2357890870768,675.236458063229,3071102.3,-9999,207025.7,13,-1,-0.9907287205351432,0.4184294671096138,0.7141928963326545,0.5367348387988301,18,1.108108108108108,0.2702702702702703,P1 O10,de-protonated,0,-9999,C37 H41 O10 P1,37,41,10,-9999,1,-9999,-9999,N/A,-9999,-9999,N/A,-9999
3325,675.235633,675.2357890870768,675.236186737069,3071102.3,-9999,207025.7,13,-1,-0.5889050380414359,0.4695055101899693,0.7739790330151772,0.5912949193200525,4,1.7777777777777777,0.5555555555555556,S2 O15,de-protonated,0,-9999,C27 H48 O15 S2,27,48,15,-9999,-9999,2,-9999,N/A,-9999,-9999,N/A,-9999
3325,675.235633,675.2357890870768,675.235317357199,3071102.3,-9999,207025.7,13,-1,0.6986155279781889,0.4576247793225206,0.7805128205128198,0.5867799957986403,5,1.6923076923076923,0.7692307692307693,O20,de-protonated,0,-9999,C26 H44 O20,26,44,20,-9999,-9999,-9999,-9999,N/A,-9999,-9999,N/A,-9999
3325,675.235633,675.2357890870768,675.2356736728191,3071102.3,-9999,207025.7,13,-1,0.17092440790766292,0.49735648730256504,0.6980173569463055,0.5776208351600612,22,1,0.1,N2 S2 O4,de-protonated,0,-9999,C40 H40 O4 N2 S2,40,40,4,2,-9999,2,-9999,N/A,-9999,-9999,N/A,-9999
3325,675.235633,675.2357890870768,675.235806614549,3071102.3,-9999,207025.7,13,-1,-0.02595755740131726,0.4999388741472708,0.7612342259156645,0.6044570148546282,9,1.5517241379310345,0.41379310344827586,N2 S1 P1 O12,de-protonated,0,-9999,C29 H45 O12 N2 P1 S1,29,45,12,2,1,1,-9999,N/A,-9999,-9999,N/A,-9999
3325,675.235633,675.2357890870768,675.2352935502989,3071102.3,-9999,207025.7,13,-1,0.7338727442053622,0.45345018766042616,0.6876346701883606,0.5471239806716,27,0.8809523809523809,0.0238095238095238,N4 S1 P1 O1,de-protonated,0,-9999,C42 H37 O1 N4 P1 S1,42,37,1,4,1,1,-9999,N/A,-9999,-9999,N/A,-9999
3325,675.235633,675.2357890870768,675.2351551658691,3071102.3,-9999,207025.7,13,-1,0.9388154673029434,0.8522083482542528,0,0.5113250089525517,0,2.3333333333333335,0.6666666666666666,N4 S2 P1 O14,de-protonated,0,-9999,C21 H49 O14 N4 P1 S2,21,49,14,4,1,2,-9999,N/A,-9999,-9999,N/A,-9999
3326,679.191393,679.1915522228416,679.1914829283991,16659065,-9999,183403.5,77.75,-1,0.10202489905195078,0.33270435620039157,0.5996860735531828,0.43949704314150806,36,0.5714285714285714,0.08163265306122448,O4,de-protonated,0,-9999,C49 H28 O4,49,28,4,-9999,-9999,-9999,-9999,N/A,-9999,-9999,N/A,-9999
3326,679.191393,679.1915522228416,679.191344543969,16659065,-9999,183403.5,77.75,-1,0.3057737326200474,0.2457945208033812,0.7184938424924129,0.4348742494789939,9,1.4285714285714286,0.6071428571428571,S1 O17,de-protonated,0,-9999,C28 H40 O17 S1,28,40,17,-9999,-9999,1,-9999,N/A,-9999,-9999,N/A,-9999
3326,679.191393,679.1915522228416,679.191833801319,16659065,-9999,183403.5,77.75,-1,-0.4145787146879319,0.24232367493731613,0.6760564733631047,0.4158167943076315,13,1.3225806451612905,0.2903225806451613,N2 S2 P1 O9,de-protonated,0,-9999,C31 H41 O9 N2 P1 S2,31,41,9,2,1,2,-9999,N/A,-9999,-9999,N/A,-9999
3326,679.191393,679.1915522228416,679.190964421449,16659065,-9999,183403.5,77.75,-1,0.8654434809791385,0.29097556654139395,0.7270833474793111,0.46541867891656086,14,1.2333333333333334,0.4666666666666667,N2 P1 O14,de-protonated,0,-9999,C30 H37 O14 N2 P1,30,37,14,2,1,-9999,-9999,N/A,-9999,-9999,N/A,-9999
3327,679.231009,679.2311682542455,679.231239741069,2909869,-9999,218097.5,12.21,-1,-0.1052466660476278,0.49899606831746185,0.6629808336683964,0.5645899744578358,30,0.7659574468085106,0.06382978723404255,S1 O3,de-protonated,0,-9999,C47 H36 O3 S1,47,36,3,-9999,-9999,1,-9999,N/A,-9999,-9999,N/A,-9999
3327,679.231009,679.2311682542455,679.231372682799,2909869,-9999,218097.5,12.21,-1,-0.30097042292771103,0.49184906776913606,0.719752637322661,0.5830104955905461,17,1.1388888888888888,0.3055555555555556,P1 O11,de-protonated,0,-9999,C36 H41 O11 P1,36,41,11,-9999,1,-9999,-9999,N/A,-9999,-9999,N/A,-9999
3327,679.231009,679.2311682542455,679.231101356639,2909869,-9999,218097.5,12.21,-1,0.09849019928015136,0.49912071894096727,0.7805128205128199,0.6116775595697084,3,1.8461538461538465,0.6153846153846154,S2 O16,de-protonated,0,-9999,C26 H48 O16 S2,26,48,16,-9999,-9999,2,-9999,N/A,-9999,-9999,N/A,-9999
3327,679.231009,679.2311682542455,679.230588292389,2909869,-9999,218097.5,12.21,-1,0.8538512052967815,0.4380446202539271,0.7033271719038788,0.5441576409139078,21,1.0256410256410255,0.1282051282051282,N2 S2 O5,de-protonated,0,-9999,C39 H40 O5 N2 S2,39,40,5,2,-9999,2,-9999,N/A,-9999,-9999,N/A,-9999
3327,679.231009,679.2311682542455,679.2307212341191,2909869,-9999,218097.5,12.21,-1,0.6581270729800383,0.46220892300655864,0.7675537279851021,0.5843468449979761,8,1.6071428571428572,0.4642857142857143,N2 S1 P1 O13,de-protonated,0,-9999,C28 H45 O13 N2 P1 S1,28,45,13,2,1,1,-9999,N/A,-9999,-9999,N/A,-9999
3327,679.231009,679.2311682542455,679.231569387289,2909869,-9999,218097.5,12.21,-1,-0.590568904022489,0.46933835344986474,0.7805128205128198,0.5938081402750468,9,1.5384615384615383,0.6538461538461539,N4 O17,de-protonated,0,-9999,C26 H40 O17 N4,26,40,17,4,-9999,-9999,-9999,N/A,-9999,-9999,N/A,-9999
3328,680.196323,680.1964830194582,680.195976430689,3345302,-9999,240180.3,14.28,-1,0.7447688412844253,0.4521265087742709,0.7087183895694522,0.5547632610923434,22,0.9210526315789472,0.23684210526315788,N1 S1 O9,de-protonated,0,-9999,C38 H35 O9 N1 S1,38,35,9,1,-9999,1,-9999,N/A,-9999,-9999,N/A,-9999
3328,680.196323,680.1964830194582,680.196978752289,3345302,-9999,240180.3,14.28,-1,-0.7288077517237191,0.4540601508459703,0.7675537279851021,0.579457581701623,8,1.5714285714285714,0.42857142857142855,N1 S2 P1 O12,de-protonated,0,-9999,C28 H44 O12 N1 P1 S2,28,44,12,1,1,2,-9999,N/A,-9999,-9999,N/A,-9999
3328,680.196323,680.1964830194582,680.1961093724191,3345302,-9999,240180.3,14.28,-1,0.5493225174624854,0.4733594368490588,0.7739790330151772,0.5936072753155062,9,1.4814814814814814,0.6296296296296297,N1 P1 O17,de-protonated,0,-9999,C27 H40 O17 N1 P1,27,40,17,1,1,-9999,-9999,N/A,-9999,-9999,N/A,-9999
3328,680.196323,680.1964830194582,680.196465688039,3345302,-9999,240180.3,14.28,-1,0.02548001957116867,0.499941102377122,0.6927871148459346,0.5770795073646471,26,0.8780487804878049,0.02439024390243902,N3 S2 P1 O1,de-protonated,0,-9999,C41 H36 O1 N3 P1 S2,41,36,1,3,1,2,-9999,N/A,-9999,-9999,N/A,-9999
3329,681.000914,681.0010746572643,681.001435770169,5925809,-9999,228993,26.57,-1,-0.5302674645053278,0.4751296463648428,0.7550179348240813,0.5870849617485382,22,0.6,0.5,S2 O15,de-protonated,0,-9999,C30 H18 O15 S2,30,18,15,-9999,-9999,2,-9999,N/A,-9999,-9999,N/A,-9999
3329,681.000914,681.0010746572643,681.000566390299,5925809,-9999,228993,26.57,-1,0.7463532196546384,0.45193273597289446,0.7612342259156645,0.5756533319500026,23,0.4827586206896552,0.6896551724137931,O20,de-protonated,0,-9999,C29 H14 O20,29,14,20,-9999,-9999,-9999,-9999,N/A,-9999,-9999,N/A,-9999
3329,681.000914,681.0010746572643,681.0010556476491,5925809,-9999,228993,26.57,-1,0.02791422287242267,0.49992931224079146,0.7428850341668535,0.5971116010112163,27,0.46875,0.375,N2 S1 P1 O12,de-protonated,0,-9999,C32 H15 O12 N2 P1 S1,32,15,12,2,1,1,-9999,N/A,-9999,-9999,N/A,-9999
3329,681.000914,681.0010746572643,681.000404198969,5925809,-9999,228993,26.57,-1,0.9845196730713603,0.419361660688792,0.7939170211058494,0.5691838048556149,18,0.7916666666666666,0.5833333333333334,N4 S2 P1 O14,de-protonated,0,-9999,C24 H19 O14 N4 P1 S2,24,19,14,4,1,2,-9999,N/A,-9999,-9999,N/A,-9999
3330,681.002577,681.0027376585826,681.002576476199,4660659,-9999,148748.8,20.54,-1,0.23668395569020073,0.4949434288855262,0.6927871148459346,0.5740809032696895,35,0.36585365853658536,0.12195121951219512,S2 P1 O5,de-protonated,0,-9999,C41 H15 O5 P1 S2,41,15,5,-9999,1,2,-9999,N/A,-9999,-9999,N/A,-9999
3330,681.002577,681.0027376585826,681.0027731806891,4660659,-9999,148748.8,20.54,-1,-0.05216147112086918,0.4997532163992671,0.7489023467070351,0.5994128685223743,27,0.4516129032258064,0.3548387096774194,N4 S2 O11,de-protonated,0,-9999,C31 H14 O11 N4 S2,31,14,11,4,-9999,2,-9999,N/A,-9999,-9999,N/A,-9999
3330,681.002577,681.0027376585826,681.002906122419,4660659,-9999,148748.8,20.54,-1,-0.24737609015842643,0.4944788396630008,0.8221557383861047,0.6255495991522424,14,0.95,0.95,N4 S1 P1 O19,de-protonated,0,-9999,C20 H19 O19 N4 P1 S1,20,19,19,4,1,1,-9999,N/A,-9999,-9999,N/A,-9999
3331,681.189644,681.1898048068723,681.189374928119,20679848,-9999,131173.8,96.9,-1,0.6310708432754523,0.4819819056943824,0.8150755010062949,0.6152193438191473,35,0.6122448979591837,0.04081632653061224,S1 O2,de-protonated,0,-9999,C49 H30 O2 S1,49,30,2,-9999,-9999,1,-9999,N/A,-9999,-9999,N/A,-9999
3331,681.189644,681.1898048068723,681.190377249719,20679848,-9999,131173.8,96.9,-1,-0.840356625350021,0.17594623034400186,0.6113501395939638,0.3501077940439866,21,1,0.1282051282051282,S2 P1 O5,de-protonated,0,-9999,C39 H39 O5 P1 S2,39,39,5,-9999,1,2,-9999,N/A,-9999,-9999,N/A,-9999
3331,681.189644,681.1898048068723,681.189507869849,20679848,-9999,131173.8,96.9,-1,0.435909566875801,0.6549753714380502,0.9007462387315543,0.7532837183554519,22,0.9210526315789472,0.2631578947368421,P1 O10,de-protonated,0,-9999,C38 H35 O10 P1,38,35,10,-9999,1,-9999,-9999,N/A,-9999,-9999,N/A,-9999
3331,681.189644,681.1898048068723,681.189236543689,20679848,-9999,131173.8,96.9,-1,0.8342221996012946,0.4658273387543233,0.9069282053006412,0.6422676853728504,8,1.5,0.5357142857142857,S2 O15,de-protonated,0,-9999,C28 H42 O15 S2,28,42,15,-9999,-9999,2,-9999,N/A,-9999,-9999,N/A,-9999
3331,681.189644,681.1898048068723,681.1897045743391,20679848,-9999,131173.8,96.9,-1,0.1471433472066603,0.6572202061070661,0.9671740898885004,0.7812017596196399,14,1.2142857142857142,0.5714285714285714,N4 O16,de-protonated,0,-9999,C28 H34 O16 N4,28,34,16,4,-9999,-9999,-9999,N/A,-9999,-9999,N/A,-9999
3332,681.691871,681.6920322049918,681.691891067949,8350520.5,-9999,170450.3,38.13,-1,0.2070393453749305,0.6540705690491015,0.8930326256645195,0.7496553916952687,4,1.875,0.02083333333333333,O1,de-protonated,0,-9999,C48 H90 O1,48,90,1,-9999,-9999,-9999,-9999,N/A,-9999,-9999,N/A,-9999
3333,682.187151,682.1873125976045,682.1871258237691,10277314,-9999,231229,47.31,-1,0.2737868077689731,0.32883027593073694,0.6302964184076338,0.4494167329214957,31,0.6590909090909091,0.1590909090909091,N1 O7,de-protonated,0,-9999,C44 H29 O7 N1,44,29,7,1,-9999,-9999,-9999,N/A,-9999,-9999,N/A,-9999
3333,682.187151,682.1873125976045,682.1869874393391,10277314,-9999,231229,47.31,-1,0.47664096714734033,0.4798076940389618,0.8007932653391622,0.6082019225590419,4,1.7826086956521738,0.8695652173913043,N1 S1 O20,de-protonated,0,-9999,C23 H41 O20 N1 S1,23,41,20,1,-9999,1,-9999,N/A,-9999,-9999,N/A,-9999
3333,682.187151,682.1873125976045,682.187476696689,10277314,-9999,231229,47.31,-1,-0.2405483684350679,0.32985188852830205,0.7295584795690508,0.4897345249446016,8,1.6153846153846154,0.4615384615384616,N3 S2 P1 O12,de-protonated,0,-9999,C26 H42 O12 N3 P1 S2,26,42,12,3,1,2,-9999,N/A,-9999,-9999,N/A,-9999
3334,682.189946,682.1901075998202,682.190497127089,3197381.5,-9999,465285.6,13.56,-1,-0.5709948620430388,0.47127861195470183,0.6927871148459346,0.5598820131111949,26,0.8048780487804879,0.17073170731707318,N1 S1 O7,de-protonated,0,-9999,C41 H33 O7 N1 S1,41,33,7,1,-9999,1,-9999,N/A,-9999,-9999,N/A,-9999
3334,682.189946,682.1901075998202,682.190630068819,3197381.5,-9999,465285.6,13.56,-1,-0.7658695030528565,0.4495190643719824,0.7550179348240812,0.571718612552822,13,1.2666666666666666,0.5,N1 P1 O15,de-protonated,0,-9999,C30 H38 O15 N1 P1,30,38,15,1,1,-9999,-9999,N/A,-9999,-9999,N/A,-9999
3334,682.189946,682.1901075998202,682.1901170045691,3197381.5,-9999,465285.6,13.56,-1,-0.01378611129901817,0.4999827575130936,0.6825582999861977,0.5730129745023352,31,0.6976744186046512,0.09302325581395347,N3 P1 O4,de-protonated,0,-9999,C43 H30 O4 N3 P1,43,30,4,3,1,-9999,-9999,N/A,-9999,-9999,N/A,-9999
3334,682.189946,682.1901075998202,682.189845678409,3197381.5,-9999,465285.6,13.56,-1,0.38394211349103097,0.4868034591386468,0.7369636471990461,0.5868675343628065,17,1.121212121212121,0.2727272727272727,N3 S2 O9,de-protonated,0,-9999,C33 H37 O9 N3 S2,33,37,9,3,-9999,2,-9999,N/A,-9999,-9999,N/A,-9999
3334,682.189946,682.1901075998202,682.1899786201391,3197381.5,-9999,465285.6,13.56,-1,0.1890671002948587,0.4967674289787733,0.8077896627745539,0.6211763224970855,4,1.9090909090909092,0.7727272727272727,N3 S1 P1 O17,de-protonated,0,-9999,C22 H42 O17 N3 P1 S1,22,42,17,3,1,1,-9999,N/A,-9999,-9999,N/A,-9999
3335,682.192646,682.1928076019605,682.192729763189,6214089,-9999,171256.4,27.94,-1,0.11410085157396682,0.49882025337889746,0.8150755010062949,0.6253223524298563,35,0.625,0.04166666666666666,13C1 S1 O2,de-protonated,1,3331,C48 H30 O2 S1 13C1,48,30,2,-9999,-9999,1,1,N/A,-9999,-9999,N/A,-9999
3335,682.192646,682.1928076019605,682.1928627049191,6214089,-9999,171256.4,27.94,-1,-0.08077328517031557,0.6658779136696362,0.9007462387315543,0.7598252436944035,22,0.945945945945946,0.2702702702702703,13C1 P1 O10,de-protonated,1,3331,C37 H35 O10 P1 13C1,37,35,10,-9999,1,-9999,1,N/A,-9999,-9999,N/A,-9999
3335,682.192646,682.1928076019605,682.1925913787591,6214089,-9999,171256.4,27.94,-1,0.3169533121938238,0.49096845136034895,0.9069282053006412,0.6573523529364658,8,1.5555555555555556,0.5555555555555556,13C1 S2 O15,de-protonated,1,3331,C27 H42 O15 S2 13C1,27,42,15,-9999,-9999,2,1,N/A,-9999,-9999,N/A,-9999
3335,682.192646,682.1928076019605,682.192999050539,6214089,-9999,171256.4,27.94,-1,-0.28063697344938665,0.49290562422139345,0.7141928963326544,0.5814205330658978,22,0.8918918918918919,0.32432432432432434,N1 O12,de-protonated,0,-9999,C37 H33 O12 N1,37,33,12,1,-9999,-9999,-9999,N/A,-9999,-9999,N/A,-9999
3335,682.192646,682.1928076019605,682.192485986289,6214089,-9999,171256.4,27.94,-1,0.471444171720551,0.3201578887948905,0.5937935904294966,0.429612169448733,40,0.5,0.02,N3 O1,de-protonated,0,-9999,C50 H25 O1 N3,50,25,1,3,-9999,-9999,-9999,N/A,-9999,-9999,N/A,-9999
3335,682.192646,682.1928076019605,682.193488307889,6214089,-9999,171256.4,27.94,-1,-0.9978194459243028,0.41736029548528575,0.6980173569463055,0.5296231200696937,26,0.85,0.1,N3 S1 P1 O4,de-protonated,0,-9999,C40 H34 O4 N3 P1 S1,40,34,4,3,1,1,-9999,N/A,-9999,-9999,N/A,-9999
3335,682.192646,682.1928076019605,682.1923476018591,6214089,-9999,171256.4,27.94,-1,0.6742967771497261,0.4604055398458411,0.7612342259156645,0.5807370142737704,13,1.2758620689655171,0.4827586206896552,N3 S1 O14,de-protonated,0,-9999,C29 H37 O14 N3 S1,29,37,14,3,-9999,1,-9999,N/A,-9999,-9999,N/A,-9999
3335,682.192646,682.1928076019605,682.193059409409,6214089,-9999,171256.4,27.94,-1,-0.3691146443986722,0.6503876579621038,0.9671740898885004,0.7771022307326625,14,1.2592592592592593,0.5925925925925926,13C1 N4 O16,de-protonated,1,3331,C27 H34 O16 N4 13C1,27,34,16,4,-9999,-9999,1,N/A,-9999,-9999,N/A,-9999
3339,682.694804,682.6949660000255,682.695245903019,3367516,-9999,246816.9,14.37,-1,-0.40999698647005595,0.6466395923935994,0.8930326256645195,0.7451968057019673,4,1.9148936170212767,0.02127659574468085,13C1 O1,de-protonated,1,3332,C47 H90 O1 13C1,47,90,1,-9999,-9999,-9999,1,N/A,-9999,-9999,N/A,-9999
3340,683.174785,683.1749473805105,683.1745127099989,6979283,-9999,270651,31.58,-1,0.6362510654425898,0.4645898031830245,0.6927871148459347,0.5558687278481886,26,0.7804878048780488,0.1951219512195122,S1 O8,de-protonated,0,-9999,C41 H32 O8 S1,41,32,8,-9999,-9999,1,-9999,N/A,-9999,-9999,N/A,-9999
3340,683.174785,683.1749473805105,683.175515031599,6979283,-9999,270651,31.58,-1,-0.8309008096093825,0.441128679435962,0.7489023467070351,0.5642381463443913,12,1.3225806451612905,0.3548387096774194,S2 P1 O11,de-protonated,0,-9999,C31 H41 O11 P1 S2,31,41,11,-9999,1,2,-9999,N/A,-9999,-9999,N/A,-9999
3340,683.174785,683.1749473805105,683.1746456517291,6979283,-9999,270651,31.58,-1,0.4416568784537726,0.48261275028257855,0.7550179348240812,0.5915748240991796,13,1.2333333333333334,0.5333333333333333,P1 O16,de-protonated,0,-9999,C30 H37 O16 P1,30,37,16,-9999,1,-9999,-9999,N/A,-9999,-9999,N/A,-9999
3341,683.179577,683.1797393843092,683.1803859367691,4075225,-9999,273871,17.74,-1,-0.946386156873386,0.4250021258016563,0.7311359101322861,0.5474556395339082,17,1.0588235294117647,0.38235294117647056,S1 O13,de-protonated,0,-9999,C34 H36 O13 S1,34,36,13,-9999,-9999,1,-9999,N/A,-9999,-9999,N/A,-9999
3341,683.179577,683.1797393843092,683.179872872519,4075225,-9999,273871,17.74,-1,-0.1953924802629413,0.4965482754671534,0.6629808336683964,0.5631212987476506,35,0.5957446808510638,0.0425531914893617,N2 S1 O2,de-protonated,0,-9999,C47 H28 O2 N2 S1,47,28,2,2,-9999,1,-9999,N/A,-9999,-9999,N/A,-9999
3341,683.179577,683.1797393843092,683.180005814249,4075225,-9999,273871,17.74,-1,-0.3899849783206374,0.4863905389112203,0.719752637322661,0.5797353782757966,22,0.9166666666666666,0.2777777777777778,N2 P1 O10,de-protonated,0,-9999,C36 H33 O10 N2 P1,36,33,10,2,1,-9999,-9999,N/A,-9999,-9999,N/A,-9999
3341,683.179577,683.1797393843092,683.179734488089,4075225,-9999,273871,17.74,-1,0.00716681118391625,0.49999534013071567,0.7805128205128198,0.6122023322835572,8,1.5384615384615383,0.5769230769230769,N2 S2 O15,de-protonated,0,-9999,C26 H40 O15 N2 S2,26,40,15,2,-9999,2,-9999,N/A,-9999,-9999,N/A,-9999
3341,683.179577,683.1797393843092,683.1792214238391,4075225,-9999,273871,17.74,-1,0.758161919855027,0.4504781933161568,0.7033271719038787,0.5516177847512456,26,0.8205128205128205,0.10256410256410256,N4 S2 O4,de-protonated,0,-9999,C39 H32 O4 N4 S2,39,32,4,4,-9999,2,-9999,N/A,-9999,-9999,N/A,-9999
3341,683.179577,683.1797393843092,683.1793543655691,4075225,-9999,273871,17.74,-1,0.5635690505216435,0.4719996139145211,0.7675537279851021,0.5902212595427535,13,1.3214285714285714,0.42857142857142855,N4 S1 P1 O12,de-protonated,0,-9999,C28 H37 O12 N4 P1 S1,28,37,12,4,1,1,-9999,N/A,-9999,-9999,N/A,-9999
3342,683.187969,683.1881313909615,683.188248022739,82175712,-9999,199566.4,390.01,-1,-0.17071689656662342,0.16578762839677627,0.663852389808087,0.3650135329613006,22,0.8888888888888888,0.3333333333333333,N2 O12,de-protonated,0,-9999,C36 H32 O12 N2,36,32,12,2,-9999,-9999,-9999,N/A,-9999,-9999,N/A,-9999
3342,683.187969,683.1881313909615,683.187734958489,82175712,-9999,199566.4,390.01,-1,0.580268720001045,0.18814660166861633,0.5863511018112306,0.34742840172566203,40,0.4897959183673469,0.02040816326530612,N4 O1,de-protonated,0,-9999,C49 H24 O1 N4,49,24,1,4,-9999,-9999,-9999,N/A,-9999,-9999,N/A,-9999
3342,683.187969,683.1881313909615,683.188737280089,82175712,-9999,199566.4,390.01,-1,-0.8868546777279116,0.2634616723838778,0.6536637984834658,0.41954252282371296,26,0.8461538461538461,0.10256410256410256,N4 S1 P1 O4,de-protonated,0,-9999,C39 H33 O4 N4 P1 S1,39,33,4,4,1,1,-9999,N/A,-9999,-9999,N/A,-9999
3342,683.187969,683.1881313909615,683.1875965740591,82175712,-9999,199566.4,390.01,-1,0.7828258375221203,0.38029928670784735,0.8542424226015957,0.5698765410653467,13,1.2857142857142858,0.5,N4 S1 O14,de-protonated,0,-9999,C28 H36 O14 N4 S1,28,36,14,4,-9999,1,-9999,N/A,-9999,-9999,N/A,-9999
3343,683.202705,683.2028674026429,683.202656010859,3272439.5,-9999,197969.1,13.91,-1,0.30941300083957507,0.4913893826312708,0.6876346701883607,0.5698874976541067,25,0.8809523809523809,0.11904761904761904,S1 P1 O5,de-protonated,0,-9999,C42 H37 O5 P1 S1,42,37,5,-9999,1,1,-9999,N/A,-9999,-9999,N/A,-9999
3343,683.202705,683.2028674026429,683.203504164029,3272439.5,-9999,197969.1,13.91,-1,-0.9320230095561362,0.42708780838237226,0.6980173569463055,0.5354596278079455,26,0.8,0.225,N2 O9,de-protonated,0,-9999,C40 H32 O9 N2,40,32,9,2,-9999,-9999,-9999,N/A,-9999,-9999,N/A,-9999
3343,683.202705,683.2028674026429,683.2028527153491,3272439.5,-9999,197969.1,13.91,-1,0.02149770569225887,0.4999580733802696,0.7428850341668535,0.5971288576949032,17,1.125,0.34375,N4 S1 O11,de-protonated,0,-9999,C32 H36 O11 N4 S1,32,36,11,4,-9999,1,-9999,N/A,-9999,-9999,N/A,-9999
3343,683.202705,683.2028674026429,683.202985657079,3272439.5,-9999,197969.1,13.91,-1,-0.17308828936214538,0.49728931345528554,0.8149093904448103,0.6243373442510954,4,1.9523809523809523,0.9047619047619048,N4 P1 O19,de-protonated,0,-9999,C21 H41 O19 N4 P1,21,41,19,4,1,-9999,-9999,N/A,-9999,-9999,N/A,-9999
3344,684.191265,684.1914281862829,684.190891050259,15922189,-9999,124702.1,74.2,-1,0.7850674876682932,0.29806469112370454,0.6765485089574068,0.44945821825718546,21,0.945945945945946,0.2702702702702703,N1 S1 O10,de-protonated,0,-9999,C37 H35 O10 N1 S1,37,35,10,1,-9999,1,-9999,N/A,-9999,-9999,N/A,-9999
3344,684.191265,684.1914281862829,684.191893371859,15922189,-9999,124702.1,74.2,-1,-0.6799051269248934,0.30651433613811846,0.7238468169385943,0.4734473284583088,7,1.6296296296296295,0.48148148148148145,N1 S2 P1 O13,de-protonated,0,-9999,C27 H44 O13 N1 P1 S2,27,44,13,1,1,2,-9999,N/A,-9999,-9999,N/A,-9999
3344,684.191265,684.1914281862829,684.191023991989,15922189,-9999,124702.1,74.2,-1,0.5907623451709051,0.46931889306504626,0.7805128205128199,0.5937964640441558,8,1.5384615384615383,0.6923076923076923,N1 P1 O18,de-protonated,0,-9999,C26 H40 O18 N1 P1,26,40,18,1,1,-9999,-9999,N/A,-9999,-9999,N/A,-9999
3344,684.191265,684.1914281862829,684.191380307609,15922189,-9999,124702.1,74.2,-1,0.06997848150688966,0.2497779606572061,0.6198257648552981,0.3977970823364429,25,0.9,0.05,N3 S2 P1 O2,de-protonated,0,-9999,C40 H36 O2 N3 P1 S2,40,36,2,3,1,2,-9999,N/A,-9999,-9999,N/A,-9999
3344,684.191265,684.1914281862829,684.1909514091291,15922189,-9999,124702.1,74.2,-1,0.69684808437393,0.38328424907535025,0.8542424226015957,0.5716675184858484,13,1.3333333333333333,0.5185185185185185,13C1 N4 S1 O14,de-protonated,1,3342,C27 H36 O14 N4 S1 13C1,27,36,14,4,-9999,1,1,N/A,-9999,-9999,N/A,-9999
3345,685.184125,685.1842889733315,685.184289547689,25995562,-9999,139203.1,122.21,-1,-8.3825258253688e-4,0.2499999681254832,0.5896748202405075,0.385869908971493,34,0.625,0.0625,S1 O3,de-protonated,0,-9999,C48 H30 O3 S1,48,30,3,-9999,-9999,1,-9999,N/A,-9999,-9999,N/A,-9999
3345,685.184125,685.1842889733315,685.184422489419,25995562,-9999,139203.1,122.21,-1,-0.19486153386135416,0.33104462965838727,0.6765485089574068,0.46924618137799506,21,0.945945945945946,0.2972972972972973,P1 O11,de-protonated,0,-9999,C37 H35 O11 P1,37,35,11,-9999,1,-9999,-9999,N/A,-9999,-9999,N/A,-9999
3345,685.184125,685.1842889733315,685.1841511632591,25995562,-9999,139203.1,122.21,-1,0.2011285172608825,0.19853735738268743,0.687073841679039,0.3939519511012281,7,1.5555555555555556,0.5925925925925926,S2 O16,de-protonated,0,-9999,C27 H42 O16 S2,27,42,16,-9999,-9999,2,-9999,N/A,-9999,-9999,N/A,-9999
3345,685.184125,685.1842889733315,685.183638099009,25995562,-9999,139203.1,122.21,-1,0.9499268316616816,0.16979386647141242,0.6053013689272118,0.34399686745373215,25,0.85,0.125,N2 S2 O5,de-protonated,0,-9999,C40 H34 O5 N2 S2,40,34,5,2,-9999,2,-9999,N/A,-9999,-9999,N/A,-9999
3345,685.184125,685.1842889733315,685.1837710407391,25995562,-9999,139203.1,122.21,-1,0.7559031814416015,0.22537890814224537,0.7112924212546587,0.41974431338721074,12,1.3448275862068966,0.4482758620689655,N2 S1 P1 O13,de-protonated,0,-9999,C29 H39 O13 N2 P1 S1,29,39,13,2,1,1,-9999,N/A,-9999,-9999,N/A,-9999
3345,685.184125,685.1842889733315,685.184533109689,25995562,-9999,139203.1,122.21,-1,-0.356307455495481,0.2792078515249386,0.6536637984834658,0.4289902303083495,26,0.8461538461538461,0.10256410256410256,N4 34S1 P1 O4,de-protonated,1,3342,C39 H33 O4 N4 P1 34S1,39,33,4,4,1,-9999,-9999,N/A,-9999,-9999,N/A,1
3345,685.184125,685.1842889733315,685.184619193909,25995562,-9999,139203.1,122.21,-1,-0.4819439437229336,0.23968266945907704,0.7309837172835607,0.4362030885888705,13,1.2592592592592593,0.6296296296296297,N4 O17,de-protonated,0,-9999,C27 H34 O17 N4,27,34,17,4,-9999,-9999,-9999,N/A,-9999,-9999,N/A,-9999
3346,685.189069,685.1892329772508,685.189782651939,5406001.5,-9999,260027,24.07,-1,-0.8022225406591315,0.4448934429957861,0.6825582999861977,0.5399593857919507,30,0.7209302325581395,0.11627906976744186,N2 P1 O5,de-protonated,0,-9999,C43 H31 O5 N2 P1,43,31,5,2,1,-9999,-9999,N/A,-9999,-9999,N/A,-9999
3346,685.189069,685.1892329772508,685.189511325779,5406001.5,-9999,260027,24.07,-1,-0.40623582766486577,0.4852499246123361,0.7369636471990461,0.5859354136470201,16,1.1515151515151516,0.30303030303030304,N2 S2 O10,de-protonated,0,-9999,C33 H38 O10 N2 S2,33,38,10,2,-9999,2,-9999,N/A,-9999,-9999,N/A,-9999
3346,685.189069,685.1892329772508,685.188641945909,5406001.5,-9999,260027,24.07,-1,0.8625819308141895,0.43685513493853995,0.7428850341668536,0.5592670946298655,17,1.0625,0.46875,N2 O15,de-protonated,0,-9999,C32 H34 O15 N2,32,34,15,2,-9999,-9999,-9999,N/A,-9999,-9999,N/A,-9999
3346,685.189069,685.1892329772508,685.1896442675092,5406001.5,-9999,260027,24.07,-1,-0.6002575518169865,0.46835683830287805,0.8077896627745538,0.6041299680915484,3,1.9545454545454544,0.8181818181818182,N2 S1 P1 O18,de-protonated,0,-9999,C22 H43 O18 N2 P1 S1,22,43,18,2,1,1,-9999,N/A,-9999,-9999,N/A,-9999
3346,685.189069,685.1892329772508,685.189131203259,5406001.5,-9999,260027,24.07,-1,0.14853415962434782,0.4980024046097937,0.7253996187124169,0.588961290250843,21,1,0.2,N4 S1 P1 O7,de-protonated,0,-9999,C35 H35 O7 N4 P1 S1,35,35,7,4,1,1,-9999,N/A,-9999,-9999,N/A,-9999
3347,686.185937,686.1861017674764,686.1864140682591,4870744,-9999,226470.9,21.51,-1,-0.4551252782568488,0.4815562253022008,0.7550179348240812,0.590940909110953,11,1.4,0.36666666666666664,N1 S2 P1 O11,de-protonated,0,-9999,C30 H42 O11 N1 P1 S2,30,42,11,1,1,2,-9999,N/A,-9999,-9999,N/A,-9999
3347,686.185937,686.1861017674764,686.1855446883891,4870744,-9999,226470.9,21.51,-1,0.8118490569434288,0.443640908450172,0.7612342259156645,0.570678235436369,12,1.3103448275862069,0.5517241379310345,N1 P1 O16,de-protonated,0,-9999,C29 H38 O16 N1 P1,29,38,16,1,1,-9999,-9999,N/A,-9999,-9999,N/A,-9999
3347,686.185937,686.1861017674764,686.1867472387291,4870744,-9999,226470.9,21.51,-1,-0.9406641199463894,0.3741431061746098,0.8542424226015957,0.5661828327454042,13,1.3333333333333333,0.5185185185185185,13C1 N4 34S1 O14,de-protonated,1,3342,C27 H36 O14 N4 13C1 34S1,27,36,14,4,-9999,-9999,1,N/A,-9999,-9999,N/A,1
3348,686.188895,686.1890597698214,686.189054376139,5039708.5,-9999,171275.4,22.32,-1,0.00786034453866437,0.4999943946264028,0.6629808336683964,0.5651889702432003,34,0.6382978723404256,0.06382978723404255,N1 P1 O3,de-protonated,0,-9999,C47 H30 O3 N1 P1,47,30,3,1,1,-9999,-9999,N/A,-9999,-9999,N/A,-9999
3348,686.188895,686.1890597698214,686.188783049979,5039708.5,-9999,171275.4,22.32,-1,0.40327071682532234,0.4854613101049781,0.7141928963326544,0.5769539445960485,20,1,0.21621621621621623,N1 S2 O8,de-protonated,0,-9999,C37 H37 O8 N1 S2,37,37,8,1,-9999,2,-9999,N/A,-9999,-9999,N/A,-9999
3348,686.188895,686.1890597698214,686.188915991709,5039708.5,-9999,171275.4,22.32,-1,0.20953138271885252,0.4960327159395079,0.7805128205128198,0.6098247577688326,7,1.6153846153846154,0.6153846153846154,N1 S1 P1 O16,de-protonated,0,-9999,C26 H42 O16 N1 P1 S1,26,42,16,1,1,1,-9999,N/A,-9999,-9999,N/A,-9999
3348,686.188895,686.1890597698214,686.1884029274589,5039708.5,-9999,171275.4,22.32,-1,0.9572332607830814,0.4234127539111832,0.7033271719038788,0.5353785211082615,25,0.8717948717948718,0.1282051282051282,N3 S1 P1 O5,de-protonated,0,-9999,C39 H34 O5 N3 P1 S1,39,34,5,3,1,1,-9999,N/A,-9999,-9999,N/A,-9999
3349,686.944718,686.9448833689687,686.945373988429,4068934,-9999,209486.9,16.39,-1,-0.7142044751198381,0.4557996254464856,0.7550179348240813,0.5754869491975239,27,0.3,0.6,P1 O18,de-protonated,0,-9999,C30 H9 O18 P1,30,9,18,-9999,1,-9999,-9999,N/A,-9999,-9999,N/A,-9999
3349,686.944718,686.9448833689687,686.944722539749,4068934,-9999,209486.9,16.39,-1,0.2341225056450301,0.49505174303962785,0.8077896627745539,0.6201469109335983,18,0.5909090909090909,0.9090909090909092,N2 S1 P1 O20,de-protonated,0,-9999,C22 H13 O20 N2 P1 S1,22,13,20,2,1,1,-9999,N/A,-9999,-9999,N/A,-9999
3350,686.946007,686.9461723699904,686.9462433682991,4058696,-9999,205756.6,16.34,-1,-0.10335351463197286,0.4990318257676939,0.7489023467070351,0.5989800341434304,26,0.41935483870967744,0.41935483870967744,S2 P1 O13,de-protonated,0,-9999,C31 H13 O13 P1 S2,31,13,13,-9999,1,2,-9999,N/A,-9999,-9999,N/A,-9999
3350,686.946007,686.9461723699904,686.946440072789,4058696,-9999,205756.6,16.34,-1,-0.38969966636948633,0.4864101719107766,0.8149093904448103,0.6178098593243901,18,0.5714285714285714,0.9047619047619048,N4 S2 O19,de-protonated,0,-9999,C21 H12 O19 N4 S2,21,12,19,4,-9999,2,-9999,N/A,-9999,-9999,N/A,-9999
3351,688.197649,688.1978153621777,688.197690507799,3414215,-9999,203861.3,13.49,-1,0.18142225757338568,0.4970227948388154,0.6825582999861977,0.5712369968977683,29,0.7209302325581395,0.18604651162790695,N1 O8,de-protonated,0,-9999,C43 H31 O8 N1,43,31,8,1,-9999,-9999,-9999,N/A,-9999,-9999,N/A,-9999
3351,688.197649,688.1978153621777,688.1975521233691,3414215,-9999,203861.3,13.49,-1,0.38250471517161455,0.4869007809215901,0.8077896627745538,0.6152563336627757,2,1.9545454545454544,0.9545454545454546,N1 S1 O21,de-protonated,0,-9999,C22 H43 O21 N1 S1,22,43,21,1,-9999,1,-9999,N/A,-9999,-9999,N/A,-9999
3351,688.197649,688.1978153621777,688.198041380719,3414215,-9999,203861.3,13.49,-1,-0.3284207854536073,0.49030958836850297,0.787157861234881,0.6090488975150542,6,1.76,0.52,N3 S2 P1 O13,de-protonated,0,-9999,C25 H44 O13 N3 P1 S2,25,44,13,3,1,2,-9999,N/A,-9999,-9999,N/A,-9999
3351,688.197649,688.1978153621777,688.197172000849,3414215,-9999,203861.3,13.49,-1,0.9348502941591336,0.42667897398657384,0.7939170211058493,0.5735741928342841,7,1.6666666666666667,0.75,N3 P1 O18,de-protonated,0,-9999,C24 H40 O18 N3 P1,24,40,18,3,1,-9999,-9999,N/A,-9999,-9999,N/A,-9999
3352,689.036363,689.0365300270337,689.037033433179,3807524.3,-9999,268019.9,15.22,-1,-0.7305937429670638,0.4538454574748908,0.6980173569463056,0.5515142172634567,32,0.45,0.2,S2 O8,de-protonated,0,-9999,C40 H18 O8 S2,40,18,8,-9999,-9999,2,-9999,N/A,-9999,-9999,N/A,-9999
3352,689.036363,689.0365300270337,689.036164053309,3807524.3,-9999,268019.9,15.22,-1,0.5311386307079011,0.47504993649106664,0.7033271719038787,0.5663608306561915,33,0.358974358974359,0.3333333333333333,O13,de-protonated,0,-9999,C39 H14 O13,39,14,13,-9999,-9999,-9999,-9999,N/A,-9999,-9999,N/A,-9999
3352,689.036363,689.0365300270337,689.037166374909,3807524.3,-9999,268019.9,15.22,-1,-0.92353200436302,0.4283105223592379,0.7612342259156646,0.5614800037818086,19,0.7931034482758621,0.5517241379310345,S1 P1 O16,de-protonated,0,-9999,C29 H23 O16 P1 S1,29,23,16,-9999,1,1,-9999,N/A,-9999,-9999,N/A,-9999
3352,689.036363,689.0365300270337,689.036653310659,3807524.3,-9999,268019.9,15.22,-1,-0.17892172307350185,0.4971040621256946,0.6876346701883606,0.573316305350761,37,0.35714285714285715,0.11904761904761904,N2 S1 P1 O5,de-protonated,0,-9999,C42 H15 O5 N2 P1 S1,42,15,5,2,1,1,-9999,N/A,-9999,-9999,N/A,-9999
3352,689.036363,689.0365300270337,689.0365149262291,3807524.3,-9999,268019.9,15.22,-1,0.02191582634024012,0.4999564266842559,0.8149093904448103,0.6259376121884777,10,1.2857142857142858,0.8571428571428571,N2 S2 P1 O18,de-protonated,0,-9999,C21 H27 O18 N2 P1 S2,21,27,18,2,1,2,-9999,N/A,-9999,-9999,N/A,-9999
3352,689.036363,689.0365300270337,689.036001861979,3807524.3,-9999,268019.9,15.22,-1,0.7665275156125986,0.4494368272892007,0.731135910132286,0.5621164604264348,28,0.5588235294117647,0.2058823529411765,N4 S2 P1 O7,de-protonated,0,-9999,C34 H19 O7 N4 P1 S2,34,19,7,4,1,2,-9999,N/A,-9999,-9999,N/A,-9999
3353,689.038952,689.0391190290859,689.039535356629,4489512,-9999,173200,18.23,-1,-0.6042143037635161,0.4679520029685893,0.719752637322661,0.568672256710218,28,0.5,0.3611111111111111,S1 O13,de-protonated,0,-9999,C36 H18 O13 S1,36,18,13,-9999,-9999,1,-9999,N/A,-9999,-9999,N/A,-9999
3353,689.038952,689.0391190290859,689.0396682983591,4489512,-9999,173200,18.23,-1,-0.7971518889782874,0.4455485969053587,0.7871578612348809,0.5821923026371676,15,0.92,0.84,P1 O21,de-protonated,0,-9999,C25 H23 O21 P1,25,23,21,-9999,1,-9999,-9999,N/A,-9999,-9999,N/A,-9999
3353,689.038952,689.0391190290859,689.039155234109,4489512,-9999,173200,18.23,-1,-0.05254421728909635,0.4997495823653596,0.7087183895694522,0.5833371052469967,33,0.3947368421052632,0.2631578947368421,N2 P1 O10,de-protonated,0,-9999,C38 H15 O10 N2 P1,38,15,10,2,1,-9999,-9999,N/A,-9999,-9999,N/A,-9999
3353,689.038952,689.0391190290859,689.0388839079491,4489512,-9999,173200,18.23,-1,0.34123057829695885,0.4895470228979303,0.7675537279851021,0.600749704932799,19,0.7857142857142857,0.5357142857142857,N2 S2 O15,de-protonated,0,-9999,C28 H22 O15 N2 S2,28,22,15,2,-9999,2,-9999,N/A,-9999,-9999,N/A,-9999
3353,689.038952,689.0391190290859,689.038503785429,4489512,-9999,173200,18.23,-1,0.8929017079201095,0.4326563986899678,0.7550179348240812,0.5616010131436131,24,0.6333333333333333,0.4,N4 S1 P1 O12,de-protonated,0,-9999,C30 H19 O12 N4 P1 S1,30,19,12,4,1,1,-9999,N/A,-9999,-9999,N/A,-9999
3354,689.199318,689.1994851562093,689.199953412799,3291645.5,-9999,185715.1,12.94,-1,-0.6794205184596503,0.45982646289325624,0.6677691528855879,0.5430035388901889,33,0.6739130434782609,0.06521739130434782,N2 P1 O3,de-protonated,0,-9999,C46 H31 O3 N2 P1,46,31,3,2,1,-9999,-9999,N/A,-9999,-9999,N/A,-9999
3354,689.199318,689.1994851562093,689.199682086639,3291645.5,-9999,185715.1,12.94,-1,-0.2857378416685498,0.49264730791979594,0.719752637322661,0.583489439680942,19,1.0555555555555556,0.2222222222222222,N2 S2 O8,de-protonated,0,-9999,C36 H38 O8 N2 S2,36,38,8,2,-9999,2,-9999,N/A,-9999,-9999,N/A,-9999
3354,689.199318,689.1994851562093,689.198812706769,3291645.5,-9999,185715.1,12.94,-1,0.9756973284723072,0.4206796512182612,0.7253996187124169,0.5425676382159235,20,0.9714285714285714,0.37142857142857144,N2 O13,de-protonated,0,-9999,C35 H34 O13 N2,35,34,13,2,-9999,-9999,-9999,N/A,-9999,-9999,N/A,-9999
3354,689.199318,689.1994851562093,689.199815028369,3291645.5,-9999,185715.1,12.94,-1,-0.4786306561450193,0.4796422472950456,0.7871578612348809,0.6026484928709797,6,1.72,0.64,N2 S1 P1 O16,de-protonated,0,-9999,C25 H43 O16 N2 P1 S1,25,43,16,2,1,1,-9999,N/A,-9999,-9999,N/A,-9999
3354,689.199318,689.1994851562093,689.199301964119,3291645.5,-9999,185715.1,12.94,-1,0.2658042308916561,0.49363106488277153,0.7087183895694522,0.5796659947574438,24,0.9210526315789472,0.13157894736842105,N4 S1 P1 O5,de-protonated,0,-9999,C38 H35 O5 N4 P1 S1,38,35,5,4,1,1,-9999,N/A,-9999,-9999,N/A,-9999
3355,690.196156,690.1963239464114,690.196584829119,3128112.3,-9999,326091.8,12.21,-1,-0.3779831910816678,0.48720466430322024,0.7369636471990461,0.5871082574615505,14,1.2727272727272727,0.2727272727272727,N1 S2 P1 O9,de-protonated,0,-9999,C33 H42 O9 N1 P1 S2,33,42,9,1,1,2,-9999,N/A,-9999,-9999,N/A,-9999
3355,690.196156,690.1963239464114,690.1957154492491,3128112.3,-9999,326091.8,12.21,-1,0.8816298750549568,0.4342295249499678,0.7428850341668535,0.557691728636722,15,1.1875,0.4375,N1 P1 O14,de-protonated,0,-9999,C32 H38 O14 N1 P1,32,38,14,1,1,-9999,-9999,N/A,-9999,-9999,N/A,-9999
3357,691.036285,691.0364536123889,691.036557976479,3287956,-9999,188054.8,12.91,-1,-0.1510254253985795,0.4979349736803482,0.7253996187124169,0.5889208316931757,28,0.45714285714285713,0.45714285714285713,O16,de-protonated,0,-9999,C35 H16 O16,35,16,16,-9999,-9999,-9999,-9999,N/A,-9999,-9999,N/A,-9999
3357,691.036285,691.0364536123889,691.037047233829,3287956,-9999,188054.8,12.91,-1,-0.8590298341676946,0.4373401466679886,0.7087183895694522,0.545891443828574,32,0.4473684210526316,0.21052631578947367,N2 S1 P1 O8,de-protonated,0,-9999,C38 H17 O8 N2 P1 S1,38,17,8,2,1,1,-9999,N/A,-9999,-9999,N/A,-9999
3357,691.036285,691.0364536123889,691.03590652779906,3287956,-9999,188054.8,12.91,-1,0.7916876455242008,0.4462510237560921,0.7739790330151771,0.5773422274597261,19,0.7407407407407407,0.6666666666666666,N2 S1 O18,de-protonated,0,-9999,C27 H20 O18 N2 S1,27,20,18,2,-9999,1,-9999,N/A,-9999,-9999,N/A,-9999
3357,691.036285,691.0364536123889,691.036395785149,3287956,-9999,188054.8,12.91,-1,0.08368190186470664,0.4993650916578552,0.7550179348240813,0.6016262289243457,23,0.7,0.3333333333333333,N4 S2 P1 O10,de-protonated,0,-9999,C30 H21 O10 N4 P1 S2,30,21,10,4,1,2,-9999,N/A,-9999,-9999,N/A,-9999
3358,691.19283,691.1929987364834,691.192485249999,3536997.3,-9999,190963.6,14.01,-1,0.7428994027317817,0.4523547219264807,0.6980173569463055,0.5506197759344106,23,0.925,0.175,S1 P1 O7,de-protonated,0,-9999,C40 H37 O7 P1 S1,40,37,7,-9999,1,1,-9999,N/A,-9999,-9999,N/A,-9999
3358,691.19283,691.1929987364834,691.193333403169,3536997.3,-9999,190963.6,14.01,-1,-0.4841867961246889,0.47917689953375914,0.7087183895694522,0.5709934955480364,24,0.8421052631578947,0.2894736842105263,N2 O11,de-protonated,0,-9999,C38 H32 O11 N2,38,32,11,2,-9999,-9999,-9999,N/A,-9999,-9999,N/A,-9999
3358,691.19283,691.1929987364834,691.1926819544891,3536997.3,-9999,190963.6,14.01,-1,0.4583121358389565,0.4813019362925715,0.7550179348240813,0.5907883357051755,15,1.2,0.43333333333333335,N4 S1 O13,de-protonated,0,-9999,C30 H36 O13 N4 S1,30,36,13,4,-9999,1,-9999,N/A,-9999,-9999,N/A,-9999
3358,691.19283,691.1929987364834,691.193684276089,3536997.3,-9999,190963.6,14.01,-1,-0.99181983453425,0.4182652626980399,0.8221557383861046,0.5798214529732657,1,2.25,0.8,N4 S2 P1 O16,de-protonated,0,-9999,C20 H45 O16 N4 P1 S2,20,45,16,4,1,2,-9999,N/A,-9999,-9999,N/A,-9999
3359,691.381846,691.3820148863181,691.382655005239,3239266.3,-9999,211429.8,12.7,-1,-0.9258533119414905,0.4279770164533914,0.672627141691601,0.5258370665486752,18,1.2444444444444445,0.08888888888888889,S1 O4,de-protonated,0,-9999,C45 H56 O4 S1,45,56,4,-9999,-9999,1,-9999,N/A,-9999,-9999,N/A,-9999
3359,691.381846,691.3820148863181,691.3822748827189,3239266.3,-9999,211429.8,12.7,-1,-0.3760530321061422,0.4873333433697629,0.6629808336683964,0.5575923394892164,23,1.127659574468085,0.02127659574468085,N2 P1 O1,de-protonated,0,-9999,C47 H53 O1 N2 P1,47,53,1,2,1,-9999,-9999,N/A,-9999,-9999,N/A,-9999
3359,691.381846,691.3820148863181,691.382003556559,3239266.3,-9999,211429.8,12.7,-1,0.01638711890958476,0.4999756376901668,0.7141928963326545,0.5856625411471619,9,1.6216216216216215,0.16216216216216217,N2 S2 O6,de-protonated,0,-9999,C37 H60 O6 N2 S2,37,60,6,2,-9999,2,-9999,N/A,-9999,-9999,N/A,-9999
3359,691.381846,691.3820148863181,691.3816234340389,3239266.3,-9999,211429.8,12.7,-1,0.5661884346703359,0.47174623918334224,0.7033271719038787,0.5643786122715568,14,1.4615384615384617,0.07692307692307693,N4 S1 P1 O3,de-protonated,0,-9999,C39 H57 O3 N4 P1 S1,39,57,3,4,1,1,-9999,N/A,-9999,-9999,N/A,-9999
3365,697.145134,697.1453074549258,697.145535056619,3108789,-9999,219232,12.08,-1,-0.32647658445682537,0.49042287764174,0.6927871148459346,0.5713685725234179,27,0.7560975609756098,0.17073170731707318,S1 P1 O7,de-protonated,0,-9999,C41 H31 O7 P1 S1,41,31,7,-9999,1,1,-9999,N/A,-9999,-9999,N/A,-9999
3365,697.145134,697.1453074549258,697.144883607939,3108789,-9999,219232,12.08,-1,0.6079754678796371,0.4675650408865015,0.7369636471990461,0.5753244834115193,18,1.0606060606060606,0.2727272727272727,N2 S2 P1 O9,de-protonated,0,-9999,C33 H35 O9 N2 P1 S2,33,35,9,2,1,2,-9999,N/A,-9999,-9999,N/A,-9999
3365,697.145134,697.1453074549258,697.145731761109,3108789,-9999,219232,12.08,-1,-0.608633408815623,0.46749713581495544,0.7489023467070351,0.5800592201717873,19,0.967741935483871,0.41935483870967744,N4 S1 O13,de-protonated,0,-9999,C31 H30 O13 N4 S1,31,30,13,4,-9999,1,-9999,N/A,-9999,-9999,N/A,-9999
3366,697.153811,697.1539844618042,697.153777265109,3717056.8,-9999,189510.2,14.77,-1,0.29720371868820616,0.492050191638705,0.6927871148459346,0.5723449609215968,27,0.7317073170731707,0.2195121951219512,S1 O9,de-protonated,0,-9999,C41 H30 O9 S1,41,30,9,-9999,-9999,1,-9999,N/A,-9999,-9999,N/A,-9999
3366,697.153811,697.1539844618042,697.153910206839,3717056.8,-9999,189510.2,14.77,-1,0.1065115809913605,0.49897181662486073,0.7550179348240813,0.601390263904549,14,1.1666666666666667,0.5666666666666667,P1 O17,de-protonated,0,-9999,C30 H35 O17 P1,30,35,17,-9999,1,-9999,-9999,N/A,-9999,-9999,N/A,-9999
3366,697.153811,697.1539844618042,697.154266522459,3717056.8,-9999,189510.2,14.77,-1,-0.4045885801730729,0.4853675382275685,0.677556331758097,0.5622430556397799,31,0.7045454545454546,0.02272727272727272,N2 S2 P1 O1,de-protonated,0,-9999,C44 H31 O1 N2 P1 S2,44,31,1,2,1,2,-9999,N/A,-9999,-9999,N/A,-9999
3366,697.153811,697.1539844618042,697.1533971425889,3717056.8,-9999,189510.2,14.77,-1,0.8424533505098993,0.4395840544863459,0.6825582999861977,0.5367737526862866,32,0.627906976744186,0.13953488372093023,N2 P1 O6,de-protonated,0,-9999,C43 H27 O6 N2 P1,43,27,6,2,1,-9999,-9999,N/A,-9999,-9999,N/A,-9999
3367,697.1609,697.1610734674236,697.160791197909,7510986.5,-9999,147762.7,31.53,-1,0.40488437989007864,0.3235643008046817,0.6240179704823443,0.4437457686757467,31,0.6888888888888889,0.08888888888888889,S1 P1 O4,de-protonated,0,-9999,C45 H31 O4 P1 S1,45,31,4,-9999,1,1,-9999,N/A,-9999,-9999,N/A,-9999
3367,697.1609,697.1610734674236,697.160652813479,7510986.5,-9999,147762.7,31.53,-1,0.6033816494351437,0.4680373878836088,0.7939170211058494,0.598389241172505,4,1.7916666666666667,0.7083333333333334,S2 P1 O17,de-protonated,0,-9999,C24 H43 O17 P1 S2,24,43,17,-9999,1,2,-9999,N/A,-9999,-9999,N/A,-9999
3367,697.1609,697.1610734674236,697.161639351079,7510986.5,-9999,147762.7,31.53,-1,-0.811696489573555,0.2957738988491226,0.6366550704180973,0.4321263674767125,32,0.6046511627906976,0.18604651162790695,N2 O8,de-protonated,0,-9999,C43 H26 O8 N2,43,26,8,2,-9999,-9999,-9999,N/A,-9999,-9999,N/A,-9999
3367,697.1609,697.1610734674236,697.161500966649,7510986.5,-9999,147762.7,31.53,-1,-0.6131997030040099,0.46702410574290465,0.8077896627745538,0.6033303285555643,5,1.7272727272727273,0.9545454545454546,N2 S1 O21,de-protonated,0,-9999,C22 H38 O21 N2 S1,22,38,21,2,-9999,1,-9999,N/A,-9999,-9999,N/A,-9999
3367,697.1609,697.1610734674236,697.160987902399,7510986.5,-9999,147762.7,31.53,-1,0.12273352368277696,0.4986352382097431,0.7253996187124169,0.5893409904108127,23,0.8571428571428571,0.2857142857142857,N4 S1 O10,de-protonated,0,-9999,C35 H30 O10 N4 S1,35,30,10,4,-9999,1,-9999,N/A,-9999,-9999,N/A,-9999
3367,697.1609,697.1610734674236,697.1611208441291,7510986.5,-9999,147762.7,31.53,-1,-0.06795660860602185,0.4995812013419247,0.7939170211058494,0.6173155292474946,10,1.4583333333333333,0.75,N4 P1 O18,de-protonated,0,-9999,C24 H35 O18 N4 P1,24,35,18,4,1,-9999,-9999,N/A,-9999,-9999,N/A,-9999
3368,697.168811,697.1689844736948,697.1690334063991,7136213,-9999,159408.9,29.87,-1,-0.07018771915019267,0.33303550861133485,0.6240179704823443,0.4494284933597386,31,0.6666666666666666,0.13333333333333333,S1 O6,de-protonated,0,-9999,C45 H30 O6 S1,45,30,6,-9999,-9999,1,-9999,N/A,-9999,-9999,N/A,-9999
3368,697.168811,697.1689844736948,697.169166348129,7136213,-9999,159408.9,29.87,-1,-0.260875613877051,0.4938636223897973,0.731135910132286,0.5887725374867927,18,1.0294117647058822,0.4117647058823529,P1 O14,de-protonated,0,-9999,C34 H35 O14 P1,34,35,14,-9999,1,-9999,-9999,N/A,-9999,-9999,N/A,-9999
3368,697.168811,697.1689844736948,697.168895021969,7136213,-9999,159408.9,29.87,-1,0.12830710954476102,0.4985086595818251,0.7939170211058493,0.6166720041914349,4,1.75,0.7916666666666666,S2 O19,de-protonated,0,-9999,C24 H42 O19 S2,24,42,19,-9999,-9999,2,-9999,N/A,-9999,-9999,N/A,-9999
3368,697.168811,697.1689844736948,697.1686532838789,7136213,-9999,159408.9,29.87,-1,0.4750497806584778,0.31995969956774484,0.6116976458364167,0.4366548780752136,36,0.574468085106383,0.06382978723404255,N2 P1 O3,de-protonated,0,-9999,C47 H27 O3 N2 P1,47,27,3,2,1,-9999,-9999,N/A,-9999,-9999,N/A,-9999
3368,697.168811,697.1689844736948,697.168381957719,7136213,-9999,159408.9,29.87,-1,0.8642330767365904,0.4366291860509656,0.7141928963326545,0.5476546701636411,22,0.918918918918919,0.21621621621621623,N2 S2 O8,de-protonated,0,-9999,C37 H34 O8 N2 S2,37,34,8,2,-9999,2,-9999,N/A,-9999,-9999,N/A,-9999
3368,697.168811,697.1689844736948,697.1685148994491,7136213,-9999,159408.9,29.87,-1,0.6735448254810364,0.460490216382682,0.7805128205128199,0.5884992580347372,9,1.5,0.6153846153846154,N2 S1 P1 O16,de-protonated,0,-9999,C26 H39 O16 N2 P1 S1,26,39,16,2,1,1,-9999,N/A,-9999,-9999,N/A,-9999
3368,697.168811,697.1689844736948,697.169363052619,7136213,-9999,159408.9,29.87,-1,-0.5430228927415754,0.47395084961686,0.7939170211058493,0.6019373182124558,10,1.4166666666666667,0.8333333333333334,N4 O20,de-protonated,0,-9999,C24 H34 O20 N4,24,34,20,4,-9999,-9999,-9999,N/A,-9999,-9999,N/A,-9999
3369,697.171495,697.1716684758225,697.171535329849,5834713,-9999,308889.8,24.12,-1,0.1909802203659396,0.4967018962582987,0.6927871148459346,0.575135983693353,27,0.7317073170731707,0.2682926829268293,O11,de-protonated,0,-9999,C41 H30 O11,41,30,11,-9999,-9999,-9999,-9999,N/A,-9999,-9999,N/A,-9999
3369,697.171495,697.1716684758225,697.172024587199,5834713,-9999,308889.8,24.12,-1,-0.5107941282000564,0.4768806287109631,0.677556331758097,0.5571509099298166,31,0.7045454545454546,0.06818181818181818,N2 S1 P1 O3,de-protonated,0,-9999,C44 H31 O3 N2 P1 S1,44,31,3,2,1,1,-9999,N/A,-9999,-9999,N/A,-9999
3369,697.171495,697.1716684758225,697.1718862027691,5834713,-9999,308889.8,24.12,-1,-0.31230023892101116,0.49122935993426664,0.8007932653391622,0.6150549220962249,4,1.8695652173913044,0.6956521739130435,N2 S2 P1 O16,de-protonated,0,-9999,C23 H43 O16 N2 P1 S2,23,43,16,2,1,2,-9999,N/A,-9999,-9999,N/A,-9999
3369,697.171495,697.1716684758225,697.1710168228991,5834713,-9999,308889.8,24.12,-1,0.9347102900546548,0.4266992389439572,0.8077896627745539,0.5791354084761959,5,1.7727272727272727,0.9545454545454546,N2 P1 O21,de-protonated,0,-9999,C22 H39 O21 N2 P1,22,39,21,2,1,-9999,-9999,N/A,-9999,-9999,N/A,-9999
3369,697.171495,697.1716684758225,697.171373138519,5834713,-9999,308889.8,24.12,-1,0.423622246725378,0.4839812071808293,0.719752637322661,0.5782897792375621,22,0.9722222222222222,0.1388888888888889,N4 S2 P1 O5,de-protonated,0,-9999,C36 H35 O5 N4 P1 S2,36,35,5,4,1,2,-9999,N/A,-9999,-9999,N/A,-9999
3370,697.175329,697.1755024788616,697.1760473391989,18788318,-9999,270704.5,81.34,-1,-0.7815247517168812,0.4660110242506355,0.7943559815021384,0.5973490071512366,35,0.6326530612244898,0.02040816326530612,S1 P1 O1,de-protonated,0,-9999,C49 H31 O1 P1 S1,49,31,1,-9999,1,1,-9999,N/A,-9999,-9999,N/A,-9999
3370,697.175329,697.1755024788616,697.1749066331689,18788318,-9999,270704.5,81.34,-1,0.8546573995213543,0.21896757769231828,0.6502051406064255,0.3914626028579612,22,0.8947368421052632,0.2894736842105263,S1 O11,de-protonated,0,-9999,C38 H34 O11 S1,38,34,11,-9999,-9999,1,-9999,N/A,-9999,-9999,N/A,-9999
3370,697.175329,697.1755024788616,697.175908954769,18788318,-9999,270704.5,81.34,-1,-0.583032061499052,0.46845667778110694,0.9064557100003652,0.6436562906688104,8,1.5357142857142858,0.5,S2 P1 O14,de-protonated,0,-9999,C28 H43 O14 P1 S2,28,43,14,-9999,1,2,-9999,N/A,-9999,-9999,N/A,-9999
3370,697.175329,697.1755024788616,697.175039574899,18788318,-9999,270704.5,81.34,-1,0.66397093469229,0.30770760382907,0.7501399181465137,0.48468052955604746,9,1.4444444444444444,0.7037037037037037,P1 O19,de-protonated,0,-9999,C27 H39 O19 P1,27,39,19,-9999,1,-9999,-9999,N/A,-9999,-9999,N/A,-9999
3370,697.175329,697.1755024788616,697.175395890519,18788318,-9999,270704.5,81.34,-1,0.1528859785853041,0.19915355547829824,0.5993290984851265,0.35922377268102956,26,0.8536585365853658,0.07317073170731707,N2 S2 P1 O3,de-protonated,0,-9999,C41 H35 O3 N2 P1 S2,41,35,3,2,1,2,-9999,N/A,-9999,-9999,N/A,-9999
3371,697.182139,697.18231248426,697.1819205659689,15884263,-9999,194689.6,68.51,-1,0.5621463775552281,0.5972361585435092,0.8631393044624704,0.7035974169110937,26,0.8333333333333334,0.14285714285714285,S1 P1 O6,de-protonated,0,-9999,C42 H35 O6 P1 S1,42,35,6,-9999,1,1,-9999,N/A,-9999,-9999,N/A,-9999
3371,697.182139,697.18231248426,697.182768719139,15884263,-9999,194689.6,68.51,-1,-0.6543978127330669,0.6376940349223211,0.8762668035604274,0.7331231423775637,27,0.75,0.25,N2 O10,de-protonated,0,-9999,C40 H30 O10 N2,40,30,10,2,-9999,-9999,-9999,N/A,-9999,-9999,N/A,-9999
3371,697.182139,697.18231248426,697.1821172704591,15884263,-9999,194689.6,68.51,-1,0.2800040277447883,0.6356275093955445,0.9322314762909896,0.7542690961537225,18,1.0625,0.375,N4 S1 O12,de-protonated,0,-9999,C32 H34 O12 N4 S1,32,34,12,4,-9999,1,-9999,N/A,-9999,-9999,N/A,-9999
3371,697.182139,697.18231248426,697.182250212189,15884263,-9999,194689.6,68.51,-1,0.08931964483911456,0.9785523605611348,0.965046248471366,0.9731499157252272,5,1.8571428571428572,0.9523809523809524,N4 P1 O20,de-protonated,0,-9999,C21 H39 O20 N4 P1,21,39,20,4,1,-9999,-9999,N/A,-9999,-9999,N/A,-9999
3372,697.188594,697.1887674893769,697.188641945909,77410288,-9999,264029.8,340.25,-1,0.18007101715252763,0.19882673940910708,0.6846916950085477,0.39317272164888334,18,1.0303030303030305,0.4545454545454546,N2 O15,de-protonated,0,-9999,C33 H34 O15 N2,33,34,15,2,-9999,-9999,-9999,N/A,-9999,-9999,N/A,-9999
3372,697.188594,697.1887674893769,697.188128881659,77410288,-9999,264029.8,340.25,-1,0.91597617831613,0.17175682635003425,0.6051740933380787,0.345123733145252,36,0.5652173913043478,0.08695652173913043,N4 O4,de-protonated,0,-9999,C46 H26 O4 N4,46,26,4,4,-9999,-9999,-9999,N/A,-9999,-9999,N/A,-9999
3372,697.188594,697.1887674893769,697.189131203259,77410288,-9999,264029.8,340.25,-1,-0.521686104636383,0.4110581050406636,0.8543136932086257,0.5883603403078485,22,0.9722222222222222,0.19444444444444445,N4 S1 P1 O7,de-protonated,0,-9999,C36 H35 O7 N4 P1 S1,36,35,7,4,1,1,-9999,N/A,-9999,-9999,N/A,-9999
3373,697.202235,697.2024085001902,697.202047612429,1000452096,-9999,224306.7,4417,-1,0.5176229221148292,0.3751254563215849,0.5937838996494009,0.4625888336527113,35,0.6122448979591837,0.1020408163265306,O5,de-protonated,0,-9999,C49 H30 O5,49,30,5,-9999,-9999,-9999,-9999,N/A,-9999,-9999,N/A,-9999
3373,697.202235,697.2024085001902,697.203049934029,1000452096,-9999,224306.7,4417,-1,-0.9200100871385374,0.373040153063826,0.7795084904507952,0.5356274880186137,21,1,0.20512820512820512,S1 P1 O8,de-protonated,0,-9999,C39 H39 O8 P1 S1,39,39,8,-9999,1,1,-9999,N/A,-9999,-9999,N/A,-9999
3373,697.202235,697.2024085001902,697.2019092279991,1000452096,-9999,224306.7,4417,-1,0.7161084681056894,0.3193614501897336,0.7067178669676388,0.4743040169008957,8,1.5,0.6428571428571429,S1 O18,de-protonated,0,-9999,C28 H42 O18 S1,28,42,18,-9999,-9999,1,-9999,N/A,-9999,-9999,N/A,-9999
3373,697.202235,697.2024085001902,697.202398485349,1000452096,-9999,224306.7,4417,-1,0.01436432411124765,0.354539158646443,0.6540540789660456,0.4743451267742841,12,1.3870967741935485,0.3225806451612903,N2 S2 P1 O10,de-protonated,0,-9999,C31 H43 O10 N2 P1 S2,31,43,10,2,1,2,-9999,N/A,-9999,-9999,N/A,-9999
3375,698.179519,698.1796932748916,698.179402174269,5004590.5,-9999,266687.6,20.45,-1,0.4169424388388001,0.4844745384999115,0.7943559815021384,0.6084271157008023,35,0.6458333333333334,0.02083333333333333,13C1 S1 P1 O1,de-protonated,1,3370,C48 H31 O1 P1 S1 13C1,48,31,1,-9999,1,1,1,N/A,-9999,-9999,N/A,-9999
3375,698.179519,698.1796932748916,698.1792637898391,5004590.5,-9999,266687.6,20.45,-1,0.6151501123545047,0.46682112886509264,0.9064557100003652,0.6426749613192018,8,1.5925925925925926,0.5185185185185185,13C1 S2 P1 O14,de-protonated,1,3370,C27 H43 O14 P1 S2 13C1,27,43,14,-9999,1,2,1,N/A,-9999,-9999,N/A,-9999
3375,698.179519,698.1796932748916,698.179538519889,5004590.5,-9999,266687.6,20.45,-1,0.22165502441171103,0.49556243611337863,0.6582606959877568,0.5606417400631298,35,0.6041666666666666,0.0625,N1 S1 O3,de-protonated,0,-9999,C48 H29 O3 N1 S1,48,29,3,1,-9999,1,-9999,N/A,-9999,-9999,N/A,-9999
3375,698.179519,698.1796932748916,698.179671461619,5004590.5,-9999,266687.6,20.45,-1,0.03124306464659795,0.49991144917178465,0.7141928963326545,0.5856240280361326,22,0.918918918918919,0.2972972972972973,N1 P1 O11,de-protonated,0,-9999,C37 H34 O11 N1 P1,37,34,11,1,1,-9999,-9999,N/A,-9999,-9999,N/A,-9999
3375,698.179519,698.1796932748916,698.1794001354591,5004590.5,-9999,266687.6,20.45,-1,0.41986262051251966,0.484259773910258,0.7739790330151771,0.6001474775522256,8,1.5185185185185186,0.5925925925925926,N1 S2 O16,de-protonated,0,-9999,C27 H41 O16 N1 S2,27,41,16,1,-9999,2,-9999,N/A,-9999,-9999,N/A,-9999
3375,698.179519,698.1796932748916,698.1790200129391,5004590.5,-9999,266687.6,20.45,-1,0.9643113488915516,0.4223691194262462,0.7612342259156646,0.5579151620220135,13,1.3103448275862069,0.4482758620689655,N3 S1 P1 O13,de-protonated,0,-9999,C29 H38 O13 N3 P1 S1,29,38,13,3,1,1,-9999,N/A,-9999,-9999,N/A,-9999
3376,698.185768,698.1859422798453,698.1852754010389,4481335,-9999,200645.1,18.14,-1,0.9551602274319186,0.5649565912469539,0.8631393044624704,0.6842296765331606,26,0.8536585365853658,0.14634146341463414,13C1 S1 P1 O6,de-protonated,1,3371,C41 H35 O6 P1 S1 13C1,41,35,6,-9999,1,1,1,N/A,-9999,-9999,N/A,-9999
3376,698.185768,698.1859422798453,698.1854117466589,4481335,-9999,200645.1,18.14,-1,0.7598743506818049,0.45026576110672456,0.6927871148459346,0.5472743026024085,26,0.8048780487804879,0.1951219512195122,N1 S1 O8,de-protonated,0,-9999,C41 H33 O8 N1 S1,41,33,8,1,-9999,1,-9999,N/A,-9999,-9999,N/A,-9999
3376,698.185768,698.1859422798453,698.1864140682591,4481335,-9999,200645.1,18.14,-1,-0.6757341652990049,0.4602434575069217,0.7489023467070351,0.575707013186967,12,1.3548387096774193,0.3548387096774194,N1 S2 P1 O11,de-protonated,0,-9999,C31 H42 O11 N1 P1 S2,31,42,11,1,1,2,-9999,N/A,-9999,-9999,N/A,-9999
3376,698.185768,698.1859422798453,698.1855446883891,4481335,-9999,200645.1,18.14,-1,0.5694638900412899,0.47142794199635385,0.7550179348240812,0.5848639391274448,13,1.2666666666666666,0.5333333333333333,N1 P1 O16,de-protonated,0,-9999,C30 H38 O16 N1 P1,30,38,16,1,1,-9999,-9999,N/A,-9999,-9999,N/A,-9999
3376,698.185768,698.1859422798453,698.1861235542091,4481335,-9999,200645.1,18.14,-1,-0.2596361595062316,0.6585619177367087,0.8762668035604274,0.7456438720661962,27,0.7692307692307693,0.2564102564102564,13C1 N2 O10,de-protonated,1,3371,C39 H30 O10 N2 13C1,39,30,10,2,-9999,-9999,1,N/A,-9999,-9999,N/A,-9999
3376,698.185768,698.1859422798453,698.186166097709,4481335,-9999,200645.1,18.14,-1,-0.3205704646589835,0.41530225587539454,0.8543136932086257,0.590906830808687,22,0.9722222222222222,0.19444444444444445,N3 15N1 S1 P1 O7,de-protonated,1,3372,C36 H35 O7 N3 P1 S1 15N1,36,35,7,3,1,1,-9999,TRUE,-9999,-9999,N/A,-9999
3376,698.185768,698.1859422798453,698.185472105529,4481335,-9999,200645.1,18.14,-1,0.6734232307951916,0.6140052021704019,0.9322314762909896,0.741295711818637,18,1.096774193548387,0.3870967741935484,13C1 N4 S1 O12,de-protonated,1,3371,C31 H34 O12 N4 S1 13C1,31,34,12,4,-9999,1,1,N/A,-9999,-9999,N/A,-9999
3376,698.185768,698.1859422798453,698.1856050472591,4481335,-9999,200645.1,18.14,-1,0.48301280323987417,0.9585512712881415,0.965046248471366,0.9611492621614312,5,1.95,1,13C1 N4 P1 O20,de-protonated,1,3371,C20 H39 O20 N4 P1 13C1,20,39,20,4,1,-9999,1,N/A,-9999,-9999,N/A,-9999
3377,698.192705,698.1928792853444,698.1924256794589,20665664,-9999,288374.6,89.62,-1,0.6496860590070751,0.23156784173535885,0.607068890963976,0.3817682614268056,30,0.7555555555555555,0.06666666666666667,N1 S1 P1 O3,de-protonated,0,-9999,C45 H34 O3 N1 P1 S1,45,34,3,1,1,1,-9999,N/A,-9999,-9999,N/A,-9999
3377,698.192705,698.1928792853444,698.192287295029,20665664,-9999,288374.6,89.62,-1,0.8478900814504062,0.29256777171413306,0.7412565550906046,0.4720432850647217,3,1.9166666666666667,0.6666666666666666,N1 S2 P1 O16,de-protonated,0,-9999,C24 H46 O16 N1 P1 S2,24,46,16,1,1,2,-9999,N/A,-9999,-9999,N/A,-9999
3377,698.192705,698.1928792853444,698.1932738326291,20665664,-9999,288374.6,89.62,-1,-0.5650975159754035,0.3145679271243091,0.6366550704180972,0.4434027844418243,31,0.6744186046511628,0.16279069767441862,N3 O7,de-protonated,0,-9999,C43 H29 O7 N3,43,29,7,3,-9999,-9999,-9999,N/A,-9999,-9999,N/A,-9999
3377,698.192705,698.1928792853444,698.1931354481991,20665664,-9999,288374.6,89.62,-1,-0.36689397491866665,0.24396771341932455,0.7554082812630767,0.44854394055682545,4,1.8636363636363635,0.9090909090909092,N3 S1 O20,de-protonated,0,-9999,C22 H41 O20 N3 S1,22,41,20,3,-9999,1,-9999,N/A,-9999,-9999,N/A,-9999
3377,698.192705,698.1928792853444,698.192486038329,20665664,-9999,288374.6,89.62,-1,0.5632358171207246,0.40995045934452173,0.8543136932086257,0.5876957528901634,22,1,0.2,13C1 N4 S1 P1 O7,de-protonated,1,3372,C35 H35 O7 N4 P1 S1 13C1,35,35,7,4,1,1,1,N/A,-9999,-9999,N/A,-9999
3378,698.198159,698.1983332896677,698.198298906229,9366856,-9999,207802.8,39.72,-1,0.04924595038624894,0.33318668468331997,0.6696871342203778,0.4677868644981431,21,1,0.21052631578947367,N1 S1 P1 O8,de-protonated,0,-9999,C38 H38 O8 N1 P1 S1,38,38,8,1,1,1,-9999,N/A,-9999,-9999,N/A,-9999
3378,698.198159,698.1983332896677,698.197647457549,9366856,-9999,207802.8,39.72,-1,0.982289357793119,0.27979705452119524,0.7072361098895067,0.45077267666851983,12,1.4,0.3333333333333333,N3 S2 P1 O10,de-protonated,0,-9999,C30 H42 O10 N3 P1 S2,30,42,10,3,1,2,-9999,N/A,-9999,-9999,N/A,-9999
3379,698.206456,698.2066302962448,698.2062647493591,244495696,-9999,246687.1,1078.2,-1,0.5235514262782995,0.37501882973805933,0.5937838996494009,0.462524857702596,35,0.6122448979591837,0.08163265306122448,O4 17O1,de-protonated,1,3373,C49 H30 O4 17O1,49,30,4,-9999,-9999,-9999,-9999,N/A,1,-9999,N/A,-9999
3379,698.206456,698.2066302962448,698.206404769099,244495696,-9999,246687.1,1078.2,-1,0.32300927679484503,0.3812812059483507,0.7795084904507952,0.5405721197493285,21,1.0263157894736843,0.21052631578947367,13C1 S1 P1 O8,de-protonated,1,3373,C38 H39 O8 P1 S1 13C1,38,39,8,-9999,1,1,1,N/A,-9999,-9999,N/A,-9999
3379,698.206456,698.2066302962448,698.207267070959,244495696,-9999,246687.1,1078.2,-1,-0.9120138735278464,0.3731923324460534,0.7795084904507952,0.5357187956479501,21,1,0.1794871794871795,S1 P1 O7 17O1,de-protonated,1,3373,C39 H39 O7 P1 S1 17O1,39,39,7,-9999,1,1,-9999,N/A,1,-9999,N/A,-9999
3379,698.206456,698.2066302962448,698.206126364929,244495696,-9999,246687.1,1078.2,-1,0.7217514954664066,0.319272086515428,0.7067178669676388,0.4742503986963123,8,1.5,0.6071428571428571,S1 O17 17O1,de-protonated,1,3373,C28 H42 O17 S1 17O1,28,42,17,-9999,-9999,1,-9999,N/A,1,-9999,N/A,-9999
3379,698.206456,698.2066302962448,698.206541114719,244495696,-9999,246687.1,1078.2,-1,0.12772943329983852,0.2954315681617155,0.6378570559048935,0.4324017632589867,21,0.9736842105263158,0.2631578947368421,N1 S1 O10,de-protonated,0,-9999,C38 H37 O10 N1 S1,38,37,10,1,-9999,1,-9999,N/A,-9999,-9999,N/A,-9999
3379,698.206456,698.2066302962448,698.2066740564491,244495696,-9999,246687.1,1078.2,-1,-0.06267514454839748,0.3446572483400591,0.7482303131196644,0.5060864742519012,8,1.5555555555555556,0.6666666666666666,N1 P1 O18,de-protonated,0,-9999,C27 H42 O18 N1 P1,27,42,18,1,1,-9999,-9999,N/A,-9999,-9999,N/A,-9999
3379,698.206456,698.2066302962448,698.2066156222791,244495696,-9999,246687.1,1078.2,-1,0.02101665245077597,0.35453691105077406,0.6540540789660456,0.4743437782168826,12,1.3870967741935485,0.2903225806451613,N2 S2 P1 O9 17O1,de-protonated,1,3373,C31 H43 O9 N2 P1 S2 17O1,31,43,9,2,1,2,-9999,N/A,1,-9999,N/A,-9999
3379,698.206456,698.2066302962448,698.207030372069,244495696,-9999,246687.1,1078.2,-1,-0.5730045770501923,0.234114480581926,0.5900754689901313,0.37649887594520814,25,0.926829268292683,0.04878048780487805,N3 S2 P1 O2,de-protonated,0,-9999,C41 H38 O2 N3 P1 S2,41,38,2,3,1,2,-9999,N/A,-9999,-9999,N/A,-9999
3379,698.206456,698.2066302962448,698.206160992199,244495696,-9999,246687.1,1078.2,-1,0.6721568385813668,0.2393076098872305,0.64500252597018215,0.40158557632041114,26,0.85,0.175,N3 P1 O7,de-protonated,0,-9999,C40 H34 O7 N3 P1,40,34,7,3,1,-9999,-9999,N/A,-9999,-9999,N/A,-9999
3380,699.186054,699.1862290727806,699.185685792459,25614980,-9999,278275.8,111.47,-1,0.7770186556270141,0.17924727411513547,0.6363304386909548,0.3620805399454632,16,1.1714285714285717,0.2571428571428571,S2 P1 O9,de-protonated,0,-9999,C35 H41 O9 P1 S2,35,41,9,-9999,1,2,-9999,N/A,-9999,-9999,N/A,-9999
3380,699.186054,699.1862290727806,699.1865339456291,25614980,-9999,278275.8,111.47,-1,-0.4360393595391297,0.4704237600289298,0.8471264129401923,0.6211048211934348,17,1.0909090909090908,0.3939393939393939,N2 S1 O13,de-protonated,0,-9999,C33 H36 O13 N2 S1,33,36,13,2,-9999,1,-9999,N/A,-9999,-9999,N/A,-9999
3380,699.186054,699.1862290727806,699.186666887359,25614980,-9999,278275.8,111.47,-1,-0.6261769554894124,0.6285728146600064,0.944377041580134,0.7548945054280575,4,1.8636363636363635,0.9545454545454546,N2 P1 O21,de-protonated,0,-9999,C22 H41 O21 N2 P1,22,41,21,2,1,-9999,-9999,N/A,-9999,-9999,N/A,-9999
3380,699.186054,699.1862290727806,699.186020881379,25614980,-9999,278275.8,111.47,-1,0.2977625344242658,0.2460102542065188,0.6012002370100851,0.38808624732794533,35,0.6086956521739131,0.04347826086956521,N4 S1 O2,de-protonated,0,-9999,C46 H28 O2 N4 S1,46,28,2,4,-9999,1,-9999,N/A,-9999,-9999,N/A,-9999
3380,699.186054,699.1862290727806,699.186153823109,25614980,-9999,278275.8,111.47,-1,0.10762465942712944,0.33263349158160965,0.6905344954903113,0.4757938931450903,22,0.9428571428571428,0.2857142857142857,N4 P1 O10,de-protonated,0,-9999,C35 H33 O10 N4 P1,35,33,10,4,1,-9999,-9999,N/A,-9999,-9999,N/A,-9999
3380,699.186054,699.1862290727806,699.185882496949,25614980,-9999,278275.8,111.47,-1,0.4956848247021148,0.19127932593059657,0.7013629964372436,0.3953127941332554,8,1.6,0.6,N4 S2 O15,de-protonated,0,-9999,C25 H40 O15 N4 S2,25,40,15,4,-9999,2,-9999,N/A,-9999,-9999,N/A,-9999
3381,699.191925,699.1921000774345,699.1916974036588,13529740,-9999,231002.3,58.1,-1,0.5759132683070028,0.313864322640899,0.5996860735531828,0.4281930230058125,34,0.673469387755102,0.02040816326530612,S1 P1 O1,de-protonated,0,-9999,C49 H33 O1 P1 S1,49,33,1,-9999,1,1,-9999,N/A,-9999,-9999,N/A,-9999
3381,699.191925,699.1921000774345,699.191559019229,13529740,-9999,231002.3,58.1,-1,0.7738340066035206,0.2990133008247146,0.7182238920063835,0.46669753729738217,7,1.6071428571428572,0.5,S2 P1 O14,de-protonated,0,-9999,C28 H45 O14 P1 S2,28,45,14,-9999,1,2,-9999,N/A,-9999,-9999,N/A,-9999
3381,699.191925,699.1921000774345,699.192545556829,13529740,-9999,231002.3,58.1,-1,-0.6371340732790484,0.30966335070475304,0.6116976458364167,0.43047706875741854,35,0.5957446808510638,0.10638297872340426,N2 O5,de-protonated,0,-9999,C47 H28 O5 N2,47,28,5,2,-9999,-9999,-9999,N/A,-9999,-9999,N/A,-9999
3381,699.191925,699.1921000774345,699.192407172399,13529740,-9999,231002.3,58.1,-1,-0.439213814993864,0.4828012385506525,0.7805128205128198,0.6018858713355194,8,1.5384615384615383,0.6923076923076923,N2 S1 O18,de-protonated,0,-9999,C26 H40 O18 N2 S1,26,40,18,2,-9999,1,-9999,N/A,-9999,-9999,N/A,-9999
3381,699.191925,699.1921000774345,699.191894108149,13529740,-9999,231002.3,58.1,-1,0.2945819126886243,0.3281258241024951,0.6629121235444505,0.4620403438792773,26,0.8205128205128205,0.1794871794871795,N4 S1 O7,de-protonated,0,-9999,C39 H32 O7 N4 S1,39,32,7,4,-9999,1,-9999,N/A,-9999,-9999,N/A,-9999
3381,699.191925,699.1921000774345,699.192027049879,13529740,-9999,231002.3,58.1,-1,0.10444563529552904,0.4990112769177355,0.7675537279851021,0.6064282573446822,13,1.3214285714285714,0.5357142857142857,N4 P1 O15,de-protonated,0,-9999,C28 H37 O15 N4 P1,28,37,15,4,1,-9999,-9999,N/A,-9999,-9999,N/A,-9999
3382,699.199809,699.1999840836843,699.1999396121489,307477152,-9999,225869.7,1356.36,-1,0.06360345997711636,0.23618458510465512,0.5644821543332277,0.3675036127960841,34,0.6530612244897959,0.06122448979591836,S1 O3,de-protonated,0,-9999,C49 H32 O3 S1,49,32,3,-9999,-9999,1,-9999,N/A,-9999,-9999,N/A,-9999
3382,699.199809,699.1999840836843,699.2000725538791,307477152,-9999,225869.7,1356.36,-1,-0.1265305858155689,0.423572625226167,0.6667527949662658,0.5208446931222066,21,0.9736842105263158,0.2894736842105263,P1 O11,de-protonated,0,-9999,C38 H37 O11 P1,38,37,11,-9999,1,-9999,-9999,N/A,-9999,-9999,N/A,-9999
3382,699.199809,699.1999840836843,699.1998012277189,307477152,-9999,225869.7,1356.36,-1,0.26152176393941307,0.29268803893700457,0.6724742694506319,0.4446025311424555,7,1.5714285714285714,0.5714285714285714,S2 O16,de-protonated,0,-9999,C28 H44 O16 S2,28,44,16,-9999,-9999,2,-9999,N/A,-9999,-9999,N/A,-9999
3382,699.199809,699.1999840836843,699.1992881634691,307477152,-9999,225869.7,1356.36,-1,0.9953102455744736,0.14082301493870203,0.5791448508372092,0.3161517492981049,25,0.8780487804878049,0.12195121951219512,N2 S2 O5,de-protonated,0,-9999,C41 H36 O5 N2 S2,41,36,5,2,-9999,2,-9999,N/A,-9999,-9999,N/A,-9999
3382,699.199809,699.1999840836843,699.199421105199,307477152,-9999,225869.7,1356.36,-1,0.8051758458085099,0.23074321442495105,0.6726386667618244,0.4075013953597003,12,1.3666666666666667,0.43333333333333335,N2 S1 P1 O13,de-protonated,0,-9999,C30 H41 O13 N2 P1 S1,30,41,13,2,1,1,-9999,N/A,-9999,-9999,N/A,-9999
3382,699.199809,699.1999840836843,699.2002692583691,307477152,-9999,225869.7,1356.36,-1,-0.4078583738153101,0.42409049662786213,0.8413759430259615,0.5910046751871019,13,1.2857142857142858,0.6071428571428571,N4 O17,de-protonated,0,-9999,C28 H36 O17 N4,28,36,17,4,-9999,-9999,-9999,N/A,-9999,-9999,N/A,-9999
3383,699.205889,699.2060640885039,699.2062926057191,41368224,-9999,233447.3,181.05,-1,-0.326823739442974,0.3779513289341075,0.5937838996494009,0.4642843572202249,35,0.6122448979591837,0.08163265306122448,O4 18O1,de-protonated,1,3373,C49 H30 O4 18O1,49,30,4,-9999,-9999,-9999,-9999,N/A,-9999,1,N/A,-9999
3383,699.205889,699.2060640885039,699.205812838919,41368224,-9999,233447.3,181.05,-1,0.35933566388497934,0.3752493963773479,0.6448837912942809,0.4831031543441211,25,0.8571428571428571,0.1904761904761905,S1 O8,de-protonated,0,-9999,C42 H36 O8 S1,42,36,8,-9999,-9999,1,-9999,N/A,-9999,-9999,N/A,-9999
3383,699.205889,699.2060640885039,699.205792504499,41368224,-9999,233447.3,181.05,-1,0.388417841892293,0.380731192122557,0.7795084904507952,0.5402421114538523,21,1.0263157894736843,0.21052631578947367,13C1 33S1 P1 O8,de-protonated,1,3373,C38 H39 O8 P1 13C1 33S1,38,39,8,-9999,1,-9999,1,N/A,-9999,-9999,TRUE,-9999
3383,699.205889,699.2060640885039,699.205945780649,41368224,-9999,233447.3,181.05,-1,0.16920315912453232,0.2487046616652683,0.702956483368381,0.4304053903465134,12,1.3225806451612905,0.5161290322580645,P1 O16,de-protonated,0,-9999,C31 H41 O16 P1,31,41,16,-9999,1,-9999,-9999,N/A,-9999,-9999,N/A,-9999
3383,699.205889,699.2060640885039,699.206154221289,41368224,-9999,233447.3,181.05,-1,-0.12890731087760166,0.3250841493031775,0.7067178669676388,0.4777376363689621,8,1.5,0.6071428571428571,S1 O17 18O1,de-protonated,1,3373,C28 H42 O17 S1 18O1,28,42,17,-9999,-9999,1,-9999,N/A,-9999,1,N/A,-9999
3383,699.205889,699.2060640885039,699.205928850119,41368224,-9999,233447.3,181.05,-1,0.1934171026701998,0.2951385591256853,0.6378570559048935,0.4322259578373686,21,0.9736842105263158,0.2631578947368421,N1 33S1 O10,de-protonated,1,3379,C38 H37 O10 N1 33S1,38,37,10,1,-9999,-9999,-9999,N/A,-9999,-9999,TRUE,-9999
3383,699.205889,699.2060640885039,699.205432716399,41368224,-9999,233447.3,181.05,-1,0.9029851248774876,0.28749140753048963,0.6302964184076338,0.4246134118813473,30,0.75,0.11363636363636365,N2 P1 O5,de-protonated,0,-9999,C44 H33 O5 N2 P1,44,33,5,2,1,-9999,-9999,N/A,-9999,-9999,N/A,-9999
3383,699.205889,699.2060640885039,699.2066434786391,41368224,-9999,233447.3,181.05,-1,-0.8286393451233919,0.3483757795546964,0.6540540789660456,0.4706470993192361,12,1.3870967741935485,0.2903225806451613,N2 S2 P1 O9 18O1,de-protonated,1,3373,C31 H43 O9 N2 P1 S2 18O1,31,43,9,2,1,2,-9999,N/A,-9999,1,N/A,-9999
3383,699.205889,699.2060640885039,699.206418107469,41368224,-9999,233447.3,181.05,-1,-0.5063153824944044,0.2351466332757034,0.5900754689901313,0.37711816756147454,25,0.926829268292683,0.04878048780487805,N3 S1 33S1 P1 O2,de-protonated,1,3379,C41 H38 O2 N3 P1 S1 33S1,41,38,2,3,1,1,-9999,N/A,-9999,-9999,TRUE,-9999
3384,699.21019,699.2103650919134,699.210621906029,20118182,-9999,156013.1,87.2,-1,-0.3672914963353468,0.38091937590099056,0.7795084904507952,0.5403550217209124,21,1.0263157894736843,0.18421052631578944,13C1 S1 P1 O7 17O1,de-protonated,1,3373,C38 H39 O7 P1 S1 13C1 17O1,38,39,7,-9999,1,1,1,N/A,1,-9999,N/A,-9999
3384,699.21019,699.2103650919134,699.210758251649,20118182,-9999,156013.1,87.2,-1,-0.5622907413376869,0.2913701604293212,0.6378570559048935,0.4299649186195501,21,0.9736842105263158,0.23684210526315788,N1 S1 O9 17O1,de-protonated,1,3379,C38 H37 O9 N1 S1 17O1,38,37,9,1,-9999,1,-9999,N/A,1,-9999,N/A,-9999
3384,699.21019,699.2103650919134,699.2108911933791,20118182,-9999,156013.1,87.2,-1,-0.7524217260898908,0.33254318952528633,0.7482303131196644,0.4988180389630376,8,1.5555555555555556,0.6296296296296297,N1 P1 O17 17O1,de-protonated,1,3379,C27 H42 O17 N1 P1 17O1,27,42,17,1,1,-9999,-9999,N/A,1,-9999,N/A,-9999
3384,699.21019,699.2103650919134,699.2099704573491,20118182,-9999,156013.1,87.2,-1,0.5644006536612757,0.3515852643429947,0.6540540789660456,0.4725727901922151,12,1.4333333333333331,0.3,13C1 N2 S2 P1 O9 17O1,de-protonated,1,3373,C30 H43 O9 N2 P1 S2 13C1 17O1,30,43,9,2,1,2,1,N/A,1,-9999,N/A,-9999
3384,699.21019,699.2103650919134,699.211034617009,20118182,-9999,156013.1,87.2,-1,-0.9575436633354676,0.21168354685531973,0.702954222841176,0.40819181724966225,7,1.6296296296296295,0.5555555555555556,N2 S2 O15,de-protonated,0,-9999,C27 H44 O15 N2 S2,27,44,15,2,-9999,2,-9999,N/A,-9999,-9999,N/A,-9999
3384,699.21019,699.2103650919134,699.210165237139,20118182,-9999,156013.1,87.2,-1,0.28582933199037913,0.24632131673599209,0.7351172023331427,0.44183967097485233,8,1.5384615384615383,0.7692307692307693,N2 O20,de-protonated,0,-9999,C26 H40 O20 N2,26,40,20,2,-9999,-9999,-9999,N/A,-9999,-9999,N/A,-9999
3384,699.21019,699.2103650919134,699.2105215527591,20118182,-9999,156013.1,87.2,-1,-0.2237678651344895,0.19819112789526672,0.6053013689272118,0.36103522430804474,25,0.9,0.1,N4 S2 O4,de-protonated,0,-9999,C40 H36 O4 N4 S2,40,36,4,4,-9999,2,-9999,N/A,-9999,-9999,N/A,-9999
3384,699.21019,699.2103650919134,699.2106544944891,20118182,-9999,156013.1,87.2,-1,-0.4138989784515581,0.2423484373584679,0.7112924212546587,0.42992603091694426,12,1.4137931034482758,0.41379310344827586,N4 S1 P1 O12,de-protonated,0,-9999,C29 H41 O12 N4 P1 S1,29,41,12,4,1,1,-9999,N/A,-9999,-9999,N/A,-9999
3385,699.214063,699.2142380949836,699.2141879891391,11482794,-9999,121195.5,49.06,-1,0.07166022277641365,0.4995343304673546,0.7489023467070351,0.5992815369632268,12,1.2903225806451613,0.5806451612903226,O18,de-protonated,0,-9999,C31 H40 O18,31,40,18,-9999,-9999,-9999,-9999,N/A,-9999,-9999,N/A,-9999
3385,699.214063,699.2142380949836,699.2145443047591,11482794,-9999,121195.5,49.06,-1,-0.4379339332094412,0.24144979820281484,0.591016179820611,0.3812763508499334,29,0.8,0.04444444444444444,N2 S2 O2,de-protonated,0,-9999,C45 H36 O2 N2 S2,45,36,2,2,-9999,2,-9999,N/A,-9999,-9999,N/A,-9999
3385,699.214063,699.2142380949836,699.213674924889,11482794,-9999,121195.5,49.06,-1,0.8054334672615219,0.5956879942633525,0.8546754829591774,0.6992829897416825,30,0.7272727272727273,0.1590909090909091,N2 O7,de-protonated,0,-9999,C44 H32 O7 N2,44,32,7,2,-9999,-9999,-9999,N/A,-9999,-9999,N/A,-9999
3385,699.214063,699.2142380949836,699.214677246489,11482794,-9999,121195.5,49.06,-1,-0.6280639119365908,0.3103088107568027,0.6976611809416156,0.46524975883072783,16,1.2058823529411764,0.29411764705882354,N2 S1 P1 O10,de-protonated,0,-9999,C34 H41 O10 N2 P1 S1,34,41,10,2,1,1,-9999,N/A,-9999,-9999,N/A,-9999
3385,699.214063,699.2142380949836,699.2140257978091,11482794,-9999,121195.5,49.06,-1,0.3036225914217028,0.3278039901310554,0.7295584795690508,0.4885057859062536,7,1.7307692307692308,0.4615384615384616,N4 S2 P1 O12,de-protonated,0,-9999,C26 H45 O12 N4 P1 S2,26,45,12,4,1,2,-9999,N/A,-9999,-9999,N/A,-9999
3386,700.190201,700.1903768687765,700.190317679179,5017561,-9999,251022.6,20.5,-1,0.08453358473528297,0.499352110595031,0.672627141691601,0.568662123033659,29,0.8,0.02222222222222222,N1 S2 P1 O1,de-protonated,0,-9999,C45 H36 O1 N1 P1 S2,45,36,1,1,1,2,-9999,N/A,-9999,-9999,N/A,-9999
3386,700.190201,700.1903768687765,700.1898887806991,5017561,-9999,251022.6,20.5,-1,0.6970795854650506,0.45780281758496294,0.8471264129401923,0.6135322557270546,17,1.125,0.40625,13C1 N2 S1 O13,de-protonated,1,3380,C32 H36 O13 N2 S1 13C1,32,36,13,2,-9999,1,1,N/A,-9999,-9999,N/A,-9999
3386,700.190201,700.1903768687765,700.190021722429,5017561,-9999,251022.6,20.5,-1,0.507214236806958,0.636261436126781,0.944377041580134,0.7595076783081223,4,1.9523809523809523,1,13C1 N2 P1 O21,de-protonated,1,3380,C21 H41 O21 N2 P1 13C1,21,41,21,2,1,-9999,1,N/A,-9999,-9999,N/A,-9999
3386,700.190201,700.1903768687765,700.191027447919,5017561,-9999,251022.6,20.5,-1,-0.9291452147009138,0.42750307547303135,0.8077896627745539,0.5796177103936404,3,1.9545454545454544,0.8181818181818182,N3 S2 O18,de-protonated,0,-9999,C22 H43 O18 N3 S2,22,43,18,3,-9999,2,-9999,N/A,-9999,-9999,N/A,-9999
3387,700.20405,700.2042258797547,700.2042896908091,48340972,-9999,178703.9,211.84,-1,-0.09113205288796858,0.4237719067052059,0.6667527949662658,0.52096426200963,21,0.9736842105263158,0.2631578947368421,P1 O10 17O1,de-protonated,1,3382,C38 H37 O10 P1 17O1,38,37,10,-9999,1,-9999,-9999,N/A,1,-9999,N/A,-9999
3387,700.20405,700.2042258797547,700.2040183646491,48340972,-9999,178703.9,211.84,-1,0.2963637743127743,0.2924205513877832,0.6724742694506319,0.4444420386129227,7,1.5714285714285714,0.5357142857142857,S2 O15 17O1,de-protonated,1,3382,C28 H44 O15 S2 17O1,28,44,15,-9999,-9999,2,-9999,N/A,1,-9999,N/A,-9999
3387,700.20405,700.2042258797547,700.2047044405989,48340972,-9999,178703.9,211.84,-1,-0.6834584816740269,0.2296837642364407,0.5977316029672501,0.3769028997287645,34,0.6666666666666666,0.0625,N1 P1 O3,de-protonated,0,-9999,C48 H32 O3 N1 P1,48,32,3,1,1,-9999,-9999,N/A,-9999,-9999,N/A,-9999
3387,700.20405,700.2042258797547,700.204433114439,48340972,-9999,178703.9,211.84,-1,-0.2959631136836801,0.14060454207817732,0.6054272425793115,0.326533622278631,20,1.0263157894736843,0.21052631578947367,N1 S2 O8,de-protonated,0,-9999,C38 H39 O8 N1 S2,38,39,8,1,-9999,2,-9999,N/A,-9999,-9999,N/A,-9999
3387,700.20405,700.2042258797547,700.203563734569,48340972,-9999,178703.9,211.84,-1,0.9456466948141752,0.2125550157805902,0.6645376962150276,0.3933480879543651,21,0.945945945945946,0.35135135135135137,N1 O13,de-protonated,0,-9999,C37 H35 O13 N1,37,35,13,1,-9999,-9999,-9999,N/A,-9999,-9999,N/A,-9999
3387,700.20405,700.2042258797547,700.204566056169,48340972,-9999,178703.9,211.84,-1,-0.48582433016631377,0.19161552483856348,0.7088648796123267,0.3985152667480688,7,1.6296296296296295,0.5925925925925926,N1 S1 P1 O16,de-protonated,0,-9999,C27 H44 O16 N1 P1 S1,27,44,16,1,1,1,-9999,N/A,-9999,-9999,N/A,-9999
3387,700.20405,700.2042258797547,700.203638242129,48340972,-9999,178703.9,211.84,-1,0.8392381781598804,0.22999407101202707,0.6726386667618244,0.407051909311946,12,1.3666666666666667,0.4,N2 S1 P1 O12 17O1,de-protonated,1,3382,C30 H41 O12 N2 P1 S1 17O1,30,41,12,2,1,1,-9999,N/A,1,-9999,N/A,-9999
3387,700.20405,700.2042258797547,700.204052991919,48340972,-9999,178703.9,211.84,-1,0.24691064704542007,0.19779979274879428,0.6297341978980664,0.3705735548085031,25,0.9,0.125,N3 S1 P1 O5,de-protonated,0,-9999,C40 H36 O5 N3 P1 S1,40,36,5,3,1,1,-9999,N/A,-9999,-9999,N/A,-9999
3387,700.20405,700.2042258797547,700.2036240934391,48340972,-9999,178703.9,211.84,-1,0.8594447314306768,0.4134571489836506,0.8413759430259615,0.584624666600575,13,1.3333333333333333,0.6296296296296297,13C1 N4 O17,de-protonated,1,3382,C27 H36 O17 N4 13C1,27,36,17,4,-9999,-9999,1,N/A,-9999,-9999,N/A,-9999
3387,700.20405,700.2042258797547,700.204486395299,48340972,-9999,178703.9,211.84,-1,-0.3720563768398074,0.4246380894265161,0.8413759430259615,0.5913332308662942,13,1.2857142857142858,0.5714285714285714,N4 O16 17O1,de-protonated,1,3382,C28 H36 O16 N4 17O1,28,36,16,4,-9999,-9999,-9999,N/A,1,-9999,N/A,-9999
3388,700.210094,700.2102698845458,700.2096474407891,9478132,-9999,153774.8,40.2,-1,0.8889391326898296,0.36651300009332993,0.5937838996494009,0.45742135991575833,35,0.625,0.08333333333333333,13C1 O4 18O1,de-protonated,1,3373,C48 H30 O4 13C1 18O1,48,30,4,-9999,-9999,-9999,1,N/A,-9999,1,N/A,-9999
3388,700.210094,700.2102698845458,700.210649762389,9478132,-9999,153774.8,40.2,-1,-0.5425193737691507,0.37906447849317415,0.7795084904507952,0.5392420832762226,21,1.0263157894736843,0.18421052631578944,13C1 S1 P1 O7 18O1,de-protonated,1,3373,C38 H39 O7 P1 S1 13C1 18O1,38,39,7,-9999,1,1,1,N/A,-9999,1,N/A,-9999
3388,700.210094,700.2102698845458,700.210577667369,9478132,-9999,153774.8,40.2,-1,-0.4395575173513,0.32184985322593374,0.6496170588360974,0.45295673546999926,25,0.8780487804878049,0.1951219512195122,N1 P1 O8,de-protonated,0,-9999,C41 H36 O8 N1 P1,41,36,8,1,1,-9999,-9999,N/A,-9999,-9999,N/A,-9999
3388,700.210094,700.2102698845458,700.2107861080091,9478132,-9999,153774.8,40.2,-1,-0.7372400904020419,0.28843476020994374,0.6378570559048935,0.4282036784879236,21,0.9736842105263158,0.23684210526315788,N1 S1 O9 18O1,de-protonated,1,3379,C38 H37 O9 N1 S1 18O1,38,37,9,1,-9999,1,-9999,N/A,-9999,1,N/A,-9999
3388,700.210094,700.2102698845458,700.210306341209,9478132,-9999,153774.8,40.2,-1,-0.05206530508636382,0.3331694168588261,0.7018673346137749,0.4806485839608057,11,1.3870967741935485,0.41935483870967744,N1 S2 O13,de-protonated,0,-9999,C31 H43 O13 N1 S2,31,43,13,1,-9999,2,-9999,N/A,-9999,-9999,N/A,-9999
3388,700.210094,700.2102698845458,700.2109190497391,9478132,-9999,153774.8,40.2,-1,-0.92709950049866,0.3266957459990204,0.7482303131196644,0.49530957284727795,8,1.5555555555555556,0.6296296296296297,N1 P1 O17 18O1,de-protonated,1,3379,C27 H42 O17 N1 P1 18O1,27,42,17,1,1,-9999,-9999,N/A,-9999,1,N/A,-9999
3388,700.210094,700.2102698845458,700.2099983137091,9478132,-9999,153774.8,40.2,-1,0.3878419865247223,0.35312404184594864,0.6540540789660456,0.4734960566939874,12,1.4333333333333331,0.3,13C1 N2 S2 P1 O9 18O1,de-protonated,1,3373,C30 H43 O9 N2 P1 S2 13C1 18O1,30,43,9,2,1,2,1,N/A,-9999,1,N/A,-9999
3388,700.210094,700.2102698845458,700.2097932769591,9478132,-9999,153774.8,40.2,-1,0.6806639828660878,0.2298426890176284,0.596645109407529,0.37656365717358864,29,0.7954545454545454,0.04545454545454545,N3 S2 O2,de-protonated,0,-9999,C44 H35 O2 N3 S2,44,35,2,3,-9999,2,-9999,N/A,-9999,-9999,N/A,-9999
3388,700.210094,700.2102698845458,700.209772942539,9478132,-9999,153774.8,40.2,-1,0.7097044715236793,0.23165578387724003,0.5900754689901313,0.37502365792239656,25,0.95,0.05,13C1 N3 S1 33S1 P1 O2,de-protonated,1,3379,C40 H38 O2 N3 P1 S1 13C1 33S1,40,38,2,3,1,1,1,N/A,-9999,-9999,TRUE,-9999
3388,700.210094,700.2102698845458,700.2104059854889,9478132,-9999,153774.8,40.2,-1,-0.1943714945478278,0.24829206534173748,0.64500252597018215,0.4069762495931154,26,0.85,0.15,N3 P1 O6 18O1,de-protonated,1,3379,C40 H34 O6 N3 P1 18O1,40,34,6,3,1,-9999,-9999,N/A,-9999,1,N/A,-9999
3388,700.210094,700.2102698845458,700.209926218689,9478132,-9999,153774.8,40.2,-1,0.4908040345262416,0.4786162740525371,0.7369636471990461,0.5819552233111407,16,1.2121212121212122,0.30303030303030304,N3 S1 P1 O10,de-protonated,0,-9999,C33 H40 O10 N3 P1 S1,33,40,10,3,1,1,-9999,N/A,-9999,-9999,N/A,-9999
3389,700.216315,700.2164908894773,700.216317952409,3321852.8,-9999,205031,13.01,-1,0.24697663264059624,0.49449655775082096,0.6726271416916009,0.5657487913271328,29,0.7777777777777778,0.1111111111111111,N1 S1 O5,de-protonated,0,-9999,C45 H35 O5 N1 S1,45,35,5,1,-9999,1,-9999,N/A,-9999,-9999,N/A,-9999
3389,700.216315,700.2164908894773,700.216450894139,3321852.8,-9999,205031,13.01,-1,0.05711853560830206,0.4997040969640812,0.7311359101322861,0.5922768222313631,16,1.1764705882352942,0.38235294117647056,N1 P1 O13,de-protonated,0,-9999,C34 H40 O13 N1 P1,34,40,13,1,1,-9999,-9999,N/A,-9999,-9999,N/A,-9999
3389,700.216315,700.2164908894773,700.2161795679791,3321852.8,-9999,205031,13.01,-1,0.44460769014836615,0.4823837929982036,0.7939170211058493,0.606997084241262,2,1.9583333333333333,0.75,N1 S2 O18,de-protonated,0,-9999,C24 H47 O18 N1 S2,24,47,18,1,-9999,2,-9999,N/A,-9999,-9999,N/A,-9999
3389,700.216315,700.2164908894773,700.217029759959,3321852.8,-9999,205031,13.01,-1,-0.7695763724710025,0.5987400836601778,0.8546754829591774,0.7011142433797777,30,0.7441860465116279,0.16279069767441862,13C1 N2 O7,de-protonated,1,3385,C43 H32 O7 N2 13C1,43,32,7,2,-9999,-9999,1,N/A,-9999,-9999,N/A,-9999
3389,700.216315,700.2164908894773,700.215937829889,3321852.8,-9999,205031,13.01,-1,0.7898414738596962,0.4464875053667656,0.6629808336683964,0.5330848366874179,34,0.6808510638297872,0.0425531914893617,N3 P1 O2,de-protonated,0,-9999,C47 H32 O2 N3 P1,47,32,2,3,1,-9999,-9999,N/A,-9999,-9999,N/A,-9999
3389,700.216315,700.2164908894773,700.2157994454591,3321852.8,-9999,205031,13.01,-1,0.987472745941398,0.41891877410255846,0.7805128205128198,0.5635563926666629,7,1.6923076923076923,0.5769230769230769,N3 S1 P1 O15,de-protonated,0,-9999,C26 H44 O15 N3 P1 S1,26,44,15,3,1,1,-9999,N/A,-9999,-9999,N/A,-9999
3390,701.201968,701.2021446708128,701.202682182619,6145338,-9999,286412.2,25.47,-1,-0.7665569740002282,0.2278179227613998,0.5644821543332277,0.36248361539013096,34,0.6666666666666666,0.0625,13C1 33S1 O3,de-protonated,1,3382,C48 H32 O3 13C1 33S1,48,32,3,-9999,-9999,-9999,1,N/A,-9999,-9999,TRUE,-9999
3390,701.201968,701.2021446708128,701.201608668519,6145338,-9999,286412.2,25.47,-1,0.7644053965797387,0.3597614767320697,0.6448837912942809,0.47381040255695417,25,0.8571428571428571,0.1904761904761905,34S1 O8,de-protonated,1,3383,C42 H36 O8 34S1,42,36,8,-9999,-9999,-9999,-9999,N/A,-9999,-9999,N/A,1
3390,701.201968,701.2021446708128,701.2028354587691,6145338,-9999,286412.2,25.47,-1,-0.9851471234015228,0.4192676307888228,0.6927871148459346,0.5286754244116675,25,0.8292682926829268,0.2682926829268293,O11,de-protonated,0,-9999,C41 H34 O11,41,34,11,-9999,-9999,-9999,-9999,N/A,-9999,-9999,N/A,-9999
3390,701.201968,701.2021446708128,701.2025437981891,6145338,-9999,286412.2,25.47,-1,-0.5692041192241796,0.2892449419160682,0.6724742694506319,0.4425366729298937,7,1.6296296296296295,0.5925925925925926,13C1 S1 33S1 O16,de-protonated,1,3382,C27 H44 O16 S1 13C1 33S1,27,44,16,-9999,-9999,1,1,N/A,-9999,-9999,TRUE,-9999
3390,701.201968,701.2021446708128,701.2019500508891,6145338,-9999,286412.2,25.47,-1,0.27755188602091047,0.32435947849514885,0.7067178669676388,0.4773028338841449,8,1.5,0.6071428571428571,34S1 O17 18O1,de-protonated,1,3373,C28 H42 O17 18O1 34S1,28,42,17,-9999,-9999,-9999,-9999,N/A,-9999,1,N/A,1
3390,701.201968,701.2021446708128,701.2020307339391,6145338,-9999,286412.2,25.47,-1,0.16248794033302277,0.15311089057191582,0.5791448508372092,0.3235244746780332,25,0.9,0.125,13C1 N2 S1 33S1 O5,de-protonated,1,3382,C40 H36 O5 N2 S1 13C1 33S1,40,36,5,2,-9999,1,1,N/A,-9999,-9999,TRUE,-9999
3390,701.201968,701.2021446708128,701.202439308239,6145338,-9999,286412.2,25.47,-1,-0.4201888209732232,0.35288172870244405,0.6540540789660456,0.4733506688078847,12,1.3870967741935485,0.2903225806451613,N2 S1 34S1 P1 O9 18O1,de-protonated,1,3373,C31 H43 O9 N2 P1 S1 18O1 34S1,31,43,9,2,1,1,-9999,N/A,-9999,1,N/A,1
3390,701.201968,701.2021446708128,701.202184010089,6145338,-9999,286412.2,25.47,-1,-0.05610261506672958,0.4997145263461226,0.7369636471990461,0.5946141746872919,16,1.1515151515151516,0.3939393939393939,N2 S1 O13,de-protonated,0,-9999,C33 H38 O13 N2 S1,33,38,13,2,-9999,1,-9999,N/A,-9999,-9999,N/A,-9999
3390,701.201968,701.2021446708128,701.202163675669,6145338,-9999,286412.2,25.47,-1,-0.02710324808378679,0.2399803754069766,0.6726386667618244,0.4130436919489157,12,1.4137931034482758,0.4482758620689655,13C1 N2 33S1 P1 O13,de-protonated,1,3382,C29 H41 O13 N2 P1 13C1 33S1,29,41,13,2,1,-9999,1,N/A,-9999,-9999,TRUE,-9999
3390,701.201968,701.2021446708128,701.2023169518191,6145338,-9999,286412.2,25.47,-1,-0.2456937207600144,0.49455327240144487,0.8077896627745539,0.6198478285506885,3,1.9545454545454544,0.9545454545454546,N2 P1 O21,de-protonated,0,-9999,C22 H43 O21 N2 P1,22,43,21,2,1,-9999,-9999,N/A,-9999,-9999,N/A,-9999
3390,701.201968,701.2021446708128,701.201670945839,6145338,-9999,286412.2,25.47,-1,0.6755901951938285,0.3068398032007634,0.6178187149649359,0.4312313679064323,34,0.6521739130434783,0.04347826086956521,N4 S1 O2,de-protonated,0,-9999,C46 H30 O2 N4 S1,46,30,2,4,-9999,1,-9999,N/A,-9999,-9999,N/A,-9999
3390,701.201968,701.2021446708128,701.202673267439,6145338,-9999,286412.2,25.47,-1,-0.7538428564525775,0.4510122995849035,0.719752637322661,0.5585084346800065,20,1.0833333333333333,0.1388888888888889,N4 S2 P1 O5,de-protonated,0,-9999,C36 H39 O5 N4 P1 S2,36,39,5,4,1,2,-9999,N/A,-9999,-9999,N/A,-9999
3390,701.201968,701.2021446708128,701.201803887569,6145338,-9999,286412.2,25.47,-1,0.48599881221768654,0.4790240735095787,0.7253996187124169,0.577574291590714,21,1,0.2857142857142857,N4 P1 O10,de-protonated,0,-9999,C35 H35 O10 N4 P1,35,35,10,4,1,-9999,-9999,N/A,-9999,-9999,N/A,-9999
3390,701.201968,701.2021446708128,701.2015325614091,6145338,-9999,286412.2,25.47,-1,0.8729436193566334,0.4354320053025521,0.7871578612348809,0.5761223476754835,7,1.68,0.6,N4 S2 O15,de-protonated,0,-9999,C25 H42 O15 N4 S2,25,42,15,4,-9999,2,-9999,N/A,-9999,-9999,N/A,-9999
3391,701.204431,701.2046076727653,701.203976164799,6575421.5,-9999,153556.6,27.37,-1,0.9006052272723407,0.2877154054617875,0.5822303339178662,0.40552137684421896,38,0.5961538461538461,0.01923076923076923,P1 O1,de-protonated,0,-9999,C52 H31 O1 P1,52,31,1,-9999,1,-9999,-9999,N/A,-9999,-9999,N/A,-9999
3391,701.204431,701.2046076727653,701.204184605439,6575421.5,-9999,153556.6,27.37,-1,0.6033439839805655,0.23091927335296356,0.5644821543332277,0.3643444257450692,34,0.6530612244897959,0.04081632653061224,S1 O2 18O1,de-protonated,1,3382,C49 H32 O2 S1 18O1,49,32,2,-9999,-9999,1,-9999,N/A,-9999,1,N/A,-9999
3391,701.204431,701.2046076727653,701.2043175471691,6575421.5,-9999,153556.6,27.37,-1,0.41375329401978334,0.4196177301562854,0.6667527949662658,0.5184717560802776,21,0.9736842105263158,0.2631578947368421,P1 O10 18O1,de-protonated,1,3382,C38 H37 O10 P1 18O1,38,37,10,-9999,1,-9999,-9999,N/A,-9999,1,N/A,-9999
3391,701.204431,701.2046076727653,701.2040462210091,6575421.5,-9999,153556.6,27.37,-1,0.8006966862553984,0.2851892006503459,0.6724742694506319,0.4401032281704603,7,1.5714285714285714,0.5357142857142857,S2 O15 18O1,de-protonated,1,3382,C28 H44 O15 S2 18O1,28,44,15,-9999,-9999,2,-9999,N/A,-9999,1,N/A,-9999
3391,701.204431,701.2046076727653,701.2044147277392,6575421.5,-9999,153556.6,27.37,-1,0.2751623094152518,0.32437523520933603,0.7067178669676388,0.4773122879126571,8,1.6153846153846154,0.6923076923076923,13C2 34S1 O18,de-protonated,1,3373,C26 H42 O18 13C2 34S1,26,42,18,-9999,-9999,-9999,2,N/A,-9999,-9999,N/A,1
3391,701.204431,701.2046076727653,701.204903985089,6575421.5,-9999,153556.6,27.37,-1,-0.4225759432489665,0.3528631254536093,0.6540540789660456,0.47333950685858384,12,1.4827586206896552,0.3448275862068966,13C2 N2 S1 34S1 P1 O10,de-protonated,1,3373,C29 H43 O10 N2 P1 S1 13C2 34S1,29,43,10,2,1,1,2,N/A,-9999,-9999,N/A,1
3391,701.204431,701.2046076727653,701.204685933539,6575421.5,-9999,153556.6,27.37,-1,-0.111609028478965,0.4988711615909036,0.7612342259156645,0.603816387320808,12,1.3103448275862069,0.6206896551724138,N2 O18,de-protonated,0,-9999,C29 H38 O18 N2,29,38,18,2,-9999,-9999,-9999,N/A,-9999,-9999,N/A,-9999
3391,701.204431,701.2046076727653,701.2050422491591,6575421.5,-9999,153556.6,27.37,-1,-0.6197565157152467,0.4663395401454115,0.6825582999861977,0.552827044081726,29,0.7906976744186046,0.04651162790697674,N4 S2 O2,de-protonated,0,-9999,C43 H34 O2 N4 S2,43,34,2,4,-9999,2,-9999,N/A,-9999,-9999,N/A,-9999
3391,701.204431,701.2046076727653,701.2041728692891,6575421.5,-9999,153556.6,27.37,-1,0.6200811304600116,0.4663054857423158,0.6876346701883606,0.5548371595207336,30,0.7142857142857143,0.16666666666666666,N4 O7,de-protonated,0,-9999,C42 H30 O7 N4,42,30,7,4,-9999,-9999,-9999,N/A,-9999,-9999,N/A,-9999
3391,701.204431,701.2046076727653,701.205175190889,6575421.5,-9999,153556.6,27.37,-1,-0.8093467415754401,0.4439675886230652,0.7428850341668535,0.5635345668405805,16,1.21875,0.3125,N4 S1 P1 O10,de-protonated,0,-9999,C32 H39 O10 N4 P1 S1,32,39,10,4,1,1,-9999,N/A,-9999,-9999,N/A,-9999
3391,701.204431,701.2046076727653,701.204514251659,6575421.5,-9999,153556.6,27.37,-1,0.13322947067876278,0.42703684986124,0.8413759430259615,0.5927724871271286,13,1.2857142857142858,0.5714285714285714,N4 O16 18O1,de-protonated,1,3382,C28 H36 O16 N4 18O1,28,36,16,4,-9999,-9999,-9999,N/A,-9999,1,N/A,-9999
3391,701.204431,701.2046076727653,701.2040344848591,6575421.5,-9999,153556.6,27.37,-1,0.8174338395032145,0.44290904558284633,0.8149093904448103,0.5917091835276319,3,2,0.9523809523809524,N4 S1 O20,de-protonated,0,-9999,C21 H42 O20 N4 S1,21,42,20,4,-9999,1,-9999,N/A,-9999,-9999,N/A,-9999
3392,703.013235,703.0134131066197,703.013929006569,13185760,-9999,124170.6,56.56,-1,-0.7338402953222122,0.22672705310884125,0.6630562960512907,0.40125875028582103,24,0.6363636363636364,0.3636363636363637,S2 P1 O12,de-protonated,0,-9999,C33 H21 O12 P1 S2,33,21,12,-9999,1,2,-9999,N/A,-9999,-9999,N/A,-9999
3392,703.013235,703.0134131066197,703.013059626699,13185760,-9999,124170.6,56.56,-1,0.5028070472720043,0.31838777367425913,0.7121871152071657,0.4759075102874218,25,0.53125,0.53125,P1 O17,de-protonated,0,-9999,C32 H17 O17 P1,32,17,17,-9999,1,-9999,-9999,N/A,-9999,-9999,N/A,-9999
3393,705.010847,705.0110266901439,705.0108186846891,13695370,-9999,123165.4,58.79,-1,0.2950386708100636,0.2460823425584961,0.6023398467208416,0.3885853442234342,37,0.32558139534883723,0.16279069767441862,S2 O7,de-protonated,0,-9999,C43 H14 O7 S2,43,14,7,-9999,-9999,2,-9999,N/A,-9999,-9999,N/A,-9999
3393,705.010847,705.0110266901439,705.010951626419,13695370,-9999,123165.4,58.79,-1,0.10647171472726397,0.3326483902453434,0.7121871152071657,0.4844638802300723,24,0.59375,0.46875,S1 P1 O15,de-protonated,0,-9999,C32 H19 O15 P1 S1,32,19,15,-9999,1,1,-9999,N/A,-9999,-9999,N/A,-9999
3393,705.010847,705.0110266901439,705.0111483309091,13695370,-9999,123165.4,58.79,-1,-0.17253736410965576,0.4973064952729703,0.8077896627745539,0.6214997622736038,16,0.8181818181818182,0.9545454545454546,N4 S1 O21,de-protonated,0,-9999,C22 H18 O21 N4 S1,22,18,21,4,-9999,1,-9999,N/A,-9999,-9999,N/A,-9999
3394,706.009768,706.0099484819971,706.009571901939,3118305.8,-9999,186512,12.07,-1,0.5333922839672517,0.4748431872398896,0.7675537279851021,0.5919274035379747,19,0.7857142857142857,0.5357142857142857,N1 S2 P1 O15,de-protonated,0,-9999,C28 H22 O15 N1 P1 S2,28,22,15,1,1,2,-9999,N/A,-9999,-9999,N/A,-9999
3394,706.009768,706.0099484819971,706.010420055109,3118305.8,-9999,186512,12.07,-1,-0.6679407250931667,0.4611187990264007,0.7805128205128199,0.5888764076209684,20,0.6538461538461539,0.7307692307692307,N3 S1 O19,de-protonated,0,-9999,C26 H17 O19 N3 S1,26,17,19,3,-9999,1,-9999,N/A,-9999,-9999,N/A,-9999
3395,709.125058,709.1252409515141,709.125766905979,5947284.5,-9999,189657.1,24.55,-1,-0.7416941951330265,0.4525016053887465,0.7550179348240813,0.5735081371628805,16,1,0.6666666666666666,O20,de-protonated,0,-9999,C30 H30 O20,30,30,20,-9999,-9999,-9999,-9999,N/A,-9999,-9999,N/A,-9999
3395,709.125058,709.1252409515141,709.1252538417291,5947284.5,-9999,189657.1,24.55,-1,-0.01817762786698183,0.49997002320278217,0.6825582999861977,0.5730053339161484,34,0.5116279069767442,0.20930232558139536,N2 O9,de-protonated,0,-9999,C43 H22 O9 N2,43,22,9,2,-9999,-9999,-9999,N/A,-9999,-9999,N/A,-9999
3395,709.125058,709.1252409515141,709.1257430990789,5947284.5,-9999,189657.1,24.55,-1,-0.7081220357645495,0.4565156794817394,0.667769152885588,0.5410170688432788,38,0.5,0.0217391304347826,N4 S1 P1 O1,de-protonated,0,-9999,C46 H23 O1 N4 P1 S1,46,23,1,4,1,1,-9999,N/A,-9999,-9999,N/A,-9999
3395,709.125058,709.1252409515141,709.124602393049,5947284.5,-9999,189657.1,24.55,-1,0.9004883809268538,0.4315895885989893,0.7253996187124169,0.5491136006443603,25,0.7428571428571429,0.3142857142857143,N4 S1 O11,de-protonated,0,-9999,C35 H26 O11 N4 S1,35,26,11,4,-9999,1,-9999,N/A,-9999,-9999,N/A,-9999
3395,709.125058,709.1252409515141,709.1256047146491,5947284.5,-9999,189657.1,24.55,-1,-0.5129741931803417,0.4766875445275977,0.7871578612348809,0.600875671210511,11,1.4,0.56,N4 S2 P1 O14,de-protonated,0,-9999,C25 H35 O14 N4 P1 S2,25,35,14,4,1,2,-9999,N/A,-9999,-9999,N/A,-9999
3395,709.125058,709.1252409515141,709.1247353347791,5947284.5,-9999,189657.1,24.55,-1,0.7130152282752424,0.4559400223438883,0.7939170211058493,0.5911308218486727,12,1.2916666666666667,0.7916666666666666,N4 P1 O19,de-protonated,0,-9999,C24 H31 O19 N4 P1,24,31,19,4,1,-9999,-9999,N/A,-9999,-9999,N/A,-9999
3396,709.127698,709.1278809536069,709.127776991879,4422552,-9999,275197,17.81,-1,0.14660507066909706,0.49805385478950753,0.6876346701883606,0.5738861809490488,28,0.7380952380952381,0.11904761904761904,S2 P1 O5,de-protonated,0,-9999,C42 H31 O5 P1 S2,42,31,5,-9999,1,2,-9999,N/A,-9999,-9999,N/A,-9999
3396,709.127698,709.1278809536069,709.1282450225291,4422552,-9999,275197,17.81,-1,-0.5134034989249905,0.47664943406893623,0.6876346701883606,0.5610435285167059,34,0.5476190476190477,0.14285714285714285,N4 P1 O6,de-protonated,0,-9999,C42 H23 O6 N4 P1,42,23,6,4,1,-9999,-9999,N/A,-9999,-9999,N/A,-9999
3396,709.127698,709.1278809536069,709.1279736963689,4422552,-9999,275197,17.81,-1,-0.13078423849504478,0.4984506095084264,0.7428850341668535,0.5962243793717972,20,0.9375,0.34375,N4 S2 O11,de-protonated,0,-9999,C32 H30 O11 N4 S2,32,30,11,4,-9999,2,-9999,N/A,-9999,-9999,N/A,-9999
3396,709.127698,709.1278809536069,709.128106638099,4422552,-9999,275197,17.81,-1,-0.31825630653582077,0.49089472302995985,0.8149093904448101,0.6205005899959,7,1.6666666666666667,0.9047619047619048,N4 S1 P1 O19,de-protonated,0,-9999,C21 H35 O19 N4 P1 S1,21,35,19,4,1,1,-9999,N/A,-9999,-9999,N/A,-9999
3397,711.12251,711.1226945349115,711.122297688279,6419023,-9999,187979.7,26.62,-1,0.5580567980891595,0.31501961273444434,0.6240179704823443,0.43861895583360433,32,0.6444444444444445,0.06666666666666667,S2 P1 O3,de-protonated,0,-9999,C45 H29 O3 P1 S2,45,29,3,-9999,1,2,-9999,N/A,-9999,-9999,N/A,-9999
3397,711.12251,711.1226945349115,711.1231458414491,6419023,-9999,187979.7,26.62,-1,-0.6346390779284801,0.46476253562342135,0.6825582999861977,0.5518808413685319,33,0.5581395348837209,0.16279069767441862,N2 S1 O7,de-protonated,0,-9999,C43 H24 O7 N2 S1,43,24,7,2,-9999,1,-9999,N/A,-9999,-9999,N/A,-9999
3397,711.12251,711.1226945349115,711.123278783179,6419023,-9999,187979.7,26.62,-1,-0.8215850682042355,0.44236258234989767,0.7428850341668536,0.5625715630766801,20,0.90625,0.46875,N2 P1 O15,de-protonated,0,-9999,C32 H29 O15 N2 P1,32,29,15,2,1,-9999,-9999,N/A,-9999,-9999,N/A,-9999
3397,711.12251,711.1226945349115,711.1230074570191,6419023,-9999,187979.7,26.62,-1,-0.44003935226535895,0.4827376550797358,0.8077896627745539,0.612758458157663,6,1.6363636363636365,0.9090909090909092,N2 S2 O20,de-protonated,0,-9999,C22 H36 O20 N2 S2,22,36,20,2,-9999,2,-9999,N/A,-9999,-9999,N/A,-9999
3397,711.12251,711.1226945349115,711.122765718929,6419023,-9999,187979.7,26.62,-1,-0.10010088408676666,0.33272783402207085,0.6240179704823443,0.44924388860618025,38,0.4666666666666667,0.08888888888888889,N4 P1 O4,de-protonated,0,-9999,C45 H21 O4 N4 P1,45,21,4,4,1,-9999,-9999,N/A,-9999,-9999,N/A,-9999
3397,711.12251,711.1226945349115,711.1224943927691,6419023,-9999,187979.7,26.62,-1,0.281445382411265,0.4928649863669392,0.7253996187124169,0.5858788393051303,24,0.8,0.2571428571428571,N4 S2 O9,de-protonated,0,-9999,C35 H28 O9 N4 S2,35,28,9,4,-9999,2,-9999,N/A,-9999,-9999,N/A,-9999
3397,711.12251,711.1226945349115,711.122627334499,6419023,-9999,187979.7,26.62,-1,0.09449904961853409,0.49919048125932536,0.7939170211058493,0.617081097197935,11,1.375,0.7083333333333334,N4 S1 P1 O17,de-protonated,0,-9999,C24 H33 O17 N4 P1 S1,24,33,17,4,1,1,-9999,N/A,-9999,-9999,N/A,-9999
3398,711.190071,711.1902555884676,711.190556697629,3360428.5,-9999,307881.9,13.11,-1,-0.4233874571392101,0.4839986717299762,0.7033271719038788,0.5717300717995373,22,0.9230769230769232,0.28205128205128205,S1 O11,de-protonated,0,-9999,C39 H36 O11 S1,39,36,11,-9999,-9999,1,-9999,N/A,-9999,-9999,N/A,-9999
3398,711.190071,711.1902555884676,711.190689639359,3360428.5,-9999,307881.9,13.11,-1,-0.6103157672180727,0.4673232131806753,0.7675537279851021,0.5874154191024461,9,1.4642857142857142,0.6785714285714286,P1 O19,de-protonated,0,-9999,C28 H41 O19 P1,28,41,19,-9999,1,-9999,-9999,N/A,-9999,-9999,N/A,-9999
3398,711.190071,711.1902555884676,711.1901765751089,3360428.5,-9999,307881.9,13.11,-1,0.1111001828886382,0.4988814197844285,0.6927871148459346,0.5764436978090309,27,0.8048780487804879,0.1951219512195122,N2 P1 O8,de-protonated,0,-9999,C41 H33 O8 N2 P1,41,33,8,2,1,-9999,-9999,N/A,-9999,-9999,N/A,-9999
3398,711.190071,711.1902555884676,711.189905248949,3360428.5,-9999,307881.9,13.11,-1,0.4926103647123331,0.4784620312160092,0.7489023467070351,0.5866381574124195,13,1.2903225806451613,0.41935483870967744,N2 S2 O13,de-protonated,0,-9999,C31 H40 O13 N2 S2,31,40,13,2,-9999,2,-9999,N/A,-9999,-9999,N/A,-9999
3399,711.203924,711.2041085994491,711.203443857199,12257983,-9999,227895.3,52.41,-1,0.9346724286543576,0.28446981256892784,0.6834972837722824,0.4440808010502696,17,1.1388888888888888,0.3055555555555556,S1 P1 O11,de-protonated,0,-9999,C36 H41 O11 P1 S1,36,41,11,-9999,1,1,-9999,N/A,-9999,-9999,N/A,-9999
3399,711.203924,711.2041085994491,711.204292010369,12257983,-9999,227895.3,52.41,-1,-0.25788781365807495,0.32933502358309724,0.6976611809416156,0.47666548652650453,18,1.0588235294117647,0.4411764705882353,N2 O15,de-protonated,0,-9999,C34 H36 O15 N2,34,36,15,2,-9999,-9999,-9999,N/A,-9999,-9999,N/A,-9999
3399,711.203924,711.2041085994491,711.2037789461191,12257983,-9999,227895.3,52.41,-1,0.4635145928438433,0.32058886447330126,0.6116976458364167,0.4370323770185474,36,0.5957446808510638,0.0851063829787234,N4 O4,de-protonated,0,-9999,C47 H28 O4 N4,47,28,4,4,-9999,-9999,-9999,N/A,-9999,-9999,N/A,-9999
3399,711.203924,711.2041085994491,711.2047812677189,12257983,-9999,227895.3,52.41,-1,-0.9458151681330376,0.2833903014381684,0.6765485089574068,0.4406535844458638,22,1,0.1891891891891892,N4 S1 P1 O7,de-protonated,0,-9999,C37 H37 O7 N4 P1 S1,37,37,7,4,1,1,-9999,N/A,-9999,-9999,N/A,-9999
3399,711.203924,711.2041085994491,711.203640561689,12257983,-9999,227895.3,52.41,-1,0.6580924694919914,0.46221274282007285,0.7805128205128198,0.5895327738971716,9,1.5384615384615383,0.6538461538461539,N4 S1 O17,de-protonated,0,-9999,C26 H40 O17 N4 S1,26,40,17,4,-9999,1,-9999,N/A,-9999,-9999,N/A,-9999
3400,711.218139,711.2183236107173,711.217697676889,141163216,-9999,174521.9,621.74,-1,0.8800875321359257,0.14481455492297243,0.5798053326710542,0.31881086602220515,35,0.64,0.1,O5,de-protonated,0,-9999,C50 H32 O5,50,32,5,-9999,-9999,-9999,-9999,N/A,-9999,-9999,N/A,-9999
3400,711.218139,711.2183236107173,711.2186999984889,141163216,-9999,174521.9,621.74,-1,-0.5292152351359707,0.20677557045077272,0.6246363580729857,0.37391988549965793,21,1.025,0.2,S1 P1 O8,de-protonated,0,-9999,C40 H41 O8 P1 S1,40,41,8,-9999,1,1,-9999,N/A,-9999,-9999,N/A,-9999
3400,711.218139,711.2183236107173,711.2180485498089,141163216,-9999,174521.9,621.74,-1,0.38674624322892126,0.08847501927823291,0.6300880321617893,0.3051202244316555,12,1.40625,0.3125,N2 S2 P1 O10,de-protonated,0,-9999,C32 H45 O10 N2 P1 S2,32,45,10,2,1,2,-9999,N/A,-9999,-9999,N/A,-9999
3400,711.218139,711.2183236107173,711.218896702979,141163216,-9999,174521.9,621.74,-1,-0.8057888567522657,0.45673599861977,0.7497939848201248,0.573959193099912,13,1.3333333333333333,0.4666666666666667,N4 S1 O14,de-protonated,0,-9999,C30 H40 O14 N4 S1,30,40,14,4,-9999,1,-9999,N/A,-9999,-9999,N/A,-9999
3401,711.233165,711.2333496226286,711.232953818179,3411687.8,-9999,232358.9,13.34,-1,0.5565046549695357,0.4726777687863879,0.6312934720183802,0.5361240500791848,39,0.5925925925925926,0.03703703703703703,O2,de-protonated,0,-9999,C54 H32 O2,54,32,2,-9999,-9999,-9999,-9999,N/A,-9999,-9999,N/A,-9999
3401,711.233165,711.2333496226286,711.2339561397789,3411687.8,-9999,232358.9,13.34,-1,-0.8527674263992809,0.4381916557633666,0.677556331758097,0.5339375261612588,25,0.9318181818181818,0.11363636363636365,S1 P1 O5,de-protonated,0,-9999,C44 H41 O5 P1 S1,44,41,5,-9999,1,1,-9999,N/A,-9999,-9999,N/A,-9999
3401,711.233165,711.2333496226286,711.232815433749,3411687.8,-9999,232358.9,13.34,-1,0.7510745679385,0.45135335927446646,0.7369636471990462,0.5655974744442984,12,1.3333333333333333,0.4545454545454546,S1 O15,de-protonated,0,-9999,C33 H44 O15 S1,33,44,15,-9999,-9999,1,-9999,N/A,-9999,-9999,N/A,-9999
3401,711.233165,711.2333496226286,711.233304691099,3411687.8,-9999,232358.9,13.34,-1,0.06317410799605207,0.4996380531255998,0.719752637322661,0.5876838868044243,16,1.25,0.19444444444444445,N2 S2 P1 O7,de-protonated,0,-9999,C36 H45 O7 N2 P1 S2,36,45,7,2,1,2,-9999,N/A,-9999,-9999,N/A,-9999
3402,712.220106,712.2202914049852,712.219689255729,18159670,-9999,199552.2,78.47,-1,0.8454543805904684,0.17567208359742165,0.587610072567438,0.3404472791854282,25,0.9069767441860463,0.11627906976744186,N1 S2 O5,de-protonated,0,-9999,C43 H39 O5 N1 S2,43,39,5,1,-9999,2,-9999,N/A,-9999,-9999,N/A,-9999
3402,712.220106,712.2202914049852,712.219822197459,18159670,-9999,199552.2,78.47,-1,0.6587959384960586,0.23106752747777928,0.690194511135944,0.4147183209410452,12,1.375,0.40625,N1 S1 P1 O13,de-protonated,0,-9999,C32 H44 O13 N1 P1 S1,32,44,13,1,1,1,-9999,N/A,-9999,-9999,N/A,-9999
3402,712.220106,712.2202914049852,712.2206703506291,18159670,-9999,199552.2,78.47,-1,-0.5320621257755928,0.31664354026887215,0.727083347479311,0.4808194631530477,13,1.3,0.5666666666666667,N3 O17,de-protonated,0,-9999,C30 H39 O17 N3,30,39,17,3,-9999,-9999,-9999,N/A,-9999,-9999,N/A,-9999
3403,712.22251000000006,712.2226954068909,712.2221911791789,25649210,-9999,164821.6,111.55,-1,0.7079640570462057,0.4659434838207552,0.6726220606039128,0.5486149145340182,21,1,0.2564102564102564,N1 S1 O10,de-protonated,0,-9999,C39 H39 O10 N1 S1,39,39,10,1,-9999,1,-9999,N/A,-9999,-9999,N/A,-9999
3403,712.22251000000006,712.2226954068909,712.2231935007791,25649210,-9999,164821.6,111.55,-1,-0.6993508393151294,0.4463050782998113,0.7510397405486169,0.5681989431993335,7,1.6551724137931034,0.4482758620689655,N1 S2 P1 O13,de-protonated,0,-9999,C29 H48 O13 N1 P1 S2,29,48,13,1,1,2,-9999,N/A,-9999,-9999,N/A,-9999
3403,712.22251000000006,712.2226954068909,712.2223241209091,25649210,-9999,164821.6,111.55,-1,0.5213062961571323,0.23797137104455232,0.7225179237854285,0.43178999214090275,8,1.5714285714285714,0.6428571428571429,N1 P1 O18,de-protonated,0,-9999,C28 H44 O18 N1 P1,28,44,18,1,1,-9999,-9999,N/A,-9999,-9999,N/A,-9999
3403,712.22251000000006,712.2226954068909,712.222680436529,25649210,-9999,164821.6,111.55,-1,0.02101921537804153,0.39908915537171175,0.6465344965243591,0.49806729183277065,25,0.9523809523809524,0.04761904761904761,N3 S2 P1 O2,de-protonated,0,-9999,C42 H40 O2 N3 P1 S2,42,40,2,3,1,2,-9999,N/A,-9999,-9999,N/A,-9999
3403,712.22251000000006,712.2226954068909,712.222251538049,25649210,-9999,164821.6,111.55,-1,0.6232167570447039,0.461044997957632,0.7497939848201248,0.5765445927026291,13,1.3793103448275863,0.4827586206896552,13C1 N4 S1 O14,de-protonated,1,3400,C29 H40 O14 N4 S1 13C1,29,40,14,4,-9999,1,1,N/A,-9999,-9999,N/A,-9999
3403,712.22251000000006,712.2226954068909,712.223113839909,25649210,-9999,164821.6,111.55,-1,-0.5875027221036047,0.4617790627418326,0.7497939848201248,0.5769850315731495,13,1.3333333333333333,0.43333333333333335,N4 S1 O13 17O1,de-protonated,1,3400,C30 H40 O13 N4 S1 17O1,30,40,13,4,-9999,1,-9999,N/A,1,-9999,N/A,-9999
3404,713.200803,713.200989182392,713.2003335353189,3826045.5,-9999,175026.5,15.16,-1,0.9193028133920248,0.42891664902959825,0.667769152885588,0.5244576505719942,30,0.7391304347826086,0.13043478260869565,S1 O6,de-protonated,0,-9999,C46 H34 O6 S1,46,34,6,-9999,-9999,1,-9999,N/A,-9999,-9999,N/A,-9999
3404,713.200803,713.200989182392,713.2013358569191,3826045.5,-9999,175026.5,15.16,-1,-0.48608227379767743,0.4790170217569972,0.719752637322661,0.5753112679832628,16,1.1944444444444444,0.25,S2 P1 O9,de-protonated,0,-9999,C36 H43 O9 P1 S2,36,43,9,-9999,1,2,-9999,N/A,-9999,-9999,N/A,-9999
3404,713.200803,713.200989182392,713.2004664770491,3826045.5,-9999,175026.5,15.16,-1,0.7329010110656117,0.4535674746174945,0.7253996187124169,0.5623003322554634,17,1.1142857142857143,0.4,P1 O14,de-protonated,0,-9999,C35 H39 O14 P1,35,39,14,-9999,1,-9999,-9999,N/A,-9999,-9999,N/A,-9999
3404,713.200803,713.200989182392,713.201670945839,3826045.5,-9999,175026.5,15.16,-1,-0.9559195873744624,0.42360588574772257,0.6629808336683964,0.5193558649159922,35,0.6382978723404256,0.0425531914893617,N4 S1 O2,de-protonated,0,-9999,C47 H30 O2 N4 S1,47,30,2,4,-9999,1,-9999,N/A,-9999,-9999,N/A,-9999
3404,713.200803,713.200989182392,713.2015325614091,3826045.5,-9999,175026.5,15.16,-1,-0.7618870574573536,0.4500155946067532,0.7805128205128198,0.5822144849691798,8,1.6153846153846154,0.5769230769230769,N4 S2 O15,de-protonated,0,-9999,C26 H42 O15 N4 S2,26,42,15,4,-9999,2,-9999,N/A,-9999,-9999,N/A,-9999
3404,713.200803,713.200989182392,713.200663181539,3826045.5,-9999,175026.5,15.16,-1,0.45709555516185296,0.4813992044723436,0.7871578612348809,0.6037026671773584,9,1.52,0.8,N4 O20,de-protonated,0,-9999,C25 H38 O20 N4,25,38,20,4,-9999,-9999,-9999,N/A,-9999,-9999,N/A,-9999
3405,713.2152,713.2153861938048,713.2155896766089,34903440,-9999,134250.3,152.41,-1,-0.2853033600593907,0.16422316224871716,0.5624858666725616,0.323528244018255,34,0.68,0.06,S1 O3,de-protonated,0,-9999,C50 H34 O3 S1,50,34,3,-9999,-9999,1,-9999,N/A,-9999,-9999,N/A,-9999
3405,713.2152,713.2153861938048,713.2157226183391,34903440,-9999,134250.3,152.41,-1,-0.47170095059606554,0.44870304078916246,0.8519665897066887,0.610008460356173,21,1,0.28205128205128205,P1 O11,de-protonated,0,-9999,C39 H39 O11 P1,39,39,11,-9999,1,-9999,-9999,N/A,-9999,-9999,N/A,-9999
3405,713.2152,713.2153861938048,713.215451292179,34903440,-9999,134250.3,152.41,-1,-0.09127448665826952,0.3218860565517934,0.8604010622445464,0.5372920588288946,7,1.5862068965517242,0.5517241379310345,S2 O16,de-protonated,0,-9999,C29 H46 O16 S2,29,46,16,-9999,-9999,2,-9999,N/A,-9999,-9999,N/A,-9999
3405,713.2152,713.2153861938048,713.214938227929,34903440,-9999,134250.3,152.41,-1,0.6280937929841927,0.3858264634637348,0.7922739277443596,0.5484054491759847,25,0.9047619047619048,0.11904761904761904,N2 S2 O5,de-protonated,0,-9999,C42 H38 O5 N2 S2,42,38,5,2,-9999,2,-9999,N/A,-9999,-9999,N/A,-9999
3405,713.2152,713.2153861938048,713.215071169659,34903440,-9999,134250.3,152.41,-1,0.44169586209664047,0.392770473954574,0.8832388360172656,0.5889578187796507,12,1.3870967741935485,0.41935483870967744,N2 S1 P1 O13,de-protonated,0,-9999,C31 H43 O13 N2 P1 S1,31,43,13,2,1,1,-9999,N/A,-9999,-9999,N/A,-9999
3405,713.2152,713.2153861938048,713.2146925325791,34903440,-9999,134250.3,152.41,-1,0.97258403808132,0.4520784288968315,0.7497939848201248,0.5711646512661488,13,1.3333333333333333,0.4666666666666667,N4 34S1 O14,de-protonated,1,3400,C30 H40 O14 N4 34S1,30,40,14,4,-9999,-9999,-9999,N/A,-9999,-9999,N/A,1
3405,713.2152,713.2153861938048,713.2159193228291,34903440,-9999,134250.3,152.41,-1,-0.7475001747769882,0.22589612798213063,0.716288824400476,0.4220532065494688,13,1.3103448275862069,0.5862068965517241,N4 O17,de-protonated,0,-9999,C29 H38 O17 N4,29,38,17,4,-9999,-9999,-9999,N/A,-9999,-9999,N/A,-9999
3406,713.379415,713.3796013239794,713.378889778749,7213684,-9999,144918.5,30.12,-1,0.997429613607627,0.2782794686539751,0.5709562512810148,0.39535018170479097,30,0.925925925925926,0.01851851851851851,O1,de-protonated,0,-9999,C54 H50 O1,54,50,1,-9999,-9999,-9999,-9999,N/A,-9999,-9999,N/A,-9999
3406,713.379415,713.3796013239794,713.3798921003489,7213684,-9999,144918.5,30.12,-1,-0.4076038205516026,0.3234346055689653,0.630296418407634,0.4461793307044328,16,1.3409090909090908,0.09090909090909093,S1 P1 O4,de-protonated,0,-9999,C44 H59 O4 P1 S1,44,59,4,-9999,1,1,-9999,N/A,-9999,-9999,N/A,-9999
3406,713.379415,713.3796013239794,713.379240651669,7213684,-9999,144918.5,30.12,-1,0.5055828511238678,0.4773391623515353,0.719752637322661,0.5743045523399856,7,1.75,0.16666666666666666,N2 S2 P1 O6,de-protonated,0,-9999,C36 H63 O6 N2 P1 S2,36,63,6,2,1,2,-9999,N/A,-9999,-9999,N/A,-9999
3406,713.379415,713.3796013239794,713.3800888048389,7213684,-9999,144918.5,30.12,-1,-0.6833395929929974,0.4593810730481482,0.7311359101322861,0.5680830078818033,8,1.7058823529411764,0.29411764705882354,N4 S1 O10,de-protonated,0,-9999,C34 H58 O10 N4 S1,34,58,10,4,-9999,1,-9999,N/A,-9999,-9999,N/A,-9999
3407,714.218177,714.2183639888732,714.217850663159,8662776,-9999,123121.5,36.51,-1,0.7187242852397593,0.2023396891434539,0.6246363580729857,0.37125835671526664,21,1.051282051282051,0.20512820512820512,13C1 34S1 P1 O8,de-protonated,1,3400,C39 H41 O8 P1 13C1 34S1,39,41,8,-9999,1,-9999,1,N/A,-9999,-9999,N/A,1
3407,714.218177,714.2183639888732,714.219077453409,8662776,-9999,123121.5,36.51,-1,-0.9989435431357454,0.4171903510638019,0.8519665897066887,0.5911008465209566,21,1.0263157894736843,0.2894736842105263,13C1 P1 O11,de-protonated,1,3405,C38 H39 O11 P1 13C1,38,39,11,-9999,1,-9999,1,N/A,-9999,-9999,N/A,-9999
3407,714.218177,714.2183639888732,714.2188061272491,8662776,-9999,123121.5,36.51,-1,-0.6190517136976101,0.31094228404423074,0.8604010622445464,0.530725795324357,7,1.6428571428571428,0.5714285714285714,13C1 S2 O16,de-protonated,1,3405,C28 H46 O16 S2 13C1,28,46,16,-9999,-9999,2,1,N/A,-9999,-9999,N/A,-9999
3407,714.218177,714.2183639888732,714.217987008779,8662776,-9999,123121.5,36.51,-1,0.5278221790059038,0.4753527568299819,0.6726220606039128,0.5542604783395543,21,1,0.2564102564102564,N1 34S1 O10,de-protonated,1,3403,C39 H39 O10 N1 34S1,39,39,10,1,-9999,-9999,-9999,N/A,-9999,-9999,N/A,1
3407,714.218177,714.2183639888732,714.2177141971789,8662776,-9999,123121.5,36.51,-1,0.9097949845960526,0.2868481636199648,0.6965794561956503,0.450740680650239,11,1.4375,0.34375,N1 S2 P1 O11,de-protonated,0,-9999,C32 H46 O11 N1 P1 S2,32,46,11,1,1,2,-9999,N/A,-9999,-9999,N/A,-9999
3407,714.218177,714.2183639888732,714.218989330379,8662776,-9999,123121.5,36.51,-1,-0.8755598985465842,0.4350707247849961,0.7510397405486169,0.5614583310904444,7,1.6551724137931034,0.4482758620689655,N1 S1 34S1 P1 O13,de-protonated,1,3403,C29 H48 O13 N1 P1 S1 34S1,29,48,13,1,1,1,-9999,N/A,-9999,-9999,N/A,1
3407,714.218177,714.2183639888732,714.2182930629991,8662776,-9999,123121.5,36.51,-1,0.09930559712451292,0.39928489012698026,0.7922739277443596,0.556480505173932,25,0.926829268292683,0.12195121951219512,13C1 N2 S2 O5,de-protonated,1,3405,C41 H38 O5 N2 S2 13C1,41,38,5,2,-9999,2,1,N/A,-9999,-9999,N/A,-9999
3407,714.218177,714.2183639888732,714.218426004729,8662776,-9999,123121.5,36.51,-1,-0.08683037793818875,0.39945316013036,0.8832388360172656,0.5929674304851222,12,1.4333333333333331,0.43333333333333335,13C1 N2 S1 P1 O13,de-protonated,1,3405,C30 H43 O13 N2 P1 S1 13C1,30,43,13,2,1,1,1,N/A,-9999,-9999,N/A,-9999
3407,714.218177,714.2183639888732,714.2187007347791,8662776,-9999,123121.5,36.51,-1,-0.4714885028033817,0.3201554604777052,0.5879753344784842,0.4272834100780168,39,0.5686274509803921,0.0392156862745098,N3 O2,de-protonated,0,-9999,C51 H29 O2 N3,51,29,2,3,-9999,-9999,-9999,N/A,-9999,-9999,N/A,-9999
3407,714.218177,714.2183639888732,714.218476266129,8662776,-9999,123121.5,36.51,-1,-0.15720295609465762,0.39821037560819,0.6465344965243591,0.4975400239746576,25,0.9523809523809524,0.04761904761904761,N3 S1 34S1 P1 O2,de-protonated,1,3403,C42 H40 O2 N3 P1 S1 34S1,42,40,2,3,1,1,-9999,N/A,-9999,-9999,N/A,1
3407,714.218177,714.2183639888732,714.2185623503491,8662776,-9999,123121.5,36.51,-1,-0.2777321766082547,0.4930507079435888,0.7550179348240813,0.5978375986957858,12,1.3666666666666667,0.5,N3 S1 O15,de-protonated,0,-9999,C30 H41 O15 N3 S1,30,41,15,3,-9999,1,-9999,N/A,-9999,-9999,N/A,-9999
3407,714.218177,714.2183639888732,714.2180473676491,8662776,-9999,123121.5,36.51,-1,0.4433117102938052,0.4643467534292037,0.7497939848201248,0.5785256459855721,13,1.3793103448275863,0.4827586206896552,13C1 N4 34S1 O14,de-protonated,1,3400,C29 H40 O14 N4 13C1 34S1,29,40,14,4,-9999,-9999,1,N/A,-9999,-9999,N/A,1
3408,715.195023,715.1952107632274,715.194854231719,6903868,-9999,222239.2,26.66,-1,0.4985096107218671,0.318636465025736,0.5996860735531828,0.4310563084367147,34,0.6530612244897959,0.08163265306122448,S1 O4,de-protonated,0,-9999,C49 H32 O4 S1,49,32,4,-9999,-9999,1,-9999,N/A,-9999,-9999,N/A,-9999
3408,715.195023,715.1952107632274,715.195856553319,6903868,-9999,222239.2,26.66,-1,-0.9029555830555251,0.431241285876066,0.7033271719038788,0.5400756402871911,20,1.051282051282051,0.1794871794871795,S2 P1 O7,de-protonated,0,-9999,C39 H41 O7 P1 S2,39,41,7,-9999,1,2,-9999,N/A,-9999,-9999,N/A,-9999
3408,715.195023,715.1952107632274,715.194987173449,6903868,-9999,222239.2,26.66,-1,0.31262772018722845,0.4912111190244176,0.7087183895694522,0.5782140272424314,21,0.9736842105263158,0.3157894736842105,P1 O12,de-protonated,0,-9999,C38 H37 O12 P1,38,37,12,-9999,1,-9999,-9999,N/A,-9999,-9999,N/A,-9999
3408,715.195023,715.1952107632274,715.194715847289,6903868,-9999,222239.2,26.66,-1,0.6920016708667204,0.45838912216087935,0.7675537279851021,0.5820549644905685,7,1.5714285714285714,0.6071428571428571,S2 O17,de-protonated,0,-9999,C28 H44 O17 S2,28,44,17,-9999,-9999,2,-9999,N/A,-9999,-9999,N/A,-9999
3408,715.195023,715.1952107632274,715.195183877939,6903868,-9999,222239.2,26.66,-1,0.0375915399418338,0.4998718116996743,0.7675537279851021,0.6069445782138454,13,1.2857142857142858,0.6428571428571429,N4 O18,de-protonated,0,-9999,C28 H36 O18 N4,28,36,18,4,-9999,-9999,-9999,N/A,-9999,-9999,N/A,-9999
3409,715.209043,715.2092307743411,715.209102608709,22122574,-9999,262706.9,89.03,-1,0.1792002249546175,0.7062024943340873,0.4925028777643856,0.6207226477062067,12,1.2903225806451613,0.6129032258064516,O19,de-protonated,0,-9999,C31 H40 O19,31,40,19,-9999,-9999,-9999,-9999,N/A,-9999,-9999,N/A,-9999
3409,715.209043,715.2092307743411,715.209458924329,22122574,-9999,262706.9,89.03,-1,-0.3189974420786138,0.36416397783944426,0.7859127473721451,0.5328634856525246,29,0.8,0.06666666666666667,N2 S2 O3,de-protonated,0,-9999,C45 H36 O3 N2 S2,45,36,3,2,-9999,2,-9999,N/A,-9999,-9999,N/A,-9999
3409,715.209043,715.2092307743411,715.208589544459,22122574,-9999,262706.9,89.03,-1,0.8965634522890522,0.6182261951268956,0.8400239972600183,0.7069453159801447,30,0.7272727272727273,0.18181818181818185,N2 O8,de-protonated,0,-9999,C44 H32 O8 N2,44,32,8,2,-9999,-9999,-9999,N/A,-9999,-9999,N/A,-9999
3409,715.209043,715.2092307743411,715.209591866059,22122574,-9999,262706.9,89.03,-1,-0.5048753847602121,0.23870054133818225,0.676543259376172,0.41383762855337813,16,1.2058823529411764,0.3235294117647059,N2 S1 P1 O11,de-protonated,0,-9999,C34 H41 O11 N2 P1 S1,34,41,11,2,1,1,-9999,N/A,-9999,-9999,N/A,-9999
3409,715.209043,715.2092307743411,715.208940417379,22122574,-9999,262706.9,89.03,-1,0.405975017452979,0.48960382155368265,0.909490563468049,0.6575585183194292,7,1.7307692307692308,0.5,N4 S2 P1 O13,de-protonated,0,-9999,C26 H45 O13 N4 P1 S2,26,45,13,4,1,2,-9999,N/A,-9999,-9999,N/A,-9999
3410,715.2234,715.2235877857221,715.2229975325789,271585376,-9999,223026.6,1111.36,-1,0.8252714820541995,0.08837511110290235,0.5556942276850991,0.27530275773578106,33,0.74,0.02,S1 P1 O1,de-protonated,0,-9999,C50 H37 O1 P1 S1,50,37,1,-9999,1,1,-9999,N/A,-9999,-9999,N/A,-9999
3410,715.2234,715.2235877857221,715.223845685749,271585376,-9999,223026.6,1111.36,-1,-0.3605864491946771,0.1220854622380042,0.5883388408270285,0.3085868136736139,34,0.6666666666666666,0.10416666666666669,N2 O5,de-protonated,0,-9999,C48 H32 O5 N2,48,32,5,2,-9999,-9999,-9999,N/A,-9999,-9999,N/A,-9999
3410,715.2234,715.2235877857221,715.223707301319,271585376,-9999,223026.6,1111.36,-1,-0.1671023984343379,0.18117536447877375,0.8804437065587633,0.4608827013107696,7,1.6296296296296295,0.6666666666666666,N2 S1 O18,de-protonated,0,-9999,C27 H44 O18 N2 S1,27,44,18,2,-9999,1,-9999,N/A,-9999,-9999,N/A,-9999
3410,715.2234,715.2235877857221,715.223194237069,271585376,-9999,223026.6,1111.36,-1,0.5502459319299015,0.1446984374866361,0.8009415826780448,0.4071956955631996,25,0.9,0.175,N4 S1 O7,de-protonated,0,-9999,C40 H36 O7 N4 S1,40,36,7,4,-9999,1,-9999,N/A,-9999,-9999,N/A,-9999
3410,715.2234,715.2235877857221,715.224196558669,271585376,-9999,223026.6,1111.36,-1,-0.8511638026103245,0.26500707718972377,0.838470652253492,0.4943925072152311,11,1.5,0.3333333333333333,N4 S2 P1 O10,de-protonated,0,-9999,C30 H45 O10 N4 P1 S2,30,45,10,4,1,2,-9999,N/A,-9999,-9999,N/A,-9999
3410,715.2234,715.2235877857221,715.223327178799,271585376,-9999,223026.6,1111.36,-1,0.3643713973208082,0.3155252447812404,0.8390025033484981,0.5249161482081435,12,1.4137931034482758,0.5172413793103449,N4 P1 O15,de-protonated,0,-9999,C29 H41 O15 N4 P1,29,41,15,4,1,-9999,-9999,N/A,-9999,-9999,N/A,-9999
3411,716.211921,716.2121095693311,716.212457443779,5871031,-9999,216596.5,22.43,-1,-0.4857140424042199,0.6971790241736419,0.4925028777643856,0.6153085656099394,12,1.3333333333333333,0.6333333333333333,13C1 O19,de-protonated,1,3409,C30 H40 O19 13C1,30,40,19,-9999,-9999,-9999,1,N/A,-9999,-9999,N/A,-9999
3411,716.211921,716.2121095693311,716.212234893579,5871031,-9999,216596.5,22.43,-1,-0.1749819979905386,0.49722984083219907,0.7253996187124169,0.5884977519842862,15,1.2571428571428571,0.2571428571428571,N1 S2 P1 O9,de-protonated,0,-9999,C35 H44 O9 N1 P1 S2,35,44,9,1,1,2,-9999,N/A,-9999,-9999,N/A,-9999
3411,716.211921,716.2121095693311,716.2128137593991,5871031,-9999,216596.5,22.43,-1,-0.9832134449722392,0.33564583024134864,0.7859127473721451,0.5157525970936673,29,0.8181818181818182,0.06818181818181818,13C1 N2 S2 O3,de-protonated,1,3409,C44 H36 O3 N2 S2 13C1,44,36,3,2,-9999,2,1,N/A,-9999,-9999,N/A,-9999
3411,716.211921,716.2121095693311,716.211944379529,5871031,-9999,216596.5,22.43,-1,0.2306437409243749,0.6602626625698066,0.8400239972600183,0.7321671964458913,30,0.7441860465116279,0.18604651162790695,13C1 N2 O8,de-protonated,1,3409,C43 H32 O8 N2 13C1,43,32,8,2,-9999,-9999,1,N/A,-9999,-9999,N/A,-9999
3411,716.211921,716.2121095693311,716.212295252449,5871031,-9999,216596.5,22.43,-1,-0.25925709341310277,0.49393906668311177,0.909490563468049,0.6601596653970867,7,1.8,0.52,13C1 N4 S2 P1 O13,de-protonated,1,3409,C25 H45 O13 N4 P1 S2 13C1,25,45,13,4,1,2,1,N/A,-9999,-9999,N/A,-9999
3412,716.221452,716.2216405768864,716.2216178080989,4015556.3,-9999,317438,14.82,-1,0.03179014281418325,0.49990832118907863,0.6677691528855879,0.5670526538676823,28,0.8695652173913043,0.0217391304347826,N1 S2 P1 O1,de-protonated,0,-9999,C46 H40 O1 N1 P1 S2,46,40,1,1,1,2,-9999,N/A,-9999,-9999,N/A,-9999
3412,716.221452,716.2216405768864,716.2223275768391,4015556.3,-9999,317438,14.82,-1,-0.959199296399156,0.423123383421497,0.8007932653391621,0.5741913361885631,2,2.0434782608695654,0.782608695652174,N3 S2 O18,de-protonated,0,-9999,C23 H47 O18 N3 S2,23,47,18,3,-9999,2,-9999,N/A,-9999,-9999,N/A,-9999
3412,716.221452,716.2216405768864,716.221231453119,4015556.3,-9999,317438,14.82,-1,0.5712254111905056,0.2696995240076136,0.838470652253492,0.497207975305965,11,1.5,0.3333333333333333,N3 15N1 S2 P1 O10,de-protonated,1,3410,C30 H45 O10 N3 P1 S2 15N1,30,45,10,3,1,2,-9999,TRUE,-9999,-9999,N/A,-9999
3413,716.226798,716.2269865811243,716.226488713269,66876876,-9999,141504.3,272.43,-1,0.6951262807886832,0.1526762559561394,0.5684069575699983,0.31896853660168295,33,0.7142857142857143,0.06122448979591836,N1 S1 O3,de-protonated,0,-9999,C49 H35 O3 N1 S1,49,35,3,1,-9999,1,-9999,N/A,-9999,-9999,N/A,-9999
3413,716.226798,716.2269865811243,716.2274910348691,66876876,-9999,141504.3,272.43,-1,-0.7043205561818765,0.2383184109024306,0.6193985487790841,0.390750466053092,19,1.1282051282051282,0.15384615384615383,N1 S2 P1 O6,de-protonated,0,-9999,C39 H44 O6 N1 P1 S2,39,44,6,1,1,2,-9999,N/A,-9999,-9999,N/A,-9999
3413,716.226798,716.2269865811243,716.2266216549989,66876876,-9999,141504.3,272.43,-1,0.5095120934322018,0.2384969142200866,0.6597004367646443,0.40697832323790967,20,1.0526315789473684,0.2894736842105263,N1 P1 O11,de-protonated,0,-9999,C38 H40 O11 N1 P1,38,40,11,1,1,-9999,-9999,N/A,-9999,-9999,N/A,-9999
3413,716.226798,716.2269865811243,716.226350328839,66876876,-9999,141504.3,272.43,-1,0.8883396778092685,0.1237985161041999,0.6612391890544214,0.3387747852842885,6,1.6785714285714286,0.5714285714285714,N1 S2 O16,de-protonated,0,-9999,C28 H47 O16 N1 S2,28,47,16,1,-9999,2,-9999,N/A,-9999,-9999,N/A,-9999
3413,716.226798,716.2269865811243,716.2270621363891,66876876,-9999,141504.3,272.43,-1,-0.10549065910978152,0.18145142283672616,0.8804437065587633,0.46104833632554104,7,1.6923076923076923,0.6923076923076923,13C1 N2 S1 O18,de-protonated,1,3410,C26 H44 O18 N2 S1 13C1,26,44,18,2,-9999,1,1,N/A,-9999,-9999,N/A,-9999
3413,716.226798,716.2269865811243,716.226549072139,66876876,-9999,141504.3,272.43,-1,0.6108527892207423,0.14377464870282483,0.8009415826780448,0.4066414222929128,25,0.9230769230769232,0.1794871794871795,13C1 N4 S1 O7,de-protonated,1,3410,C39 H36 O7 N4 S1 13C1,39,36,7,4,-9999,1,1,N/A,-9999,-9999,N/A,-9999
3413,716.226798,716.2269865811243,716.227551393739,66876876,-9999,141504.3,272.43,-1,-0.7885938115601542,0.26618395065816863,0.838470652253492,0.49509863129629805,11,1.5517241379310345,0.3448275862068966,13C1 N4 S2 P1 O10,de-protonated,1,3410,C29 H45 O10 N4 P1 S2 13C1,29,45,10,4,1,2,1,N/A,-9999,-9999,N/A,-9999
3413,716.226798,716.2269865811243,716.2266820138691,66876876,-9999,141504.3,272.43,-1,0.42523863299021586,0.31458345717496905,0.8390025033484981,0.5243510756443808,12,1.4642857142857142,0.5357142857142857,13C1 N4 P1 O15,de-protonated,1,3410,C28 H41 O15 N4 P1 13C1,28,41,15,4,1,-9999,1,N/A,-9999,-9999,N/A,-9999
3413,716.226798,716.2269865811243,716.227544315729,66876876,-9999,141504.3,272.43,-1,-0.7787114711891449,0.30659309530059947,0.8390025033484981,0.519556858519759,12,1.4137931034482758,0.4827586206896552,N4 P1 O14 17O1,de-protonated,1,3410,C29 H41 O14 N4 P1 17O1,29,41,14,4,1,-9999,-9999,N/A,1,-9999,N/A,-9999
3414,717.193163,717.19335234717,717.1927462314391,5829378,-9999,245172.3,22.25,-1,0.8451225060119087,0.2928166142368342,0.5996860735531828,0.4155643979633736,33,0.6938775510204082,0.04081632653061224,S2 O2,de-protonated,0,-9999,C49 H34 O2 S2,49,34,2,-9999,-9999,2,-9999,N/A,-9999,-9999,N/A,-9999
3414,717.193163,717.19335234717,717.192879173169,5829378,-9999,245172.3,22.25,-1,0.6597583645893207,0.46202865580735186,0.7087183895694522,0.560704549312192,20,1.0263157894736843,0.2631578947368421,S1 P1 O10,de-protonated,0,-9999,C38 H39 O10 P1 S1,38,39,10,-9999,1,1,-9999,N/A,-9999,-9999,N/A,-9999
3414,717.193163,717.19335234717,717.1937273263391,5829378,-9999,245172.3,22.25,-1,-0.5228422317741832,0.4758042641342638,0.719752637322661,0.5733836134096226,21,0.9444444444444444,0.3888888888888889,N2 O14,de-protonated,0,-9999,C36 H34 O14 N2,36,34,14,2,-9999,-9999,-9999,N/A,-9999,-9999,N/A,-9999
3414,717.193163,717.19335234717,717.193214262089,5829378,-9999,245172.3,22.25,-1,0.1925353981549016,0.3310987632829151,0.5996860735531828,0.43853368739102216,39,0.5306122448979592,0.06122448979591836,N4 O3,de-protonated,0,-9999,C49 H26 O3 N4,49,26,3,4,-9999,-9999,-9999,N/A,-9999,-9999,N/A,-9999
3414,717.193163,717.19335234717,717.193075877659,5829378,-9999,245172.3,22.25,-1,0.38548826020336896,0.486698388677405,0.7675537279851021,0.5990405244004839,12,1.3571428571428572,0.5714285714285714,N4 S1 O16,de-protonated,0,-9999,C28 H38 O16 N4 S1,28,38,16,4,-9999,1,-9999,N/A,-9999,-9999,N/A,-9999
3415,717.207045,717.2072343581744,717.2071329928591,23444246,-9999,257463.9,94.44,-1,0.14133338987023364,0.6631483709942602,0.8049479341947062,0.7198681962744387,38,0.5769230769230769,0.07692307692307693,O4,de-protonated,0,-9999,C52 H30 O4,52,30,4,-9999,-9999,-9999,-9999,N/A,-9999,-9999,N/A,-9999
3415,717.207045,717.2072343581744,717.206994608429,23444246,-9999,257463.9,94.44,-1,0.33428249758998935,0.39598527695183067,0.9032861450523788,0.5989056241920498,11,1.3548387096774193,0.5483870967741935,S1 O17,de-protonated,0,-9999,C31 H42 O17 S1,31,42,17,-9999,-9999,1,-9999,N/A,-9999,-9999,N/A,-9999
3415,717.207045,717.2072343581744,717.2074838657791,23444246,-9999,257463.9,94.44,-1,-0.3478876200186256,0.3793597026172629,0.8654945277770616,0.5738136326811824,15,1.2647058823529411,0.2647058823529412,N2 S2 P1 O9,de-protonated,0,-9999,C34 H43 O9 N2 P1 S2,34,43,9,2,1,2,-9999,N/A,-9999,-9999,N/A,-9999
3415,717.207045,717.2072343581744,717.2066144859091,23444246,-9999,257463.9,94.44,-1,0.8642868775061099,0.608088942790014,0.9275959763832524,0.7358917562273094,16,1.181818181818182,0.42424242424242425,N2 P1 O14,de-protonated,0,-9999,C33 H39 O14 N2 P1,33,39,14,2,1,-9999,-9999,N/A,-9999,-9999,N/A,-9999
3416,717.21378,717.2139693635133,717.213875599499,32185118,-9999,203176.7,130.26,-1,0.13073368697851454,0.3901396982496633,0.8544578298240413,0.5758669508794145,28,0.8260869565217391,0.08695652173913043,S2 O4,de-protonated,0,-9999,C46 H38 O4 S2,46,38,4,-9999,-9999,2,-9999,N/A,-9999,-9999,N/A,-9999
3416,717.21378,717.2139693635133,717.2140085412291,32185118,-9999,203176.7,130.26,-1,-0.05462486129402331,0.39608346279171985,0.9084022933415196,0.6010109950116398,15,1.2285714285714286,0.34285714285714286,S1 P1 O12,de-protonated,0,-9999,C35 H43 O12 P1 S1,35,43,12,-9999,1,1,-9999,N/A,-9999,-9999,N/A,-9999
3416,717.21378,717.2139693635133,717.2133476019991,32185118,-9999,203176.7,130.26,-1,0.8669129155669676,0.675785859852447,0.4925028777643856,0.6024726670172225,12,1.2903225806451613,0.5806451612903226,O18 18O1,de-protonated,1,3409,C31 H40 O18 18O1,31,40,18,-9999,-9999,-9999,-9999,N/A,-9999,1,N/A,-9999
3416,717.21378,717.2139693635133,717.2134954769789,32185118,-9999,203176.7,130.26,-1,0.6607328744358459,0.1847683150068923,0.5817072643436756,0.3435438947416056,33,0.7291666666666666,0.02083333333333333,N2 S1 P1 O1,de-protonated,0,-9999,C48 H35 O1 N2 P1 S1,48,35,1,2,1,1,-9999,N/A,-9999,-9999,N/A,-9999
3416,717.21378,717.2139693635133,717.213357092549,32185118,-9999,203176.7,130.26,-1,0.8536803703810932,0.1460226021419881,0.6768331866697181,0.35834683595308015,6,1.7407407407407407,0.5185185185185185,N2 S2 P1 O14,de-protonated,0,-9999,C27 H47 O14 N2 P1 S2,27,47,14,2,1,2,-9999,N/A,-9999,-9999,N/A,-9999
3416,717.21378,717.2139693635133,717.2143436301491,32185118,-9999,203176.7,130.26,-1,-0.5218337294215452,0.6493956405733489,0.9251980453053208,0.7597166024661377,34,0.6521739130434783,0.10869565217391304,N4 O5,de-protonated,0,-9999,C46 H30 O5 N4,46,30,5,4,-9999,-9999,-9999,N/A,-9999,-9999,N/A,-9999
3416,717.21378,717.2139693635133,717.2142052457191,32185118,-9999,203176.7,130.26,-1,-0.32888668966378887,0.39601624201131946,0.8811953565656798,0.5900878878330637,7,1.68,0.72,N4 S1 O18,de-protonated,0,-9999,C25 H42 O18 N4 S1,25,42,18,4,-9999,1,-9999,N/A,-9999,-9999,N/A,-9999
3417,717.221446,717.2216353695902,717.222250749719,245635888,-9999,217690.3,1005,-1,-0.8580047930236432,0.16778637217595546,0.6535538964826183,0.3620933818986206,15,1.2,0.4,S1 O14,de-protonated,0,-9999,C35 H42 O14 S1,35,42,14,-9999,-9999,1,-9999,N/A,-9999,-9999,N/A,-9999
3417,717.221446,717.2216353695902,717.221737685469,245635888,-9999,217690.3,1005,-1,-0.14265585293740887,0.14414419833733613,0.7731200321397554,0.3957345318583039,33,0.7083333333333334,0.0625,N2 S1 O3,de-protonated,0,-9999,C48 H34 O3 N2 S1,48,34,3,2,-9999,1,-9999,N/A,-9999,-9999,N/A,-9999
3417,717.221446,717.2216353695902,717.2218706271991,245635888,-9999,217690.3,1005,-1,-0.32801231881941384,0.22930490948832868,0.6679024921871007,0.4047439425678375,20,1.054054054054054,0.2972972972972973,N2 P1 O11,de-protonated,0,-9999,C37 H39 O11 N2 P1,37,39,11,2,1,-9999,-9999,N/A,-9999,-9999,N/A,-9999
3417,717.221446,717.2216353695902,717.221599301039,245635888,-9999,217690.3,1005,-1,0.05028927083124059,0.21758654307536823,0.8680955557354655,0.4777901481394072,6,1.7037037037037035,0.5925925925925926,N2 S2 O16,de-protonated,0,-9999,C27 H46 O16 N2 S2,27,46,16,2,-9999,2,-9999,N/A,-9999,-9999,N/A,-9999
3417,717.221446,717.2216353695902,717.221086236789,245635888,-9999,217690.3,1005,-1,0.7656395102555263,0.21587813937922745,0.7877220880978726,0.4446157188666855,24,0.95,0.125,N4 S2 O5,de-protonated,0,-9999,C40 H38 O5 N4 S2,40,38,5,4,-9999,2,-9999,N/A,-9999,-9999,N/A,-9999
3417,717.221446,717.2216353695902,717.221219178519,245635888,-9999,217690.3,1005,-1,0.5802827078150249,0.23308296283682128,0.8817622543226292,0.4925546794311445,11,1.4827586206896552,0.4482758620689655,N4 S1 P1 O13,de-protonated,0,-9999,C29 H43 O13 N4 P1 S1,29,43,13,4,1,1,-9999,N/A,-9999,-9999,N/A,-9999
3418,718.210157,718.2103471533499,718.2104878279291,6717566.5,-9999,187991.2,25.88,-1,-0.195868177422364,0.6620420087491703,0.8049479341947062,0.7192043789273848,38,0.5882352941176471,0.0784313725490196,13C1 O4,de-protonated,1,3415,C51 H30 O4 13C1,51,30,4,-9999,-9999,-9999,1,N/A,-9999,-9999,N/A,-9999
3418,718.210157,718.2103471533499,718.210349443499,6717566.5,-9999,187991.2,25.88,-1,-0.00318868860151418,0.3999992620318175,0.9032861450523788,0.601314015240042,11,1.4,0.5666666666666667,13C1 S1 O17,de-protonated,1,3415,C30 H42 O17 S1 13C1,30,42,17,-9999,-9999,1,1,N/A,-9999,-9999,N/A,-9999
3418,718.210157,718.2103471533499,718.2108387008491,6717566.5,-9999,187991.2,25.88,-1,-0.6844055710886159,0.3674076479922897,0.8654945277770616,0.5666423999061985,15,1.303030303030303,0.2727272727272727,13C1 N2 S2 P1 O9,de-protonated,1,3415,C33 H43 O9 N2 P1 S2 13C1,33,43,9,2,1,2,1,N/A,-9999,-9999,N/A,-9999
3418,718.210157,718.2103471533499,718.209969320979,6717566.5,-9999,187991.2,25.88,-1,0.5260750852987768,0.6340154609735876,0.9275959763832524,0.7514476671374536,16,1.21875,0.4375,13C1 N2 P1 O14,de-protonated,1,3415,C32 H39 O14 N2 P1 13C1,32,39,14,2,1,-9999,1,N/A,-9999,-9999,N/A,-9999
3418,718.210157,718.2103471533499,718.2109750464691,6717566.5,-9999,187991.2,25.88,-1,-0.8742460656739963,0.4352522488841984,0.7369636471990462,0.5559368082101375,15,1.2424242424242424,0.3333333333333333,N3 S2 O11,de-protonated,0,-9999,C33 H41 O11 N3 S2,33,41,11,3,-9999,2,-9999,N/A,-9999,-9999,N/A,-9999
3418,718.210157,718.2103471533499,718.210105666599,6717566.5,-9999,187991.2,25.88,-1,0.3362341311163541,0.48984778949057184,0.7428850341668535,0.5910626873610845,16,1.15625,0.5,N3 O16,de-protonated,0,-9999,C32 H37 O16 N3,32,37,16,3,-9999,-9999,-9999,N/A,-9999,-9999,N/A,-9999
3419,718.217407,718.2175971590971,718.2172304345692,14712969,-9999,170248.5,58.65,-1,0.510603912531649,0.38151795235482544,0.8544578298240413,0.5706939033425118,28,0.8444444444444444,0.08888888888888889,13C1 S2 O4,de-protonated,1,3416,C45 H38 O4 S2 13C1,45,38,4,-9999,-9999,2,1,N/A,-9999,-9999,N/A,-9999
3419,718.217407,718.2175971590971,718.2173633762991,14712969,-9999,170248.5,58.65,-1,0.32550424133197764,0.3923834350805944,0.9084022933415196,0.5987909783849645,15,1.2647058823529411,0.35294117647058826,13C1 S1 P1 O12,de-protonated,1,3416,C34 H43 O12 P1 S1 13C1,34,43,12,-9999,1,1,1,N/A,-9999,-9999,N/A,-9999
3419,718.217407,718.2175971590971,718.217499721919,14712969,-9999,170248.5,58.65,-1,0.13566527979824536,0.3322219982478898,0.6976611809416157,0.47839767132538014,15,1.2058823529411764,0.4117647058823529,N1 S1 O14,de-protonated,0,-9999,C34 H41 O14 N1 S1,34,41,14,1,-9999,1,-9999,N/A,-9999,-9999,N/A,-9999
3419,718.217407,718.2175971590971,718.217632663649,14712969,-9999,170248.5,58.65,-1,-0.04943425275779071,0.4997783419554838,0.8007932653391621,0.6201843113089551,2,2,0.9565217391304348,N1 P1 O22,de-protonated,0,-9999,C23 H46 O22 N1 P1,23,46,22,1,1,-9999,-9999,N/A,-9999,-9999,N/A,-9999
3419,718.217407,718.2175971590971,718.2169866576689,14712969,-9999,170248.5,58.65,-1,0.8500236550635261,0.292375524153337,0.6116976458364167,0.4201043728265689,33,0.7021276595744681,0.06382978723404255,N3 S1 O3,de-protonated,0,-9999,C47 H33 O3 N3 S1,47,33,3,3,-9999,1,-9999,N/A,-9999,-9999,N/A,-9999
3419,718.217407,718.2175971590971,718.2179889792691,14712969,-9999,170248.5,58.65,-1,-0.5455449153667296,0.23685740539902325,0.6379285323518259,0.39728585618014434,19,1.135135135135135,0.16216216216216217,N3 S2 P1 O6,de-protonated,0,-9999,C37 H42 O6 N3 P1 S2,37,42,6,3,1,2,-9999,N/A,-9999,-9999,N/A,-9999
3419,718.217407,718.2175971590971,718.2171195993989,14712969,-9999,170248.5,58.65,-1,0.6649238582109436,0.30763690848573977,0.6834972837722824,0.4579810586003568,20,1.0555555555555556,0.3055555555555556,N3 P1 O11,de-protonated,0,-9999,C36 H38 O11 N3 P1,36,38,11,3,1,-9999,-9999,N/A,-9999,-9999,N/A,-9999
3419,718.217407,718.2175971590971,718.2176984652191,14712969,-9999,170248.5,58.65,-1,-0.14105211029424622,0.664264306771658,0.9251980453053208,0.7686378021851232,34,0.6666666666666666,0.1111111111111111,13C1 N4 O5,de-protonated,1,3416,C45 H30 O5 N4 13C1,45,30,5,4,-9999,-9999,1,N/A,-9999,-9999,N/A,-9999
3419,718.217407,718.2175971590971,718.2181211312392,14712969,-9999,170248.5,58.65,-1,-0.7295445863710284,0.21655872896267703,0.7877220880978726,0.4450240726167553,24,0.95,0.125,N3 15N1 S2 O5,de-protonated,1,3417,C40 H38 O5 N3 S2 15N1,40,38,5,3,-9999,2,-9999,TRUE,-9999,-9999,N/A,-9999
3419,718.217407,718.2175971590971,718.2182540729691,14712969,-9999,170248.5,58.65,-1,-0.9146437984691028,0.2262858002488307,0.8817622543226292,0.4884763818783502,11,1.4827586206896552,0.4482758620689655,N3 15N1 S1 P1 O13,de-protonated,1,3417,C29 H43 O13 N3 P1 S1 15N1,29,43,13,3,1,1,-9999,TRUE,-9999,-9999,N/A,-9999
3419,718.217407,718.2175971590971,718.2175600807891,14712969,-9999,170248.5,58.65,-1,0.05162545449970626,0.399806608853188,0.8811953565656798,0.5923621079381848,7,1.75,0.75,13C1 N4 S1 O18,de-protonated,1,3416,C24 H42 O18 N4 S1 13C1,24,42,18,4,-9999,1,1,N/A,-9999,-9999,N/A,-9999
3420,718.224293,718.2244831645556,718.224380712989,65732756,-9999,141288.9,267.73,-1,0.1426456262716734,0.1245393412935325,0.5388345219201109,0.2902574135441639,32,0.7551020408163265,0.02040816326530612,N1 S2 O1,de-protonated,0,-9999,C49 H37 O1 N1 S2,49,37,1,1,-9999,2,-9999,N/A,-9999,-9999,N/A,-9999
3420,718.224293,718.2244831645556,718.224513654719,65732756,-9999,141288.9,267.73,-1,-0.042452134061452,0.16661217493292527,0.634977170783704,0.35395817327323675,19,1.105263157894737,0.23684210526315788,N1 S1 P1 O9,de-protonated,0,-9999,C38 H42 O9 N1 P1 S1,38,42,9,1,1,1,-9999,N/A,-9999,-9999,N/A,-9999
3420,718.224293,718.2244831645556,718.225092520539,65732756,-9999,141288.9,267.73,-1,-0.8484192346864723,0.13500928853779617,0.7731200321397554,0.3902535859785799,33,0.723404255319149,0.06382978723404255,13C1 N2 S1 O3,de-protonated,1,3417,C47 H34 O3 N2 S1 13C1,47,34,3,2,-9999,1,1,N/A,-9999,-9999,N/A,-9999
3420,718.224293,718.2244831645556,718.2249541361091,65732756,-9999,141288.9,267.73,-1,-0.6557437899397937,0.2118482359049925,0.8680955557354655,0.4743471638371817,6,1.7692307692307692,0.6153846153846154,13C1 N2 S2 O16,de-protonated,1,3417,C26 H46 O16 N2 S2 13C1,26,46,16,2,-9999,2,1,N/A,-9999,-9999,N/A,-9999
3420,718.224293,718.2244831645556,718.2238622060389,65732756,-9999,141288.9,267.73,-1,0.8645751685450159,0.12473780958539547,0.652625619285415,0.3358929334654033,10,1.5333333333333334,0.36666666666666664,N3 S2 P1 O11,de-protonated,0,-9999,C30 H46 O11 N3 P1 S2,30,46,11,3,1,2,-9999,N/A,-9999,-9999,N/A,-9999
3420,718.224293,718.2244831645556,718.2244410718591,65732756,-9999,141288.9,267.73,-1,0.05860660553495168,0.22359209134544408,0.7877220880978726,0.4492440900464155,24,0.97435897435897445,0.1282051282051282,13C1 N4 S2 O5,de-protonated,1,3417,C39 H38 O5 N4 S2 13C1,39,38,5,4,-9999,2,1,N/A,-9999,-9999,N/A,-9999
3420,718.224293,718.2244831645556,718.2245740135891,65732756,-9999,141288.9,267.73,-1,-0.12649112368731333,0.23778052892153037,0.8817622543226292,0.4953732190819699,11,1.5357142857142858,0.4642857142857143,13C1 N4 S1 P1 O13,de-protonated,1,3417,C28 H43 O13 N4 P1 S1 13C1,28,43,13,4,1,1,1,N/A,-9999,-9999,N/A,-9999
3421,719.226596,719.22678695908985,719.226154360639,7069179,-9999,216279.2,27.32,-1,0.8795542917498693,0.2896784249914522,0.5996860735531828,0.4136814844161445,32,0.7346938775510204,0.08163265306122448,S1 O4,de-protonated,0,-9999,C49 H36 O4 S1,49,36,4,-9999,-9999,1,-9999,N/A,-9999,-9999,N/A,-9999
3421,719.226596,719.22678695908985,719.227156682239,7069179,-9999,216279.2,27.32,-1,-0.5140561582956757,0.47659144076589127,0.7033271719038787,0.5672857332210863,18,1.1538461538461535,0.1794871794871795,S2 P1 O7,de-protonated,0,-9999,C39 H45 O7 P1 S2,39,45,7,-9999,1,2,-9999,N/A,-9999,-9999,N/A,-9999
3421,719.226596,719.22678695908985,719.226287302369,7069179,-9999,216279.2,27.32,-1,0.6947142084453785,0.458076367936833,0.7087183895694522,0.5583331765898807,19,1.0789473684210529,0.3157894736842105,P1 O12,de-protonated,0,-9999,C38 H41 O12 P1,38,41,12,-9999,1,-9999,-9999,N/A,-9999,-9999,N/A,-9999
3421,719.226596,719.22678695908985,719.2264957430091,7069179,-9999,216279.2,27.32,-1,0.4049017694590949,0.17648916766740272,0.6535538964826183,0.36731505919348895,15,1.2,0.37142857142857144,S1 O13 18O1,de-protonated,1,3417,C35 H42 O13 S1 18O1,35,42,13,-9999,-9999,1,-9999,N/A,-9999,1,N/A,-9999
3421,719.226596,719.22678695908985,719.2266416995391,7069179,-9999,216279.2,27.32,-1,0.20196630986013697,0.2481564899744889,0.6193985487790841,0.396653313496327,19,1.1578947368421053,0.15789473684210523,13C1 N1 S1 34S1 P1 O6,de-protonated,1,3413,C38 H44 O6 N1 P1 S1 13C1 34S1,38,44,6,1,1,1,1,N/A,-9999,-9999,N/A,1
3421,719.226596,719.22678695908985,719.226115620489,7069179,-9999,216279.2,27.32,-1,0.933417997783296,0.2134430972259502,0.6679024921871007,0.3952268552104104,20,1.054054054054054,0.2702702702702703,N2 P1 O10 18O1,de-protonated,1,3417,C37 H39 O10 N2 P1 18O1,37,39,10,2,1,-9999,-9999,N/A,-9999,1,N/A,-9999
3421,719.226596,719.22678695908985,719.2267020584089,7069179,-9999,216279.2,27.32,-1,0.11804439500732564,0.2736254249599555,0.838470652253492,0.49956351587737013,11,1.6071428571428572,0.35714285714285715,13C2 N4 S1 34S1 P1 O10,de-protonated,1,3410,C28 H45 O10 N4 P1 S1 13C2 34S1,28,45,10,4,1,1,2,N/A,-9999,-9999,N/A,1
3421,719.226596,719.22678695908985,719.227353386729,7069179,-9999,216279.2,27.32,-1,-0.78755019041919,0.4467804084270699,0.7612342259156646,0.5725619354225078,10,1.5172413793103448,0.4482758620689655,N4 S2 O13,de-protonated,0,-9999,C29 H44 O13 N4 S2,29,44,13,4,-9999,2,-9999,N/A,-9999,-9999,N/A,-9999
3421,719.226596,719.22678695908985,719.2264840068591,7069179,-9999,216279.2,27.32,-1,0.4212195149801837,0.4841595037434204,0.7675537279851021,0.5975171934400931,11,1.4285714285714286,0.6428571428571429,N4 O18,de-protonated,0,-9999,C28 H40 O18 N4,28,40,18,4,-9999,-9999,-9999,N/A,-9999,-9999,N/A,-9999
3422,719.228654,719.2288449607212,719.2295256639591,7962622,-9999,154601,30.98,-1,-0.946433945772406,0.2833301001755297,0.6178187149649359,0.41712554609129215,27,0.8695652173913043,0.08695652173913043,S2 O4,de-protonated,0,-9999,C46 H40 O4 S2,46,40,4,-9999,-9999,2,-9999,N/A,-9999,-9999,N/A,-9999
3422,719.228654,719.2288449607212,719.2286562840891,7962622,-9999,154601,30.98,-1,0.262331916899714,0.3291968987971993,0.6240179704823443,0.4471253274712574,28,0.8,0.2,O9,de-protonated,0,-9999,C45 H36 O9,45,36,9,-9999,-9999,-9999,-9999,N/A,-9999,-9999,N/A,-9999
3422,719.228654,719.2288449607212,719.2285178996591,7962622,-9999,154601,30.98,-1,0.4547387289860997,0.4815869576706436,0.7939170211058493,0.606518983044726,1,2,0.9166666666666666,S1 O22,de-protonated,0,-9999,C24 H48 O22 S1,24,48,22,-9999,-9999,1,-9999,N/A,-9999,-9999,N/A,-9999
3422,719.228654,719.2288449607212,719.2291455414389,7962622,-9999,154601,30.98,-1,-0.4179206579878873,0.322935167861824,0.6056537631733503,0.4360226059864345,32,0.7708333333333334,0.02083333333333333,N2 S1 P1 O1,de-protonated,0,-9999,C48 H37 O1 N2 P1 S1,48,37,1,2,1,1,-9999,N/A,-9999,-9999,N/A,-9999
3422,719.228654,719.2288449607212,719.229007157009,7962622,-9999,154601,30.98,-1,-0.22551410782989537,0.49540729025036856,0.7739790330151771,0.6068359873562921,5,1.8148148148148149,0.5185185185185185,N2 S2 P1 O14,de-protonated,0,-9999,C27 H49 O14 N2 P1 S2,27,49,14,2,1,2,-9999,N/A,-9999,-9999,N/A,-9999
3422,719.228654,719.2288449607212,719.2283089711791,7962622,-9999,154601,30.98,-1,0.7452286504672817,0.21024803495379069,0.8680955557354655,0.47338704326646064,6,1.84,0.64,13C2 N2 S2 O16,de-protonated,1,3417,C25 H46 O16 N2 S2 13C2,25,46,16,2,-9999,2,2,N/A,-9999,-9999,N/A,-9999
3422,719.228654,719.2288449607212,719.2281377771391,7962622,-9999,154601,30.98,-1,0.9832534976921352,0.4195512918150285,0.7805128205128198,0.563935903294145,6,1.7307692307692308,0.7307692307692307,N2 P1 O19,de-protonated,0,-9999,C26 H45 O19 N2 P1,26,45,19,2,1,-9999,-9999,N/A,-9999,-9999,N/A,-9999
3422,719.228654,719.2288449607212,719.228494092759,7962622,-9999,154601,30.98,-1,0.4878393515817065,0.47886830758828974,0.6980173569463056,0.566527927331496,23,1.025,0.075,N4 S2 P1 O3,de-protonated,0,-9999,C40 H41 O3 N4 P1 S2,40,41,3,4,1,2,-9999,N/A,-9999,-9999,N/A,-9999
3423,723.135986,723.1361800580968,723.1366844496989,7043863,-9999,169655.9,27.19,-1,-0.6975052061130591,0.305169009483402,0.5996860735531828,0.4229758351113143,38,0.5102040816326531,0.1020408163265306,P1 O5,de-protonated,0,-9999,C49 H25 O5 P1,49,25,5,-9999,1,-9999,-9999,N/A,-9999,-9999,N/A,-9999
3423,723.135986,723.1361800580968,723.136413123539,7043863,-9999,169655.9,27.19,-1,-0.32229803116949124,0.4906641742191454,0.7033271719038787,0.5757293732930386,24,0.8205128205128205,0.2564102564102564,S2 O10,de-protonated,0,-9999,C39 H32 O10 S2,39,32,10,-9999,-9999,2,-9999,N/A,-9999,-9999,N/A,-9999
3423,723.135986,723.1361800580968,723.135543743669,7043863,-9999,169655.9,27.19,-1,0.8799379774246558,0.43446441470337166,0.7087183895694522,0.5441660046498038,25,0.7368421052631579,0.3947368421052632,O15,de-protonated,0,-9999,C38 H28 O15,38,28,15,-9999,-9999,-9999,-9999,N/A,-9999,-9999,N/A,-9999
3423,723.135986,723.1361800580968,723.136546065269,7043863,-9999,169655.9,27.19,-1,-0.5061383970318886,0.4772904835840515,0.7675537279851021,0.5933957813444718,11,1.3214285714285714,0.6428571428571429,S1 P1 O18,de-protonated,0,-9999,C28 H37 O18 P1 S1,28,37,18,-9999,1,1,-9999,N/A,-9999,-9999,N/A,-9999
3423,723.135986,723.1361800580968,723.136033001019,7043863,-9999,169655.9,27.19,-1,0.20336018549753856,0.4962621035666638,0.6927871148459346,0.5748721080783721,29,0.7073170731707317,0.17073170731707318,N2 S1 P1 O7,de-protonated,0,-9999,C41 H29 O7 N2 P1 S1,41,29,7,2,1,1,-9999,N/A,-9999,-9999,N/A,-9999
3423,723.135986,723.1361800580968,723.1368811541889,7043863,-9999,169655.9,27.19,-1,-0.969520585126852,0.4215977864314999,0.7033271719038787,0.5342895406204514,30,0.6153846153846154,0.28205128205128205,N4 O11,de-protonated,0,-9999,C39 H24 O11 N4,39,24,11,4,-9999,-9999,-9999,N/A,-9999,-9999,N/A,-9999
3424,725.131753,725.1319486401584,725.1319149148391,4567518,-9999,163108.5,17.03,-1,0.04650921940252818,0.49980379200149894,0.7612342259156645,0.6043759655671652,16,1.0344827586206895,0.6896551724137931,N2 O20,de-protonated,0,-9999,C29 H30 O20 N2,29,30,20,2,-9999,-9999,-9999,N/A,-9999,-9999,N/A,-9999
3424,725.131753,725.1319486401584,725.1322712304591,4567518,-9999,163108.5,17.03,-1,-0.4448709752641624,0.482363295580429,0.6825582999861977,0.5624412973427365,33,0.6046511627906976,0.09302325581395347,N4 S2 O4,de-protonated,0,-9999,C43 H26 O4 N4 S2,43,26,4,4,-9999,2,-9999,N/A,-9999,-9999,N/A,-9999
3424,725.131753,725.1319486401584,725.1314018505891,4567518,-9999,163108.5,17.03,-1,0.7540558413124964,0.4509860180661394,0.6876346701883606,0.5456454789150279,34,0.5238095238095238,0.21428571428571427,N4 O9,de-protonated,0,-9999,C42 H22 O9 N4,42,22,9,4,-9999,-9999,-9999,N/A,-9999,-9999,N/A,-9999
3424,725.131753,725.1319486401584,725.132404172189,4567518,-9999,163108.5,17.03,-1,-0.6282053153425506,0.4654482132499708,0.7428850341668535,0.5764229416167239,20,0.96875,0.375,N4 S1 P1 O12,de-protonated,0,-9999,C32 H31 O12 N4 P1 S1,32,31,12,4,1,1,-9999,N/A,-9999,-9999,N/A,-9999
3425,725.234602,725.2347977216876,725.2343500629489,30910060,-9999,168396.5,124.99,-1,0.6172608049836594,0.23330042257925737,0.6312692955124997,0.39248797175255434,21,1.048780487804878,0.1951219512195122,S1 P1 O8,de-protonated,0,-9999,C41 H43 O8 P1 S1,41,43,8,-9999,1,1,-9999,N/A,-9999,-9999,N/A,-9999
3425,725.234602,725.2347977216876,725.235198216119,30910060,-9999,168396.5,124.99,-1,-0.5522269635169318,0.23654235973349377,0.6522495635989396,0.4028252412796721,22,0.97435897435897445,0.3076923076923077,N2 O12,de-protonated,0,-9999,C39 H38 O12 N2,39,38,12,2,-9999,-9999,-9999,N/A,-9999,-9999,N/A,-9999
3425,725.234602,725.2347977216876,725.234685151869,30910060,-9999,168396.5,124.99,-1,0.15521847053956864,0.24890948485620573,0.572903465347821,0.3785070770528518,40,0.5769230769230769,0.01923076923076923,N4 O1,de-protonated,0,-9999,C52 H30 O1 N4,52,30,1,4,-9999,-9999,-9999,N/A,-9999,-9999,N/A,-9999
3425,725.234602,725.2347977216876,725.234546767439,30910060,-9999,168396.5,124.99,-1,0.34603184544658594,0.19570160130965347,0.683436031923321,0.3907953735551205,13,1.3548387096774193,0.4516129032258064,N4 S1 O14,de-protonated,0,-9999,C31 H42 O14 N4 S1,31,42,14,4,-9999,1,-9999,N/A,-9999,-9999,N/A,-9999
3426,726.236407,726.236603515827,726.237189794959,8880341,-9999,111619.2,34.7,-1,-0.8072832681009999,0.6241890957482356,0.7589115477596364,0.6780780765527958,12,1.40625,0.375,N3 S2 O12,de-protonated,0,-9999,C32 H45 O12 N3 S2,32,45,12,3,-9999,2,-9999,N/A,-9999,-9999,N/A,-9999
3426,726.236407,726.236603515827,726.236320415089,8880341,-9999,111619.2,34.7,-1,0.3898190300182137,0.48640195986366,0.7489023467070351,0.5914021146010101,13,1.3225806451612905,0.5483870967741935,N3 O17,de-protonated,0,-9999,C31 H41 O17 N3,31,41,17,3,-9999,-9999,-9999,N/A,-9999,-9999,N/A,-9999
3427,727.134551,727.1347482277935,727.134970372589,4293806,-9999,215404.2,15.9,-1,-0.3055069616988316,0.4916035875408421,0.672627141691601,0.5640130092011456,32,0.6444444444444445,0.13333333333333333,S1 P1 O6,de-protonated,0,-9999,C45 H29 O6 P1 S1,45,29,6,-9999,1,1,-9999,N/A,-9999,-9999,N/A,-9999
3427,727.134551,727.1347482277935,727.134831988159,4293806,-9999,215404.2,15.9,-1,-0.11519234380017578,0.4987976017280154,0.7939170211058493,0.6168453694791489,5,1.7083333333333333,0.7916666666666666,S2 P1 O19,de-protonated,0,-9999,C24 H41 O19 P1 S2,24,41,19,-9999,1,2,-9999,N/A,-9999,-9999,N/A,-9999
3427,727.134551,727.1347482277935,727.134318923909,4293806,-9999,215404.2,15.9,-1,0.5904052020974059,0.4693548176885319,0.7141928963326545,0.567290049146181,23,0.8918918918918919,0.21621621621621623,N2 S2 P1 O8,de-protonated,0,-9999,C37 H33 O8 N2 P1 S2,37,33,8,2,1,2,-9999,N/A,-9999,-9999,N/A,-9999
3427,727.134551,727.1347482277935,727.135167077079,4293806,-9999,215404.2,15.9,-1,-0.5760267203628658,0.4707853198511529,0.725399618712417,0.5726310393956586,24,0.8,0.34285714285714286,N4 S1 O12,de-protonated,0,-9999,C35 H28 O12 N4 S1,35,28,12,4,-9999,1,-9999,N/A,-9999,-9999,N/A,-9999
3427,727.134551,727.1347482277935,727.1353000188091,4293806,-9999,215404.2,15.9,-1,-0.7588560417595023,0.4503921310881774,0.7939170211058493,0.5878020870952462,11,1.375,0.8333333333333334,N4 P1 O20,de-protonated,0,-9999,C24 H33 O20 N4 P1,24,33,20,4,1,-9999,-9999,N/A,-9999,-9999,N/A,-9999
3428,727.137196,727.1373932298902,727.1374722960389,5369522,-9999,176977.6,20.31,-1,-0.10873617675731066,0.49892846546514347,0.6927871148459346,0.5764719252174599,28,0.7073170731707317,0.2682926829268293,P1 O11,de-protonated,0,-9999,C41 H29 O11 P1,41,29,11,-9999,1,-9999,-9999,N/A,-9999,-9999,N/A,-9999
3428,727.137196,727.1373932298902,727.137200969879,5369522,-9999,176977.6,20.31,-1,0.26440678725751926,0.4936974343838833,0.7489023467070351,0.5957793993131439,14,1.1612903225806452,0.5161290322580645,S2 O16,de-protonated,0,-9999,C31 H36 O16 S2,31,36,16,-9999,-9999,2,-9999,N/A,-9999,-9999,N/A,-9999
3428,727.137196,727.1373932298902,727.1366879056291,5369522,-9999,176977.6,20.31,-1,0.9700023020340532,0.4215263199935417,0.6775563317580969,0.5239383246993639,32,0.6363636363636364,0.11363636363636365,N2 S2 O5,de-protonated,0,-9999,C44 H28 O5 N2 S2,44,28,5,2,-9999,2,-9999,N/A,-9999,-9999,N/A,-9999
3428,727.137196,727.1373932298902,727.136820847359,5369522,-9999,176977.6,20.31,-1,0.7871730805277863,0.44682855257631426,0.7369636471990461,0.562882590425407,19,1,0.3939393939393939,N2 S1 P1 O13,de-protonated,0,-9999,C33 H33 O13 N2 P1 S1,33,33,13,2,1,1,-9999,N/A,-9999,-9999,N/A,-9999
3428,727.137196,727.1373932298902,727.1376690005291,5369522,-9999,176977.6,20.31,-1,-0.3792550580079315,0.48711953059797586,0.7489023467070351,0.5918326570415996,20,0.9032258064516128,0.5483870967741935,N4 O17,de-protonated,0,-9999,C31 H28 O17 N4,31,28,17,4,-9999,-9999,-9999,N/A,-9999,-9999,N/A,-9999
3429,727.230939,727.2311363042011,727.231239741069,10651956,-9999,117027,41.96,-1,-0.1422338071446948,0.3321119798221556,0.5879753344784842,0.43445732168468704,34,0.7058823529411765,0.0588235294117647,S1 O3,de-protonated,0,-9999,C51 H36 O3 S1,51,36,3,-9999,-9999,1,-9999,N/A,-9999,-9999,N/A,-9999
3429,727.230939,727.2311363042011,727.2313726827989,10651956,-9999,117027,41.96,-1,-0.32503905457377963,0.32700415145081213,0.6562224424766037,0.4586914678611288,21,1.025,0.275,P1 O11,de-protonated,0,-9999,C40 H41 O11 P1,40,41,11,-9999,1,-9999,-9999,N/A,-9999,-9999,N/A,-9999
3429,727.230939,727.2311363042011,727.231101356639,10651956,-9999,117027,41.96,-1,0.04805564836255478,0.33319368670057875,0.7072361098895066,0.4828106559761499,7,1.6,0.5333333333333333,S2 O16,de-protonated,0,-9999,C30 H48 O16 S2,30,48,16,-9999,-9999,2,-9999,N/A,-9999,-9999,N/A,-9999
3429,727.230939,727.2311363042011,727.230588292389,10651956,-9999,117027,41.96,-1,0.753559903647482,0.22552360288267617,0.6023398467208416,0.3762501004179423,25,0.9302325581395348,0.11627906976744186,N2 S2 O5,de-protonated,0,-9999,C43 H40 O5 N2 S2,43,40,5,2,-9999,2,-9999,N/A,-9999,-9999,N/A,-9999
3429,727.230939,727.2311363042011,727.230721234119,10651956,-9999,117027,41.96,-1,0.570754328706652,0.47130209683588864,0.7428850341668536,0.5799352717682746,12,1.40625,0.40625,N2 S1 P1 O13,de-protonated,0,-9999,C32 H45 O13 N2 P1 S1,32,45,13,2,1,1,-9999,N/A,-9999,-9999,N/A,-9999
3429,727.230939,727.2311363042011,727.231569387289,10651956,-9999,117027,41.96,-1,-0.595522947828288,0.46883821926486985,0.7550179348240813,0.5833101054885544,13,1.3333333333333333,0.5666666666666667,N4 O17,de-protonated,0,-9999,C30 H40 O17 N4,30,40,17,4,-9999,-9999,-9999,N/A,-9999,-9999,N/A,-9999
3430,728.233004,728.2332020985466,728.2333642616389,3408028,-9999,161737.8,12.26,-1,-0.2226801191749563,0.4955214809238641,0.7369636471990461,0.592098347433937,11,1.4545454545454546,0.3333333333333333,N1 S2 P1 O11,de-protonated,0,-9999,C33 H48 O11 N1 P1 S2,33,48,11,1,1,2,-9999,N/A,-9999,-9999,N/A,-9999
3430,728.233004,728.2332020985466,728.232494881769,3408028,-9999,161737.8,12.26,-1,0.9711414728289832,0.4213572221976942,0.7428850341668535,0.5499683469853579,12,1.375,0.5,N1 P1 O16,de-protonated,0,-9999,C32 H44 O16 N1 P1,32,44,16,1,1,-9999,-9999,N/A,-9999,-9999,N/A,-9999
3430,728.233004,728.2332020985466,728.2329856245591,3408028,-9999,161737.8,12.26,-1,0.297259245022195,0.6560629928009352,0.7589115477596364,0.6972024147844156,12,1.40625,0.375,N3 S1 34S1 O12,de-protonated,1,3426,C32 H45 O12 N3 S1 34S1,32,45,12,3,-9999,1,-9999,N/A,-9999,-9999,N/A,1
3431,729.132631,729.1328298116886,729.1328623723091,4717430.5,-9999,187835.2,17.63,-1,-0.04465663558107467,0.49981910887430586,0.672627141691601,0.568942322001224,31,0.6888888888888889,0.08888888888888889,S2 P1 O4,de-protonated,0,-9999,C45 H31 O4 P1 S2,45,31,4,-9999,1,2,-9999,N/A,-9999,-9999,N/A,-9999
3431,729.132631,729.1328298116886,729.133330402959,4717430.5,-9999,187835.2,17.63,-1,-0.6865565591072673,0.4590138859332643,0.672627141691601,0.544459188236599,37,0.5111111111111111,0.1111111111111111,N4 P1 O5,de-protonated,0,-9999,C45 H23 O5 N4 P1,45,23,5,4,1,-9999,-9999,N/A,-9999,-9999,N/A,-9999
3431,729.132631,729.1328298116886,729.133059076799,4717430.5,-9999,187835.2,17.63,-1,-0.3144352153092069,0.4911101087327034,0.725399618712417,0.5848259127245888,23,0.8571428571428571,0.2857142857142857,N4 S2 O10,de-protonated,0,-9999,C35 H30 O10 N4 S2,35,30,10,4,-9999,2,-9999,N/A,-9999,-9999,N/A,-9999
3431,729.132631,729.1328298116886,729.132189696929,4717430.5,-9999,187835.2,17.63,-1,0.8779131803638562,0.4347450949747122,0.7311359101322861,0.5533014210377417,24,0.7647058823529411,0.4411764705882353,N4 O15,de-protonated,0,-9999,C34 H26 O15 N4,34,26,15,4,-9999,-9999,-9999,N/A,-9999,-9999,N/A,-9999
3431,729.132631,729.1328298116886,729.133192018529,4717430.5,-9999,187835.2,17.63,-1,-0.4967636152471806,0.47810542572316134,0.7939170211058493,0.6044300638762365,10,1.4583333333333333,0.75,N4 S1 P1 O18,de-protonated,0,-9999,C24 H35 O18 N4 P1 S1,24,35,18,4,1,1,-9999,N/A,-9999,-9999,N/A,-9999
3432,729.135436,729.1356348139121,729.135231354029,4340602.5,-9999,201345.7,16.08,-1,0.5533402664005772,0.4729790759757593,0.6400336417157294,0.5398009022717474,40,0.5,0.01923076923076923,S2 O1,de-protonated,0,-9999,C52 H26 O1 S2,52,26,1,-9999,-9999,2,-9999,N/A,-9999,-9999,N/A,-9999
3432,729.135436,729.1356348139121,729.135364295759,4340602.5,-9999,201345.7,16.08,-1,0.3710122514449696,0.48766645108779366,0.6927871148459346,0.56971471659105,27,0.7560975609756098,0.2195121951219512,S1 P1 O9,de-protonated,0,-9999,C41 H31 O9 P1 S1,41,31,9,-9999,1,1,-9999,N/A,-9999,-9999,N/A,-9999
3432,729.135436,729.1356348139121,729.136212448929,4340602.5,-9999,201345.7,16.08,-1,-0.7922182535672637,0.446182977670789,0.7033271719038787,0.5490406553640249,28,0.6666666666666666,0.3333333333333333,N2 O13,de-protonated,0,-9999,C39 H26 O13 N2,39,26,13,2,-9999,-9999,-9999,N/A,-9999,-9999,N/A,-9999
3432,729.135436,729.1356348139121,729.135561000249,4340602.5,-9999,201345.7,16.08,-1,0.10123448512899744,0.4990710826958503,0.7489023467070351,0.5990035883003242,19,0.967741935483871,0.4838709677419355,N4 S1 O15,de-protonated,0,-9999,C31 H30 O15 N4 S1,31,30,15,4,-9999,1,-9999,N/A,-9999,-9999,N/A,-9999
3433,731.216613,731.216813463679,731.216771446119,5218996,-9999,172544.4,19.67,-1,0.05746252235640584,0.4997005232506425,0.7033271719038788,0.5811511827119371,20,1.0256410256410255,0.3076923076923077,S1 O12,de-protonated,0,-9999,C39 H40 O12 S1,39,40,12,-9999,-9999,1,-9999,N/A,-9999,-9999,N/A,-9999
3433,731.216613,731.216813463679,731.216904387849,5218996,-9999,172544.4,19.67,-1,-0.12434637304164146,0.4985991843047059,0.7675537279851021,0.6061810017768645,7,1.6071428571428572,0.7142857142857143,P1 O20,de-protonated,0,-9999,C28 H45 O20 P1,28,45,20,-9999,1,-9999,-9999,N/A,-9999,-9999,N/A,-9999
3433,731.216613,731.216813463679,731.2162583818689,5218996,-9999,172544.4,19.67,-1,0.7591212637649118,0.3002394870034926,0.5822303339178662,0.413035825769242,38,0.6153846153846154,0.01923076923076923,N2 S1 O1,de-protonated,0,-9999,C52 H32 O1 N2 S1,52,32,1,2,-9999,1,-9999,N/A,-9999,-9999,N/A,-9999
3433,731.216613,731.216813463679,731.217260703469,5218996,-9999,172544.4,19.67,-1,-0.6116373532559378,0.4671862961282276,0.6876346701883606,0.5553656457522808,24,0.9761904761904762,0.09523809523809525,N2 S2 P1 O4,de-protonated,0,-9999,C42 H41 O4 N2 P1 S2,42,41,4,2,1,2,-9999,N/A,-9999,-9999,N/A,-9999
3433,731.216613,731.216813463679,731.216391323599,5218996,-9999,172544.4,19.67,-1,0.5773121130757349,0.4706586972944115,0.6927871148459346,0.5595100643150207,25,0.902439024390244,0.2195121951219512,N2 P1 O9,de-protonated,0,-9999,C41 H37 O9 N2 P1,41,37,9,2,1,-9999,-9999,N/A,-9999,-9999,N/A,-9999
3433,731.216613,731.216813463679,731.216119997439,5218996,-9999,172544.4,19.67,-1,0.9483738405891176,0.4247117917102027,0.7489023467070351,0.5543880137089356,11,1.4193548387096775,0.4516129032258064,N2 S2 O14,de-protonated,0,-9999,C31 H44 O14 N2 S2,31,44,14,2,-9999,2,-9999,N/A,-9999,-9999,N/A,-9999
3434,731.222979,731.2231794687253,731.222783057319,3942076.3,-9999,195854.4,14.44,-1,0.5421212460808569,0.4740349987203105,0.6356335132356643,0.538674404526452,38,0.6037735849056604,0.07547169811320754,O4,de-protonated,0,-9999,C53 H32 O4,53,32,4,-9999,-9999,-9999,-9999,N/A,-9999,-9999,N/A,-9999
3434,731.222979,731.2231794687253,731.2237853789189,3942076.3,-9999,195854.4,14.44,-1,-0.8286248419626014,0.44143110465472624,0.6825582999861977,0.5378819827873148,24,0.9534883720930232,0.16279069767441862,S1 P1 O7,de-protonated,0,-9999,C43 H41 O7 P1 S1,43,41,7,-9999,1,1,-9999,N/A,-9999,-9999,N/A,-9999
3434,731.222979,731.2231794687253,731.222644672889,3942076.3,-9999,195854.4,14.44,-1,0.7313720932986454,0.45375175968966536,0.7428850341668535,0.5694050694805406,11,1.375,0.53125,S1 O17,de-protonated,0,-9999,C32 H44 O17 S1,32,44,17,-9999,-9999,1,-9999,N/A,-9999,-9999,N/A,-9999
3434,731.222979,731.2231794687253,731.223133930239,3942076.3,-9999,195854.4,14.44,-1,0.06227714118175776,0.4996482546514625,0.7253996187124169,0.5899488002758442,15,1.2857142857142858,0.2571428571428571,N2 S2 P1 O9,de-protonated,0,-9999,C35 H45 O9 N2 P1 S2,35,45,9,2,1,2,-9999,N/A,-9999,-9999,N/A,-9999
3435,731.231494,731.2316944754753,731.232027587409,64366280,-9999,137707.6,262.06,-1,-0.45554888349297384,0.2779621452446413,0.7983202692880834,0.4861053948620182,24,0.9302325581395348,0.20930232558139536,S1 O9,de-protonated,0,-9999,C43 H40 O9 S1,43,40,9,-9999,-9999,1,-9999,N/A,-9999,-9999,N/A,-9999
3435,731.231494,731.2316944754753,731.232160529139,64366280,-9999,137707.6,262.06,-1,-0.6373538924333771,0.3772020225057984,0.8887578278292972,0.5818243446351979,11,1.40625,0.53125,P1 O17,de-protonated,0,-9999,C32 H45 O17 P1,32,45,17,-9999,1,-9999,-9999,N/A,-9999,-9999,N/A,-9999
3435,731.231494,731.2316944754753,731.2316474648891,64366280,-9999,137707.6,262.06,-1,0.06428959459737912,0.3982725178043075,0.8120941707628098,0.5638011789877084,29,0.8222222222222222,0.13333333333333333,N2 P1 O6,de-protonated,0,-9999,C45 H37 O6 N2 P1,45,37,6,2,1,-9999,-9999,N/A,-9999,-9999,N/A,-9999
3435,731.231494,731.2316944754753,731.2313761387289,64366280,-9999,137707.6,262.06,-1,0.4353433902124945,0.27244140158507957,0.8208038695247833,0.4917863887609611,15,1.2571428571428571,0.3142857142857143,N2 S2 O11,de-protonated,0,-9999,C35 H44 O11 N2 S2,35,44,11,2,-9999,2,-9999,N/A,-9999,-9999,N/A,-9999
3435,731.231494,731.2316944754753,731.231509080459,64366280,-9999,137707.6,262.06,-1,0.2535380573344732,0.32668084710458895,0.9079578378615268,0.5591916434073642,2,2.0416666666666665,0.7916666666666666,N2 S1 P1 O19,de-protonated,0,-9999,C24 H49 O19 N2 P1 S1,24,49,19,2,1,1,-9999,N/A,-9999,-9999,N/A,-9999
3435,731.231494,731.2316944754753,731.2309960162089,64366280,-9999,137707.6,262.06,-1,0.9551827946995636,0.121061179694063,0.6362172794125559,0.3271236195814602,20,1.108108108108108,0.21621621621621623,N4 S1 P1 O8,de-protonated,0,-9999,C37 H41 O8 N4 P1 S1,37,41,8,4,1,1,-9999,N/A,-9999,-9999,N/A,-9999
3436,732.234954,732.2351552709266,732.235382422479,16056368,-9999,124207,64.08,-1,-0.31021657495284627,0.2807685652956211,0.7983202692880834,0.48778924689260605,24,0.9523809523809524,0.21428571428571427,13C1 S1 O9,de-protonated,1,3435,C42 H40 O9 S1 13C1,42,40,9,-9999,-9999,1,1,N/A,-9999,-9999,N/A,-9999
3436,732.234954,732.2351552709266,732.2355153642089,16056368,-9999,124207,64.08,-1,-0.4917724895460192,0.3828269134333708,0.8887578278292972,0.5851992791917414,11,1.4516129032258065,0.5483870967741935,13C1 P1 O17,de-protonated,1,3435,C31 H45 O17 P1 13C1,31,45,17,-9999,1,-9999,1,N/A,-9999,-9999,N/A,-9999
3436,732.234954,732.2351552709266,732.2356517098291,16056368,-9999,124207,64.08,-1,-0.6779769618077235,0.3066599873379117,0.7195884297451938,0.4718313643008245,11,1.3870967741935485,0.6129032258064516,N1 O19,de-protonated,0,-9999,C31 H43 O19 N1,31,43,19,1,-9999,-9999,-9999,N/A,-9999,-9999,N/A,-9999
3436,732.234954,732.2351552709266,732.2350022999591,16056368,-9999,124207,64.08,-1,0.20890966293494073,0.39684490514859727,0.8120941707628098,0.5629446113942823,29,0.8409090909090909,0.13636363636363635,13C1 N2 P1 O6,de-protonated,1,3435,C44 H37 O6 N2 P1 13C1,44,37,6,2,1,-9999,1,N/A,-9999,-9999,N/A,-9999
3436,732.234954,732.2351552709266,732.2347309737992,16056368,-9999,124207,64.08,-1,0.5794550701981783,0.26882688321664155,0.8208038695247833,0.4896176777398983,15,1.2941176470588236,0.3235294117647059,13C1 N2 S2 O11,de-protonated,1,3435,C34 H44 O11 N2 S2 13C1,34,44,11,2,-9999,2,1,N/A,-9999,-9999,N/A,-9999
3436,732.234954,732.2351552709266,732.234863915529,16056368,-9999,124207,64.08,-1,0.39789883270975246,0.3238937087842676,0.9079578378615268,0.5575193604151714,2,2.130434782608696,0.8260869565217391,13C1 N2 S1 P1 O19,de-protonated,1,3435,C23 H49 O19 N2 P1 S1 13C1,23,49,19,2,1,1,1,N/A,-9999,-9999,N/A,-9999
3436,732.234954,732.2351552709266,732.235138645579,16056368,-9999,124207,64.08,-1,0.0227049300432602,0.33330215502137367,0.6302964184076338,0.45209986037587774,29,0.7954545454545454,0.18181818181818185,N3 O8,de-protonated,0,-9999,C44 H35 O8 N3,44,35,8,3,-9999,-9999,-9999,N/A,-9999,-9999,N/A,-9999
3436,732.234954,732.2351552709266,732.235000261149,16056368,-9999,124207,64.08,-1,0.21169402928147069,0.49595073207795726,0.8007932653391622,0.6178877453824392,2,2.0434782608695654,0.9130434782608696,N3 S1 O21,de-protonated,0,-9999,C23 H47 O21 N3 S1,23,47,21,3,-9999,1,-9999,N/A,-9999,-9999,N/A,-9999
3437,740.967969,740.9681771936624,740.967552184269,5444375,-9999,179095.5,20.54,-1,0.8435044038651471,0.43944273651589266,0.7550179348240813,0.5656728158391682,24,0.4666666666666667,0.7,S1 O21,de-protonated,0,-9999,C30 H14 O21 S1,30,14,21,-9999,-9999,1,-9999,N/A,-9999,-9999,N/A,-9999
3437,740.967969,740.9681771936624,740.968041441619,5444375,-9999,179095.5,20.54,-1,0.18320903985258255,0.49696404183916393,0.7369636471990461,0.5929638839831168,28,0.4545454545454546,0.3939393939393939,N2 S2 P1 O13,de-protonated,0,-9999,C33 H15 O13 N2 P1 S2,33,15,13,2,1,2,-9999,N/A,-9999,-9999,N/A,-9999
3437,740.967969,740.9681771936624,740.9688895947891,5444375,-9999,179095.5,20.54,-1,-0.9614453948582982,0.4227923081745579,0.7489023467070351,0.5532363235875488,29,0.3225806451612903,0.5483870967741935,N4 S1 O17,de-protonated,0,-9999,C31 H10 O17 N4 S1,31,10,17,4,-9999,1,-9999,N/A,-9999,-9999,N/A,-9999
3438,740.970069,740.9702771953271,740.970923487589,5542682,-9999,208804.5,20.94,-1,-0.8722235129479402,0.435531307164883,0.7739790330151771,0.5709103975050007,19,0.6666666666666666,0.7777777777777778,S2 O21,de-protonated,0,-9999,C27 H18 O21 S2,27,18,21,-9999,-9999,2,-9999,N/A,-9999,-9999,N/A,-9999
3438,740.970069,740.9702771953271,740.9705433650691,5542682,-9999,208804.5,20.94,-1,-0.3592177104200116,0.4884291564441291,0.7612342259156646,0.5975511842327433,24,0.5172413793103449,0.6206896551724138,N2 S1 P1 O18,de-protonated,0,-9999,C29 H15 O18 N2 P1 S1,29,15,18,2,1,1,-9999,N/A,-9999,-9999,N/A,-9999
3438,740.970069,740.9702771953271,740.969891916389,5542682,-9999,208804.5,20.94,-1,0.5199657129126906,0.47606330716373335,0.8149093904448103,0.6116017404761641,15,0.9047619047619048,0.9523809523809524,N4 S2 P1 O20,de-protonated,0,-9999,C21 H19 O20 N4 P1 S2,21,19,20,4,1,2,-9999,N/A,-9999,-9999,N/A,-9999
3439,741.137159,741.1373673277808,741.137733277479,3459070.5,-9999,252104.2,12.4,-1,-0.4937674629013821,0.4783629548990017,0.6536072938689251,0.5484606904869711,37,0.5306122448979592,0.12244897959183672,S1 O6,de-protonated,0,-9999,C49 H26 O6 S1,49,26,6,-9999,-9999,1,-9999,N/A,-9999,-9999,N/A,-9999
3439,741.137159,741.1373673277808,741.1378662192091,3459070.5,-9999,252104.2,12.4,-1,-0.6731425433838384,0.4605354845668122,0.7087183895694522,0.5598086465678682,24,0.8157894736842105,0.3684210526315789,P1 O14,de-protonated,0,-9999,C38 H31 O14 P1,38,31,14,-9999,1,-9999,-9999,N/A,-9999,-9999,N/A,-9999
3439,741.137159,741.1373673277808,741.1375948930489,3459070.5,-9999,252104.2,12.4,-1,-0.30704860971466147,0.4915193583969175,0.7675537279851021,0.6019331062321913,10,1.3571428571428572,0.6785714285714286,S2 O19,de-protonated,0,-9999,C28 H38 O19 S2,28,38,19,-9999,-9999,2,-9999,N/A,-9999,-9999,N/A,-9999
3439,741.137159,741.1373673277808,741.136725513179,3459070.5,-9999,252104.2,12.4,-1,0.8659867736349128,0.4363888588843766,0.7739790330151772,0.5714249285366969,11,1.2592592592592593,0.8888888888888888,O24,de-protonated,0,-9999,C27 H34 O24,27,34,24,-9999,-9999,-9999,-9999,N/A,-9999,-9999,N/A,-9999
3439,741.137159,741.1373673277808,741.1370818287991,3459070.5,-9999,252104.2,12.4,-1,0.38521751066706217,0.4867168166811086,0.6927871148459346,0.569144935947039,28,0.7317073170731707,0.1951219512195122,N2 S2 O8,de-protonated,0,-9999,C41 H30 O8 N2 S2,41,30,8,2,-9999,2,-9999,N/A,-9999,-9999,N/A,-9999
3439,741.137159,741.1373673277808,741.1372147705291,3459070.5,-9999,252104.2,12.4,-1,0.2058421148483392,0.4961706601580704,0.7550179348240813,0.5997095700244748,15,1.1666666666666667,0.5333333333333333,N2 S1 P1 O16,de-protonated,0,-9999,C30 H35 O16 N2 P1 S1,30,35,16,2,1,1,-9999,N/A,-9999,-9999,N/A,-9999
3439,741.137159,741.1373673277808,741.1367017062789,3459070.5,-9999,252104.2,12.4,-1,0.8981089458046392,0.43192486364648486,0.6825582999861977,0.53217823818237,33,0.627906976744186,0.11627906976744186,N4 S1 P1 O5,de-protonated,0,-9999,C43 H27 O5 N4 P1 S1,43,27,5,4,1,1,-9999,N/A,-9999,-9999,N/A,-9999
3439,741.137159,741.1373673277808,741.1380629236991,3459070.5,-9999,252104.2,12.4,-1,-0.9385510650056796,0.4261425539945808,0.7675537279851021,0.5627070235907894,16,1.0714285714285714,0.7142857142857143,N4 O20,de-protonated,0,-9999,C28 H30 O20 N4,28,30,20,4,-9999,-9999,-9999,N/A,-9999,-9999,N/A,-9999
3440,741.143805,741.1440133330491,741.1436065042491,9089032,-9999,139430.6,35.47,-1,0.548920339377615,0.9395286659813742,0.31913219093075895,0.6913700759611281,28,0.7142857142857143,0.2619047619047619,S1 O11,de-protonated,0,-9999,C42 H30 O11 S1,42,30,11,-9999,-9999,1,-9999,N/A,-9999,-9999,N/A,-9999
3440,741.143805,741.1440133330491,741.144608825849,9089032,-9999,139430.6,35.47,-1,-0.8034772064876644,0.2964872280834732,0.6965794561956503,0.4565241193283441,14,1.21875,0.4375,S2 P1 O14,de-protonated,0,-9999,C32 H39 O14 P1 S2,32,39,14,-9999,1,2,-9999,N/A,-9999,-9999,N/A,-9999
3440,741.143805,741.1440133330491,741.143739445979,9089032,-9999,139430.6,35.47,-1,0.369546493483596,0.9799845403508288,0.9795734590888436,0.9798201078460348,15,1.1290322580645162,0.6129032258064516,P1 O19,de-protonated,0,-9999,C31 H35 O19 P1,31,35,19,-9999,1,-9999,-9999,N/A,-9999,-9999,N/A,-9999
3440,741.143805,741.1440133330491,741.144095761599,9089032,-9999,139430.6,35.47,-1,-0.11121798097855204,0.7218317651413277,0.32280551102775,0.5622212634958966,32,0.6888888888888889,0.06666666666666667,N2 S2 P1 O3,de-protonated,0,-9999,C45 H31 O3 N2 P1 S2,45,31,3,2,1,2,-9999,N/A,-9999,-9999,N/A,-9999
3441,741.152916,741.1531243402715,741.153122360499,38435860,-9999,154685.5,155.74,-1,0.00267120576301043,0.24999967632568185,0.6338801539457507,0.4035518673737094,28,0.7380952380952381,0.2619047619047619,P1 O11,de-protonated,0,-9999,C42 H31 O11 P1,42,31,11,-9999,1,-9999,-9999,N/A,-9999,-9999,N/A,-9999
3441,741.152916,741.1531243402715,741.152851034339,38435860,-9999,154685.5,155.74,-1,0.36875785073027634,0.3290616811694025,0.6619567817445575,0.4622197213994645,14,1.1875,0.5,S2 O16,de-protonated,0,-9999,C32 H38 O16 S2,32,38,16,-9999,-9999,2,-9999,N/A,-9999,-9999,N/A,-9999
3441,741.152916,741.1531243402715,741.152470911819,38435860,-9999,154685.5,155.74,-1,0.8816383646861093,0.17369133819970453,0.6645326313709385,0.37002785546819816,19,1.0294117647058822,0.38235294117647056,N2 S1 P1 O13,de-protonated,0,-9999,C34 H35 O13 N2 P1 S1,34,35,13,2,1,1,-9999,N/A,-9999,-9999,N/A,-9999
3441,741.152916,741.1531243402715,741.153319064989,38435860,-9999,154685.5,155.74,-1,-0.2627320319665431,0.24688826258037205,0.6948979297705153,0.4260921294564294,20,0.9375,0.53125,N4 O17,de-protonated,0,-9999,C32 H30 O17 N4,32,30,17,4,-9999,-9999,-9999,N/A,-9999,-9999,N/A,-9999
3442,742.146667,742.1468761280264,742.1469613393191,3387747.5,-9999,289550.3,12.1,-1,-0.11481727625919246,0.9564673555983442,0.31913219093075895,0.7015332897313101,28,0.7317073170731707,0.2682926829268293,13C1 S1 O11,de-protonated,1,3440,C41 H30 O11 S1 13C1,41,30,11,-9999,-9999,1,1,N/A,-9999,-9999,N/A,-9999
3442,742.146667,742.1468761280264,742.147094281049,3387747.5,-9999,289550.3,12.1,-1,-0.2939484965936999,0.9844440591137088,0.9795734590888436,0.9824958191037628,15,1.1666666666666667,0.6333333333333333,13C1 P1 O19,de-protonated,1,3440,C30 H35 O19 P1 13C1,30,35,19,-9999,1,-9999,1,N/A,-9999,-9999,N/A,-9999
3442,742.146667,742.1468761280264,742.14723062666906,3387747.5,-9999,289550.3,12.1,-1,-0.4776661934736732,0.9576778583941356,0.3297548891667744,0.7065086707031912,15,1.1,0.7,N1 O21,de-protonated,0,-9999,C30 H33 O21 N1,30,33,21,1,-9999,-9999,-9999,N/A,-9999,-9999,N/A,-9999
3442,742.146667,742.1468761280264,742.147450596669,3387747.5,-9999,289550.3,12.1,-1,-0.7740626774070289,0.6966378134672949,0.32280551102775,0.547104892491477,32,0.7045454545454546,0.06818181818181818,13C1 N2 S2 P1 O3,de-protonated,1,3440,C44 H31 O3 N2 P1 S2 13C1,44,31,3,2,1,2,1,N/A,-9999,-9999,N/A,-9999
3442,742.146667,742.1468761280264,742.1475869422891,3387747.5,-9999,289550.3,12.1,-1,-0.9577801978760658,0.9232994182795208,0.4072164922327588,0.7168662478608159,32,0.6590909090909091,0.11363636363636365,N3 S2 O5,de-protonated,0,-9999,C44 H29 O5 N3 S2,44,29,5,3,-9999,2,-9999,N/A,-9999,-9999,N/A,-9999
3442,742.146667,742.1468761280264,742.146717562419,3387747.5,-9999,289550.3,12.1,-1,0.21365803239288397,0.4958755611065364,0.6825582999861977,0.5705486566584009,33,0.5813953488372093,0.23255813953488372,N3 O10,de-protonated,0,-9999,C43 H25 O10 N3,43,25,10,3,-9999,-9999,-9999,N/A,-9999,-9999,N/A,-9999
3443,742.14855,742.148759129519,742.1492407125689,3467110.5,-9999,212895.4,12.43,-1,-0.6489032441182734,0.4632211179199736,0.6876346701883606,0.5529865388273283,27,0.8095238095238095,0.14285714285714285,N1 S2 P1 O6,de-protonated,0,-9999,C42 H34 O6 N1 P1 S2,42,34,6,1,1,2,-9999,N/A,-9999,-9999,N/A,-9999
3443,742.14855,742.148759129519,742.148371332699,3467110.5,-9999,212895.4,12.43,-1,0.5225327374466768,0.4758321972703032,0.6927871148459346,0.5626141643005558,28,0.7317073170731707,0.2682926829268293,N1 P1 O11,de-protonated,0,-9999,C41 H30 O11 N1 P1,41,30,11,1,1,-9999,-9999,N/A,-9999,-9999,N/A,-9999
3443,742.14855,742.148759129519,742.148100006539,3467110.5,-9999,212895.4,12.43,-1,0.8881286362877941,0.8940607651171052,0.33768445095035093,0.6715102394504034,14,1.1935483870967742,0.5161290322580645,N1 S2 O16,de-protonated,0,-9999,C31 H37 O16 N1 S2,31,37,16,1,-9999,2,-9999,N/A,-9999,-9999,N/A,-9999
3444,742.153831,742.1540401337053,742.154111617739,11688301,-9999,123381.9,46.12,-1,-0.0963196626924475,0.33277267666976,0.6240179704823443,0.44927079419479377,32,0.6444444444444445,0.17777777777777778,N1 S1 O8,de-protonated,0,-9999,C45 H29 O8 N1 S1,45,29,8,1,-9999,1,-9999,N/A,-9999,-9999,N/A,-9999
3444,742.153831,742.1540401337053,742.154244559469,11688301,-9999,123381.9,46.12,-1,-0.27544916065547104,0.3287758041160144,0.6976611809416156,0.4763299548462549,19,1,0.4705882352941176,N1 P1 O16,de-protonated,0,-9999,C34 H34 O16 N1 P1,34,34,16,1,1,-9999,-9999,N/A,-9999,-9999,N/A,-9999
3444,742.153831,742.1540401337053,742.1539732333091,11688301,-9999,123381.9,46.12,-1,0.09014355321181414,0.33284221992570784,0.7412565550906046,0.4962079539916665,5,1.7083333333333333,0.875,N1 S2 O21,de-protonated,0,-9999,C24 H41 O21 N1 S2,24,41,21,1,-9999,2,-9999,N/A,-9999,-9999,N/A,-9999
3444,742.153831,742.1540401337053,742.153731495219,11688301,-9999,123381.9,46.12,-1,0.4158686714531199,0.32303543703281773,0.6116976458364167,0.43850032055425736,37,0.5531914893617021,0.10638297872340426,N3 P1 O5,de-protonated,0,-9999,C47 H26 O5 N3 P1,47,26,5,3,1,-9999,-9999,N/A,-9999,-9999,N/A,-9999
3444,742.153831,742.1540401337053,742.153460169059,11688301,-9999,123381.9,46.12,-1,0.7814618908023362,0.2237777443568384,0.6379285323518259,0.3894380595548334,23,0.8918918918918919,0.2702702702702703,N3 S2 O10,de-protonated,0,-9999,C37 H33 O10 N3 S2,37,33,10,3,-9999,2,-9999,N/A,-9999,-9999,N/A,-9999
3444,742.153831,742.1540401337053,742.1535931107891,11688301,-9999,123381.9,46.12,-1,0.6023320783660345,0.4681448710109451,0.7805128205128199,0.593092050811695,10,1.4615384615384617,0.6923076923076923,N3 S1 P1 O18,de-protonated,0,-9999,C26 H38 O18 N3 P1 S1,26,38,18,3,1,1,-9999,N/A,-9999,-9999,N/A,-9999
3445,742.653598,742.6538075298749,742.654125834119,4342809,-9999,141410.7,16.01,-1,-0.4286036163730712,0.4836085422293092,0.6582606959877569,0.5534694037326884,5,1.8541666666666667,0.04166666666666666,N1 S1 O2,de-protonated,0,-9999,C48 H89 O2 N1 S1,48,89,2,1,-9999,1,-9999,N/A,-9999,-9999,N/A,-9999
3446,742.656278,742.6564875319995,742.656627757569,4183068.5,-9999,278370.9,15.36,-1,-0.1888161558458276,0.4967759766128162,0.6775563317580969,0.5690881186709285,1,2.022727272727273,0.1590909090909091,N1 O7,de-protonated,0,-9999,C44 H89 O7 N1,44,89,7,1,-9999,-9999,-9999,N/A,-9999,-9999,N/A,-9999
3447,743.13559,743.1357999119541,743.1356252771991,3571371.3,-9999,234931.7,12.85,-1,0.23499715135754295,0.4950148873910519,0.6536072938689252,0.5584518499822013,36,0.5714285714285714,0.08163265306122448,S2 O4,de-protonated,0,-9999,C49 H28 O4 S2,49,28,4,-9999,-9999,2,-9999,N/A,-9999,-9999,N/A,-9999
3447,743.13559,743.1357999119541,743.1357582189289,3571371.3,-9999,234931.7,12.85,-1,0.0561041838381997,0.4997145103853228,0.7087183895694522,0.5833160620589746,23,0.868421052631579,0.3157894736842105,S1 P1 O12,de-protonated,0,-9999,C38 H33 O12 P1 S1,38,33,12,-9999,1,1,-9999,N/A,-9999,-9999,N/A,-9999
3447,743.13559,743.1357999119541,743.135106770249,3571371.3,-9999,234931.7,12.85,-1,0.9327263627126589,0.426986180415712,0.7550179348240813,0.5581988821790598,14,1.2333333333333334,0.4666666666666667,N2 S2 P1 O14,de-protonated,0,-9999,C30 H37 O14 N2 P1 S2,30,37,14,2,1,2,-9999,N/A,-9999,-9999,N/A,-9999
3447,743.13559,743.1357999119541,743.135954923419,3571371.3,-9999,234931.7,12.85,-1,-0.20859099051696528,0.496068106877084,0.7675537279851021,0.6046623553202912,15,1.1428571428571428,0.6428571428571429,N4 S1 O18,de-protonated,0,-9999,C28 H32 O18 N4 S1,28,32,18,4,-9999,1,-9999,N/A,-9999,-9999,N/A,-9999
3448,743.140957,743.1411669162086,743.141498503969,6889139,-9999,121156.2,26.45,-1,-0.4461973407808764,0.48225986338587373,0.6876346701883606,0.5644097861068684,27,0.7619047619047619,0.21428571428571427,S2 O9,de-protonated,0,-9999,C42 H32 O9 S2,42,32,9,-9999,-9999,2,-9999,N/A,-9999,-9999,N/A,-9999
3448,743.140957,743.1411669162086,743.1406291240991,6889139,-9999,121156.2,26.45,-1,0.7236747507128606,0.45467482261634223,0.6927871148459346,0.5499197395081792,28,0.6829268292682927,0.34146341463414637,O14,de-protonated,0,-9999,C41 H28 O14,41,28,14,-9999,-9999,-9999,-9999,N/A,-9999,-9999,N/A,-9999
3448,743.140957,743.1411669162086,743.1416314456991,6889139,-9999,121156.2,26.45,-1,-0.6250887729121886,0.4657782065621905,0.7489023467070351,0.5790278626201284,14,1.1935483870967742,0.5483870967741935,S1 P1 O17,de-protonated,0,-9999,C31 H37 O17 P1 S1,31,37,17,-9999,1,1,-9999,N/A,-9999,-9999,N/A,-9999
3448,743.140957,743.1411669162086,743.141118381449,6889139,-9999,121156.2,26.45,-1,0.06531028679592817,0.3330754473704839,0.6302964184076341,0.451963835785344,32,0.6590909090909091,0.13636363636363635,N2 S1 P1 O6,de-protonated,0,-9999,C44 H29 O6 N2 P1 S1,44,29,6,2,1,1,-9999,N/A,-9999,-9999,N/A,-9999
3448,743.140957,743.1411669162086,743.140979997019,6889139,-9999,121156.2,26.45,-1,0.25152588080948735,0.4942931185078142,0.8007932653391623,0.6168931772403534,5,1.7826086956521738,0.8260869565217391,N2 S2 P1 O19,de-protonated,0,-9999,C23 H41 O19 N2 P1 S2,23,41,19,2,1,2,-9999,N/A,-9999,-9999,N/A,-9999
3448,743.140957,743.1411669162086,743.140466932769,6889139,-9999,121156.2,26.45,-1,0.9419261509471742,0.4256520849542833,0.719752637322661,0.5432923059016344,23,0.9166666666666666,0.2222222222222222,N4 S2 P1 O8,de-protonated,0,-9999,C36 H33 O8 N4 P1 S2,36,33,8,4,1,2,-9999,N/A,-9999,-9999,N/A,-9999
3449,743.150746,743.1509559239685,743.150881418489,36574912,-9999,149294,148.1,-1,0.10025619470224947,0.1663629776823801,0.5249760052798016,0.30980818872134874,40,0.5283018867924528,0.01886792452830188,S2 O1,de-protonated,0,-9999,C53 H28 O1 S2,53,28,1,-9999,-9999,2,-9999,N/A,-9999,-9999,N/A,-9999
3449,743.150746,743.1509559239685,743.1510143602189,36574912,-9999,149294,148.1,-1,-0.07863307637405033,0.19977574054756653,0.6172663375155556,0.36677197933476213,27,0.7857142857142857,0.21428571428571427,S1 P1 O9,de-protonated,0,-9999,C42 H33 O9 P1 S1,42,33,9,-9999,1,1,-9999,N/A,-9999,-9999,N/A,-9999
3449,743.150746,743.1509559239685,743.1503161743891,36574912,-9999,149294,148.1,-1,0.860861612300518,0.9153238918391396,0.31913219093075895,0.6768472114757874,28,0.75,0.275,13C2 S1 O11,de-protonated,1,3440,C40 H30 O11 S1 13C2,40,30,11,-9999,-9999,1,2,N/A,-9999,-9999,N/A,-9999
3449,743.150746,743.1509559239685,743.151454841609,36574912,-9999,149294,148.1,-1,-0.6713539176083989,0.9214729642952616,0.33768445095035093,0.6879575589572974,14,1.2333333333333334,0.5333333333333333,13C1 N1 S2 O16,de-protonated,1,3443,C30 H37 O16 N1 S2 13C1,30,37,16,1,-9999,2,1,N/A,-9999,-9999,N/A,-9999
3449,743.150746,743.1509559239685,743.1505854617391,36574912,-9999,149294,148.1,-1,0.4985022371581581,0.9559106701900044,0.3297548891667744,0.7054483577807125,15,1.137931034482759,0.7241379310344828,13C1 N1 O21,de-protonated,1,3442,C29 H33 O21 N1 13C1,29,33,21,1,-9999,-9999,1,N/A,-9999,-9999,N/A,-9999
3449,743.150746,743.1509559239685,743.1508054317391,36574912,-9999,149294,148.1,-1,0.20250563991712728,0.7205389082213218,0.32280551102775,0.561445549343893,32,0.7209302325581395,0.06976744186046512,13C2 N2 S2 P1 O3,de-protonated,1,3440,C43 H31 O3 N2 P1 S2 13C2,43,31,3,2,1,2,2,N/A,-9999,-9999,N/A,-9999
3449,743.150746,743.1509559239685,743.150362911539,36574912,-9999,149294,148.1,-1,0.7979709882036242,0.14848099376700152,0.6335711841669569,0.3425170699269837,18,1.088235294117647,0.3235294117647059,N2 S2 P1 O11,de-protonated,0,-9999,C34 H37 O11 N2 P1 S2,34,37,11,2,1,2,-9999,N/A,-9999,-9999,N/A,-9999
3449,743.150746,743.1509559239685,743.1509417773591,36574912,-9999,149294,148.1,-1,0.01903598391448854,0.9999342508399724,0.4072164922327588,0.762847147397087,32,0.6744186046511628,0.11627906976744186,13C1 N3 S2 O5,de-protonated,1,3442,C43 H29 O5 N3 S2 13C1,43,29,5,3,-9999,2,1,N/A,-9999,-9999,N/A,-9999
3449,743.150746,743.1509559239685,743.1512110647091,36574912,-9999,149294,148.1,-1,-0.34332278114194653,0.1957679273086432,0.6758163957342211,0.3877873146788744,19,1,0.46875,N4 S1 O15,de-protonated,0,-9999,C32 H32 O15 N4 S1,32,32,15,4,-9999,1,-9999,N/A,-9999,-9999,N/A,-9999
3450,744.151729,744.1519397174562,744.152001699009,12393495,-9999,160702.7,49,-1,-0.08329152195826876,0.3329139985831004,0.6619567817445575,0.46453111184768325,14,1.2258064516129032,0.5161290322580645,13C1 S1 34S1 O16,de-protonated,1,3441,C31 H38 O16 S1 13C1 34S1,31,38,16,-9999,-9999,1,1,N/A,-9999,-9999,N/A,1
3450,744.151729,744.1519397174562,744.1520036174592,12393495,-9999,160702.7,49,-1,-0.08586955706856807,0.24966574201737105,0.591016179820611,0.38620591713866703,31,0.6888888888888889,0.13333333333333333,N1 S2 O6,de-protonated,0,-9999,C45 H31 O6 N1 S2,45,31,6,1,-9999,2,-9999,N/A,-9999,-9999,N/A,-9999
3450,744.151729,744.1519397174562,744.1521365591891,12393495,-9999,160702.7,49,-1,-0.26451813171263067,0.32912810583048485,0.6976611809416156,0.47654133587493713,18,1.0588235294117647,0.4117647058823529,N1 S1 P1 O14,de-protonated,0,-9999,C34 H36 O14 N1 P1 S1,34,36,14,1,1,1,-9999,N/A,-9999,-9999,N/A,-9999
3450,744.151729,744.1519397174562,744.1516234949389,12393495,-9999,160702.7,49,-1,0.42494366380285337,0.3225884975445125,0.6116976458364167,0.43823215686127426,36,0.5957446808510638,0.06382978723404255,N3 S1 P1 O3,de-protonated,0,-9999,C47 H28 O3 N3 P1 S1,47,28,3,3,1,1,-9999,N/A,-9999,-9999,N/A,-9999
3450,744.151729,744.1519397174562,744.151485110509,12393495,-9999,160702.7,49,-1,0.6109064569287528,0.31150803269458444,0.7295584795690508,0.478728211444371,9,1.5384615384615383,0.6153846153846154,N3 S2 P1 O16,de-protonated,0,-9999,C26 H40 O16 N3 P1 S2,26,40,16,3,1,2,-9999,N/A,-9999,-9999,N/A,-9999
3452,745.247997,745.2482085864773,745.247677651869,4226541,-9999,165583.9,14.42,-1,0.7124270550388097,0.4560093887948877,0.677556331758097,0.5446281659801715,24,0.9545454545454546,0.20454545454545456,S1 O9,de-protonated,0,-9999,C44 H42 O9 S1,44,42,9,-9999,-9999,1,-9999,N/A,-9999,-9999,N/A,-9999
3452,745.247997,745.2482085864773,745.2486799734689,4226541,-9999,165583.9,14.42,-1,-0.632523081644903,0.4649887070240299,0.731135910132286,0.5714475882673323,10,1.5,0.35294117647058826,S2 P1 O12,de-protonated,0,-9999,C34 H51 O12 P1 S2,34,51,12,-9999,1,2,-9999,N/A,-9999,-9999,N/A,-9999
3452,745.247997,745.2482085864773,745.247810593599,4226541,-9999,165583.9,14.42,-1,0.5340409896900556,0.4747835297162169,0.7369636471990461,0.5796555767093485,11,1.4242424242424243,0.5151515151515151,P1 O17,de-protonated,0,-9999,C33 H47 O17 P1,33,47,17,-9999,1,-9999,-9999,N/A,-9999,-9999,N/A,-9999
3452,745.247997,745.2482085864773,745.248166909219,4226541,-9999,165583.9,14.42,-1,0.05592399976271053,0.499716340676913,0.6629808336683964,0.5650221378735064,28,0.9148936170212766,0.02127659574468085,N2 S2 P1 O1,de-protonated,0,-9999,C47 H43 O1 N2 P1 S2,47,43,1,2,1,2,-9999,N/A,-9999,-9999,N/A,-9999
3452,745.247997,745.2482085864773,745.2488766779592,4226541,-9999,165583.9,14.42,-1,-0.8964676134266784,0.4321557703926519,0.7939170211058493,0.5768602706779309,2,2.0833333333333335,0.75,N4 S2 O18,de-protonated,0,-9999,C24 H50 O18 N4 S2,24,50,18,4,-9999,2,-9999,N/A,-9999,-9999,N/A,-9999
3453,746.649404,746.6496166973845,746.6490404536889,4046176,-9999,172423.1,13.73,-1,0.7717731683610974,0.4487792522018823,0.6629808336683963,0.5344598847884879,4,1.8936170212765957,0.06382978723404255,N1 S1 O3,de-protonated,0,-9999,C47 H89 O3 N1 S1,47,89,3,1,-9999,1,-9999,N/A,-9999,-9999,N/A,-9999
3454,749.002623,749.0028375628013,749.003149847279,5195226,-9999,250109.5,18.09,-1,-0.4169334638129282,0.4844751964034372,0.6980173569463055,0.5698920606205845,34,0.35,0.35,S1 O14,de-protonated,0,-9999,C40 H14 O14 S1,40,14,14,-9999,-9999,1,-9999,N/A,-9999,-9999,N/A,-9999
3454,749.002623,749.0028375628013,749.003282789009,5195226,-9999,250109.5,18.09,-1,-0.5944249081860412,0.4689493858511111,0.7612342259156646,0.5858633218769325,21,0.6551724137931034,0.7586206896551724,P1 O22,de-protonated,0,-9999,C29 H19 O22 P1,29,19,22,-9999,1,-9999,-9999,N/A,-9999,-9999,N/A,-9999
3454,749.002623,749.0028375628013,749.002498398599,5195226,-9999,250109.5,18.09,-1,0.4528211896652659,0.48173905328859745,0.7428850341668535,0.5861974456398998,25,0.5625,0.5,N2 S2 O16,de-protonated,0,-9999,C32 H18 O16 N2 S2,32,18,16,2,-9999,2,-9999,N/A,-9999,-9999,N/A,-9999
3454,749.002623,749.0028375628013,749.002118276079,5195226,-9999,250109.5,18.09,-1,0.9603266863339136,0.4229572703762298,0.731135910132286,0.5462287262786523,30,0.4411764705882353,0.38235294117647056,N4 S1 P1 O13,de-protonated,0,-9999,C34 H15 O13 N4 P1 S1,34,15,13,4,1,1,-9999,N/A,-9999,-9999,N/A,-9999
3455,749.004785,749.0049995645153,749.0056517707291,5047773,-9999,176121,17.53,-1,-0.8707627402143738,0.4357325637715525,0.719752637322661,0.5493405931919959,30,0.3888888888888889,0.5277777777777778,O19,de-protonated,0,-9999,C36 H14 O19,36,14,19,-9999,-9999,-9999,-9999,N/A,-9999,-9999,N/A,-9999
3455,749.004785,749.0049995645153,749.0050003220491,5047773,-9999,176121,17.53,-1,-0.00101138687400559,0.4999999071977687,0.7675537279851021,0.6070214355127022,21,0.6428571428571429,0.75,N2 S1 O21,de-protonated,0,-9999,C28 H18 O21 N2 S1,28,18,21,2,-9999,1,-9999,N/A,-9999,-9999,N/A,-9999
3455,749.004785,749.0049995645153,749.005489579399,5047773,-9999,176121,17.53,-1,-0.6542206839391937,0.46263907167879986,0.7489023467070351,0.577144381690094,25,0.6129032258064516,0.41935483870967744,N4 S2 P1 O13,de-protonated,0,-9999,C31 H19 O13 N4 P1 S2,31,19,13,4,1,2,-9999,N/A,-9999,-9999,N/A,-9999
3455,749.004785,749.0049995645153,749.0046201995291,5047773,-9999,176121,17.53,-1,0.5064921843883629,0.47725945829509014,0.7550179348240813,0.5883628489066866,26,0.5,0.6,N4 P1 O18,de-protonated,0,-9999,C30 H15 O18 N4 P1,30,15,18,4,1,-9999,-9999,N/A,-9999,-9999,N/A,-9999
3456,750.999675,750.9998911458816,750.999521018449,3905637.3,-9999,178435.6,13.17,-1,0.49284642976425086,0.4784418353989891,0.7489023467070351,0.5866260399222075,25,0.5161290322580645,0.6129032258064516,N2 S1 O19,de-protonated,0,-9999,C31 H16 O19 N2 S1,31,16,19,2,-9999,1,-9999,N/A,-9999,-9999,N/A,-9999
3456,750.999675,750.9998911458816,750.999140895929,3905637.3,-9999,178435.6,13.17,-1,0.9990024112512416,0.4171814478394182,0.7369636471990462,0.5450943275832694,30,0.3939393939393939,0.48484848484848486,N4 P1 O16,de-protonated,0,-9999,C33 H13 O16 N4 P1,33,13,16,4,1,-9999,-9999,N/A,-9999,-9999,N/A,-9999
3457,753.190676,753.190893882707,753.190377249719,8860650,-9999,133124.8,32.03,-1,0.6859261663836533,0.22954297608310031,0.5910161798206112,0.3741322575781047,27,0.8666666666666667,0.1111111111111111,S2 P1 O5,de-protonated,0,-9999,C45 H39 O5 P1 S2,45,39,5,-9999,1,2,-9999,N/A,-9999,-9999,N/A,-9999
3457,753.190676,753.190893882707,753.191225402889,8860650,-9999,133124.8,32.03,-1,-0.4401540682671308,0.3218192071908251,0.6366550704180973,0.447753552481734,28,0.7906976744186046,0.20930232558139536,N2 S1 O9,de-protonated,0,-9999,C43 H34 O9 N2 S1,43,34,9,2,-9999,1,-9999,N/A,-9999,-9999,N/A,-9999
3457,753.190676,753.190893882707,753.1913583446191,8860650,-9999,133124.8,32.03,-1,-0.616658578118792,0.46666376324994474,0.7428850341668535,0.5771522716167082,15,1.21875,0.53125,N2 P1 O17,de-protonated,0,-9999,C32 H39 O17 N2 P1,32,39,17,2,1,-9999,-9999,N/A,-9999,-9999,N/A,-9999
3457,753.190676,753.190893882707,753.190845280369,8860650,-9999,133124.8,32.03,-1,0.06452858301198142,0.33308158142156025,0.6240179704823443,0.44945613704587384,33,0.6888888888888889,0.13333333333333333,N4 P1 O6,de-protonated,0,-9999,C45 H31 O6 N4 P1,45,31,6,4,1,-9999,-9999,N/A,-9999,-9999,N/A,-9999
3457,753.190676,753.190893882707,753.1905739542091,8860650,-9999,133124.8,32.03,-1,0.42476434114443135,0.32259741649161033,0.6811833218741545,0.4660317786446281,19,1.0857142857142856,0.3142857142857143,N4 S2 O11,de-protonated,0,-9999,C35 H38 O11 N4 S2,35,38,11,4,-9999,2,-9999,N/A,-9999,-9999,N/A,-9999
3457,753.190676,753.190893882707,753.1907068959391,8860650,-9999,133124.8,32.03,-1,0.2482595259685308,0.4944395551119773,0.7939170211058493,0.6142305415095262,6,1.7916666666666667,0.7916666666666666,N4 S1 P1 O19,de-protonated,0,-9999,C24 H43 O19 N4 P1 S1,24,43,19,4,1,1,-9999,N/A,-9999,-9999,N/A,-9999
3458,755.144292,755.144511431355,755.145141133449,9293345,-9999,197256.1,33.67,-1,-0.8338822031525072,0.293821052573452,0.5937935904294966,0.4138100677158698,37,0.58,0.08,S1 P1 O4,de-protonated,0,-9999,C50 H29 O4 P1 S1,50,29,4,-9999,1,1,-9999,N/A,-9999,-9999,N/A,-9999
3458,755.144292,755.144511431355,755.1440004274191,9293345,-9999,197256.1,33.67,-1,0.676697339346111,0.3067564581625683,0.6629121235444505,0.4492187243153212,24,0.8205128205128205,0.358974358974359,S1 O14,de-protonated,0,-9999,C39 H32 O14 S1,39,32,14,-9999,-9999,1,-9999,N/A,-9999,-9999,N/A,-9999
3458,755.144292,755.144511431355,755.145002749019,9293345,-9999,197256.1,33.67,-1,-0.6506269156409021,0.30868859022681844,0.7126876527390567,0.4702882152317137,10,1.4137931034482758,0.5862068965517241,S2 P1 O17,de-protonated,0,-9999,C29 H41 O17 P1 S2,29,41,17,-9999,1,2,-9999,N/A,-9999,-9999,N/A,-9999
3458,755.144292,755.144511431355,755.144133369149,9293345,-9999,197256.1,33.67,-1,0.5006490672123364,0.47776934682481015,0.7675537279851021,0.5936830992889269,11,1.3214285714285714,0.7857142857142857,P1 O22,de-protonated,0,-9999,C28 H37 O22 P1,28,37,22,-9999,1,-9999,-9999,N/A,-9999,-9999,N/A,-9999
3458,755.144292,755.144511431355,755.1444896847689,9293345,-9999,197256.1,33.67,-1,0.02879791399992376,0.2499623830809866,0.6081010788118548,0.3932178613733339,28,0.7857142857142857,0.14285714285714285,N2 S2 P1 O6,de-protonated,0,-9999,C42 H33 O6 N2 P1 S2,42,33,6,2,1,2,-9999,N/A,-9999,-9999,N/A,-9999
3459,755.160367,755.1605864440978,755.160258890309,108389944,-9999,154639,411.06,-1,0.4337540077576967,0.20276356698689257,0.6628417775501256,0.3867948512121858,14,1.2424242424242424,0.42424242424242425,S2 P1 O14,de-protonated,0,-9999,C33 H41 O14 P1 S2,33,41,14,-9999,1,2,-9999,N/A,-9999,-9999,N/A,-9999
3459,755.160367,755.1605864440978,755.1611070434791,108389944,-9999,154639,411.06,-1,-0.6893884979237405,0.47640455324032305,0.6086156921516146,0.5292890088048396,15,1.1612903225806452,0.5806451612903226,N2 S1 O18,de-protonated,0,-9999,C31 H36 O18 N2 S1,31,36,18,2,-9999,1,-9999,N/A,-9999,-9999,N/A,-9999
3459,755.160367,755.1605864440978,755.160593979229,108389944,-9999,154639,411.06,-1,-0.0099781837976138,0.25865900529675795,0.6532421633859111,0.4164922685324193,33,0.6363636363636364,0.1590909090909091,N4 S1 O7,de-protonated,0,-9999,C44 H28 O7 N4 S1,44,28,7,4,-9999,1,-9999,N/A,-9999,-9999,N/A,-9999
3459,755.160367,755.1605864440978,755.160726920959,108389944,-9999,154639,411.06,-1,-0.18602246664295055,0.28252039125112155,0.7164275607380537,0.4560832590458944,20,1,0.4545454545454546,N4 P1 O15,de-protonated,0,-9999,C33 H33 O15 N4 P1,33,33,15,4,1,-9999,-9999,N/A,-9999,-9999,N/A,-9999
3459,755.160367,755.1605864440978,755.160455594799,108389944,-9999,154639,411.06,-1,0.17327350474348355,0.27931225421339845,0.7010822695527432,0.44802026034913633,6,1.7391304347826086,0.8695652173913043,N4 S2 O20,de-protonated,0,-9999,C23 H40 O20 N4 S2,23,40,20,4,-9999,2,-9999,N/A,-9999,-9999,N/A,-9999
3460,755.168416,755.1686354504783,755.168772424959,7292481,-9999,220546.1,26.05,-1,-0.1813826070573072,0.3313493947835659,0.6366550704180972,0.4534716650373784,28,0.7674418604651163,0.2558139534883721,P1 O11,de-protonated,0,-9999,C43 H33 O11 P1,43,33,11,-9999,1,-9999,-9999,N/A,-9999,-9999,N/A,-9999
3460,755.168416,755.1686354504783,755.1685010987991,7292481,-9999,220546.1,26.05,-1,0.1779095380860361,0.49713664115630785,0.7369636471990461,0.5930674435734031,14,1.2121212121212122,0.48484848484848486,S2 O16,de-protonated,0,-9999,C33 H40 O16 S2,33,40,16,-9999,-9999,2,-9999,N/A,-9999,-9999,N/A,-9999
3460,755.168416,755.1686354504783,755.167988034549,7292481,-9999,220546.1,26.05,-1,0.8573137891667163,0.29171595641883896,0.6178187149649359,0.42215705983727775,32,0.6956521739130435,0.10869565217391304,N2 S2 O5,de-protonated,0,-9999,C46 H32 O5 N2 S2,46,32,5,2,-9999,2,-9999,N/A,-9999,-9999,N/A,-9999
3460,755.168416,755.1686354504783,755.1681209762789,7292481,-9999,220546.1,26.05,-1,0.681271077338267,0.45961641845345286,0.725399618712417,0.5659296985570386,19,1.0571428571428572,0.37142857142857144,N2 S1 P1 O13,de-protonated,0,-9999,C35 H37 O13 N2 P1 S1,35,37,13,2,1,1,-9999,N/A,-9999,-9999,N/A,-9999
3460,755.168416,755.1686354504783,755.168969129449,7292481,-9999,220546.1,26.05,-1,-0.44186001326799984,0.48259703418318833,0.7369636471990461,0.5843436793895314,20,0.9696969696969696,0.5151515151515151,N4 O17,de-protonated,0,-9999,C33 H32 O17 N4,33,32,17,4,-9999,-9999,-9999,N/A,-9999,-9999,N/A,-9999
3461,755.187318,755.1875374654621,755.1873998695689,5125722.5,-9999,200171.9,17.8,-1,0.18220099172315388,0.4969972584288535,0.677556331758097,0.5692208877605509,27,0.8409090909090909,0.18181818181818185,S1 P1 O8,de-protonated,0,-9999,C44 H37 O8 P1 S1,44,37,8,-9999,1,1,-9999,N/A,-9999,-9999,N/A,-9999
3461,755.187318,755.1875374654621,755.1872614851391,5125722.5,-9999,200171.9,17.8,-1,0.3654462106851176,0.4880293058840219,0.8007932653391622,0.613134889666078,0,2.130434782608696,0.9130434782608696,S2 P1 O21,de-protonated,0,-9999,C23 H49 O21 P1 S2,23,49,21,-9999,1,2,-9999,N/A,-9999,-9999,N/A,-9999
3461,755.187318,755.1875374654621,755.188248022739,5125722.5,-9999,200171.9,17.8,-1,-0.9409008664203734,0.4258012061857192,0.6876346701883607,0.5305345917867758,28,0.7619047619047619,0.2857142857142857,N2 O12,de-protonated,0,-9999,C42 H32 O12 N2,42,32,12,2,-9999,-9999,-9999,N/A,-9999,-9999,N/A,-9999
3461,755.187318,755.1875374654621,755.1875965740591,5125722.5,-9999,200171.9,17.8,-1,-0.07827008440973451,0.49944451276910895,0.7311359101322861,0.5921210717143798,19,1.0588235294117647,0.4117647058823529,N4 S1 O14,de-protonated,0,-9999,C34 H36 O14 N4 S1,34,36,14,4,-9999,1,-9999,N/A,-9999,-9999,N/A,-9999
3461,755.187318,755.1875374654621,755.1877295157891,5125722.5,-9999,200171.9,17.8,-1,-0.2543080607204014,0.49416691363561127,0.8007932653391622,0.6168174543170317,6,1.7826086956521738,0.9565217391304348,N4 P1 O22,de-protonated,0,-9999,C23 H41 O22 N4 P1,23,41,22,4,1,-9999,-9999,N/A,-9999,-9999,N/A,-9999
3462,756.165104,756.1653242405615,756.164890777029,18295666,-9999,107870.1,67.95,-1,0.5732394320761126,0.5616614609032833,0.7030792681584603,0.6182285838053541,27,0.8372093023255814,0.13953488372093023,N1 S2 P1 O6,de-protonated,0,-9999,C43 H36 O6 N1 P1 S2,43,36,6,1,1,2,-9999,N/A,-9999,-9999,N/A,-9999
3462,756.165104,756.1653242405615,756.165324180409,18295666,-9999,107870.1,67.95,-1,7.95494050346319e-5,0.4846666604572597,0.6086156921516146,0.5342462731350016,15,1.1612903225806452,0.5483870967741935,N2 S1 O17 17O1,de-protonated,1,3459,C31 H36 O17 N2 S1 17O1,31,36,17,2,-9999,1,-9999,N/A,1,-9999,N/A,-9999
3462,756.165104,756.1653242405615,756.165738930199,18295666,-9999,107870.1,67.95,-1,-0.548411037651501,0.2367226916833781,0.6312692955124997,0.3945413332150267,28,0.7560975609756098,0.24390243902439024,N3 S1 O10,de-protonated,0,-9999,C41 H31 O10 N3 S1,41,31,10,3,-9999,1,-9999,N/A,-9999,-9999,N/A,-9999
3462,756.165104,756.1653242405615,756.1658718719291,18295666,-9999,107870.1,67.95,-1,-0.7242212164528148,0.3030730340510864,0.7270833474793111,0.4726771594223763,15,1.2,0.6,N3 P1 O18,de-protonated,0,-9999,C30 H36 O18 N3 P1,30,36,18,3,1,-9999,-9999,N/A,-9999,-9999,N/A,-9999
3462,756.165104,756.1653242405615,756.164672731729,18295666,-9999,107870.1,67.95,-1,0.8615964961808225,0.2672535162543205,0.7010822695527432,0.4407850175736896,6,1.7391304347826086,0.8260869565217391,N4 S2 O19 17O1,de-protonated,1,3459,C23 H40 O19 N4 S2 17O1,23,40,19,4,-9999,2,-9999,N/A,1,-9999,N/A,-9999
3463,757.141851,757.1420720148371,757.142163753299,5231748,-9999,184395.9,18.19,-1,-0.12116411715672594,0.4986698715939143,0.6536072938689251,0.5606448405039186,37,0.5510204081632653,0.14285714285714285,P1 O7,de-protonated,0,-9999,C49 H27 O7 P1,49,27,7,-9999,1,-9999,-9999,N/A,-9999,-9999,N/A,-9999
3463,757.141851,757.1420720148371,757.141892427139,5231748,-9999,184395.9,18.19,-1,0.23719160157591895,0.4949218253370608,0.7033271719038788,0.578283963963788,23,0.8717948717948718,0.3076923076923077,S2 O12,de-protonated,0,-9999,C39 H34 O12 S2,39,34,12,-9999,-9999,2,-9999,N/A,-9999,-9999,N/A,-9999
3463,757.141851,757.1420720148371,757.142025368869,5231748,-9999,184395.9,18.19,-1,0.06160795014912772,0.4996557707181951,0.7675537279851021,0.6068149536249579,10,1.3928571428571428,0.7142857142857143,S1 P1 O20,de-protonated,0,-9999,C28 H39 O20 P1 S1,28,39,20,-9999,1,1,-9999,N/A,-9999,-9999,N/A,-9999
3463,757.141851,757.1420720148371,757.141512304619,5231748,-9999,184395.9,18.19,-1,0.7392412237562721,0.45279996888875024,0.6927871148459346,0.5487948272716239,28,0.7560975609756098,0.2195121951219512,N2 S1 P1 O9,de-protonated,0,-9999,C41 H31 O9 N2 P1 S1,41,31,9,2,1,1,-9999,N/A,-9999,-9999,N/A,-9999
3463,757.141851,757.1420720148371,757.142360457789,5231748,-9999,184395.9,18.19,-1,-0.38096263913607464,0.4870048057355133,0.7033271719038788,0.5735337522028595,29,0.6666666666666666,0.3333333333333333,N4 O13,de-protonated,0,-9999,C39 H26 O13 N4,39,26,13,4,-9999,-9999,-9999,N/A,-9999,-9999,N/A,-9999
3464,757.157378,757.1575990271456,757.1571485684291,56459416,-9999,130157.3,213.28,-1,0.5949342449607324,0.2414797895533971,0.7694338959189319,0.452661432099611,27,0.7906976744186046,0.20930232558139536,S2 O9,de-protonated,0,-9999,C43 H34 O9 S2,43,34,9,-9999,-9999,2,-9999,N/A,-9999,-9999,N/A,-9999
3464,757.157378,757.1575990271456,757.1572815101591,56459416,-9999,130157.3,213.28,-1,0.41935406844786705,0.32429297348746544,0.8655465249175553,0.5407943940595014,14,1.21875,0.53125,S1 P1 O17,de-protonated,0,-9999,C32 H39 O17 P1 S1,32,39,17,-9999,1,1,-9999,N/A,-9999,-9999,N/A,-9999
3464,757.157378,757.1575990271456,757.1569028730792,56459416,-9999,130157.3,213.28,-1,0.9194317106220328,0.4704463013665377,0.6086156921516146,0.5257140576805684,15,1.1612903225806452,0.5806451612903226,N2 34S1 O18,de-protonated,1,3459,C31 H36 O18 N2 34S1,31,36,18,2,-9999,-9999,-9999,N/A,-9999,-9999,N/A,1
3464,757.157378,757.1575990271456,757.1581296633291,56459416,-9999,130157.3,213.28,-1,-0.7008261058151659,0.1829471900595056,0.6980727039780767,0.3889973956269341,15,1.1333333333333333,0.7,N2 O21,de-protonated,0,-9999,C30 H34 O21 N2,30,34,21,2,-9999,-9999,-9999,N/A,-9999,-9999,N/A,-9999
3464,757.157378,757.1575990271456,757.157616599079,56459416,-9999,130157.3,213.28,-1,-0.02320776155627944,0.31509610421798656,0.8152808845154296,0.5151700163369638,33,0.6046511627906976,0.23255813953488372,N4 O10,de-protonated,0,-9999,C43 H26 O10 N4,43,26,10,4,-9999,-9999,-9999,N/A,-9999,-9999,N/A,-9999
3465,757.167442,757.1676630351234,757.166968560449,7739558.5,-9999,136129.1,27.74,-1,0.9172014934213012,0.19076315227229623,0.6628417775501256,0.379594602383428,14,1.3225806451612905,0.4516129032258064,13C2 S2 P1 O14,de-protonated,1,3459,C31 H41 O14 P1 S2 13C2,31,41,14,-9999,1,2,2,N/A,-9999,-9999,N/A,-9999
3465,757.167442,757.1676630351234,757.168025642099,7739558.5,-9999,136129.1,27.74,-1,-0.47889895417367034,0.47961988940429734,0.7675537279851021,0.5947934248366193,10,1.3571428571428572,0.8571428571428571,O24,de-protonated,0,-9999,C28 H38 O24,28,38,24,-9999,-9999,-9999,-9999,N/A,-9999,-9999,N/A,-9999
3465,757.167442,757.1676630351234,757.1682456120991,7739558.5,-9999,136129.1,27.74,-1,-0.7694154886879354,0.5528679402962192,0.7030792681584603,0.6129524714411156,27,0.8571428571428571,0.14285714285714285,13C1 N1 S2 P1 O6,de-protonated,1,3462,C42 H36 O6 N1 P1 S2 13C1,42,36,6,1,1,2,1,N/A,-9999,-9999,N/A,-9999
3465,757.167442,757.1676630351234,757.168381957719,7739558.5,-9999,136129.1,27.74,-1,-0.9494884001617628,0.2830325415245178,0.6430949433786466,0.42705750226616934,27,0.8095238095238095,0.1904761904761905,N2 S2 O8,de-protonated,0,-9999,C42 H34 O8 N2 S2,42,34,8,2,-9999,2,-9999,N/A,-9999,-9999,N/A,-9999
3465,757.167442,757.1676630351234,757.167512577849,7739558.5,-9999,136129.1,27.74,-1,0.19871068402290015,0.3309536446215455,0.6496170588360974,0.4584190103073663,28,0.7317073170731707,0.3170731707317073,N2 O13,de-protonated,0,-9999,C41 H30 O13 N2,41,30,13,2,-9999,-9999,-9999,N/A,-9999,-9999,N/A,-9999
3465,757.167442,757.1676630351234,757.1678167136191,7739558.5,-9999,136129.1,27.74,-1,-0.20296490730712916,0.4839219738146709,0.6086156921516146,0.5337994611494483,15,1.2413793103448276,0.6206896551724138,13C2 N2 S1 O18,de-protonated,1,3459,C29 H36 O18 N2 S1 13C2,29,36,18,2,-9999,1,2,N/A,-9999,-9999,N/A,-9999
3465,757.167442,757.1676630351234,757.168001835199,7739558.5,-9999,136129.1,27.74,-1,-0.4474569379440319,0.32144091564022387,0.630296418407634,0.44498311674718793,32,0.7045454545454546,0.11363636363636365,N4 S1 P1 O5,de-protonated,0,-9999,C44 H31 O5 N4 P1 S1,44,31,5,4,1,1,-9999,N/A,-9999,-9999,N/A,-9999
3465,757.167442,757.1676630351234,757.167303649369,7739558.5,-9999,136129.1,27.74,-1,0.4746451049910857,0.25501937829091115,0.6532421633859111,0.4143084923289111,33,0.6666666666666666,0.16666666666666666,13C2 N4 S1 O7,de-protonated,1,3459,C42 H28 O7 N4 S1 13C2,42,28,7,4,-9999,1,2,N/A,-9999,-9999,N/A,-9999
3465,757.167442,757.1676630351234,757.1674365910991,7739558.5,-9999,136129.1,27.74,-1,0.2990673044683427,0.28111485225114896,0.7164275607380537,0.4552399356459108,20,1.064516129032258,0.4838709677419355,13C2 N4 P1 O15,de-protonated,1,3459,C31 H33 O15 N4 P1 13C2,31,33,15,4,1,-9999,2,N/A,-9999,-9999,N/A,-9999
3465,757.167442,757.1676630351234,757.1678634507691,7739558.5,-9999,136129.1,27.74,-1,-0.2646911674547853,0.49368395580191904,0.8007932653391622,0.6165276796168163,5,1.8695652173913044,0.782608695652174,N4 S2 P1 O18,de-protonated,0,-9999,C23 H43 O18 N4 P1 S2,23,43,18,4,1,2,-9999,N/A,-9999,-9999,N/A,-9999
3465,757.167442,757.1676630351234,757.1671652649391,7739558.5,-9999,136129.1,27.74,-1,0.6574112126881977,0.27231313142406094,0.7010822695527432,0.4438207866755339,6,1.9047619047619049,0.9523809523809524,13C2 N4 S2 O20,de-protonated,1,3459,C21 H40 O20 N4 S2 13C2,21,40,20,4,-9999,2,2,N/A,-9999,-9999,N/A,-9999
3466,757.170073,757.170294037209,757.170035727999,4903082,-9999,275133.3,16.94,-1,0.34115086156451624,0.48955185489964953,0.6980173569463055,0.5729380557183119,22,0.975,0.225,S2 P1 O9,de-protonated,0,-9999,C40 H39 O9 P1 S2,40,39,9,-9999,1,2,-9999,N/A,-9999,-9999,N/A,-9999
3466,757.170073,757.170294037209,757.170883881169,4903082,-9999,275133.3,16.94,-1,-0.7790103561451602,0.44786626333202095,0.7087183895694522,0.5522071138269935,23,0.8947368421052632,0.34210526315789475,N2 S1 O13,de-protonated,0,-9999,C38 H34 O13 N2 S1,38,34,13,2,-9999,1,-9999,N/A,-9999,-9999,N/A,-9999
3466,757.170073,757.170294037209,757.1710168228991,4903082,-9999,275133.3,16.94,-1,-0.954587106497405,0.4238016014499531,0.7739790330151771,0.5638725740760427,10,1.4444444444444444,0.7777777777777778,N2 P1 O21,de-protonated,0,-9999,C27 H39 O21 N2 P1,27,39,21,2,1,-9999,-9999,N/A,-9999,-9999,N/A,-9999
3466,757.170073,757.170294037209,757.1705037586489,4903082,-9999,275133.3,16.94,-1,-0.27698046720813474,0.4930880140470939,0.6980173569463055,0.5750597512067785,28,0.775,0.25,N4 P1 O10,de-protonated,0,-9999,C40 H31 O10 N4 P1,40,31,10,4,1,-9999,-9999,N/A,-9999,-9999,N/A,-9999
3466,757.170073,757.170294037209,757.170232432489,4903082,-9999,275133.3,16.94,-1,0.08136178284916992,0.4993997890048961,0.7550179348240812,0.6016470473325701,14,1.2666666666666666,0.5,N4 S2 O15,de-protonated,0,-9999,C30 H38 O15 N4 S2,30,38,15,4,-9999,2,-9999,N/A,-9999,-9999,N/A,-9999
3467,757.403727,757.4039482224285,757.4044530785591,7829983.5,-9999,194644.4,28.09,-1,-0.6665608163259727,0.3075152674440155,0.6056537631733503,0.4267706657357494,21,1.2083333333333333,0.08333333333333333,N2 S1 O4,de-protonated,0,-9999,C48 H58 O4 N2 S1,48,58,4,2,-9999,1,-9999,N/A,-9999,-9999,N/A,-9999
3467,757.403727,757.4039482224285,757.404586020289,7829983.5,-9999,194644.4,28.09,-1,-0.842083441578431,0.43963375897715345,0.7141928963326545,0.5494574139193539,8,1.7027027027027026,0.32432432432432434,N2 P1 O12,de-protonated,0,-9999,C37 H63 O12 N2 P1,37,63,12,2,1,-9999,-9999,N/A,-9999,-9999,N/A,-9999
3467,757.403727,757.4039482224285,757.4040729560389,7829983.5,-9999,194644.4,28.09,-1,-0.1646856873963475,0.3316969836604298,0.5937935904294966,0.43653562636805654,26,1.1,0.02,N4 P1 O1,de-protonated,0,-9999,C50 H55 O1 N4 P1,50,55,1,4,1,-9999,-9999,N/A,-9999,-9999,N/A,-9999
3467,757.403727,757.4039482224285,757.403801629879,7829983.5,-9999,194644.4,28.09,-1,0.1935460968261602,0.4966129817598881,0.6980173569463055,0.577174731834455,12,1.55,0.15,N4 S2 O6,de-protonated,0,-9999,C40 H62 O6 N4 S2,40,62,6,4,-9999,2,-9999,N/A,-9999,-9999,N/A,-9999
3468,758.160144,758.1603658220467,758.1605034034991,13988297,-9999,126605.1,51.53,-1,-0.18146744882152685,0.2485106579359228,0.7694338959189319,0.4568799531291264,27,0.8095238095238095,0.21428571428571427,13C1 S2 O9,de-protonated,1,3464,C42 H34 O9 S2 13C1,42,34,9,-9999,-9999,2,1,N/A,-9999,-9999,N/A,-9999
3468,758.160144,758.1603658220467,758.160636345229,13988297,-9999,126605.1,51.53,-1,-0.3568151250693197,0.3257210961295736,0.8655465249175553,0.5416512676447663,14,1.2580645161290325,0.5483870967741935,13C1 S1 P1 O17,de-protonated,1,3464,C31 H39 O17 P1 S1 13C1,31,39,17,-9999,1,1,1,N/A,-9999,-9999,N/A,-9999
3468,758.160144,758.1603658220467,758.160686606629,13988297,-9999,126605.1,51.53,-1,-0.42310896353075106,0.5668455953969156,0.7030792681584603,0.6213390645015335,27,0.8372093023255814,0.13953488372093023,N1 S1 34S1 P1 O6,de-protonated,1,3462,C43 H36 O6 N1 P1 S1 34S1,43,36,6,1,1,1,-9999,N/A,-9999,-9999,N/A,1
3468,758.160144,758.1603658220467,758.1607726908491,13988297,-9999,126605.1,51.53,-1,-0.5366524053615691,0.3163618109545567,0.7195884297451938,0.4776524584708115,14,1.1935483870967742,0.6129032258064516,N1 S1 O19,de-protonated,0,-9999,C31 H37 O19 N1 S1,31,37,19,1,-9999,1,-9999,N/A,-9999,-9999,N/A,-9999
3468,758.160144,758.1603658220467,758.1602577081492,13988297,-9999,126605.1,51.53,-1,0.1426003229114611,0.4842983672219434,0.6086156921516146,0.5340252971938119,15,1.2,0.6,13C1 N2 34S1 O18,de-protonated,1,3459,C30 H36 O18 N2 13C1 34S1,30,36,18,2,-9999,-9999,1,N/A,-9999,-9999,N/A,1
3468,758.160144,758.1603658220467,758.160259626599,13988297,-9999,126605.1,51.53,-1,0.14006992111227962,0.33214879385847623,0.630296418407634,0.45140784367813935,32,0.6590909090909091,0.18181818181818185,N3 S1 O8,de-protonated,0,-9999,C44 H29 O8 N3 S1,44,29,8,3,-9999,1,-9999,N/A,-9999,-9999,N/A,-9999
3468,758.160144,758.1603658220467,758.160392568329,13988297,-9999,126605.1,51.53,-1,-0.03527786804715416,0.3332580691763354,0.7048783761064124,0.4819061919483662,19,1.0303030303030305,0.48484848484848486,N3 P1 O16,de-protonated,0,-9999,C33 H34 O16 N3 P1,33,34,16,3,1,-9999,-9999,N/A,-9999,-9999,N/A,-9999
3468,758.160144,758.1603658220467,758.1601212421691,13988297,-9999,126605.1,51.53,-1,0.32259660034610277,0.3270980214049022,0.7472474090586231,0.4951577764663906,5,1.7826086956521738,0.9130434782608696,N3 S2 O21,de-protonated,0,-9999,C23 H41 O21 N3 S2,23,41,21,3,-9999,2,-9999,N/A,-9999,-9999,N/A,-9999
3468,758.160144,758.1603658220467,758.1597446438991,13988297,-9999,126605.1,51.53,-1,0.8193235687173995,0.24823529185973925,0.6532421633859111,0.410238040470208,33,0.6511627906976745,0.16279069767441862,13C1 N4 34S1 O7,de-protonated,1,3459,C43 H28 O7 N4 13C1 34S1,43,28,7,4,-9999,-9999,1,N/A,-9999,-9999,N/A,1
3468,758.160144,758.1603658220467,758.160971434149,13988297,-9999,126605.1,51.53,-1,-0.7987909231611118,0.29689144961025277,0.8152808845154296,0.5042472235723235,33,0.6190476190476191,0.23809523809523808,13C1 N4 O10,de-protonated,1,3464,C42 H26 O10 N4 13C1,42,26,10,4,-9999,-9999,1,N/A,-9999,-9999,N/A,-9999
3469,759.153741,759.1539636096795,759.154171188279,6888169.5,-9999,157728.6,24.49,-1,-0.2734340497720109,0.4932626907237352,0.6876346701883606,0.5710114825095853,27,0.7619047619047619,0.2857142857142857,S1 O12,de-protonated,0,-9999,C42 H32 O12 S1,42,32,12,-9999,-9999,1,-9999,N/A,-9999,-9999,N/A,-9999
3469,759.153741,759.1539636096795,759.154304130009,6888169.5,-9999,157728.6,24.49,-1,-0.448552195015912,0.48207552429439304,0.7489023467070351,0.5888062532594499,14,1.1935483870967742,0.6451612903225806,P1 O20,de-protonated,0,-9999,C31 H37 O20 P1,31,37,20,-9999,1,-9999,-9999,N/A,-9999,-9999,N/A,-9999
3469,759.153741,759.1539636096795,759.154660445629,6888169.5,-9999,157728.6,24.49,-1,-0.9179103887587364,0.28607719277325744,0.6240179704823443,0.4212535038568922,31,0.7333333333333333,0.08888888888888889,N2 S2 P1 O4,de-protonated,0,-9999,C45 H33 O4 N2 P1 S2,45,33,4,2,1,2,-9999,N/A,-9999,-9999,N/A,-9999
3469,759.153741,759.1539636096795,759.153791065759,6888169.5,-9999,157728.6,24.49,-1,0.22728454038605655,0.3302234896114006,0.630296418407634,0.4502526611298939,32,0.6590909090909091,0.20454545454545456,N2 P1 O9,de-protonated,0,-9999,C44 H29 O9 N2 P1,44,29,9,2,1,-9999,-9999,N/A,-9999,-9999,N/A,-9999
3469,759.153741,759.1539636096795,759.1535197395991,6888169.5,-9999,157728.6,24.49,-1,0.584690802138788,0.4699270385616188,0.7311359101322861,0.5744105871898857,18,1.0588235294117647,0.4117647058823529,N2 S2 O14,de-protonated,0,-9999,C34 H36 O14 N2 S2,34,36,14,2,-9999,2,-9999,N/A,-9999,-9999,N/A,-9999
3469,759.153741,759.1539636096795,759.153652681329,6888169.5,-9999,157728.6,24.49,-1,0.4095723564979919,0.48501032009545647,0.8007932653391622,0.6113234981929387,5,1.7826086956521738,0.9565217391304348,N2 S1 P1 O22,de-protonated,0,-9999,C23 H41 O22 N2 P1 S1,23,41,22,2,1,1,-9999,N/A,-9999,-9999,N/A,-9999
3470,759.156477,759.1566996118485,759.156673111729,5863149,-9999,233657.6,20.59,-1,0.03490731282935536,0.4998894627493016,0.7087183895694522,0.58342103347736185,23,0.8421052631578947,0.4473684210526316,O17,de-protonated,0,-9999,C38 H32 O17,38,32,17,-9999,-9999,-9999,-9999,N/A,-9999,-9999,N/A,-9999
3470,759.156477,759.1566996118485,759.157029427349,5863149,-9999,233657.6,20.59,-1,-0.4344496431763865,0.322110671631556,0.5822303339178662,0.4261585365460801,40,0.5384615384615384,0.01923076923076923,N2 S2 O1,de-protonated,0,-9999,C52 H28 O1 N2 S2,52,28,1,2,-9999,2,-9999,N/A,-9999,-9999,N/A,-9999
3470,759.156477,759.1566996118485,759.157162369079,5863149,-9999,233657.6,20.59,-1,-0.6095671007512136,0.467400661800128,0.6927871148459346,0.5575552430184506,27,0.8048780487804879,0.2195121951219512,N2 S1 P1 O9,de-protonated,0,-9999,C41 H33 O9 N2 P1 S1,41,33,9,2,1,1,-9999,N/A,-9999,-9999,N/A,-9999
3470,759.156477,759.1566996118485,759.156021663049,5863149,-9999,233657.6,20.59,-1,0.8930296013929977,0.43263846783113913,0.7550179348240813,0.561590254628316,14,1.2,0.6333333333333333,N2 S1 O19,de-protonated,0,-9999,C30 H36 O19 N2 S1,30,36,19,2,-9999,1,-9999,N/A,-9999,-9999,N/A,-9999
3470,759.156477,759.1566996118485,759.156510920399,5863149,-9999,233657.6,20.59,-1,0.2485540817366318,0.4944264263950747,0.7369636471990461,0.5914413147166633,18,1.121212121212121,0.3333333333333333,N4 S2 P1 O11,de-protonated,0,-9999,C33 H37 O11 N4 P1 S2,33,37,11,4,1,2,-9999,N/A,-9999,-9999,N/A,-9999
3471,763.210908,763.2111338258306,763.211112694609,3769252.3,-9999,229590.8,12.59,-1,0.02768725620434415,0.4999304569926403,0.6629808336683964,0.5651506076629428,28,0.8723404255319149,0.0851063829787234,S2 P1 O4,de-protonated,0,-9999,C47 H41 O4 P1 S2,47,41,4,-9999,1,2,-9999,N/A,-9999,-9999,N/A,-9999
3471,763.210908,763.2111338258306,763.211822463349,3769252.3,-9999,229590.8,12.59,-1,-0.9022888509884326,0.4313354767753317,0.7939170211058493,0.5763680945075387,2,2,0.875,N2 S2 O21,de-protonated,0,-9999,C24 H48 O21 N2 S2,24,48,21,2,-9999,2,-9999,N/A,-9999,-9999,N/A,-9999
3471,763.210908,763.2111338258306,763.211580725259,3769252.3,-9999,229590.8,12.59,-1,-0.5855511624795804,0.4698411964003485,0.6629808336683964,0.5470970513075677,34,0.7021276595744681,0.10638297872340426,N4 P1 O5,de-protonated,0,-9999,C47 H33 O5 N4 P1,47,33,5,4,1,-9999,-9999,N/A,-9999,-9999,N/A,-9999
3471,763.210908,763.2111338258306,763.211309399099,3769252.3,-9999,229590.8,12.59,-1,-0.23004542284819,0.49522176446386384,0.7141928963326545,0.58281021721138,20,1.0810810810810811,0.2702702702702703,N4 S2 O10,de-protonated,0,-9999,C37 H40 O10 N4 S2,37,40,10,4,-9999,2,-9999,N/A,-9999,-9999,N/A,-9999
3471,763.210908,763.2111338258306,763.210440019229,3769252.3,-9999,229590.8,12.59,-1,0.9090633005120454,0.4303761589529854,0.719752637322661,0.5461267503008557,21,1,0.4166666666666667,N4 O15,de-protonated,0,-9999,C36 H36 O15 N4,36,36,15,4,-9999,-9999,-9999,N/A,-9999,-9999,N/A,-9999
3471,763.210908,763.2111338258306,763.2114423408291,3769252.3,-9999,229590.8,12.59,-1,-0.4042326691158667,0.4853928912610933,0.7805128205128198,0.6034408629617839,7,1.7307692307692308,0.6923076923076923,N4 S1 P1 O18,de-protonated,0,-9999,C26 H45 O18 N4 P1 S1,26,45,18,4,1,1,-9999,N/A,-9999,-9999,N/A,-9999
3472,763.214373,763.2145988285773,763.2149758354791,3941673,-9999,156133.5,13.25,-1,-0.49397209660251895,0.4783454111255167,0.7675537279851021,0.594028737869351,7,1.5714285714285714,0.8571428571428571,O24,de-protonated,0,-9999,C28 H44 O24,28,44,24,-9999,-9999,-9999,-9999,N/A,-9999,-9999,N/A,-9999
3472,763.214373,763.2145988285773,763.215332151099,3941673,-9999,156133.5,13.25,-1,-0.9608330582349804,0.4228826177536006,0.6876346701883607,0.5287834387275046,24,0.9523809523809524,0.1904761904761905,N2 S2 O8,de-protonated,0,-9999,C42 H40 O8 N2 S2,42,40,8,2,-9999,2,-9999,N/A,-9999,-9999,N/A,-9999
3472,763.214373,763.2145988285773,763.214462771229,3941673,-9999,156133.5,13.25,-1,0.17826882866681654,0.49712509764507906,0.6927871148459346,0.5753899045254213,25,0.8780487804878049,0.3170731707317073,N2 O13,de-protonated,0,-9999,C41 H36 O13 N2,41,36,13,2,-9999,-9999,-9999,N/A,-9999,-9999,N/A,-9999
3472,763.214373,763.2145988285773,763.214952028579,3941673,-9999,156133.5,13.25,-1,-0.46277919571158393,0.4809427383857074,0.677556331758097,0.5595881757346632,29,0.8409090909090909,0.11363636363636365,N4 S1 P1 O5,de-protonated,0,-9999,C44 H37 O5 N4 P1 S1,44,37,5,4,1,1,-9999,N/A,-9999,-9999,N/A,-9999
3472,763.214373,763.2145988285773,763.2148136441491,3941673,-9999,156133.5,13.25,-1,-0.28146148101450436,0.4928641759543503,0.8007932653391621,0.6160358117082749,2,2.130434782608696,0.782608695652174,N4 S2 P1 O18,de-protonated,0,-9999,C23 H49 O18 N4 P1 S2,23,49,18,4,1,2,-9999,N/A,-9999,-9999,N/A,-9999
3473,767.205978,767.2062069927567,767.206027314179,20337588,-9999,155552.1,75.67,-1,0.23419860031664472,0.19801941677067805,0.5705805811980579,0.34704388254163,27,0.8913043478260869,0.10869565217391304,S2 P1 O5,de-protonated,0,-9999,C46 H41 O5 P1 S2,46,41,5,-9999,1,2,-9999,N/A,-9999,-9999,N/A,-9999
3473,767.205978,767.2062069927567,767.206875467349,20337588,-9999,155552.1,75.67,-1,-0.8713094390733458,0.21782863572973216,0.6130092869049092,0.375900896199803,28,0.8181818181818182,0.20454545454545456,N2 S1 O9,de-protonated,0,-9999,C44 H36 O9 N2 S1,44,36,9,2,-9999,1,-9999,N/A,-9999,-9999,N/A,-9999
3473,767.205978,767.2062069927567,767.2067370829191,20337588,-9999,155552.1,75.67,-1,-0.6909352286766245,0.46494430963779887,0.9026401355505188,0.6400226400028868,1,2.0869565217391304,0.9565217391304348,N2 S2 O22,de-protonated,0,-9999,C23 H48 O22 N2 S2,23,48,22,2,-9999,2,-9999,N/A,-9999,-9999,N/A,-9999
3473,767.205978,767.2062069927567,767.206495344829,20337588,-9999,155552.1,75.67,-1,-0.3758467557803215,0.32489803890483265,0.6178187149649359,0.4420663093288739,33,0.717391304347826,0.13043478260869565,N4 P1 O6,de-protonated,0,-9999,C46 H33 O6 N4 P1,46,33,6,4,1,-9999,-9999,N/A,-9999,-9999,N/A,-9999
3473,767.205978,767.2062069927567,767.2062240186691,20337588,-9999,155552.1,75.67,-1,-0.02219209364783911,0.24997766062670768,0.644103004784613,0.40762779828986984,19,1.1111111111111112,0.3055555555555556,N4 S2 O11,de-protonated,0,-9999,C36 H40 O11 N4 S2,36,40,11,4,-9999,2,-9999,N/A,-9999,-9999,N/A,-9999
3473,767.205978,767.2062069927567,767.206356960399,20337588,-9999,155552.1,75.67,-1,-0.19547236664600348,0.2482727310919936,0.7384544648675482,0.4443454246022155,6,1.8,0.76,N4 S1 P1 O19,de-protonated,0,-9999,C25 H45 O19 N4 P1 S1,25,45,19,4,1,1,-9999,N/A,-9999,-9999,N/A,-9999
3474,768.2103,768.2105297888914,768.2100919179891,4477872.5,-9999,124489.4,15.27,-1,0.5699884796889143,0.4713768136803799,0.9026401355505188,0.6438821424284354,1,2.1818181818181817,1,13C1 N2 S2 O22,de-protonated,1,3473,C22 H48 O22 N2 S2 13C1,22,48,22,2,-9999,2,1,N/A,-9999,-9999,N/A,-9999
3474,768.2103,768.2105297888914,768.210499589769,4477872.5,-9999,124489.4,15.27,-1,0.03931099931158619,0.4998598183674688,0.7428850341668535,0.5970699046872227,15,1.21875,0.59375,N3 O19,de-protonated,0,-9999,C32 H39 O19 N3,32,39,19,3,-9999,-9999,-9999,N/A,-9999,-9999,N/A,-9999
3477,769.174562,769.1747925532702,769.1749066331689,13401459,-9999,141019.2,49.25,-1,-0.14831463913375947,0.6530022101443774,0.8721342557286689,0.7406550283780939,28,0.7727272727272727,0.25,S1 O11,de-protonated,0,-9999,C44 H34 O11 S1,44,34,11,-9999,-9999,1,-9999,N/A,-9999,-9999,N/A,-9999
3477,769.174562,769.1747925532702,769.175039574899,13401459,-9999,141019.2,49.25,-1,-0.3211513843305818,0.6374307985079285,0.9467162134274472,0.761144964475736,15,1.181818181818182,0.5757575757575758,P1 O19,de-protonated,0,-9999,C33 H39 O19 P1,33,39,19,-9999,1,-9999,-9999,N/A,-9999,-9999,N/A,-9999
3477,769.174562,769.1747925532702,769.175395890519,13401459,-9999,141019.2,49.25,-1,-0.7843948883438366,0.2235913410927348,0.5799529888934112,0.36613600021300535,32,0.7446808510638298,0.06382978723404255,N2 S2 P1 O3,de-protonated,0,-9999,C47 H35 O3 N2 P1 S2,47,35,3,2,1,2,-9999,N/A,-9999,-9999,N/A,-9999
3477,769.174562,769.1747925532702,769.174526510649,13401459,-9999,141019.2,49.25,-1,0.3458806968203908,0.6594231008062049,0.8596565522859709,0.7395164813981113,33,0.6739130434782609,0.17391304347826086,N2 P1 O8,de-protonated,0,-9999,C46 H31 O8 N2 P1,46,31,8,2,1,-9999,-9999,N/A,-9999,-9999,N/A,-9999
3477,769.174562,769.1747925532702,769.174255184489,13401459,-9999,141019.2,49.25,-1,0.698630742794572,0.4720080638208931,0.8859408421056478,0.6375811751347951,19,1.0555555555555556,0.3611111111111111,N2 S2 O13,de-protonated,0,-9999,C36 H38 O13 N2 S2,36,38,13,2,-9999,2,-9999,N/A,-9999,-9999,N/A,-9999
3477,769.174562,769.1747925532702,769.174388126219,13401459,-9999,141019.2,49.25,-1,0.5257937048310414,0.9712700963861656,0.9710043014440842,0.971163778409333,6,1.72,0.84,N2 S1 P1 O21,de-protonated,0,-9999,C25 H43 O21 N2 P1 S1,25,43,21,2,1,1,-9999,N/A,-9999,-9999,N/A,-9999
3478,769.203345,769.2035755760868,769.2030499340289,6646168,-9999,143866.5,23.52,-1,0.6833593002292827,0.30625255200423257,0.6240179704823443,0.43335871939547727,27,0.8666666666666667,0.17777777777777778,S1 P1 O8,de-protonated,0,-9999,C45 H39 O8 P1 S1,45,39,8,-9999,1,1,-9999,N/A,-9999,-9999,N/A,-9999
3478,769.203345,769.2035755760868,769.202911549599,6646168,-9999,143866.5,23.52,-1,0.8632656973096761,0.43676160405341224,0.7939170211058493,0.5796237708743871,0,2.125,0.875,S2 P1 O21,de-protonated,0,-9999,C24 H51 O21 P1 S2,24,51,21,-9999,1,2,-9999,N/A,-9999,-9999,N/A,-9999
3478,769.203345,769.2035755760868,769.203898087199,6646168,-9999,143866.5,23.52,-1,-0.41927909237938177,0.48430280165917544,0.6825582999861977,0.5636050009899843,28,0.7906976744186046,0.27906976744186046,N2 O12,de-protonated,0,-9999,C43 H34 O12 N2,43,34,12,2,-9999,-9999,-9999,N/A,-9999,-9999,N/A,-9999
3478,769.203345,769.2035755760868,769.203246638519,6646168,-9999,143866.5,23.52,-1,0.42763413863959937,0.4836813894038188,0.7253996187124169,0.580368681127258,19,1.0857142857142856,0.4,N4 S1 O14,de-protonated,0,-9999,C35 H38 O14 N4 S1,35,38,14,4,-9999,1,-9999,N/A,-9999,-9999,N/A,-9999
3478,769.203345,769.2035755760868,769.2042489601191,6646168,-9999,143866.5,23.52,-1,-0.8754294236352925,0.4350887604931493,0.7871578612348809,0.575916400789842,5,1.88,0.68,N4 S2 P1 O17,de-protonated,0,-9999,C25 H47 O17 N4 P1 S2,25,47,17,4,1,2,-9999,N/A,-9999,-9999,N/A,-9999
3478,769.203345,769.2035755760868,769.2033795802491,6646168,-9999,143866.5,23.52,-1,0.2548036616328263,0.49414428998187016,0.7939170211058493,0.6140533824314618,6,1.7916666666666667,0.9166666666666666,N4 P1 O22,de-protonated,0,-9999,C24 H43 O22 N4 P1,24,43,22,4,1,-9999,-9999,N/A,-9999,-9999,N/A,-9999
3479,770.177679,770.1779103484497,770.178261468239,4274784.5,-9999,254357.1,14.48,-1,-0.4558941830865754,0.6419933629262382,0.8721342557286689,0.7340497200472105,28,0.7906976744186046,0.2558139534883721,13C1 S1 O11,de-protonated,1,3477,C43 H34 O11 S1 13C1,43,34,11,-9999,-9999,1,1,N/A,-9999,-9999,N/A,-9999
3479,770.177679,770.1779103484497,770.178394409969,4274784.5,-9999,254357.1,14.48,-1,-0.6285057108674413,0.6205551089550198,0.9467162134274472,0.7510195507439907,15,1.21875,0.59375,13C1 P1 O19,de-protonated,1,3477,C32 H39 O19 P1 13C1,32,39,19,-9999,1,-9999,1,N/A,-9999,-9999,N/A,-9999
3479,770.177679,770.1779103484497,770.1771695381689,4274784.5,-9999,254357.1,14.48,-1,0.9618699568509734,0.4227296698195657,0.6629808336683964,0.518830135359098,32,0.723404255319149,0.1276595744680851,N1 S1 P1 O6,de-protonated,0,-9999,C47 H34 O6 N1 P1 S1,47,34,6,1,1,1,-9999,N/A,-9999,-9999,N/A,-9999
3479,770.177679,770.1779103484497,770.178530755589,4274784.5,-9999,254357.1,14.48,-1,-0.8055367872951475,0.4444635050637687,0.7428850341668535,0.5638321167050027,15,1.15625,0.65625,N1 O21,de-protonated,0,-9999,C32 H37 O21 N1,32,37,21,1,-9999,-9999,-9999,N/A,-9999,-9999,N/A,-9999
3479,770.177679,770.1779103484497,770.177881345719,4274784.5,-9999,254357.1,14.48,-1,0.03765718464148583,0.6664951515540715,0.8596565522859709,0.7437597118468313,33,0.6888888888888889,0.17777777777777778,13C1 N2 P1 O8,de-protonated,1,3477,C45 H31 O8 N2 P1 13C1,45,31,8,2,1,-9999,1,N/A,-9999,-9999,N/A,-9999
3479,770.177679,770.1779103484497,770.177610019559,4274784.5,-9999,254357.1,14.48,-1,0.38994757418227327,0.48639311355291615,0.8859408421056478,0.6462122049740089,19,1.0857142857142856,0.37142857142857144,13C1 N2 S2 O13,de-protonated,1,3477,C35 H38 O13 N2 S2 13C1,35,38,13,2,-9999,2,1,N/A,-9999,-9999,N/A,-9999
3479,770.177679,770.1779103484497,770.1777429612891,4274784.5,-9999,254357.1,14.48,-1,0.2173357541018776,0.9914659258722168,0.9710043014440842,0.983281276100964,6,1.7916666666666667,0.875,13C1 N2 S1 P1 O21,de-protonated,1,3477,C24 H43 O21 N2 P1 S1 13C1,24,43,21,2,1,1,1,N/A,-9999,-9999,N/A,-9999
3479,770.177679,770.1779103484497,770.178017691339,4274784.5,-9999,254357.1,14.48,-1,-0.13937412764949528,0.4982407684306073,0.672627141691601,0.5679953177350048,33,0.6444444444444445,0.2222222222222222,N3 O10,de-protonated,0,-9999,C45 H29 O10 N3,45,29,10,3,-9999,-9999,-9999,N/A,-9999,-9999,N/A,-9999
3479,770.177679,770.1779103484497,770.1778793069091,4274784.5,-9999,254357.1,14.48,-1,0.04030437834104409,0.4998526452013862,0.7939170211058494,0.6174783955631715,6,1.7083333333333333,0.9583333333333334,N3 S1 O23,de-protonated,0,-9999,C24 H41 O23 N3 S1,24,41,23,3,-9999,1,-9999,N/A,-9999,-9999,N/A,-9999
3481,770.685188,770.6854197507564,770.685425963039,9235932,-9999,101551.8,33.37,-1,-0.00806072417201746,0.33332940346378526,0.5937935904294966,0.4375150782500698,5,1.86,0.04,N1 S1 O2,de-protonated,0,-9999,C50 H93 O2 N1 S1,50,93,2,1,-9999,1,-9999,N/A,-9999,-9999,N/A,-9999
3482,771.172413,771.1726451369839,771.1727986328891,6428987.5,-9999,142357.8,22.68,-1,-0.19904216734556163,0.4964185906080895,0.677556331758097,0.5688736870680926,27,0.8181818181818182,0.20454545454545456,S2 O9,de-protonated,0,-9999,C44 H36 O9 S2,44,36,9,-9999,-9999,2,-9999,N/A,-9999,-9999,N/A,-9999
3482,771.172413,771.1726451369839,771.171929253019,6428987.5,-9999,142357.8,22.68,-1,0.9283065652449888,0.4276239270906533,0.6825582999861977,0.529597676248871,28,0.7441860465116279,0.32558139534883723,O14,de-protonated,0,-9999,C43 H32 O14,43,32,14,-9999,-9999,-9999,-9999,N/A,-9999,-9999,N/A,-9999
3482,771.172413,771.1726451369839,771.172931574619,6428987.5,-9999,142357.8,22.68,-1,-0.3714311322925333,0.4876389329970021,0.7369636471990462,0.5873688186778198,14,1.2424242424242424,0.5151515151515151,S1 P1 O17,de-protonated,0,-9999,C33 H41 O17 P1 S1,33,41,17,-9999,1,1,-9999,N/A,-9999,-9999,N/A,-9999
3482,771.172413,771.1726451369839,771.1724185103689,6428987.5,-9999,142357.8,22.68,-1,0.29387282218291594,0.3281506683251518,0.6178187149649359,0.4440178869810654,32,0.717391304347826,0.13043478260869565,N2 S1 P1 O6,de-protonated,0,-9999,C46 H33 O6 N2 P1 S1,46,33,6,2,1,1,-9999,N/A,-9999,-9999,N/A,-9999
3482,771.172413,771.1726451369839,771.172280125939,6428987.5,-9999,142357.8,22.68,-1,0.473319716357034,0.4800824535006447,0.7871578612348809,0.6029126165943393,5,1.8,0.76,N2 S2 P1 O19,de-protonated,0,-9999,C25 H45 O19 N2 P1 S2,25,45,19,2,1,2,-9999,N/A,-9999,-9999,N/A,-9999
3482,771.172413,771.1726451369839,771.173266663539,6428987.5,-9999,142357.8,22.68,-1,-0.8059493009315309,0.4444098971861805,0.677556331758097,0.5376684710149471,33,0.6363636363636364,0.2272727272727273,N4 O10,de-protonated,0,-9999,C44 H28 O10 N4,44,28,10,4,-9999,-9999,-9999,N/A,-9999,-9999,N/A,-9999
3483,771.174803,771.1750351388783,771.175300556339,6875966.5,-9999,166836.4,24.38,-1,-0.34417266801010704,0.4893679330943585,0.6980173569463055,0.5728277026351373,23,0.9,0.35,S1 O14,de-protonated,0,-9999,C40 H36 O14 S1,40,36,14,-9999,-9999,1,-9999,N/A,-9999,-9999,N/A,-9999
3483,771.174803,771.1750351388783,771.1754334980691,6875966.5,-9999,166836.4,24.38,-1,-0.5165610488043847,0.4763682457512527,0.7612342259156646,0.5903146378170174,10,1.4137931034482758,0.7586206896551724,P1 O22,de-protonated,0,-9999,C29 H41 O22 P1,29,41,22,-9999,1,-9999,-9999,N/A,-9999,-9999,N/A,-9999
3483,771.174803,771.1750351388783,771.175789813689,6875966.5,-9999,166836.4,24.38,-1,-0.978602830403866,0.4202464456199803,0.6825582999861977,0.5251711873664673,27,0.8604651162790697,0.13953488372093023,N2 S2 P1 O6,de-protonated,0,-9999,C43 H37 O6 N2 P1 S2,43,37,6,2,1,2,-9999,N/A,-9999,-9999,N/A,-9999
3483,771.174803,771.1750351388783,771.174920433819,6875966.5,-9999,166836.4,24.38,-1,0.14874065052222904,0.49799685781789554,0.6876346701883607,0.5738519827660815,28,0.7857142857142857,0.2619047619047619,N2 P1 O11,de-protonated,0,-9999,C42 H33 O11 N2 P1,42,33,11,2,1,-9999,-9999,N/A,-9999,-9999,N/A,-9999
3483,771.174803,771.1750351388783,771.1746491076591,6875966.5,-9999,166836.4,24.38,-1,0.500575608517157,0.477775722846165,0.7428850341668536,0.5838194473744404,14,1.25,0.5,N2 S2 O16,de-protonated,0,-9999,C32 H40 O16 N2 S2,32,40,16,2,-9999,2,-9999,N/A,-9999,-9999,N/A,-9999
3483,771.174803,771.1750351388783,771.174268985139,6875966.5,-9999,166836.4,24.38,-1,0.9934897599731098,0.41801372659560737,0.731135910132286,0.5432626000102788,19,1.088235294117647,0.38235294117647056,N4 S1 P1 O13,de-protonated,0,-9999,C34 H37 O13 N4 P1 S1,34,37,13,4,1,1,-9999,N/A,-9999,-9999,N/A,-9999
3484,771.687125,771.6873575450005,771.687199610689,3909052.3,-9999,214837.1,13.08,-1,0.20466104859535889,0.4962143112165997,0.6490192219379252,0.5573362755051299,5,1.84,0.1,O5,de-protonated,0,-9999,C50 H92 O5,50,92,5,-9999,-9999,-9999,-9999,N/A,-9999,-9999,N/A,-9999
3485,772.681944,772.682177333602,772.682448582889,14591629,-9999,146247,53.76,-1,-0.3510488526511437,0.3259624229099872,0.5996860735531828,0.43545188316726546,5,1.8571428571428572,0.1020408163265306,N1 O5,de-protonated,0,-9999,C49 H91 O5 N1,49,91,5,1,-9999,-9999,-9999,N/A,-9999,-9999,N/A,-9999
3487,774.67965,774.6798849172006,774.680340582609,9080864,-9999,128475.4,32.77,-1,-0.5881979759864281,0.31305094590430116,0.5996860735531828,0.4277049969638538,4,1.8979591836734695,0.06122448979591836,N1 S1 O3,de-protonated,0,-9999,C49 H93 O3 N1 S1,49,93,3,1,-9999,1,-9999,N/A,-9999,-9999,N/A,-9999
3488,775.172181,775.1724163076342,775.172717099359,10351224,-9999,164040.3,37.6,-1,-0.3880318775474921,0.4865246647583834,0.725399618712417,0.5820746463399968,18,1.0285714285714285,0.5714285714285714,O20,de-protonated,0,-9999,C35 H36 O20,35,36,20,-9999,-9999,-9999,-9999,N/A,-9999,-9999,N/A,-9999
3488,775.172181,775.1724163076342,775.1730734149791,10351224,-9999,164040.3,37.6,-1,-0.8476911381469545,0.21943925961366223,0.5691447579013409,0.3593214589287337,35,0.6530612244897959,0.08163265306122448,N2 S2 O4,de-protonated,0,-9999,C49 H32 O4 N2 S2,49,32,4,2,-9999,2,-9999,N/A,-9999,-9999,N/A,-9999
3488,775.172181,775.1724163076342,775.1722040351091,10351224,-9999,164040.3,37.6,-1,0.2738391856846518,0.3288285645101133,0.6056537631733504,0.4395586439754081,36,0.5833333333333334,0.1875,N2 O9,de-protonated,0,-9999,C48 H28 O9 N2,48,28,9,2,-9999,-9999,-9999,N/A,-9999,-9999,N/A,-9999
3488,775.172181,775.1724163076342,775.172065650679,10351224,-9999,164040.3,37.6,-1,0.4523601542913356,0.4817755330483381,0.7739790330151772,0.5986569330350737,9,1.4814814814814814,0.8148148148148148,N2 S1 O22,de-protonated,0,-9999,C27 H40 O22 N2 S1,27,40,22,2,-9999,1,-9999,N/A,-9999,-9999,N/A,-9999
3488,775.172181,775.1724163076342,775.1726932924589,10351224,-9999,164040.3,37.6,-1,-0.35732015216653434,0.3256997813584505,0.587975334478484,0.430610002606464,40,0.5686274509803921,0.0196078431372549,N4 S1 P1 O1,de-protonated,0,-9999,C51 H29 O1 N4 P1 S1,51,29,1,4,1,1,-9999,N/A,-9999,-9999,N/A,-9999
3488,775.172181,775.1724163076342,775.172554908029,10351224,-9999,164040.3,37.6,-1,-0.17879940920341056,0.3314053391508095,0.7072361098895067,0.4817376474462885,13,1.3666666666666667,0.4666666666666667,N4 S2 P1 O14,de-protonated,0,-9999,C30 H41 O14 N4 P1 S2,30,41,14,4,1,2,-9999,N/A,-9999,-9999,N/A,-9999
3488,775.172181,775.1724163076342,775.171685528159,10351224,-9999,164040.3,37.6,-1,0.942732415142186,0.4255347415239155,0.7612342259156646,0.5598145352806152,14,1.2758620689655171,0.6551724137931034,N4 P1 O19,de-protonated,0,-9999,C29 H37 O19 N4 P1,29,37,19,4,1,-9999,-9999,N/A,-9999,-9999,N/A,-9999
3489,775.178246,775.1784813124419,775.178590326129,4393599.5,-9999,248359.1,14.91,-1,-0.140630415251491,0.49820896797219816,0.7675537279851021,0.6059468719773597,9,1.4285714285714286,0.8928571428571429,O25,de-protonated,0,-9999,C28 H40 O25,28,40,25,-9999,-9999,-9999,-9999,N/A,-9999,-9999,N/A,-9999
3489,775.178246,775.1784813124419,775.179217967909,4393599.5,-9999,248359.1,14.91,-1,-0.9503034266567374,0.4244295513561185,0.6400336417157294,0.5106711874999629,40,0.5576923076923077,0.07692307692307693,N2 P1 O4,de-protonated,0,-9999,C52 H29 O4 N2 P1,52,29,4,2,1,-9999,-9999,N/A,-9999,-9999,N/A,-9999
3489,775.178246,775.1784813124419,775.1789466417491,4393599.5,-9999,248359.1,14.91,-1,-0.6002863070592783,0.4683539045441442,0.6876346701883607,0.5560662108018308,26,0.8571428571428571,0.21428571428571427,N2 S2 O9,de-protonated,0,-9999,C42 H36 O9 N2 S2,42,36,9,2,-9999,2,-9999,N/A,-9999,-9999,N/A,-9999
3489,775.178246,775.1784813124419,775.178077261879,4393599.5,-9999,248359.1,14.91,-1,0.5212357969843316,0.4759490893895037,0.6927871148459346,0.562684299572076,27,0.7804878048780488,0.34146341463414637,N2 O14,de-protonated,0,-9999,C41 H32 O14 N2,41,32,14,2,-9999,-9999,-9999,N/A,-9999,-9999,N/A,-9999
3489,775.178246,775.1784813124419,775.179079583479,4393599.5,-9999,248359.1,14.91,-1,-0.7717842920134296,0.4487778540442749,0.7489023467070351,0.568827651109379,13,1.3225806451612905,0.5483870967741935,N2 S1 P1 O17,de-protonated,0,-9999,C31 H41 O17 N2 P1 S1,31,41,17,2,1,1,-9999,N/A,-9999,-9999,N/A,-9999
3489,775.178246,775.1784813124419,775.1785665192289,4393599.5,-9999,248359.1,14.91,-1,-0.10991891496327096,0.4989050539165193,0.6775563317580969,0.5703655650531503,31,0.75,0.13636363636363635,N4 S1 P1 O6,de-protonated,0,-9999,C44 H33 O6 N4 P1 S1,44,33,6,4,1,1,-9999,N/A,-9999,-9999,N/A,-9999
3489,775.178246,775.1784813124419,775.178428134799,4393599.5,-9999,248359.1,14.91,-1,0.06860051958324756,0.4995732306384004,0.8007932653391622,0.6200612445187051,4,1.9565217391304348,0.8260869565217391,N4 S2 P1 O19,de-protonated,0,-9999,C23 H45 O19 N4 P1 S2,23,45,19,4,1,2,-9999,N/A,-9999,-9999,N/A,-9999
3490,775.217,775.2172353431625,775.216985921379,5440174.5,-9999,122987.7,18.9,-1,0.3217444768295891,0.4906959156877767,0.6927871148459346,0.5715323953510398,20,1.0975609756097562,0.2195121951219512,S2 P1 O9,de-protonated,0,-9999,C41 H45 O9 P1 S2,41,45,9,-9999,1,2,-9999,N/A,-9999,-9999,N/A,-9999
3490,775.217,775.2172353431625,775.2178340745489,5440174.5,-9999,122987.7,18.9,-1,-0.7723395413168416,0.4487080434052452,0.7033271719038788,0.5505556948046987,21,1.0256410256410255,0.3333333333333333,N2 S1 O13,de-protonated,0,-9999,C39 H40 O13 N2 S1,39,40,13,2,-9999,1,-9999,N/A,-9999,-9999,N/A,-9999
3490,775.217,775.2172353431625,775.217967016279,5440174.5,-9999,122987.7,18.9,-1,-0.9438288940204288,0.4253750512216826,0.7675537279851021,0.5622465219270505,8,1.6071428571428572,0.75,N2 P1 O21,de-protonated,0,-9999,C28 H45 O21 N2 P1,28,45,21,2,1,-9999,-9999,N/A,-9999,-9999,N/A,-9999
3490,775.217,775.2172353431625,775.217321010299,5440174.5,-9999,122987.7,18.9,-1,-0.11050725275348712,0.3325955428196976,0.5822303339178662,0.43244945925896505,39,0.6153846153846154,0.03846153846153846,N4 S1 O2,de-protonated,0,-9999,C52 H32 O2 N4 S1,52,32,2,4,-9999,1,-9999,N/A,-9999,-9999,N/A,-9999
3490,775.217,775.2172353431625,775.217453952029,5440174.5,-9999,122987.7,18.9,-1,-0.2819968324516867,0.49283720042601714,0.6927871148459346,0.572817166193984,26,0.902439024390244,0.24390243902439024,N4 P1 O10,de-protonated,0,-9999,C41 H37 O10 N4 P1,41,37,10,4,1,-9999,-9999,N/A,-9999,-9999,N/A,-9999
3490,775.217,775.2172353431625,775.217182625869,5440174.5,-9999,122987.7,18.9,-1,0.06800325732938821,0.49958062641829737,0.7489023467070351,0.5993093145337924,12,1.4193548387096775,0.4838709677419355,N4 S2 O15,de-protonated,0,-9999,C31 H44 O15 N4 S2,31,44,15,4,-9999,2,-9999,N/A,-9999,-9999,N/A,-9999
3491,781.222616,781.2228561038659,781.223176980489,4054677,-9999,192295.1,13.03,-1,-0.41073617964578985,0.4849263100123852,0.6356335132356643,0.5452091913016968,37,0.6415094339622641,0.1320754716981132,O7,de-protonated,0,-9999,C53 H34 O7,53,34,7,-9999,-9999,-9999,-9999,N/A,-9999,-9999,N/A,-9999
3491,781.222616,781.2228561038659,781.223038596059,4054677,-9999,192295.1,13.03,-1,-0.23359806887369083,0.49507377705745315,0.7428850341668536,0.5941982799012133,10,1.4375,0.625,S1 O20,de-protonated,0,-9999,C32 H46 O20 S1,32,46,20,-9999,-9999,1,-9999,N/A,-9999,-9999,N/A,-9999
3491,781.222616,781.2228561038659,781.222525531809,4054677,-9999,192295.1,13.03,-1,0.42314711377655606,0.4840165400139641,0.672627141691601,0.5594607806850189,28,0.8444444444444444,0.2,N2 S1 O9,de-protonated,0,-9999,C45 H38 O9 N2 S1,45,38,9,2,-9999,1,-9999,N/A,-9999,-9999,N/A,-9999
3491,781.222616,781.2228561038659,781.223527853409,4054677,-9999,192295.1,13.03,-1,-0.8598685512917204,0.4372257582414476,0.725399618712417,0.5524953024298354,14,1.3428571428571427,0.34285714285714286,N2 S2 P1 O12,de-protonated,0,-9999,C35 H47 O12 N2 P1 S2,35,47,12,2,1,2,-9999,N/A,-9999,-9999,N/A,-9999
3491,781.222616,781.2228561038659,781.2226584735391,4054677,-9999,192295.1,13.03,-1,0.25297567165361057,0.4942275224962458,0.7311359101322861,0.5889908775506618,15,1.2647058823529411,0.5,N2 P1 O17,de-protonated,0,-9999,C34 H43 O17 N2 P1,34,43,17,2,1,-9999,-9999,N/A,-9999,-9999,N/A,-9999
3491,781.222616,781.2228561038659,781.2223871473791,4054677,-9999,192295.1,13.03,-1,0.6002855198284238,0.4683539848631393,0.7939170211058493,0.5985791993602233,1,2.0833333333333335,0.9166666666666666,N2 S2 O22,de-protonated,0,-9999,C24 H50 O22 N2 S2,24,50,22,2,-9999,2,-9999,N/A,-9999,-9999,N/A,-9999
3491,781.222616,781.2228561038659,781.2230147891589,4054677,-9999,192295.1,13.03,-1,-0.20312419124192288,0.49627074158278006,0.6582606959877568,0.5610667233447708,32,0.8125,0.02083333333333333,N4 S2 P1 O1,de-protonated,0,-9999,C48 H39 O1 N4 P1 S2,48,39,1,4,1,2,-9999,N/A,-9999,-9999,N/A,-9999
3491,781.222616,781.2228561038659,781.222145409289,4054677,-9999,192295.1,13.03,-1,0.9097214934142924,0.43028268526540775,0.6629808336683964,0.5233619446266032,33,0.7446808510638298,0.1276595744680851,N4 P1 O6,de-protonated,0,-9999,C47 H35 O6 N4 P1,47,35,6,4,1,-9999,-9999,N/A,-9999,-9999,N/A,-9999
3492,783.189694,783.1899356631855,783.190556697629,4567920.5,-9999,215558.9,14.89,-1,-0.7929544581285839,0.4460885072311588,0.672627141691601,0.5367039610153357,28,0.8,0.24444444444444444,S1 O11,de-protonated,0,-9999,C45 H36 O11 S1,45,36,11,-9999,-9999,1,-9999,N/A,-9999,-9999,N/A,-9999
3492,783.189694,783.1899356631855,783.190689639359,4567920.5,-9999,215558.9,14.89,-1,-0.9626980804492812,0.42260743858650607,0.7311359101322861,0.5460188272048181,15,1.2058823529411764,0.5588235294117647,P1 O19,de-protonated,0,-9999,C34 H41 O19 P1,34,41,19,-9999,1,-9999,-9999,N/A,-9999,-9999,N/A,-9999
3492,783.189694,783.1899356631855,783.1901765751089,4567920.5,-9999,215558.9,14.89,-1,-0.3076033518747317,0.4914889494440178,0.6629808336683964,0.5600857031337693,33,0.7021276595744681,0.1702127659574468,N2 P1 O8,de-protonated,0,-9999,C47 H33 O8 N2 P1,47,33,8,2,1,-9999,-9999,N/A,-9999,-9999,N/A,-9999
3492,783.189694,783.1899356631855,783.189905248949,4567920.5,-9999,215558.9,14.89,-1,0.03883379528338392,0.4998632006328432,0.7141928963326545,0.5855950789127677,19,1.0810810810810811,0.35135135135135137,N2 S2 O13,de-protonated,0,-9999,C37 H40 O13 N2 S2,37,40,13,2,-9999,2,-9999,N/A,-9999,-9999,N/A,-9999
3492,783.189694,783.1899356631855,783.190038190679,4567920.5,-9999,215558.9,14.89,-1,-0.13091010941913298,0.4984476303443312,0.7805128205128198,0.6112737064117266,6,1.7307692307692308,0.8076923076923077,N2 S1 P1 O21,de-protonated,0,-9999,C26 H45 O21 N2 P1 S1,26,45,21,2,1,1,-9999,N/A,-9999,-9999,N/A,-9999
3492,783.189694,783.1899356631855,783.189392184699,4567920.5,-9999,215558.9,14.89,-1,0.6939298359116293,0.4581669094911901,0.6490192219379252,0.5345078344698841,37,0.64,0.04,N4 S2 O2,de-protonated,0,-9999,C50 H32 O2 N4 S2,50,32,2,4,-9999,2,-9999,N/A,-9999,-9999,N/A,-9999
3492,783.189694,783.1899356631855,783.1895251264289,4567920.5,-9999,215558.9,14.89,-1,0.5241857091022649,0.47568283711097864,0.7033271719038788,0.5667405710281388,24,0.9487179487179488,0.2564102564102564,N4 S1 P1 O10,de-protonated,0,-9999,C39 H37 O10 N4 P1 S1,39,37,10,4,1,1,-9999,N/A,-9999,-9999,N/A,-9999
3493,787.222339,787.2225838598977,787.2229975325789,3809055.8,-9999,155100.8,12.1,-1,-0.5254834812298154,0.475565274687373,0.6227887944601802,0.5344546825964959,39,0.6607142857142857,0.01785714285714285,S1 P1 O1,de-protonated,0,-9999,C56 H37 O1 P1 S1,56,37,1,-9999,1,1,-9999,N/A,-9999,-9999,N/A,-9999
3493,787.222339,787.2225838598977,787.221856826549,3809055.8,-9999,155100.8,12.1,-1,0.923543143966954,0.4283089232943896,0.672627141691601,0.5260362106532741,26,0.8888888888888888,0.24444444444444444,S1 O11,de-protonated,0,-9999,C45 H40 O11 S1,45,40,11,-9999,-9999,1,-9999,N/A,-9999,-9999,N/A,-9999
3493,787.222339,787.2225838598977,787.222859148149,3809055.8,-9999,155100.8,12.1,-1,-0.3496954492291149,0.4890277810163716,0.7253996187124169,0.5835765160947897,12,1.4,0.4,S2 P1 O14,de-protonated,0,-9999,C35 H49 O14 P1 S2,35,49,14,-9999,1,2,-9999,N/A,-9999,-9999,N/A,-9999
3493,787.222339,787.2225838598977,787.2219897682791,3809055.8,-9999,155100.8,12.1,-1,0.7546684751324079,0.4509103885457736,0.731135910132286,0.5630005971803785,13,1.3235294117647058,0.5588235294117647,P1 O19,de-protonated,0,-9999,C34 H45 O19 P1,34,45,19,-9999,1,-9999,-9999,N/A,-9999,-9999,N/A,-9999
3493,787.222339,787.2225838598977,787.222346083899,3809055.8,-9999,155100.8,12.1,-1,0.30204426980673094,0.4917912807329877,0.6582606959877568,0.5583790468348954,30,0.8541666666666666,0.0625,N2 S2 P1 O3,de-protonated,0,-9999,C48 H41 O3 N2 P1 S2,48,41,3,2,1,2,-9999,N/A,-9999,-9999,N/A,-9999
3493,787.222339,787.2225838598977,787.223194237069,3809055.8,-9999,155100.8,12.1,-1,-0.7753546590573129,0.4483282711245663,0.667769152885588,0.5361046238289751,31,0.782608695652174,0.15217391304347827,N4 S1 O7,de-protonated,0,-9999,C46 H36 O7 N4 S1,46,36,7,4,-9999,1,-9999,N/A,-9999,-9999,N/A,-9999
3493,787.222339,787.2225838598977,787.223327178799,3809055.8,-9999,155100.8,12.1,-1,-0.9442287539469024,0.4253167846817362,0.725399618712417,0.5453499182940085,18,1.1714285714285717,0.42857142857142855,N4 P1 O15,de-protonated,0,-9999,C35 H41 O15 N4 P1,35,41,15,4,1,-9999,-9999,N/A,-9999,-9999,N/A,-9999
3493,787.222339,787.2225838598977,787.223055852639,3809055.8,-9999,155100.8,12.1,-1,-0.5995667147609656,0.4684272843484296,0.7871578612348809,0.5959195151030101,4,1.92,0.8,N4 S2 O20,de-protonated,0,-9999,C25 H48 O20 N4 S2,25,48,20,4,-9999,2,-9999,N/A,-9999,-9999,N/A,-9999
3494,788.979747,788.97999325301,788.980306402109,8212638.5,-9999,125940.8,28.17,-1,-0.39690356844354113,0.3239402015188353,0.6430949433786466,0.4516020982627598,36,0.3333333333333333,0.30952380952380953,S2 O13,de-protonated,0,-9999,C42 H14 O13 S2,42,14,13,-9999,-9999,2,-9999,N/A,-9999,-9999,N/A,-9999
3494,788.979747,788.97999325301,788.9804393438391,8212638.5,-9999,125940.8,28.17,-1,-0.565401633350552,0.471822456132783,0.7489023467070351,0.5826544123624839,23,0.6129032258064516,0.6774193548387096,S1 P1 O21,de-protonated,0,-9999,C31 H19 O21 P1 S1,31,19,21,-9999,1,1,-9999,N/A,-9999,-9999,N/A,-9999
3494,788.979747,788.97999325301,788.979274830909,8212638.5,-9999,125940.8,28.17,-1,0.910571575007547,0.4301618903487064,0.719752637322661,0.5459981891382883,32,0.4166666666666667,0.3333333333333333,N4 S2 P1 O12,de-protonated,0,-9999,C36 H15 O12 N4 P1 S2,36,15,12,4,1,2,-9999,N/A,-9999,-9999,N/A,-9999
3495,789.187445,789.187691417654,789.1870059463989,12581247,-9999,217996,44.11,-1,0.8685789932492523,0.290688647501236,0.5879753344784842,0.40960332229213525,35,0.6862745098039216,0.09803921568627452,S1 P1 O5,de-protonated,0,-9999,C51 H35 O5 P1 S1,51,35,5,-9999,1,1,-9999,N/A,-9999,-9999,N/A,-9999
3495,789.187445,789.187691417654,789.188367163819,12581247,-9999,217996,44.11,-1,-0.8562545940005792,0.29181204304818326,0.6834972837722824,0.4484861393378229,18,1.0555555555555556,0.5555555555555556,O20,de-protonated,0,-9999,C36 H38 O20,36,38,20,-9999,-9999,-9999,-9999,N/A,-9999,-9999,N/A,-9999
3495,789.187445,789.187691417654,789.1878540995691,12581247,-9999,217996,44.11,-1,-0.20613839179916144,0.33077311416511096,0.5996860735531828,0.43833829792033974,36,0.6122448979591837,0.1836734693877551,N2 O9,de-protonated,0,-9999,C49 H30 O9 N2,49,30,9,2,-9999,-9999,-9999,N/A,-9999,-9999,N/A,-9999
3495,789.187445,789.187691417654,789.187715715139,12581247,-9999,217996,44.11,-1,-0.0307879665204562,0.49991400989165696,0.7675537279851021,0.606969897129035,9,1.5,0.7857142857142857,N2 S1 O22,de-protonated,0,-9999,C28 H42 O22 N2 S1,28,42,22,2,-9999,1,-9999,N/A,-9999,-9999,N/A,-9999
3495,789.187445,789.187691417654,789.188343356919,12581247,-9999,217996,44.11,-1,-0.8260883100976374,0.2945116125608069,0.5822303339178662,0.4095991011036306,40,0.5961538461538461,0.01923076923076923,N4 S1 P1 O1,de-protonated,0,-9999,C52 H31 O1 N4 P1 S1,52,31,1,4,1,1,-9999,N/A,-9999,-9999,N/A,-9999
3495,789.187445,789.187691417654,789.1872026508889,12581247,-9999,217996,44.11,-1,0.6193293092692417,0.3109228891734796,0.6496170588360974,0.4464005570385268,27,0.8292682926829268,0.2682926829268293,N4 S1 O11,de-protonated,0,-9999,C41 H34 O11 N4 S1,41,34,11,4,-9999,1,-9999,N/A,-9999,-9999,N/A,-9999
3495,789.187445,789.187691417654,789.1882049724891,12581247,-9999,217996,44.11,-1,-0.6507381025240029,0.3086804858171001,0.701867334613775,0.4659552253357701,13,1.3870967741935485,0.4516129032258064,N4 S2 P1 O14,de-protonated,0,-9999,C31 H43 O14 N4 P1 S2,31,43,14,4,1,2,-9999,N/A,-9999,-9999,N/A,-9999
3495,789.187445,789.187691417654,789.187335592619,12581247,-9999,217996,44.11,-1,0.45087524724498473,0.4818927935194324,0.7550179348240813,0.5911428500412921,14,1.3,0.6333333333333333,N4 P1 O19,de-protonated,0,-9999,C30 H39 O19 N4 P1,30,39,19,4,1,-9999,-9999,N/A,-9999,-9999,N/A,-9999
3496,789.189807,789.1900534195263,789.190377249719,11886978,-9999,171671.4,41.57,-1,-0.4103321606433341,0.7183641538276848,0.8246935121418251,0.7608958971533409,30,0.8125,0.10416666666666669,S2 P1 O5,de-protonated,0,-9999,C48 H39 O5 P1 S2,48,39,5,-9999,1,2,-9999,N/A,-9999,-9999,N/A,-9999
3496,789.189807,789.1900534195263,789.189507869849,11886978,-9999,171671.4,41.57,-1,0.6912784215784744,0.30564822784935936,0.6116976458364167,0.4280679950441824,31,0.7446808510638298,0.2127659574468085,P1 O10,de-protonated,0,-9999,C47 H35 O10 P1,47,35,10,-9999,1,-9999,-9999,N/A,-9999,-9999,N/A,-9999
3496,789.189807,789.1900534195263,789.189369485419,11886978,-9999,171671.4,41.57,-1,0.866628636623108,0.4363008091253309,0.7805128205128198,0.5739856136803265,4,1.8076923076923077,0.8846153846153846,S1 P1 O23,de-protonated,0,-9999,C26 H47 O23 P1 S1,26,47,23,-9999,1,1,-9999,N/A,-9999,-9999,N/A,-9999
3496,789.189807,789.1900534195263,789.1905739542091,11886978,-9999,171671.4,41.57,-1,-0.6595804612437116,0.6876602690269809,0.8488472986294748,0.7521350808679784,22,1,0.2894736842105263,N4 S2 O11,de-protonated,0,-9999,C38 H38 O11 N4 S2,38,38,11,4,-9999,2,-9999,N/A,-9999,-9999,N/A,-9999
3496,789.189807,789.1900534195263,789.1897045743391,11886978,-9999,171671.4,41.57,-1,0.4420295718285065,0.611425828587474,0.927418308583078,0.7378228205857156,23,0.918918918918919,0.43243243243243246,N4 O16,de-protonated,0,-9999,C37 H34 O16 N4,37,34,16,4,-9999,-9999,-9999,N/A,-9999,-9999,N/A,-9999
3496,789.189807,789.1900534195263,789.1907068959391,11886978,-9999,171671.4,41.57,-1,-0.8280335882212053,0.9279564968845084,0.9751511673591516,0.9468343650743656,9,1.5925925925925926,0.7037037037037037,N4 S1 P1 O19,de-protonated,0,-9999,C27 H43 O19 N4 P1 S1,27,43,19,4,1,1,-9999,N/A,-9999,-9999,N/A,-9999
3497,790.193507,790.1937542151679,790.193732084789,3980728.3,-9999,174207.6,12.72,-1,0.02800626994018935,0.725850826829337,0.8246935121418251,0.7653879009543323,30,0.8297872340425532,0.10638297872340426,13C1 S2 P1 O5,de-protonated,1,3496,C47 H39 O5 P1 S2 13C1,47,39,5,-9999,1,2,1,N/A,-9999,-9999,N/A,-9999
3497,790.193507,790.1937542151679,790.1938684304091,3980728.3,-9999,174207.6,12.72,-1,-0.14454078390903805,0.4981081716240794,0.6629808336683964,0.5640572364418062,30,0.7872340425531915,0.14893617021276595,N1 S2 O7,de-protonated,0,-9999,C47 H37 O7 N1 S2,47,37,7,1,-9999,2,-9999,N/A,-9999,-9999,N/A,-9999
3497,790.193507,790.1937542151679,790.192999050539,3980728.3,-9999,174207.6,12.72,-1,0.9556711206254422,0.42364239456103214,0.6677691528855879,0.5212930978908544,31,0.717391304347826,0.2608695652173913,N1 O12,de-protonated,0,-9999,C46 H33 O12 N1,46,33,12,1,-9999,-9999,-9999,N/A,-9999,-9999,N/A,-9999
3497,790.193507,790.1937542151679,790.1940013721389,3980728.3,-9999,174207.6,12.72,-1,-0.31278011547855644,0.49120262422500127,0.719752637322661,0.5826226294640652,17,1.1666666666666667,0.4166666666666667,N1 S1 P1 O15,de-protonated,0,-9999,C36 H42 O15 N1 P1 S1,36,42,15,1,1,1,-9999,N/A,-9999,-9999,N/A,-9999
3497,790.193507,790.1937542151679,790.193488307889,3980728.3,-9999,174207.6,12.72,-1,0.336509073907679,0.4898313495838005,0.6536072938689251,0.5553417272978503,35,0.6938775510204082,0.08163265306122448,N3 S1 P1 O4,de-protonated,0,-9999,C49 H34 O4 N3 P1 S1,49,34,4,3,1,1,-9999,N/A,-9999,-9999,N/A,-9999
3497,790.193507,790.1937542151679,790.193349923459,3980728.3,-9999,174207.6,12.72,-1,0.5116364355452546,0.4768061153780866,0.7675537279851021,0.5931051604208928,8,1.6428571428571428,0.6071428571428571,N3 S2 P1 O17,de-protonated,0,-9999,C28 H46 O17 N3 P1 S2,28,46,17,3,1,2,-9999,N/A,-9999,-9999,N/A,-9999
3497,790.193507,790.1937542151679,790.1939287892791,3980728.3,-9999,174207.6,12.72,-1,-0.22092565482471951,0.7044318339688411,0.8488472986294748,0.7621980198330947,22,1.027027027027027,0.2972972972972973,13C1 N4 S2 O11,de-protonated,1,3496,C37 H38 O11 N4 S2 13C1,37,38,11,4,-9999,2,1,N/A,-9999,-9999,N/A,-9999
3497,790.193507,790.1937542151679,790.193059409409,3980728.3,-9999,174207.6,12.72,-1,0.8792860816305618,0.5794064429562303,0.927418308583078,0.7186111892069694,23,0.9444444444444444,0.4444444444444444,13C1 N4 O16,de-protonated,1,3496,C36 H34 O16 N4 13C1,36,34,16,4,-9999,-9999,1,N/A,-9999,-9999,N/A,-9999
3497,790.193507,790.1937542151679,790.194061731009,3980728.3,-9999,174207.6,12.72,-1,-0.38916496083623014,0.9728938594273407,0.9751511673591516,0.9737967826000652,9,1.6538461538461535,0.7307692307692307,13C1 N4 S1 P1 O19,de-protonated,1,3496,C26 H43 O19 N4 P1 S1 13C1,26,43,19,4,1,1,1,N/A,-9999,-9999,N/A,-9999
3498,791.185334,791.1855820013977,791.184897946119,4159445.8,-9999,165531.6,13.37,-1,0.8645959756070408,0.4365794834015563,0.6444951140065157,0.51974573564354,34,0.7254901960784313,0.0588235294117647,S2 P1 O3,de-protonated,0,-9999,C51 H37 O3 P1 S2,51,37,3,-9999,1,2,-9999,N/A,-9999,-9999,N/A,-9999
3498,791.185334,791.1855820013977,791.1861730793189,4159445.8,-9999,165531.6,13.37,-1,-0.7470781736127332,0.701808385678613,0.8246935121418251,0.7509624362638978,30,0.8125,0.10416666666666669,S1 34S1 P1 O5,de-protonated,1,3496,C48 H39 O5 P1 S1 34S1,48,39,5,-9999,1,1,-9999,N/A,-9999,-9999,N/A,1
3498,791.185334,791.1855820013977,791.186259163539,4159445.8,-9999,165531.6,13.37,-1,-0.8558820801776572,0.4377687232968422,0.719752637322661,0.5505622889071697,17,1.1111111111111112,0.5,S1 O18,de-protonated,0,-9999,C36 H40 O18 S1,36,40,18,-9999,-9999,1,-9999,N/A,-9999,-9999,N/A,-9999
3498,791.185334,791.1855820013977,791.185746099289,4159445.8,-9999,165531.6,13.37,-1,-0.20740754246169452,0.49611242236464714,0.6536072938689251,0.5591103709663583,35,0.6530612244897959,0.14285714285714285,N2 S1 O7,de-protonated,0,-9999,C49 H32 O7 N2 S1,49,32,7,2,-9999,1,-9999,N/A,-9999,-9999,N/A,-9999
3498,791.185334,791.1855820013977,791.1858790410189,4159445.8,-9999,165531.6,13.37,-1,-0.37543594878044606,0.4873743509983209,0.7087183895694522,0.5759119664267733,22,0.9736842105263158,0.3947368421052632,N2 P1 O15,de-protonated,0,-9999,C38 H37 O15 N2 P1,38,37,15,2,1,-9999,-9999,N/A,-9999,-9999,N/A,-9999
3498,791.185334,791.1855820013977,791.185607714859,4159445.8,-9999,165531.6,13.37,-1,-0.03249991024913362,0.4999041821240477,0.7675537279851021,0.6069640004684695,8,1.5714285714285714,0.7142857142857143,N2 S2 O20,de-protonated,0,-9999,C28 H44 O20 N2 S2,28,44,20,2,-9999,2,-9999,N/A,-9999,-9999,N/A,-9999
3498,791.185334,791.1855820013977,791.185365976769,4159445.8,-9999,165531.6,13.37,-1,0.273039211763184,0.49328200277776024,0.6444951140065157,0.5537672472692624,40,0.5686274509803921,0.0784313725490196,N4 P1 O4,de-protonated,0,-9999,C51 H29 O4 N4 P1,51,29,4,4,1,-9999,-9999,N/A,-9999,-9999,N/A,-9999
3498,791.185334,791.1855820013977,791.1850946506091,4159445.8,-9999,165531.6,13.37,-1,0.6159756950658891,0.4667350438992842,0.6927871148459346,0.5571558722779444,26,0.8780487804878049,0.2195121951219512,N4 S2 O9,de-protonated,0,-9999,C41 H36 O9 N4 S2,41,36,9,4,-9999,2,-9999,N/A,-9999,-9999,N/A,-9999
3498,791.185334,791.1855820013977,791.186369783809,4159445.8,-9999,165531.6,13.37,-1,-0.9956976527655648,0.6654764729794058,0.8488472986294748,0.7388248032394333,22,1,0.2894736842105263,N4 S1 34S1 O11,de-protonated,1,3496,C38 H38 O11 N4 S1 34S1,38,38,11,4,-9999,1,-9999,N/A,-9999,-9999,N/A,1
3498,791.185334,791.1855820013977,791.1852275923391,4159445.8,-9999,165531.6,13.37,-1,0.4479470120434432,0.4821229842029924,0.7550179348240813,0.5912809644514281,13,1.3666666666666667,0.5666666666666667,N4 S1 P1 O17,de-protonated,0,-9999,C30 H41 O17 N4 P1 S1,30,41,17,4,1,1,-9999,N/A,-9999,-9999,N/A,-9999
3499,795.239008,795.2392592147797,795.239696424819,5285425.5,-9999,107271.5,17.46,-1,-0.5497839723972385,0.3155439174928147,0.5654252658645154,0.41549645684149494,36,0.7272727272727273,0.03636363636363636,S2 O2,de-protonated,0,-9999,C55 H40 O2 S2,55,40,2,-9999,-9999,2,-9999,N/A,-9999,-9999,N/A,-9999
3499,795.239008,795.2392592147797,795.2388270449491,5285425.5,-9999,107271.5,17.46,-1,0.5434465923650492,0.31594084222969304,0.5709562512810148,0.41794700585022176,37,0.6666666666666666,0.12962962962962962,O7,de-protonated,0,-9999,C54 H36 O7,54,36,7,-9999,-9999,-9999,-9999,N/A,-9999,-9999,N/A,-9999
3499,795.239008,795.2392592147797,795.2398293665489,5285425.5,-9999,107271.5,17.46,-1,-0.7169557510457708,0.4554740924130076,0.6775563317580969,0.5443069881510434,23,1.0227272727272727,0.2272727272727273,S1 P1 O10,de-protonated,0,-9999,C44 H45 O10 P1 S1,44,45,10,-9999,1,1,-9999,N/A,-9999,-9999,N/A,-9999
3499,795.239008,795.2392592147797,795.238688660519,5285425.5,-9999,107271.5,17.46,-1,0.7174629063089318,0.4554139742492922,0.7369636471990461,0.5680338434291937,10,1.4545454545454546,0.6060606060606061,S1 O20,de-protonated,0,-9999,C33 H48 O20 S1,33,48,20,-9999,-9999,1,-9999,N/A,-9999,-9999,N/A,-9999
3499,795.239008,795.2392592147797,795.239177917869,5285425.5,-9999,107271.5,17.46,-1,0.10222950901413907,0.499052749873512,0.719752637322661,0.5873327048531716,14,1.3611111111111112,0.3333333333333333,N2 S2 P1 O12,de-protonated,0,-9999,C36 H49 O12 N2 P1 S2,36,49,12,2,1,2,-9999,N/A,-9999,-9999,N/A,-9999
3499,795.239008,795.2392592147797,795.238664853619,5285425.5,-9999,107271.5,17.46,-1,0.7473997267077672,0.4518045657993211,0.6536072938689251,0.5325256570271627,32,0.8367346938775511,0.02040816326530612,N4 S2 P1 O1,de-protonated,0,-9999,C49 H41 O1 N4 P1 S2,49,41,1,4,1,2,-9999,N/A,-9999,-9999,N/A,-9999
3499,795.239008,795.2392592147797,795.2400260710391,5285425.5,-9999,107271.5,17.46,-1,-0.96430792492868,0.4223696255093009,0.7311359101322861,0.545876139358495,15,1.2941176470588236,0.4705882352941176,N4 S1 O16,de-protonated,0,-9999,C34 H44 O16 N4 S1,34,44,16,4,-9999,1,-9999,N/A,-9999,-9999,N/A,-9999
3500,797.233463,797.2337157958013,797.2343500629489,4051443.3,-9999,251270,12.95,-1,-0.7955843191213383,0.4457504884091396,0.6629808336683964,0.5326426265128423,27,0.9148936170212766,0.1702127659574468,S1 P1 O8,de-protonated,0,-9999,C47 H43 O8 P1 S1,47,43,8,-9999,1,1,-9999,N/A,-9999,-9999,N/A,-9999
3500,797.233463,797.2337157958013,797.233209356919,4051443.3,-9999,251270,12.95,-1,0.6352455923583826,0.4646975884862223,0.719752637322661,0.5667196080207978,14,1.2777777777777777,0.5,S1 O18,de-protonated,0,-9999,C36 H46 O18 S1,36,46,18,-9999,-9999,1,-9999,N/A,-9999,-9999,N/A,-9999
3500,797.233463,797.2337157958013,797.234211678519,4051443.3,-9999,251270,12.95,-1,-0.6220038107202888,0.46610346841303407,0.7805128205128198,0.5918672092529483,0,2.1153846153846154,0.8076923076923077,S2 P1 O21,de-protonated,0,-9999,C26 H55 O21 P1 S2,26,55,21,-9999,1,2,-9999,N/A,-9999,-9999,N/A,-9999
3500,797.233463,797.2337157958013,797.233698614269,4051443.3,-9999,251270,12.95,-1,0.02155143767873008,0.4999578635419819,0.7033271719038788,0.5813055868867407,18,1.205128205128205,0.2564102564102564,N2 S2 P1 O10,de-protonated,0,-9999,C39 H47 O10 N2 P1 S2,39,47,10,2,1,2,-9999,N/A,-9999,-9999,N/A,-9999
3502,799.110741,799.1109952839356,799.1101983750491,6869265,-9999,183657.8,23.23,-1,0.9972452962486552,0.2782980333500417,0.6116976458364167,0.4116578783445918,34,0.5957446808510638,0.1914893617021277,S2 O9,de-protonated,0,-9999,C47 H28 O9 S2,47,28,9,-9999,-9999,2,-9999,N/A,-9999,-9999,N/A,-9999
3502,799.110741,799.1109952839356,799.110331316779,6869265,-9999,183657.8,23.23,-1,0.830882958914419,0.4411310538143592,0.719752637322661,0.55257968721768,21,0.9166666666666666,0.4722222222222222,S1 P1 O17,de-protonated,0,-9999,C36 H33 O17 P1 S1,36,33,17,-9999,1,1,-9999,N/A,-9999,-9999,N/A,-9999
3502,799.110741,799.1109952839356,799.111179469949,6869265,-9999,183657.8,23.23,-1,-0.23048859545809544,0.4952034252744184,0.7311359101322861,0.5895764192175654,22,0.8235294117647058,0.6176470588235294,N2 O21,de-protonated,0,-9999,C34 H28 O21 N2,34,28,21,2,-9999,-9999,-9999,N/A,-9999,-9999,N/A,-9999
3502,799.110741,799.1109952839356,799.1115357855691,6869265,-9999,183657.8,23.23,-1,-0.6763782141845778,0.3067804933576653,0.6056537631733503,0.42632980128393927,39,0.5,0.10416666666666669,N4 S2 O5,de-protonated,0,-9999,C48 H24 O5 N4 S2,48,24,5,4,-9999,2,-9999,N/A,-9999,-9999,N/A,-9999
3502,799.110741,799.1109952839356,799.110666405699,6869265,-9999,183657.8,23.23,-1,0.4115553081857477,0.32324469825778707,0.6116976458364167,0.43862587728923896,40,0.425531914893617,0.2127659574468085,N4 O10,de-protonated,0,-9999,C47 H20 O10 N4,47,20,10,4,-9999,-9999,-9999,N/A,-9999,-9999,N/A,-9999
3502,799.110741,799.1109952839356,799.1116687272989,6869265,-9999,183657.8,23.23,-1,-0.8427399945217772,0.4395455271188868,0.7141928963326545,0.5494044748043938,26,0.7837837837837838,0.35135135135135137,N4 S1 P1 O13,de-protonated,0,-9999,C37 H29 O13 N4 P1 S1,37,29,13,4,1,1,-9999,N/A,-9999,-9999,N/A,-9999
3502,799.110741,799.1109952839356,799.110528021269,6869265,-9999,183657.8,23.23,-1,0.5847284576917946,0.469923283804931,0.7805128205128198,0.5941590984880865,13,1.2307692307692308,0.8846153846153846,N4 S1 O23,de-protonated,0,-9999,C26 H32 O23 N4 S1,26,32,23,4,-9999,1,-9999,N/A,-9999,-9999,N/A,-9999
3503,800.712928,800.7131835540031,800.713748711809,5959423,-9999,145437.9,19.9,-1,-0.7058175369386867,0.30452377865158103,0.587975334478484,0.41790440098234227,5,1.8627450980392155,0.09803921568627452,N1 O5,de-protonated,0,-9999,C51 H95 O5 N1,51,95,5,1,-9999,-9999,-9999,N/A,-9999,-9999,N/A,-9999
3504,800.933561,800.9338167289008,800.9345379782391,5186509,-9999,142573.7,17.08,-1,-0.9005097222212521,0.4315865786628212,0.748902346707035,0.5585128858805067,25,0.4516129032258064,0.7096774193548387,S2 O22,de-protonated,0,-9999,C31 H14 O22 S2,31,14,22,-9999,-9999,2,-9999,N/A,-9999,-9999,N/A,-9999
3504,800.933561,800.9338167289008,800.934157855719,5186509,-9999,142573.7,17.08,-1,-0.4259111875035251,0.4838104728942184,0.7369636471990461,0.5850717426161495,30,0.3333333333333333,0.5757575757575758,N2 S1 P1 O19,de-protonated,0,-9999,C33 H11 O19 N2 P1 S1,33,11,19,2,1,1,-9999,N/A,-9999,-9999,N/A,-9999
3504,800.933561,800.9338167289008,800.9335064070391,5186509,-9999,142573.7,17.08,-1,0.3874502180008316,0.486564486211033,0.7871578612348809,0.6068018362205722,21,0.6,0.84,N4 S2 P1 O21,de-protonated,0,-9999,C25 H15 O21 N4 P1 S2,25,15,21,4,1,2,-9999,N/A,-9999,-9999,N/A,-9999
3505,801.107292,801.1075478666188,801.107220994899,10106991,-9999,129059.6,35.03,-1,0.4080249325793241,0.32341444898400534,0.617818714964936,0.4411761553763776,34,0.5652173913043478,0.2608695652173913,S1 O12,de-protonated,0,-9999,C46 H26 O12 S1,46,26,12,-9999,-9999,1,-9999,N/A,-9999,-9999,N/A,-9999
3505,801.107292,801.1075478666188,801.108223316499,10106991,-9999,129059.6,35.03,-1,-0.8431443599402761,0.21974558023145013,0.644103004784613,0.3894885500527153,20,0.9722222222222222,0.4166666666666667,S2 P1 O15,de-protonated,0,-9999,C36 H35 O15 P1 S2,36,35,15,-9999,1,2,-9999,N/A,-9999,-9999,N/A,-9999
3505,801.107292,801.1075478666188,801.107353936629,10106991,-9999,129059.6,35.03,-1,0.24207740552913057,0.4947115862038602,0.7253996187124169,0.5869867992072828,21,0.8857142857142857,0.5714285714285714,P1 O20,de-protonated,0,-9999,C35 H31 O20 P1,35,31,20,-9999,1,-9999,-9999,N/A,-9999,-9999,N/A,-9999
3505,801.107292,801.1075478666188,801.107710252249,10106991,-9999,129059.6,35.03,-1,-0.20270136980949024,0.24814309663043096,0.5691447579013409,0.37654376113879495,38,0.5510204081632653,0.08163265306122448,N2 S2 P1 O4,de-protonated,0,-9999,C49 H27 O4 N2 P1 S2,49,27,4,2,1,2,-9999,N/A,-9999,-9999,N/A,-9999
3505,801.107292,801.1075478666188,801.106840872379,10106991,-9999,129059.6,35.03,-1,0.8825217857076326,0.28940371246233765,0.6056537631733503,0.4159037327467427,39,0.4791666666666667,0.1875,N2 P1 O9,de-protonated,0,-9999,C48 H23 O9 N2 P1,48,23,9,2,1,-9999,-9999,N/A,-9999,-9999,N/A,-9999
3506,801.43202900000006,801.4322851240406,801.432321597329,6150557,-9999,171000.7,20.6,-1,-0.04551012899002842,0.33320808639954796,0.6056537631733503,0.4421863571090689,16,1.3958333333333333,0.125,S1 P1 O6,de-protonated,0,-9999,C48 H67 O6 P1 S1,48,67,6,-9999,1,1,-9999,N/A,-9999,-9999,N/A,-9999
3506,801.43202900000006,801.4322851240406,801.431670148649,6150557,-9999,171000.7,20.6,-1,0.76734600655263,0.4493344564070018,0.6980173569463056,0.5488076166227234,7,1.775,0.2,N2 S2 P1 O8,de-protonated,0,-9999,C40 H71 O8 N2 P1 S2,40,71,8,2,1,2,-9999,N/A,-9999,-9999,N/A,-9999
3506,801.43202900000006,801.4322851240406,801.432518301819,6150557,-9999,171000.7,20.6,-1,-0.2909512317208877,0.4923786291013296,0.7087183895694522,0.5789145332885786,8,1.736842105263158,0.3157894736842105,N4 S1 O12,de-protonated,0,-9999,C38 H66 O12 N4 S1,38,66,12,4,-9999,1,-9999,N/A,-9999,-9999,N/A,-9999
3507,802.710947,802.7112041378498,802.711640711529,3854386.3,-9999,168445.9,12.21,-1,-0.5438736116744971,0.4738713390237333,0.6444951140065156,0.5421208490168462,4,1.9019607843137256,0.0588235294117647,N1 S1 O3,de-protonated,0,-9999,C51 H97 O3 N1 S1,51,97,3,1,-9999,1,-9999,N/A,-9999,-9999,N/A,-9999
3508,809.21641,809.216672294786,809.2165919982091,5473812.5,-9999,117121.8,18.1,-1,0.09922754639402928,0.499107515980677,0.6582606959877569,0.5627687879835089,28,0.8958333333333334,0.125,S2 P1 O6,de-protonated,0,-9999,C48 H43 O6 P1 S2,48,43,6,-9999,1,2,-9999,N/A,-9999,-9999,N/A,-9999
3508,809.21641,809.216672294786,809.2174401513789,5473812.5,-9999,117121.8,18.1,-1,-0.948887844992328,0.42463664606813145,0.6677691528855879,0.521889648795114,29,0.8260869565217391,0.21739130434782608,N2 S1 O10,de-protonated,0,-9999,C46 H38 O10 N2 S1,46,38,10,2,-9999,1,-9999,N/A,-9999,-9999,N/A,-9999
3508,809.21641,809.216672294786,809.2173017669492,5473812.5,-9999,117121.8,18.1,-1,-0.7778777860783708,0.4480095791560092,0.7871578612348809,0.5836688919875579,2,2,0.92,N2 S2 O23,de-protonated,0,-9999,C25 H50 O23 N2 S2,25,50,23,2,-9999,2,-9999,N/A,-9999,-9999,N/A,-9999
3508,809.21641,809.216672294786,809.217060028859,5473812.5,-9999,117121.8,18.1,-1,-0.4791471808411744,0.4795991938766842,0.6582606959877568,0.5510637947211132,34,0.7291666666666666,0.14583333333333334,N4 P1 O7,de-protonated,0,-9999,C48 H35 O7 N4 P1,48,35,7,4,1,-9999,-9999,N/A,-9999,-9999,N/A,-9999
3508,809.21641,809.216672294786,809.2167887026991,5473812.5,-9999,117121.8,18.1,-1,-0.14385256794994855,0.49812611050301553,0.7087183895694522,0.5823630221295901,20,1.105263157894737,0.3157894736842105,N4 S2 O12,de-protonated,0,-9999,C38 H42 O12 N4 S2,38,42,12,4,-9999,2,-9999,N/A,-9999,-9999,N/A,-9999
3508,809.21641,809.216672294786,809.215919322829,5473812.5,-9999,117121.8,18.1,-1,0.9304957293018468,0.4273083052757664,0.7141928963326545,0.5420621416985216,21,1.027027027027027,0.4594594594594595,N4 O17,de-protonated,0,-9999,C37 H38 O17 N4,37,38,17,4,-9999,-9999,-9999,N/A,-9999,-9999,N/A,-9999
3508,809.21641,809.216672294786,809.216921644429,5473812.5,-9999,117121.8,18.1,-1,-0.30813696098527604,0.4914596489148297,0.7739790330151772,0.6044674025549688,7,1.7407407407407407,0.7407407407407407,N4 S1 P1 O20,de-protonated,0,-9999,C27 H47 O20 N4 P1 S1,27,47,20,4,1,1,-9999,N/A,-9999,-9999,N/A,-9999
3509,813.117081,813.1173463868813,813.1176062310191,20539388,-9999,129938.7,73.06,-1,-0.319565258170988,0.390275251033189,0.5855780812880549,0.4683963831351353,34,0.6458333333333334,0.14583333333333334,S2 P1 O7,de-protonated,0,-9999,C48 H31 O7 P1 S2,48,31,7,-9999,1,2,-9999,N/A,-9999,-9999,N/A,-9999
3509,813.117081,813.1173463868813,813.116736851149,20539388,-9999,129938.7,73.06,-1,0.7496288106157208,0.30102072223168896,0.6116976458364167,0.4252914916735801,35,0.574468085106383,0.2553191489361702,P1 O12,de-protonated,0,-9999,C47 H27 O12 P1,47,27,12,-9999,1,-9999,-9999,N/A,-9999,-9999,N/A,-9999
3509,813.117081,813.1173463868813,813.116598466719,20539388,-9999,129938.7,73.06,-1,0.9198190809729386,0.17153710435873473,0.7065421030566719,0.3855391038379096,8,1.5,0.9615384615384616,S1 P1 O25,de-protonated,0,-9999,C26 H39 O25 P1 S1,26,39,25,-9999,1,1,-9999,N/A,-9999,-9999,N/A,-9999
3509,813.117081,813.1173463868813,813.118074261669,20539388,-9999,129938.7,73.06,-1,-0.8951649344976756,0.28822588102202346,0.6056537631733504,0.41519703388255425,40,0.4791666666666667,0.16666666666666666,N4 P1 O8,de-protonated,0,-9999,C48 H23 O8 N4 P1,48,23,8,4,1,-9999,-9999,N/A,-9999,-9999,N/A,-9999
3509,813.117081,813.1173463868813,813.117802935509,20539388,-9999,129938.7,73.06,-1,-0.5614790698286183,0.5826872332326524,0.7905546416022629,0.6658341965804966,26,0.7894736842105263,0.34210526315789475,N4 S2 O13,de-protonated,0,-9999,C38 H30 O13 N4 S2,38,30,13,4,-9999,2,-9999,N/A,-9999,-9999,N/A,-9999
3509,813.117081,813.1173463868813,813.1169335556391,20539388,-9999,129938.7,73.06,-1,0.5077144813724538,0.23857605900679635,0.6600309365494865,0.4071580100238724,27,0.7027027027027027,0.4864864864864865,N4 O18,de-protonated,0,-9999,C37 H26 O18 N4,37,26,18,4,-9999,-9999,-9999,N/A,-9999,-9999,N/A,-9999
3509,813.117081,813.1173463868813,813.1179358772391,20539388,-9999,129938.7,73.06,-1,-0.7249752241352255,0.3801290239171321,0.8883641657950164,0.5834230806682859,13,1.2962962962962965,0.7777777777777778,N4 S1 P1 O21,de-protonated,0,-9999,C27 H35 O21 N4 P1 S1,27,35,21,4,1,1,-9999,N/A,-9999,-9999,N/A,-9999
3510,813.151814,813.1520794144144,813.152851034339,4344854,-9999,144851.5,13.97,-1,-0.9489235924922288,0.4246314188892867,0.7087183895694522,0.5382662071613529,20,1,0.42105263157894735,S2 O16,de-protonated,0,-9999,C38 H38 O16 S2,38,38,16,-9999,-9999,2,-9999,N/A,-9999,-9999,N/A,-9999
3510,813.151814,813.1520794144144,813.1519816544691,4344854,-9999,144851.5,13.97,-1,0.12022346072951608,0.4986904173368043,0.7141928963326545,0.5848914089351445,21,0.918918918918919,0.5675675675675675,O21,de-protonated,0,-9999,C37 H34 O21,37,34,21,-9999,-9999,-9999,-9999,N/A,-9999,-9999,N/A,-9999
3510,813.151814,813.1520794144144,813.1523379700891,4344854,-9999,144851.5,13.97,-1,-0.31796708023522596,0.4909111137055258,0.6444951140065156,0.5523447138259218,38,0.5882352941176471,0.09803921568627452,N2 S2 O5,de-protonated,0,-9999,C51 H30 O5 N2 S2,51,30,5,2,-9999,2,-9999,N/A,-9999,-9999,N/A,-9999
3510,813.151814,813.1520794144144,813.151468590219,4344854,-9999,144851.5,13.97,-1,0.7511813222993479,0.4513402253737561,0.6490192219379252,0.5304118239994238,39,0.52,0.2,N2 O10,de-protonated,0,-9999,C50 H26 O10 N2,50,26,10,2,-9999,-9999,-9999,N/A,-9999,-9999,N/A,-9999
3510,813.151814,813.1520794144144,813.1524709118189,4344854,-9999,144851.5,13.97,-1,-0.4814563301620291,0.47940620109574866,0.6980173569463056,0.5668506634359715,25,0.875,0.325,N2 S1 P1 O13,de-protonated,0,-9999,C40 H35 O13 N2 P1 S1,40,35,13,2,1,1,-9999,N/A,-9999,-9999,N/A,-9999
3510,813.151814,813.1520794144144,813.1513302057891,4344854,-9999,144851.5,13.97,-1,0.9213643235263482,0.42862143433963057,0.7612342259156645,0.5616665509700441,12,1.3103448275862069,0.7931034482758621,N2 S1 O23,de-protonated,0,-9999,C29 H38 O23 N2 S1,29,38,23,2,-9999,1,-9999,N/A,-9999,-9999,N/A,-9999
3510,813.151814,813.1520794144144,813.151819463139,4344854,-9999,144851.5,13.97,-1,0.31968356857428915,0.49081362883231133,0.7428850341668535,0.5916421909661282,16,1.21875,0.46875,N4 S2 P1 O15,de-protonated,0,-9999,C32 H39 O15 N4 P1 S2,32,39,15,4,1,2,-9999,N/A,-9999,-9999,N/A,-9999
3511,814.1212,814.1214661828551,814.1210974117091,4650725,-9999,155939.7,15.11,-1,0.4529684185295235,0.4817273964515784,0.6629808336683964,0.5542287713383056,34,0.6170212765957447,0.1914893617021277,N1 S2 O9,de-protonated,0,-9999,C47 H29 O9 N1 S2,47,29,9,1,-9999,2,-9999,N/A,-9999,-9999,N/A,-9999
3511,814.1212,814.1214661828551,814.1212303534389,4650725,-9999,155939.7,15.11,-1,0.28967358591929426,0.4924449099895251,0.719752637322661,0.5833680009227795,21,0.9444444444444444,0.4722222222222222,N1 S1 P1 O17,de-protonated,0,-9999,C36 H34 O17 N1 P1 S1,36,34,17,1,1,1,-9999,N/A,-9999,-9999,N/A,-9999
3511,814.1212,814.1214661828551,814.120717289189,4650725,-9999,155939.7,15.11,-1,0.9198803693647996,0.4288339874030322,0.6536072938689251,0.5187433099893893,39,0.5306122448979592,0.12244897959183672,N3 S1 P1 O6,de-protonated,0,-9999,C49 H26 O6 N3 P1 S1,49,26,6,3,1,1,-9999,N/A,-9999,-9999,N/A,-9999
3511,814.1212,814.1214661828551,814.122078506609,4650725,-9999,155939.7,15.11,-1,-0.75212768461194,0.4512237303129722,0.7311359101322861,0.5631886022406978,22,0.8529411764705882,0.6176470588235294,N3 O21,de-protonated,0,-9999,C34 H29 O21 N3,34,29,21,3,-9999,-9999,-9999,N/A,-9999,-9999,N/A,-9999
3511,814.1212,814.1214661828551,814.1211577705791,4650725,-9999,155939.7,15.11,-1,0.3788284742008517,0.5886660657241135,0.7905546416022629,0.6694214960753733,26,0.8108108108108109,0.35135135135135137,13C1 N4 S2 O13,de-protonated,1,3509,C37 H30 O13 N4 S2 13C1,37,30,13,4,-9999,2,1,N/A,-9999,-9999,N/A,-9999
3511,814.1212,814.1214661828551,814.1212907123091,4650725,-9999,155939.7,15.11,-1,0.21553366552466097,0.39664250814881863,0.8883641657950164,0.5933311712072977,13,1.3461538461538465,0.8076923076923077,13C1 N4 S1 P1 O21,de-protonated,1,3509,C26 H35 O21 N4 P1 S1 13C1,26,35,21,4,1,1,1,N/A,-9999,-9999,N/A,-9999
3512,814.633207,814.6334735887274,814.6339987876589,3929690.3,-9999,198467.3,12.47,-1,-0.6447053920198879,0.4636777707971948,0.6629808336683964,0.5433989959456755,2,2,0.06382978723404255,N1 S2 P1 O3,de-protonated,0,-9999,C47 H94 O3 N1 P1 S2,47,94,3,1,1,2,-9999,N/A,-9999,-9999,N/A,-9999
3512,814.633207,814.6334735887274,814.6331294077889,3929690.3,-9999,198467.3,12.47,-1,0.4224980865821758,0.4840647444203246,0.6677691528855879,0.5575465078064299,3,1.9565217391304348,0.17391304347826086,N1 P1 O8,de-protonated,0,-9999,C46 H90 O8 N1 P1,46,90,8,1,1,-9999,-9999,N/A,-9999,-9999,N/A,-9999
3514,815.084354,815.0846209463555,815.0839836265591,44008864,-9999,149405,158.93,-1,0.7819069067718204,0.4592530207709888,0.6161464310003069,0.522010384862716,39,0.48,0.16,S2 O8,de-protonated,0,-9999,C50 H24 O8 S2,50,24,8,-9999,-9999,2,-9999,N/A,-9999,-9999,N/A,-9999
3514,815.084354,815.0846209463555,815.084116568289,44008864,-9999,149405,158.93,-1,0.6188049260363152,0.4528633800978832,0.6626922290174124,0.5367949196656949,26,0.7435897435897436,0.41025641025641024,S1 P1 O16,de-protonated,0,-9999,C39 H29 O16 P1 S1,39,29,16,-9999,1,1,-9999,N/A,-9999,-9999,N/A,-9999
3514,815.084354,815.0846209463555,815.084964721459,44008864,-9999,149405,158.93,-1,-0.42176597332465976,0.24205951835818235,0.6582453021785329,0.40853383188632264,27,0.6486486486486487,0.5405405405405406,N2 O20,de-protonated,0,-9999,C37 H24 O20 N2,37,24,20,2,-9999,-9999,-9999,N/A,-9999,-9999,N/A,-9999
3514,815.084354,815.0846209463555,815.084313272779,44008864,-9999,149405,158.93,-1,0.3774745402995305,0.5634200278192456,0.7366009456755482,0.6326923949617667,18,0.9655172413793104,0.7586206896551724,N4 S1 O22,de-protonated,0,-9999,C29 H28 O22 N4 S1,29,28,22,4,-9999,1,-9999,N/A,-9999,-9999,N/A,-9999
3515,815.114414,815.1146809701843,815.1146288508689,14009269,-9999,107426.4,49.3,-1,0.06394108693061554,0.3330861429774732,0.6116976458364167,0.44453074412105065,34,0.6170212765957447,0.2127659574468085,S1 P1 O10,de-protonated,0,-9999,C47 H29 O10 P1 S1,47,29,10,-9999,1,1,-9999,N/A,-9999,-9999,N/A,-9999
3515,815.114414,815.1146809701843,815.1144904664391,14009269,-9999,107426.4,49.3,-1,0.2337140946998822,0.6157239038251582,0.914564300991189,0.7352600626915706,7,1.5769230769230769,0.8846153846153846,S2 P1 O23,de-protonated,0,-9999,C26 H41 O23 P1 S2,26,41,23,-9999,1,2,-9999,N/A,-9999,-9999,N/A,-9999
3515,815.114414,815.1146809701843,815.113977402189,14009269,-9999,107426.4,49.3,-1,0.8631529022850531,0.4645131612634135,0.8897574349677401,0.6346108707451441,25,0.8461538461538461,0.3076923076923077,N2 S2 P1 O12,de-protonated,0,-9999,C39 H33 O12 N2 P1 S2,39,33,12,2,1,2,-9999,N/A,-9999,-9999,N/A,-9999
3515,815.114414,815.1146809701843,815.1154770040391,14009269,-9999,107426.4,49.3,-1,-0.976590283582748,0.28036440179376404,0.6240179704823443,0.41782582926919615,35,0.5333333333333333,0.3111111111111111,N2 O14,de-protonated,0,-9999,C45 H24 O14 N2,45,24,14,2,-9999,-9999,-9999,N/A,-9999,-9999,N/A,-9999
3515,815.114414,815.1146809701843,815.1148255553591,14009269,-9999,107426.4,49.3,-1,-0.177380131298461,0.33143573887604916,0.6765485089574068,0.4694808469085922,26,0.7567567567567568,0.43243243243243246,N4 S1 O16,de-protonated,0,-9999,C37 H28 O16 N4 S1,37,28,16,4,-9999,1,-9999,N/A,-9999,-9999,N/A,-9999
3515,815.114414,815.1146809701843,815.1149584970891,14009269,-9999,107426.4,49.3,-1,-0.3404757843433566,0.4895927311144493,0.7805128205128199,0.6059607668737975,13,1.2692307692307692,0.9230769230769232,N4 P1 O24,de-protonated,0,-9999,C26 H33 O24 N4 P1,26,33,24,4,1,-9999,-9999,N/A,-9999,-9999,N/A,-9999
3516,816.080989,816.0812567363967,816.081734522209,12236898,-9999,219105.8,42.82,-1,-0.5854631860078086,0.3132333195308776,0.6240179704823443,0.4375471799114643,35,0.5111111111111111,0.28888888888888886,N1 S1 O13,de-protonated,0,-9999,C45 H23 O13 N1 S1,45,23,13,1,-9999,1,-9999,N/A,-9999,-9999,N/A,-9999
3516,816.080989,816.0812567363967,816.081867463939,12236898,-9999,219105.8,42.82,-1,-0.7483655338134384,0.3011241015063241,0.6976611809416156,0.4597389332804407,22,0.8235294117647058,0.6176470588235294,N1 P1 O21,de-protonated,0,-9999,C34 H28 O21 N1 P1,34,28,21,1,1,-9999,-9999,N/A,-9999,-9999,N/A,-9999
3516,816.080989,816.0812567363967,816.081354399689,12236898,-9999,219105.8,42.82,-1,-0.11967347591254136,0.33246823751205906,0.6116976458364167,0.4441600008418022,40,0.425531914893617,0.2127659574468085,N3 P1 O10,de-protonated,0,-9999,C47 H20 O10 N3 P1,47,20,10,3,1,-9999,-9999,N/A,-9999,-9999,N/A,-9999
3516,816.080989,816.0812567363967,816.081083073529,12236898,-9999,219105.8,42.82,-1,0.2128009963860964,0.24795422379041168,0.6379285323518259,0.4039439472149774,26,0.7297297297297297,0.40540540540540543,N3 S2 O15,de-protonated,0,-9999,C37 H27 O15 N3 S2,37,27,15,3,-9999,2,-9999,N/A,-9999,-9999,N/A,-9999
3516,816.080989,816.0812567363967,816.0812160152591,12236898,-9999,219105.8,42.82,-1,0.04989838850201281,0.4997741610876099,0.7805128205128199,0.6120696248576939,13,1.2307692307692308,0.8846153846153846,N3 S1 P1 O23,de-protonated,0,-9999,C26 H32 O23 N3 P1 S1,26,32,23,3,1,1,-9999,N/A,-9999,-9999,N/A,-9999
3517,816.08744,816.0877077415104,816.0876077489789,8728678,-9999,131868.7,30,-1,0.1225267121842358,0.49863982744811747,0.7087183895694521,0.5826712522966513,26,0.7105263157894737,0.47368421052631576,N1 S1 O18,de-protonated,0,-9999,C38 H27 O18 N1 S1,38,27,18,1,-9999,1,-9999,N/A,-9999,-9999,N/A,-9999
3517,816.08744,816.0877077415104,816.088097006329,8728678,-9999,131868.7,30,-1,-0.4769887222525301,0.2398894115387337,0.6139294907154911,0.38950544320943664,30,0.6829268292682927,0.24390243902439024,N3 S2 P1 O10,de-protonated,0,-9999,C41 H28 O10 N3 P1 S2,41,28,10,3,1,2,-9999,N/A,-9999,-9999,N/A,-9999
3517,816.08744,816.0877077415104,816.0872276264589,8728678,-9999,131868.7,30,-1,0.5883133998505191,0.3130432323376215,0.6562224424766036,0.4503149163932143,31,0.6,0.375,N3 P1 O15,de-protonated,0,-9999,C40 H24 O15 N3 P1,40,24,15,3,1,-9999,-9999,N/A,-9999,-9999,N/A,-9999
3517,816.08744,816.0877077415104,816.086956300299,8728678,-9999,131868.7,30,-1,0.9207857147778165,0.6161297481883867,0.7584761745363363,0.6730683187275666,17,1.0333333333333334,0.6666666666666666,N3 S2 O20,de-protonated,0,-9999,C30 H31 O20 N3 S2,30,31,20,3,-9999,2,-9999,N/A,-9999,-9999,N/A,-9999
3517,816.08744,816.0877077415104,816.087668107849,8728678,-9999,131868.7,30,-1,0.04856544571583135,0.568438998883732,0.7366009456755482,0.6357037776004585,18,1,0.7857142857142857,13C1 N4 S1 O22,de-protonated,1,3514,C28 H28 O22 N4 S1 13C1,28,28,22,4,-9999,1,1,N/A,-9999,-9999,N/A,-9999
3518,816.116825,816.117092764804,816.116756895689,5738619,-9999,189802.9,19.08,-1,0.41154542187967025,0.38789421064450336,0.5855780812880549,0.466967758901924,34,0.6595744680851063,0.14893617021276595,13C1 S1 34S1 P1 O7,de-protonated,1,3509,C47 H31 O7 P1 S1 13C1 34S1,47,31,7,-9999,1,1,1,N/A,-9999,-9999,N/A,1
3518,816.116825,816.117092764804,816.1178453015091,5738619,-9999,189802.9,19.08,-1,-0.922093187098546,0.5713559323872565,0.914564300991189,0.7086392798288295,7,1.64,0.92,13C1 S2 P1 O23,de-protonated,1,3515,C25 H41 O23 P1 S2 13C1,25,41,23,-9999,1,2,1,N/A,-9999,-9999,N/A,-9999
3518,816.116825,816.117092764804,816.117332237259,5738619,-9999,189802.9,19.08,-1,-0.2934289537680776,0.4922492857702545,0.8897574349677401,0.6512525454492487,25,0.868421052631579,0.3157894736842105,13C1 N2 S2 P1 O12,de-protonated,1,3515,C38 H33 O12 N2 P1 S2 13C1,38,33,12,2,1,2,1,N/A,-9999,-9999,N/A,-9999
3518,816.116825,816.117092764804,816.1177399090391,5738619,-9999,189802.9,19.08,-1,-0.7929545007680843,0.29739233450510505,0.6056537631733503,0.4206969059724032,39,0.5,0.1875,N3 P1 O9,de-protonated,0,-9999,C48 H24 O9 N3 P1,48,24,9,3,1,-9999,-9999,N/A,-9999,-9999,N/A,-9999
3518,816.116825,816.117092764804,816.117468582879,5738619,-9999,189802.9,19.08,-1,-0.46049507510006216,0.4811268071345862,0.7087183895694522,0.5721634401085326,25,0.8157894736842105,0.3684210526315789,N3 S2 O14,de-protonated,0,-9999,C38 H31 O14 N3 S2,38,31,14,3,-9999,2,-9999,N/A,-9999,-9999,N/A,-9999
3518,816.116825,816.117092764804,816.1165992030091,5738619,-9999,189802.9,19.08,-1,0.6047687248106668,0.4678950929611712,0.7141928963326544,0.5664142143097644,26,0.7297297297297297,0.5135135135135135,N3 O19,de-protonated,0,-9999,C37 H27 O19 N3,37,27,19,3,-9999,-9999,-9999,N/A,-9999,-9999,N/A,-9999
3518,816.116825,816.117092764804,816.1176015246091,5738619,-9999,189802.9,19.08,-1,-0.6233903105129533,0.4659574543285891,0.7739790330151771,0.5891660858032244,12,1.3333333333333333,0.8148148148148148,N3 S1 P1 O22,de-protonated,0,-9999,C27 H36 O22 N3 P1 S1,27,36,22,3,1,1,-9999,N/A,-9999,-9999,N/A,-9999
3518,816.116825,816.117092764804,816.116953600179,5738619,-9999,189802.9,19.08,-1,0.1705204436660527,0.5927543938881767,0.7905546416022629,0.6718744929738112,26,0.8108108108108109,0.35135135135135137,13C1 N4 S1 34S1 O13,de-protonated,1,3509,C37 H30 O13 N4 S1 13C1 34S1,37,30,13,4,-9999,1,1,N/A,-9999,-9999,N/A,1
3519,816.630678,816.6309461721397,816.6310214075089,8115680.5,-9999,162241.7,27.76,-1,-0.09212896304796002,0.3328203649998383,0.6178187149649359,0.4468197049858773,2,2,0.13043478260869565,N1 S1 P1 O6,de-protonated,0,-9999,C46 H92 O6 N1 P1 S1,46,92,6,1,1,1,-9999,N/A,-9999,-9999,N/A,-9999
3520,817.079048,817.0793165275664,817.079779456159,21986068,-9999,121071.3,78.45,-1,-0.5665647397260679,0.4673232740938526,0.6161464310003069,0.5268525368564343,39,0.48,0.16,S1 34S1 O8,de-protonated,1,3514,C50 H24 O8 S1 34S1,50,24,8,-9999,-9999,1,-9999,N/A,-9999,-9999,N/A,1
3520,817.079048,817.0793165275664,817.078637264689,21986068,-9999,121071.3,78.45,-1,0.8313310941176617,0.22053571717147777,0.6251086511006532,0.38236489074314794,30,0.6428571428571429,0.3333333333333333,S1 P1 O14,de-protonated,0,-9999,C42 H27 O14 P1 S1,42,27,14,-9999,1,1,-9999,N/A,-9999,-9999,N/A,-9999
3520,817.079048,817.0793165275664,817.0799123978891,21986068,-9999,121071.3,78.45,-1,-0.7292681090130768,0.4487185706902849,0.6626922290174124,0.5343080340211359,26,0.7435897435897436,0.41025641025641024,34S1 P1 O16,de-protonated,1,3514,C39 H29 O16 P1 34S1,39,29,16,-9999,1,-9999,-9999,N/A,-9999,-9999,N/A,1
3520,817.079048,817.0793165275664,817.079485417859,21986068,-9999,121071.3,78.45,-1,-0.20669995463703397,0.24806940009291376,0.6406710540894862,0.40511006169154273,31,0.55,0.45,N2 O18,de-protonated,0,-9999,C40 H22 O18 N2,40,22,18,2,-9999,-9999,-9999,N/A,-9999,-9999,N/A,-9999
3520,817.079048,817.0793165275664,817.079974675209,21986068,-9999,121071.3,78.45,-1,-0.805487422191419,0.22223495943023008,0.619022261068211,0.38094988008542247,35,0.5348837209302325,0.23255813953488372,N4 S1 P1 O10,de-protonated,0,-9999,C43 H23 O10 N4 P1 S1,43,23,10,4,1,1,-9999,N/A,-9999,-9999,N/A,-9999
3520,817.079048,817.0793165275664,817.0788339691791,21986068,-9999,121071.3,78.45,-1,0.5905897537831984,0.3800353099344231,0.8194184064414881,0.5557885485372491,22,0.8125,0.625,N4 S1 O20,de-protonated,0,-9999,C32 H26 O20 N4 S1,32,26,20,4,-9999,1,-9999,N/A,-9999,-9999,N/A,-9999
3520,817.079048,817.0793165275664,817.0801091023791,21986068,-9999,121071.3,78.45,-1,-0.970008697808216,0.537134722026012,0.7366009456755482,0.6169212114858265,18,0.9655172413793104,0.7586206896551724,N4 34S1 O22,de-protonated,1,3514,C29 H28 O22 N4 34S1,29,28,22,4,-9999,-9999,-9999,N/A,-9999,-9999,N/A,1
3521,817.111522,817.111790553309,817.112520850589,5880618.5,-9999,151516.6,19.59,-1,-0.8937536280422167,0.2883579491987978,0.6116976458364167,0.4176938278538454,33,0.6595744680851063,0.1702127659574468,S2 P1 O8,de-protonated,0,-9999,C47 H31 O8 P1 S2,47,31,8,-9999,1,2,-9999,N/A,-9999,-9999,N/A,-9999
3521,817.111522,817.111790553309,817.1116514707189,5880618.5,-9999,151516.6,19.59,-1,0.1702124670683427,0.4973784054456449,0.667769152885588,0.5655347044216221,34,0.5869565217391305,0.2826086956521739,P1 O13,de-protonated,0,-9999,C46 H27 O13 P1,46,27,13,-9999,1,-9999,-9999,N/A,-9999,-9999,N/A,-9999
3521,817.111522,817.111790553309,817.1113801445591,5880618.5,-9999,151516.6,19.59,-1,0.50226781788199,0.477628627724455,0.719752637322661,0.5744782315637375,20,0.9444444444444444,0.5,S2 O18,de-protonated,0,-9999,C36 H34 O18 S2,36,34,18,-9999,-9999,2,-9999,N/A,-9999,-9999,N/A,-9999
3521,817.111522,817.111790553309,817.1110000220389,5880618.5,-9999,151516.6,19.59,-1,0.9674710903482228,0.42190158319771986,0.7087183895694522,0.5366283057464127,25,0.8157894736842105,0.3947368421052632,N2 S1 P1 O15,de-protonated,0,-9999,C38 H31 O15 N2 P1 S1,38,31,15,2,1,1,-9999,N/A,-9999,-9999,N/A,-9999
3521,817.111522,817.111790553309,817.111848175209,5880618.5,-9999,151516.6,19.59,-1,-0.07051898731326084,0.4995490379016753,0.719752637322661,0.5876304776700696,26,0.7222222222222222,0.5277777777777778,N4 O19,de-protonated,0,-9999,C36 H26 O19 N4,36,26,19,4,-9999,-9999,-9999,N/A,-9999,-9999,N/A,-9999
3522,818.077816,818.0780853192985,818.0787571420591,4285878.5,-9999,247474.6,13.76,-1,-0.8212201512040731,0.44241070350056766,0.6775563317580969,0.5364689548035794,35,0.4772727272727273,0.3636363636363637,N1 O16,de-protonated,0,-9999,C44 H21 O16 N1,44,21,16,1,-9999,-9999,-9999,N/A,-9999,-9999,N/A,-9999
3522,818.077816,818.0780853192985,818.0781056933791,4285878.5,-9999,247474.6,13.76,-1,-0.02490481110447349,0.499943731427372,0.719752637322661,0.5878672937854876,26,0.6944444444444444,0.5,N3 S1 O18,de-protonated,0,-9999,C36 H25 O18 N3 S1,36,25,18,3,-9999,1,-9999,N/A,-9999,-9999,N/A,-9999
3523,818.0823,818.082569322853,818.083134291229,3827129.5,-9999,188736,12.09,-1,-0.6906001998203313,0.4629367945479393,0.6161464310003069,0.5242206491288863,39,0.4897959183673469,0.16326530612244897,13C1 S1 34S1 O8,de-protonated,1,3514,C49 H24 O8 S1 13C1 34S1,49,24,8,-9999,-9999,1,1,N/A,-9999,-9999,N/A,1
3523,818.0823,818.082569322853,818.0832672329591,3827129.5,-9999,188736,12.09,-1,-0.8531039980999815,0.4434322893610023,0.6626922290174124,0.5311362652235663,26,0.7631578947368421,0.42105263157894735,13C1 34S1 P1 O16,de-protonated,1,3514,C38 H29 O16 P1 13C1 34S1,38,29,16,-9999,1,-9999,1,N/A,-9999,-9999,N/A,1
3523,818.0823,818.082569322853,818.082128445379,3827129.5,-9999,188736,12.09,-1,0.5389159091788326,0.4743331351700408,0.6927871148459346,0.5617147270403983,30,0.6097560975609756,0.3902439024390244,N1 S1 O16,de-protonated,0,-9999,C41 H25 O16 N1 S1,41,25,16,1,-9999,1,-9999,N/A,-9999,-9999,N/A,-9999
3523,818.0823,818.082569322853,818.083130766979,3827129.5,-9999,188736,12.09,-1,-0.6862922664911413,0.4590441064366853,0.7489023467070351,0.5749874025448252,16,1.096774193548387,0.6129032258064516,N1 S2 P1 O19,de-protonated,0,-9999,C31 H34 O19 N1 P1 S2,31,34,19,1,1,2,-9999,N/A,-9999,-9999,N/A,-9999
3523,818.0823,818.082569322853,818.082261387109,3827129.5,-9999,188736,12.09,-1,0.37641171129661777,0.4873094783577172,0.7550179348240812,0.5943928609442628,17,1,0.8,N1 P1 O24,de-protonated,0,-9999,C30 H30 O24 N1 P1,30,30,24,1,1,-9999,-9999,N/A,-9999,-9999,N/A,-9999
3523,818.0823,818.082569322853,818.082617702729,3827129.5,-9999,188736,12.09,-1,-0.05913812966274961,0.4996828087400331,0.677556331758097,0.5708322179472587,34,0.5909090909090909,0.18181818181818185,N3 S2 P1 O8,de-protonated,0,-9999,C44 H26 O8 N3 P1 S2,44,26,8,3,1,2,-9999,N/A,-9999,-9999,N/A,-9999
3523,818.0823,818.082569322853,818.0827521298991,3827129.5,-9999,188736,12.09,-1,-0.2234578904819012,0.6606537108494822,0.7584761745363363,0.6997826963242239,17,1.0333333333333334,0.6666666666666666,N3 S1 34S1 O20,de-protonated,1,3517,C30 H31 O20 N3 S1 34S1,30,31,20,3,-9999,1,-9999,N/A,-9999,-9999,N/A,1
3523,818.0823,818.082569322853,818.0821888042491,3827129.5,-9999,188736,12.09,-1,0.46513493284012447,0.3846016149012777,0.8194184064414881,0.5585283315173619,22,0.8387096774193549,0.6451612903225806,13C1 N4 S1 O20,de-protonated,1,3520,C31 H26 O20 N4 S1 13C1,31,26,20,4,-9999,1,1,N/A,-9999,-9999,N/A,-9999
3524,818.085942,818.08621132574,818.086640454729,4529596,-9999,215848.6,14.65,-1,-0.5245520068480896,0.4756496814792229,0.6536072938689251,0.5468327264351038,38,0.5306122448979592,0.12244897959183672,N1 S2 P1 O6,de-protonated,0,-9999,C49 H26 O6 N1 P1 S2,49,26,6,1,1,2,-9999,N/A,-9999,-9999,N/A,-9999
3524,818.085942,818.08621132574,818.085771074859,4529596,-9999,215848.6,14.65,-1,0.5381475836913714,0.4744043641039475,0.6582606959877568,0.5479468968574712,39,0.4583333333333333,0.22916666666666663,N1 P1 O11,de-protonated,0,-9999,C48 H22 O11 N1 P1,48,22,11,1,1,-9999,-9999,N/A,-9999,-9999,N/A,-9999
3524,818.085942,818.08621132574,818.0854997486991,4529596,-9999,215848.6,14.65,-1,0.8698076681387559,0.43586401573871225,0.7087183895694522,0.5450057652710083,25,0.7631578947368421,0.42105263157894735,N1 S2 O16,de-protonated,0,-9999,C38 H29 O16 N1 S2,38,29,16,1,-9999,2,-9999,N/A,-9999,-9999,N/A,-9999
3524,818.085942,818.08621132574,818.0856326904291,4529596,-9999,215848.6,14.65,-1,0.7073040862987813,0.45661159057102146,0.7739790330151771,0.5835585675486837,12,1.2592592592592593,0.8888888888888888,N1 S1 P1 O24,de-protonated,0,-9999,C27 H34 O24 N1 P1 S1,27,34,24,1,1,1,-9999,N/A,-9999,-9999,N/A,-9999
3525,818.222133,818.2224024336998,818.221797256009,7286294.5,-9999,135586.1,24.73,-1,0.7396254815039549,0.30183552172337036,0.582230333917866,0.41399344660116866,35,0.7115384615384616,0.1346153846153846,N1 S1 O7,de-protonated,0,-9999,C52 H37 O7 N1 S1,52,37,7,1,-9999,1,-9999,N/A,-9999,-9999,N/A,-9999
3525,818.222133,818.2224024336998,818.222799577609,7286294.5,-9999,135586.1,24.73,-1,-0.485373799587543,0.4790768462609262,0.6876346701883606,0.5624999758318999,21,1.0952380952380951,0.23809523809523808,N1 S2 P1 O10,de-protonated,0,-9999,C42 H46 O10 N1 P1 S2,42,46,10,1,1,2,-9999,N/A,-9999,-9999,N/A,-9999
3525,818.222133,818.2224024336998,818.221930197739,7286294.5,-9999,135586.1,24.73,-1,0.5771489902844597,0.4706747800805144,0.6927871148459346,0.5595197139866825,22,1.024390243902439,0.36585365853658536,N1 P1 O15,de-protonated,0,-9999,C41 H42 O15 N1 P1,41,42,15,1,1,-9999,-9999,N/A,-9999,-9999,N/A,-9999
3525,818.222133,818.2224024336998,818.221658871579,7286294.5,-9999,135586.1,24.73,-1,0.9087538965736992,0.43042008278677846,0.7489023467070351,0.5578129883548811,8,1.5806451612903225,0.6451612903225806,N1 S2 O20,de-protonated,0,-9999,C31 H49 O20 N1 S2,31,49,20,1,-9999,2,-9999,N/A,-9999,-9999,N/A,-9999
3526,818.224586,818.2248554356444,818.2251685593291,7031320,-9999,198434.5,23.8,-1,-0.3826864495533529,0.3245923302239441,0.5996860735531828,0.4346298275556396,30,0.8367346938775511,0.14285714285714285,N1 S2 O7,de-protonated,0,-9999,C49 H41 O7 N1 S2,49,41,7,1,-9999,2,-9999,N/A,-9999,-9999,N/A,-9999
3526,818.224586,818.2248554356444,818.2242991794591,7031320,-9999,198434.5,23.8,-1,0.6798333731337912,0.30651976249946905,0.6056537631733503,0.4261733627690215,31,0.7708333333333334,0.25,N1 O12,de-protonated,0,-9999,C48 H37 O12 N1,48,37,12,1,-9999,-9999,-9999,N/A,-9999,-9999,N/A,-9999
3526,818.224586,818.2248554356444,818.2253015010589,7031320,-9999,198434.5,23.8,-1,-0.5451620888396345,0.473750702774094,0.7087183895694521,0.5677377774922372,17,1.2105263157894737,0.3947368421052632,N1 S1 P1 O15,de-protonated,0,-9999,C38 H46 O15 N1 P1 S1,38,46,15,1,1,1,-9999,N/A,-9999,-9999,N/A,-9999
3526,818.224586,818.2248554356444,818.224160795029,7031320,-9999,198434.5,23.8,-1,0.8489612610778672,0.43870694506753366,0.7739790330151771,0.5728157802465911,4,1.8148148148148149,0.925925925925926,N1 S1 O25,de-protonated,0,-9999,C27 H49 O25 N1 S1,27,49,25,1,-9999,1,-9999,N/A,-9999,-9999,N/A,-9999
3526,818.224586,818.2248554356444,818.2247884368089,7031320,-9999,198434.5,23.8,-1,0.08188316511193501,0.3329280510073542,0.5879753344784842,0.43494696439580616,35,0.7450980392156863,0.0784313725490196,N3 S1 P1 O4,de-protonated,0,-9999,C51 H38 O4 N3 P1 S1,51,38,4,3,1,1,-9999,N/A,-9999,-9999,N/A,-9999
3526,818.224586,818.2248554356444,818.224650052379,7031320,-9999,198434.5,23.8,-1,0.25101085051819366,0.49431633246471146,0.7550179348240813,0.5985969734084594,8,1.6666666666666667,0.5666666666666667,N3 S2 P1 O17,de-protonated,0,-9999,C30 H50 O17 N3 P1 S2,30,50,17,3,1,2,-9999,N/A,-9999,-9999,N/A,-9999
3527,818.492942,818.4932116483724,818.493602437519,4984521.5,-9999,155876.8,16.32,-1,-0.47744923782654286,0.3198270406041587,0.5879753344784842,0.4270863581538889,19,1.3529411764705883,0.0784313725490196,N3 S1 O4,de-protonated,0,-9999,C51 H69 O4 N3 S1,51,69,4,3,-9999,1,-9999,N/A,-9999,-9999,N/A,-9999
3527,818.492942,818.4932116483724,818.493735379249,4984521.5,-9999,155876.8,16.32,-1,-0.639871576215919,0.4642004858572896,0.6980173569463055,0.557727234292896,6,1.85,0.3,N3 P1 O12,de-protonated,0,-9999,C40 H74 O12 N3 P1,40,74,12,3,1,-9999,-9999,N/A,-9999,-9999,N/A,-9999
3528,818.496922,818.4971916515274,818.497625189519,3874508,-9999,270331.5,12.26,-1,-0.5296753201027495,0.475183759256102,0.6227887944601802,0.5342257733377334,23,1.2321428571428572,0.03571428571428571,N1 S1 O2,de-protonated,0,-9999,C56 H69 O2 N1 S1,56,69,2,1,-9999,1,-9999,N/A,-9999,-9999,N/A,-9999
3528,818.496922,818.4971916515274,818.4977581312489,3874508,-9999,270331.5,12.26,-1,-0.6920968517363273,0.4583781649602435,0.672627141691601,0.5440777556527865,10,1.6444444444444444,0.2222222222222222,N1 P1 O10,de-protonated,0,-9999,C45 H74 O10 N1 P1,45,74,10,1,1,-9999,-9999,N/A,-9999,-9999,N/A,-9999
3528,818.496922,818.4971916515274,818.496973740839,3874508,-9999,270331.5,12.26,-1,0.2662327355036027,0.4936106454046944,0.6582606959877568,0.5594706656379194,14,1.5208333333333333,0.08333333333333333,N3 S2 O4,de-protonated,0,-9999,C48 H73 O4 N3 S2,48,73,4,3,-9999,2,-9999,N/A,-9999,-9999,N/A,-9999
3528,818.496922,818.4971916515274,818.497106682569,3874508,-9999,270331.5,12.26,-1,0.1038109453245953,0.4990232451432978,0.7141928963326545,0.5850911056190404,1,2.108108108108108,0.32432432432432434,N3 S1 P1 O12,de-protonated,0,-9999,C37 H78 O12 N3 P1 S1,37,78,12,3,1,1,-9999,N/A,-9999,-9999,N/A,-9999
3529,818.627765,818.6280347552477,818.627911085629,4054818,-9999,227197.4,12.92,-1,0.15106938941761935,0.4979337737208316,0.6227887944601802,0.5478757820165711,15,1.5178571428571428,0.01785714285714285,N1 S1 O1,de-protonated,0,-9999,C56 H85 O1 N1 S1,56,85,1,1,-9999,1,-9999,N/A,-9999,-9999,N/A,-9999
3529,818.627765,818.6280347552477,818.628044027359,4054818,-9999,227197.4,12.92,-1,-0.01132640327153296,0.499988361344356,0.6726271416916009,0.5690438734832539,2,2,0.2,N1 P1 O9,de-protonated,0,-9999,C45 H90 O9 N1 P1,45,90,9,1,1,-9999,-9999,N/A,-9999,-9999,N/A,-9999
3529,818.627765,818.6280347552477,818.627259636949,4054818,-9999,227197.4,12.92,-1,0.9468513166513968,0.4249342183428593,0.6582606959877569,0.5182648094008184,6,1.8541666666666667,0.0625,N3 S2 O3,de-protonated,0,-9999,C48 H89 O3 N3 S2,48,89,3,3,-9999,2,-9999,N/A,-9999,-9999,N/A,-9999
3530,818.631542,818.6318117582417,818.631282388949,4065060.5,-9999,147322.3,12.95,-1,0.6466516783850043,0.4634663614602933,0.6356335132356644,0.5323332221704418,10,1.679245283018868,0.01886792452830188,N1 S2 O1,de-protonated,0,-9999,C53 H89 O1 N1 S2,53,89,1,1,-9999,2,-9999,N/A,-9999,-9999,N/A,-9999
3531,818.723243,818.7235128309339,818.724313395839,6071136.5,-9999,217234.2,20.29,-1,-0.9778198740845292,0.28024217730574325,0.587975334478484,0.4033354401748396,4,1.9019607843137256,0.1176470588235294,N1 O6,de-protonated,0,-9999,C51 H97 O6 N1,51,97,6,1,-9999,-9999,-9999,N/A,-9999,-9999,N/A,-9999
3532,818.725364,818.7256338326154,818.725182775709,6048098,-9999,200213.2,20.2,-1,0.5509258978334608,0.31547196021495344,0.582230333917866,0.4221753096961185,3,1.9423076923076923,0.01923076923076923,N1 S2 O1,de-protonated,0,-9999,C52 H101 O1 N1 S2,52,101,1,1,-9999,2,-9999,N/A,-9999,-9999,N/A,-9999
3533,819.219361,819.219631224211,819.220061215909,6338724,-9999,197329.7,21.26,-1,-0.5248793558982096,0.47562003366864,0.731135910132286,0.5778263842540985,13,1.2941176470588236,0.6764705882352942,O23,de-protonated,0,-9999,C34 H44 O23,34,44,23,-9999,-9999,-9999,-9999,N/A,-9999,-9999,N/A,-9999
3533,819.219361,819.219631224211,819.220417531529,6338724,-9999,197329.7,21.26,-1,-0.9598238780028904,0.2820209144833468,0.6056537631733503,0.4114740539593482,30,0.8333333333333334,0.14583333333333334,N2 S2 O7,de-protonated,0,-9999,C48 H40 O7 N2 S2,48,40,7,2,-9999,2,-9999,N/A,-9999,-9999,N/A,-9999
3533,819.219361,819.219631224211,819.2195481516591,6338724,-9999,197329.7,21.26,-1,0.10140450392759576,0.3327119752252195,0.6116976458364167,0.4443062434696984,31,0.7659574468085106,0.2553191489361702,N2 O12,de-protonated,0,-9999,C47 H36 O12 N2,47,36,12,2,-9999,-9999,-9999,N/A,-9999,-9999,N/A,-9999
3533,819.219361,819.219631224211,819.219409767229,6338724,-9999,197329.7,21.26,-1,0.27032682496225985,0.4934139351227758,0.7805128205128198,0.6082534892787934,4,1.8461538461538465,0.9615384615384616,N2 S1 O25,de-protonated,0,-9999,C26 H48 O25 N2 S1,26,48,25,2,-9999,1,-9999,N/A,-9999,-9999,N/A,-9999
3533,819.219361,819.219631224211,819.220037409009,6338724,-9999,197329.7,21.26,-1,-0.4958189247313772,0.31879118544838897,0.5937935904294966,0.4287921474408321,35,0.74,0.08,N4 S1 P1 O4,de-protonated,0,-9999,C50 H37 O4 N4 P1 S1,50,37,4,4,1,1,-9999,N/A,-9999,-9999,N/A,-9999
3533,819.219361,819.219631224211,819.218896702979,6338724,-9999,197329.7,21.26,-1,0.8966116808388885,0.43213551460119054,0.7033271719038788,0.5406121775222659,22,1.0256410256410255,0.358974358974359,N4 S1 O14,de-protonated,0,-9999,C39 H40 O14 N4 S1,39,40,14,4,-9999,1,-9999,N/A,-9999,-9999,N/A,-9999
3533,819.219361,819.219631224211,819.219899024579,6338724,-9999,197329.7,21.26,-1,-0.32689680560415935,0.49039844597595633,0.7612342259156645,0.5987327579518396,8,1.6896551724137931,0.5862068965517241,N4 S2 P1 O17,de-protonated,0,-9999,C29 H49 O17 N4 P1 S2,29,49,17,4,1,2,-9999,N/A,-9999,-9999,N/A,-9999
3533,819.219361,819.219631224211,819.219029644709,6338724,-9999,197329.7,21.26,-1,0.7343329196891,0.453394601437285,0.7675537279851021,0.5790582520564118,9,1.6071428571428572,0.7857142857142857,N4 P1 O22,de-protonated,0,-9999,C28 H45 O22 N4 P1,28,45,22,4,1,-9999,-9999,N/A,-9999,-9999,N/A,-9999
3535,822.560909,822.5611818730847,822.5619395244689,4725943.5,-9999,155981.2,15.36,-1,-0.9210873343563364,0.2857740844536611,0.5387936087087051,0.3869818941556787,25,1.2166666666666666,0.01666666666666666,N1 O1,de-protonated,0,-9999,C60 H73 O1 N1,60,73,1,1,-9999,-9999,-9999,N/A,-9999,-9999,N/A,-9999
3535,822.560909,822.5611818730847,822.561288075789,4725943.5,-9999,155981.2,15.36,-1,-0.12911220818811836,0.4984899135824133,0.6400336417157294,0.5551074048357397,16,1.4807692307692308,0.05769230769230769,N3 S1 O3,de-protonated,0,-9999,C52 H77 O3 N3 S1,52,77,3,3,-9999,1,-9999,N/A,-9999,-9999,N/A,-9999
3535,822.560909,822.5611818730847,822.5614210175189,4725943.5,-9999,155981.2,15.36,-1,-0.2907314008332457,0.4923900534874267,0.6927871148459346,0.5725488780308299,3,2,0.2682926829268293,N3 P1 O11,de-protonated,0,-9999,C41 H82 O11 N3 P1,41,82,11,3,1,-9999,-9999,N/A,-9999,-9999,N/A,-9999
3536,825.231203,825.2314779898496,825.231633664239,14722726,-9999,133642.8,51.89,-1,-0.18864326452242147,0.33118790606181775,0.5654252658645154,0.4248828499828968,37,0.6909090909090909,0.10909090909090909,S1 O6,de-protonated,0,-9999,C55 H38 O6 S1,55,38,6,-9999,-9999,1,-9999,N/A,-9999,-9999,N/A,-9999
3536,825.231203,825.2314779898496,825.231766605969,14722726,-9999,133642.8,51.89,-1,-0.34973946845573683,0.32601669936450584,0.630296418407634,0.4477285869817571,24,0.9772727272727272,0.3181818181818182,P1 O14,de-protonated,0,-9999,C44 H43 O14 P1,44,43,14,-9999,1,-9999,-9999,N/A,-9999,-9999,N/A,-9999
3536,825.231203,825.2314779898496,825.2314952798091,14722726,-9999,133642.8,51.89,-1,-0.02095164761177814,0.24998008809080177,0.656666238136541,0.4126545481090975,10,1.4705882352941178,0.5588235294117647,S2 O19,de-protonated,0,-9999,C34 H50 O19 S2,34,50,19,-9999,-9999,2,-9999,N/A,-9999,-9999,N/A,-9999
3536,825.231203,825.2314779898496,825.230982215559,14722726,-9999,133642.8,51.89,-1,0.6007703312997382,0.6937098101277153,0.44277506696910174,0.5933359128642699,28,0.8936170212765957,0.1702127659574468,N2 S2 O8,de-protonated,0,-9999,C47 H42 O8 N2 S2,47,42,8,2,-9999,2,-9999,N/A,-9999,-9999,N/A,-9999
3536,825.231203,825.2314779898496,825.2311151572889,14722726,-9999,133642.8,51.89,-1,0.439673873298755,0.6096620173705202,0.9496280365359387,0.7456484250366877,15,1.3055555555555556,0.4444444444444444,N2 S1 P1 O16,de-protonated,0,-9999,C36 H47 O16 N2 P1 S1,36,47,16,2,1,1,-9999,N/A,-9999,-9999,N/A,-9999
3536,825.231203,825.2314779898496,825.231963310459,14722726,-9999,133642.8,51.89,-1,-0.5881020500794556,0.3130573554509888,0.6976611809416158,0.4668988856472396,16,1.2352941176470589,0.5882352941176471,N4 O20,de-protonated,0,-9999,C34 H42 O20 N4,34,42,20,4,-9999,-9999,-9999,N/A,-9999,-9999,N/A,-9999
3537,825.730763,825.7310383858551,825.730996431939,10562485,-9999,166690.3,36.68,-1,0.05080821260929023,0.24988292613337532,0.5638345284545242,0.37546356706183487,1,2.04,0.04,N2 S2 O2,de-protonated,0,-9999,C50 H102 O2 N2 S2,50,102,2,2,-9999,2,-9999,N/A,-9999,-9999,N/A,-9999
3538,826.227042,826.2273177792597,826.226882636439,10789054,-9999,152682.9,37.51,-1,0.5266626272575259,0.31697215438339726,0.5709562512810148,0.4185657931424443,37,0.6851851851851852,0.1111111111111111,N1 S1 O6,de-protonated,0,-9999,C54 H37 O6 N1 S1,54,37,6,1,-9999,1,-9999,N/A,-9999,-9999,N/A,-9999
3538,826.227042,826.2273177792597,826.227884958039,10789054,-9999,152682.9,37.51,-1,-0.6864677283737973,0.22951202217383232,0.5966451094075289,0.37636525706731094,23,1.0454545454545454,0.20454545454545456,N1 S2 P1 O9,de-protonated,0,-9999,C44 H46 O9 N1 P1 S2,44,46,9,1,1,2,-9999,N/A,-9999,-9999,N/A,-9999
3538,826.227042,826.2273177792597,826.227015578169,10789054,-9999,152682.9,37.51,-1,0.36576036002001694,0.325339310090993,0.6366550704180972,0.4498656142218347,24,0.9767441860465116,0.32558139534883723,N1 P1 O14,de-protonated,0,-9999,C43 H42 O14 N1 P1,43,42,14,1,1,-9999,-9999,N/A,-9999,-9999,N/A,-9999
3538,826.227042,826.2273177792597,826.2267442520091,10789054,-9999,152682.9,37.51,-1,0.6941523674759184,0.305427487227604,0.6913706598733611,0.4598047562859068,10,1.4848484848484849,0.5757575757575758,N1 S2 O19,de-protonated,0,-9999,C33 H49 O19 N1 S2,33,49,19,1,-9999,2,-9999,N/A,-9999,-9999,N/A,-9999
3539,826.233451,826.2337267843401,826.2337581848091,5506241.5,-9999,144162,18.21,-1,-0.03800434036835148,0.4998689812886189,0.7141928963326544,0.5855985473062331,14,1.351351351351351,0.3783783783783784,N1 S2 P1 O14,de-protonated,0,-9999,C37 H50 O14 N1 P1 S2,37,50,14,1,1,2,-9999,N/A,-9999,-9999,N/A,-9999
3539,826.233451,826.2337267843401,826.234337050629,5506241.5,-9999,144162,18.21,-1,-0.7386116281941543,0.6859957688732813,0.44277506696910174,0.5887074881116094,28,0.9130434782608696,0.17391304347826086,13C1 N2 S2 O8,de-protonated,1,3536,C46 H42 O8 N2 S2 13C1,46,42,8,2,-9999,2,1,N/A,-9999,-9999,N/A,-9999
3539,826.233451,826.2337267843401,826.2344699923591,5506241.5,-9999,144162,18.21,-1,-0.8995122401631623,0.5756362771053621,0.9496280365359387,0.7252329808775928,15,1.3428571428571427,0.45714285714285713,13C1 N2 S1 P1 O16,de-protonated,1,3536,C35 H47 O16 N2 P1 S1 13C1,35,47,16,2,1,1,1,N/A,-9999,-9999,N/A,-9999
3539,826.233451,826.2337267843401,826.233245120559,5506241.5,-9999,144162,18.21,-1,0.5829634476055656,0.3133993672358946,0.5937935904294966,0.4255570565133354,32,0.84,0.06,N3 S2 P1 O3,de-protonated,0,-9999,C50 H42 O3 N3 P1 S2,50,42,3,3,1,2,-9999,N/A,-9999,-9999,N/A,-9999
3541,827.225988,827.2262645711328,827.226287302369,31523528,-9999,137779.7,113.28,-1,-0.027478861025946148,0.24996574992386084,0.6026076604651345,0.3910225141403703,28,0.8723404255319149,0.2553191489361702,P1 O12,de-protonated,0,-9999,C47 H41 O12 P1,47,41,12,-9999,1,-9999,-9999,N/A,-9999,-9999,N/A,-9999
3541,827.225988,827.2262645711328,827.226015976209,31523528,-9999,137779.7,113.28,-1,0.30051632677335355,0.1639578147373289,0.6103820628468053,0.34252751398111947,14,1.2972972972972974,0.4594594594594595,S2 O17,de-protonated,0,-9999,C37 H48 O17 S2,37,48,17,-9999,-9999,2,-9999,N/A,-9999,-9999,N/A,-9999
3541,827.225988,827.2262645711328,827.226148917939,31523528,-9999,137779.7,113.28,-1,0.13980843564184547,0.1992919227274648,0.7065421030566719,0.4021919948591477,1,2.0384615384615383,0.9615384615384616,S1 P1 O25,de-protonated,0,-9999,C26 H53 O25 P1 S1,26,53,25,-9999,1,1,-9999,N/A,-9999,-9999,N/A,-9999
3541,827.225988,827.2262645711328,827.2255029119591,31523528,-9999,137779.7,113.28,-1,0.9207394731054306,0.1429036544119963,0.5414889885673253,0.3023377880741279,32,0.8,0.12,N2 S2 O6,de-protonated,0,-9999,C50 H40 O6 N2 S2,50,40,6,2,-9999,2,-9999,N/A,-9999,-9999,N/A,-9999
3541,827.225988,827.2262645711328,827.226778045159,31523528,-9999,137779.7,113.28,-1,-0.620717365339525,0.692676906181373,0.44277506696910174,0.5927161704964645,28,0.8936170212765957,0.1702127659574468,N2 S1 34S1 O8,de-protonated,1,3536,C47 H42 O8 N2 S1 34S1,47,42,8,2,-9999,1,-9999,N/A,-9999,-9999,N/A,1
3541,827.225988,827.2262645711328,827.2256358536889,31523528,-9999,137779.7,113.28,-1,0.7600313827618604,0.18009850473411676,0.6321084426084553,0.3609024798838522,19,1.1538461538461535,0.358974358974359,N2 S1 P1 O14,de-protonated,0,-9999,C39 H45 O14 N2 P1 S1,39,45,14,2,1,1,-9999,N/A,-9999,-9999,N/A,-9999
3541,827.225988,827.2262645711328,827.2264840068591,31523528,-9999,137779.7,113.28,-1,-0.26526680485978404,0.2468283147375454,0.6600309365494865,0.41210936346232185,20,1.0810810810810811,0.4864864864864865,N4 O18,de-protonated,0,-9999,C37 H40 O18 N4,37,40,18,4,-9999,-9999,-9999,N/A,-9999,-9999,N/A,-9999
3542,827.26303,827.2633066004962,827.2625398699889,4710106.5,-9999,179337.5,15.29,-1,0.92682851008888,0.28522449074485473,0.5439865594010858,0.38872931820734713,40,0.6779661016949152,0.05084745762711865,S1 O3,de-protonated,0,-9999,C59 H40 O3 S1,59,40,3,-9999,-9999,1,-9999,N/A,-9999,-9999,N/A,-9999
3542,827.26303,827.2633066004962,827.263542191589,4710106.5,-9999,179337.5,15.29,-1,-0.2847836036895346,0.4926959755348487,0.6536072938689251,0.5570605028684792,26,1,0.12244897959183672,S2 P1 O6,de-protonated,0,-9999,C49 H49 O6 P1 S2,49,49,6,-9999,1,2,-9999,N/A,-9999,-9999,N/A,-9999
3542,827.26303,827.2633066004962,827.262672811719,4710106.5,-9999,179337.5,15.29,-1,0.7661276134724437,0.44948681287719594,0.6582606959877569,0.5329963661214203,27,0.9375,0.22916666666666663,P1 O11,de-protonated,0,-9999,C48 H45 O11 P1,48,45,11,-9999,1,-9999,-9999,N/A,-9999,-9999,N/A,-9999
3542,827.26303,827.2633066004962,827.2625344272891,4710106.5,-9999,179337.5,15.29,-1,0.93340768495578,0.4268876856942131,0.7739790330151771,0.5657242246225986,0,2.111111111111111,0.8888888888888888,S1 P1 O24,de-protonated,0,-9999,C27 H57 O24 P1 S1,27,57,24,-9999,1,1,-9999,N/A,-9999,-9999,N/A,-9999
3542,827.26303,827.2633066004962,827.264010222239,4710106.5,-9999,179337.5,15.29,-1,-0.8505407392226398,0.4384933172134868,0.6536072938689251,0.5245389078756622,32,0.8367346938775511,0.14285714285714285,N4 P1 O7,de-protonated,0,-9999,C49 H41 O7 N4 P1,49,41,7,4,1,-9999,-9999,N/A,-9999,-9999,N/A,-9999
3542,827.26303,827.2633066004962,827.2637388960791,4710106.5,-9999,179337.5,15.29,-1,-0.5225607778303657,0.4758296671241787,0.7033271719038788,0.5668286690360588,18,1.2307692307692308,0.3076923076923077,N4 S2 O12,de-protonated,0,-9999,C39 H48 O12 N4 S2,39,48,12,4,-9999,2,-9999,N/A,-9999,-9999,N/A,-9999
3542,827.26303,827.2633066004962,827.262869516209,4710106.5,-9999,179337.5,15.29,-1,0.5283499397032935,0.47530468179304747,0.7087183895694522,0.5686701649036094,19,1.1578947368421053,0.4473684210526316,N4 O17,de-protonated,0,-9999,C38 H44 O17 N4,38,44,17,4,-9999,-9999,-9999,N/A,-9999,-9999,N/A,-9999
3542,827.26303,827.2633066004962,827.263871837809,4710106.5,-9999,179337.5,15.29,-1,-0.6832612084738676,0.45939000205417846,0.7675537279851021,0.5826554924265479,5,1.8928571428571428,0.7142857142857143,N4 S1 P1 O20,de-protonated,0,-9999,C28 H53 O20 N4 P1 S1,28,53,20,4,1,1,-9999,N/A,-9999,-9999,N/A,-9999
3543,827.727611,827.7278879687736,827.727170898619,4783047,-9999,242601.8,15.56,-1,0.8663122099760032,0.43634422196959016,0.6444951140065156,0.5196045787843604,0,2.0588235294117645,0.0196078431372549,S2 P1 O1,de-protonated,0,-9999,C51 H105 O1 P1 S2,51,105,1,-9999,1,2,-9999,N/A,-9999,-9999,N/A,-9999
3543,827.727611,827.7278879687736,827.728670500469,4783047,-9999,242601.8,15.56,-1,-0.9453963880007662,0.28343102973040235,0.5545707124136273,0.3918869028036923,10,1.6842105263157894,0.05263157894736842,O3,de-protonated,0,-9999,C57 H96 O3,57,96,3,-9999,-9999,-9999,-9999,N/A,-9999,-9999,N/A,-9999
3543,827.727611,827.7278879687736,827.728019051789,4783047,-9999,242601.8,15.56,-1,-0.15836484010767224,0.4977298550699064,0.6536072938689251,0.5600808305895139,1,2.0408163265306123,0.1020408163265306,N2 S1 O5,de-protonated,0,-9999,C49 H100 O5 N2 S1,49,100,5,2,-9999,1,-9999,N/A,-9999,-9999,N/A,-9999
3543,827.727611,827.7278879687736,827.727638929269,4783047,-9999,242601.8,15.56,-1,0.30087131675354134,0.4918543909478438,0.6444951140065156,0.5529106801713125,6,1.9019607843137256,0.0392156862745098,N4 P1 O2,de-protonated,0,-9999,C51 H97 O2 N4 P1,51,97,2,4,1,-9999,-9999,N/A,-9999,-9999,N/A,-9999
3544,828.231182,828.2314593679587,828.2306478629291,6999235.5,-9999,156048.2,23.66,-1,0.9798056032507138,0.28004457873698363,0.6116976458364167,0.4127058055767569,27,0.9148936170212766,0.1914893617021277,N1 S2 O9,de-protonated,0,-9999,C47 H43 O9 N1 S2,47,43,9,1,-9999,2,-9999,N/A,-9999,-9999,N/A,-9999
3544,828.231182,828.2314593679587,828.2307808046589,6999235.5,-9999,156048.2,23.66,-1,0.8192925395554873,0.4426646271745213,0.719752637322661,0.5534998312337772,14,1.3333333333333333,0.4722222222222222,N1 S1 P1 O17,de-protonated,0,-9999,C36 H48 O17 N1 P1 S1,36,48,17,1,1,1,-9999,N/A,-9999,-9999,N/A,-9999
3544,828.231182,828.2314593679587,828.231628957829,6999235.5,-9999,156048.2,23.66,-1,-0.20476140296412929,0.4962106118324377,0.7311359101322861,0.590180731152377,15,1.2647058823529411,0.6176470588235294,N3 O21,de-protonated,0,-9999,C34 H43 O21 N3,34,43,21,3,-9999,-9999,-9999,N/A,-9999,-9999,N/A,-9999
3545,829.215601,829.215879148316,829.216513920609,4042149.5,-9999,170828.8,12.85,-1,-0.7655085039031408,0.4495641577022307,0.7253996187124169,0.5598983421063052,14,1.3142857142857145,0.4857142857142857,N2 S2 O17,de-protonated,0,-9999,C35 H46 O17 N2 S2,35,46,17,2,-9999,2,-9999,N/A,-9999,-9999,N/A,-9999
3545,829.215601,829.215879148316,829.215644540739,4042149.5,-9999,170828.8,12.85,-1,0.28292709929413035,0.49279020732348267,0.7311359101322861,0.5881284884470039,15,1.2352941176470589,0.6470588235294118,N2 O22,de-protonated,0,-9999,C34 H42 O22 N2,34,42,22,2,-9999,-9999,-9999,N/A,-9999,-9999,N/A,-9999
3545,829.215601,829.215879148316,829.2160008563591,4042149.5,-9999,170828.8,12.85,-1,-0.14677483659196783,0.4980493537890483,0.6582606959877569,0.5621338906685318,32,0.7916666666666666,0.125,N4 S2 O6,de-protonated,0,-9999,C48 H38 O6 N4 S2,48,38,6,4,-9999,2,-9999,N/A,-9999,-9999,N/A,-9999
3545,829.215601,829.215879148316,829.2151314764891,4042149.5,-9999,170828.8,12.85,-1,0.9016620640121894,0.4314239798257086,0.6629808336683964,0.5240467213627837,33,0.723404255319149,0.23404255319148937,N4 O11,de-protonated,0,-9999,C47 H34 O11 N4,47,34,11,4,-9999,-9999,-9999,N/A,-9999,-9999,N/A,-9999
3545,829.215601,829.215879148316,829.216133798089,4042149.5,-9999,170828.8,12.85,-1,-0.3070969830133862,0.4915167088578432,0.7141928963326545,0.5805871838477676,19,1.162162162162162,0.3783783783783784,N4 S1 P1 O14,de-protonated,0,-9999,C37 H43 O14 N4 P1 S1,37,43,14,4,1,1,-9999,N/A,-9999,-9999,N/A,-9999
3546,829.224239,829.2245171551634,829.224046360359,6923946,-9999,122118.4,23.38,-1,0.5677534394723268,0.31439623986734216,0.5492452930313529,0.4083358611329465,40,0.6551724137931034,0.03448275862068965,S2 O2,de-protonated,0,-9999,C58 H38 O2 S2,58,38,2,-9999,-9999,2,-9999,N/A,-9999,-9999,N/A,-9999
3546,829.224239,829.2245171551634,829.2241793020889,6923946,-9999,122118.4,23.38,-1,0.4074327340144922,0.323442789062258,0.6116976458364167,0.4387447317719215,27,0.9148936170212766,0.2127659574468085,S1 P1 O10,de-protonated,0,-9999,C47 H43 O10 P1 S1,47,43,10,-9999,1,1,-9999,N/A,-9999,-9999,N/A,-9999
3546,829.224239,829.2245171551634,829.2240409176591,6923946,-9999,122118.4,23.38,-1,0.574317049263666,0.47095335279965866,0.7805128205128199,0.5947771398849231,0,2.1153846153846154,0.8846153846153846,S2 P1 O23,de-protonated,0,-9999,C26 H55 O23 P1 S2,26,55,23,-9999,1,2,-9999,N/A,-9999,-9999,N/A,-9999
3546,829.224239,829.2245171551634,829.225027455259,6923946,-9999,122118.4,23.38,-1,-0.6153939867808731,0.3111971400079802,0.6240179704823443,0.4363254721977259,28,0.8444444444444444,0.3111111111111111,N2 O14,de-protonated,0,-9999,C45 H38 O14 N2,45,38,14,2,-9999,-9999,-9999,N/A,-9999,-9999,N/A,-9999
3546,829.224239,829.2245171551634,829.2243760065791,6923946,-9999,122118.4,23.38,-1,0.1702176014670753,0.49737824769970507,0.7141928963326545,0.5841041071528849,19,1.135135135135135,0.43243243243243246,N4 S1 O16,de-protonated,0,-9999,C37 H42 O16 N4 S1,37,42,16,4,-9999,1,-9999,N/A,-9999,-9999,N/A,-9999
3546,829.224239,829.2245171551634,829.2245089483091,6923946,-9999,122118.4,23.38,-1,0.00989702333848454,0.4999911135323958,0.7805128205128199,0.6121997963245654,6,1.8076923076923077,0.9230769230769232,N4 P1 O24,de-protonated,0,-9999,C26 H47 O24 N4 P1,26,47,24,4,1,-9999,-9999,N/A,-9999,-9999,N/A,-9999
3547,831.210684,831.2109637298354,831.2116860656889,5475910,-9999,149419.9,18.09,-1,-0.8690155175240646,0.43597296450146816,0.6677691528855879,0.5286914398551161,27,0.8695652173913043,0.2826086956521739,S1 O13,de-protonated,0,-9999,C46 H40 O13 S1,46,40,13,-9999,-9999,1,-9999,N/A,-9999,-9999,N/A,-9999
3547,831.210684,831.2109637298354,831.211305943169,5475910,-9999,149419.9,18.09,-1,-0.41170437790915176,0.4848562505145708,0.6582606959877569,0.5542180287038453,32,0.7708333333333334,0.20833333333333337,N2 P1 O10,de-protonated,0,-9999,C48 H37 O10 N2 P1,48,37,10,2,1,-9999,-9999,N/A,-9999,-9999,N/A,-9999
3547,831.210684,831.2109637298354,831.211034617009,5475910,-9999,149419.9,18.09,-1,-0.08528180045762306,0.4993405983618877,0.7087183895694522,0.5830917148449135,18,1.1578947368421053,0.3947368421052632,N2 S2 O15,de-protonated,0,-9999,C38 H44 O15 N2 S2,38,44,15,2,-9999,2,-9999,N/A,-9999,-9999,N/A,-9999
3547,831.210684,831.2109637298354,831.210165237139,5475910,-9999,149419.9,18.09,-1,0.9606387527300996,0.4229112666235087,0.7141928963326544,0.539423918507167,19,1.0810810810810811,0.5405405405405406,N2 O20,de-protonated,0,-9999,C37 H40 O20 N2,37,40,20,2,-9999,-9999,-9999,N/A,-9999,-9999,N/A,-9999
3547,831.210684,831.2109637298354,831.211167558739,5475910,-9999,149419.9,18.09,-1,-0.24521915921196463,0.49457417850321345,0.7739790330151772,0.606336120307999,5,1.8148148148148149,0.8518518518518519,N2 S1 P1 O23,de-protonated,0,-9999,C27 H49 O23 N2 P1 S1,27,49,23,2,1,1,-9999,N/A,-9999,-9999,N/A,-9999
3547,831.210684,831.2109637298354,831.2105215527591,5475910,-9999,149419.9,18.09,-1,0.5319676120387886,0.3166493182633628,0.5879753344784842,0.42517972474941135,36,0.7058823529411765,0.0784313725490196,N4 S2 O4,de-protonated,0,-9999,C51 H36 O4 N4 S2,51,36,4,4,-9999,2,-9999,N/A,-9999,-9999,N/A,-9999
3547,831.210684,831.2109637298354,831.210654494489,5475910,-9999,149419.9,18.09,-1,0.3720300561154488,0.48759953587059623,0.6980173569463055,0.5717666643008799,23,1.025,0.3,N4 S1 P1 O12,de-protonated,0,-9999,C40 H41 O12 N4 P1 S1,40,41,12,4,1,1,-9999,N/A,-9999,-9999,N/A,-9999
3548,834.233844,834.2341261263202,834.2344699403191,13707084,-9999,145887.3,48.16,-1,-0.41213113484673874,0.3232168806206367,0.582230333917866,0.4268222619395285,35,0.7115384615384616,0.19230769230769232,N1 O10,de-protonated,0,-9999,C52 H37 O10 N1,52,37,10,1,-9999,-9999,-9999,N/A,-9999,-9999,N/A,-9999
3548,834.233844,834.2341261263202,834.2343315558891,13707084,-9999,145887.3,48.16,-1,-0.24624923845269975,0.3296858331154776,0.7195884297451938,0.4856468717673641,8,1.5806451612903225,0.7419354838709677,N1 S1 O23,de-protonated,0,-9999,C31 H49 O23 N1 S1,31,49,23,1,-9999,1,-9999,N/A,-9999,-9999,N/A,-9999
3548,834.233844,834.2341261263202,834.2349591976689,13707084,-9999,145887.3,48.16,-1,-0.9986051764924092,0.5907613417305458,0.8074954593447222,0.6774549887762165,39,0.6909090909090909,0.03636363636363636,N3 S1 P1 O2,de-protonated,0,-9999,C55 H38 O2 N3 P1 S1,55,38,2,3,1,1,-9999,N/A,-9999,-9999,N/A,-9999
3548,834.233844,834.2341261263202,834.233818491639,13707084,-9999,145887.3,48.16,-1,0.3687631386020605,0.32520913362635134,0.6302964184076338,0.4472440475388644,26,0.9318181818181818,0.2727272727272727,N3 S1 O12,de-protonated,0,-9999,C44 H41 O12 N3 S1,44,41,12,3,-9999,1,-9999,N/A,-9999,-9999,N/A,-9999
3548,834.233844,834.2341261263202,834.234820813239,13707084,-9999,145887.3,48.16,-1,-0.8327234748055387,0.4455314083138693,0.8981452409001891,0.6265769413483973,12,1.4705882352941178,0.4411764705882353,N3 S2 P1 O15,de-protonated,0,-9999,C34 H50 O15 N3 P1 S2,34,50,15,3,1,2,-9999,N/A,-9999,-9999,N/A,-9999
3548,834.233844,834.2341261263202,834.233951433369,13707084,-9999,145887.3,48.16,-1,0.20940522846239495,0.33069164850442384,0.7048783761064124,0.4803663395452192,13,1.393939393939394,0.6060606060606061,N3 P1 O20,de-protonated,0,-9999,C33 H46 O20 N3 P1,33,46,20,3,1,-9999,-9999,N/A,-9999,-9999,N/A,-9999
3550,835.231968,835.2322509175417,835.2322420626689,6485204.5,-9999,151327.4,21.77,-1,0.01060168941196786,0.33332653537812146,0.5937935904294966,0.43751335739867153,29,0.9,0.12,S2 P1 O6,de-protonated,0,-9999,C50 H45 O6 P1 S2,50,45,6,-9999,1,2,-9999,N/A,-9999,-9999,N/A,-9999
3550,835.231968,835.2322509175417,835.232951831409,6485204.5,-9999,151327.4,21.77,-1,-0.8391836860914184,0.4400228355373622,0.7739790330151771,0.5736053145284882,3,1.9259259259259256,0.8518518518518519,N2 S2 O23,de-protonated,0,-9999,C27 H52 O23 N2 S2,27,52,23,2,-9999,2,-9999,N/A,-9999,-9999,N/A,-9999
3550,835.231968,835.2322509175417,835.232710093319,6485204.5,-9999,151327.4,21.77,-1,-0.5497578959588311,0.31554555912106075,0.5937935904294966,0.42684477164443513,35,0.74,0.14,N4 P1 O7,de-protonated,0,-9999,C50 H37 O7 N4 P1,50,37,7,4,1,-9999,-9999,N/A,-9999,-9999,N/A,-9999
3550,835.231968,835.2322509175417,835.2324387671591,6485204.5,-9999,151327.4,21.77,-1,-0.22490699438811665,0.49543187215749346,0.6980173569463056,0.5764660660730183,21,1.1,0.3,N4 S2 O12,de-protonated,0,-9999,C40 H44 O12 N4 S2,40,44,12,4,-9999,2,-9999,N/A,-9999,-9999,N/A,-9999
3550,835.231968,835.2322509175417,835.231569387289,6485204.5,-9999,151327.4,21.77,-1,0.8159776014901283,0.4431002465387602,0.7033271719038788,0.5471910166848076,22,1.0256410256410255,0.4358974358974359,N4 O17,de-protonated,0,-9999,C39 H40 O17 N4,39,40,17,4,-9999,-9999,-9999,N/A,-9999,-9999,N/A,-9999
3550,835.231968,835.2322509175417,835.232571708889,6485204.5,-9999,151327.4,21.77,-1,-0.3840742784881084,0.4867944933102048,0.7612342259156646,0.5965703863523887,8,1.6896551724137931,0.6896551724137931,N4 S1 P1 O20,de-protonated,0,-9999,C29 H49 O20 N4 P1 S1,29,49,20,4,1,1,-9999,N/A,-9999,-9999,N/A,-9999
3551,835.236046,835.2363289207743,835.2371129678389,5031126,-9999,257827.1,16.45,-1,-0.9387119566716028,0.2840794668698936,0.5765576248001294,0.4010707300419879,34,0.7547169811320755,0.1509433962264151,S1 O8,de-protonated,0,-9999,C53 H40 O8 S1,53,40,8,-9999,-9999,1,-9999,N/A,-9999,-9999,N/A,-9999
3551,835.236046,835.2363289207743,835.236974583409,5031126,-9999,257827.1,16.45,-1,-0.7730292771658821,0.4486212692028968,0.7428850341668535,0.5663267751884795,7,1.625,0.65625,S2 O21,de-protonated,0,-9999,C32 H52 O21 S2,32,52,21,-9999,-9999,2,-9999,N/A,-9999,-9999,N/A,-9999
3551,835.236046,835.2363289207743,835.236732845319,5031126,-9999,257827.1,16.45,-1,-0.48360486171235745,0.3194839128497515,0.5654252658645152,0.41786045405565697,39,0.6727272727272727,0.09090909090909093,N2 P1 O5,de-protonated,0,-9999,C55 H37 O5 N2 P1,55,37,5,2,1,-9999,-9999,N/A,-9999,-9999,N/A,-9999
3551,835.236046,835.2363289207743,835.2364615191591,5031126,-9999,257827.1,16.45,-1,-0.15875550323228207,0.4977186666396017,0.672627141691601,0.5676820566604014,25,0.9777777777777776,0.2222222222222222,N2 S2 O10,de-protonated,0,-9999,C45 H44 O10 N2 S2,45,44,10,2,-9999,2,-9999,N/A,-9999,-9999,N/A,-9999
3551,835.236046,835.2363289207743,835.235592139289,5031126,-9999,257827.1,16.45,-1,0.8821241482807396,0.4341608427919219,0.677556331758097,0.531519038378392,26,0.9090909090909092,0.3409090909090909,N2 O15,de-protonated,0,-9999,C44 H40 O15 N2,44,40,15,2,-9999,-9999,-9999,N/A,-9999,-9999,N/A,-9999
3551,835.236046,835.2363289207743,835.236594460889,5031126,-9999,257827.1,16.45,-1,-0.3179220312636091,0.49091366537307746,0.731135910132286,0.5870025632767608,12,1.4411764705882353,0.5294117647058824,N2 S1 P1 O18,de-protonated,0,-9999,C34 H49 O18 N2 P1 S1,34,49,18,2,1,1,-9999,N/A,-9999,-9999,N/A,-9999
3551,835.236046,835.2363289207743,835.236081396639,5031126,-9999,257827.1,16.45,-1,0.29635230192772655,0.4920953135051021,0.6629808336683964,0.5604495215704198,30,0.8723404255319149,0.14893617021276595,N4 S1 P1 O7,de-protonated,0,-9999,C47 H41 O7 N4 P1 S1,47,41,7,4,1,1,-9999,N/A,-9999,-9999,N/A,-9999
3551,835.236046,835.2363289207743,835.235943012209,5031126,-9999,257827.1,16.45,-1,0.46203539082774314,0.4810027711028292,0.7805128205128198,0.6008067908668254,3,2.0384615384615383,0.7692307692307693,N4 S2 P1 O20,de-protonated,0,-9999,C26 H53 O20 N4 P1 S2,26,53,20,4,1,2,-9999,N/A,-9999,-9999,N/A,-9999
3552,835.238528,835.2388109227418,835.238115289439,4377815,-9999,196242.8,14.07,-1,0.8328562718723219,0.4408683457924805,0.6825582999861977,0.5375443274699674,20,1.1395348837209305,0.2558139534883721,S2 P1 O11,de-protonated,0,-9999,C43 H49 O11 P1 S2,43,49,11,-9999,1,2,-9999,N/A,-9999,-9999,N/A,-9999
3552,835.238528,835.2388109227418,835.239614891289,4377815,-9999,196242.8,14.07,-1,-0.9625603633434,0.4226277705038961,0.6536072938689252,0.5150195798499078,30,0.8163265306122449,0.2653061224489796,O13,de-protonated,0,-9999,C49 H40 O13,49,40,13,-9999,-9999,-9999,-9999,N/A,-9999,-9999,N/A,-9999
3552,835.238528,835.2388109227418,835.238963442609,4377815,-9999,196242.8,14.07,-1,-0.18260626469564553,0.4969839258823822,0.6927871148459346,0.5753052014678031,21,1.0731707317073171,0.36585365853658536,N2 S1 O15,de-protonated,0,-9999,C41 H44 O15 N2 S1,41,44,15,2,-9999,1,-9999,N/A,-9999,-9999,N/A,-9999
3552,835.238528,835.2388109227418,835.2390963843391,4377815,-9999,196242.8,14.07,-1,-0.3417723122902384,0.4895141572428402,0.7550179348240813,0.5957156682753366,8,1.6333333333333333,0.7666666666666667,N2 P1 O23,de-protonated,0,-9999,C30 H49 O23 N2 P1,30,49,23,2,1,-9999,-9999,N/A,-9999,-9999,N/A,-9999
3552,835.238528,835.2388109227418,835.2383140327389,4377815,-9999,196242.8,14.07,-1,0.5949080573965035,0.6252006578546989,0.8074954593447222,0.6981185784507082,39,0.7037037037037037,0.03703703703703703,13C1 N3 S1 P1 O2,de-protonated,1,3548,C54 H38 O2 N3 P1 S1 13C1,54,38,2,3,1,1,1,N/A,-9999,-9999,N/A,-9999
3552,835.238528,835.2388109227418,835.238175648309,4377815,-9999,196242.8,14.07,-1,0.7605907527461845,0.450176776861673,0.8981452409001891,0.6293641624770794,12,1.5151515151515151,0.4545454545454546,13C1 N3 S2 P1 O15,de-protonated,1,3548,C33 H50 O15 N3 P1 S2 13C1,33,50,15,3,1,2,1,N/A,-9999,-9999,N/A,-9999
3552,835.238528,835.2388109227418,835.2384503783591,4377815,-9999,196242.8,14.07,-1,0.4316664092178272,0.4833773908998704,0.6312934720183803,0.5425438233472744,39,0.6666666666666666,0.07407407407407407,N4 S1 O4,de-protonated,0,-9999,C54 H36 O4 N4 S1,54,36,4,4,-9999,1,-9999,N/A,-9999,-9999,N/A,-9999
3552,835.238528,835.2388109227418,835.239452699959,4377815,-9999,196242.8,14.07,-1,-0.768375122993266,0.4492056201325736,0.677556331758097,0.540545904782783,25,1.0227272727272727,0.1590909090909091,N4 S2 P1 O7,de-protonated,0,-9999,C44 H45 O7 N4 P1 S2,44,45,7,4,1,2,-9999,N/A,-9999,-9999,N/A,-9999
3552,835.238528,835.2388109227418,835.238583320089,4377815,-9999,196242.8,14.07,-1,0.2725001662165598,0.4933083243757763,0.6825582999861977,0.5690083146199449,26,0.9534883720930232,0.27906976744186046,N4 P1 O12,de-protonated,0,-9999,C43 H41 O12 N4 P1,43,41,12,4,1,-9999,-9999,N/A,-9999,-9999,N/A,-9999
3552,835.238528,835.2388109227418,835.2383119939291,4377815,-9999,196242.8,14.07,-1,0.597349050611021,0.4686529471438074,0.7369636471990462,0.5759772271659029,12,1.4545454545454546,0.5151515151515151,N4 S2 O17,de-protonated,0,-9999,C33 H48 O17 N4 S2,33,48,17,4,-9999,2,-9999,N/A,-9999,-9999,N/A,-9999
3553,835.737327,835.7376103181441,835.737127184219,4084117.3,-9999,162360.8,12.99,-1,0.5780931699018728,0.47058163510537726,0.6227887944601802,0.5314644988472985,7,1.7857142857142858,0.03571428571428571,S1 O2,de-protonated,0,-9999,C56 H100 O2 S1,56,100,2,-9999,-9999,1,-9999,N/A,-9999,-9999,N/A,-9999
3554,841.241585,841.2418726814165,841.241937366829,22067400,-9999,122767.9,78.7,-1,-0.07689275781461444,0.6659003302641694,0.8695660835006801,0.7473666315587737,28,0.8958333333333334,0.25,P1 O12,de-protonated,0,-9999,C48 H43 O12 P1,48,43,12,-9999,1,-9999,-9999,N/A,-9999,-9999,N/A,-9999
3554,841.241585,841.2418726814165,841.2416660406691,22067400,-9999,122767.9,78.7,-1,0.24563779435395025,0.32664564791727824,0.8528603349350554,0.5371315227243891,14,1.3157894736842106,0.4473684210526316,S2 O17,de-protonated,0,-9999,C38 H50 O17 S2,38,50,17,-9999,-9999,2,-9999,N/A,-9999,-9999,N/A,-9999
3554,841.241585,841.2418726814165,841.241798982399,22067400,-9999,122767.9,78.7,-1,0.08760741266511167,0.39752776659877753,0.9040188452989476,0.6001241980788456,1,2.037037037037037,0.925925925925926,S1 P1 O25,de-protonated,0,-9999,C27 H55 O25 P1 S1,27,55,25,-9999,1,1,-9999,N/A,-9999,-9999,N/A,-9999
3554,841.241585,841.2418726814165,841.2411529764191,22067400,-9999,122767.9,78.7,-1,0.8555275675428741,0.1751267675927493,0.543598268860672,0.3225153680999184,32,0.8235294117647058,0.1176470588235294,N2 S2 O6,de-protonated,0,-9999,C51 H42 O6 N2 S2,51,42,6,2,-9999,2,-9999,N/A,-9999,-9999,N/A,-9999
3554,841.241585,841.2418726814165,841.241285918149,22067400,-9999,122767.9,78.7,-1,0.6974969932269538,0.4477727671803992,0.9014173534228046,0.6292306016773614,19,1.175,0.35,N2 S1 P1 O14,de-protonated,0,-9999,C40 H47 O14 N2 P1 S1,40,47,14,2,1,1,-9999,N/A,-9999,-9999,N/A,-9999
3554,841.241585,841.2418726814165,841.2421340713191,22067400,-9999,122767.9,78.7,-1,-0.31071898575801243,0.4946223618681628,0.917411208575344,0.6637379005510352,20,1.105263157894737,0.47368421052631576,N4 O18,de-protonated,0,-9999,C38 H42 O18 N4,38,42,18,4,-9999,-9999,-9999,N/A,-9999,-9999,N/A,-9999
3555,842.245073,842.2453614768901,842.245292201899,7911909,-9999,154502.1,26.97,-1,0.08225037499280147,0.665848820134456,0.8695660835006801,0.7473357254809456,28,0.9148936170212766,0.2553191489361702,13C1 P1 O12,de-protonated,1,3554,C47 H43 O12 P1 13C1,47,43,12,-9999,1,-9999,1,N/A,-9999,-9999,N/A,-9999
3555,842.245073,842.2453614768901,842.2450208757391,7911909,-9999,154502.1,26.97,-1,0.40439675224639354,0.3235874703605831,0.8528603349350554,0.535296616190372,14,1.351351351351351,0.4594594594594595,13C1 S2 O17,de-protonated,1,3554,C37 H50 O17 S2 13C1,37,50,17,-9999,-9999,2,1,N/A,-9999,-9999,N/A,-9999
3555,842.245073,842.2453614768901,842.245153817469,7911909,-9999,154502.1,26.97,-1,0.2465546048752549,0.3956121972255641,0.9040188452989476,0.5989748564549175,1,2.1153846153846154,0.9615384615384616,13C1 S1 P1 O25,de-protonated,1,3554,C26 H55 O25 P1 S1 13C1,26,55,25,-9999,1,1,1,N/A,-9999,-9999,N/A,-9999
3555,842.245073,842.2453614768901,842.245428547519,7911909,-9999,154502.1,26.97,-1,-0.0796331171916359,0.33295000566216204,0.6116976458364167,0.44444906173186394,28,0.8723404255319149,0.2978723404255319,N1 O14,de-protonated,0,-9999,C47 H41 O14 N1,47,41,14,1,-9999,-9999,-9999,N/A,-9999,-9999,N/A,-9999
3555,842.245073,842.2453614768901,842.244640753219,7911909,-9999,154502.1,26.97,-1,0.8557177289186604,0.4377910685308182,0.9014173534228046,0.6232415824876127,19,1.205128205128205,0.358974358974359,13C1 N2 S1 P1 O14,de-protonated,1,3554,C39 H47 O14 N2 P1 S1 13C1,39,47,14,2,1,1,1,N/A,-9999,-9999,N/A,-9999
3555,842.245073,842.2453614768901,842.245917804869,7911909,-9999,154502.1,26.97,-1,-0.6605291484466126,0.3079622326559279,0.5937935904294966,0.4222947757653554,32,0.84,0.12,N3 S1 P1 O6,de-protonated,0,-9999,C50 H42 O6 N3 P1 S1,50,42,6,3,1,1,-9999,N/A,-9999,-9999,N/A,-9999
3555,842.245073,842.2453614768901,842.2447770988389,7911909,-9999,154502.1,26.97,-1,0.6938339864459552,0.4581779677830174,0.7033271719038788,0.556237649431362,19,1.1538461538461535,0.41025641025641024,N3 S1 O16,de-protonated,0,-9999,C39 H45 O16 N3 S1,39,45,16,3,-9999,1,-9999,N/A,-9999,-9999,N/A,-9999
3555,842.245073,842.2453614768901,842.2457794204389,7911909,-9999,154502.1,26.97,-1,-0.4962251625127229,0.4781518121045807,0.7612342259156645,0.5913847776290142,5,1.862068965517241,0.6551724137931034,N3 S2 P1 O19,de-protonated,0,-9999,C29 H54 O19 N3 P1 S2,29,54,19,3,1,2,-9999,N/A,-9999,-9999,N/A,-9999
3555,842.245073,842.2453614768901,842.2449100405692,7911909,-9999,154502.1,26.97,-1,0.535991747299116,0.47460373885807366,0.7675537279851021,0.591783734508885,6,1.7857142857142858,0.8571428571428571,N3 P1 O24,de-protonated,0,-9999,C28 H50 O24 N3 P1,28,50,24,3,1,-9999,-9999,N/A,-9999,-9999,N/A,-9999
3555,842.245073,842.2453614768901,842.2454889063891,7911909,-9999,154502.1,26.97,-1,-0.15129733632415665,0.4979275465554926,0.917411208575344,0.6657210113634331,20,1.135135135135135,0.4864864864864865,13C1 N4 O18,de-protonated,1,3554,C37 H42 O18 N4 13C1,37,42,18,4,-9999,-9999,1,N/A,-9999,-9999,N/A,-9999
3556,843.238368,843.2386572642836,843.238688660519,9509617,-9999,167977,32.81,-1,-0.03723291614572448,0.3332494970420669,0.6765485089574068,0.4705691018082029,14,1.2972972972972974,0.5405405405405406,S1 O20,de-protonated,0,-9999,C37 H48 O20 S1,37,48,20,-9999,-9999,1,-9999,N/A,-9999,-9999,N/A,-9999
3556,843.238368,843.2386572642836,843.238175596269,9509617,-9999,167977,32.81,-1,0.5712122962550673,0.31417158325870476,0.5937935904294966,0.42602038612702153,32,0.8,0.18,N2 S1 O9,de-protonated,0,-9999,C50 H40 O9 N2 S1,50,40,9,2,-9999,1,-9999,N/A,-9999,-9999,N/A,-9999
3556,843.238368,843.2386572642836,843.239177917869,9509617,-9999,167977,32.81,-1,-0.6174447287181994,0.23329080952093323,0.619825764855298,0.3879047916546791,18,1.225,0.3,N2 S2 P1 O12,de-protonated,0,-9999,C40 H49 O12 N2 P1 S2,40,49,12,2,1,2,-9999,N/A,-9999,-9999,N/A,-9999
3556,843.238368,843.2386572642836,843.2383085379989,9509617,-9999,167977,32.81,-1,0.41355602693930904,0.32314788857596405,0.6629121235444504,0.4590535825633586,19,1.1538461538461535,0.4358974358974359,N2 P1 O17,de-protonated,0,-9999,C39 H45 O17 N2 P1,39,45,17,2,1,-9999,-9999,N/A,-9999,-9999,N/A,-9999
3556,843.238368,843.2386572642836,843.238037211839,9509617,-9999,167977,32.81,-1,0.7353231438782273,0.3021832624934485,0.7126876527390567,0.4663850185916918,5,1.793103448275862,0.7586206896551724,N2 S2 O22,de-protonated,0,-9999,C29 H52 O22 N2 S2,29,52,22,2,-9999,2,-9999,N/A,-9999,-9999,N/A,-9999
3556,843.238368,843.2386572642836,843.238664853619,9509617,-9999,167977,32.81,-1,-0.00900022223682131,0.24999632550964335,0.5482711298714635,0.36930624725437144,36,0.7735849056603774,0.01886792452830188,N4 S2 P1 O1,de-protonated,0,-9999,C53 H41 O1 N4 P1 S2,53,41,1,4,1,2,-9999,N/A,-9999,-9999,N/A,-9999
3557,843.240275,843.2405642657952,843.2398293665489,9463537,-9999,122585.3,32.64,-1,0.8715186602602353,0.2904189653979969,0.6056537631733503,0.4165128845081383,27,0.9375,0.20833333333333337,S1 P1 O10,de-protonated,0,-9999,C48 H45 O10 P1 S1,48,45,10,-9999,1,1,-9999,N/A,-9999,-9999,N/A,-9999
3557,843.240275,843.2405642657952,843.241190583969,9463537,-9999,122585.3,32.64,-1,-0.7427509243689695,0.9523616825828224,0.9401996596447488,0.9474968734075928,10,1.4545454545454546,0.7575757575757576,O25,de-protonated,0,-9999,C33 H48 O25,33,48,25,-9999,-9999,-9999,-9999,N/A,-9999,-9999,N/A,-9999
3557,843.240275,843.2405642657952,843.240677519719,9463537,-9999,122585.3,32.64,-1,-0.13430794651338288,0.6447276171075839,0.9251980453053208,0.7569157883866787,28,0.8695652173913043,0.30434782608695654,N2 O14,de-protonated,0,-9999,C46 H40 O14 N2,46,40,14,2,-9999,-9999,-9999,N/A,-9999,-9999,N/A,-9999
3557,843.240275,843.2405642657952,843.241166777069,9463537,-9999,122585.3,32.64,-1,-0.7145183341459859,0.6371573102502365,0.9175021135450244,0.7492952315681517,32,0.8367346938775511,0.12244897959183672,N4 S1 P1 O6,de-protonated,0,-9999,C49 H41 O6 N4 P1 S1,49,41,6,4,1,1,-9999,N/A,-9999,-9999,N/A,-9999
3557,843.240275,843.2405642657952,843.2400260710389,9463537,-9999,122585.3,32.64,-1,0.6382462166399215,0.30958366356732925,0.6696871342203778,0.45362505182854873,19,1.1578947368421053,0.42105263157894735,N4 S1 O16,de-protonated,0,-9999,C38 H44 O16 N4 S1,38,44,16,4,-9999,1,-9999,N/A,-9999,-9999,N/A,-9999
3557,843.240275,843.2405642657952,843.2410283926389,9463537,-9999,122585.3,32.64,-1,-0.5504082795305277,0.6468616619627489,0.8946705119839083,0.7459852019712127,5,1.8928571428571428,0.6785714285714286,N4 S2 P1 O19,de-protonated,0,-9999,C28 H53 O19 N4 P1 S2,28,53,19,4,1,2,-9999,N/A,-9999,-9999,N/A,-9999
3557,843.240275,843.2405642657952,843.2401590127691,9463537,-9999,122585.3,32.64,-1,0.4805902823251468,0.4794786827839511,0.7739790330151771,0.5972788228764415,6,1.8148148148148149,0.8888888888888888,N4 P1 O24,de-protonated,0,-9999,C27 H49 O24 N4 P1,27,49,24,4,1,-9999,-9999,N/A,-9999,-9999,N/A,-9999
3558,844.244246,844.2445360616516,844.244545419039,4511728.5,-9999,144856.6,14.55,-1,-0.01108374042692005,0.9999777094040038,0.9401996596447488,0.9760664895003016,10,1.5,0.78125,13C1 O25,de-protonated,1,3557,C32 H48 O25 13C1,32,48,25,-9999,-9999,-9999,1,N/A,-9999,-9999,N/A,-9999
3558,844.244246,844.2445360616516,844.2444612532689,4511728.5,-9999,144856.6,14.55,-1,0.08860985902231981,0.3328587774786818,0.5492452930313529,0.41941338369975023,40,0.6896551724137931,0.03448275862068965,N1 S1 P1 O2,de-protonated,0,-9999,C58 H40 O2 N1 P1 S1,58,40,2,1,1,1,-9999,N/A,-9999,-9999,N/A,-9999
3558,844.244246,844.2445360616516,844.2443228688389,4511728.5,-9999,144856.6,14.55,-1,0.2525250178237616,0.4942479518462635,0.7141928963326544,0.5822259296408199,13,1.4054054054054057,0.40540540540540543,N1 S2 P1 O15,de-protonated,0,-9999,C37 H52 O15 N1 P1 S2,37,52,15,1,1,2,-9999,N/A,-9999,-9999,N/A,-9999
3558,844.244246,844.2445360616516,844.244032354789,4511728.5,-9999,144856.6,14.55,-1,0.596636568640924,0.6249670568920723,0.9251980453053208,0.7450594522573718,28,0.8888888888888888,0.3111111111111111,13C1 N2 O14,de-protonated,1,3557,C45 H40 O14 N2 13C1,45,40,14,2,-9999,-9999,1,N/A,-9999,-9999,N/A,-9999
3558,844.244246,844.2445360616516,844.2438098045891,4511728.5,-9999,144856.6,14.55,-1,0.8602456471578795,0.4371743014073074,0.6490192219379252,0.5219122696195545,31,0.88,0.08,N3 S2 P1 O4,de-protonated,0,-9999,C50 H44 O4 N3 P1 S2,50,44,4,3,1,2,-9999,N/A,-9999,-9999,N/A,-9999
3558,844.244246,844.2445360616516,844.245171022009,4511728.5,-9999,144856.6,14.55,-1,-0.7521042218333616,0.45122661993732577,0.7253996187124169,0.5608958194473622,14,1.3428571428571427,0.5428571428571428,N3 S1 O19,de-protonated,0,-9999,C35 H47 O19 N3 S1,35,47,19,3,-9999,1,-9999,N/A,-9999,-9999,N/A,-9999
3558,844.244246,844.2445360616516,844.2445216121389,4511728.5,-9999,144856.6,14.55,-1,0.01711531712541236,0.6666312326056816,0.9175021135450244,0.7669795849814187,32,0.8541666666666666,0.125,13C1 N4 S1 P1 O6,de-protonated,1,3557,C48 H41 O6 N4 P1 S1 13C1,48,41,6,4,1,1,1,N/A,-9999,-9999,N/A,-9999
3558,844.244246,844.2445360616516,844.244383227709,4511728.5,-9999,144856.6,14.55,-1,0.1810304523541157,0.6627141361739322,0.8946705119839083,0.7554966864979227,5,1.962962962962963,0.7037037037037037,13C1 N4 S2 P1 O19,de-protonated,1,3557,C27 H53 O19 N4 P1 S2 13C1,27,53,19,4,1,2,1,N/A,-9999,-9999,N/A,-9999
3559,845.454827,845.4551180212895,845.455165042499,6855952,-9999,155292.4,23.11,-1,-0.05561644349183785,0.33314630081076396,0.5765576248001294,0.43051083040651017,21,1.2641509433962264,0.1320754716981132,P1 O7,de-protonated,0,-9999,C53 H67 O7 P1,53,67,7,-9999,1,-9999,-9999,N/A,-9999,-9999,N/A,-9999
3559,845.454827,845.4551180212895,845.454893716339,6855952,-9999,155292.4,23.11,-1,0.2653068214211622,0.4936547276814509,0.6825582999861977,0.5692161566033496,7,1.7209302325581397,0.27906976744186046,S2 O12,de-protonated,0,-9999,C43 H74 O12 S2,43,74,12,-9999,-9999,2,-9999,N/A,-9999,-9999,N/A,-9999
3559,845.454827,845.4551180212895,845.454380652089,6855952,-9999,155292.4,23.11,-1,0.8721572889714255,0.2903602909322093,0.5599637296259095,0.39820166640968935,25,1.1785714285714286,0.01785714285714285,N2 S2 O1,de-protonated,0,-9999,C56 H66 O1 N2 S2,56,66,1,2,-9999,2,-9999,N/A,-9999,-9999,N/A,-9999
3559,845.454827,845.4551180212895,845.454513593819,6855952,-9999,155292.4,23.11,-1,0.7149142394015993,0.30381049543829103,0.6240179704823443,0.43189348545591233,12,1.5777777777777775,0.2,N2 S1 P1 O9,de-protonated,0,-9999,C45 H71 O9 N2 P1 S1,45,71,9,2,1,1,-9999,N/A,-9999,-9999,N/A,-9999
3559,845.454827,845.4551180212895,845.455361746989,6855952,-9999,155292.4,23.11,-1,-0.28827743065732747,0.4925170154283135,0.6825582999861977,0.5685335292514673,13,1.5348837209302326,0.3023255813953488,N4 O13,de-protonated,0,-9999,C43 H66 O13 N4,43,66,13,4,-9999,-9999,-9999,N/A,-9999,-9999,N/A,-9999
3560,848.592727,848.5930205087296,848.5938480518189,5918611.5,-9999,216241.8,19.68,-1,-0.975193363890153,0.2805031371787989,0.5599637296259095,0.39228737415764314,16,1.5,0.01785714285714285,N1 S1 P1 O1,de-protonated,0,-9999,C56 H84 O1 N1 P1 S1,56,84,1,1,1,1,-9999,N/A,-9999,-9999,N/A,-9999
3560,848.592727,848.5930205087296,848.5927073457889,5918611.5,-9999,216241.8,19.68,-1,0.36903798258617304,0.48779575205446424,0.672627141691601,0.5617283079093189,3,1.9333333333333331,0.24444444444444444,N1 S1 O11,de-protonated,0,-9999,C45 H87 O11 N1 S1,45,87,11,1,-9999,1,-9999,N/A,-9999,-9999,N/A,-9999
3560,848.592727,848.5930205087296,848.593196603139,5918611.5,-9999,216241.8,19.68,-1,-0.20751334092353524,0.33073898048628286,0.6056537631733504,0.44070489356110987,7,1.8333333333333333,0.0625,N3 S2 P1 O3,de-protonated,0,-9999,C48 H88 O3 N3 P1 S2,48,88,3,3,1,2,-9999,N/A,-9999,-9999,N/A,-9999
3560,848.592727,848.5930205087296,848.592327223269,5918611.5,-9999,216241.8,19.68,-1,0.8169829474405096,0.29531218291151545,0.6116976458364167,0.421866368081476,8,1.7872340425531914,0.1702127659574468,N3 P1 O8,de-protonated,0,-9999,C47 H84 O8 N3 P1,47,84,8,3,1,-9999,-9999,N/A,-9999,-9999,N/A,-9999
3561,848.595709,848.5960025110936,848.5963499752689,6268820,-9999,152260,20.96,-1,-0.409457541657093,0.3233457305501005,0.582230333917866,0.42689957189720673,12,1.6153846153846154,0.1153846153846154,N1 P1 O6,de-protonated,0,-9999,C52 H84 O6 N1 P1,52,84,6,1,1,-9999,-9999,N/A,-9999,-9999,N/A,-9999
3561,848.595709,848.5960025110936,848.5956985265889,6268820,-9999,152260,20.96,-1,0.35822065238779804,0.488492556351915,0.677556331758097,0.5641180665143879,3,2,0.18181818181818185,N3 S1 P1 O8,de-protonated,0,-9999,C44 H88 O8 N3 P1 S1,44,88,8,3,1,1,-9999,N/A,-9999,-9999,N/A,-9999
3562,850.246068,850.2463628193474,850.2456430227788,6828204,-9999,150451.6,23.01,-1,0.8465748392280646,0.29268610487091484,0.6178187149649359,0.42273914890852327,25,1,0.2391304347826087,N1 S1 P1 O11,de-protonated,0,-9999,C46 H46 O11 N1 P1 S1,46,46,11,1,1,1,-9999,N/A,-9999,-9999,N/A,-9999
3562,850.246068,850.2463628193474,850.246491175949,6828204,-9999,150451.6,23.01,-1,-0.15096398864043986,0.6632242801421036,0.9237010822997842,0.7674150010051759,26,0.9318181818181818,0.3409090909090909,N3 O15,de-protonated,0,-9999,C44 H41 O15 N3,44,41,15,3,-9999,-9999,-9999,N/A,-9999,-9999,N/A,-9999
3563,850.590587,850.5908820924504,850.590870671669,13146338,-9999,152206.6,46.09,-1,0.01342687988015923,0.3333224295885535,0.5654252658645154,0.42616356409893824,16,1.490909090909091,0.07272727272727272,N1 P1 O4,de-protonated,0,-9999,C55 H82 O4 N1 P1,55,82,4,1,1,-9999,-9999,N/A,-9999,-9999,N/A,-9999
3563,850.590587,850.5908820924504,850.5905993455091,13146338,-9999,152206.6,46.09,-1,0.33241249266515116,0.24503748260741276,0.591016179820611,0.3834289614926921,2,1.977777777777778,0.2,N1 S2 O9,de-protonated,0,-9999,C45 H89 O9 N1 S2,45,89,9,1,-9999,2,-9999,N/A,-9999,-9999,N/A,-9999
3563,850.590587,850.5908820924504,850.590219222989,13146338,-9999,152206.6,46.09,-1,0.7793052946214689,0.29855261001590916,0.6116976458364167,0.4238106243441122,7,1.8297872340425532,0.1276595744680851,N3 S1 P1 O6,de-protonated,0,-9999,C47 H86 O6 N3 P1 S1,47,86,6,3,1,1,-9999,N/A,-9999,-9999,N/A,-9999
3564,850.608584,850.6088791067168,850.6094981162789,4768996.5,-9999,165810.2,15.48,-1,-0.7277247238431446,0.3027934230878776,0.5599637296259095,0.4056615457030903,15,1.5357142857142858,0.01785714285714285,N1 S1 P1 O1,de-protonated,0,-9999,C56 H86 O1 N1 P1 S1,56,86,1,1,1,1,-9999,N/A,-9999,-9999,N/A,-9999
3564,850.608584,850.6088791067168,850.6083574102489,4768996.5,-9999,165810.2,15.48,-1,0.6133215872551459,0.4670114376884917,0.672627141691601,0.5492577192897354,2,1.977777777777778,0.24444444444444444,N1 S1 O11,de-protonated,0,-9999,C45 H89 O11 N1 S1,45,89,11,1,-9999,1,-9999,N/A,-9999,-9999,N/A,-9999
3564,850.608584,850.6088791067168,850.608846667599,4768996.5,-9999,165810.2,15.48,-1,0.03813635134186948,0.49986806962112096,0.6582606959877569,0.5632251201677754,6,1.875,0.0625,N3 S2 P1 O3,de-protonated,0,-9999,C48 H90 O3 N3 P1 S2,48,90,3,3,1,2,-9999,N/A,-9999,-9999,N/A,-9999
3565,850.750006,850.7503012188232,850.750528144329,4829434,-9999,185440.8,15.7,-1,-0.2667356625453717,0.32905775907140533,0.582230333917866,0.43032678900998966,3,1.9423076923076923,0.1346153846153846,N1 O7,de-protonated,0,-9999,C52 H101 O7 N1,52,101,7,1,-9999,-9999,-9999,N/A,-9999,-9999,N/A,-9999
3566,851.249708,851.2500036149414,851.2506550320192,4118851,-9999,155801.4,13.1,-1,-0.7652470795563003,0.4495968024380681,0.63129347201838,0.5222754702701928,33,0.8148148148148148,0.1111111111111111,S2 O6,de-protonated,0,-9999,C54 H44 O6 S2,54,44,6,-9999,-9999,2,-9999,N/A,-9999,-9999,N/A,-9999
3566,851.249708,851.2500036149414,851.249785652149,4118851,-9999,155801.4,13.1,-1,0.2560503346372273,0.494087190539506,0.6356335132356643,0.5507057196179693,34,0.7547169811320755,0.20754716981132076,O11,de-protonated,0,-9999,C53 H40 O11,53,40,11,-9999,-9999,-9999,-9999,N/A,-9999,-9999,N/A,-9999
3566,851.249708,851.2500036149414,851.250787973749,4118851,-9999,155801.4,13.1,-1,-0.9214191853111354,0.4286135717070907,0.6825582999861977,0.5301914630187334,20,1.1395348837209305,0.32558139534883723,S1 P1 O14,de-protonated,0,-9999,C43 H49 O14 P1 S1,43,49,14,-9999,1,1,-9999,N/A,-9999,-9999,N/A,-9999
3566,851.249708,851.2500036149414,851.2496472677191,4118851,-9999,155801.4,13.1,-1,0.4186165873833,0.48435158502830167,0.7428850341668536,0.5877649646837224,7,1.625,0.75,S1 O24,de-protonated,0,-9999,C32 H52 O24 S1,32,52,24,-9999,-9999,1,-9999,N/A,-9999,-9999,N/A,-9999
3566,851.249708,851.2500036149414,851.2502749094989,4118851,-9999,155801.4,13.1,-1,-0.3187012861844698,0.32724631844184005,0.5599637296259095,0.4203332829154678,38,0.7321428571428571,0.05357142857142857,N2 S1 P1 O3,de-protonated,0,-9999,C56 H41 O3 N2 P1 S1,56,41,3,2,1,1,-9999,N/A,-9999,-9999,N/A,-9999
3566,851.249708,851.2500036149414,851.250136525069,4118851,-9999,155801.4,13.1,-1,-0.1561352203087452,0.49779318757901175,0.7253996187124169,0.5888357600323738,11,1.5142857142857142,0.45714285714285713,N2 S2 P1 O16,de-protonated,0,-9999,C35 H53 O16 N2 P1 S2,35,53,16,2,1,2,-9999,N/A,-9999,-9999,N/A,-9999
3566,851.249708,851.2500036149414,851.249267145199,4118851,-9999,155801.4,13.1,-1,0.8651634377883762,0.4365017332754124,0.7311359101322861,0.5543554040181619,12,1.4411764705882353,0.6176470588235294,N2 P1 O21,de-protonated,0,-9999,C34 H49 O21 N2 P1,34,49,21,2,1,-9999,-9999,N/A,-9999,-9999,N/A,-9999
3566,851.249708,851.2500036149414,851.249846011019,4118851,-9999,155801.4,13.1,-1,0.18514414202564344,0.6625330270004625,0.9237010822997842,0.7670002491201913,26,0.9534883720930232,0.3488372093023256,13C1 N3 O15,de-protonated,1,3562,C43 H41 O15 N3 13C1,43,41,15,3,-9999,-9999,1,N/A,-9999,-9999,N/A,-9999
3566,851.249708,851.2500036149414,851.249623460819,4118851,-9999,155801.4,13.1,-1,0.44658360132008873,0.4822296884321192,0.6582606959877569,0.5526420914543743,29,0.9375,0.10416666666666669,N4 S2 P1 O5,de-protonated,0,-9999,C48 H45 O5 N4 P1 S2,48,45,5,4,1,2,-9999,N/A,-9999,-9999,N/A,-9999
3567,852.591408,852.5917046785185,852.592133974709,7475701.5,-9999,100082.5,26.23,-1,-0.5035188262068203,0.31834639603031056,0.5822303339178662,0.4238999711853328,10,1.6923076923076923,0.03846153846153846,N1 S2 P1 O2,de-protonated,0,-9999,C52 H88 O2 N1 P1 S2,52,88,2,1,1,2,-9999,N/A,-9999,-9999,N/A,-9999
3567,852.591408,852.5917046785185,852.591264594839,7475701.5,-9999,100082.5,26.23,-1,0.516171931059353,0.31760198792708766,0.587975334478484,0.42575132654764625,11,1.6470588235294117,0.13725490196078433,N1 P1 O7,de-protonated,0,-9999,C51 H84 O7 N1 P1,51,84,7,1,1,-9999,-9999,N/A,-9999,-9999,N/A,-9999
3568,852.607442,852.6077386912286,852.608238269169,3713655.8,-9999,109726.2,12.02,-1,-0.5859407848858975,0.46980228559946335,0.6312934720183803,0.5343987601670301,15,1.537037037037037,0.05555555555555555,N3 S1 O3,de-protonated,0,-9999,C54 H83 O3 N3 S1,54,83,3,3,-9999,1,-9999,N/A,-9999,-9999,N/A,-9999
3568,852.607442,852.6077386912286,852.608371210899,3713655.8,-9999,109726.2,12.02,-1,-0.7418642506139879,0.4524808916112638,0.6825582999861977,0.5445118549612373,2,2.046511627906977,0.2558139534883721,N3 P1 O11,de-protonated,0,-9999,C43 H88 O11 N3 P1,43,88,11,3,1,-9999,-9999,N/A,-9999,-9999,N/A,-9999
3569,854.586655,854.5869532601678,854.587502824279,5862095.5,-9999,171525.3,20.13,-1,-0.6430752958690946,0.30923627898739336,0.5765576248001295,0.41616481731248783,15,1.528301886792453,0.07547169811320754,N3 S1 O4,de-protonated,0,-9999,C53 H81 O4 N3 S1,53,81,4,3,-9999,1,-9999,N/A,-9999,-9999,N/A,-9999
3569,854.586655,854.5869532601678,854.587635766009,5862095.5,-9999,171525.3,20.13,-1,-0.7986376267390736,0.4453569625969481,0.6876346701883606,0.542268045633513,2,2.047619047619047,0.2857142857142857,N3 P1 O12,de-protonated,0,-9999,C42 H86 O12 N3 P1,42,86,12,3,1,-9999,-9999,N/A,-9999,-9999,N/A,-9999
3570,854.604152,854.6044502740378,854.604412735849,6054609,-9999,164216.1,20.86,-1,0.04392463728184298,0.3332166596458174,0.5654252658645154,0.42610010213329663,14,1.5636363636363635,0.03636363636363636,N1 S1 P1 O2,de-protonated,0,-9999,C55 H86 O2 N1 P1 S1,55,86,2,1,1,1,-9999,N/A,-9999,-9999,N/A,-9999
3570,854.604152,854.6044502740378,854.603761287169,6054609,-9999,164216.1,20.86,-1,0.8062062209475931,0.2962509991679851,0.6116976458364167,0.4224296578353578,5,1.9148936170212767,0.0851063829787234,N3 S2 P1 O4,de-protonated,0,-9999,C47 H90 O4 N3 P1 S2,47,90,4,3,1,2,-9999,N/A,-9999,-9999,N/A,-9999
3570,854.604152,854.6044502740378,854.605260889019,6054609,-9999,164216.1,20.86,-1,-0.9485256155131968,0.2831264037342183,0.5765576248001294,0.4004988921605827,15,1.528301886792453,0.11320754716981132,N3 O6,de-protonated,0,-9999,C53 H81 O6 N3,53,81,6,3,-9999,-9999,-9999,N/A,-9999,-9999,N/A,-9999
3571,859.03001,859.0303117824533,859.0305463652791,10341352,-9999,169935.7,37.05,-1,-0.27307856138015185,0.493280079353577,0.7253996187124169,0.5861278950971129,24,0.6857142857142857,0.6857142857142857,S1 O24,de-protonated,0,-9999,C35 H24 O24 S1,35,24,24,-9999,-9999,1,-9999,N/A,-9999,-9999,N/A,-9999
3571,859.03001,859.0303117824533,859.031035622629,10341352,-9999,169935.7,37.05,-1,-0.8426240097519127,0.21978055880999703,0.6318246126845505,0.3845981803598184,28,0.6578947368421053,0.42105263157894735,N2 S2 P1 O16,de-protonated,0,-9999,C38 H25 O16 N2 P1 S2,38,25,16,2,1,2,-9999,N/A,-9999,-9999,N/A,-9999
3571,859.03001,859.0303117824533,859.030166242759,10341352,-9999,169935.7,37.05,-1,0.16942326354062,0.3316017309594732,0.6765485089574068,0.46958044215864664,29,0.5675675675675675,0.5675675675675675,N2 P1 O21,de-protonated,0,-9999,C37 H21 O21 N2 P1,37,21,21,2,1,-9999,-9999,N/A,-9999,-9999,N/A,-9999
3571,859.03001,859.0303117824533,859.0295147940791,10341352,-9999,169935.7,37.05,-1,0.9277776379799724,0.42770010834809347,0.7612342259156645,0.561113755375122,20,0.8620689655172413,0.7931034482758621,N4 S1 P1 O23,de-protonated,0,-9999,C29 H25 O23 N4 P1 S1,29,25,23,4,1,1,-9999,N/A,-9999,-9999,N/A,-9999
3572,859.062778,859.0630798084288,859.063560571309,4122601,-9999,175095.9,13.56,-1,-0.5596359830415277,0.4723781087708344,0.7033271719038787,0.5647577340240522,28,0.6153846153846154,0.5897435897435898,O23,de-protonated,0,-9999,C39 H24 O23,39,24,23,-9999,-9999,-9999,-9999,N/A,-9999,-9999,N/A,-9999
3572,859.062778,859.0630798084288,859.0629091226291,4122601,-9999,175095.9,13.56,-1,0.1986883590456567,0.49643126608626176,0.7489023467070351,0.5974196983345712,19,0.9032258064516128,0.8064516129032258,N2 S1 O25,de-protonated,0,-9999,C31 H28 O25 N2 S1,31,28,25,2,-9999,1,-9999,N/A,-9999,-9999,N/A,-9999
3572,859.062778,859.0630798084288,859.062396058379,4122601,-9999,175095.9,13.56,-1,0.7959259454720574,0.4457065155160917,0.677556331758097,0.5384464420128938,37,0.4545454545454546,0.3181818181818182,N4 S1 O14,de-protonated,0,-9999,C44 H20 O14 N4 S1,44,20,14,4,-9999,1,-9999,N/A,-9999,-9999,N/A,-9999
3572,859.062778,859.0630798084288,859.063398379979,4122601,-9999,175095.9,13.56,-1,-0.3708359020124012,0.4876780274191384,0.7311359101322861,0.5850611805043975,23,0.8529411764705882,0.5,N4 S2 P1 O17,de-protonated,0,-9999,C34 H29 O17 N4 P1 S2,34,29,17,4,1,2,-9999,N/A,-9999,-9999,N/A,-9999
3572,859.062778,859.0630798084288,859.0625290001091,4122601,-9999,175095.9,13.56,-1,0.6411737227083958,0.4640600047156889,0.7369636471990462,0.5732214617090319,24,0.7575757575757576,0.6666666666666666,N4 P1 O22,de-protonated,0,-9999,C33 H25 O22 N4 P1,33,25,22,4,1,-9999,-9999,N/A,-9999,-9999,N/A,-9999
3573,859.251666,859.2519679581619,859.252369109129,13380591,-9999,130060.4,48.53,-1,-0.4668604724968214,0.6498452009203635,0.6528669615385467,0.6510539051676367,40,0.6779661016949152,0.0847457627118644,S1 O5,de-protonated,0,-9999,C59 H40 O5 S1,59,40,5,-9999,-9999,1,-9999,N/A,-9999,-9999,N/A,-9999
3573,859.251666,859.2519679581619,859.2525020508589,13380591,-9999,130060.4,48.53,-1,-0.621578285418794,0.6341378137089763,0.6855718459862197,0.6547114266198736,27,0.9375,0.2708333333333333,P1 O13,de-protonated,0,-9999,C48 H45 O13 P1,48,45,13,-9999,1,-9999,-9999,N/A,-9999,-9999,N/A,-9999
3573,859.251666,859.2519679581619,859.252230724699,13380591,-9999,130060.4,48.53,-1,-0.3058083850729669,0.495394188442951,0.6837839258996825,0.5707500834256436,13,1.368421052631579,0.47368421052631576,S2 O18,de-protonated,0,-9999,C38 H52 O18 S2,38,52,18,-9999,-9999,2,-9999,N/A,-9999,-9999,N/A,-9999
3573,859.251666,859.2519679581619,859.251361344829,13380591,-9999,130060.4,48.53,-1,0.7059789023606339,0.5908120934204949,0.7292575005597453,0.646190256276195,14,1.2972972972972974,0.6216216216216216,O23,de-protonated,0,-9999,C37 H48 O23,37,48,23,-9999,-9999,-9999,-9999,N/A,-9999,-9999,N/A,-9999
3573,859.251666,859.2519679581619,859.2517176604491,13380591,-9999,130060.4,48.53,-1,0.2912973086368215,0.4850130142185835,0.6418987747201667,0.5477673184192168,31,0.8627450980392157,0.13725490196078433,N2 S2 O7,de-protonated,0,-9999,C51 H44 O7 N2 S2,51,44,7,2,-9999,2,-9999,N/A,-9999,-9999,N/A,-9999
3573,859.251666,859.2519679581619,859.2518506021789,13380591,-9999,130060.4,48.53,-1,0.1365792612459503,0.6583165867290832,0.7160990545031968,0.6814295738387286,18,1.225,0.375,N2 S1 P1 O15,de-protonated,0,-9999,C40 H49 O15 N2 P1 S1,40,49,15,2,1,1,-9999,N/A,-9999,-9999,N/A,-9999
3573,859.251666,859.2519679581619,859.251337537929,13380591,-9999,130060.4,48.53,-1,0.733685483392849,0.585959370012269,0.6694977974081023,0.6193747409706023,36,0.7735849056603774,0.07547169811320754,N4 S1 P1 O4,de-protonated,0,-9999,C53 H41 O4 N4 P1 S1,53,41,4,4,1,1,-9999,N/A,-9999,-9999,N/A,-9999
3573,859.251666,859.2519679581619,859.251199153499,13380591,-9999,130060.4,48.53,-1,0.8947379575180118,0.21619938941916136,0.6695194989870623,0.3975274332463217,9,1.65625,0.53125,N4 S2 P1 O17,de-protonated,0,-9999,C32 H53 O17 N4 P1 S2,32,53,17,4,1,2,-9999,N/A,-9999,-9999,N/A,-9999
3573,859.251666,859.2519679581619,859.2526987553489,13380591,-9999,130060.4,48.53,-1,-0.8505032198718445,0.6019840796838568,0.7247601447750862,0.6510945057203485,19,1.1578947368421053,0.5,N4 O19,de-protonated,0,-9999,C38 H44 O19 N4,38,44,19,4,-9999,-9999,-9999,N/A,-9999,-9999,N/A,-9999
3574,860.257122,860.2574247551955,860.2571339375789,4323332.5,-9999,209147.4,14.32,-1,0.3380589420471444,0.32649229059580825,0.5492452930313529,0.4155934915700261,40,0.6896551724137931,0.08620689655172414,N1 P1 O5,de-protonated,0,-9999,C58 H40 O5 N1 P1,58,40,5,1,1,-9999,-9999,N/A,-9999,-9999,N/A,-9999
3574,860.257122,860.2574247551955,860.256862611419,4323332.5,-9999,209147.4,14.32,-1,0.6534603801930794,0.46272254049918554,0.6582606959877568,0.5409378026946141,26,0.9791666666666666,0.20833333333333337,N1 S2 O10,de-protonated,0,-9999,C48 H47 O10 N1 S2,48,47,10,1,-9999,2,-9999,N/A,-9999,-9999,N/A,-9999
3574,860.257122,860.2574247551955,860.2569955531491,4323332.5,-9999,209147.4,14.32,-1,0.49892305285563815,0.4779189354698234,0.7141928963326544,0.5724285198149558,13,1.4054054054054057,0.4864864864864865,N1 S1 P1 O18,de-protonated,0,-9999,C37 H52 O18 N1 P1 S1,37,52,18,1,1,1,-9999,N/A,-9999,-9999,N/A,-9999
3574,860.257122,860.2574247551955,860.257843706319,4323332.5,-9999,209147.4,14.32,-1,-0.4870064557478022,0.4789388627081015,0.7253996187124169,0.5775231651098276,14,1.3428571428571427,0.6285714285714286,N3 O22,de-protonated,0,-9999,C35 H47 O22 N3,35,47,22,3,-9999,-9999,-9999,N/A,-9999,-9999,N/A,-9999
3575,861.027717,861.0280203660528,861.028709691159,6727692,-9999,248434.5,23.4,-1,-0.8005831842356385,0.29673707000937927,0.6240179704823443,0.4276494301985653,37,0.4222222222222222,0.37777777777777777,P1 O17,de-protonated,0,-9999,C45 H19 O17 P1,45,19,17,-9999,1,-9999,-9999,N/A,-9999,-9999,N/A,-9999
3575,861.027717,861.0280203660528,861.028438364999,6727692,-9999,248434.5,23.4,-1,-0.4854647391185702,0.47906917166975505,0.725399618712417,0.5776013504868198,23,0.7428571428571429,0.6285714285714286,S2 O22,de-protonated,0,-9999,C35 H26 O22 S2,35,26,22,-9999,-9999,2,-9999,N/A,-9999,-9999,N/A,-9999
3575,861.027717,861.0280203660528,861.028058242479,6727692,-9999,248434.5,23.4,-1,-0.04398976992006654,0.4998244701544161,0.7141928963326545,0.5855718406257114,28,0.6216216216216216,0.5135135135135135,N2 S1 P1 O19,de-protonated,0,-9999,C37 H23 O19 N2 P1 S1,37,23,19,2,1,1,-9999,N/A,-9999,-9999,N/A,-9999
3575,861.027717,861.0280203660528,861.0274067937991,6727692,-9999,248434.5,23.4,-1,0.7126047892644772,0.4559884325594405,0.7612342259156645,0.5780867499019301,19,0.9310344827586208,0.7241379310344828,N4 S2 P1 O21,de-protonated,0,-9999,C29 H27 O21 N4 P1 S2,29,27,21,4,1,2,-9999,N/A,-9999,-9999,N/A,-9999
3576,861.031113,861.0314163687449,861.032080994479,7928844,-9999,145030.7,27.94,-1,-0.7718942752067419,0.2991760194346697,0.6430949433786466,0.43674358901226046,32,0.5476190476190477,0.4047619047619048,S1 P1 O17,de-protonated,0,-9999,C42 H23 O17 P1 S1,42,23,17,-9999,1,1,-9999,N/A,-9999,-9999,N/A,-9999
3576,861.031113,861.0314163687449,861.0314295457989,7928844,-9999,145030.7,27.94,-1,-0.01530380143754729,0.4999787522352625,0.7311359101322861,0.5924416153940719,23,0.7941176470588235,0.5588235294117647,N2 S2 P1 O19,de-protonated,0,-9999,C34 H27 O19 N2 P1 S2,34,27,19,2,1,2,-9999,N/A,-9999,-9999,N/A,-9999
3576,861.031113,861.0314163687449,861.030560165929,7928844,-9999,145030.7,27.94,-1,0.9943930627438188,0.4178775514821466,0.7369636471990462,0.5455119897689065,24,0.696969696969697,0.7272727272727273,N2 P1 O24,de-protonated,0,-9999,C33 H23 O24 N2 P1,33,23,24,2,1,-9999,-9999,N/A,-9999,-9999,N/A,-9999
3577,861.258556,861.2588595490408,861.259078779269,4101132.5,-9999,209317.8,13.48,-1,-0.25454620281136486,0.6588747307613462,0.6528669615385467,0.6564716230722264,40,0.7017543859649122,0.08771929824561403,13C2 S1 O5,de-protonated,1,3573,C57 H40 O5 S1 13C2,57,40,5,-9999,-9999,1,2,N/A,-9999,-9999,N/A,-9999
3577,861.258556,861.2588595490408,861.2592117209989,4101132.5,-9999,209317.8,13.48,-1,-0.4089035603655663,0.6467446607648456,0.6855718459862197,0.6622755348533952,27,0.9782608695652174,0.2826086956521739,13C2 P1 O13,de-protonated,1,3573,C46 H45 O13 P1 13C2,46,45,13,-9999,1,-9999,2,N/A,-9999,-9999,N/A,-9999
3577,861.258556,861.2588595490408,861.2586362590689,4101132.5,-9999,209317.8,13.48,-1,0.2592600672166457,0.4939389284848587,0.6582606959877568,0.559667635486018,26,0.9583333333333334,0.2708333333333333,S1 O13,de-protonated,0,-9999,C48 H46 O13 S1,48,46,13,-9999,-9999,1,-9999,N/A,-9999,-9999,N/A,-9999
3577,861.258556,861.2588595490408,861.259638580669,4101132.5,-9999,209317.8,13.48,-1,-0.9045258750269548,0.4310192533523136,0.7087183895694522,0.542098907839169,12,1.4473684210526316,0.42105263157894735,S2 P1 O16,de-protonated,0,-9999,C38 H55 O16 P1 S2,38,55,16,-9999,1,2,-9999,N/A,-9999,-9999,N/A,-9999
3577,861.258556,861.2588595490408,861.258940394839,4101132.5,-9999,209317.8,13.48,-1,-0.09386932821269436,0.49920122563664926,0.6837839258996825,0.5730343057418625,13,1.4444444444444444,0.5,13C2 S2 O18,de-protonated,1,3573,C36 H52 O18 S2 13C2,36,52,18,-9999,-9999,2,2,N/A,-9999,-9999,N/A,-9999
3577,861.258556,861.2588595490408,861.2587692007991,4101132.5,-9999,209317.8,13.48,-1,0.10490255077881756,0.4990026159684256,0.7141928963326545,0.5850787281141172,13,1.3783783783783785,0.5675675675675675,P1 O21,de-protonated,0,-9999,C37 H51 O21 P1,37,51,21,-9999,1,-9999,-9999,N/A,-9999,-9999,N/A,-9999
3577,861.258556,861.2588595490408,861.2580710149691,4101132.5,-9999,209317.8,13.48,-1,0.9155607340635707,0.5726018050675855,0.7292575005597453,0.6352640832644494,14,1.3714285714285714,0.6571428571428571,13C2 O23,de-protonated,1,3573,C35 H48 O23 13C2,35,48,23,-9999,-9999,-9999,2,N/A,-9999,-9999,N/A,-9999
3577,861.258556,861.2588595490408,861.259125516419,4101132.5,-9999,209317.8,13.48,-1,-0.3088122613289108,0.4914224978153841,0.6444951140065156,0.5526515442918367,30,0.9215686274509804,0.09803921568627452,N2 S2 P1 O5,de-protonated,0,-9999,C51 H47 O5 N2 P1 S2,51,47,5,2,1,2,-9999,N/A,-9999,-9999,N/A,-9999
3577,861.258556,861.2588595490408,861.2584273305891,4101132.5,-9999,209317.8,13.48,-1,0.5018452510611827,0.4776654015582936,0.6418987747201667,0.5433587508230429,31,0.8979591836734694,0.14285714285714285,13C2 N2 S2 O7,de-protonated,1,3573,C49 H44 O7 N2 S2 13C2,49,44,7,2,-9999,2,2,N/A,-9999,-9999,N/A,-9999
3577,861.258556,861.2588595490408,861.258256136549,4101132.5,-9999,209317.8,13.48,-1,0.7006173671394255,0.4573922529647733,0.6490192219379252,0.5340430405540341,31,0.86,0.2,N2 P1 O10,de-protonated,0,-9999,C50 H43 O10 N2 P1,50,43,10,2,1,-9999,-9999,N/A,-9999,-9999,N/A,-9999
3577,861.258556,861.2588595490408,861.258560272319,4101132.5,-9999,209317.8,13.48,-1,0.3474876601296803,0.6522191754228165,0.7160990545031968,0.6777711270549687,18,1.2894736842105263,0.3947368421052632,13C2 N2 S1 P1 O15,de-protonated,1,3573,C38 H49 O15 N2 P1 S1 13C2,38,49,15,2,1,1,2,N/A,-9999,-9999,N/A,-9999
3577,861.258556,861.2588595490408,861.2581177521191,4101132.5,-9999,209317.8,13.48,-1,0.8612945485517386,0.43703108619957615,0.7612342259156645,0.5667123420860115,4,1.896551724137931,0.7931034482758621,N2 S1 P1 O23,de-protonated,0,-9999,C29 H55 O23 N2 P1 S1,29,55,23,2,1,1,-9999,N/A,-9999,-9999,N/A,-9999
3577,861.258556,861.2588595490408,861.258047208069,4101132.5,-9999,209317.8,13.48,-1,0.9432027653814656,0.567288340650126,0.6694977974081023,0.6081721233533166,36,0.803921568627451,0.0784313725490196,13C2 N4 S1 P1 O4,de-protonated,1,3573,C51 H41 O4 N4 P1 S1 13C2,51,41,4,4,1,1,2,N/A,-9999,-9999,N/A,-9999
3577,861.258556,861.2588595490408,861.2594084254891,4101132.5,-9999,209317.8,13.48,-1,-0.637295155137491,0.6193036324557252,0.7247601447750862,0.6614862373834696,19,1.2222222222222223,0.5277777777777778,13C2 N4 O19,de-protonated,1,3573,C36 H44 O19 N4 13C2,36,44,19,4,-9999,-9999,2,N/A,-9999,-9999,N/A,-9999
3578,867.90351,867.9038188165528,867.903966125119,5288677,-9999,199651.8,17.96,-1,-0.16972910832685195,0.49739323476056185,0.7369636471990462,0.5932213997359557,29,0.3333333333333333,0.7272727272727273,N1 S2 O24,de-protonated,0,-9999,C33 H11 O24 N1 S2,33,11,24,1,-9999,2,-9999,N/A,-9999,-9999,N/A,-9999
3579,868.23826,868.2385690819119,868.238449642069,5741254.5,-9999,185209.8,19.67,-1,0.13756571479024887,0.49828604732870296,0.667769152885588,0.566079289551457,24,1.0434782608695652,0.21739130434782608,N1 S2 P1 O10,de-protonated,0,-9999,C46 H48 O10 N1 P1 S2,46,48,10,1,1,2,-9999,N/A,-9999,-9999,N/A,-9999
3579,868.23826,868.2385690819119,868.239297795239,5741254.5,-9999,185209.8,19.67,-1,-0.8393000973178844,0.4400072352226605,0.677556331758097,0.5350268738368351,25,0.9772727272727272,0.3181818181818182,N3 S1 O14,de-protonated,0,-9999,C44 H43 O14 N3 S1,44,43,14,3,-9999,1,-9999,N/A,-9999,-9999,N/A,-9999
3579,868.23826,868.2385690819119,868.239430736969,5741254.5,-9999,185209.8,19.67,-1,-0.9924164079183272,0.4181754337658296,0.7369636471990461,0.5456907191391163,12,1.4545454545454546,0.6666666666666666,N3 P1 O22,de-protonated,0,-9999,C33 H48 O22 N3 P1,33,48,22,3,1,-9999,-9999,N/A,-9999,-9999,N/A,-9999
3580,868.57212,868.5724293465657,868.5717924529889,4713126.5,-9999,148758.4,15.79,-1,0.7332653240169908,0.4535235171624717,0.6582606959877568,0.5354183886925857,6,1.8333333333333333,0.125,N1 S2 P1 O6,de-protonated,0,-9999,C48 H88 O6 N1 P1 S2,48,88,6,1,1,2,-9999,N/A,-9999,-9999,N/A,-9999
3580,868.57212,868.5724293465657,868.573292054839,4713126.5,-9999,148758.4,15.79,-1,-0.993247525792384,0.2787001536600801,0.5709562512810148,0.395602592708454,16,1.462962962962963,0.14814814814814814,N1 O8,de-protonated,0,-9999,C54 H79 O8 N1,54,79,8,1,-9999,-9999,-9999,N/A,-9999,-9999,N/A,-9999
3580,868.57212,868.5724293465657,868.572640606159,4713126.5,-9999,148758.4,15.79,-1,-0.24322616597231436,0.4946615450973692,0.667769152885588,0.5639045882126568,7,1.8043478260869563,0.21739130434782608,N3 S1 O10,de-protonated,0,-9999,C46 H83 O10 N3 S1,46,83,10,3,-9999,1,-9999,N/A,-9999,-9999,N/A,-9999
3582,871.07315,871.0734613291536,871.0739458074289,3907975.3,-9999,267219.4,12.75,-1,-0.5561850146673749,0.4727082736162521,0.6927871148459346,0.5607398101081251,28,0.7073170731707317,0.4390243902439024,S1 P1 O18,de-protonated,0,-9999,C41 H29 O18 P1 S1,41,29,18,-9999,1,1,-9999,N/A,-9999,-9999,N/A,-9999
3582,871.07315,871.0734613291536,871.073294358749,3907975.3,-9999,267219.4,12.75,-1,0.1916835307684264,0.4966776411394111,0.7369636471990461,0.5927920435632651,19,1,0.6060606060606061,N2 S2 P1 O20,de-protonated,0,-9999,C33 H33 O20 N2 P1 S2,33,33,20,2,1,2,-9999,N/A,-9999,-9999,N/A,-9999
3582,871.07315,871.0734613291536,871.072781294499,3907975.3,-9999,267219.4,12.75,-1,0.7806863779719743,0.4476538806911275,0.6677691528855879,0.5356999895689116,37,0.5434782608695652,0.1956521739130435,N4 S2 P1 O9,de-protonated,0,-9999,C46 H25 O9 N4 P1 S2,46,25,9,4,1,2,-9999,N/A,-9999,-9999,N/A,-9999
3582,871.07315,871.0734613291536,871.0741425119191,3907975.3,-9999,267219.4,12.75,-1,-0.7820031984840379,0.4474867660872335,0.7489023467070351,0.5680529983351541,20,0.9032258064516128,0.7741935483870968,N4 S1 O24,de-protonated,0,-9999,C31 H28 O24 N4 S1,31,28,24,4,-9999,1,-9999,N/A,-9999,-9999,N/A,-9999
3583,871.076913,871.0772243321366,871.077317110749,4650375,-9999,142653.8,15.55,-1,-0.10651019223563636,0.4989718434091245,0.7087183895694522,0.5828704618732556,23,0.868421052631579,0.47368421052631576,S2 P1 O18,de-protonated,0,-9999,C38 H33 O18 P1 S2,38,33,18,-9999,1,2,-9999,N/A,-9999,-9999,N/A,-9999
3583,871.076913,871.0772243321366,871.0764477308791,4650375,-9999,142653.8,15.55,-1,0.8915420219520523,0.4328469158215663,0.7141928963326544,0.5453853080260016,24,0.7837837837837838,0.6216216216216216,P1 O23,de-protonated,0,-9999,C37 H29 O23 P1,37,29,23,-9999,1,-9999,-9999,N/A,-9999,-9999,N/A,-9999
3583,871.076913,871.0772243321366,871.077785141399,4650375,-9999,142653.8,15.55,-1,-0.6438107732632233,0.46377476446770816,0.7087183895694522,0.5617522145084057,29,0.6578947368421053,0.5,N4 P1 O19,de-protonated,0,-9999,C38 H25 O19 N4 P1,38,25,19,4,1,-9999,-9999,N/A,-9999,-9999,N/A,-9999
3583,871.076913,871.0772243321366,871.0775138152391,4650375,-9999,142653.8,15.55,-1,-0.33232760335882594,0.4900799831313188,0.7675537279851021,0.6010694810728321,15,1.1428571428571428,0.8571428571428571,N4 S2 O24,de-protonated,0,-9999,C28 H32 O24 N4 S2,28,32,24,4,-9999,2,-9999,N/A,-9999,-9999,N/A,-9999
3584,873.070951,873.0712639128276,873.0718378071491,9418855,-9999,181682.2,33.57,-1,-0.657327721119308,0.2311485593625907,0.6139294907154911,0.3842609319037509,27,0.7560975609756098,0.3902439024390244,S2 P1 O16,de-protonated,0,-9999,C41 H31 O16 P1 S2,41,31,16,-9999,1,2,-9999,N/A,-9999,-9999,N/A,-9999
3584,873.070951,873.0712639128276,873.0709684272789,9418855,-9999,181682.2,33.57,-1,0.33844390590927514,0.3264768627215749,0.6562224424766036,0.4583750946235864,28,0.675,0.525,P1 O21,de-protonated,0,-9999,C40 H27 O21 P1,40,27,21,-9999,1,-9999,-9999,N/A,-9999,-9999,N/A,-9999
3584,873.070951,873.0712639128276,873.072034511639,9418855,-9999,181682.2,33.57,-1,-0.8826291313350667,0.28939376260939703,0.701867334613775,0.45438319141114825,19,0.967741935483871,0.7096774193548387,N4 S2 O22,de-protonated,0,-9999,C31 H30 O22 N4 S2,31,30,22,4,-9999,2,-9999,N/A,-9999,-9999,N/A,-9999
3585,873.075073,873.075385916095,873.076057263639,4243558.5,-9999,214324.3,14.02,-1,-0.7689450860388213,0.4491342074214883,0.719752637322661,0.5573815793819574,23,0.8333333333333334,0.5555555555555556,N2 S2 O20,de-protonated,0,-9999,C36 H30 O20 N2 S2,36,30,20,2,-9999,2,-9999,N/A,-9999,-9999,N/A,-9999
3585,873.075073,873.075385916095,873.075187883769,4243558.5,-9999,214324.3,14.02,-1,0.2268216171522989,0.4953541285820119,0.725399618712417,0.587372324634174,24,0.7428571428571429,0.7142857142857143,N2 O25,de-protonated,0,-9999,C35 H26 O25 N2,35,26,25,2,-9999,-9999,-9999,N/A,-9999,-9999,N/A,-9999
3585,873.075073,873.075385916095,873.075677141119,4243558.5,-9999,214324.3,14.02,-1,-0.3335621774471057,0.4900068847248576,0.7087183895694522,0.5774914866626955,28,0.7105263157894737,0.4473684210526316,N4 S1 P1 O17,de-protonated,0,-9999,C38 H27 O17 N4 P1 S1,38,27,17,4,1,1,-9999,N/A,-9999,-9999,N/A,-9999
3586,875.071075,875.0713894983429,875.071229408719,3745555,-9999,173361.2,12.14,-1,0.1829446775899687,0.49697277045774607,0.6629808336683964,0.5633759957420063,36,0.5106382978723404,0.3404255319148936,S1 O16,de-protonated,0,-9999,C47 H24 O16 S1,47,24,16,-9999,-9999,1,-9999,N/A,-9999,-9999,N/A,-9999
3586,875.071075,875.0713894983429,875.072231730319,3745555,-9999,173361.2,12.14,-1,-0.9624713772810692,0.42264090696828,0.7141928963326545,0.5392617027140298,22,0.8918918918918919,0.5135135135135135,S2 P1 O19,de-protonated,0,-9999,C37 H33 O19 P1 S2,37,33,19,-9999,1,2,-9999,N/A,-9999,-9999,N/A,-9999
3586,875.071075,875.0713894983429,875.071362350449,3745555,-9999,173361.2,12.14,-1,0.03102363425029579,0.4999126885392158,0.719752637322661,0.5878486680525938,23,0.8055555555555556,0.6666666666666666,P1 O24,de-protonated,0,-9999,C36 H29 O24 P1,36,29,24,-9999,1,-9999,-9999,N/A,-9999,-9999,N/A,-9999
3586,875.071075,875.0713894983429,875.0717186660689,3745555,-9999,173361.2,12.14,-1,-0.37616085516279574,0.4873261715437374,0.6490192219379252,0.5520033917014125,40,0.5,0.16,N2 S2 P1 O8,de-protonated,0,-9999,C50 H25 O8 N2 P1 S2,50,25,8,2,1,2,-9999,N/A,-9999,-9999,N/A,-9999
3586,875.071075,875.0713894983429,875.070577960039,3745555,-9999,173361.2,12.14,-1,0.9273975429162906,0.4277548349052028,0.7033271719038787,0.5379837697046732,27,0.717948717948718,0.4615384615384616,N2 S2 O18,de-protonated,0,-9999,C39 H28 O18 N2 S2,39,28,18,2,-9999,2,-9999,N/A,-9999,-9999,N/A,-9999
3587,876.622854,876.6231697284514,876.624007474709,3988967.8,-9999,226137.2,13.06,-1,-0.955650598614056,0.42364540970814674,0.6629808336683964,0.5193795792922467,3,1.9361702127659577,0.23404255319148937,N1 S1 O11,de-protonated,0,-9999,C47 H91 O11 N1 S1,47,91,11,1,-9999,1,-9999,N/A,-9999,-9999,N/A,-9999
3587,876.622854,876.6231697284514,876.6236273521889,3988967.8,-9999,226137.2,13.06,-1,-0.5220298919585011,0.47587754936923415,0.6536072938689252,0.5469694471691106,8,1.7959183673469388,0.16326530612244897,N3 P1 O8,de-protonated,0,-9999,C49 H88 O8 N3 P1,49,88,8,3,1,-9999,-9999,N/A,-9999,-9999,N/A,-9999
3588,878.62125,878.6215673125971,878.6221708005891,4758585.5,-9999,147008.8,15.97,-1,-0.6868572317070526,0.3059863292251615,0.5545707124136273,0.40542008250054784,16,1.5087719298245614,0.07017543859649122,N1 P1 O4,de-protonated,0,-9999,C57 H86 O4 N1 P1,57,86,4,1,1,-9999,-9999,N/A,-9999,-9999,N/A,-9999
3588,878.62125,878.6215673125971,878.6218994744291,4758585.5,-9999,147008.8,15.97,-1,-0.3780486603314897,0.4872002886713929,0.6629808336683963,0.5575125066701943,2,1.9787234042553192,0.1914893617021277,N1 S2 O9,de-protonated,0,-9999,C47 H93 O9 N1 S2,47,93,9,1,-9999,2,-9999,N/A,-9999,-9999,N/A,-9999
3588,878.62125,878.6215673125971,878.621030094559,4758585.5,-9999,147008.8,15.97,-1,0.6114331659054654,0.4672074667734952,0.667769152885588,0.5474321412183323,3,1.934782608695652,0.30434782608695654,N1 O14,de-protonated,0,-9999,C46 H89 O14 N1,46,89,14,1,-9999,-9999,-9999,N/A,-9999,-9999,N/A,-9999
3588,878.62125,878.6215673125971,878.6215193519089,4758585.5,-9999,147008.8,15.97,-1,0.05458628904998778,0.4997297450998718,0.6536072938689251,0.5612807646074931,7,1.836734693877551,0.12244897959183672,N3 S1 P1 O6,de-protonated,0,-9999,C49 H90 O6 N3 P1 S1,49,90,6,3,1,1,-9999,N/A,-9999,-9999,N/A,-9999
3589,880.619277,880.6195958964502,880.6200628003089,3953241.3,-9999,179701.4,12.93,-1,-0.5301989796440593,0.3167572717363659,0.5545707124136273,0.4118826480072705,15,1.543859649122807,0.03508771929824561,N1 S1 P1 O2,de-protonated,0,-9999,C57 H88 O2 N1 P1 S1,57,88,2,1,1,1,-9999,N/A,-9999,-9999,N/A,-9999
3589,880.619277,880.6195958964502,880.618922094279,3953241.3,-9999,179701.4,12.93,-1,0.7651461423829545,0.449609404374966,0.6677691528855879,0.5368733037792148,2,1.9782608695652173,0.2608695652173913,N1 S1 O12,de-protonated,0,-9999,C46 H91 O12 N1 S1,46,91,12,1,-9999,1,-9999,N/A,-9999,-9999,N/A,-9999
3589,880.619277,880.6195958964502,880.6194113516291,3953241.3,-9999,179701.4,12.93,-1,0.20956251781719645,0.496031541514697,0.6536072938689252,0.5590618424563882,6,1.8775510204081631,0.08163265306122448,N3 S2 P1 O4,de-protonated,0,-9999,C49 H92 O4 N3 P1 S2,49,92,4,3,1,2,-9999,N/A,-9999,-9999,N/A,-9999
3590,887.180459,887.1807830975554,887.180385936769,4419287,-9999,164995.7,14.7,-1,0.4476663288566597,0.4821449758887907,0.6444951140065156,0.5470850311358807,34,0.7058823529411765,0.2549019607843137,S1 O13,de-protonated,0,-9999,C51 H36 O13 S1,51,36,13,-9999,-9999,1,-9999,N/A,-9999,-9999,N/A,-9999
3590,887.180459,887.1807830975554,887.1813882583689,4419287,-9999,164995.7,14.7,-1,-0.6821162183019808,0.459520334169429,0.6927871148459346,0.5528270464400312,20,1.0975609756097562,0.3902439024390244,S2 P1 O16,de-protonated,0,-9999,C41 H45 O16 P1 S2,41,45,16,-9999,1,2,-9999,N/A,-9999,-9999,N/A,-9999
3590,887.180459,887.1807830975554,887.1805188784989,4419287,-9999,164995.7,14.7,-1,0.2978188213709557,0.4920175155661602,0.6980173569463055,0.5744174521182184,21,1.025,0.525,P1 O21,de-protonated,0,-9999,C40 H41 O21 P1,40,41,21,-9999,1,-9999,-9999,N/A,-9999,-9999,N/A,-9999
3590,887.180459,887.1807830975554,887.180875194119,4419287,-9999,164995.7,14.7,-1,-0.1038081029894038,0.3326821990514851,0.5709562512810147,0.42799181994329694,38,0.6851851851851852,0.0925925925925926,N2 S2 P1 O5,de-protonated,0,-9999,C54 H37 O5 N2 P1 S2,54,37,5,2,1,2,-9999,N/A,-9999,-9999,N/A,-9999
3590,887.180459,887.1807830975554,887.180005814249,4419287,-9999,164995.7,14.7,-1,0.8761280702221049,0.43499216309769145,0.6356335132356643,0.5152487031528805,39,0.6226415094339622,0.18867924528301888,N2 P1 O10,de-protonated,0,-9999,C53 H33 O10 N2 P1,53,33,10,2,1,-9999,-9999,N/A,-9999,-9999,N/A,-9999
3590,887.180459,887.1807830975554,887.181584962859,4419287,-9999,164995.7,14.7,-1,-0.9038344767518712,0.4311170475371094,0.7489023467070351,0.5582311672050797,12,1.4193548387096775,0.7096774193548387,N4 S2 O22,de-protonated,0,-9999,C31 H44 O22 N4 S2,31,44,22,4,-9999,2,-9999,N/A,-9999,-9999,N/A,-9999
3591,889.47999,889.4803159204133,889.481108464829,5058492,-9999,194202.8,17.11,-1,-0.8910188290549655,0.4329201697814129,0.672627141691601,0.5288029585454881,7,1.7333333333333334,0.28888888888888886,S2 O13,de-protonated,0,-9999,C45 H78 O13 S2,45,78,13,-9999,-9999,2,-9999,N/A,-9999,-9999,N/A,-9999
3591,889.47999,889.4803159204133,889.480239084959,5058492,-9999,194202.8,17.11,-1,0.08638241861815042,0.4993234800979592,0.6775563317580969,0.5706166207620142,8,1.681818181818182,0.4090909090909091,O18,de-protonated,0,-9999,C44 H74 O18,44,74,18,-9999,-9999,-9999,-9999,N/A,-9999,-9999,N/A,-9999
3591,889.47999,889.4803159204133,889.4805954005791,5058492,-9999,194202.8,17.11,-1,-0.3142060290218857,0.32741529846245604,0.5492452930313529,0.4161472962900148,25,1.206896551724138,0.03448275862068965,N2 S2 O2,de-protonated,0,-9999,C58 H70 O2 N2 S2,58,70,2,2,-9999,2,-9999,N/A,-9999,-9999,N/A,-9999
3591,889.47999,889.4803159204133,889.479726020709,5058492,-9999,194202.8,17.11,-1,0.6631963462082121,0.30776500612511565,0.5545707124136273,0.4064872886405203,26,1.1578947368421053,0.12280701754385964,N2 O7,de-protonated,0,-9999,C57 H66 O7 N2,57,66,7,2,-9999,-9999,-9999,N/A,-9999,-9999,N/A,-9999
3591,889.47999,889.4803159204133,889.4807283423089,5058492,-9999,194202.8,17.11,-1,-0.46366591478383906,0.4808710546589163,0.6629808336683964,0.5537149662627083,12,1.5957446808510638,0.2127659574468085,N2 S1 P1 O10,de-protonated,0,-9999,C47 H75 O10 N2 P1 S1,47,75,10,2,1,1,-9999,N/A,-9999,-9999,N/A,-9999
3591,889.47999,889.4803159204133,889.4800768936291,5058492,-9999,194202.8,17.11,-1,0.26872640596705416,0.4934911790919715,0.7033271719038788,0.5774255762167344,3,2.0256410256410255,0.3076923076923077,N4 S2 P1 O12,de-protonated,0,-9999,C39 H79 O12 N4 P1 S2,39,79,12,4,1,2,-9999,N/A,-9999,-9999,N/A,-9999
3592,889.483358,889.483683923083,889.483748772709,5003194.5,-9999,205316.5,16.9,-1,-0.07290703849739136,0.333011995344437,0.5286014919551969,0.41124779398874095,30,1.064516129032258,0.08064516129032258,O5,de-protonated,0,-9999,C62 H66 O5,62,66,5,-9999,-9999,-9999,-9999,N/A,-9999,-9999,N/A,-9999
3592,889.483358,889.483683923083,889.4836103882791,5003194.5,-9999,205316.5,16.9,-1,0.08267134222706397,0.4993803241812686,0.6927871148459347,0.576743040447135,3,1.902439024390244,0.4390243902439024,S1 O18,de-protonated,0,-9999,C41 H78 O18 S1,41,78,18,-9999,-9999,1,-9999,N/A,-9999,-9999,N/A,-9999
3592,889.483358,889.483683923083,889.483097324029,5003194.5,-9999,205316.5,16.9,-1,0.6594830815742587,0.30803940169609095,0.5709562512810147,0.4132061415300604,21,1.2962962962962965,0.12962962962962962,N2 S1 O7,de-protonated,0,-9999,C54 H70 O7 N2 S1,54,70,7,2,-9999,1,-9999,N/A,-9999,-9999,N/A,-9999
3592,889.483358,889.483683923083,889.484099645629,5003194.5,-9999,205316.5,16.9,-1,-0.4673749043524126,0.480569843716644,0.677556331758097,0.5593644389332252,7,1.7954545454545454,0.2272727272727273,N2 S2 P1 O10,de-protonated,0,-9999,C44 H79 O10 N2 P1 S2,44,79,10,2,1,2,-9999,N/A,-9999,-9999,N/A,-9999
3592,889.483358,889.483683923083,889.483230265759,5003194.5,-9999,205316.5,16.9,-1,0.510023470555643,0.4769487062967612,0.6825582999861977,0.5591925437725358,8,1.744186046511628,0.3488372093023256,N2 P1 O15,de-protonated,0,-9999,C43 H75 O15 N2 P1,43,75,15,2,1,-9999,-9999,N/A,-9999,-9999,N/A,-9999
3593,899.198379,899.1987126242635,899.199013381379,5187644,-9999,207567.7,18.37,-1,-0.33447224810193094,0.3266352222942974,0.5765576248001296,0.4266041832966303,34,0.7547169811320755,0.18867924528301888,S2 O10,de-protonated,0,-9999,C53 H40 O10 S2,53,40,10,-9999,-9999,2,-9999,N/A,-9999,-9999,N/A,-9999
3593,899.198379,899.1987126242635,899.198144001509,5187644,-9999,207567.7,18.37,-1,0.6323664681459852,0.3100036141555456,0.582230333917866,0.41889430206047384,35,0.6923076923076923,0.28846153846153844,O15,de-protonated,0,-9999,C52 H36 O15,52,36,15,-9999,-9999,-9999,-9999,N/A,-9999,-9999,N/A,-9999
3593,899.198379,899.1987126242635,899.199146323109,5187644,-9999,207567.7,18.37,-1,-0.48231678955703505,0.4793340687606889,0.6876346701883606,0.5626543093317575,21,1.0714285714285714,0.42857142857142855,S1 P1 O18,de-protonated,0,-9999,C42 H45 O18 P1 S1,42,45,18,-9999,1,1,-9999,N/A,-9999,-9999,N/A,-9999
3593,899.198379,899.1987126242635,899.198633258859,5187644,-9999,207567.7,18.37,-1,0.08826237228962758,0.33286248953148934,0.5654252658645152,0.4258876000646997,39,0.6727272727272727,0.12727272727272726,N2 S1 P1 O7,de-protonated,0,-9999,C55 H37 O7 N2 P1 S1,55,37,7,2,1,1,-9999,N/A,-9999,-9999,N/A,-9999
3593,899.198379,899.1987126242635,899.198494874429,5187644,-9999,207567.7,18.37,-1,0.2421599188168821,0.49470799957458633,0.731135910132286,0.5892791637976662,12,1.4411764705882353,0.5882352941176471,N2 S2 P1 O20,de-protonated,0,-9999,C34 H49 O20 N2 P1 S2,34,49,20,2,1,2,-9999,N/A,-9999,-9999,N/A,-9999
3593,899.198379,899.1987126242635,899.197981810179,5187644,-9999,207567.7,18.37,-1,0.8127399074071049,0.44352442165397776,0.6629808336683964,0.5313069864597453,30,0.8723404255319149,0.1914893617021277,N4 S2 P1 O9,de-protonated,0,-9999,C47 H41 O9 N4 P1 S2,47,41,9,4,1,2,-9999,N/A,-9999,-9999,N/A,-9999
3593,899.198379,899.1987126242635,899.1994814120291,5187644,-9999,207567.7,18.37,-1,-0.8549690935429428,0.2919285421923436,0.5765576248001295,0.4057801752354579,40,0.6037735849056604,0.20754716981132076,N4 O11,de-protonated,0,-9999,C53 H32 O11 N4,53,32,11,4,-9999,-9999,-9999,N/A,-9999,-9999,N/A,-9999
3593,899.198379,899.1987126242635,899.1993430275991,5187644,-9999,207567.7,18.37,-1,-0.7010718373375648,0.4573393871814456,0.7428850341668535,0.5715576459756087,13,1.375,0.75,N4 S1 O24,de-protonated,0,-9999,C32 H44 O24 N4 S1,32,44,24,4,-9999,1,-9999,N/A,-9999,-9999,N/A,-9999
3594,930.498947,930.4993054364918,930.4984130358588,3941900,-9999,137155.9,13.53,-1,0.9590565877280448,0.4231444012837915,0.6186218109054389,0.5013353651324505,22,1.280701754385965,0.14035087719298245,N1 S1 O8,de-protonated,0,-9999,C57 H73 O8 N1 S1,57,73,8,1,-9999,1,-9999,N/A,-9999,-9999,N/A,-9999
3594,930.498947,930.4993054364918,930.499415357459,3941900,-9999,137155.9,13.53,-1,-0.11813115132937815,0.4987355461556808,0.6629808336683964,0.5644336611607671,8,1.74468085106383,0.23404255319148937,N1 S2 P1 O11,de-protonated,0,-9999,C47 H82 O11 N1 P1 S2,47,82,11,1,1,2,-9999,N/A,-9999,-9999,N/A,-9999
3594,930.498947,930.4993054364918,930.4985459775892,3941900,-9999,137155.9,13.53,-1,0.8161849430264116,0.4430730388152579,0.6677691528855879,0.5329514844433899,9,1.6956521739130437,0.34782608695652173,N1 P1 O16,de-protonated,0,-9999,C46 H78 O16 N1 P1,46,78,16,1,1,-9999,-9999,N/A,-9999,-9999,N/A,-9999
3595,930.514847,930.5152054490958,930.514671498749,4246531,-9999,136172.5,14.73,-1,0.5738225986000666,0.47100186732290467,0.6444951140065157,0.5403991659963491,12,1.607843137254902,0.1568627450980392,N1 S2 P1 O8,de-protonated,0,-9999,C51 H82 O8 N1 P1 S2,51,82,8,1,1,2,-9999,N/A,-9999,-9999,N/A,-9999
3595,930.514847,930.5152054490958,930.515519651919,4246531,-9999,136172.5,14.73,-1,-0.3376653227135641,0.4897620719183561,0.6536072938689251,0.5553001606985837,13,1.5714285714285714,0.24489795918367344,N3 S1 O12,de-protonated,0,-9999,C49 H77 O12 N3 S1,49,77,12,3,-9999,1,-9999,N/A,-9999,-9999,N/A,-9999
3595,930.514847,930.5152054490958,930.515652593649,4246531,-9999,136172.5,14.73,-1,-0.480534155354817,0.47948337606408487,0.7087183895694522,0.5711773814662318,0,2.1578947368421053,0.5263157894736842,N3 P1 O20,de-protonated,0,-9999,C38 H82 O20 N3 P1,38,82,20,3,1,-9999,-9999,N/A,-9999,-9999,N/A,-9999
3596,931.028115,931.0284738559676,931.0280444418293,4943063,-9999,166580.5,17.48,-1,0.461225782771484,0.48106801355140366,0.672627141691601,0.5576916648074826,34,0.5333333333333333,0.4222222222222222,S2 O19,de-protonated,0,-9999,C45 H24 O19 S2,45,24,19,-9999,-9999,2,-9999,N/A,-9999,-9999,N/A,-9999
3596,931.028115,931.0284738559676,931.0276643193088,4943063,-9999,166580.5,17.48,-1,0.8695087051219397,0.4359051422040354,0.6629808336683964,0.5267354187897799,39,0.44680851063829785,0.3404255319148936,N2 S1 P1 O16,de-protonated,0,-9999,C47 H21 O16 N2 P1 S1,47,21,16,2,1,1,-9999,N/A,-9999,-9999,N/A,-9999
3596,931.028115,931.0284738559676,931.029381852349,4943063,-9999,166580.5,17.48,-1,-0.9752607157495816,0.42074467664527754,0.667769152885588,0.5195544671414017,39,0.43478260869565216,0.32608695652173914,N4 S2 O15,de-protonated,0,-9999,C46 H20 O15 N4 S2,46,20,15,4,-9999,2,-9999,N/A,-9999,-9999,N/A,-9999
3596,931.028115,931.0284738559676,931.0285124724792,4943063,-9999,166580.5,17.48,-1,-0.0414772596429871,0.49984394554877254,0.672627141691601,0.568957224005904,40,0.35555555555555557,0.4444444444444444,N4 O20,de-protonated,0,-9999,C45 H16 O20 N4,45,16,20,4,-9999,-9999,-9999,N/A,-9999,-9999,N/A,-9999
3597,933.507045,933.5074058210369,933.5074615977488,3983151.3,-9999,178949.4,13.7,-1,-0.05974961582668019,0.33311747831339594,0.4995129960746476,0.3996756854178966,34,1.0294117647058822,0.01470588235294117,S1 O1,de-protonated,0,-9999,C68 H70 O1 S1,68,70,1,-9999,-9999,1,-9999,N/A,-9999,-9999,N/A,-9999
3597,933.507045,933.5074058210369,933.507594539479,3983151.3,-9999,178949.4,13.7,-1,-0.2021605858909711,0.33087060637292237,0.5545707124136274,0.4203506487892043,21,1.3157894736842106,0.15789473684210523,P1 O9,de-protonated,0,-9999,C57 H75 O9 P1,57,75,9,-9999,1,-9999,-9999,N/A,-9999,-9999,N/A,-9999
3597,933.507045,933.5074058210369,933.5073232133192,3983151.3,-9999,178949.4,13.7,-1,0.08849177249964416,0.4992900608672679,0.6629808336683964,0.5647663699877193,7,1.74468085106383,0.2978723404255319,S2 O14,de-protonated,0,-9999,C47 H82 O14 S2,47,82,14,-9999,-9999,2,-9999,N/A,-9999,-9999,N/A,-9999
3597,933.507045,933.5074058210369,933.506810149069,3983151.3,-9999,178949.4,13.7,-1,0.6381013628053949,0.3095940493230498,0.5387936087087051,0.4012738730773119,25,1.2333333333333334,0.05,N2 S2 O3,de-protonated,0,-9999,C60 H74 O3 N2 S2,60,74,3,2,-9999,2,-9999,N/A,-9999,-9999,N/A,-9999
3597,933.507045,933.5074058210369,933.5069430907988,3983151.3,-9999,178949.4,13.7,-1,0.4956901940995519,0.4781978529507188,0.6536072938689251,0.5483616293180014,12,1.6122448979591837,0.22448979591836735,N2 S1 P1 O11,de-protonated,0,-9999,C49 H79 O11 N2 P1 S1,49,79,11,2,1,1,-9999,N/A,-9999,-9999,N/A,-9999
3597,933.507045,933.5074058210369,933.507791243969,3983151.3,-9999,178949.4,13.7,-1,-0.41287596725955766,0.48477126651675073,0.6629808336683964,0.5560550933774091,13,1.574468085106383,0.3191489361702128,N4 O15,de-protonated,0,-9999,C47 H74 O15 N4,47,74,15,4,-9999,-9999,-9999,N/A,-9999,-9999,N/A,-9999
3598,969.753254,969.753643553717,969.752777248679,4153992.3,-9999,118289.2,14.71,-1,0.8933256581891528,0.28839796881229607,0.5042110374525536,0.37472319626839906,17,1.5223880597014925,0.02985074626865671,S1 O2,de-protonated,0,-9999,C67 H102 O2 S1,67,102,2,-9999,-9999,1,-9999,N/A,-9999,-9999,N/A,-9999
3598,969.753254,969.753643553717,969.753779570279,4153992.3,-9999,118289.2,14.71,-1,-0.1402588624817444,0.3321456017387467,0.5545707124136273,0.42111564600869894,3,1.9473684210526316,0.08771929824561403,S2 P1 O5,de-protonated,0,-9999,C57 H111 O5 P1 S2,57,111,5,-9999,1,2,-9999,N/A,-9999,-9999,N/A,-9999
3598,969.753254,969.753643553717,969.752910190409,4153992.3,-9999,118289.2,14.71,-1,0.7562372850507593,0.30047766481259713,0.5599637296259095,0.404272090737922,4,1.9107142857142856,0.17857142857142858,P1 O10,de-protonated,0,-9999,C56 H107 O10 P1,56,107,10,-9999,1,-9999,-9999,N/A,-9999,-9999,N/A,-9999
3598,969.753254,969.753643553717,969.754247600929,4153992.3,-9999,118289.2,14.71,-1,-0.6228868948444083,0.31067366798925466,0.5545707124136273,0.4082324857590037,9,1.8070175438596492,0.10526315789473684,N4 P1 O6,de-protonated,0,-9999,C57 H103 O6 N4 P1,57,103,6,4,1,-9999,-9999,N/A,-9999,-9999,N/A,-9999
3599,969.933271,969.933660696418,969.933183966879,4827709.5,-9999,143755.6,17.41,-1,0.4915076078844473,0.6054619096818384,0.8803772205100688,0.7154280340131306,4,1.9365079365079363,0.06349206349206349,N2 O4,de-protonated,0,-9999,C63 H122 O4 N2,63,122,4,2,-9999,-9999,-9999,N/A,-9999,-9999,N/A,-9999
3599,969.933271,969.933660696418,969.9327781312388,4827709.5,-9999,143755.6,17.41,-1,0.9099240679899508,0.4302539069800195,0.6825582999861977,0.5311756641824907,39,0.32558139534883723,0.4418604651162791,N3 S2 P1 O19,de-protonated,0,-9999,C43 H14 O19 N3 P1 S2,43,14,19,3,1,2,-9999,N/A,-9999,-9999,N/A,-9999
3600,970.267425,970.2678149613048,970.2684899238792,5803443,-9999,134653.9,21.32,-1,-0.69564515523643,0.3053125317144337,0.582230333917866,0.41607965259580665,30,0.9423076923076924,0.2307692307692308,N3 S2 O12,de-protonated,0,-9999,C52 H49 O12 N3 S2,52,49,12,3,-9999,2,-9999,N/A,-9999,-9999,N/A,-9999
3600,970.267425,970.2678149613048,970.267620544009,5803443,-9999,134653.9,21.32,-1,0.20037491892487871,0.3309137627514944,0.5879753344784842,0.4337383914422903,31,0.8823529411764706,0.3333333333333333,N3 O17,de-protonated,0,-9999,C51 H45 O17 N3,51,45,17,3,-9999,-9999,-9999,N/A,-9999,-9999,N/A,-9999
3600,970.267425,970.2678149613048,970.2686228656088,5803443,-9999,134653.9,21.32,-1,-0.8326604458511992,0.44089443704889625,0.6927871148459346,0.5416515081677116,17,1.3170731707317074,0.4878048780487805,N3 S1 P1 O20,de-protonated,0,-9999,C41 H54 O20 N3 P1 S1,41,54,20,3,1,1,-9999,N/A,-9999,-9999,N/A,-9999
3601,970.597737,970.598127223146,970.597613278309,4334891,-9999,173116.5,15.43,-1,0.5295138066569189,0.3167990064500057,0.5439865594010858,0.4076740276304377,16,1.5254237288135593,0.06779661016949153,N1 S2 P1 O4,de-protonated,0,-9999,C59 H90 O4 N1 P1 S2,59,90,4,1,1,2,-9999,N/A,-9999,-9999,N/A,-9999
3601,970.597737,970.598127223146,970.598461431479,4334891,-9999,173116.5,15.43,-1,-0.344332230366856,0.32623878546795965,0.5545707124136273,0.4175715562462267,17,1.4912280701754386,0.14035087719298245,N3 S1 O8,de-protonated,0,-9999,C57 H85 O8 N3 S1,57,85,8,3,-9999,1,-9999,N/A,-9999,-9999,N/A,-9999
3601,970.597737,970.598127223146,970.598594373209,4334891,-9999,173116.5,15.43,-1,-0.4813009886553384,0.4794192108085766,0.667769152885588,0.5547591876393811,4,1.9565217391304348,0.34782608695652173,N3 P1 O16,de-protonated,0,-9999,C46 H90 O16 N3 P1,46,90,16,3,1,-9999,-9999,N/A,-9999,-9999,N/A,-9999
3602,970.602596,970.6029862269976,970.6024841834792,4609320.5,-9999,154427.5,16.54,-1,0.5172493650114967,0.31753782838818817,0.5286014919551969,0.4019632938149916,21,1.3709677419354838,0.0967741935483871,N1 S1 O6,de-protonated,0,-9999,C62 H85 O6 N1 S1,62,85,6,1,-9999,1,-9999,N/A,-9999,-9999,N/A,-9999
3602,970.602596,970.6029862269976,970.603486505079,4609320.5,-9999,154427.5,16.54,-1,-0.5154299240069173,0.4764691545528151,0.6400336417157295,0.5418949494179809,7,1.8076923076923077,0.17307692307692307,N1 S2 P1 O9,de-protonated,0,-9999,C52 H94 O9 N1 P1 S2,52,94,9,1,1,2,-9999,N/A,-9999,-9999,N/A,-9999
3602,970.602596,970.6029862269976,970.602617125209,4609320.5,-9999,154427.5,16.54,-1,0.38028105651047384,0.4870506568333514,0.6444951140065156,0.5500284397026172,8,1.7647058823529411,0.27450980392156865,N1 P1 O14,de-protonated,0,-9999,C51 H90 O14 N1 P1,51,90,14,1,1,-9999,-9999,N/A,-9999,-9999,N/A,-9999
3602,970.602596,970.6029862269976,970.6021040609588,4609320.5,-9999,154427.5,16.54,-1,0.9088853558764732,0.2869342811612564,0.5186619100274374,0.3796253327077288,26,1.28125,0.046875,N3 P1 O3,de-protonated,0,-9999,C64 H82 O3 N3 P1,64,82,3,3,1,-9999,-9999,N/A,-9999,-9999,N/A,-9999
3603,970.932903,970.9332934888348,970.9324556910792,6096032.5,-9999,158526.1,22.5,-1,0.8628795452355528,0.29120962105122966,0.5042110374525537,0.37641018761175926,8,1.8059701492537312,0.02985074626865671,N1 O2,de-protonated,0,-9999,C67 H121 O2 N1,67,121,2,1,-9999,-9999,-9999,N/A,-9999,-9999,N/A,-9999
3603,970.932903,970.9332934888348,970.933900330209,6096032.5,-9999,158526.1,22.5,-1,-0.6250079164591813,0.46578674926437214,0.7253996187124169,0.5696318970435901,30,0.4857142857142857,0.6857142857142857,N4 S2 P1 O24,de-protonated,0,-9999,C35 H17 O24 N4 P1 S2,35,17,24,4,1,2,-9999,N/A,-9999,-9999,N/A,-9999
3604,970.937036,970.9374264921112,970.936538801949,4181151,-9999,170670.9,14.82,-1,0.9142617737158918,0.5728488096752647,0.8803772205100688,0.6958601740091864,4,1.967741935483871,0.06451612903225806,13C1 N2 O4,de-protonated,1,3599,C62 H122 O4 N2 13C1,62,122,4,2,-9999,-9999,1,N/A,-9999,-9999,N/A,-9999
3604,970.937036,970.9374264921112,970.937923082209,4181151,-9999,170670.9,14.82,-1,-0.5114540136673595,0.47682226245639053,0.6980173569463055,0.5653003002523564,34,0.425,0.55,N2 S2 P1 O22,de-protonated,0,-9999,C40 H17 O22 N2 P1 S2,40,17,22,2,1,2,-9999,N/A,-9999,-9999,N/A,-9999
3605,971.253378,971.2537687428782,971.2531569554692,4233245.5,-9999,182884.2,15.03,-1,0.6298948988626863,0.3101791499110337,0.5387936087087051,0.40162493343010225,39,0.7333333333333333,0.18333333333333332,S1 O11,de-protonated,0,-9999,C60 H44 O11 S1,60,44,11,-9999,-9999,1,-9999,N/A,-9999,-9999,N/A,-9999
3605,971.253378,971.2537687428782,971.254159277069,4233245.5,-9999,182884.2,15.03,-1,-0.40209268306537094,0.48554488877568824,0.6490192219379252,0.5509346220405831,25,1.06,0.28,S2 P1 O14,de-protonated,0,-9999,C50 H53 O14 P1 S2,50,53,14,-9999,1,2,-9999,N/A,-9999,-9999,N/A,-9999
3605,971.253378,971.2537687428782,971.2532898971988,4233245.5,-9999,182884.2,15.03,-1,0.49301833438795273,0.4784271230776726,0.6536072938689252,0.5484991913941737,26,1,0.3877551020408163,P1 O19,de-protonated,0,-9999,C49 H49 O19 P1,49,49,19,-9999,1,-9999,-9999,N/A,-9999,-9999,N/A,-9999
3605,971.253378,971.2537687428782,971.2530185710392,4233245.5,-9999,182884.2,15.03,-1,0.7723752973887902,0.44870354650112865,0.7033271719038788,0.5505529966622287,12,1.435897435897436,0.6153846153846154,S2 O24,de-protonated,0,-9999,C39 H56 O24 S2,39,56,24,-9999,-9999,2,-9999,N/A,-9999,-9999,N/A,-9999
3605,971.253378,971.2537687428782,971.2546273077188,4233245.5,-9999,182884.2,15.03,-1,-0.8839750325295838,0.4339034063413856,0.649019221937925,0.5199497325800014,31,0.9,0.3,N4 P1 O15,de-protonated,0,-9999,C50 H45 O15 N4 P1,50,45,15,4,1,-9999,-9999,N/A,-9999,-9999,N/A,-9999
3605,971.253378,971.2537687428782,971.254355981559,4233245.5,-9999,182884.2,15.03,-1,-0.6046188387562632,0.4679104828749531,0.6980173569463055,0.559953232503494,17,1.3,0.5,N4 S2 O20,de-protonated,0,-9999,C40 H52 O20 N4 S2,40,52,20,4,-9999,2,-9999,N/A,-9999,-9999,N/A,-9999
3605,971.253378,971.2537687428782,971.253486601689,4233245.5,-9999,182884.2,15.03,-1,0.29049181601295077,0.49240249493284255,0.7033271719038788,0.5767723657212571,18,1.2307692307692308,0.6410256410256411,N4 O25,de-protonated,0,-9999,C39 H48 O25 N4,39,48,25,4,-9999,-9999,-9999,N/A,-9999,-9999,N/A,-9999
3606,971.264604,971.2649947517772,971.264903409009,38824984,-9999,133722.5,153.77,-1,0.09404516498690252,0.24965253238895196,0.8359854453968557,0.4841856975921135,21,1.1304347826086956,0.4565217391304347,S1 O21,de-protonated,0,-9999,C46 H52 O21 S1,46,52,21,-9999,-9999,1,-9999,N/A,-9999,-9999,N/A,-9999
3606,971.264604,971.2649947517772,971.265905730609,38824984,-9999,133722.5,153.77,-1,-0.9379293832557488,0.38423044297360215,0.8915251389486932,0.5871483213636386,7,1.6944444444444444,0.6666666666666666,S2 P1 O24,de-protonated,0,-9999,C36 H61 O24 P1 S2,36,61,24,-9999,1,2,-9999,N/A,-9999,-9999,N/A,-9999
3606,971.264604,971.2649947517772,971.264390344759,38824984,-9999,133722.5,153.77,-1,0.6222888680501864,0.2667462087189166,0.777609040404016,0.4710913413929564,39,0.7457627118644068,0.1694915254237288,N2 S1 O10,de-protonated,0,-9999,C59 H44 O10 N2 S1,59,44,10,2,-9999,1,-9999,N/A,-9999,-9999,N/A,-9999
3606,971.264604,971.2649947517772,971.2653926663588,38824984,-9999,133722.5,153.77,-1,-0.40968677034315143,0.40473531746664065,0.8210795913383236,0.5712730270153139,25,1.0816326530612246,0.2653061224489796,N2 S2 P1 O13,de-protonated,0,-9999,C49 H53 O13 N2 P1 S2,49,53,13,2,1,2,-9999,N/A,-9999,-9999,N/A,-9999
3606,971.264604,971.2649947517772,971.264523286489,38824984,-9999,133722.5,153.77,-1,0.4854138875777184,0.3197685339683423,0.849139064000052,0.5315167459810262,26,1.0208333333333333,0.375,N2 P1 O18,de-protonated,0,-9999,C48 H49 O18 N2 P1,48,49,18,2,1,-9999,-9999,N/A,-9999,-9999,N/A,-9999
3606,971.264604,971.2649947517772,971.264251960329,38824984,-9999,133722.5,153.77,-1,0.764767617601425,0.25744927627484626,0.8367985313595916,0.4891889783087444,12,1.4736842105263157,0.6052631578947368,N2 S2 O23,de-protonated,0,-9999,C38 H56 O23 N2 S2,38,56,23,2,-9999,2,-9999,N/A,-9999,-9999,N/A,-9999
3607,971.768025,971.7684161508432,971.768427313139,16366411,-9999,134331.6,63.69,-1,-0.01148657999553445,0.49018869737007487,0.8378892248966848,0.6292689083807188,16,1.5522388059701493,0.02985074626865671,S1 O2,de-protonated,0,-9999,C67 H104 O2 S1,67,104,2,-9999,-9999,1,-9999,N/A,-9999,-9999,N/A,-9999
3607,971.768025,971.7684161508432,971.7685602548688,16366411,-9999,134331.6,63.69,-1,-0.1482904794429168,0.658702529649838,0.8991230006173663,0.7548707180368492,3,1.9464285714285712,0.17857142857142858,P1 O10,de-protonated,0,-9999,C56 H109 O10 P1,56,109,10,-9999,1,-9999,-9999,N/A,-9999,-9999,N/A,-9999
3607,971.768025,971.7684161508432,971.767775864459,16366411,-9999,134331.6,63.69,-1,0.6588882653563953,0.3525730787052223,0.5488951823557946,0.4311019201654512,7,1.8305084745762712,0.06779661016949153,N2 S2 O4,de-protonated,0,-9999,C59 H108 O4 N2 S2,59,108,4,2,-9999,2,-9999,N/A,-9999,-9999,N/A,-9999
3608,972.267945,972.2683365471344,972.268258244079,14420608,-9999,140980.9,55.89,-1,0.08053647190184578,0.24970594843007424,0.8359854453968557,0.4842177472167868,21,1.1555555555555554,0.4666666666666667,13C1 S1 O21,de-protonated,1,3606,C45 H52 O21 S1 13C1,45,52,21,-9999,-9999,1,1,N/A,-9999,-9999,N/A,-9999
3608,972.267945,972.2683365471344,972.269260565679,14420608,-9999,140980.9,55.89,-1,-0.9503730933832032,0.38371232510790904,0.8915251389486932,0.5868374506442228,7,1.7428571428571429,0.6857142857142857,13C1 S2 P1 O24,de-protonated,1,3606,C35 H61 O24 P1 S2 13C1,35,61,24,-9999,1,2,1,N/A,-9999,-9999,N/A,-9999
3608,972.267945,972.2683365471344,972.267745179829,14420608,-9999,140980.9,55.89,-1,0.6082350341775029,0.2671647194529204,0.777609040404016,0.47134244783335866,39,0.7586206896551724,0.1724137931034483,13C1 N2 S1 O10,de-protonated,1,3606,C58 H44 O10 N2 S1 13C1,58,44,10,2,-9999,1,1,N/A,-9999,-9999,N/A,-9999
3608,972.267945,972.2683365471344,972.268747501429,14420608,-9999,140980.9,55.89,-1,-0.42267561900924594,0.40446374447921174,0.8210795913383236,0.5711100832228565,25,1.1041666666666667,0.2708333333333333,13C1 N2 S2 P1 O13,de-protonated,1,3606,C48 H53 O13 N2 P1 S2 13C1,48,53,13,2,1,2,1,N/A,-9999,-9999,N/A,-9999
3608,972.267945,972.2683365471344,972.267878121559,14420608,-9999,140980.9,55.89,-1,0.471501307000437,0.3201547590650217,0.849139064000052,0.5317484810390338,26,1.0425531914893618,0.3829787234042553,13C1 N2 P1 O18,de-protonated,1,3606,C47 H49 O18 N2 P1 13C1,47,49,18,2,1,-9999,1,N/A,-9999,-9999,N/A,-9999
3608,972.267945,972.2683365471344,972.267606795399,14420608,-9999,140980.9,55.89,-1,0.7505667473715807,0.25795189467938096,0.8367985313595916,0.4894905493514652,12,1.5135135135135136,0.6216216216216216,13C1 N2 S2 O23,de-protonated,1,3606,C37 H56 O23 N2 S2 13C1,37,56,23,2,-9999,2,1,N/A,-9999,-9999,N/A,-9999
3608,972.267945,972.2683365471344,972.269155173209,14420608,-9999,140980.9,55.89,-1,-0.8419747457841024,0.2930989075324874,0.5492452930313529,0.39555746173203366,39,0.7586206896551724,0.1724137931034483,N3 P1 O10,de-protonated,0,-9999,C58 H44 O10 N3 P1,58,44,10,3,1,-9999,-9999,N/A,-9999,-9999,N/A,-9999
3608,972.267945,972.2683365471344,972.2688838470492,14420608,-9999,140980.9,55.89,-1,-0.56291003850378,0.23603159847011296,0.5745173482976659,0.37142589840113416,25,1.0625,0.3125,N3 S2 O15,de-protonated,0,-9999,C48 H51 O15 N3 S2,48,51,15,3,-9999,2,-9999,N/A,-9999,-9999,N/A,-9999
3608,972.267945,972.2683365471344,972.268014467179,14420608,-9999,140980.9,55.89,-1,0.3312666368338677,0.32676172963064526,0.6116976458364167,0.44073609611295383,26,1,0.425531914893617,N3 O20,de-protonated,0,-9999,C47 H47 O20 N3,47,47,20,3,-9999,-9999,-9999,N/A,-9999,-9999,N/A,-9999
3608,972.267945,972.2683365471344,972.2690167887788,14420608,-9999,140980.9,55.89,-1,-0.6996434452942591,0.3050036323527346,0.6765485089574068,0.4536215829946034,12,1.5135135135135136,0.6216216216216216,N3 S1 P1 O23,de-protonated,0,-9999,C37 H56 O23 N3 P1 S1,37,56,23,3,1,1,-9999,N/A,-9999,-9999,N/A,-9999
3609,972.771847,972.7722389465816,972.771782148209,8759732,-9999,141795.7,33.19,-1,0.46958431658270067,0.480389364904599,0.8378892248966848,0.6233893089014333,16,1.5757575757575757,0.0303030303030303,13C1 S1 O2,de-protonated,1,3607,C66 H104 O2 S1 13C1,66,104,2,-9999,-9999,1,1,N/A,-9999,-9999,N/A,-9999
3609,972.771847,972.7722389465816,972.771915089939,8759732,-9999,141795.7,33.19,-1,0.3329214562601548,0.6533931385622248,0.8991230006173663,0.7516850833842814,3,1.981818181818182,0.18181818181818185,13C1 P1 O10,de-protonated,1,3607,C55 H109 O10 P1 13C1,55,109,10,-9999,1,-9999,1,N/A,-9999,-9999,N/A,-9999
3609,972.771847,972.7722389465816,972.773192141589,8759732,-9999,141795.7,33.19,-1,-0.9798738443545448,0.2800377834655364,0.5089679850512161,0.3716098640998083,16,1.5757575757575757,0.0303030303030303,N1 P1 O2,de-protonated,0,-9999,C66 H104 O2 N1 P1,66,104,2,1,1,-9999,-9999,N/A,-9999,-9999,N/A,-9999
3609,972.771847,972.7722389465816,972.7729208154292,8759732,-9999,141795.7,33.19,-1,-0.7009537713888315,0.2286765618956476,0.5332443015078963,0.3505036577405471,2,1.9821428571428572,0.125,N1 S2 O7,de-protonated,0,-9999,C56 H111 O7 N1 S2,56,111,7,1,-9999,2,-9999,N/A,-9999,-9999,N/A,-9999
3609,972.771847,972.7722389465816,972.7720514355592,8759732,-9999,141795.7,33.19,-1,0.1927594672926156,0.33109357667701644,0.5654252658645154,0.424826252352016,3,1.9454545454545455,0.21818181818181817,N1 O12,de-protonated,0,-9999,C55 H107 O12 N1,55,107,12,1,-9999,-9999,-9999,N/A,-9999,-9999,N/A,-9999
3609,972.771847,972.7722389465816,972.771538371309,8759732,-9999,141795.7,33.19,-1,0.7201847966034397,0.30339382084678074,0.4995129960746475,0.3818414909379274,21,1.4558823529411764,0.01470588235294117,N3 O1,de-protonated,0,-9999,C68 H99 O1 N3,68,99,1,3,-9999,-9999,-9999,N/A,-9999,-9999,N/A,-9999
3609,972.771847,972.7722389465816,972.7725406929088,8759732,-9999,141795.7,33.19,-1,-0.3101920693548325,0.3275642298128112,0.5492452930313529,0.4162366551002279,7,1.862068965517241,0.06896551724137931,N3 S1 P1 O4,de-protonated,0,-9999,C58 H108 O4 N3 P1 S1,58,108,4,3,1,1,-9999,N/A,-9999,-9999,N/A,-9999
3610,973.261557,973.2619493347788,973.262795408729,8489199,-9999,136788,32.1,-1,-0.869317058050914,0.217965750246145,0.5854523694564462,0.36496039793026547,20,1.173913043478261,0.4130434782608696,S2 O19,de-protonated,0,-9999,C46 H54 O19 S2,46,54,19,-9999,-9999,2,-9999,N/A,-9999,-9999,N/A,-9999
3610,973.261557,973.2619493347788,973.2619260288592,8489199,-9999,136788,32.1,-1,0.02394619498643021,0.33329865302026057,0.6240179704823443,0.4495863800050941,21,1.1111111111111112,0.5333333333333333,O24,de-protonated,0,-9999,C45 H50 O24,45,50,24,-9999,-9999,-9999,-9999,N/A,-9999,-9999,N/A,-9999
3610,973.261557,973.2619493347788,973.261701560209,8489199,-9999,136788,32.1,-1,0.2545816501086142,0.40363663250662646,0.8915251389486932,0.5987920350834532,7,1.6944444444444444,0.6666666666666666,S1 34S1 P1 O24,de-protonated,1,3606,C36 H61 O24 P1 S1 34S1,36,61,24,-9999,1,1,-9999,N/A,-9999,-9999,N/A,1
3610,973.261557,973.2619493347788,973.262282344479,8489199,-9999,136788,32.1,-1,-0.3421582302099859,0.2447453570555262,0.5187357453823905,0.35434151238627193,38,0.7796610169491526,0.13559322033898305,N2 S2 O8,de-protonated,0,-9999,C59 H46 O8 N2 S2,59,46,8,2,-9999,2,-9999,N/A,-9999,-9999,N/A,-9999
3610,973.261557,973.2619493347788,973.261412964609,8489199,-9999,136788,32.1,-1,0.551105964728875,0.31546060135351084,0.5492452930313529,0.4089744780246477,39,0.7241379310344828,0.22413793103448276,N2 O13,de-protonated,0,-9999,C58 H42 O13 N2,58,42,13,2,-9999,-9999,-9999,N/A,-9999,-9999,N/A,-9999
3610,973.261557,973.2619493347788,973.2611884959588,8489199,-9999,136788,32.1,-1,0.7817416630146121,0.39402614697654975,0.8210795913383236,0.5648475247212593,25,1.0816326530612246,0.2653061224489796,N2 S1 34S1 P1 O13,de-protonated,1,3606,C49 H53 O13 N2 P1 S1 34S1,49,53,13,2,1,1,-9999,N/A,-9999,-9999,N/A,1
3610,973.261557,973.2619493347788,973.2624152862088,8489199,-9999,136788,32.1,-1,-0.4787521049504166,0.3197547520735061,0.6056537631733503,0.43411435651344377,25,1.0625,0.3333333333333333,N2 S1 P1 O16,de-protonated,0,-9999,C48 H51 O16 N2 P1 S1,48,51,16,2,1,1,-9999,N/A,-9999,-9999,N/A,-9999
3610,973.261557,973.2619493347788,973.261763837529,8489199,-9999,136788,32.1,-1,0.190593380785079,0.24835759986035727,0.6198257648552981,0.3969448658583335,16,1.375,0.45,N4 S2 P1 O18,de-protonated,0,-9999,C40 H55 O18 N4 P1 S2,40,55,18,4,1,2,-9999,N/A,-9999,-9999,N/A,-9999
3611,973.764138,973.7645307331792,973.763950331139,3943462,-9999,173888.3,13.87,-1,0.596039769203245,0.3125238892689128,0.5387936087087051,0.4030317770448298,6,1.85,0.05,S2 P1 O3,de-protonated,0,-9999,C60 H111 O3 P1 S2,60,111,3,-9999,1,2,-9999,N/A,-9999,-9999,N/A,-9999
3611,973.764138,973.7645307331792,973.765449932989,3943462,-9999,173888.3,13.87,-1,-0.9439642881801064,0.2835702158730727,0.5089679850512161,0.3737293235443301,16,1.5454545454545454,0.07575757575757576,O5,de-protonated,0,-9999,C66 H102 O5,66,102,5,-9999,-9999,-9999,-9999,N/A,-9999,-9999,N/A,-9999
3611,973.764138,973.7645307331792,973.763571694059,3943462,-9999,173888.3,13.87,-1,0.9848788227999048,0.33544627452048337,0.5488951823557946,0.4208258376546079,7,1.8305084745762712,0.06779661016949153,N2 S1 34S1 O4,de-protonated,1,3607,C59 H108 O4 N2 S1 34S1,59,108,4,2,-9999,1,-9999,N/A,-9999,-9999,N/A,1
3611,973.764138,973.7645307331792,973.764798484309,3943462,-9999,173888.3,13.87,-1,-0.2749648891304081,0.32879170578189054,0.5492452930313529,0.41697314068167546,7,1.827586206896552,0.1206896551724138,N2 S1 O7,de-protonated,0,-9999,C58 H106 O7 N2 S1,58,106,7,2,-9999,1,-9999,N/A,-9999,-9999,N/A,-9999
3611,973.764138,973.7645307331792,973.764418361789,3943462,-9999,173888.3,13.87,-1,0.11539894871332576,0.3325288599437481,0.5387936087087051,0.4150347594497309,12,1.7166666666666666,0.06666666666666667,N4 P1 O4,de-protonated,0,-9999,C60 H103 O4 N4 P1,60,103,4,4,1,-9999,-9999,N/A,-9999,-9999,N/A,-9999
3612,973.784323,973.78471574918,973.784077377599,20240414,-9999,107169.5,79.24,-1,0.655557628937182,0.5378032166503625,0.7917614774916056,0.6393865209868597,15,1.582089552238806,0.02985074626865671,S1 O2,de-protonated,0,-9999,C67 H106 O2 S1,67,106,2,-9999,-9999,1,-9999,N/A,-9999,-9999,N/A,-9999
3612,973.784323,973.78471574918,973.785079699199,20240414,-9999,107169.5,79.24,-1,-0.37374778751244714,0.49289224059898445,0.8404567162435954,0.6319180308568288,1,2.017543859649123,0.08771929824561403,S2 P1 O5,de-protonated,0,-9999,C57 H115 O5 P1 S2,57,115,5,-9999,1,2,-9999,N/A,-9999,-9999,N/A,-9999
3612,973.784323,973.78471574918,973.784210319329,20240414,-9999,107169.5,79.24,-1,0.5190368108006355,0.615398509677669,0.8952391749765043,0.7273347757972031,2,1.9821428571428572,0.17857142857142858,P1 O10,de-protonated,0,-9999,C56 H111 O10 P1,56,111,10,-9999,1,-9999,-9999,N/A,-9999,-9999,N/A,-9999
3612,973.784323,973.78471574918,973.7855477298492,20240414,-9999,107169.5,79.24,-1,-0.8543777129819592,0.45389531638510777,0.8784271149878599,0.6237080358262086,7,1.8771929824561404,0.10526315789473684,N4 P1 O6,de-protonated,0,-9999,C57 H107 O6 N4 P1,57,107,6,4,1,-9999,-9999,N/A,-9999,-9999,N/A,-9999
3613,973.794543,973.7949357572816,973.795310766889,4065305.8,-9999,372680.5,14.36,-1,-0.3851010611545767,0.32448315920488874,0.5089679850512161,0.39827708954341967,15,1.606060606060606,0.01515151515151515,N2 S1 O1,de-protonated,0,-9999,C66 H106 O1 N2 S1,66,106,1,2,-9999,1,-9999,N/A,-9999,-9999,N/A,-9999
3613,973.794543,973.7949357572816,973.795443708619,4065305.8,-9999,372680.5,14.36,-1,-0.5216201624780216,0.47591447415688193,0.6270122956014688,0.5363536027347167,2,2.018181818181818,0.16363636363636364,N2 P1 O9,de-protonated,0,-9999,C55 H111 O9 N2 P1,55,111,9,2,1,-9999,-9999,N/A,-9999,-9999,N/A,-9999
3613,973.794543,973.7949357572816,973.794659318209,4065305.8,-9999,372680.5,14.36,-1,0.2838781972946008,0.328494671046808,0.5492452930313529,0.416794919840626,6,1.896551724137931,0.05172413793103448,N4 S2 O3,de-protonated,0,-9999,C58 H110 O3 N4 S2,58,110,3,4,-9999,2,-9999,N/A,-9999,-9999,N/A,-9999
3614,974.787938,974.7883315447542,974.787432212669,10208911,-9999,90511.5,39,-1,0.9225930243348412,0.5241844824700136,0.7917614774916056,0.6312152804786504,15,1.606060606060606,0.0303030303030303,13C1 S1 O2,de-protonated,1,3612,C66 H106 O2 S1 13C1,66,106,2,-9999,-9999,1,1,N/A,-9999,-9999,N/A,-9999
3614,974.787938,974.7883315447542,974.788434534269,10208911,-9999,90511.5,39,-1,-0.10565319724292116,0.496726272642462,0.8404567162435954,0.6342184500829153,1,2.0535714285714284,0.08928571428571429,13C1 S2 P1 O5,de-protonated,1,3612,C56 H115 O5 P1 S2 13C1,56,115,5,-9999,1,2,1,N/A,-9999,-9999,N/A,-9999
3614,974.787938,974.7883315447542,974.787565154399,10208911,-9999,90511.5,39,-1,0.7862126914975669,0.5959347746091331,0.8952391749765043,0.7156565347560816,2,2.018181818181818,0.18181818181818185,13C1 P1 O10,de-protonated,1,3612,C55 H111 O10 P1 13C1,55,111,10,-9999,1,-9999,1,N/A,-9999,-9999,N/A,-9999
3614,974.787938,974.7883315447542,974.788842206049,10208911,-9999,90511.5,39,-1,-0.5238686294925816,0.3171410139333195,0.5089679850512161,0.39387180238047814,15,1.606060606060606,0.0303030303030303,N1 P1 O2,de-protonated,0,-9999,C66 H106 O2 N1 P1,66,106,2,1,1,-9999,-9999,N/A,-9999,-9999,N/A,-9999
3614,974.787938,974.7883315447542,974.7885708798892,10208911,-9999,90511.5,39,-1,-0.2455251754509097,0.24728035097054968,0.5332443015078963,0.3616659311854883,1,2.017857142857143,0.125,N1 S2 O7,de-protonated,0,-9999,C56 H113 O7 N1 S2,56,113,7,1,-9999,2,-9999,N/A,-9999,-9999,N/A,-9999
3614,974.787938,974.7883315447542,974.787701500019,10208911,-9999,90511.5,39,-1,0.6463404639119933,0.3090001349935266,0.5654252658645154,0.4115701873419221,2,1.981818181818182,0.21818181818181817,N1 O12,de-protonated,0,-9999,C55 H109 O12 N1,55,109,12,1,-9999,-9999,-9999,N/A,-9999,-9999,N/A,-9999
3614,974.787938,974.7883315447542,974.788190757369,10208911,-9999,90511.5,39,-1,0.14442869392908889,0.3320740660855594,0.5492452930313529,0.4189425568638768,6,1.896551724137931,0.06896551724137931,N3 S1 P1 O4,de-protonated,0,-9999,C58 H110 O4 N3 P1 S1,58,110,4,3,1,1,-9999,N/A,-9999,-9999,N/A,-9999
3614,974.787938,974.7883315447542,974.7889025649192,10208911,-9999,90511.5,39,-1,-0.5857885367750624,0.4698174930072898,0.8784271149878599,0.6332613417995179,7,1.9107142857142856,0.10714285714285714,13C1 N4 P1 O6,de-protonated,1,3612,C56 H107 O6 N4 P1 13C1,56,107,6,4,1,-9999,1,N/A,-9999,-9999,N/A,-9999
3615,975.780194,975.780588331324,975.7798732071992,4565255.5,-9999,206752.7,16.37,-1,0.7328744367907905,0.5342346494399166,0.7917614774916056,0.6372453806605922,15,1.582089552238806,0.02985074626865671,34S1 O2,de-protonated,1,3612,C67 H106 O2 34S1,67,106,2,-9999,-9999,-9999,-9999,N/A,-9999,-9999,N/A,1
3615,975.780194,975.780588331324,975.781099997449,4565255.5,-9999,206752.7,16.37,-1,-0.5243656849973253,0.3171110327361945,0.5089679850512161,0.3938538136622032,15,1.5757575757575757,0.07575757575757576,O5,de-protonated,0,-9999,C66 H104 O5,66,104,5,-9999,-9999,-9999,-9999,N/A,-9999,-9999,N/A,-9999
3615,975.780194,975.780588331324,975.7808755287988,4565255.5,-9999,206752.7,16.37,-1,-0.2943257876772865,0.4944642397558765,0.8404567162435954,0.6328612303509641,1,2.017543859649123,0.08771929824561403,S1 34S1 P1 O5,de-protonated,1,3612,C57 H115 O5 P1 S1 34S1,57,115,5,-9999,1,1,-9999,N/A,-9999,-9999,N/A,1
3615,975.780194,975.780588331324,975.780448548769,4565255.5,-9999,206752.7,16.37,-1,0.14325205568528812,0.33209446259670505,0.5492452930313529,0.4189547947705642,6,1.862068965517241,0.1206896551724138,N2 S1 O7,de-protonated,0,-9999,C58 H108 O7 N2 S1,58,108,7,2,-9999,1,-9999,N/A,-9999,-9999,N/A,-9999
3615,975.780194,975.780588331324,975.780068426249,4565255.5,-9999,206752.7,16.37,-1,0.5328096892824142,0.31659780633909806,0.5387936087087051,0.4054761272869409,11,1.75,0.06666666666666667,N4 P1 O4,de-protonated,0,-9999,C60 H105 O4 N4 P1,60,105,4,4,1,-9999,-9999,N/A,-9999,-9999,N/A,-9999
3616,975.784333,975.784727334605,975.7844713007688,4939014,-9999,133827.1,17.87,-1,0.26238769278584056,0.3291951506331532,0.5236005676629861,0.40695731744508634,10,1.7142857142857142,0.07936507936507936,S1 O5,de-protonated,0,-9999,C63 H108 O5 S1,63,108,5,-9999,-9999,1,-9999,N/A,-9999,-9999,N/A,-9999
3616,975.784333,975.784727334605,975.784091178249,4939014,-9999,133827.1,17.87,-1,0.651943766808851,0.308592529732895,0.5137846641763661,0.39066938351028346,15,1.6153846153846154,0.03076923076923077,N2 P1 O2,de-protonated,0,-9999,C65 H105 O2 N2 P1,65,105,2,2,1,-9999,-9999,N/A,-9999,-9999,N/A,-9999
3616,975.784333,975.784727334605,975.7838198520892,4939014,-9999,133827.1,17.87,-1,0.9300036518854902,0.28491952985935337,0.5654252658645152,0.3971218242614181,1,2.036363636363636,0.12727272727272726,N2 S2 O7,de-protonated,0,-9999,C55 H112 O7 N2 S2,55,112,7,2,-9999,2,-9999,N/A,-9999,-9999,N/A,-9999
3617,978.27267,978.273066307131,978.273575304309,12341568,-9999,155488.4,47.56,-1,-0.5203014687097476,0.7081428806817983,0.8501252062753553,0.764935810919221,32,0.9074074074074074,0.2037037037037037,N3 S2 O11,de-protonated,0,-9999,C54 H49 O11 N3 S2,54,49,11,3,-9999,2,-9999,N/A,-9999,-9999,N/A,-9999
3617,978.27267,978.273066307131,978.272705924439,12341568,-9999,155488.4,47.56,-1,0.36838673896257634,0.6577918141366278,0.9070598273920272,0.7574990194387876,33,0.8490566037735849,0.3018867924528302,N3 O16,de-protonated,0,-9999,C53 H45 O16 N3,53,45,16,3,-9999,-9999,-9999,N/A,-9999,-9999,N/A,-9999
3617,978.27267,978.273066307131,978.2737082460388,12341568,-9999,155488.4,47.56,-1,-0.6561956050094642,0.595029040581626,0.9300834434597094,0.7290508017328594,19,1.255813953488372,0.4418604651162791,N3 S1 P1 O19,de-protonated,0,-9999,C43 H54 O19 N3 P1 S1,43,54,19,3,1,1,-9999,N/A,-9999,-9999,N/A,-9999
3618,978.276411,978.2768073100966,978.2775980563092,10468670,-9999,150931.9,40.05,-1,-0.8083045283452688,0.22205171201821863,0.5187357453823905,0.3407253253638874,36,0.8305084745762712,0.15254237288135594,N1 S2 O9,de-protonated,0,-9999,C59 H49 O9 N1 S2,59,49,9,1,-9999,2,-9999,N/A,-9999,-9999,N/A,-9999
3618,978.276411,978.2768073100966,978.276728676439,10468670,-9999,150931.9,40.05,-1,0.08037976914241263,0.33294278792088167,0.5492452930313529,0.41946378996507017,37,0.7758620689655172,0.2413793103448276,N1 O14,de-protonated,0,-9999,C58 H45 O14 N1,58,45,14,1,-9999,-9999,-9999,N/A,-9999,-9999,N/A,-9999
3618,978.276411,978.2768073100966,978.2777309980388,10468670,-9999,150931.9,40.05,-1,-0.9441980667002352,0.2835475046255858,0.6056537631733503,0.4123900080446916,23,1.125,0.3541666666666667,N1 S1 P1 O17,de-protonated,0,-9999,C48 H54 O17 N1 P1 S1,48,54,17,1,1,1,-9999,N/A,-9999,-9999,N/A,-9999
3618,978.276411,978.2768073100966,978.276077227759,10468670,-9999,150931.9,40.05,-1,0.7462947880081515,0.6108082657122904,0.914909097232084,0.7324485983202079,28,0.98,0.32,N3 S1 O16,de-protonated,0,-9999,C50 H49 O16 N3 S1,50,49,16,3,-9999,1,-9999,N/A,-9999,-9999,N/A,-9999
3618,978.276411,978.2768073100966,978.277079549359,10468670,-9999,150931.9,40.05,-1,-0.2782844125138908,0.24651161938143623,0.6198257648552981,0.39583727757098097,14,1.45,0.475,N3 S2 P1 O19,de-protonated,0,-9999,C40 H58 O19 N3 P1 S2,40,58,19,3,1,2,-9999,N/A,-9999,-9999,N/A,-9999
3618,978.276411,978.2768073100966,978.276210169489,10468670,-9999,150931.9,40.05,-1,0.6104008269001175,0.6104618361862064,0.9123049137940884,0.7311990672293591,15,1.3846153846153846,0.6153846153846154,N3 P1 O24,de-protonated,0,-9999,C39 H54 O24 N3 P1,39,54,24,3,1,-9999,-9999,N/A,-9999,-9999,N/A,-9999
3619,978.773906,978.7743027044652,978.774240969369,12370047,-9999,117278.7,47.68,-1,0.06307388734410481,0.3330928001332647,0.5137846641763661,0.4053695457505053,14,1.6153846153846154,0.04615384615384615,N1 S1 O3,de-protonated,0,-9999,C65 H105 O3 N1 S1,65,105,3,1,-9999,1,-9999,N/A,-9999,-9999,N/A,-9999
3619,978.773906,978.7743027044652,978.7752432909692,12370047,-9999,117278.7,47.68,-1,-0.9609831372187572,0.45974840690404234,0.5863540971022025,0.5103906829833065,0,2.0727272727272728,0.10909090909090909,N1 S2 P1 O6,de-protonated,0,-9999,C55 H114 O6 N1 P1 S2,55,114,6,1,1,2,-9999,N/A,-9999,-9999,N/A,-9999
3619,978.773906,978.7743027044652,978.7743739110988,12370047,-9999,117278.7,47.68,-1,-0.07275081532379225,0.3330133703167872,0.5709562512810148,0.42819052270247826,1,2.037037037037037,0.2037037037037037,N1 P1 O11,de-protonated,0,-9999,C54 H110 O11 N1 P1,54,110,11,1,1,-9999,-9999,N/A,-9999,-9999,N/A,-9999
3619,978.773906,978.7743027044652,978.773589520689,12370047,-9999,117278.7,47.68,-1,0.7286504088299999,0.22703952232664784,0.528351426895623,0.3475642841542379,5,1.912280701754386,0.08771929824561403,N3 S2 O5,de-protonated,0,-9999,C57 H109 O5 N3 S2,57,109,5,3,-9999,2,-9999,N/A,-9999,-9999,N/A,-9999
3620,979.270424,979.2708210980592,979.2711294954688,10440641,-9999,186670.7,39.94,-1,-0.31492545869163685,0.6574497685951842,0.8275522082716938,0.7254907444657881,36,0.8305084745762712,0.1694915254237288,S1 P1 O10,de-protonated,0,-9999,C59 H49 O10 P1 S1,59,49,10,-9999,1,1,-9999,N/A,-9999,-9999,N/A,-9999
3620,979.270424,979.2708210980592,979.2699887894388,10440641,-9999,186670.7,39.94,-1,0.8499276296656683,0.29238418427243573,0.6056537631733503,0.4176920158328016,23,1.0833333333333333,0.4166666666666667,S1 O20,de-protonated,0,-9999,C48 H52 O20 S1,48,52,20,-9999,-9999,1,-9999,N/A,-9999,-9999,N/A,-9999
3620,979.270424,979.2708210980592,979.270991111039,10440641,-9999,186670.7,39.94,-1,-0.17361177989414214,0.49236025577186465,0.8915030595839134,0.6520173772966842,9,1.605263157894737,0.6052631578947368,S2 P1 O23,de-protonated,0,-9999,C38 H61 O23 P1 S2,38,61,23,-9999,1,2,-9999,N/A,-9999,-9999,N/A,-9999
3620,979.270424,979.2708210980592,979.270478046789,10440641,-9999,186670.7,39.94,-1,0.3503130932635081,0.460484472537529,0.8421516205225341,0.6131513317315311,27,1.03921568627451,0.2352941176470588,N2 S2 P1 O12,de-protonated,0,-9999,C51 H53 O12 N2 P1 S2,51,53,12,2,1,2,-9999,N/A,-9999,-9999,N/A,-9999
3620,979.270424,979.2708210980592,979.2713261999588,10440641,-9999,186670.7,39.94,-1,-0.5157936172891834,0.6508939420802337,0.883251722423791,0.7438370542176567,28,0.979591836734694,0.32653061224489793,N4 S1 O16,de-protonated,0,-9999,C49 H48 O16 N4 S1,49,48,16,4,-9999,1,-9999,N/A,-9999,-9999,N/A,-9999
3620,979.270424,979.2708210980592,979.271459141689,10440641,-9999,186670.7,39.94,-1,-0.651549295893349,0.641312155363713,0.9449269894452916,0.7627580889963446,15,1.394736842105263,0.631578947368421,N4 P1 O24,de-protonated,0,-9999,C38 H53 O24 N4 P1,38,53,24,4,1,-9999,-9999,N/A,-9999,-9999,N/A,-9999
3621,979.275774,979.2761711023002,979.2768697805092,7124927,-9999,219901,26.64,-1,-0.7134634039178088,0.3039247568193722,0.5236005676629862,0.3917950811568178,40,0.7619047619047619,0.1111111111111111,S2 O7,de-protonated,0,-9999,C63 H48 O7 S2,63,48,7,-9999,-9999,2,-9999,N/A,-9999,-9999,N/A,-9999
3621,979.275774,979.2761711023002,979.2770027222388,7124927,-9999,219901,26.64,-1,-0.8492182869570075,0.2924481344832358,0.582230333917866,0.40836101425708793,27,1.0192307692307692,0.28846153846153844,S1 P1 O15,de-protonated,0,-9999,C52 H53 O15 P1 S1,52,53,15,-9999,1,1,-9999,N/A,-9999,-9999,N/A,-9999
3621,979.275774,979.2761711023002,979.275862016209,7124927,-9999,219901,26.64,-1,0.31562719268515577,0.4910431889237864,0.6927871148459346,0.5717407592926457,14,1.3658536585365857,0.6097560975609756,S1 O25,de-protonated,0,-9999,C41 H56 O25 S1,41,56,25,-9999,-9999,1,-9999,N/A,-9999,-9999,N/A,-9999
3621,979.275774,979.2761711023002,979.275348951959,7124927,-9999,219901,26.64,-1,0.8395497160532027,0.29331585219141654,0.5709562512810147,0.4043720118272558,32,0.8888888888888888,0.25925925925925924,N2 S1 O14,de-protonated,0,-9999,C54 H48 O14 N2 S1,54,48,14,2,-9999,1,-9999,N/A,-9999,-9999,N/A,-9999
3621,979.275774,979.2761711023002,979.276351273559,7124927,-9999,219901,26.64,-1,-0.18398408032778676,0.33129225338369084,0.6302964184076338,0.45089391939326806,18,1.2954545454545454,0.3863636363636363,N2 S2 P1 O17,de-protonated,0,-9999,C44 H57 O17 N2 P1 S2,44,57,17,2,1,2,-9999,N/A,-9999,-9999,N/A,-9999
3621,979.275774,979.2761711023002,979.275481893689,7124927,-9999,219901,26.64,-1,0.7037944112390827,0.3046813981159093,0.6366550704180973,0.4374708670367845,19,1.2325581395348837,0.5116279069767442,N2 P1 O22,de-protonated,0,-9999,C43 H53 O22 N2 P1,43,53,22,2,1,-9999,-9999,N/A,-9999,-9999,N/A,-9999
3621,979.275774,979.2761711023002,979.276930139379,7124927,-9999,219901,26.64,-1,-0.7750995203744755,0.6943065381350084,0.8501252062753553,0.7566340053911471,32,0.9245283018867924,0.20754716981132076,13C1 N3 S2 O11,de-protonated,1,3617,C53 H49 O11 N3 S2 13C1,53,49,11,3,-9999,2,1,N/A,-9999,-9999,N/A,-9999
3621,979.275774,979.2761711023002,979.276060759509,7124927,-9999,219901,26.64,-1,0.11267792151680492,0.6651326147016247,0.9070598273920272,0.7619034997777856,33,0.8653846153846154,0.3076923076923077,13C1 N3 O16,de-protonated,1,3617,C52 H45 O16 N3 13C1,52,45,16,3,-9999,-9999,1,N/A,-9999,-9999,N/A,-9999
3621,979.275774,979.2761711023002,979.2770630811088,7124927,-9999,219901,26.64,-1,-0.9108543866788564,0.5734955811748722,0.9300834434597094,0.716130726088807,19,1.2857142857142858,0.4523809523809524,13C1 N3 S1 P1 O19,de-protonated,1,3617,C42 H54 O19 N3 P1 S1 13C1,42,54,19,3,1,1,1,N/A,-9999,-9999,N/A,-9999
3621,979.275774,979.2761711023002,979.275838209309,7124927,-9999,219901,26.64,-1,0.3399379196413142,0.32641682902340874,0.5545707124136273,0.41767838237949617,36,0.8596491228070176,0.10526315789473684,N4 S2 P1 O6,de-protonated,0,-9999,C57 H49 O6 N4 P1 S2,57,49,6,4,1,2,-9999,N/A,-9999,-9999,N/A,-9999
3622,979.278409,979.278806104389,979.279371703959,6077886,-9999,146366.8,22.44,-1,-0.5775671236811675,0.31375569799786734,0.5439865594010858,0.40584804255915474,36,0.8135593220338984,0.2033898305084746,S1 O12,de-protonated,0,-9999,C59 H48 O12 S1,59,48,12,-9999,-9999,1,-9999,N/A,-9999,-9999,N/A,-9999
3622,979.278409,979.278806104389,979.2795046456888,6077886,-9999,146366.8,22.44,-1,-0.7133216784500914,0.3039359083461708,0.6056537631733503,0.4246230502770426,23,1.1041666666666667,0.4166666666666667,P1 O20,de-protonated,0,-9999,C48 H53 O20 P1,48,53,20,-9999,1,-9999,-9999,N/A,-9999,-9999,N/A,-9999
3622,979.278409,979.278806104389,979.279233319529,6077886,-9999,146366.8,22.44,-1,-0.43625467126384354,0.48302824116522913,0.7087183895694522,0.5733043005269184,9,1.5789473684210529,0.6578947368421053,S2 O25,de-protonated,0,-9999,C38 H60 O25 S2,38,60,25,-9999,-9999,2,-9999,N/A,-9999,-9999,N/A,-9999
3622,979.278409,979.278806104389,979.278720255279,6077886,-9999,146366.8,22.44,-1,0.08766565450161848,0.332868830080115,0.587975334478484,0.4349114318394626,27,1.0196078431372548,0.27450980392156865,N2 S2 O14,de-protonated,0,-9999,C51 H52 O14 N2 S2,51,52,14,2,-9999,2,-9999,N/A,-9999,-9999,N/A,-9999
3622,979.278409,979.278806104389,979.277850875409,6077886,-9999,146366.8,22.44,-1,0.975442239598118,0.28047842954939645,0.5937935904294966,0.4058044939014365,28,0.96,0.38,N2 O19,de-protonated,0,-9999,C50 H48 O19 N2,50,48,19,2,-9999,-9999,-9999,N/A,-9999,-9999,N/A,-9999
3622,979.278409,979.278806104389,979.278853197009,6077886,-9999,146366.8,22.44,-1,-0.04808908088421679,0.4997902385523576,0.6980173569463055,0.5790810859099367,14,1.425,0.55,N2 S1 P1 O22,de-protonated,0,-9999,C40 H57 O22 N2 P1 S1,40,57,22,2,1,1,-9999,N/A,-9999,-9999,N/A,-9999
3622,979.278409,979.278806104389,979.279432062829,6077886,-9999,146366.8,22.44,-1,-0.6392030910421885,0.6190300139278061,0.914909097232084,0.7373816472495174,28,1,0.32653061224489793,13C1 N3 S1 O16,de-protonated,1,3618,C49 H49 O16 N3 S1 13C1,49,49,16,3,-9999,1,1,N/A,-9999,-9999,N/A,-9999
3622,979.278409,979.278806104389,979.279565004559,6077886,-9999,146366.8,22.44,-1,-0.77495762919247,0.5978377941584542,0.9123049137940884,0.7236246420127078,15,1.4210526315789471,0.631578947368421,13C1 N3 P1 O24,de-protonated,1,3618,C38 H54 O24 N3 P1 13C1,38,54,24,3,1,-9999,1,N/A,-9999,-9999,N/A,-9999
3622,979.278409,979.278806104389,979.2783401327588,6077886,-9999,146366.8,22.44,-1,0.4758316517333858,0.3199165395783319,0.5765576248001296,0.422572973667051,32,0.9245283018867924,0.20754716981132076,N4 S1 P1 O11,de-protonated,0,-9999,C53 H49 O11 N4 P1 S1,53,49,11,4,1,1,-9999,N/A,-9999,-9999,N/A,-9999
3622,979.278409,979.278806104389,979.278201748329,6077886,-9999,146366.8,22.44,-1,0.6171444017516956,0.46661301059777033,0.7428850341668535,0.5771218200254036,5,1.90625,0.75,N4 S2 P1 O24,de-protonated,0,-9999,C32 H61 O24 N4 P1 S2,32,61,24,4,1,2,-9999,N/A,-9999,-9999,N/A,-9999
3623,979.771874,979.7722714955628,979.772861244889,9576194,-9999,152230.2,36.47,-1,-0.6019245372161786,0.23409328108373237,0.5093423860588465,0.344192923073778,9,1.7704918032786885,0.04918032786885246,N2 S2 O3,de-protonated,0,-9999,C61 H108 O3 N2 S2,61,108,3,2,-9999,2,-9999,N/A,-9999,-9999,N/A,-9999
3623,979.771874,979.7722714955628,979.771991865019,9576194,-9999,152230.2,36.47,-1,0.28540369210624517,0.3284429120270594,0.5387936087087051,0.41258319069971766,10,1.7333333333333334,0.13333333333333333,N2 O8,de-protonated,0,-9999,C60 H104 O8 N2,60,104,8,2,-9999,-9999,-9999,N/A,-9999,-9999,N/A,-9999
3623,979.771874,979.7722714955628,979.771340416339,9576194,-9999,152230.2,36.47,-1,0.950302571174054,0.2829531177153221,0.582230333917866,0.40266400419633974,1,2.076923076923077,0.19230769230769232,N4 S1 O10,de-protonated,0,-9999,C52 H108 O10 N4 S1,52,108,10,4,-9999,1,-9999,N/A,-9999,-9999,N/A,-9999
3624,980.268679,980.2690768893846,980.2697497709888,4820549,-9999,248649.6,17.4,-1,-0.686424940207006,0.30601929138956707,0.5654252658645152,0.4097816811795464,31,0.9454545454545454,0.18181818181818185,N1 S2 P1 O10,de-protonated,0,-9999,C55 H52 O10 N1 P1 S2,55,52,10,1,1,2,-9999,N/A,-9999,-9999,N/A,-9999
3624,980.268679,980.2690768893846,980.268880391119,4820549,-9999,248649.6,17.4,-1,0.20045343633746543,0.33091187305597,0.5709562512810148,0.4269296243459879,32,0.8888888888888888,0.2777777777777778,N1 P1 O15,de-protonated,0,-9999,C54 H48 O15 N1 P1,54,48,15,1,1,-9999,-9999,N/A,-9999,-9999,N/A,-9999
3624,980.268679,980.2690768893846,980.268609064959,4820549,-9999,248649.6,17.4,-1,0.4772410553609756,0.4797578620475119,0.6775563317580969,0.5588772499317459,18,1.25,0.4545454545454546,N1 S2 O20,de-protonated,0,-9999,C44 H55 O20 N1 S2,44,55,20,1,-9999,2,-9999,N/A,-9999,-9999,N/A,-9999
3624,980.268679,980.2690768893846,980.269371133909,4820549,-9999,248649.6,17.4,-1,-0.30016700824923487,0.7160723979441848,0.8501252062753553,0.7696935212766529,32,0.9074074074074074,0.2037037037037037,N3 S1 34S1 O11,de-protonated,1,3617,C54 H49 O11 N3 S1 34S1,54,49,11,3,-9999,1,-9999,N/A,-9999,-9999,N/A,1
3624,980.268679,980.2690768893846,980.2682289424388,4820549,-9999,248649.6,17.4,-1,0.8650152281112036,0.4365220436259207,0.6677691528855879,0.5290208873297876,23,1.1304347826086956,0.3695652173913043,N3 S1 P1 O17,de-protonated,0,-9999,C46 H52 O17 N3 P1 S1,46,52,17,3,1,1,-9999,N/A,-9999,-9999,N/A,-9999
3625,980.274315,980.2747128938522,980.2744843305388,4132419.3,-9999,164126.2,14.64,-1,0.2331625651029492,0.6601227170368459,0.8275522082716938,0.7270945135307851,36,0.8448275862068966,0.1724137931034483,13C1 S1 P1 O10,de-protonated,1,3620,C58 H49 O10 P1 S1 13C1,58,49,10,-9999,1,1,1,N/A,-9999,-9999,N/A,-9999
3625,980.274315,980.2747128938522,980.2743459461092,4132419.3,-9999,164126.2,14.64,-1,0.37433168037430425,0.4874475744931894,0.8915030595839134,0.6490697685294791,9,1.648648648648649,0.6216216216216216,13C1 S2 P1 O23,de-protonated,1,3620,C37 H61 O23 P1 S2 13C1,37,61,23,-9999,1,2,1,N/A,-9999,-9999,N/A,-9999
3625,980.274315,980.2747128938522,980.274620676159,4132419.3,-9999,164126.2,14.64,-1,0.09407332526134228,0.33279850190482035,0.5492452930313529,0.4193772183554334,36,0.8103448275862069,0.20689655172413793,N1 S1 O12,de-protonated,0,-9999,C58 H47 O12 N1 S1,58,47,12,1,-9999,1,-9999,N/A,-9999,-9999,N/A,-9999
3625,980.274315,980.2747128938522,980.275622997759,4132419.3,-9999,164126.2,14.64,-1,-0.9284163407092172,0.4276081124192498,0.6582606959877568,0.5198691458466526,22,1.1666666666666667,0.3125,N1 S2 P1 O15,de-protonated,0,-9999,C48 H56 O15 N1 P1 S2,48,56,15,1,1,2,-9999,N/A,-9999,-9999,N/A,-9999
3625,980.274315,980.2747128938522,980.2747536178888,4132419.3,-9999,164126.2,14.64,-1,-0.04154349231546914,0.499843446840021,0.6629808336683964,0.5650984015713711,23,1.1063829787234043,0.425531914893617,N1 P1 O20,de-protonated,0,-9999,C47 H52 O20 N1 P1,47,52,20,1,1,-9999,-9999,N/A,-9999,-9999,N/A,-9999
3625,980.274315,980.2747128938522,980.274482291729,4132419.3,-9999,164126.2,14.64,-1,0.23524240137847105,0.4950045289176927,0.7141928963326544,0.5826798758836773,9,1.5945945945945943,0.6756756756756757,N1 S2 O25,de-protonated,0,-9999,C37 H59 O25 N1 S2,37,59,25,1,-9999,2,-9999,N/A,-9999,-9999,N/A,-9999
3625,980.274315,980.2747128938522,980.273832881859,4132419.3,-9999,164126.2,14.64,-1,0.8977205793920031,0.4319795270016029,0.8421516205225341,0.5960483644099754,27,1.06,0.24,13C1 N2 S2 P1 O12,de-protonated,1,3620,C50 H53 O12 N2 P1 S2 13C1,50,53,12,2,1,2,1,N/A,-9999,-9999,N/A,-9999
3625,980.274315,980.2747128938522,980.275109933509,4132419.3,-9999,164126.2,14.64,-1,-0.4050288054941555,0.32355743340251936,0.53366554753236,0.4076006790544556,40,0.7868852459016393,0.06557377049180328,N3 S2 P1 O4,de-protonated,0,-9999,C61 H48 O4 N3 P1 S2,61,48,4,3,1,2,-9999,N/A,-9999,-9999,N/A,-9999
3625,980.274315,980.2747128938522,980.2739692274793,4132419.3,-9999,164126.2,14.64,-1,0.758631154568678,0.4504200210438268,0.6490192219379252,0.5298597014014662,27,1.02,0.28,N3 S2 O14,de-protonated,0,-9999,C50 H51 O14 N3 S2,50,51,14,3,-9999,2,-9999,N/A,-9999,-9999,N/A,-9999
3625,980.274315,980.2747128938522,980.274102169209,4132419.3,-9999,164126.2,14.64,-1,0.6230141568573747,0.4659970951685963,0.7033271719038788,0.5609291258627094,14,1.435897435897436,0.5641025641025641,N3 S1 P1 O22,de-protonated,0,-9999,C39 H56 O22 N3 P1 S1,39,56,22,3,1,1,-9999,N/A,-9999,-9999,N/A,-9999
3625,980.274315,980.2747128938522,980.2746810350292,4132419.3,-9999,164126.2,14.64,-1,0.03249989392334338,0.6665389096270714,0.883251722423791,0.7532240347457593,28,1,0.3333333333333333,13C1 N4 S1 O16,de-protonated,1,3620,C48 H48 O16 N4 S1 13C1,48,48,16,4,-9999,1,1,N/A,-9999,-9999,N/A,-9999
3625,980.274315,980.2747128938522,980.274813976759,4132419.3,-9999,164126.2,14.64,-1,-0.10311690695268567,0.6653816657533488,0.9449269894452916,0.777199795230126,15,1.4324324324324325,0.6486486486486487,13C1 N4 P1 O24,de-protonated,1,3620,C37 H53 O24 N4 P1 13C1,37,53,24,4,1,-9999,1,N/A,-9999,-9999,N/A,-9999
3626,980.77083,980.771228287444,980.7721329690892,4179335.3,-9999,151029.6,14.83,-1,-0.9224177713796196,0.2856469337690721,0.5137846641763661,0.37690202593198974,13,1.646153846153846,0.01538461538461538,N1 S2 O1,de-protonated,0,-9999,C65 H107 O1 N1 S2,65,107,1,1,-9999,2,-9999,N/A,-9999,-9999,N/A,-9999
3626,980.77083,980.771228287444,980.7712635892192,4179335.3,-9999,151029.6,14.83,-1,-0.03599389220787914,0.3332549833061443,0.5186619100274374,0.4074177539946616,14,1.609375,0.09375,N1 O6,de-protonated,0,-9999,C64 H103 O6 N1,64,103,6,1,-9999,-9999,-9999,N/A,-9999,-9999,N/A,-9999
3626,980.77083,980.771228287444,980.7710391205692,4179335.3,-9999,151029.6,14.83,-1,0.19287567364435865,0.4966363266972349,0.5863540971022025,0.5325234348592219,0,2.0727272727272728,0.10909090909090909,N1 S1 34S1 P1 O6,de-protonated,1,3619,C55 H114 O6 N1 P1 S1 34S1,55,114,6,1,1,1,-9999,N/A,-9999,-9999,N/A,1
3626,980.77083,980.771228287444,980.770612140539,4179335.3,-9999,151029.6,14.83,-1,0.6282273319474456,0.3102972513535662,0.5599637296259095,0.4101638426625035,5,1.9107142857142856,0.14285714285714285,N3 S1 O8,de-protonated,0,-9999,C56 H107 O8 N3 S1,56,107,8,3,-9999,1,-9999,N/A,-9999,-9999,N/A,-9999
3627,985.281941,985.28234286344,985.2816941794988,4075251.8,-9999,136721.1,14.42,-1,0.6583740924589674,0.3081211000513851,0.5492452930313529,0.4045707772433722,34,0.8793103448275862,0.1896551724137931,S1 P1 O11,de-protonated,0,-9999,C58 H51 O11 P1 S1,58,51,11,-9999,1,1,-9999,N/A,-9999,-9999,N/A,-9999
3627,985.281941,985.28234286344,985.281555795069,4075251.8,-9999,136721.1,14.42,-1,0.798825844721197,0.44533266617747136,0.7141928963326544,0.5528767582395446,7,1.7027027027027026,0.6486486486486487,S2 P1 O24,de-protonated,0,-9999,C37 H63 O24 P1 S2,37,63,24,-9999,1,2,-9999,N/A,-9999,-9999,N/A,-9999
3627,985.281941,985.28234286344,985.282542332669,4075251.8,-9999,136721.1,14.42,-1,-0.20244875989991357,0.4962954095569708,0.6227887944601802,0.5468927635182546,35,0.8214285714285714,0.26785714285714285,N2 O15,de-protonated,0,-9999,C56 H46 O15 N2,56,46,15,2,-9999,-9999,-9999,N/A,-9999,-9999,N/A,-9999
3627,985.281941,985.28234286344,985.2830315900188,4075251.8,-9999,136721.1,14.42,-1,-0.6990139449468433,0.3050523628507301,0.5439865594010858,0.4006260414708724,39,0.7966101694915254,0.11864406779661016,N4 S1 P1 O7,de-protonated,0,-9999,C59 H47 O7 N4 P1 S1,59,47,7,4,1,1,-9999,N/A,-9999,-9999,N/A,-9999
3627,985.281941,985.28234286344,985.281890883989,4075251.8,-9999,136721.1,14.42,-1,0.45873110556639446,0.4812683834933928,0.6582606959877568,0.5520653084911384,26,1.0416666666666667,0.3541666666666667,N4 S1 O17,de-protonated,0,-9999,C48 H50 O17 N4 S1,48,50,17,4,-9999,1,-9999,N/A,-9999,-9999,N/A,-9999
3627,985.281941,985.28234286344,985.282893205589,4075251.8,-9999,136721.1,14.42,-1,-0.5585625738638026,0.47248099923261067,0.7087183895694522,0.5669759553673472,12,1.5526315789473684,0.5263157894736842,N4 S2 P1 O20,de-protonated,0,-9999,C38 H59 O20 N4 P1 S2,38,59,20,4,1,2,-9999,N/A,-9999,-9999,N/A,-9999
3627,985.281941,985.28234286344,985.282023825719,4075251.8,-9999,136721.1,14.42,-1,0.32380345267104177,0.49057758601997387,0.7141928963326544,0.5800237101450461,13,1.4864864864864864,0.6756756756756757,N4 P1 O25,de-protonated,0,-9999,C37 H55 O25 N4 P1,37,55,25,4,1,-9999,-9999,N/A,-9999,-9999,N/A,-9999
3628,987.278576,987.27897944619,987.279586179219,3765270.5,-9999,163588.9,13.18,-1,-0.6145503639741556,0.4668836032252428,0.6145102180259683,0.525934249145533,33,0.913793103448276,0.15517241379310345,S2 P1 O9,de-protonated,0,-9999,C58 H53 O9 P1 S2,58,53,9,-9999,1,2,-9999,N/A,-9999,-9999,N/A,-9999
3628,987.278576,987.27897944619,987.278716799349,3765270.5,-9999,163588.9,13.18,-1,0.26603109788808915,0.493620258009429,0.618621810905439,0.543620879167833,34,0.8596491228070176,0.24561403508771928,P1 O14,de-protonated,0,-9999,C57 H49 O14 P1,57,49,14,-9999,1,-9999,-9999,N/A,-9999,-9999,N/A,-9999
3628,987.278576,987.27897944619,987.278445473189,3765270.5,-9999,163588.9,13.18,-1,0.5408534982527169,0.47415310406081584,0.6629808336683964,0.5496841959038481,20,1.1914893617021276,0.40425531914893614,S2 O19,de-protonated,0,-9999,C47 H56 O19 S2,47,56,19,-9999,-9999,2,-9999,N/A,-9999,-9999,N/A,-9999
3628,987.278576,987.27897944619,987.278065350669,3765270.5,-9999,163588.9,13.18,-1,0.9258744350678236,0.427973979010896,0.6536072938689252,0.5182273049541077,25,1.0816326530612246,0.32653061224489793,N2 S1 P1 O16,de-protonated,0,-9999,C49 H53 O16 N2 P1 S1,49,53,16,2,1,1,-9999,N/A,-9999,-9999,N/A,-9999
3628,987.278576,987.27897944619,987.279782883709,3765270.5,-9999,163588.9,13.18,-1,-0.8137890929887943,0.44338710656779984,0.6582606959877569,0.5293365423357828,25,1.0833333333333333,0.3125,N4 S2 O15,de-protonated,0,-9999,C48 H52 O15 N4 S2,48,52,15,4,-9999,2,-9999,N/A,-9999,-9999,N/A,-9999
3628,987.278576,987.27897944619,987.278913503839,3765270.5,-9999,163588.9,13.18,-1,0.06679201798125262,0.49959542671733614,0.6629808336683964,0.5649495894977603,26,1.0212765957446808,0.425531914893617,N4 O20,de-protonated,0,-9999,C47 H48 O20 N4,47,48,20,4,-9999,-9999,-9999,N/A,-9999,-9999,N/A,-9999
3628,987.278576,987.27897944619,987.2799158254388,3765270.5,-9999,163588.9,13.18,-1,-0.9484435305123226,0.4247016048946424,0.7141928963326545,0.5404981214698472,12,1.5405405405405406,0.6216216216216216,N4 S1 P1 O23,de-protonated,0,-9999,C37 H57 O23 N4 P1 S1,37,57,23,4,1,1,-9999,N/A,-9999,-9999,N/A,-9999
3629,988.279752,988.2801562398308,988.2797060565888,3590824.5,-9999,192950.4,12.48,-1,0.455522094657109,0.3210164343546535,0.5387936087087051,0.4081273040962741,38,0.7833333333333333,0.18333333333333332,N1 S1 O11,de-protonated,0,-9999,C60 H47 O11 N1 S1,60,47,11,1,-9999,1,-9999,N/A,-9999,-9999,N/A,-9999
3629,988.279752,988.2801562398308,988.280708378189,3590824.5,-9999,192950.4,12.48,-1,-0.558685759672568,0.4724692002883808,0.6490192219379252,0.5430892089481986,24,1.12,0.28,N1 S2 P1 O14,de-protonated,0,-9999,C50 H56 O14 N1 P1 S2,50,56,14,1,1,2,-9999,N/A,-9999,-9999,N/A,-9999
3629,988.279752,988.2801562398308,988.279838998319,3590824.5,-9999,192950.4,12.48,-1,0.3210037271301471,0.4907383090036147,0.6536072938689251,0.5558859029497389,25,1.0612244897959184,0.3877551020408163,N1 P1 O19,de-protonated,0,-9999,C49 H52 O19 N1 P1,49,52,19,1,1,-9999,-9999,N/A,-9999,-9999,N/A,-9999
3629,988.279752,988.2801562398308,988.279567672159,3590824.5,-9999,192950.4,12.48,-1,0.5955477487718375,0.46883570632893967,0.7033271719038788,0.5626322925589153,11,1.5128205128205128,0.6153846153846154,N1 S2 O24,de-protonated,0,-9999,C39 H59 O24 N1 S2,39,59,24,1,-9999,2,-9999,N/A,-9999,-9999,N/A,-9999
3629,988.279752,988.2801562398308,988.279187549639,3590824.5,-9999,192950.4,12.48,-1,0.980178682214159,0.4200111371104595,0.6927871148459346,0.5291215282046495,16,1.3658536585365857,0.5121951219512195,N3 S1 P1 O21,de-protonated,0,-9999,C41 H56 O21 N3 P1 S1,41,56,21,3,1,1,-9999,N/A,-9999,-9999,N/A,-9999
3630,989.248477,989.2488820077472,989.2484654982088,8268103.5,-9999,158898.5,31.24,-1,0.4210363249281204,0.6423428407056293,0.8967362490574371,0.7441002040463525,34,0.8214285714285714,0.26785714285714285,S1 O15,de-protonated,0,-9999,C56 H46 O15 S1,56,46,15,-9999,-9999,1,-9999,N/A,-9999,-9999,N/A,-9999
3630,989.248477,989.2488820077472,989.249467819809,8268103.5,-9999,158898.5,31.24,-1,-0.5921782934725738,0.4715262897921465,0.6378404644178084,0.5380519596424113,20,1.1956521739130437,0.391304347826087,S2 P1 O18,de-protonated,0,-9999,C46 H55 O18 P1 S2,46,55,18,-9999,1,2,-9999,N/A,-9999,-9999,N/A,-9999
3630,989.248477,989.2488820077472,989.248598439939,8268103.5,-9999,158898.5,31.24,-1,0.28664969428045906,0.6395218969271123,0.9277323673157036,0.7548060850825489,21,1.1333333333333333,0.5111111111111111,P1 O23,de-protonated,0,-9999,C45 H51 O23 P1,45,51,23,-9999,1,-9999,-9999,N/A,-9999,-9999,N/A,-9999
3630,989.248477,989.2488820077472,989.248954755559,8268103.5,-9999,158898.5,31.24,-1,-0.07353842666647628,0.7100181739332948,0.7989438740280895,0.7455884539712128,38,0.7966101694915254,0.11864406779661016,N2 S2 P1 O7,de-protonated,0,-9999,C59 H47 O7 N2 P1 S2,59,47,7,2,1,2,-9999,N/A,-9999,-9999,N/A,-9999
3630,989.248477,989.2488820077472,989.248085375689,8268103.5,-9999,158898.5,31.24,-1,0.8052904726781944,0.6290789432320149,0.8860178124628807,0.7318544909243612,39,0.7413793103448276,0.20689655172413793,N2 P1 O12,de-protonated,0,-9999,C58 H43 O12 N2 P1,58,43,12,2,1,-9999,-9999,N/A,-9999,-9999,N/A,-9999
3630,989.248477,989.2488820077472,989.2479469912588,8268103.5,-9999,158898.5,31.24,-1,0.9451791042010348,0.9250229155597104,0.9490345842358178,0.9346275830301534,12,1.4864864864864864,0.6756756756756757,N2 S1 P1 O25,de-protonated,0,-9999,C37 H55 O25 N2 P1 S1,37,55,25,2,1,1,-9999,N/A,-9999,-9999,N/A,-9999
3630,989.248477,989.2488820077472,989.2498029087292,8268103.5,-9999,158898.5,31.24,-1,-0.9309084308882992,0.2848324980368669,0.5545707124136273,0.39272778378757106,39,0.7368421052631579,0.19298245614035087,N4 S1 O11,de-protonated,0,-9999,C57 H42 O11 N4 S1,57,42,11,4,-9999,1,-9999,N/A,-9999,-9999,N/A,-9999
3630,989.248477,989.2488820077472,989.2496645242992,8268103.5,-9999,158898.5,31.24,-1,-0.7910202852285797,0.5991793079251676,0.7290270086174968,0.6511183882020992,12,1.5,0.6666666666666666,N4 S2 O24,de-protonated,0,-9999,C36 H54 O24 N4 S2,36,54,24,4,-9999,2,-9999,N/A,-9999,-9999,N/A,-9999
3631,989.261805,989.2622100183124,989.261352657779,8104258.5,-9999,123513.5,30.58,-1,0.8666673687087578,0.29086366293336274,0.5765576248001294,0.4051412476800694,29,0.9622641509433962,0.2830188679245283,S1 P1 O15,de-protonated,0,-9999,C53 H51 O15 P1 S1,53,51,15,-9999,1,1,-9999,N/A,-9999,-9999,N/A,-9999
3631,989.261805,989.2622100183124,989.2630701908192,8104258.5,-9999,123513.5,30.58,-1,-0.8695083568874111,0.6222048938018443,0.906040155555617,0.7357389985033533,29,0.9615384615384616,0.2692307692307692,N2 S2 O14,de-protonated,0,-9999,C52 H50 O14 N2 S2,52,50,14,2,-9999,2,-9999,N/A,-9999,-9999,N/A,-9999
3631,989.261805,989.2622100183124,989.2622008109488,8104258.5,-9999,123513.5,30.58,-1,0.00930730347442614,0.33332809398938107,0.587975334478484,0.4351869901850222,30,0.9019607843137256,0.37254901960784315,N2 O19,de-protonated,0,-9999,C51 H46 O19 N2,51,46,19,2,-9999,-9999,-9999,N/A,-9999,-9999,N/A,-9999
3631,989.261805,989.2622100183124,989.2626900682988,8104258.5,-9999,123513.5,30.58,-1,-0.4852603775067799,0.634713074452855,0.8947660729187656,0.7387342738392193,34,0.8703703703703703,0.2037037037037037,N4 S1 P1 O11,de-protonated,0,-9999,C54 H47 O11 N4 P1 S1,54,47,11,4,1,1,-9999,N/A,-9999,-9999,N/A,-9999
3631,989.261805,989.2622100183124,989.261549362269,8104258.5,-9999,123513.5,30.58,-1,0.6678274758486907,0.3074209708445687,0.6366550704180973,0.43911461067398017,21,1.162790697674419,0.4883720930232558,N4 S1 O21,de-protonated,0,-9999,C43 H50 O21 N4 S1,43,50,21,4,-9999,1,-9999,N/A,-9999,-9999,N/A,-9999
3631,989.261805,989.2622100183124,989.262551683869,8104258.5,-9999,123513.5,30.58,-1,-0.3453739919498631,0.9475637115546164,0.939226531163203,0.9442288393980512,7,1.7878787878787878,0.7272727272727273,N4 S2 P1 O24,de-protonated,0,-9999,C33 H59 O24 N4 P1 S2,33,59,24,4,1,2,-9999,N/A,-9999,-9999,N/A,-9999
3632,989.275763,989.2761680293772,989.276608799069,100962624,-9999,122532.1,403.03,-1,-0.4455474717009873,0.2905528067971315,0.5446996133155437,0.3922115294044965,33,0.8947368421052632,0.21052631578947367,S1 P1 O12,de-protonated,0,-9999,C57 H51 O12 P1 S1,57,51,12,-9999,1,1,-9999,N/A,-9999,-9999,N/A,-9999
3632,989.275763,989.2761680293772,989.275468093039,100962624,-9999,122532.1,403.03,-1,0.7075242040523257,0.4642342388543196,0.7719043587532317,0.5873022868138844,20,1.173913043478261,0.4782608695652174,S1 O22,de-protonated,0,-9999,C46 H54 O22 S1,46,54,22,-9999,-9999,1,-9999,N/A,-9999,-9999,N/A,-9999
3632,989.275763,989.2761680293772,989.276470414639,100962624,-9999,122532.1,403.03,-1,-0.30566304862034727,0.3933590486687825,0.7075847149833867,0.5190493151946243,6,1.75,0.6944444444444444,S2 P1 O25,de-protonated,0,-9999,C36 H63 O25 P1 S2,36,63,25,-9999,1,2,-9999,N/A,-9999,-9999,N/A,-9999
3632,989.275763,989.2761680293772,989.275957350389,100962624,-9999,122532.1,403.03,-1,0.21296281034359665,0.4871761600500666,0.7990349507972055,0.6119196763489221,24,1.1224489795918366,0.2857142857142857,N2 S2 P1 O14,de-protonated,0,-9999,C49 H55 O14 N2 P1 S2,49,55,14,2,1,2,-9999,N/A,-9999,-9999,N/A,-9999
3632,989.275763,989.2761680293772,989.2768055035592,100962624,-9999,122532.1,403.03,-1,-0.6443840373483416,0.3376137927703098,0.6443854310465289,0.4603224480807975,25,1.0638297872340423,0.3829787234042553,N4 S1 O18,de-protonated,0,-9999,C47 H50 O18 N4 S1,47,50,18,4,-9999,1,-9999,N/A,-9999,-9999,N/A,-9999
3633,990.250937,990.251342802406,990.2518203332788,4198363.5,-9999,172801.2,14.92,-1,-0.48223175479995367,0.6391216033046013,0.8967362490574371,0.7421674616057357,34,0.8363636363636363,0.2727272727272727,13C1 S1 O15,de-protonated,1,3630,C55 H46 O15 S1 13C1,55,46,15,-9999,-9999,1,1,N/A,-9999,-9999,N/A,-9999
3633,990.250937,990.251342802406,990.251953275009,4198363.5,-9999,172801.2,14.92,-1,-0.6164820993668817,0.6222429212890043,0.9277323673157036,0.744438699699684,21,1.1590909090909092,0.5227272727272727,13C1 P1 O23,de-protonated,1,3630,C44 H51 O23 P1 13C1,44,51,23,-9999,1,-9999,1,N/A,-9999,-9999,N/A,-9999
3633,990.250937,990.251342802406,990.2507284032088,4198363.5,-9999,172801.2,14.92,-1,0.6204481142248274,0.3108446453658083,0.5439865594010858,0.4041014109799193,38,0.7796610169491526,0.1694915254237288,N1 S1 P1 O10,de-protonated,0,-9999,C59 H46 O10 N1 P1 S1,59,46,10,1,1,1,-9999,N/A,-9999,-9999,N/A,-9999
3633,990.250937,990.251342802406,990.250590018779,4198363.5,-9999,172801.2,14.92,-1,0.7601950804266692,0.4502259314826805,0.7087183895694522,0.5536229147173892,11,1.5263157894736843,0.6052631578947368,N1 S2 P1 O23,de-protonated,0,-9999,C38 H58 O23 N1 P1 S2,38,58,23,1,1,2,-9999,N/A,-9999,-9999,N/A,-9999
3633,990.250937,990.251342802406,990.252089620629,4198363.5,-9999,172801.2,14.92,-1,-0.7541698027402446,0.45097195324103817,0.6775563317580969,0.5416057046478617,21,1.1136363636363635,0.5681818181818182,N1 O25,de-protonated,0,-9999,C44 H49 O25 N1,44,49,25,1,-9999,-9999,-9999,N/A,-9999,-9999,N/A,-9999
3633,990.250937,990.251342802406,990.252309590629,4198363.5,-9999,172801.2,14.92,-1,-0.9763049413953548,0.6705579310924721,0.7989438740280895,0.7219123082667191,38,0.8103448275862069,0.1206896551724138,13C1 N2 S2 P1 O7,de-protonated,1,3630,C58 H47 O7 N2 P1 S2 13C1,58,47,7,2,1,2,1,N/A,-9999,-9999,N/A,-9999
3633,990.250937,990.251342802406,990.251440210759,4198363.5,-9999,172801.2,14.92,-1,-0.09836729253167736,0.6654972135619047,0.8860178124628807,0.7537054531222951,39,0.7543859649122807,0.21052631578947367,13C1 N2 P1 O12,de-protonated,1,3630,C57 H43 O12 N2 P1 13C1,57,43,12,2,1,-9999,1,N/A,-9999,-9999,N/A,-9999
3633,990.250937,990.251342802406,990.251301826329,4198363.5,-9999,172801.2,14.92,-1,0.04137947288060868,0.999689360789948,0.9490345842358178,0.979427450168296,12,1.5277777777777777,0.6944444444444444,13C1 N2 S1 P1 O25,de-protonated,1,3630,C36 H55 O25 N2 P1 S1 13C1,36,55,25,2,1,1,1,N/A,-9999,-9999,N/A,-9999
3633,990.250937,990.251342802406,990.2515765563792,4198363.5,-9999,172801.2,14.92,-1,-0.23605513858123103,0.3299800841085318,0.5545707124136273,0.41981633543057,39,0.7192982456140351,0.24561403508771928,N3 O14,de-protonated,0,-9999,C57 H41 O14 N3,57,41,14,3,-9999,-9999,-9999,N/A,-9999,-9999,N/A,-9999
3634,990.266187,990.2665928144946,990.265846160069,3880917.8,-9999,163351.9,13.64,-1,0.753993918393642,0.4509936597255373,0.6876346701883607,0.5456500639106666,15,1.380952380952381,0.47619047619047616,N1 S2 P1 O20,de-protonated,0,-9999,C42 H58 O20 N1 P1 S2,42,58,20,1,1,2,-9999,N/A,-9999,-9999,N/A,-9999
3634,990.266187,990.2665928144946,990.267345761919,3880917.8,-9999,163351.9,13.64,-1,-0.760347624950955,0.4502069831745073,0.6582606959877568,0.5334284682998072,25,1.0208333333333333,0.4583333333333333,N1 O22,de-protonated,0,-9999,C48 H49 O22 N1,48,49,22,1,-9999,-9999,-9999,N/A,-9999,-9999,N/A,-9999
3634,990.266187,990.2665928144946,990.2664250258892,3880917.8,-9999,163351.9,13.64,-1,0.16943784142792423,0.6632028674670328,0.906040155555617,0.7603377827024664,29,0.9803921568627452,0.27450980392156865,13C1 N2 S2 O14,de-protonated,1,3631,C51 H50 O14 N2 S2 13C1,51,50,14,2,-9999,2,1,N/A,-9999,-9999,N/A,-9999
3634,990.266187,990.2665928144946,990.266694313239,3880917.8,-9999,163351.9,13.64,-1,-0.10249637288591444,0.4990478026599111,0.6980173569463055,0.5786356243744688,16,1.325,0.6,N3 S1 O24,de-protonated,0,-9999,C40 H53 O24 N3 S1,40,53,24,3,-9999,1,-9999,N/A,-9999,-9999,N/A,-9999
3634,990.266187,990.2665928144946,990.2660449033688,3880917.8,-9999,163351.9,13.64,-1,0.5532968928602406,0.6306442604226645,0.8947660729187656,0.7362929854211049,34,0.8867924528301887,0.20754716981132076,13C1 N4 S1 P1 O11,de-protonated,1,3631,C53 H47 O11 N4 P1 S1 13C1,53,47,11,4,1,1,1,N/A,-9999,-9999,N/A,-9999
3634,990.266187,990.2665928144946,990.265906518939,3880917.8,-9999,163351.9,13.64,-1,0.6930416882036297,0.9165386561793136,0.939226531163203,0.9256138061728694,7,1.84375,0.75,13C1 N4 S2 P1 O24,de-protonated,1,3631,C32 H59 O24 N4 P1 S2 13C1,32,59,24,4,1,2,1,N/A,-9999,-9999,N/A,-9999
3635,990.278245,990.2786508240532,990.278822928109,46043088,-9999,130528.3,182.75,-1,-0.1737935334769453,0.4723705290271899,0.7719043587532317,0.5921840609176067,20,1.2,0.4888888888888889,13C1 S1 O22,de-protonated,1,3632,C45 H54 O22 S1 13C1,45,54,22,-9999,-9999,1,1,N/A,-9999,-9999,N/A,-9999
3635,990.278245,990.2786508240532,990.2777309980388,46043088,-9999,130528.3,182.75,-1,0.9288566081048768,0.10688616822788057,0.5516473654107623,0.28479064710103325,24,1.1020408163265305,0.3469387755102041,N1 S1 P1 O17,de-protonated,0,-9999,C49 H54 O17 N1 P1 S1,49,54,17,1,1,1,-9999,N/A,-9999,-9999,N/A,-9999
3635,990.278245,990.2786508240532,990.279312185459,46043088,-9999,130528.3,182.75,-1,-0.6678534002420271,0.4813805451572603,0.7990349507972055,0.6084423074132383,24,1.1458333333333333,0.2916666666666667,13C1 N2 S2 P1 O14,de-protonated,1,3632,C48 H55 O14 N2 P1 S2 13C1,48,55,14,2,1,2,1,N/A,-9999,-9999,N/A,-9999
3635,990.278245,990.2786508240532,990.2794485310792,46043088,-9999,130528.3,182.75,-1,-0.805537292580228,0.35234963164856253,0.6110876840384805,0.45584485260452967,24,1.1041666666666667,0.3333333333333333,N3 S2 O16,de-protonated,0,-9999,C48 H53 O16 N3 S2,48,53,16,3,-9999,2,-9999,N/A,-9999,-9999,N/A,-9999
3635,990.278245,990.2786508240532,990.2785791512092,46043088,-9999,130528.3,182.75,-1,0.07237644600596445,0.16650832664329268,0.5812593726521472,0.3324087450468345,25,1.0425531914893618,0.44680851063829785,N3 O21,de-protonated,0,-9999,C47 H49 O21 N3,47,49,21,3,-9999,-9999,-9999,N/A,-9999,-9999,N/A,-9999
3635,990.278245,990.2786508240532,990.2795814728088,46043088,-9999,130528.3,182.75,-1,-0.9397838480119304,0.3936549235807824,0.6601133566131665,0.500238296793736,11,1.5675675675675675,0.6486486486486487,N3 S1 P1 O24,de-protonated,0,-9999,C37 H58 O24 N3 P1 S1,37,58,24,3,1,1,-9999,N/A,-9999,-9999,N/A,-9999
3636,991.244318,991.2447245898676,991.243988516209,4099698.8,-9999,209840.8,14.52,-1,0.7425756595752471,0.4523941965382253,0.6536072938689251,0.5328794354705052,24,1.0816326530612246,0.32653061224489793,S2 P1 O16,de-protonated,0,-9999,C49 H53 O16 P1 S2,49,53,16,-9999,1,2,-9999,N/A,-9999,-9999,N/A,-9999
3636,991.244318,991.2447245898676,991.2454881180593,4099698.8,-9999,209840.8,14.52,-1,-0.7702715429303562,0.4489678499135505,0.62701229560146865,0.5201856281887178,34,0.8,0.32727272727272727,O18,de-protonated,0,-9999,C55 H44 O18,55,44,18,-9999,-9999,-9999,-9999,N/A,-9999,-9999,N/A,-9999
3636,991.244318,991.2447245898676,991.245263649409,4099698.8,-9999,209840.8,14.52,-1,-0.5438205469488631,0.47387630185219154,0.6378404644178084,0.5394619668784383,20,1.1956521739130437,0.391304347826087,S1 34S1 P1 O18,de-protonated,1,3630,C46 H55 O18 P1 S1 34S1,46,55,18,-9999,1,1,-9999,N/A,-9999,-9999,N/A,1
3636,991.244318,991.2447245898676,991.244750585159,4099698.8,-9999,209840.8,14.52,-1,-0.02622489687965828,0.7102321720412296,0.7989438740280895,0.7457168528359737,38,0.7966101694915254,0.11864406779661016,N2 S1 34S1 P1 O7,de-protonated,1,3630,C59 H47 O7 N2 P1 S1 34S1,59,47,7,2,1,1,-9999,N/A,-9999,-9999,N/A,1
3636,991.244318,991.2447245898676,991.244836669379,4099698.8,-9999,209840.8,14.52,-1,-0.1130694529099657,0.49884146067320273,0.6629808336683964,0.5644972098712802,25,1.0212765957446808,0.425531914893617,N2 S1 O20,de-protonated,0,-9999,C47 H48 O20 N2 S1,47,48,20,2,-9999,1,-9999,N/A,-9999,-9999,N/A,-9999
3636,991.244318,991.2447245898676,991.245325926729,4099698.8,-9999,209840.8,14.52,-1,-0.6066478657926232,0.4677018669851652,0.6490192219379252,0.5402288089662692,29,0.98,0.24,N4 S2 P1 O12,de-protonated,0,-9999,C50 H49 O12 N4 P1 S2,50,49,12,4,1,2,-9999,N/A,-9999,-9999,N/A,-9999
3636,991.244318,991.2447245898676,991.2444565468588,4099698.8,-9999,209840.8,14.52,-1,0.2704106004077509,0.4934098794152469,0.6536072938689252,0.5574888451967182,30,0.9183673469387756,0.3469387755102041,N4 P1 O17,de-protonated,0,-9999,C49 H45 O17 N4 P1,49,45,17,4,1,-9999,-9999,N/A,-9999,-9999,N/A,-9999
3636,991.244318,991.2447245898676,991.244185220699,4099698.8,-9999,209840.8,14.52,-1,0.54413350071145,0.4738470269041279,0.7033271719038788,0.5656390849040283,16,1.3333333333333333,0.5641025641025641,N4 S2 O22,de-protonated,0,-9999,C39 H52 O22 N4 S2,39,52,22,4,-9999,2,-9999,N/A,-9999,-9999,N/A,-9999
3636,991.244318,991.2447245898676,991.245460353899,4099698.8,-9999,209840.8,14.52,-1,-0.7422621952629375,0.6032432062881734,0.7290270086174968,0.6535567272199028,12,1.5,0.6666666666666666,N4 S1 34S1 O24,de-protonated,1,3630,C36 H54 O24 N4 S1 34S1,36,54,24,4,-9999,1,-9999,N/A,-9999,-9999,N/A,1
3637,991.25939,991.2597966018152,991.2592446574988,4714093.5,-9999,178766.6,16.99,-1,0.5568112674455229,0.3150989950983763,0.5765576248001295,0.4196824469790776,28,1,0.24528301886792453,S2 P1 O13,de-protonated,0,-9999,C53 H53 O13 P1 S2,53,53,13,-9999,1,2,-9999,N/A,-9999,-9999,N/A,-9999
3637,991.25939,991.2597966018152,991.260744259349,4714093.5,-9999,178766.6,16.99,-1,-0.9560123703386558,0.28239483394991033,0.5439865594010858,0.3870315241303805,38,0.7457627118644068,0.2542372881355932,O15,de-protonated,0,-9999,C59 H44 O15,59,44,15,-9999,-9999,-9999,-9999,N/A,-9999,-9999,N/A,-9999
3637,991.25939,991.2597966018152,991.260092810669,4714093.5,-9999,178766.6,16.99,-1,-0.298820517270523,0.4919641625931664,0.6444951140065157,0.5529765431585061,29,0.9411764705882352,0.3333333333333333,N2 S1 O17,de-protonated,0,-9999,C51 H48 O17 N2 S1,51,48,17,2,-9999,1,-9999,N/A,-9999,-9999,N/A,-9999
3637,991.25939,991.2597966018152,991.2602257523988,4714093.5,-9999,178766.6,16.99,-1,-0.432934331938772,0.48328125062560295,0.6980173569463055,0.5691756931538839,16,1.325,0.625,N2 P1 O25,de-protonated,0,-9999,C40 H53 O25 N2 P1,40,53,25,2,1,-9999,-9999,N/A,-9999,-9999,N/A,-9999
3637,991.25939,991.2597966018152,991.2605820680192,4714093.5,-9999,178766.6,16.99,-1,-0.792391241980952,0.2974405238196434,0.5709562512810147,0.40684681480419194,33,0.9074074074074074,0.16666666666666666,N4 S2 P1 O9,de-protonated,0,-9999,C54 H49 O9 N4 P1 S2,54,49,9,4,1,2,-9999,N/A,-9999,-9999,N/A,-9999
3637,991.25939,991.2597966018152,991.259712688149,4714093.5,-9999,178766.6,16.99,-1,0.0846535628053053,0.3329001809294561,0.5765576248001294,0.43036315847772544,34,0.8490566037735849,0.2641509433962264,N4 P1 O14,de-protonated,0,-9999,C53 H45 O14 N4 P1,53,45,14,4,1,-9999,-9999,N/A,-9999,-9999,N/A,-9999
3637,991.25939,991.2597966018152,991.2594413619888,4714093.5,-9999,178766.6,16.99,-1,0.3583721996012668,0.4884829307493315,0.6825582999861977,0.566113078444078,20,1.2093023255813953,0.4418604651162791,N4 S2 O19,de-protonated,0,-9999,C43 H52 O19 N4 S2,43,52,19,4,-9999,2,-9999,N/A,-9999,-9999,N/A,-9999
3638,991.271559,991.2719656114616,991.2711294954688,40898152,-9999,141478.6,162.12,-1,0.84347860834277,0.24814997938842592,0.7765702871966514,0.45951810251171615,37,0.8166666666666667,0.16666666666666666,S1 P1 O10,de-protonated,0,-9999,C60 H49 O10 P1 S1,60,49,10,-9999,1,1,-9999,N/A,-9999,-9999,N/A,-9999
3638,991.271559,991.2719656114616,991.272404628669,40898152,-9999,141478.6,162.12,-1,-0.44288250664221096,0.2905942562330269,0.5446996133155437,0.3922363990660337,33,0.8947368421052632,0.21052631578947367,34S1 P1 O12,de-protonated,1,3632,C57 H51 O12 P1 34S1,57,51,12,-9999,1,-9999,-9999,N/A,-9999,-9999,N/A,1
3638,991.271559,991.2719656114616,991.271263922639,40898152,-9999,141478.6,162.12,-1,0.7078676122522357,0.4642261855445547,0.7719043587532317,0.5872974548280255,20,1.173913043478261,0.4782608695652174,34S1 O22,de-protonated,1,3632,C46 H54 O22 34S1,46,54,22,-9999,-9999,-9999,-9999,N/A,-9999,-9999,N/A,1
3638,991.271559,991.2719656114616,991.270991111039,40898152,-9999,141478.6,162.12,-1,0.9830817520235424,0.2605523899425809,0.638126606867081,0.4115820767123809,10,1.564102564102564,0.5897435897435898,S2 P1 O23,de-protonated,0,-9999,C39 H61 O23 P1 S2,39,61,23,-9999,1,2,-9999,N/A,-9999,-9999,N/A,-9999
3638,991.271559,991.2719656114616,991.272490712889,40898152,-9999,141478.6,162.12,-1,-0.52972460362671,0.3827412132329392,0.8705993340059139,0.5778844615421291,20,1.1555555555555554,0.5555555555555556,O25,de-protonated,0,-9999,C45 H52 O25,45,52,25,-9999,-9999,-9999,-9999,N/A,-9999,-9999,N/A,-9999
3638,991.271559,991.2719656114616,991.272266244239,40898152,-9999,141478.6,162.12,-1,-0.3032797218916653,0.3933849432324192,0.7075847149833867,0.5190648519328063,6,1.75,0.6944444444444444,S1 34S1 P1 O25,de-protonated,1,3632,C36 H63 O25 P1 S1 34S1,36,63,25,-9999,1,1,-9999,N/A,-9999,-9999,N/A,1
3638,991.271559,991.2719656114616,991.2728470285092,40898152,-9999,141478.6,162.12,-1,-0.8891770313382196,0.3736457080560062,0.7552655537135823,0.5262936463190366,37,0.8135593220338984,0.15254237288135594,N2 S2 O9,de-protonated,0,-9999,C59 H48 O9 N2 S2,59,48,9,2,-9999,2,-9999,N/A,-9999,-9999,N/A,-9999
3638,991.271559,991.2719656114616,991.2719776486392,40898152,-9999,141478.6,162.12,-1,-0.01214316318431621,0.33320731119144126,0.799481349165069,0.5197169263808924,38,0.7586206896551724,0.2413793103448276,N2 O14,de-protonated,0,-9999,C58 H44 O14 N2,58,44,14,2,-9999,-9999,-9999,N/A,-9999,-9999,N/A,-9999
3638,991.271559,991.2719656114616,991.271753179989,40898152,-9999,141478.6,162.12,-1,0.21430195307296396,0.4871675797977923,0.7990349507972055,0.6119145281975575,24,1.1224489795918366,0.2857142857142857,N2 S1 34S1 P1 O14,de-protonated,1,3632,C49 H55 O14 N2 P1 S1 34S1,49,55,14,2,1,1,-9999,N/A,-9999,-9999,N/A,1
3638,991.271559,991.2719656114616,991.2713261999588,40898152,-9999,141478.6,162.12,-1,0.6450418627965108,0.4053057486369811,0.8743613617912099,0.5929279938986727,29,0.96,0.32,N4 S1 O16,de-protonated,0,-9999,C50 H48 O16 N4 S1,50,48,16,4,-9999,1,-9999,N/A,-9999,-9999,N/A,-9999
3638,991.271559,991.2719656114616,991.2726013331592,40898152,-9999,141478.6,162.12,-1,-0.641318741781341,0.3376741054035119,0.6443854310465289,0.4603586356607187,25,1.0638297872340423,0.3829787234042553,N4 34S1 O18,de-protonated,1,3632,C47 H50 O18 N4 34S1,47,50,18,4,-9999,-9999,-9999,N/A,-9999,-9999,N/A,1
3638,991.271559,991.2719656114616,991.272328521559,40898152,-9999,141478.6,162.12,-1,-0.3661053444100579,0.32680156556482975,0.8471508795391748,0.5349412911545678,15,1.425,0.475,N4 S2 P1 O19,de-protonated,0,-9999,C40 H57 O19 N4 P1 S2,40,57,19,4,1,2,-9999,N/A,-9999,-9999,N/A,-9999
3638,991.271559,991.2719656114616,991.271459141689,40898152,-9999,141478.6,162.12,-1,0.5109294412484733,0.5774977554963634,0.945475281060751,0.7246887657221184,16,1.358974358974359,0.6153846153846154,N4 P1 O24,de-protonated,0,-9999,C39 H53 O24 N4 P1,39,53,24,4,1,-9999,-9999,N/A,-9999,-9999,N/A,-9999
3639,991.282413,991.2828196200658,991.282743007279,9006693,-9999,118545.1,34.2,-1,0.07728651315364533,0.4862658198583921,0.5756299523047482,0.5220114728369345,32,0.912280701754386,0.21052631578947367,S2 O12,de-protonated,0,-9999,C57 H52 O12 S2,57,52,12,-9999,-9999,2,-9999,N/A,-9999,-9999,N/A,-9999
3639,991.282413,991.2828196200658,991.281873627409,9006693,-9999,118545.1,34.2,-1,0.9543124734815328,0.2825612780196065,0.5599637296259093,0.3935222586621277,33,0.8571428571428571,0.30357142857142855,O17,de-protonated,0,-9999,C56 H48 O17,56,48,17,-9999,-9999,-9999,-9999,N/A,-9999,-9999,N/A,-9999
3639,991.282413,991.2828196200658,991.2828759490088,9006693,-9999,118545.1,34.2,-1,-0.05682428753743977,0.3331380912864082,0.6178187149649359,0.4470103407578193,19,1.2391304347826086,0.43478260869565216,S1 P1 O20,de-protonated,0,-9999,C46 H57 O20 P1 S1,46,57,20,-9999,1,1,-9999,N/A,-9999,-9999,N/A,-9999
3639,991.282413,991.2828196200658,991.282177763179,9006693,-9999,118545.1,34.2,-1,0.6475016914167971,0.46559185343227466,0.7719043587532317,0.5881168555606575,20,1.2272727272727273,0.5,13C2 S1 O22,de-protonated,1,3632,C44 H54 O22 S1 13C2,44,54,22,-9999,-9999,1,2,N/A,-9999,-9999,N/A,-9999
3639,991.282413,991.2828196200658,991.283180084779,9006693,-9999,118545.1,34.2,-1,-0.3636344492625422,0.3926692910988919,0.7075847149833867,0.5186354606526898,6,1.8529411764705883,0.7352941176470589,13C2 S2 P1 O25,de-protonated,1,3632,C34 H63 O25 P1 S2 13C2,34,63,25,-9999,1,2,2,N/A,-9999,-9999,N/A,-9999
3639,991.282413,991.2828196200658,991.282362884759,9006693,-9999,118545.1,34.2,-1,0.46075197530497886,0.3207374309694567,0.5439865594010858,0.41003708234210834,37,0.8305084745762712,0.15254237288135594,N2 S1 P1 O9,de-protonated,0,-9999,C59 H49 O9 N2 P1 S1,59,49,9,2,1,1,-9999,N/A,-9999,-9999,N/A,-9999
3639,991.282413,991.2828196200658,991.2826670205292,9006693,-9999,118545.1,34.2,-1,0.15394149598451107,0.4875015572845726,0.7990349507972055,0.6121149146896258,24,1.1702127659574468,0.2978723404255319,13C2 N2 S2 P1 O14,de-protonated,1,3632,C47 H55 O14 N2 P1 S2 13C2,47,55,14,2,1,2,2,N/A,-9999,-9999,N/A,-9999
3639,991.282413,991.2828196200658,991.282224500329,9006693,-9999,118545.1,34.2,-1,0.6003534836631973,0.48413179363422265,0.6883622398855052,0.5658239721347357,10,1.605263157894737,0.5789473684210527,N2 S2 P1 O22,de-protonated,0,-9999,C38 H61 O22 N2 P1 S2,38,61,22,2,1,2,-9999,N/A,-9999,-9999,N/A,-9999
3639,991.282413,991.2828196200658,991.283724102179,9006693,-9999,118545.1,34.2,-1,-0.9124351497460674,0.28659786948319427,0.630296418407634,0.42407728905297015,20,1.181818181818182,0.5454545454545454,N2 O24,de-protonated,0,-9999,C44 H52 O24 N2,44,52,24,2,-9999,-9999,-9999,N/A,-9999,-9999,N/A,-9999
3639,991.282413,991.2828196200658,991.283211037929,9006693,-9999,118545.1,34.2,-1,-0.39485977259129446,0.3240353310464313,0.5545707124136274,0.4162494835933097,38,0.7719298245614035,0.22807017543859648,N4 O13,de-protonated,0,-9999,C57 H44 O13 N4,57,44,13,4,-9999,-9999,-9999,N/A,-9999,-9999,N/A,-9999
3639,991.282413,991.2828196200658,991.283515173699,9006693,-9999,118545.1,34.2,-1,-0.701669726776322,0.3364423692226825,0.6443854310465289,0.4596195939522211,25,1.1111111111111112,0.4,13C2 N4 S1 O18,de-protonated,1,3632,C45 H50 O18 N4 S1 13C2,45,50,18,4,-9999,1,2,N/A,-9999,-9999,N/A,-9999
3640,992.274988,992.2753954068884,992.2744843305388,15510781,-9999,142635.1,60.29,-1,0.918169683832458,0.24518784084358275,0.7765702871966514,0.45774081938481026,37,0.8305084745762712,0.1694915254237288,13C1 S1 P1 O10,de-protonated,1,3638,C59 H49 O10 P1 S1 13C1,59,49,10,-9999,1,1,1,N/A,-9999,-9999,N/A,-9999
3640,992.274988,992.2753954068884,992.2757594637392,15510781,-9999,142635.1,60.29,-1,-0.3668908033875219,0.2916778179804511,0.5446996133155437,0.3928865361144882,33,0.9107142857142856,0.21428571428571427,13C1 34S1 P1 O12,de-protonated,1,3632,C56 H51 O12 P1 13C1 34S1,56,51,12,-9999,1,-9999,1,N/A,-9999,-9999,N/A,1
3640,992.274988,992.2753954068884,992.274618757709,15510781,-9999,142635.1,60.29,-1,0.7826958029170317,0.46239683733565107,0.7719043587532317,0.5861998459026834,20,1.2,0.4888888888888889,13C1 34S1 O22,de-protonated,1,3632,C45 H54 O22 13C1 34S1,45,54,22,-9999,-9999,-9999,1,N/A,-9999,-9999,N/A,1
3640,992.274988,992.2753954068884,992.275845547959,15510781,-9999,142635.1,60.29,-1,-0.453645095255529,0.385339020408573,0.8705993340059139,0.5794431458475093,20,1.181818181818182,0.5681818181818182,13C1 O25,de-protonated,1,3638,C44 H52 O25 13C1,44,52,25,-9999,-9999,-9999,1,N/A,-9999,-9999,N/A,-9999
3640,992.274988,992.2753954068884,992.275621079309,15510781,-9999,142635.1,60.29,-1,-0.22742916955313777,0.3941058977484592,0.7075847149833867,0.5194974246424302,6,1.8,0.7142857142857143,13C1 S1 34S1 P1 O25,de-protonated,1,3632,C35 H63 O25 P1 S1 13C1 34S1,35,63,25,-9999,1,1,1,N/A,-9999,-9999,N/A,1
3640,992.274988,992.2753954068884,992.274620676159,15510781,-9999,142635.1,60.29,-1,0.7807624153378978,0.29842949128859836,0.5439865594010858,0.3966523185335933,37,0.7966101694915254,0.2033898305084746,N1 S1 O12,de-protonated,0,-9999,C59 H47 O12 N1 S1,59,47,12,1,-9999,1,-9999,N/A,-9999,-9999,N/A,-9999
3640,992.274988,992.2753954068884,992.275622997759,15510781,-9999,142635.1,60.29,-1,-0.2293625533409223,0.24762497746196552,0.5691447579013408,0.3762328896377156,23,1.1428571428571428,0.30612244897959184,N1 S2 P1 O15,de-protonated,0,-9999,C49 H56 O15 N1 P1 S2,49,56,15,1,1,2,-9999,N/A,-9999,-9999,N/A,-9999
3640,992.274988,992.2753954068884,992.2747536178888,15510781,-9999,142635.1,60.29,-1,0.6467855775301503,0.30896786480086763,0.6056537631733503,0.4276422241498607,24,1.0833333333333333,0.4166666666666667,N1 P1 O20,de-protonated,0,-9999,C48 H52 O20 N1 P1,48,52,20,1,1,-9999,-9999,N/A,-9999,-9999,N/A,-9999
3640,992.274988,992.2753954068884,992.274482291729,15510781,-9999,142635.1,60.29,-1,0.9202243691652192,0.37065386241586373,0.8137345289554605,0.5478861290317024,10,1.5526315789473684,0.6578947368421053,N1 S2 O25,de-protonated,0,-9999,C38 H59 O25 N1 S2,38,59,25,1,-9999,2,-9999,N/A,-9999,-9999,N/A,-9999
3640,992.274988,992.2753954068884,992.2762018635792,15510781,-9999,142635.1,60.29,-1,-0.812734084619603,0.3766021026626759,0.7552655537135823,0.5280674830830385,37,0.8275862068965517,0.15517241379310345,13C1 N2 S2 O9,de-protonated,1,3638,C58 H48 O9 N2 S2 13C1,58,48,9,2,-9999,2,1,N/A,-9999,-9999,N/A,-9999
3640,992.274988,992.2753954068884,992.2753324837092,15510781,-9999,142635.1,60.29,-1,0.06341302389676012,0.3330902075209942,0.799481349165069,0.5196466641786242,38,0.7719298245614035,0.24561403508771928,13C1 N2 O14,de-protonated,1,3638,C57 H44 O14 N2 13C1,57,44,14,2,-9999,-9999,1,N/A,-9999,-9999,N/A,-9999
3640,992.274988,992.2753954068884,992.275108015059,15510781,-9999,142635.1,60.29,-1,0.2896291836474784,0.4866003200534938,0.7990349507972055,0.6115741723509784,24,1.1458333333333333,0.2916666666666667,13C1 N2 S1 34S1 P1 O14,de-protonated,1,3632,C48 H55 O14 N2 P1 S1 13C1 34S1,48,55,14,2,1,1,1,N/A,-9999,-9999,N/A,1
3640,992.274988,992.2753954068884,992.2752443606788,15510781,-9999,142635.1,60.29,-1,0.1522220879993319,0.3657093188533744,0.6110876840384805,0.4638606649274168,24,1.1041666666666667,0.3333333333333333,N3 S1 34S1 O16,de-protonated,1,3635,C48 H53 O16 N3 S1 34S1,48,53,16,3,-9999,1,-9999,N/A,-9999,-9999,N/A,1
3640,992.274988,992.2753954068884,992.2753773024092,15510781,-9999,142635.1,60.29,-1,0.01824541838193589,0.4147995679122431,0.6601133566131665,0.5129250833926124,11,1.5675675675675675,0.6486486486486487,N3 34S1 P1 O24,de-protonated,1,3635,C37 H58 O24 N3 P1 34S1,37,58,24,3,1,-9999,-9999,N/A,-9999,-9999,N/A,1
3640,992.274988,992.2753954068884,992.2746810350292,15510781,-9999,142635.1,60.29,-1,0.719933575938401,0.4028712759802787,0.8743613617912099,0.5914673103046512,29,0.979591836734694,0.32653061224489793,13C1 N4 S1 O16,de-protonated,1,3638,C49 H48 O16 N4 S1 13C1,49,48,16,4,-9999,1,1,N/A,-9999,-9999,N/A,-9999
3640,992.274988,992.2753954068884,992.2759561682292,15510781,-9999,142635.1,60.29,-1,-0.5651264017916459,0.3390931510625294,0.6443854310465289,0.4612100630561292,25,1.0869565217391304,0.391304347826087,13C1 N4 34S1 O18,de-protonated,1,3632,C46 H50 O18 N4 13C1 34S1,46,50,18,4,-9999,-9999,1,N/A,-9999,-9999,N/A,1
3640,992.274988,992.2753954068884,992.2756833566292,15510781,-9999,142635.1,60.29,-1,-0.29019126985112187,0.32827872532764274,0.8471508795391748,0.5358275870122555,15,1.4615384615384617,0.4871794871794872,13C1 N4 S2 P1 O19,de-protonated,1,3638,C39 H57 O19 N4 P1 S2 13C1,39,57,19,4,1,2,1,N/A,-9999,-9999,N/A,-9999
3640,992.274988,992.2753954068884,992.274813976759,15510781,-9999,142635.1,60.29,-1,0.5859567544299502,0.5746705652213784,0.945475281060751,0.7229924515571274,16,1.394736842105263,0.631578947368421,13C1 N4 P1 O24,de-protonated,1,3638,C38 H53 O24 N4 P1 13C1,38,53,24,4,1,-9999,1,N/A,-9999,-9999,N/A,-9999
3641,993.277582,993.2779902016532,993.2772637036792,3920786.8,-9999,157655,13.81,-1,0.7314150849954105,0.302497721338206,0.5387936087087051,0.3970160762864057,36,0.8333333333333334,0.16666666666666666,S2 O10,de-protonated,0,-9999,C60 H50 O10 S2,60,50,10,-9999,-9999,2,-9999,N/A,-9999,-9999,N/A,-9999
3641,993.277582,993.2779902016532,993.278538836879,3920786.8,-9999,157655,13.81,-1,-0.5523478099946056,0.47307326126149896,0.5756299523047482,0.5140959376787987,32,0.912280701754386,0.21052631578947367,S1 34S1 O12,de-protonated,1,3639,C57 H52 O12 S1 34S1,57,52,12,-9999,-9999,1,-9999,N/A,-9999,-9999,N/A,1
3641,993.277582,993.2779902016532,993.2773966454088,3920786.8,-9999,157655,13.81,-1,0.5975734940147198,0.468630141558921,0.6536072938689252,0.5426210024829228,23,1.1224489795918366,0.3673469387755102,S1 P1 O18,de-protonated,0,-9999,C49 H55 O18 P1 S1,49,55,18,-9999,1,1,-9999,N/A,-9999,-9999,N/A,-9999
3641,993.277582,993.2779902016532,993.2777007811792,3920786.8,-9999,157655,13.81,-1,0.29137921249863175,0.2813464933543377,0.638126606867081,0.424058538759435,10,1.648648648648649,0.6216216216216216,13C2 S2 P1 O23,de-protonated,1,3638,C37 H61 O23 P1 S2 13C2,37,61,23,-9999,1,2,2,N/A,-9999,-9999,N/A,-9999
3641,993.277582,993.2779902016532,993.277837126799,3920786.8,-9999,157655,13.81,-1,0.1541108123054247,0.3982799360510961,0.8137345289554605,0.5644617732128419,10,1.5945945945945943,0.6756756756756757,13C1 N1 S2 O25,de-protonated,1,3640,C37 H59 O25 N1 S2 13C1,37,59,25,1,-9999,2,1,N/A,-9999,-9999,N/A,-9999
3641,993.277582,993.2779902016532,993.277092021799,3920786.8,-9999,157655,13.81,-1,0.904259105040722,0.3730397624523928,0.7552655537135823,0.5259300789568686,37,0.8135593220338984,0.13559322033898305,N2 S2 O8 18O1,de-protonated,1,3638,C59 H48 O8 N2 S2 18O1,59,48,8,2,-9999,2,-9999,N/A,-9999,1,N/A,-9999
3641,993.277582,993.2779902016532,993.278462850129,3920786.8,-9999,157655,13.81,-1,-0.47584689829750704,0.4845047096506095,0.7990349507972055,0.6103168061092479,24,1.1702127659574468,0.2978723404255319,13C2 N2 S1 34S1 P1 O14,de-protonated,1,3632,C47 H55 O14 N2 P1 S1 13C2 34S1,47,55,14,2,1,1,2,N/A,-9999,-9999,N/A,1
3641,993.277582,993.2779902016532,993.2782447985792,3920786.8,-9999,157655,13.81,-1,-0.2563198449939047,0.4940748108062689,0.6629808336683964,0.5616372199511199,24,1.0638297872340423,0.46808510638297873,N2 O22,de-protonated,0,-9999,C47 H50 O22 N2,47,50,22,2,-9999,-9999,-9999,N/A,-9999,-9999,N/A,-9999
3641,993.277582,993.2779902016532,993.278020329929,3920786.8,-9999,157655,13.81,-1,-0.03033216784100595,0.49991653690535826,0.6883622398855052,0.575294818097417,10,1.605263157894737,0.5789473684210527,N2 S1 34S1 P1 O22,de-protonated,1,3639,C38 H61 O22 N2 P1 S1 34S1,38,61,22,2,1,1,-9999,N/A,-9999,-9999,N/A,1
3641,993.277582,993.2779902016532,993.2785991957488,3920786.8,-9999,157655,13.81,-1,-0.6131150878590691,0.3579919965327982,0.6110876840384805,0.4592302715350711,24,1.127659574468085,0.3404255319148936,13C1 N3 S1 34S1 O16,de-protonated,1,3635,C47 H53 O16 N3 S1 13C1 34S1,47,53,16,3,-9999,1,1,N/A,-9999,-9999,N/A,1
3641,993.277582,993.2779902016532,993.2787321374792,3920786.8,-9999,157655,13.81,-1,-0.7469563192755423,0.401053593648408,0.6601133566131665,0.5046774988343115,11,1.6111111111111112,0.6666666666666666,13C1 N3 34S1 P1 O24,de-protonated,1,3635,C36 H58 O24 N3 P1 13C1 34S1,36,58,24,3,1,-9999,1,N/A,-9999,-9999,N/A,1
3641,993.277582,993.2779902016532,993.278734055929,3920786.8,-9999,157655,13.81,-1,-0.7488877494233622,0.45162207485364086,0.6490192219379252,0.5305809336873546,28,1.02,0.28,N4 S1 P1 O14,de-protonated,0,-9999,C50 H51 O14 N4 P1 S1,50,51,14,4,1,1,-9999,N/A,-9999,-9999,N/A,-9999
3641,993.277582,993.2779902016532,993.2780358700992,3920786.8,-9999,157655,13.81,-1,-0.04597750488902614,0.4156391744669991,0.8743613617912099,0.5991280493966834,29,1,0.3333333333333333,13C2 N4 S1 O16,de-protonated,1,3638,C48 H48 O16 N4 S1 13C2,48,48,16,4,-9999,1,2,N/A,-9999,-9999,N/A,-9999
3641,993.277582,993.2779902016532,993.278168811829,3920786.8,-9999,157655,13.81,-1,-0.17981888788949804,0.5855803021187093,0.945475281060751,0.7295382936955259,16,1.4324324324324325,0.6486486486486487,13C2 N4 P1 O24,de-protonated,1,3638,C37 H53 O24 N4 P1 13C2,37,53,24,4,1,-9999,2,N/A,-9999,-9999,N/A,-9999
3641,993.277582,993.2779902016532,993.277593349899,3920786.8,-9999,157655,13.81,-1,0.3995376085941187,0.4857253739787243,0.7033271719038787,0.5727660931487861,15,1.3846153846153846,0.6153846153846154,N4 S1 O24,de-protonated,0,-9999,C39 H54 O24 N4 S1,39,54,24,4,-9999,1,-9999,N/A,-9999,-9999,N/A,-9999
3642,996.285168,996.2855785857925,996.284791437019,4047698,-9999,126394.9,14.32,-1,0.7900841007138397,0.297637633959331,0.5286014919551969,0.39002317715767737,40,0.7580645161290323,0.16129032258064516,N1 S1 O10,de-protonated,0,-9999,C62 H47 O10 N1 S1,62,47,10,1,-9999,1,-9999,N/A,-9999,-9999,N/A,-9999
3642,996.285168,996.2855785857925,996.285793758619,4047698,-9999,126394.9,14.32,-1,-0.21597500223020785,0.49578600290592834,0.6400336417157294,0.5534850584298487,26,1.0769230769230769,0.25,N1 S2 P1 O13,de-protonated,0,-9999,C52 H56 O13 N1 P1 S2,52,56,13,1,1,2,-9999,N/A,-9999,-9999,N/A,-9999
3642,996.285168,996.2855785857925,996.284924378749,4047698,-9999,126394.9,14.32,-1,0.6566465349873357,0.4623722054110256,0.6444951140065156,0.5352213688492217,27,1.0196078431372548,0.35294117647058826,N1 P1 O18,de-protonated,0,-9999,C51 H52 O18 N1 P1,51,52,18,1,1,-9999,-9999,N/A,-9999,-9999,N/A,-9999
3642,996.285168,996.2855785857925,996.2846530525892,4047698,-9999,126394.9,14.32,-1,0.9289847038554028,0.4275262113135376,0.6927871148459346,0.5336305727264963,13,1.4390243902439024,0.5609756097560976,N1 S2 O23,de-protonated,0,-9999,C41 H59 O23 N1 S2,41,59,23,1,-9999,2,-9999,N/A,-9999,-9999,N/A,-9999
3643,1003.234201,1003.2346170943504,1003.2347439861188,5401961.5,-9999,193466.3,21.83,-1,-0.12648262940709287,0.3323671397163507,0.5387936087087051,0.4149377273132924,39,0.75,0.18333333333333332,S1 P1 O11,de-protonated,0,-9999,C60 H45 O11 P1 S1,60,45,11,-9999,1,1,-9999,N/A,-9999,-9999,N/A,-9999
3643,1003.234201,1003.2346170943504,1003.234605601689,5401961.5,-9999,193466.3,21.83,-1,0.01145560705798643,0.4999880943015437,0.7033271719038787,0.5813237253424777,12,1.4615384615384617,0.6153846153846154,S2 P1 O24,de-protonated,0,-9999,C39 H57 O24 P1 S2,39,57,24,-9999,1,2,-9999,N/A,-9999,-9999,N/A,-9999
3643,1003.234201,1003.2346170943504,1003.234092537439,5401961.5,-9999,193466.3,21.83,-1,0.522865914747474,0.3172014173565521,0.5822303339178662,0.42321298398107776,30,0.9423076923076924,0.25,N2 S2 P1 O13,de-protonated,0,-9999,C52 H49 O13 N2 P1 S2,52,49,13,2,1,2,-9999,N/A,-9999,-9999,N/A,-9999
3643,1003.234201,1003.2346170943504,1003.235592139289,5401961.5,-9999,193466.3,21.83,-1,-0.9719002656540242,0.2808296766884945,0.5492452930313529,0.3881959232256379,40,0.6896551724137931,0.25862068965517243,N2 O15,de-protonated,0,-9999,C58 H40 O15 N2,58,40,15,2,-9999,-9999,-9999,N/A,-9999,-9999,N/A,-9999
3643,1003.234201,1003.2346170943504,1003.234940690609,5401961.5,-9999,193466.3,21.83,-1,-0.32255281932759083,0.32709969781022036,0.5937935904294966,0.4337772548579309,31,0.88,0.34,N4 S1 O17,de-protonated,0,-9999,C50 H44 O17 N4 S1,50,44,17,4,-9999,1,-9999,N/A,-9999,-9999,N/A,-9999
3643,1003.234201,1003.2346170943504,1003.235073632339,5401961.5,-9999,193466.3,21.83,-1,-0.45506581707219573,0.4815609542998929,0.7033271719038787,0.5702674413414872,18,1.2564102564102564,0.6410256410256411,N4 P1 O25,de-protonated,0,-9999,C39 H49 O25 N4 P1,39,49,25,4,1,-9999,-9999,N/A,-9999,-9999,N/A,-9999
3644,1003.261949,1003.2623651163464,1003.261613639219,28130654,-9999,191088.4,122.54,-1,0.7490340677058143,0.30077457119286216,0.753785686717492,0.4819790174027141,38,0.7868852459016393,0.16393442622950818,S2 O10,de-protonated,0,-9999,C61 H48 O10 S2,61,48,10,-9999,-9999,2,-9999,N/A,-9999,-9999,N/A,-9999
3644,1003.261949,1003.2623651163464,1003.2617465809489,28130654,-9999,191088.4,122.54,-1,0.6165244511002421,0.3730353341342312,0.8365103188809336,0.5584253280329121,25,1.06,0.36,S1 P1 O18,de-protonated,0,-9999,C50 H53 O18 P1 S1,50,53,18,-9999,1,1,-9999,N/A,-9999,-9999,N/A,-9999
3644,1003.261949,1003.2623651163464,1003.262594734119,28130654,-9999,191088.4,122.54,-1,-0.22887105904909563,0.4954349937536009,0.8597126717669505,0.6411460649589408,26,1,0.4583333333333333,N2 O22,de-protonated,0,-9999,C48 H48 O22 N2,48,48,22,2,-9999,-9999,-9999,N/A,-9999,-9999,N/A,-9999
3644,1003.261949,1003.2623651163464,1003.263083991469,28130654,-9999,191088.4,122.54,-1,-0.7165370020949517,0.6156716913946182,0.8468443598300704,0.7081407587687991,30,0.9607843137254902,0.27450980392156865,N4 S1 P1 O14,de-protonated,0,-9999,C51 H49 O14 N4 P1 S1,51,49,14,4,1,1,-9999,N/A,-9999,-9999,N/A,-9999
3644,1003.261949,1003.2623651163464,1003.261943285439,28130654,-9999,191088.4,122.54,-1,0.4204593928054268,0.3871488785708784,0.8854677152897825,0.5864764132584401,17,1.3,0.6,N4 S1 O24,de-protonated,0,-9999,C40 H52 O24 N4 S1,40,52,24,4,-9999,1,-9999,N/A,-9999,-9999,N/A,-9999
3645,1003.277532,1003.2779481286992,1003.2770027222388,26434906,-9999,125806,115.02,-1,0.942318480121447,0.28614690456774766,0.8238291075642622,0.5012197857663535,29,0.9814814814814816,0.2777777777777778,S1 P1 O15,de-protonated,0,-9999,C54 H53 O15 P1 S1,54,53,15,-9999,1,1,-9999,N/A,-9999,-9999,N/A,-9999
3645,1003.277532,1003.2779481286992,1003.278720255279,26434906,-9999,125806,115.02,-1,-0.7696032660014099,0.3976211610818533,0.7994287266226767,0.5583441872981827,29,0.981132075471698,0.2641509433962264,N2 S2 O14,de-protonated,0,-9999,C53 H52 O14 N2 S2,53,52,14,2,-9999,2,-9999,N/A,-9999,-9999,N/A,-9999
3645,1003.277532,1003.2779481286992,1003.277850875409,26434906,-9999,125806,115.02,-1,0.09693555000044944,0.3995791041438335,0.8460994858314403,0.5781872568188763,30,0.9230769230769232,0.36538461538461536,N2 O19,de-protonated,0,-9999,C52 H48 O19 N2,52,48,19,2,-9999,-9999,-9999,N/A,-9999,-9999,N/A,-9999
3645,1003.277532,1003.2779481286992,1003.278853197009,26434906,-9999,125806,115.02,-1,-0.9021104221068776,0.541234275971025,0.8531033852911006,0.6659819196990553,16,1.3571428571428572,0.5238095238095238,N2 S1 P1 O22,de-protonated,0,-9999,C42 H57 O22 N2 P1 S1,42,57,22,2,1,1,-9999,N/A,-9999,-9999,N/A,-9999
3645,1003.277532,1003.2779481286992,1003.2783401327588,26434906,-9999,125806,115.02,-1,-0.39072313633811023,0.583452830502691,0.8017771858503164,0.6707825726417411,34,0.8909090909090909,0.2,N4 S1 P1 O11,de-protonated,0,-9999,C55 H49 O11 N4 P1 S1,55,49,11,4,1,1,-9999,N/A,-9999,-9999,N/A,-9999
3645,1003.277532,1003.2779481286992,1003.277199426729,26434906,-9999,125806,115.02,-1,0.7462563393763225,0.3639635457243738,0.8814181987060692,0.570945406917052,21,1.181818181818182,0.4772727272727273,N4 S1 O21,de-protonated,0,-9999,C44 H52 O21 N4 S1,44,52,21,4,-9999,1,-9999,N/A,-9999,-9999,N/A,-9999
3645,1003.277532,1003.2779481286992,1003.278201748329,26434906,-9999,125806,115.02,-1,-0.2527909301332905,0.4885513088695305,0.8747761488637185,0.6430412448672057,7,1.7941176470588236,0.7058823529411765,N4 S2 P1 O24,de-protonated,0,-9999,C34 H61 O24 N4 P1 S2,34,61,24,4,1,2,-9999,N/A,-9999,-9999,N/A,-9999
3646,1003.289973,1003.2903891385614,1003.289756940079,327368032,-9999,153802.5,1448.38,-1,0.6301255226241683,0.17847294343538414,0.6735124805768742,0.3764887582919802,37,0.8548387096774194,0.1129032258064516,S2 P1 O7,de-protonated,0,-9999,C62 H53 O7 P1 S2,62,53,7,-9999,1,2,-9999,N/A,-9999,-9999,N/A,-9999
3646,1003.289973,1003.2903891385614,1003.291118157499,327368032,-9999,153802.5,1448.38,-1,-0.7266275205641414,0.5054739333545551,0.8174180254622346,0.630251570197627,20,1.1914893617021276,0.46808510638297873,S1 O22,de-protonated,0,-9999,C47 H56 O22 S1,47,56,22,-9999,-9999,1,-9999,N/A,-9999,-9999,N/A,-9999
3646,1003.289973,1003.2903891385614,1003.2906050932488,327368032,-9999,153802.5,1448.38,-1,-0.21524639663006104,0.2783900123334387,0.7313017372216626,0.4595547022887283,38,0.8,0.18333333333333332,N2 S1 O11,de-protonated,0,-9999,C60 H48 O11 N2 S1,60,48,11,2,-9999,1,-9999,N/A,-9999,-9999,N/A,-9999
3646,1003.289973,1003.2903891385614,1003.290738034979,327368032,-9999,153802.5,1448.38,-1,-0.3477520566435436,0.31622481505386857,0.8308181283170964,0.5220621403591598,25,1.0816326530612246,0.3877551020408163,N2 P1 O19,de-protonated,0,-9999,C49 H53 O19 N2 P1,49,53,19,2,1,-9999,-9999,N/A,-9999,-9999,N/A,-9999
3646,1003.289973,1003.2903891385614,1003.290466708819,327368032,-9999,153802.5,1448.38,-1,-0.07731585240635858,0.3231805158342719,0.7160673912473557,0.4803352659995054,11,1.5384615384615383,0.6153846153846154,N2 S2 O24,de-protonated,0,-9999,C39 H60 O24 N2 S2,39,60,24,2,-9999,2,-9999,N/A,-9999,-9999,N/A,-9999
3646,1003.289973,1003.2903891385614,1003.289953644569,327368032,-9999,153802.5,1448.38,-1,0.43406593562005097,0.13811168016248068,0.7127738324889733,0.36797654109307776,29,1,0.25,N4 S2 O13,de-protonated,0,-9999,C52 H52 O13 N4 S2,52,52,13,4,-9999,2,-9999,N/A,-9999,-9999,N/A,-9999
3646,1003.289973,1003.2903891385614,1003.290086586299,327368032,-9999,153802.5,1448.38,-1,0.30156010353136864,0.2353446153216595,0.7609465613688846,0.4455853937405496,16,1.3902439024390243,0.5121951219512195,N4 S1 P1 O21,de-protonated,0,-9999,C41 H57 O21 N4 P1 S1,41,57,21,4,1,1,-9999,N/A,-9999,-9999,N/A,-9999
3647,1003.792279,1003.7926955367436,1003.792273079909,3944603,-9999,174416.8,15.38,-1,0.420860815571368,0.3227906932810737,0.53366554753236,0.4071406349815882,6,1.852459016393443,0.09836065573770492,S1 P1 O6,de-protonated,0,-9999,C61 H113 O6 P1 S1,61,113,6,-9999,1,1,-9999,N/A,-9999,-9999,N/A,-9999
3647,1003.792279,1003.7926955367436,1003.793121233079,3944603,-9999,174416.8,15.38,-1,-0.4240877191097665,0.3226310378679108,0.5439865594010856,0.4111732464811807,7,1.8305084745762712,0.1694915254237288,N2 O10,de-protonated,0,-9999,C59 H108 O10 N2,59,108,10,2,-9999,-9999,-9999,N/A,-9999,-9999,N/A,-9999
3647,1003.792279,1003.7926955367436,1003.7936104904288,3944603,-9999,174416.8,15.38,-1,-0.9114958250724742,0.28668697783710917,0.5286014919551969,0.3834527834843443,11,1.7580645161290325,0.03225806451612903,N4 S1 P1 O2,de-protonated,0,-9999,C62 H109 O2 N4 P1 S1,62,109,2,4,1,1,-9999,N/A,-9999,-9999,N/A,-9999
3648,1004.265311,1004.2657279117202,1004.264968474289,10415083,-9999,186429.5,44.05,-1,0.7562122099213971,0.300479732531897,0.753785686717492,0.48180211420613506,38,0.8,0.16666666666666666,13C1 S2 O10,de-protonated,1,3644,C60 H48 O10 S2 13C1,60,48,10,-9999,-9999,2,1,N/A,-9999,-9999,N/A,-9999
3648,1004.265311,1004.2657279117202,1004.265101416019,10415083,-9999,186429.5,44.05,-1,0.6238349817622277,0.37272845302039914,0.8365103188809336,0.5582411993646129,25,1.0816326530612246,0.3673469387755102,13C1 S1 P1 O18,de-protonated,1,3644,C49 H53 O18 P1 S1 13C1,49,53,18,-9999,1,1,1,N/A,-9999,-9999,N/A,-9999
3648,1004.265311,1004.2657279117202,1004.2663784676688,10415083,-9999,186429.5,44.05,-1,-0.6477922219224193,0.6049774621509426,0.8884403253679425,0.7183626074377425,38,0.8,0.16666666666666666,N1 S1 P1 O10,de-protonated,0,-9999,C60 H48 O10 N1 P1 S1,60,48,10,1,1,1,-9999,N/A,-9999,-9999,N/A,-9999
3648,1004.265311,1004.2657279117202,1004.265237761639,10415083,-9999,186429.5,44.05,-1,0.488068353619015,0.3192325929183291,0.5996860735531828,0.4314139851722706,25,1.0408163265306123,0.40816326530612246,N1 S1 O20,de-protonated,0,-9999,C49 H51 O20 N1 S1,49,51,20,1,-9999,1,-9999,N/A,-9999,-9999,N/A,-9999
3648,1004.265311,1004.2657279117202,1004.266240083239,10415083,-9999,186429.5,44.05,-1,-0.5099957545050516,0.4510189768945909,0.8897574349677401,0.6265143601238505,11,1.5384615384615383,0.5897435897435898,N1 S2 P1 O23,de-protonated,0,-9999,C39 H60 O23 N1 P1 S2,39,60,23,1,1,2,-9999,N/A,-9999,-9999,N/A,-9999
3648,1004.265311,1004.2657279117202,1004.265949569189,10415083,-9999,186429.5,44.05,-1,-0.22071590591807608,0.4955997934193608,0.8597126717669505,0.6412449447583968,26,1.0212765957446808,0.46808510638297873,13C1 N2 O22,de-protonated,1,3644,C47 H48 O22 N2 13C1,47,48,22,2,-9999,-9999,1,N/A,-9999,-9999,N/A,-9999
3648,1004.265311,1004.2657279117202,1004.265727018989,10415083,-9999,186429.5,44.05,-1,8.889392642526e-4,0.24999996415422415,0.5533984005350705,0.3713593387065627,29,1,0.2307692307692308,N3 S2 P1 O12,de-protonated,0,-9999,C52 H52 O12 N3 P1 S2,52,52,12,3,1,2,-9999,N/A,-9999,-9999,N/A,-9999
3648,1004.265311,1004.2657279117202,1004.264857639119,10415083,-9999,186429.5,44.05,-1,0.8665767746416442,0.29087195015554884,0.5879753344784842,0.40971330388472293,30,0.9411764705882352,0.3333333333333333,N3 P1 O17,de-protonated,0,-9999,C51 H48 O17 N3 P1,51,48,17,3,1,-9999,-9999,N/A,-9999,-9999,N/A,-9999
3648,1004.265311,1004.2657279117202,1004.266438826539,10415083,-9999,186429.5,44.05,-1,-0.7078946296633877,0.6160112410379558,0.8468443598300704,0.7083444885548017,30,0.98,0.28,13C1 N4 S1 P1 O14,de-protonated,1,3644,C50 H49 O14 N4 P1 S1 13C1,50,49,14,4,1,1,1,N/A,-9999,-9999,N/A,-9999
3648,1004.265311,1004.2657279117202,1004.2652981205092,10415083,-9999,186429.5,44.05,-1,0.4279658093419739,0.3869251878286632,0.8854677152897825,0.586342198813111,17,1.3333333333333333,0.6153846153846154,13C1 N4 S1 O24,de-protonated,1,3644,C39 H52 O24 N4 S1 13C1,39,52,24,4,-9999,1,1,N/A,-9999,-9999,N/A,-9999
3649,1004.280836,1004.2812529240272,1004.2803575573088,10574822,-9999,138971.7,44.75,-1,0.8915505629786201,0.2885638131403078,0.8238291075642622,0.5026699309098897,29,1,0.2830188679245283,13C1 S1 P1 O15,de-protonated,1,3645,C53 H53 O15 P1 S1 13C1,53,53,15,-9999,1,1,1,N/A,-9999,-9999,N/A,-9999
3649,1004.280836,1004.2812529240272,1004.280493902929,10574822,-9999,138971.7,44.75,-1,0.7557859608225097,0.300514873129726,0.5765576248001295,0.41093197379788743,29,0.9622641509433962,0.32075471698113206,N1 S1 O17,de-protonated,0,-9999,C53 H51 O17 N1 S1,53,51,17,1,-9999,1,-9999,N/A,-9999,-9999,N/A,-9999
3649,1004.280836,1004.2812529240272,1004.281496224529,10574822,-9999,138971.7,44.75,-1,-0.24226325269117857,0.24735175312180127,0.6023398467208416,0.3893469905614174,15,1.3953488372093024,0.46511627906976744,N1 S2 P1 O20,de-protonated,0,-9999,C43 H60 O20 N1 P1 S2,43,60,20,1,1,2,-9999,N/A,-9999,-9999,N/A,-9999
3649,1004.280836,1004.2812529240272,1004.280626844659,10574822,-9999,138971.7,44.75,-1,0.6234107791728722,0.3106368644369166,0.6430949433786466,0.44362009601360863,16,1.3333333333333333,0.5952380952380952,N1 P1 O25,de-protonated,0,-9999,C42 H56 O25 N1 P1,42,56,25,1,1,-9999,-9999,N/A,-9999,-9999,N/A,-9999
3649,1004.280836,1004.2812529240272,1004.2820750903492,10574822,-9999,138971.7,44.75,-1,-0.8186607552816587,0.3958200364431903,0.7994287266226767,0.557263512514985,29,1,0.2692307692307692,13C1 N2 S2 O14,de-protonated,1,3645,C52 H52 O14 N2 S2 13C1,52,52,14,2,-9999,2,1,N/A,-9999,-9999,N/A,-9999
3649,1004.280836,1004.2812529240272,1004.2812057104792,10574822,-9999,138971.7,44.75,-1,0.04701227875050816,0.39983962031906745,0.8460994858314403,0.5783435665240166,30,0.9411764705882352,0.37254901960784315,13C1 N2 O19,de-protonated,1,3645,C51 H48 O19 N2 13C1,51,48,19,2,-9999,-9999,1,N/A,-9999,-9999,N/A,-9999
3649,1004.280836,1004.2812529240272,1004.282208032079,10574822,-9999,138971.7,44.75,-1,-0.951035519983425,0.5384189526295983,0.8531033852911006,0.6642927256941993,16,1.3902439024390243,0.5365853658536586,13C1 N2 S1 P1 O22,de-protonated,1,3645,C41 H57 O22 N2 P1 S1 13C1,41,57,22,2,1,1,1,N/A,-9999,-9999,N/A,-9999
3649,1004.280836,1004.2812529240272,1004.280983160279,10574822,-9999,138971.7,44.75,-1,0.26861381683858404,0.24674829818680505,0.5332443015078964,0.3613466995152416,33,0.9285714285714286,0.16071428571428573,N3 S2 P1 O9,de-protonated,0,-9999,C56 H52 O9 N3 P1 S2,56,52,9,3,1,2,-9999,N/A,-9999,-9999,N/A,-9999
3649,1004.280836,1004.2812529240272,1004.2816949678288,10574822,-9999,138971.7,44.75,-1,-0.4401591745315617,0.5820083247267912,0.8017771858503164,0.6699158691762013,34,0.9074074074074074,0.2037037037037037,13C1 N4 S1 P1 O11,de-protonated,1,3645,C54 H49 O11 N4 P1 S1 13C1,54,49,11,4,1,1,1,N/A,-9999,-9999,N/A,-9999
3649,1004.280836,1004.2812529240272,1004.280554261799,10574822,-9999,138971.7,44.75,-1,0.6956843135930696,0.3663714161944821,0.8814181987060692,0.5723901291991169,21,1.2093023255813953,0.4883720930232558,13C1 N4 S1 O21,de-protonated,1,3645,C43 H52 O21 N4 S1 13C1,43,52,21,4,-9999,1,1,N/A,-9999,-9999,N/A,-9999
3649,1004.280836,1004.2812529240272,1004.281556583399,10574822,-9999,138971.7,44.75,-1,-0.3023647800651714,0.4877306731656581,0.8747761488637185,0.6425488634448822,7,1.8484848484848484,0.7272727272727273,13C1 N4 S2 P1 O24,de-protonated,1,3645,C33 H61 O24 N4 P1 S2 13C1,33,61,24,4,1,2,1,N/A,-9999,-9999,N/A,-9999
3650,1004.293294,1004.2937109339024,1004.293111775149,122174432,-9999,147014.1,539.22,-1,0.5965974937907316,0.1789085765612477,0.6735124805768742,0.3767501381674983,37,0.8688524590163934,0.11475409836065574,13C1 S2 P1 O7,de-protonated,1,3646,C61 H53 O7 P1 S2 13C1,61,53,7,-9999,1,2,1,N/A,-9999,-9999,N/A,-9999
3650,1004.293294,1004.2937109339024,1004.2939740770088,122174432,-9999,147014.1,539.22,-1,-0.2620180078611712,0.18204368131230472,0.6735124805768742,0.3786312010181325,37,0.8548387096774194,0.0967741935483871,S2 P1 O6 17O1,de-protonated,1,3646,C62 H53 O6 P1 S2 17O1,62,53,6,-9999,1,2,-9999,N/A,1,-9999,N/A,-9999
3650,1004.293294,1004.2937109339024,1004.294472992569,122174432,-9999,147014.1,539.22,-1,-0.7588000203157946,0.5049509225364314,0.8174180254622346,0.6299377637067527,20,1.2173913043478262,0.4782608695652174,13C1 S1 O22,de-protonated,1,3646,C46 H56 O22 S1 13C1,46,56,22,-9999,-9999,1,1,N/A,-9999,-9999,N/A,-9999
3650,1004.293294,1004.2937109339024,1004.2932481207692,122174432,-9999,147014.1,539.22,-1,0.4608346558472884,0.08018324912937279,0.4648800702920424,0.23406197759444064,37,0.8360655737704918,0.14754098360655735,N1 S2 O9,de-protonated,0,-9999,C61 H51 O9 N1 S2,61,51,9,1,-9999,2,-9999,N/A,-9999,-9999,N/A,-9999
3650,1004.293294,1004.2937109339024,1004.293381062499,122174432,-9999,147014.1,539.22,-1,0.3284611944787556,0.1653727732618786,0.5433265540240466,0.3165542855667458,24,1.12,0.34,N1 S1 P1 O17,de-protonated,0,-9999,C50 H56 O17 N1 P1 S1,50,56,17,1,1,1,-9999,N/A,-9999,-9999,N/A,-9999
3650,1004.293294,1004.2937109339024,1004.293959928319,122174432,-9999,147014.1,539.22,-1,-0.24792981585746796,0.2782300081527033,0.7313017372216626,0.4594586997802871,38,0.8135593220338984,0.1864406779661017,13C1 N2 S1 O11,de-protonated,1,3646,C59 H48 O11 N2 S1 13C1,59,48,11,2,-9999,1,1,N/A,-9999,-9999,N/A,-9999
3650,1004.293294,1004.2937109339024,1004.2940928700488,122174432,-9999,147014.1,539.22,-1,-0.3803030895829533,0.31587499996366314,0.8308181283170964,0.5218522513050365,25,1.1041666666666667,0.3958333333333333,13C1 N2 P1 O19,de-protonated,1,3646,C48 H53 O19 N2 P1 13C1,48,53,19,2,1,-9999,1,N/A,-9999,-9999,N/A,-9999
3650,1004.293294,1004.2937109339024,1004.2938215438892,122174432,-9999,147014.1,539.22,-1,-0.1101370776071483,0.32311495590444184,0.7160673912473557,0.4802959300416074,11,1.5789473684210529,0.631578947368421,13C1 N2 S2 O24,de-protonated,1,3646,C38 H60 O24 N2 S2 13C1,38,60,24,2,-9999,2,1,N/A,-9999,-9999,N/A,-9999
3650,1004.293294,1004.2937109339024,1004.294683845749,122174432,-9999,147014.1,539.22,-1,-0.968751365634208,0.3140339146832819,0.7160673912473557,0.4748473053089114,11,1.5384615384615383,0.5897435897435898,N2 S2 O23 17O1,de-protonated,1,3646,C39 H60 O23 N2 S2 17O1,39,60,23,2,-9999,2,-9999,N/A,1,-9999,N/A,-9999
3650,1004.293294,1004.2937109339024,1004.292729613819,122174432,-9999,147014.1,539.22,-1,0.9771255477218148,0.06468720173101311,0.5535281290944695,0.2602235726763957,15,1.4285714285714286,0.4523809523809524,N3 S2 P1 O19,de-protonated,0,-9999,C42 H60 O19 N3 P1 S2,42,60,19,3,1,2,-9999,N/A,-9999,-9999,N/A,-9999
3650,1004.293294,1004.2937109339024,1004.2942292156692,122174432,-9999,147014.1,539.22,-1,-0.5160656623863118,0.2436489980124595,0.5735383984801394,0.3756047581995315,25,1.0625,0.4375,N3 O21,de-protonated,0,-9999,C48 H51 O21 N3,48,51,21,3,-9999,-9999,-9999,N/A,-9999,-9999,N/A,-9999
3650,1004.293294,1004.2937109339024,1004.293308479639,122174432,-9999,147014.1,539.22,-1,0.40073378973040685,0.13834461237777648,0.7127738324889733,0.3681163004222552,29,1.0196078431372548,0.2549019607843137,13C1 N4 S2 O13,de-protonated,1,3646,C51 H52 O13 N4 S2 13C1,51,52,13,4,-9999,2,1,N/A,-9999,-9999,N/A,-9999
3650,1004.293294,1004.2937109339024,1004.294170781499,122174432,-9999,147014.1,539.22,-1,-0.4578813756918496,0.13793464958704874,0.7127738324889733,0.36787032274781856,29,1,0.2307692307692308,N4 S2 O12 17O1,de-protonated,1,3646,C52 H52 O12 N4 S2 17O1,52,52,12,4,-9999,2,-9999,N/A,1,-9999,N/A,-9999
3650,1004.293294,1004.2937109339024,1004.2934414213688,122174432,-9999,147014.1,539.22,-1,0.2683603441601837,0.23555604336966235,0.7609465613688846,0.44571225056935126,16,1.425,0.525,13C1 N4 S1 P1 O21,de-protonated,1,3646,C40 H57 O21 N4 P1 S1 13C1,40,57,21,4,1,1,1,N/A,-9999,-9999,N/A,-9999
3650,1004.293294,1004.2937109339024,1004.294303723229,122174432,-9999,147014.1,539.22,-1,-0.5902545939465808,0.2325386905271716,0.7609465613688846,0.4439018388638568,16,1.3902439024390243,0.4878048780487805,N4 S1 P1 O20 17O1,de-protonated,1,3646,C41 H57 O20 N4 P1 S1 17O1,41,57,20,4,1,1,-9999,N/A,1,-9999,N/A,-9999
3651,1005.258898,1005.2593156993452,1005.2586362590688,7416441.5,-9999,186306.2,30.76,-1,0.6758860374345405,0.3068175435489872,0.5387936087087051,0.3996079696128744,38,0.7666666666666667,0.21666666666666667,S1 O13,de-protonated,0,-9999,C60 H46 O13 S1,60,46,13,-9999,-9999,1,-9999,N/A,-9999,-9999,N/A,-9999
3651,1005.258898,1005.2593156993452,1005.259638580669,7416441.5,-9999,186306.2,30.76,-1,-0.3211919702037446,0.32715169647517406,0.5937935904294966,0.43380845405690305,24,1.1,0.32,S2 P1 O16,de-protonated,0,-9999,C50 H55 O16 P1 S2,50,55,16,-9999,1,2,-9999,N/A,-9999,-9999,N/A,-9999
3651,1005.258898,1005.2593156993452,1005.2587692007992,7416441.5,-9999,186306.2,30.76,-1,0.5436396705445459,0.3159288099329825,0.5996860735531828,0.4294317153810626,25,1.0408163265306123,0.42857142857142855,P1 O21,de-protonated,0,-9999,C49 H51 O21 P1,49,51,21,-9999,1,-9999,-9999,N/A,-9999,-9999,N/A,-9999
3651,1005.258898,1005.2593156993452,1005.2588798210692,7416441.5,-9999,186306.2,30.76,-1,0.4335980361446237,0.6249073966012434,0.8468443598300704,0.7136821818927742,30,0.9607843137254902,0.27450980392156865,N4 34S1 P1 O14,de-protonated,1,3644,C51 H49 O14 N4 P1 34S1,51,49,14,4,1,-9999,-9999,N/A,-9999,-9999,N/A,1
3651,1005.258898,1005.2593156993452,1005.260106611319,7416441.5,-9999,186306.2,30.76,-1,-0.7867734615221978,0.297919700579598,0.5937935904294966,0.4162692565195575,30,0.94,0.34,N4 P1 O17,de-protonated,0,-9999,C50 H47 O17 N4 P1,50,47,17,4,1,-9999,-9999,N/A,-9999,-9999,N/A,-9999
3651,1005.258898,1005.2593156993452,1005.259835285159,7416441.5,-9999,186306.2,30.76,-1,-0.5168671776715865,0.4763409013277723,0.6980173569463055,0.5650114835751856,16,1.35,0.55,N4 S2 O22,de-protonated,0,-9999,C40 H54 O22 N4 S2,40,54,22,4,-9999,2,-9999,N/A,-9999,-9999,N/A,-9999
3652,1005.270128,1005.2705457082473,1005.2715234186388,6185589.5,-9999,168280.6,25.31,-1,-0.9725833955342372,0.28076199797858675,0.5545707124136274,0.390285483752603,33,0.8947368421052632,0.22807017543859648,S1 P1 O13,de-protonated,0,-9999,C57 H51 O13 P1 S1,57,51,13,-9999,1,1,-9999,N/A,-9999,-9999,N/A,-9999
3652,1005.270128,1005.2705457082473,1005.2703827126088,6185589.5,-9999,168280.6,25.31,-1,0.16214109272191082,0.33174704060852067,0.6178187149649359,0.4461757103510868,20,1.173913043478261,0.5,S1 O23,de-protonated,0,-9999,C46 H54 O23 S1,46,54,23,-9999,-9999,1,-9999,N/A,-9999,-9999,N/A,-9999
3652,1005.270128,1005.2705457082473,1005.2697333027388,6185589.5,-9999,168280.6,25.31,-1,0.8081467902729711,0.5921652946353998,0.8884403253679425,0.71067530692841685,38,0.8135593220338984,0.1694915254237288,13C1 N1 S1 P1 O10,de-protonated,1,3648,C59 H48 O10 N1 P1 S1 13C1,59,48,10,1,1,1,1,N/A,-9999,-9999,N/A,-9999
3652,1005.270128,1005.2705457082473,1005.2695949183088,6185589.5,-9999,168280.6,25.31,-1,0.9458059242232176,0.4250868008735562,0.8897574349677401,0.6109550545112298,11,1.5789473684210529,0.6052631578947368,13C1 N1 S2 P1 O23,de-protonated,1,3648,C38 H60 O23 N1 P1 S2 13C1,38,60,23,1,1,2,1,N/A,-9999,-9999,N/A,-9999
3652,1005.270128,1005.2705457082473,1005.269869648359,6185589.5,-9999,168280.6,25.31,-1,0.6725158175968075,0.30707064268097406,0.5439865594010858,0.4018370093690188,38,0.7796610169491526,0.2033898305084746,N2 S1 O12,de-protonated,0,-9999,C59 H46 O12 N2 S1,59,46,12,2,-9999,1,-9999,N/A,-9999,-9999,N/A,-9999
3652,1005.270128,1005.2705457082473,1005.270871969959,6185589.5,-9999,168280.6,25.31,-1,-0.32455104472984503,0.32702296139749154,0.5996860735531828,0.4360882062597681,24,1.1224489795918366,0.30612244897959184,N2 S2 P1 O15,de-protonated,0,-9999,C49 H55 O15 N2 P1 S2,49,55,15,2,1,2,-9999,N/A,-9999,-9999,N/A,-9999
3652,1005.270128,1005.2705457082473,1005.270002590089,6185589.5,-9999,168280.6,25.31,-1,0.540270929052578,0.31613819614799554,0.6056537631733503,0.43194442295813745,25,1.0625,0.4166666666666667,N2 P1 O20,de-protonated,0,-9999,C48 H51 O20 N2 P1,48,51,20,2,1,-9999,-9999,N/A,-9999,-9999,N/A,-9999
3652,1005.270128,1005.2705457082473,1005.2697312639292,6185589.5,-9999,168280.6,25.31,-1,0.8101749140923086,0.4438595547806546,0.7087183895694522,0.5498030886961736,11,1.5263157894736843,0.6578947368421053,N2 S2 O25,de-protonated,0,-9999,C38 H58 O25 N2 S2,38,58,25,2,-9999,2,-9999,N/A,-9999,-9999,N/A,-9999
3652,1005.270128,1005.2705457082473,1005.269793661609,6185589.5,-9999,168280.6,25.31,-1,0.7481042830313037,0.6144031881648101,0.8468443598300704,0.7073796568309143,30,1,0.2857142857142857,13C2 N4 S1 P1 O14,de-protonated,1,3644,C49 H49 O14 N4 P1 S1 13C2,49,49,14,4,1,1,2,N/A,-9999,-9999,N/A,-9999
3653,1005.274061,1005.274478711365,1005.274894721959,7801460,-9999,183100.9,32.47,-1,-0.41382769646267104,0.32313470921999177,0.5709562512810148,0.422263326044401,28,1.0185185185185186,0.24074074074074073,S2 P1 O13,de-protonated,0,-9999,C54 H55 O13 P1 S2,54,55,13,-9999,1,2,-9999,N/A,-9999,-9999,N/A,-9999
3653,1005.274061,1005.274478711365,1005.274025342089,7801460,-9999,183100.9,32.47,-1,0.4509907393991862,0.3212557907430065,0.5765576248001294,0.42337652436585566,29,0.9622641509433962,0.33962264150943394,P1 O18,de-protonated,0,-9999,C53 H51 O18 P1,53,51,18,-9999,1,-9999,-9999,N/A,-9999,-9999,N/A,-9999
3653,1005.274061,1005.274478711365,1005.2737540159292,7801460,-9999,183100.9,32.47,-1,0.7208936202811267,0.3033375936873968,0.6366550704180973,0.43666458437967703,15,1.3488372093023255,0.5348837209302325,S2 O23,de-protonated,0,-9999,C43 H58 O23 S2,43,58,23,-9999,-9999,2,-9999,N/A,-9999,-9999,N/A,-9999
3653,1005.274061,1005.274478711365,1005.2745160848792,7801460,-9999,183100.9,32.47,-1,-0.03717742124023989,0.41214199826686626,0.7994287266226767,0.5670566896091904,29,0.981132075471698,0.2641509433962264,N2 S1 34S1 O14,de-protonated,1,3645,C53 H52 O14 N2 S1 34S1,53,52,14,2,-9999,1,-9999,N/A,-9999,-9999,N/A,1
3653,1005.274061,1005.274478711365,1005.274649026609,7801460,-9999,183100.9,32.47,-1,-0.16942160457518723,0.5676510646187982,0.8531033852911006,0.6818319928877192,16,1.3571428571428572,0.5238095238095238,N2 34S1 P1 O22,de-protonated,1,3645,C42 H57 O22 N2 P1 34S1,42,57,22,2,1,-9999,-9999,N/A,-9999,-9999,N/A,1
3653,1005.274061,1005.274478711365,1005.2741359623592,7801460,-9999,183100.9,32.47,-1,0.34095078508415305,0.584742548984901,0.8017771858503164,0.6715564037310671,34,0.8909090909090909,0.2,N4 34S1 P1 O11,de-protonated,1,3645,C55 H49 O11 N4 P1 34S1,55,49,11,4,1,-9999,-9999,N/A,-9999,-9999,N/A,1
3653,1005.274061,1005.274478711365,1005.275362752609,7801460,-9999,183100.9,32.47,-1,-0.8794020790625077,0.28969249798371355,0.5709562512810148,0.40219799930263406,34,0.8703703703703703,0.25925925925925924,N4 P1 O14,de-protonated,0,-9999,C54 H47 O14 N4 P1,54,47,14,4,1,-9999,-9999,N/A,-9999,-9999,N/A,-9999
3653,1005.274061,1005.274478711365,1005.275091426449,7801460,-9999,183100.9,32.47,-1,-0.6094999162204812,0.31160507195704884,0.6302964184076338,0.4390816105372829,20,1.2272727272727273,0.4318181818181818,N4 S2 O19,de-protonated,0,-9999,C44 H54 O19 N4 S2,44,54,19,4,-9999,2,-9999,N/A,-9999,-9999,N/A,-9999
3653,1005.274061,1005.274478711365,1005.2742220465792,7801460,-9999,183100.9,32.47,-1,0.2553181810861464,0.32941383814351427,0.6366550704180973,0.4523103310533475,21,1.162790697674419,0.5581395348837209,N4 O24,de-protonated,0,-9999,C43 H50 O24 N4,43,50,24,4,-9999,-9999,-9999,N/A,-9999,-9999,N/A,-9999
3653,1005.274061,1005.274478711365,1005.273997577929,7801460,-9999,183100.9,32.47,-1,0.4786092519473388,0.4836873518134331,0.8747761488637185,0.6401228706335472,7,1.7941176470588236,0.7058823529411765,N4 S1 34S1 P1 O24,de-protonated,1,3645,C34 H61 O24 N4 P1 S1 34S1,34,61,24,4,1,1,-9999,N/A,-9999,-9999,N/A,1
3654,1005.286834,1005.2872517214902,1005.286779559929,83212912,-9999,151556.5,366.6,-1,0.4696784746601917,0.10675147912784586,0.4908422763117488,0.26038779800140704,37,0.8360655737704918,0.16393442622950818,S1 P1 O10,de-protonated,0,-9999,C61 H51 O10 P1 S1,61,51,10,-9999,1,1,-9999,N/A,-9999,-9999,N/A,-9999
3654,1005.286834,1005.2872517214902,1005.2869139870992,83212912,-9999,151556.5,366.6,-1,0.3359582089557253,0.5102129486245538,0.8174180254622346,0.6330949793596261,20,1.1914893617021276,0.46808510638297873,34S1 O22,de-protonated,1,3646,C47 H56 O22 34S1,47,56,22,-9999,-9999,-9999,-9999,N/A,-9999,-9999,N/A,1
3654,1005.286834,1005.2872517214902,1005.2866411754992,83212912,-9999,151556.5,366.6,-1,0.6073352276721707,0.3098524244003835,0.84983758608986,0.5258464890761742,10,1.575,0.575,S2 P1 O23,de-protonated,0,-9999,C40 H63 O23 P1 S2,40,63,23,-9999,1,2,-9999,N/A,-9999,-9999,N/A,-9999
3654,1005.286834,1005.2872517214902,1005.288140777349,83212912,-9999,151556.5,366.6,-1,-0.8843791374271217,0.37377755428858694,0.857737728974033,0.5673616241627654,20,1.173913043478261,0.5434782608695652,O25,de-protonated,0,-9999,C46 H54 O25,46,54,25,-9999,-9999,-9999,-9999,N/A,-9999,-9999,N/A,-9999
3654,1005.286834,1005.2872517214902,1005.286400922849,83212912,-9999,151556.5,366.6,-1,0.8463246298770155,0.2717133809544574,0.7313017372216626,0.45554872346133946,38,0.8,0.18333333333333332,N2 34S1 O11,de-protonated,1,3646,C60 H48 O11 N2 34S1,60,48,11,2,-9999,-9999,-9999,N/A,-9999,-9999,N/A,1
3654,1005.286834,1005.2872517214902,1005.287627713099,83212912,-9999,151556.5,366.6,-1,-0.3740139622564673,0.16248953476735126,0.5190650882997693,0.3051197561803185,38,0.7796610169491526,0.23728813559322037,N2 O14,de-protonated,0,-9999,C59 H46 O14 N2,59,46,14,2,-9999,-9999,-9999,N/A,-9999,-9999,N/A,-9999
3654,1005.286834,1005.2872517214902,1005.286262538419,83212912,-9999,151556.5,366.6,-1,0.9839814866978353,0.3137669058505774,0.7160673912473557,0.4746871000092887,11,1.5384615384615383,0.6153846153846154,N2 S1 34S1 O24,de-protonated,1,3646,C39 H60 O24 N2 S1 34S1,39,60,24,2,-9999,1,-9999,N/A,-9999,-9999,N/A,1
3654,1005.286834,1005.2872517214902,1005.286976264419,83212912,-9999,151556.5,366.6,-1,0.27400839532899324,0.2201078289819344,0.7765608940056234,0.44268905499141,29,0.9803921568627452,0.3137254901960784,N4 S1 O16,de-protonated,0,-9999,C51 H50 O16 N4 S1,51,50,16,4,-9999,1,-9999,N/A,-9999,-9999,N/A,-9999
3654,1005.286834,1005.2872517214902,1005.287978586019,83212912,-9999,151556.5,366.6,-1,-0.7230411029457966,0.273851822692354,0.8431399200637215,0.501567061640901,15,1.4390243902439024,0.4634146341463415,N4 S2 P1 O19,de-protonated,0,-9999,C41 H59 O19 N4 P1 S2,41,59,19,4,1,2,-9999,N/A,-9999,-9999,N/A,-9999
3654,1005.286834,1005.2872517214902,1005.287109206149,83212912,-9999,151556.5,366.6,-1,0.14176580984901196,0.4832801722118634,0.8202672547819955,0.6180750052399162,16,1.375,0.6,N4 P1 O24,de-protonated,0,-9999,C40 H55 O24 N4 P1,40,55,24,4,1,-9999,-9999,N/A,-9999,-9999,N/A,-9999
3655,1005.298171,1005.2985887304771,1005.298393071739,24271466,-9999,132186.7,105.44,-1,0.19462752497743036,0.3320596129132944,0.5432918219418816,0.4165524965247293,32,0.9310344827586208,0.20689655172413793,S2 O12,de-protonated,0,-9999,C58 H54 O12 S2,58,54,12,-9999,-9999,2,-9999,N/A,-9999,-9999,N/A,-9999
3655,1005.298171,1005.2985887304771,1005.2985260134687,24271466,-9999,132186.7,105.44,-1,0.06238645205166312,0.597663639495853,0.7947951867194101,0.6765162583852758,19,1.25531914893617,0.425531914893617,S1 P1 O20,de-protonated,0,-9999,C47 H59 O20 P1 S1,47,59,20,-9999,1,1,-9999,N/A,-9999,-9999,N/A,-9999
3655,1005.298171,1005.2985887304771,1005.297827827639,24271466,-9999,132186.7,105.44,-1,0.7568929495930138,0.5049824277181783,0.8174180254622346,0.6299566668158008,20,1.2444444444444445,0.4888888888888889,13C2 S1 O22,de-protonated,1,3646,C45 H56 O22 S1 13C2,45,56,22,-9999,-9999,1,2,N/A,-9999,-9999,N/A,-9999
3655,1005.298171,1005.2985887304771,1005.298690129499,24271466,-9999,132186.7,105.44,-1,-0.10086457178980222,0.5114414256395474,0.8174180254622346,0.6338320655686223,20,1.2173913043478262,0.4565217391304347,13C1 S1 O21 17O1,de-protonated,1,3646,C46 H56 O21 S1 13C1 17O1,46,56,21,-9999,-9999,1,1,N/A,1,-9999,N/A,-9999
3655,1005.298171,1005.2985887304771,1005.297598199429,24271466,-9999,132186.7,105.44,-1,0.9853112649767196,0.15245200948252446,0.5433265540240466,0.30880182729913336,24,1.12,0.32,N1 S1 P1 O16 17O1,de-protonated,1,3650,C50 H56 O16 N1 P1 S1 17O1,50,56,16,1,1,1,-9999,N/A,1,-9999,N/A,-9999
3655,1005.298171,1005.2985887304771,1005.298012949219,24271466,-9999,132186.7,105.44,-1,0.5727468379708723,0.3849577166065156,0.5374086066454462,0.44593807262208784,37,0.85,0.15,N2 S1 P1 O9,de-protonated,0,-9999,C60 H51 O9 N2 P1 S1,60,51,9,2,1,1,-9999,N/A,-9999,-9999,N/A,-9999
3655,1005.298171,1005.2985887304771,1005.298177065249,24271466,-9999,132186.7,105.44,-1,0.409495647721853,0.27711961012611186,0.7313017372216626,0.4587924609643321,38,0.8135593220338984,0.1694915254237288,13C1 N2 S1 O10 17O1,de-protonated,1,3646,C59 H48 O10 N2 S1 13C1 17O1,59,48,10,2,-9999,1,1,N/A,1,-9999,N/A,-9999
3655,1005.298171,1005.2985887304771,1005.2983100069788,24271466,-9999,132186.7,105.44,-1,0.2772545178542245,0.3168792081130271,0.8308181283170964,0.5224547761946549,25,1.1041666666666667,0.375,13C1 N2 P1 O18 17O1,de-protonated,1,3646,C48 H53 O18 N2 P1 13C1 17O1,48,53,18,2,1,-9999,1,N/A,1,-9999,N/A,-9999
3655,1005.298171,1005.2985887304771,1005.297874564789,24271466,-9999,132186.7,105.44,-1,0.7104020670811402,0.4720191984096315,0.8357534541783641,0.6175129007171245,10,1.6153846153846154,0.5641025641025641,N2 S2 P1 O22,de-protonated,0,-9999,C39 H63 O22 N2 P1 S2,39,63,22,2,1,2,-9999,N/A,-9999,-9999,N/A,-9999
3655,1005.298171,1005.2985887304771,1005.299374166639,24271466,-9999,132186.7,105.44,-1,-0.7812957832010844,0.43311486155615386,0.8278143281172402,0.5909946481805883,20,1.2,0.5333333333333333,N2 O24,de-protonated,0,-9999,C45 H54 O24 N2,45,54,24,2,-9999,-9999,-9999,N/A,-9999,-9999,N/A,-9999
3655,1005.298171,1005.2985887304771,1005.298038680819,24271466,-9999,132186.7,105.44,-1,0.547150831887387,0.3201341670803398,0.7160673912473557,0.4785074567471462,11,1.5789473684210529,0.6052631578947368,13C1 N2 S2 O23 17O1,de-protonated,1,3646,C38 H60 O23 N2 S2 13C1 17O1,38,60,23,2,-9999,2,1,N/A,1,-9999,N/A,-9999
3655,1005.298171,1005.2985887304771,1005.2984463525992,24271466,-9999,132186.7,105.44,-1,0.14162747252655664,0.24909176388746893,0.5735383984801394,0.3788704177245371,25,1.0625,0.4166666666666667,N3 O20 17O1,de-protonated,1,3650,C48 H51 O20 N3 17O1,48,51,20,3,-9999,-9999,-9999,N/A,1,-9999,N/A,-9999
3655,1005.298171,1005.2985887304771,1005.298861102389,24271466,-9999,132186.7,105.44,-1,-0.2709362582194852,0.24669220176743512,0.5377153877319917,0.3631014761532577,38,0.7931034482758621,0.22413793103448276,N4 O13,de-protonated,0,-9999,C58 H46 O13 N4,58,46,13,4,-9999,-9999,-9999,N/A,-9999,-9999,N/A,-9999
3655,1005.298171,1005.2985887304771,1005.297658558299,24271466,-9999,132186.7,105.44,-1,0.9252704114726158,0.2273750474588651,0.7609465613688846,0.44080365302287294,16,1.425,0.5,13C1 N4 S1 P1 O20 17O1,de-protonated,1,3646,C40 H57 O20 N4 P1 S1 13C1 17O1,40,57,20,4,1,1,1,N/A,1,-9999,N/A,-9999
3656,1005.310589,1005.3110067403212,1005.311280231309,3887718.3,-9999,231274.1,15.13,-1,-0.27204607492568544,0.493330458378157,0.6270122956014688,0.5468031932674817,27,1.0727272727272728,0.21818181818181817,S2 P1 O12,de-protonated,0,-9999,C55 H59 O12 P1 S2,55,59,12,-9999,1,2,-9999,N/A,-9999,-9999,N/A,-9999
3656,1005.310589,1005.3110067403212,1005.310410851439,3887718.3,-9999,231274.1,15.13,-1,0.5927411829071192,0.46911950032841615,0.6312934720183802,0.5339890890044018,28,1.0185185185185186,0.3148148148148148,P1 O17,de-protonated,0,-9999,C54 H55 O17 P1,54,55,17,-9999,1,-9999,-9999,N/A,-9999,-9999,N/A,-9999
3656,1005.310589,1005.3110067403212,1005.310139525279,3887718.3,-9999,231274.1,15.13,-1,0.8626343333657726,0.436847968824932,0.677556331758097,0.533131313998198,14,1.4090909090909092,0.5,S2 O22,de-protonated,0,-9999,C44 H62 O22 S2,44,62,22,-9999,-9999,2,-9999,N/A,-9999,-9999,N/A,-9999
3656,1005.310589,1005.3110067403212,1005.311748261959,3887718.3,-9999,231274.1,15.13,-1,-0.7376036728784354,0.4529987088481518,0.6270122956014688,0.5226041435494786,33,0.9272727272727272,0.23636363636363636,N4 P1 O13,de-protonated,0,-9999,C55 H51 O13 N4 P1,55,51,13,4,1,-9999,-9999,N/A,-9999,-9999,N/A,-9999
3656,1005.310589,1005.3110067403212,1005.3114769357992,3887718.3,-9999,231274.1,15.13,-1,-0.46771124052090424,0.480542420199977,0.672627141691601,0.5573763087966266,19,1.288888888888889,0.4,N4 S2 O18,de-protonated,0,-9999,C45 H58 O18 N4 S2,45,58,18,4,-9999,2,-9999,N/A,-9999,-9999,N/A,-9999
3656,1005.310589,1005.3110067403212,1005.3106075559292,3887718.3,-9999,231274.1,15.13,-1,0.3970756788942111,0.4858982541122121,0.677556331758097,0.562561485170566,20,1.2272727272727273,0.5227272727272727,N4 O23,de-protonated,0,-9999,C44 H54 O23 N4,44,54,23,4,-9999,-9999,-9999,N/A,-9999,-9999,N/A,-9999
3657,1005.319071,1005.3194887470448,1005.3195224397992,3484259.3,-9999,219759.8,13.34,-1,-0.03351447330750118,0.499898106994036,0.62701229560146865,0.5507437824370092,27,1.0545454545454545,0.2545454545454545,S2 O14,de-protonated,0,-9999,C55 H58 O14 S2,55,58,14,-9999,-9999,2,-9999,N/A,-9999,-9999,N/A,-9999
3657,1005.319071,1005.3194887470448,1005.318653059929,3484259.3,-9999,219759.8,13.34,-1,0.831265900868467,0.4410801090865853,0.6312934720183803,0.5171654542593034,28,1,0.35185185185185186,O19,de-protonated,0,-9999,C54 H54 O19,54,54,19,-9999,-9999,-9999,-9999,N/A,-9999,-9999,N/A,-9999
3657,1005.319071,1005.3194887470448,1005.319655381529,3484259.3,-9999,219759.8,13.34,-1,-0.1657527366792332,0.4975136446771801,0.6775563317580969,0.5695307195095469,14,1.431818181818182,0.5,S1 P1 O22,de-protonated,0,-9999,C44 H63 O22 P1 S1,44,63,22,-9999,1,1,-9999,N/A,-9999,-9999,N/A,-9999
3657,1005.319071,1005.3194887470448,1005.319142317279,3484259.3,-9999,219759.8,13.34,-1,0.34459680638584805,0.48934199373259846,0.6186218109054389,0.5410539206017346,32,0.9649122807017544,0.19298245614035087,N2 S1 P1 O11,de-protonated,0,-9999,C57 H55 O11 N2 P1 S1,57,55,11,2,1,1,-9999,N/A,-9999,-9999,N/A,-9999
3657,1005.319071,1005.3194887470448,1005.319003932849,3484259.3,-9999,219759.8,13.34,-1,0.4822491109115792,0.479339746536766,0.719752637322661,0.5755049028511241,5,1.8611111111111112,0.6666666666666666,N2 S2 P1 O24,de-protonated,0,-9999,C36 H67 O24 N2 P1 S2,36,67,24,2,1,2,-9999,N/A,-9999,-9999,N/A,-9999
3657,1005.319071,1005.3194887470448,1005.3184908685988,3484259.3,-9999,219759.8,13.34,-1,0.9925993155051324,0.4181478855352135,0.6536072938689251,0.5123316488686982,23,1.2040816326530612,0.2653061224489796,N4 S2 P1 O13,de-protonated,0,-9999,C49 H59 O13 N4 P1 S2,49,59,13,4,1,2,-9999,N/A,-9999,-9999,N/A,-9999
3657,1005.319071,1005.3194887470448,1005.319990470449,3484259.3,-9999,219759.8,13.34,-1,-0.4990683652796598,0.4779063597774114,0.6270122956014688,0.5375487341070344,33,0.9090909090909092,0.2727272727272727,N4 O15,de-protonated,0,-9999,C55 H50 O15 N4,55,50,15,4,-9999,-9999,-9999,N/A,-9999,-9999,N/A,-9999
3658,1006.290088,1006.2905065167782,1006.2902688221692,26212600,-9999,135952.8,114.04,-1,0.23620879235240308,0.5108928598254836,0.8174180254622346,0.6335029260801841,20,1.2173913043478262,0.4782608695652174,13C1 34S1 O22,de-protonated,1,3646,C46 H56 O22 13C1 34S1,46,56,22,-9999,-9999,-9999,1,N/A,-9999,-9999,N/A,1
3658,1006.290088,1006.2905065167782,1006.2899960105692,26212600,-9999,135952.8,114.04,-1,0.5073151985637718,0.31197601333116143,0.84983758608986,0.5271206424346409,10,1.6153846153846154,0.5897435897435898,13C1 S2 P1 O23,de-protonated,1,3654,C39 H63 O23 P1 S2 13C1,39,63,23,-9999,1,2,1,N/A,-9999,-9999,N/A,-9999
3658,1006.290088,1006.2905065167782,1006.291495612419,26212600,-9999,135952.8,114.04,-1,-0.9829116563881002,0.3697076435857997,0.857737728974033,0.564919677741093,20,1.2,0.5555555555555556,13C1 O25,de-protonated,1,3654,C45 H54 O25 13C1,45,54,25,-9999,-9999,-9999,1,N/A,-9999,-9999,N/A,-9999
3658,1006.290088,1006.2905065167782,1006.290270740619,26212600,-9999,135952.8,114.04,-1,0.2343023341125901,0.16501472548749876,0.5068242586341856,0.3017385387461735,37,0.8166666666666667,0.2,N1 S1 O12,de-protonated,0,-9999,C60 H49 O12 N1 S1,60,49,12,1,-9999,1,-9999,N/A,-9999,-9999,N/A,-9999
3658,1006.290088,1006.2905065167782,1006.291273062219,26212600,-9999,135952.8,114.04,-1,-0.7617530443887909,0.15001075593589,0.5397276980797595,0.3058975327934378,23,1.16,0.3,N1 S2 P1 O15,de-protonated,0,-9999,C50 H58 O15 N1 P1 S2,50,58,15,1,1,2,-9999,N/A,-9999,-9999,N/A,-9999
3658,1006.290088,1006.2905065167782,1006.2904036823488,26212600,-9999,135952.8,114.04,-1,0.10219160286407554,0.2495267257742616,0.5852611300285433,0.3838204874759743,24,1.1020408163265305,0.40816326530612246,N1 P1 O20,de-protonated,0,-9999,C49 H54 O20 N1 P1,49,54,20,1,1,-9999,-9999,N/A,-9999,-9999,N/A,-9999
3658,1006.290088,1006.2905065167782,1006.290132356189,26212600,-9999,135952.8,114.04,-1,0.37182178100193775,0.3176050677686776,0.7737238534032872,0.5000525820225215,10,1.564102564102564,0.6410256410256411,N1 S2 O25,de-protonated,0,-9999,C39 H61 O25 N1 S2,39,61,25,1,-9999,2,-9999,N/A,-9999,-9999,N/A,-9999
3658,1006.290088,1006.2905065167782,1006.289755757919,26212600,-9999,135952.8,114.04,-1,0.7460662845173206,0.27323161056036893,0.7313017372216626,0.4564596612248864,38,0.8135593220338984,0.1864406779661017,13C1 N2 34S1 O11,de-protonated,1,3646,C59 H48 O11 N2 13C1 34S1,59,48,11,2,-9999,-9999,1,N/A,-9999,-9999,N/A,1
3658,1006.290088,1006.2905065167782,1006.289617373489,26212600,-9999,135952.8,114.04,-1,0.8835858721616718,0.31547458627541936,0.7160673912473557,0.4757117082641939,11,1.5789473684210529,0.631578947368421,13C1 N2 S1 34S1 O24,de-protonated,1,3646,C38 H60 O24 N2 S1 13C1 34S1,38,60,24,2,-9999,1,1,N/A,-9999,-9999,N/A,1
3658,1006.290088,1006.2905065167782,1006.2896192919392,26212600,-9999,135952.8,114.04,-1,0.8816794113404874,0.14474088094634444,0.5301908613734361,0.2989208731171811,28,1.0192307692307692,0.2692307692307692,N3 S2 O14,de-protonated,0,-9999,C52 H53 O14 N3 S2,52,53,14,3,-9999,2,-9999,N/A,-9999,-9999,N/A,-9999
3658,1006.290088,1006.2905065167782,1006.289752233669,26212600,-9999,135952.8,114.04,-1,0.7495685090410508,0.1806153960718049,0.6137530316705124,0.35387045031128794,15,1.4146341463414631,0.5365853658536586,N3 S1 P1 O22,de-protonated,0,-9999,C41 H58 O22 N3 P1 S1,41,58,22,3,1,1,-9999,N/A,-9999,-9999,N/A,-9999
3658,1006.290088,1006.2905065167782,1006.2903310994892,26212600,-9999,135952.8,114.04,-1,0.17432075388295143,0.2210003022982275,0.7765608940056234,0.44322453898118586,29,1,0.32,13C1 N4 S1 O16,de-protonated,1,3654,C50 H50 O16 N4 S1 13C1,50,50,16,4,-9999,1,1,N/A,-9999,-9999,N/A,-9999
3658,1006.290088,1006.2905065167782,1006.291333421089,26212600,-9999,135952.8,114.04,-1,-0.8217345050155934,0.2713703055262059,0.8431399200637215,0.5000781513412121,15,1.475,0.475,13C1 N4 S2 P1 O19,de-protonated,1,3654,C40 H59 O19 N4 P1 S2 13C1,40,59,19,4,1,2,1,N/A,-9999,-9999,N/A,-9999
3658,1006.290088,1006.2905065167782,1006.290464041219,26212600,-9999,135952.8,114.04,-1,0.04221003848285247,0.4836947721486624,0.8202672547819955,0.6183237652019957,16,1.4102564102564104,0.6153846153846154,13C1 N4 P1 O24,de-protonated,1,3654,C39 H55 O24 N4 P1 13C1,39,55,24,4,1,-9999,1,N/A,-9999,-9999,N/A,-9999
3658,1006.290088,1006.2905065167782,1006.2913263430788,26212600,-9999,135952.8,114.04,-1,-0.8147007523936179,0.4695520965568256,0.8202672547819955,0.6098381598468936,16,1.375,0.575,N4 P1 O23 17O1,de-protonated,1,3654,C40 H55 O23 N4 P1 17O1,40,55,23,4,1,-9999,-9999,N/A,1,-9999,N/A,-9999
3659,1006.301315,1006.301733525678,1006.3018808485388,6942963.5,-9999,106120.9,28.67,-1,-0.1464002637933621,0.5970285429906339,0.7947951867194101,0.6761352004821444,19,1.2826086956521738,0.43478260869565216,13C1 S1 P1 O20,de-protonated,1,3655,C46 H59 O20 P1 S1 13C1,46,59,20,-9999,1,1,1,N/A,-9999,-9999,N/A,-9999
3659,1006.301315,1006.301733525678,1006.301182662709,6942963.5,-9999,106120.9,28.67,-1,0.5474136158357469,0.5080362836819695,0.8174180254622346,0.6317889803940756,20,1.2727272727272727,0.5,13C3 S1 O22,de-protonated,1,3646,C44 H56 O22 S1 13C3,44,56,22,-9999,-9999,1,3,N/A,-9999,-9999,N/A,-9999
3659,1006.301315,1006.301733525678,1006.302017194159,6942963.5,-9999,106120.9,28.67,-1,-0.2818919927754746,0.3285616580363908,0.6178187149649361,0.4442644808078089,19,1.2391304347826086,0.4782608695652174,N1 S1 O22,de-protonated,0,-9999,C46 H57 O22 N1 S1,46,57,22,1,-9999,1,-9999,N/A,-9999,-9999,N/A,-9999
3659,1006.301315,1006.301733525678,1006.3008025401888,6942963.5,-9999,106120.9,28.67,-1,0.92515626223543,0.30604634121006036,0.8308181283170964,0.5159550560528748,25,1.1521739130434785,0.4130434782608696,13C3 N2 P1 O19,de-protonated,1,3646,C46 H53 O19 N2 P1 13C3,46,53,19,2,1,-9999,3,N/A,-9999,-9999,N/A,-9999
3659,1006.301315,1006.301733525678,1006.301229399859,6942963.5,-9999,106120.9,28.67,-1,0.5009690978128145,0.4791837683624333,0.8357534541783641,0.6218116426888056,10,1.6578947368421053,0.5789473684210527,13C1 N2 S2 P1 O22,de-protonated,1,3655,C38 H63 O22 N2 P1 S2 13C1,38,63,22,2,1,2,1,N/A,-9999,-9999,N/A,-9999
3659,1006.301315,1006.301733525678,1006.302729001709,6942963.5,-9999,106120.9,28.67,-1,-0.989241112345352,0.41865315335579584,0.8278143281172402,0.5823176232603735,20,1.2272727272727273,0.5454545454545454,13C1 N2 O24,de-protonated,1,3655,C44 H54 O24 N2 13C1,44,54,24,2,-9999,-9999,1,N/A,-9999,-9999,N/A,-9999
3659,1006.301315,1006.301733525678,1006.301504129909,6942963.5,-9999,106120.9,28.67,-1,0.2279592827491568,0.3302050847849097,0.5439865594010858,0.4157176746313801,37,0.8305084745762712,0.1864406779661017,N3 S1 O11,de-protonated,0,-9999,C59 H49 O11 N3 S1,59,49,11,3,-9999,1,-9999,N/A,-9999,-9999,N/A,-9999
3659,1006.301315,1006.301733525678,1006.3025064515092,6942963.5,-9999,106120.9,28.67,-1,-0.7680849705469902,0.29949463892660727,0.5996860735531828,0.4195712127772375,23,1.183673469387755,0.2857142857142857,N3 S2 P1 O14,de-protonated,0,-9999,C49 H58 O14 N3 P1 S2,49,58,14,3,1,2,-9999,N/A,-9999,-9999,N/A,-9999
3659,1006.301315,1006.301733525678,1006.301637071639,6942963.5,-9999,106120.9,28.67,-1,0.09585002698352744,0.33277812609933294,0.6056537631733503,0.4419283809289399,24,1.125,0.3958333333333333,N3 P1 O19,de-protonated,0,-9999,C48 H54 O19 N3 P1,48,54,19,3,1,-9999,-9999,N/A,-9999,-9999,N/A,-9999
3659,1006.301315,1006.301733525678,1006.3013657454792,6942963.5,-9999,106120.9,28.67,-1,0.36547719351721825,0.48802730052646154,0.7087183895694522,0.5763037361436578,10,1.605263157894737,0.631578947368421,N3 S2 O24,de-protonated,0,-9999,C38 H61 O24 N3 S2,38,61,24,3,-9999,2,-9999,N/A,-9999,-9999,N/A,-9999
3660,1007.293703,1007.2941223123526,1007.294188901339,5792637.5,-9999,122358.9,23.57,-1,-0.06610679102081707,0.3330691213264055,0.5432918219418816,0.417158201572596,32,0.9310344827586208,0.20689655172413793,S1 34S1 O12,de-protonated,1,3655,C58 H54 O12 S1 34S1,58,54,12,-9999,-9999,1,-9999,N/A,-9999,-9999,N/A,1
3660,1007.293703,1007.2941223123526,1007.294321843069,5792637.5,-9999,122358.9,23.57,-1,-0.19808581480045043,0.5963859524397519,0.7947951867194101,0.6757496461516153,19,1.25531914893617,0.425531914893617,34S1 P1 O20,de-protonated,1,3655,C47 H59 O20 P1 34S1,47,59,20,-9999,1,-9999,-9999,N/A,-9999,-9999,N/A,1
3660,1007.293703,1007.2941223123526,1007.2936236572392,5792637.5,-9999,122358.9,23.57,-1,0.4950444455810252,0.5086648276345874,0.8174180254622346,0.6321661067656463,20,1.2444444444444445,0.4888888888888889,13C2 34S1 O22,de-protonated,1,3646,C45 H56 O22 13C2 34S1,45,56,22,-9999,-9999,-9999,2,N/A,-9999,-9999,N/A,1
3660,1007.293703,1007.2941223123526,1007.2933508456392,5792637.5,-9999,122358.9,23.57,-1,0.7658808755139904,0.30582722117783406,0.84983758608986,0.5234313671426445,10,1.6578947368421053,0.6052631578947368,13C2 S2 P1 O23,de-protonated,1,3654,C38 H63 O23 P1 S2 13C2,38,63,23,-9999,1,2,2,N/A,-9999,-9999,N/A,-9999
3660,1007.293703,1007.2941223123526,1007.294850447489,5792637.5,-9999,122358.9,23.57,-1,-0.7228619665155127,0.3797560347439738,0.857737728974033,0.5709487124359975,20,1.2272727272727273,0.5681818181818182,13C2 O25,de-protonated,1,3654,C44 H54 O25 13C2,44,54,25,-9999,-9999,-9999,2,N/A,-9999,-9999,N/A,-9999
3660,1007.293703,1007.2941223123526,1007.293487191259,5792637.5,-9999,122358.9,23.57,-1,0.6305223865733195,0.31013464019301634,0.7737238534032872,0.4955703254771247,10,1.605263157894737,0.6578947368421053,13C1 N1 S2 O25,de-protonated,1,3658,C38 H61 O25 N1 S2 13C1,38,61,25,1,-9999,2,1,N/A,-9999,-9999,N/A,-9999
3660,1007.293703,1007.2941223123526,1007.2938087788192,5792637.5,-9999,122358.9,23.57,-1,0.31126323892724356,0.3930295998491811,0.5374086066454462,0.4507812025676872,37,0.85,0.15,N2 34S1 P1 O9,de-protonated,1,3655,C60 H51 O9 N2 P1 34S1,60,51,9,2,1,-9999,-9999,N/A,-9999,-9999,N/A,1
3660,1007.293703,1007.2941223123526,1007.295035569069,5792637.5,-9999,122358.9,23.57,-1,-0.9066427255132096,0.28714634048331095,0.5439865594010858,0.3898824280504208,37,0.8305084745762712,0.2033898305084746,N2 P1 O12,de-protonated,0,-9999,C59 H49 O12 N2 P1,59,49,12,2,1,-9999,-9999,N/A,-9999,-9999,N/A,-9999
3660,1007.293703,1007.2941223123526,1007.2947642429092,5792637.5,-9999,122358.9,23.57,-1,-0.6372817365018565,0.3096527771817202,0.5996860735531828,0.4256660957303052,23,1.1428571428571428,0.3469387755102041,N2 S2 O17,de-protonated,0,-9999,C49 H56 O17 N2 S2,49,56,17,2,-9999,2,-9999,N/A,-9999,-9999,N/A,-9999
3660,1007.293703,1007.2941223123526,1007.293894863039,5792637.5,-9999,122358.9,23.57,-1,0.2258023350782158,0.3302637314762186,0.6056537631733504,0.44041974415507135,24,1.0833333333333333,0.4583333333333333,N2 O22,de-protonated,0,-9999,C48 H52 O22 N2,48,52,22,2,-9999,-9999,-9999,N/A,-9999,-9999,N/A,-9999
3660,1007.293703,1007.2941223123526,1007.293670394389,5792637.5,-9999,122358.9,23.57,-1,0.4486456897883983,0.4806259776370279,0.8357534541783641,0.6226769682535624,10,1.6153846153846154,0.5641025641025641,N2 S1 34S1 P1 O22,de-protonated,1,3655,C39 H63 O22 N2 P1 S1 34S1,39,63,22,2,1,1,-9999,N/A,-9999,-9999,N/A,1
3660,1007.293703,1007.2941223123526,1007.2948971846388,5792637.5,-9999,122358.9,23.57,-1,-0.7692606092895826,0.4490946564986104,0.7087183895694522,0.5529441497269472,10,1.605263157894737,0.6578947368421053,N2 S1 P1 O25,de-protonated,0,-9999,C38 H61 O25 N2 P1 S1,38,61,25,2,1,1,-9999,N/A,-9999,-9999,N/A,-9999
3660,1007.293703,1007.2941223123526,1007.2943841203888,5792637.5,-9999,122358.9,23.57,-1,-0.259912137416668,0.32927239213904835,0.587975334478484,0.43275356907482265,28,1.03921568627451,0.27450980392156865,N4 S1 P1 O14,de-protonated,0,-9999,C51 H53 O14 N4 P1 S1,51,53,14,4,1,1,-9999,N/A,-9999,-9999,N/A,-9999
3660,1007.293703,1007.2941223123526,1007.294688256159,5792637.5,-9999,122358.9,23.57,-1,-0.5618453200063913,0.277334888065451,0.8431399200637215,0.5036569008647592,15,1.5128205128205128,0.4871794871794872,13C2 N4 S2 P1 O19,de-protonated,1,3654,C39 H59 O19 N4 P1 S2 13C2,39,59,19,4,1,2,2,N/A,-9999,-9999,N/A,-9999
3660,1007.293703,1007.2941223123526,1007.293818876289,5792637.5,-9999,122358.9,23.57,-1,0.3012388816769003,0.4816938361781288,0.8202672547819955,0.6171232036196755,16,1.4473684210526316,0.631578947368421,13C2 N4 P1 O24,de-protonated,1,3654,C38 H55 O24 N4 P1 13C2,38,55,24,4,1,-9999,2,N/A,-9999,-9999,N/A,-9999
3660,1007.293703,1007.2941223123526,1007.293243414359,5792637.5,-9999,122358.9,23.57,-1,0.8725343878382448,0.4354884451429093,0.6980173569463056,0.5405000098642678,15,1.4,0.6,N4 S1 O24,de-protonated,0,-9999,C40 H56 O24 N4 S1,40,56,24,4,-9999,1,-9999,N/A,-9999,-9999,N/A,-9999
3661,1017.276274,1017.276701225622,1017.2772637036792,3663916.5,-9999,217208.5,14.16,-1,-0.5529250257130659,0.3153456673984461,0.5286014919551969,0.4006479972211464,38,0.8064516129032258,0.16129032258064516,S2 O10,de-protonated,0,-9999,C62 H50 O10 S2,62,50,10,-9999,-9999,2,-9999,N/A,-9999,-9999,N/A,-9999
3661,1017.276274,1017.276701225622,1017.276394323809,3663916.5,-9999,217208.5,14.16,-1,0.3016897026391535,0.3278735887343588,0.5336655475323598,0.4101903722535592,39,0.7540983606557377,0.2459016393442623,O15,de-protonated,0,-9999,C61 H46 O15,61,46,15,-9999,-9999,-9999,-9999,N/A,-9999,-9999,N/A,-9999
3661,1017.276274,1017.276701225622,1017.2773966454088,3663916.5,-9999,217208.5,14.16,-1,-0.6836088065069523,0.4593503996844473,0.6444951140065156,0.5334082854132747,25,1.0784313725490196,0.35294117647058826,S1 P1 O18,de-protonated,0,-9999,C51 H55 O18 P1 S1,51,55,18,-9999,1,1,-9999,N/A,-9999,-9999,N/A,-9999
3661,1017.276274,1017.276701225622,1017.275742875129,3663916.5,-9999,217208.5,14.16,-1,0.942075439784728,0.4256303626389985,0.6356335132356644,0.5096316228776648,30,0.9433962264150944,0.32075471698113206,N2 S1 O17,de-protonated,0,-9999,C53 H50 O17 N2 S1,53,50,17,2,-9999,1,-9999,N/A,-9999,-9999,N/A,-9999
3661,1017.276274,1017.276701225622,1017.2767451967288,3663916.5,-9999,217208.5,14.16,-1,-0.04322433130300377,0.4998305245535937,0.6825582999861977,0.5729216347266353,16,1.372093023255814,0.46511627906976744,N2 S2 P1 O20,de-protonated,0,-9999,C43 H59 O20 N2 P1 S2,43,59,20,2,1,2,-9999,N/A,-9999,-9999,N/A,-9999
3661,1017.276274,1017.276701225622,1017.275875816859,3663916.5,-9999,217208.5,14.16,-1,0.8113912681339763,0.4437007306926451,0.6876346701883606,0.5412743064909313,17,1.3095238095238095,0.5952380952380952,N2 P1 O25,de-protonated,0,-9999,C42 H55 O25 N2 P1,42,55,25,2,1,-9999,-9999,N/A,-9999,-9999,N/A,-9999
3661,1017.276274,1017.276701225622,1017.2762321324792,3663916.5,-9999,217208.5,14.16,-1,0.4611266123850666,0.481075997960836,0.6227887944601802,0.5377611165605737,34,0.9107142857142856,0.16071428571428573,N4 S2 P1 O9,de-protonated,0,-9999,C56 H51 O9 N4 P1 S2,56,51,9,4,1,2,-9999,N/A,-9999,-9999,N/A,-9999
3661,1017.276274,1017.276701225622,1017.277593349899,3663916.5,-9999,217208.5,14.16,-1,-0.8769723062429798,0.4348753618159439,0.6927871148459346,0.5380400630279402,17,1.3170731707317074,0.5853658536585366,N4 S1 O24,de-protonated,0,-9999,C41 H54 O24 N4 S1,41,54,24,4,-9999,1,-9999,N/A,-9999,-9999,N/A,-9999
3662,1017.292775,1017.2932022387024,1017.2926527866988,3801125.5,-9999,160477.7,14.76,-1,0.5401120337454178,0.4742220654846256,0.6270122956014688,0.5353381575313629,29,1,0.2727272727272727,S1 P1 O15,de-protonated,0,-9999,C55 H55 O15 P1 S1,55,55,15,-9999,1,1,-9999,N/A,-9999,-9999,N/A,-9999
3662,1017.292775,1017.2932022387024,1017.293500939869,3801125.5,-9999,160477.7,14.76,-1,-0.29362339008484933,0.49223909073721706,0.6356335132356644,0.549596859736596,30,0.9433962264150944,0.3584905660377358,N2 O19,de-protonated,0,-9999,C53 H50 O19 N2,53,50,19,2,-9999,-9999,-9999,N/A,-9999,-9999,N/A,-9999
3662,1017.292775,1017.2932022387024,1017.2939901972188,3801125.5,-9999,160477.7,14.76,-1,-0.774563227547557,0.4484280687743515,0.6227887944601802,0.518172359048683,34,0.9107142857142856,0.19642857142857145,N4 S1 P1 O11,de-protonated,0,-9999,C56 H51 O11 N4 P1 S1,56,51,11,4,1,1,-9999,N/A,-9999,-9999,N/A,-9999
3662,1017.292775,1017.2932022387024,1017.292849491189,3801125.5,-9999,160477.7,14.76,-1,0.34675119722430414,0.4892097640857589,0.672627141691601,0.5625767151280957,21,1.2,0.4666666666666667,N4 S1 O21,de-protonated,0,-9999,C45 H54 O21 N4 S1,45,54,21,4,-9999,1,-9999,N/A,-9999,-9999,N/A,-9999
3662,1017.292775,1017.2932022387024,1017.2938518127892,3801125.5,-9999,160477.7,14.76,-1,-0.6385314188029527,0.46434481383200565,0.7253996187124169,0.5687667357841701,7,1.8,0.6857142857142857,N4 S2 P1 O24,de-protonated,0,-9999,C35 H63 O24 N4 P1 S2,35,63,24,4,1,2,-9999,N/A,-9999,-9999,N/A,-9999
3663,1017.305069,1017.305496248448,1017.305407004539,36956192,-9999,139088.1,161.67,-1,0.08772577866925127,0.28505871074495887,0.7478049622957754,0.47015721136528543,37,0.873015873015873,0.1111111111111111,S2 P1 O7,de-protonated,0,-9999,C63 H55 O7 P1 S2,63,55,7,-9999,1,2,-9999,N/A,-9999,-9999,N/A,-9999
3663,1017.305069,1017.305496248448,1017.304537624669,36956192,-9999,139088.1,161.67,-1,0.942317411848566,0.337862584680781,0.7876292522898786,0.5177692517244201,38,0.8225806451612904,0.1935483870967742,P1 O12,de-protonated,0,-9999,C62 H51 O12 P1,62,51,12,-9999,1,-9999,-9999,N/A,-9999,-9999,N/A,-9999
3663,1017.305069,1017.305496248448,1017.306255157709,36956192,-9999,139088.1,161.67,-1,-0.7459988151384108,0.4010437758995318,0.754484865788938,0.5424202118552943,38,0.819672131147541,0.18032786885245905,N2 S1 O11,de-protonated,0,-9999,C61 H50 O11 N2 S1,61,50,11,2,-9999,1,-9999,N/A,-9999,-9999,N/A,-9999
3663,1017.305069,1017.305496248448,1017.306388099439,36956192,-9999,139088.1,161.67,-1,-0.8766788466655495,0.29202462422100495,0.8438174597780621,0.5127417584438279,25,1.1,0.38,N2 P1 O19,de-protonated,0,-9999,C50 H55 O19 N2 P1,50,55,19,2,1,-9999,-9999,N/A,-9999,-9999,N/A,-9999
3663,1017.305069,1017.305496248448,1017.3061167732792,36956192,-9999,139088.1,161.67,-1,-0.6099686425501831,0.40736333499847827,0.8687377167215626,0.591913087687712,11,1.55,0.6,N2 S2 O24,de-protonated,0,-9999,C40 H62 O24 N2 S2,40,62,24,2,-9999,2,-9999,N/A,-9999,-9999,N/A,-9999
3663,1017.305069,1017.305496248448,1017.305603709029,36956192,-9999,139088.1,161.67,-1,-0.10563254605372052,0.4089800670580534,0.8003618346106468,0.5655327740790907,29,1.018867924528302,0.24528301886792453,N4 S2 O13,de-protonated,0,-9999,C53 H54 O13 N4 S2,53,54,13,4,-9999,2,-9999,N/A,-9999,-9999,N/A,-9999
3663,1017.305069,1017.305496248448,1017.304734329159,36956192,-9999,139088.1,161.67,-1,0.7489587566407009,0.29921682144735545,0.8330832043839067,0.512763374621976,30,0.9615384615384616,0.34615384615384615,N4 O18,de-protonated,0,-9999,C52 H50 O18 N4,52,50,18,4,-9999,-9999,-9999,N/A,-9999,-9999,N/A,-9999
3663,1017.305069,1017.305496248448,1017.3057366507588,36956192,-9999,139088.1,161.67,-1,-0.23631274472368935,0.48056912158360343,0.8644709351656186,0.6341298470164095,16,1.4047619047619049,0.5,N4 S1 P1 O21,de-protonated,0,-9999,C42 H59 O21 N4 P1 S1,42,59,21,4,1,1,-9999,N/A,-9999,-9999,N/A,-9999
3664,1017.731474,1017.731901586463,1017.732650202219,4500337,-9999,151484.9,17.86,-1,-0.7355721130585329,0.30216318372173295,0.5186619100274374,0.3887626742440148,12,1.671875,0.046875,S2 P1 O3,de-protonated,0,-9999,C64 H107 O3 P1 S2,64,107,3,-9999,1,2,-9999,N/A,-9999,-9999,N/A,-9999
3664,1017.731474,1017.731901586463,1017.7317808223488,4500337,-9999,151484.9,17.86,-1,0.1186600598839188,0.3324828084138494,0.5236005676629862,0.40892991211350416,13,1.6349206349206349,0.12698412698412698,P1 O8,de-protonated,0,-9999,C63 H103 O8 P1,63,103,8,-9999,1,-9999,-9999,N/A,-9999,-9999,N/A,-9999
3664,1017.731474,1017.731901586463,1017.730996431939,4500337,-9999,151484.9,17.86,-1,0.8893848444312394,0.28876583476512535,0.5089679850512162,0.3768466948795617,17,1.5454545454545454,0.0303030303030303,N2 S2 O2,de-protonated,0,-9999,C66 H102 O2 N2 S2,66,102,2,2,-9999,2,-9999,N/A,-9999,-9999,N/A,-9999
3664,1017.731474,1017.731901586463,1017.731129373669,4500337,-9999,151484.9,17.86,-1,0.7587591375724396,0.3002694331391032,0.5654252658645152,0.406331766229268,4,1.9454545454545455,0.18181818181818185,N2 S1 P1 O10,de-protonated,0,-9999,C55 H107 O10 N2 P1 S1,55,107,10,2,1,1,-9999,N/A,-9999,-9999,N/A,-9999
3664,1017.731474,1017.731901586463,1017.7328469067093,4500337,-9999,151484.9,17.86,-1,-0.9288491071435976,0.2850305026143585,0.5709562512810147,0.399400802081021,4,1.962962962962963,0.16666666666666666,N4 S2 O9,de-protonated,0,-9999,C54 H106 O9 N4 S2,54,106,9,4,-9999,2,-9999,N/A,-9999,-9999,N/A,-9999
3664,1017.731474,1017.731901586463,1017.731977526839,4500337,-9999,151484.9,17.86,-1,-0.07461726440835123,0.49949512586473854,0.6356335132356644,0.5539504808131088,5,1.9245283018867925,0.2641509433962264,N4 O14,de-protonated,0,-9999,C53 H102 O14 N4,53,102,14,4,-9999,-9999,-9999,N/A,-9999,-9999,N/A,-9999
3665,1018.308469,1018.3088970438516,1018.308761839609,14268034,-9999,130228,61.14,-1,0.1327733274925711,0.2848018273515573,0.7478049622957754,0.4700030813292445,37,0.8870967741935484,0.1129032258064516,13C1 S2 P1 O7,de-protonated,1,3663,C62 H55 O7 P1 S2 13C1,62,55,7,-9999,1,2,1,N/A,-9999,-9999,N/A,-9999
3665,1018.308469,1018.3088970438516,1018.307892459739,14268034,-9999,130228,61.14,-1,0.9865229565098068,0.33524904978747605,0.7876292522898786,0.5162011307884371,38,0.8360655737704918,0.19672131147540983,13C1 P1 O12,de-protonated,1,3663,C61 H51 O12 P1 13C1,61,51,12,-9999,1,-9999,1,N/A,-9999,-9999,N/A,-9999
3665,1018.308469,1018.3088970438516,1018.308898185229,14268034,-9999,130228,61.14,-1,-0.00112085567839104,0.19999995440857493,0.48989048693220105,0.31595616741802535,37,0.8548387096774194,0.14516129032258066,N1 S2 O9,de-protonated,0,-9999,C62 H53 O9 N1 S2,62,53,9,1,-9999,2,-9999,N/A,-9999,-9999,N/A,-9999
3665,1018.308469,1018.3088970438516,1018.3080288053592,14268034,-9999,130228,61.14,-1,0.8526285447145746,0.29214032520526306,0.5336655475323598,0.3887504141361018,38,0.8032786885245902,0.22950819672131148,N1 O14,de-protonated,0,-9999,C61 H49 O14 N1,61,49,14,1,-9999,-9999,-9999,N/A,-9999,-9999,N/A,-9999
3665,1018.308469,1018.3088970438516,1018.309031126959,14268034,-9999,130228,61.14,-1,-0.13167231473217728,0.3322863528813574,0.5879753344784842,0.4345619455202081,24,1.1372549019607845,0.3333333333333333,N1 S1 P1 O17,de-protonated,0,-9999,C51 H58 O17 N1 P1 S1,51,58,17,1,1,1,-9999,N/A,-9999,-9999,N/A,-9999
3665,1018.308469,1018.3088970438516,1018.3096099927792,14268034,-9999,130228,61.14,-1,-0.7001298233342952,0.4026074403990276,0.754484865788938,0.5433584105549918,38,0.8333333333333334,0.18333333333333332,13C1 N2 S1 O11,de-protonated,1,3663,C60 H50 O11 N2 S1 13C1,60,50,11,2,-9999,1,1,N/A,-9999,-9999,N/A,-9999
3665,1018.308469,1018.3088970438516,1018.3097429345088,14268034,-9999,130228,61.14,-1,-0.830681099763233,0.2941052673927283,0.8438174597780621,0.5139901443468619,25,1.1224489795918366,0.3877551020408163,13C1 N2 P1 O19,de-protonated,1,3663,C49 H55 O19 N2 P1 13C1,49,55,19,2,1,-9999,1,N/A,-9999,-9999,N/A,-9999
3665,1018.308469,1018.3088970438516,1018.3094716083492,14268034,-9999,130228,61.14,-1,-0.5642336768687206,0.4086708462910806,0.8687377167215626,0.5926975944632734,11,1.5897435897435896,0.6153846153846154,13C1 N2 S2 O24,de-protonated,1,3663,C39 H62 O24 N2 S2 13C1,39,62,24,2,-9999,2,1,N/A,-9999,-9999,N/A,-9999
3665,1018.308469,1018.3088970438516,1018.308379678279,14268034,-9999,130228,61.14,-1,0.5080637486930336,0.23856070139931823,0.6023398467208417,0.3840723595279276,15,1.441860465116279,0.4418604651162791,N3 S2 P1 O19,de-protonated,0,-9999,C43 H62 O19 N3 P1 S2,43,62,19,3,1,2,-9999,N/A,-9999,-9999,N/A,-9999
3665,1018.308469,1018.3088970438516,1018.3098792801288,14268034,-9999,130228,61.14,-1,-0.9645750249324838,0.28155342859215227,0.5996860735531828,0.4088064865765645,25,1.0816326530612246,0.42857142857142855,N3 O21,de-protonated,0,-9999,C49 H53 O21 N3,49,53,21,3,-9999,-9999,-9999,N/A,-9999,-9999,N/A,-9999
3665,1018.308469,1018.3088970438516,1018.308958544099,14268034,-9999,130228,61.14,-1,-0.06039448712310075,0.4091744934556383,0.8003618346106468,0.5656494299176417,29,1.0384615384615383,0.25,13C1 N4 S2 O13,de-protonated,1,3663,C52 H54 O13 N4 S2 13C1,52,54,13,4,-9999,2,1,N/A,-9999,-9999,N/A,-9999
3665,1018.308469,1018.3088970438516,1018.3080891642292,14268034,-9999,130228,61.14,-1,0.793354811948527,0.29735807002300757,0.8330832043839067,0.5116481237673672,30,0.9803921568627452,0.35294117647058826,13C1 N4 O18,de-protonated,1,3663,C51 H50 O18 N4 13C1,51,50,18,4,-9999,-9999,1,N/A,-9999,-9999,N/A,-9999
3665,1018.308469,1018.3088970438516,1018.3090914858288,14268034,-9999,130228,61.14,-1,-0.1909459305887276,0.48115041458431257,0.8644709351656186,0.634478622816835,16,1.4390243902439024,0.5121951219512195,13C1 N4 S1 P1 O21,de-protonated,1,3663,C41 H59 O21 N4 P1 S1 13C1,41,59,21,4,1,1,1,N/A,-9999,-9999,N/A,-9999
3666,1019.30188,1019.3023088313372,1019.3024296243888,9151715,-9999,136483.2,38.47,-1,-0.11850560556689664,0.3324850183327362,0.5286014919551969,0.4109316077817205,37,0.8548387096774194,0.16129032258064516,S1 P1 O10,de-protonated,0,-9999,C62 H53 O10 P1 S1,62,53,10,-9999,1,1,-9999,N/A,-9999,-9999,N/A,-9999
3666,1019.30188,1019.3023088313372,1019.3022912399592,9151715,-9999,136483.2,38.47,-1,0.0172582542327224,0.24998648936298473,0.6139294907154911,0.39556368990398727,10,1.5853658536585369,0.5609756097560976,S2 P1 O23,de-protonated,0,-9999,C41 H65 O23 P1 S2,41,65,23,-9999,1,2,-9999,N/A,-9999,-9999,N/A,-9999
3666,1019.30188,1019.3023088313372,1019.302050987309,9151715,-9999,136483.2,38.47,-1,0.25296135519376056,0.4131157939339763,0.754484865788938,0.5496634226759609,38,0.819672131147541,0.18032786885245905,N2 34S1 O11,de-protonated,1,3663,C61 H50 O11 N2 34S1,61,50,11,2,-9999,-9999,-9999,N/A,-9999,-9999,N/A,1
3666,1019.30188,1019.3023088313372,1019.301778175709,9151715,-9999,136483.2,38.47,-1,0.520606987563239,0.23800283459223803,0.5432034765113571,0.3600830913598857,28,1.0555555555555556,0.2222222222222222,N2 S2 P1 O12,de-protonated,0,-9999,C54 H57 O12 N2 P1 S2,54,57,12,2,1,2,-9999,N/A,-9999,-9999,N/A,-9999
3666,1019.30188,1019.3023088313372,1019.3032777775592,9151715,-9999,136483.2,38.47,-1,-0.9505965917944688,0.28292442423953684,0.5387936087087051,0.38527209802720414,38,0.8,0.23333333333333336,N2 O14,de-protonated,0,-9999,C60 H48 O14 N2,60,48,14,2,-9999,-9999,-9999,N/A,-9999,-9999,N/A,-9999
3666,1019.30188,1019.3023088313372,1019.301912602879,9151715,-9999,136483.2,38.47,-1,0.38872531608006206,0.4128256161138587,0.8687377167215626,0.5951904563569403,11,1.55,0.6,N2 S1 34S1 O24,de-protonated,1,3663,C40 H62 O24 N2 S1 34S1,40,62,24,2,-9999,1,-9999,N/A,-9999,-9999,N/A,1
3666,1019.30188,1019.3023088313372,1019.301399538629,9151715,-9999,136483.2,38.47,-1,0.8920744233656858,0.3900611072163004,0.8003618346106468,0.5541813981740389,29,1.018867924528302,0.24528301886792453,N4 S1 34S1 O13,de-protonated,1,3663,C53 H54 O13 N4 S1 34S1,53,54,13,4,-9999,1,-9999,N/A,-9999,-9999,N/A,1
3666,1019.30188,1019.3023088313372,1019.302626328879,9151715,-9999,136483.2,38.47,-1,-0.3114850620409447,0.32751645713474636,0.5822303339178662,0.4294020078479943,29,1,0.3076923076923077,N4 S1 O16,de-protonated,0,-9999,C52 H52 O16 N4 S1,52,52,16,4,-9999,1,-9999,N/A,-9999,-9999,N/A,-9999
3666,1019.30188,1019.3023088313372,1019.301532480359,9151715,-9999,136483.2,38.47,-1,0.7616499666159888,0.46559775260539465,0.8644709351656186,0.6251470256294842,16,1.4047619047619049,0.5,N4 34S1 P1 O21,de-protonated,1,3663,C42 H59 O21 N4 P1 34S1,42,59,21,4,1,-9999,-9999,N/A,-9999,-9999,N/A,1
3666,1019.30188,1019.3023088313372,1019.302759270609,9151715,-9999,136483.2,38.47,-1,-0.4419092048439471,0.3217288182185825,0.6496170588360974,0.4528841144655885,16,1.3902439024390243,0.5853658536585366,N4 P1 O24,de-protonated,0,-9999,C41 H57 O24 N4 P1,41,57,24,4,1,-9999,-9999,N/A,-9999,-9999,N/A,-9999
3667,1021.303634,1021.3040644181448,1021.3050541448492,22315410,-9999,93135.1,96.8,-1,-0.9690803940804537,0.3051744898115682,0.8357792684742124,0.5174164012766259,14,1.4090909090909092,0.5227272727272727,S2 O23,de-protonated,0,-9999,C44 H62 O23 S2,44,62,23,-9999,-9999,2,-9999,N/A,-9999,-9999,N/A,-9999
3667,1021.303634,1021.3040644181448,1021.304541080599,22315410,-9999,93135.1,96.8,-1,-0.46671921557405377,0.3251282846616054,0.7990896616594853,0.5147128354607574,32,0.9473684210526316,0.21052631578947367,N2 S2 O12,de-protonated,0,-9999,C57 H54 O12 N2 S2,57,54,12,2,-9999,2,-9999,N/A,-9999,-9999,N/A,-9999
3667,1021.303634,1021.3040644181448,1021.3036717007292,22315410,-9999,93135.1,96.8,-1,0.38452560838544464,0.3877585981141653,0.5019838019762772,0.43344867965901007,33,0.8928571428571429,0.30357142857142855,N2 O17,de-protonated,0,-9999,C56 H50 O17 N2,56,50,17,2,-9999,-9999,-9999,N/A,-9999,-9999,N/A,-9999
3667,1021.303634,1021.3040644181448,1021.3046740223288,22315410,-9999,93135.1,96.8,-1,-0.59688768650306,0.387034233824728,0.8786018875065758,0.5836612952974671,19,1.2826086956521738,0.43478260869565216,N2 S1 P1 O20,de-protonated,0,-9999,C46 H59 O20 N2 P1 S1,46,59,20,2,1,1,-9999,N/A,-9999,-9999,N/A,-9999
3667,1021.303634,1021.3040644181448,1021.304160958079,22315410,-9999,93135.1,96.8,-1,-0.09452613426843066,0.38650425624420753,0.8149864239851,0.5578971233405645,37,0.864406779661017,0.15254237288135594,N4 S1 P1 O9,de-protonated,0,-9999,C59 H51 O9 N4 P1 S1,59,51,9,4,1,1,-9999,N/A,-9999,-9999,N/A,-9999
3667,1021.303634,1021.3040644181448,1021.304022573649,22315410,-9999,93135.1,96.8,-1,0.04097163510132826,0.4662538761054824,0.5973324298615745,0.5186852976079193,10,1.6578947368421053,0.5789473684210527,N4 S2 P1 O22,de-protonated,0,-9999,C38 H63 O22 N4 P1 S2,38,63,22,4,1,2,-9999,N/A,-9999,-9999,N/A,-9999
3668,1022.307711,1022.3081422140853,1022.308408979919,9350111,-9999,91469.1,39.36,-1,-0.26094457546091404,0.32924026513526405,0.8357792684742124,0.5318558664708434,14,1.441860465116279,0.5348837209302325,13C1 S2 O23,de-protonated,1,3667,C43 H62 O23 S2 13C1,43,62,23,-9999,-9999,2,1,N/A,-9999,-9999,N/A,-9999
3668,1022.307711,1022.3081422140853,1022.3073170498492,9350111,-9999,91469.1,39.36,-1,0.807158691338397,0.22212630548795617,0.5799529888934112,0.3652569788501382,18,1.319148936170213,0.3829787234042553,N1 S2 P1 O18,de-protonated,0,-9999,C47 H62 O18 N1 P1 S2,47,62,18,1,1,2,-9999,N/A,-9999,-9999,N/A,-9999
3668,1022.307711,1022.3081422140853,1022.308816651699,9350111,-9999,91469.1,39.36,-1,-0.6597200403042769,0.3080219301166663,0.5765576248001295,0.41543620799005154,28,1,0.37735849056603776,N1 O20,de-protonated,0,-9999,C53 H53 O20 N1,53,53,20,1,-9999,-9999,-9999,N/A,-9999,-9999,N/A,-9999
3668,1022.307711,1022.3081422140853,1022.3078959156692,9350111,-9999,91469.1,39.36,-1,0.2409239106639319,0.3298410668219278,0.7990896616594853,0.5175405047569508,32,0.9642857142857144,0.21428571428571427,13C1 N2 S2 O12,de-protonated,1,3667,C56 H54 O12 N2 S2 13C1,56,54,12,2,-9999,2,1,N/A,-9999,-9999,N/A,-9999
3668,1022.307711,1022.3081422140853,1022.3080288573988,9350111,-9999,91469.1,39.36,-1,0.11088310291049992,0.39910862548732345,0.8786018875065758,0.5909059302950244,19,1.3111111111111111,0.4444444444444444,13C1 N2 S1 P1 O20,de-protonated,1,3667,C45 H59 O20 N2 P1 S1 13C1,45,59,20,2,1,1,1,N/A,-9999,-9999,N/A,-9999
3668,1022.307711,1022.3081422140853,1022.308165203019,9350111,-9999,91469.1,39.36,-1,-0.02248728373823391,0.33330274987108094,0.6240179704823443,0.44958883811558625,19,1.2666666666666666,0.4888888888888889,N3 S1 O22,de-protonated,0,-9999,C45 H57 O22 N3 S1,45,57,22,3,-9999,1,-9999,N/A,-9999,-9999,N/A,-9999
3668,1022.307711,1022.3081422140853,1022.307515793149,9350111,-9999,91469.1,39.36,-1,0.6127519621415881,0.3736564984629259,0.8149864239851,0.5501884686717956,37,0.8793103448275862,0.15517241379310345,13C1 N4 S1 P1 O9,de-protonated,1,3667,C58 H51 O9 N4 P1 S1 13C1,58,51,9,4,1,1,1,N/A,-9999,-9999,N/A,-9999
3668,1022.307711,1022.3081422140853,1022.307377408719,9350111,-9999,91469.1,39.36,-1,0.7481168414738063,0.4502101856101045,0.5973324298615745,0.5090590833106925,10,1.7027027027027026,0.5945945945945946,13C1 N4 S2 P1 O22,de-protonated,1,3667,C37 H63 O22 N4 P1 S2 13C1,37,63,22,4,1,2,1,N/A,-9999,-9999,N/A,-9999
3669,1023.307033,1023.3074650062564,1023.3065887740488,23871018,-9999,99962.7,103.7,-1,0.8562753499032227,0.28628773585996337,0.820215375481042,0.49985879170839487,22,1.196078431372549,0.3137254901960784,S2 P1 O16,de-protonated,0,-9999,C51 H61 O16 P1 S2,51,61,16,-9999,1,2,-9999,N/A,-9999,-9999,N/A,-9999
3669,1023.307033,1023.3074650062564,1023.308088375899,23871018,-9999,99962.7,103.7,-1,-0.6091710305509823,0.3784007306489591,0.8188688116764773,0.5545879630599664,32,0.912280701754386,0.3157894736842105,O18,de-protonated,0,-9999,C57 H52 O18,57,52,18,-9999,-9999,-9999,-9999,N/A,-9999,-9999,N/A,-9999
3669,1023.307033,1023.3074650062564,1023.3079166940188,23871018,-9999,99962.7,103.7,-1,-0.44139965620458266,0.3861061130990557,0.5019838019762772,0.4324571886499443,33,0.8928571428571429,0.2857142857142857,N2 O16 18O1,de-protonated,1,3667,C56 H50 O16 N2 18O1,56,50,16,2,-9999,-9999,-9999,N/A,-9999,1,N/A,-9999
3669,1023.307033,1023.3074650062564,1023.3074369272192,23871018,-9999,99962.7,103.7,-1,0.02743949292820184,0.3992161026775002,0.8564893190196107,0.5821253892143444,23,1.1428571428571428,0.40816326530612246,N2 S1 O20,de-protonated,0,-9999,C49 H56 O20 N2 S1,49,56,20,2,-9999,1,-9999,N/A,-9999,-9999,N/A,-9999
3669,1023.307033,1023.3074650062564,1023.3084392488192,23871018,-9999,99962.7,103.7,-1,-0.9520517230978344,0.28829618792323886,0.8448145884494371,0.5109035481337182,9,1.6666666666666667,0.5897435897435898,N2 S2 P1 O23,de-protonated,0,-9999,C39 H65 O23 N2 P1 S2,39,65,23,2,1,2,-9999,N/A,-9999,-9999,N/A,-9999
3669,1023.307033,1023.3074650062564,1023.307926184569,23871018,-9999,99962.7,103.7,-1,-0.45067403562016417,0.3887767155413885,0.8245658990075209,0.5630923889278414,27,1.0961538461538465,0.2307692307692308,N4 S2 P1 O12,de-protonated,0,-9999,C52 H57 O12 N4 P1 S2,52,57,12,4,1,2,-9999,N/A,-9999,-9999,N/A,-9999
3669,1023.307033,1023.3074650062564,1023.3070568046988,23871018,-9999,99962.7,103.7,-1,0.3989042728862435,0.4811107724906585,0.8623033852573416,0.6335878175973317,28,1.03921568627451,0.3333333333333333,N4 P1 O17,de-protonated,0,-9999,C51 H53 O17 N4 P1,51,53,17,4,1,-9999,-9999,N/A,-9999,-9999,N/A,-9999
3669,1023.307033,1023.3074650062564,1023.3067854785392,23871018,-9999,99962.7,103.7,-1,0.664050826954313,0.3030760990735652,0.8422765316283265,0.5187562720954697,14,1.4634146341463414,0.5365853658536586,N4 S2 O22,de-protonated,0,-9999,C41 H60 O22 N4 S2,41,60,22,4,-9999,2,-9999,N/A,-9999,-9999,N/A,-9999
3669,1023.307033,1023.3074650062564,1023.308267566939,23871018,-9999,99962.7,103.7,-1,-0.7842804638026248,0.4487037161905411,0.5973324298615745,0.5081552016589544,10,1.6578947368421053,0.5526315789473685,N4 S2 P1 O21 18O1,de-protonated,1,3667,C38 H63 O21 N4 P1 S2 18O1,38,63,21,4,1,2,-9999,N/A,-9999,1,N/A,-9999
3670,1024.310507,1024.3109398017186,1024.309943609119,9569390,-9999,134887.6,40.33,-1,0.9725499647857287,0.28076531074029476,0.820215375481042,0.49654533663659367,22,1.22,0.32,13C1 S2 P1 O16,de-protonated,1,3669,C50 H61 O16 P1 S2 13C1,50,61,16,-9999,1,2,1,N/A,-9999,-9999,N/A,-9999
3670,1024.310507,1024.3109398017186,1024.3114432109692,9569390,-9999,134887.6,40.33,-1,-0.4914611213978896,0.3828481800916408,0.8188688116764773,0.5572564327255753,32,0.9285714285714286,0.32142857142857145,13C1 O18,de-protonated,1,3669,C56 H52 O18 13C1,56,52,18,-9999,-9999,-9999,1,N/A,-9999,-9999,N/A,-9999
3670,1024.310507,1024.3109398017186,1024.311220660769,9569390,-9999,134887.6,40.33,-1,-0.27419308194402525,0.24661274459440416,0.5093423860588465,0.3517046011801811,35,0.918032786885246,0.13114754098360656,N1 S2 P1 O8,de-protonated,0,-9999,C61 H56 O8 N1 P1 S2,61,56,8,1,1,2,-9999,N/A,-9999,-9999,N/A,-9999
3670,1024.310507,1024.3109398017186,1024.310351280899,9569390,-9999,134887.6,40.33,-1,0.5745532287002664,0.3139534442385759,0.5387936087087051,0.40388951002662754,36,0.8666666666666667,0.21666666666666667,N1 P1 O13,de-protonated,0,-9999,C60 H52 O13 N1 P1,60,52,13,1,1,-9999,-9999,N/A,-9999,-9999,N/A,-9999
3670,1024.310507,1024.3109398017186,1024.3100799547392,9569390,-9999,134887.6,40.33,-1,0.8394401229321645,0.2199942341002583,0.5638345284545242,0.3575303518419647,22,1.18,0.36,N1 S2 O18,de-protonated,0,-9999,C50 H59 O18 N1 S2,50,59,18,1,-9999,2,-9999,N/A,-9999,-9999,N/A,-9999
3670,1024.310507,1024.3109398017186,1024.310791762289,9569390,-9999,134887.6,40.33,-1,0.14452589079684156,0.39848684857920713,0.8564893190196107,0.5816878367553686,23,1.1666666666666667,0.4166666666666667,13C1 N2 S1 O20,de-protonated,1,3669,C48 H56 O20 N2 S1 13C1,48,56,20,2,-9999,1,1,N/A,-9999,-9999,N/A,-9999
3670,1024.310507,1024.3109398017186,1024.3117940838893,9569390,-9999,134887.6,40.33,-1,-0.8340059887580297,0.2938100456566649,0.8448145884494371,0.5142118627737738,9,1.7105263157894737,0.6052631578947368,13C1 N2 S2 P1 O23,de-protonated,1,3669,C38 H65 O23 N2 P1 S2 13C1,38,65,23,2,1,2,1,N/A,-9999,-9999,N/A,-9999
3670,1024.310507,1024.3109398017186,1024.3119304295092,9569390,-9999,134887.6,40.33,-1,-0.9671153494497966,0.21097713573979637,0.6318246126845504,0.379316126517698,9,1.6578947368421053,0.6578947368421053,N3 S2 O25,de-protonated,0,-9999,C38 H63 O25 N3 S2,38,63,25,3,-9999,2,-9999,N/A,-9999,-9999,N/A,-9999
3670,1024.310507,1024.3109398017186,1024.3112810196392,9569390,-9999,134887.6,40.33,-1,-0.33311936212407106,0.39202650678404183,0.8245658990075209,0.5650422636734335,27,1.1176470588235294,0.2352941176470588,13C1 N4 S2 P1 O12,de-protonated,1,3669,C51 H57 O12 N4 P1 S2 13C1,51,57,12,4,1,2,1,N/A,-9999,-9999,N/A,-9999
3670,1024.310507,1024.3109398017186,1024.3104116397692,9569390,-9999,134887.6,40.33,-1,0.5156268484932278,0.4764516010853152,0.8623033852573416,0.6307923147541258,28,1.06,0.34,13C1 N4 P1 O17,de-protonated,1,3669,C50 H53 O17 N4 P1 13C1,50,53,17,4,1,-9999,1,N/A,-9999,-9999,N/A,-9999
3670,1024.310507,1024.3109398017186,1024.3101403136093,9569390,-9999,134887.6,40.33,-1,0.780513711507489,0.298450518082571,0.8422765316283265,0.5159809235008732,14,1.5,0.55,13C1 N4 S2 O22,de-protonated,1,3669,C40 H60 O22 N4 S2 13C1,40,60,22,4,-9999,2,1,N/A,-9999,-9999,N/A,-9999
3671,1029.221213,1029.2216496944775,1029.222383691449,7644064,-9999,167155.4,31.81,-1,-0.7131568290841598,0.6271950105385802,0.893740726074172,0.7338132967528168,28,0.94,0.44,P1 O22,de-protonated,0,-9999,C50 H47 O22 P1,50,47,22,-9999,1,-9999,-9999,N/A,-9999,-9999,N/A,-9999
3671,1029.221213,1029.2216496944775,1029.221599301039,7644064,-9999,167155.4,31.81,-1,0.04896267086543729,0.33318836661114226,0.5765576248001295,0.4305360698867371,32,0.8679245283018868,0.3018867924528302,N2 S2 O16,de-protonated,0,-9999,C53 H46 O16 N2 S2,53,46,16,2,-9999,2,-9999,N/A,-9999,-9999,N/A,-9999
3671,1029.221213,1029.2216496944775,1029.220729921169,7644064,-9999,167155.4,31.81,-1,0.8936599134249765,0.28836671365017336,0.582230333917866,0.4059121617572504,33,0.8076923076923077,0.40384615384615385,N2 O21,de-protonated,0,-9999,C52 H42 O21 N2,52,42,21,2,-9999,-9999,-9999,N/A,-9999,-9999,N/A,-9999
3671,1029.221213,1029.2216496944775,1029.2217322427691,7644064,-9999,167155.4,31.81,-1,-0.08020457501408482,0.3329444875231322,0.6430949433786466,0.45700466986533794,19,1.2142857142857142,0.5714285714285714,N2 S1 P1 O24,de-protonated,0,-9999,C42 H51 O24 N2 P1 S1,42,51,24,2,1,1,-9999,N/A,-9999,-9999,N/A,-9999
3671,1029.221213,1029.2216496944775,1029.221219178519,7644064,-9999,167155.4,31.81,-1,0.418292929080418,0.32291692750041495,0.5654252658645154,0.4199202628460551,37,0.7818181818181819,0.23636363636363636,N4 S1 P1 O13,de-protonated,0,-9999,C55 H43 O13 N4 P1 S1,55,43,13,4,1,1,-9999,N/A,-9999,-9999,N/A,-9999
3672,1030.225725,1030.2261624907626,1030.225738526519,3275202.8,-9999,156411.3,12.46,-1,0.4115255789628396,0.6464922669145926,0.893740726074172,0.7453916505784244,28,0.9591836734693876,0.4489795918367347,13C1 P1 O22,de-protonated,1,3671,C49 H47 O22 P1 13C1,49,47,22,-9999,1,-9999,1,N/A,-9999,-9999,N/A,-9999
3672,1030.225725,1030.2261624907626,1030.2267442520092,3275202.8,-9999,156411.3,12.46,-1,-0.5646924328722084,0.4718910756453321,0.6490192219379252,0.5427423341623694,27,0.98,0.38,N1 S2 O19,de-protonated,0,-9999,C50 H49 O19 N1 S2,50,49,19,1,-9999,2,-9999,N/A,-9999,-9999,N/A,-9999
3672,1030.225725,1030.2261624907626,1030.225874872139,3275202.8,-9999,156411.3,12.46,-1,0.2791801590343048,0.4929785699978324,0.6536072938689251,0.5572300595462695,28,0.9183673469387756,0.4897959183673469,N1 O24,de-protonated,0,-9999,C49 H45 O24 N1,49,45,24,1,-9999,-9999,-9999,N/A,-9999,-9999,N/A,-9999
3672,1030.225725,1030.2261624907626,1030.226364129489,3275202.8,-9999,156411.3,12.46,-1,-0.19572273957186173,0.49653663769096174,0.6400336417157295,0.5539354393008689,32,0.8846153846153846,0.3076923076923077,N3 S1 P1 O16,de-protonated,0,-9999,C52 H46 O16 N3 P1 S1,52,46,16,3,1,1,-9999,N/A,-9999,-9999,N/A,-9999
3673,1031.217562,1031.2180002770003,1031.217773767719,4866022.5,-9999,158059.4,19.51,-1,0.2196522276685458,0.6331696587127794,0.5722047359779943,0.6087836896188654,31,0.9074074074074074,0.2777777777777778,S2 P1 O15,de-protonated,0,-9999,C54 H49 O15 P1 S2,54,49,15,-9999,1,2,-9999,N/A,-9999,-9999,N/A,-9999
3673,1031.217562,1031.2180002770003,1031.218621920889,4866022.5,-9999,158059.4,19.51,-1,-0.6028245374167318,0.31206297341692274,0.582230333917866,0.4201299176173001,32,0.8461538461538461,0.36538461538461536,N2 S1 O19,de-protonated,0,-9999,C52 H44 O19 N2 S1,52,44,19,2,-9999,1,-9999,N/A,-9999,-9999,N/A,-9999
3673,1031.217562,1031.2180002770003,1031.218241798369,4866022.5,-9999,158059.4,19.51,-1,-0.23420975203663788,0.33003204847733897,0.5709562512810147,0.4264017295988093,37,0.7592592592592593,0.2962962962962963,N4 P1 O16,de-protonated,0,-9999,C54 H41 O16 N4 P1,54,41,16,4,1,-9999,-9999,N/A,-9999,-9999,N/A,-9999
3673,1031.217562,1031.2180002770003,1031.2179704722091,4866022.5,-9999,158059.4,19.51,-1,0.02890251340113404,0.49992421868422654,0.677556331758097,0.5709770639137748,23,1.0909090909090908,0.4772727272727273,N4 S2 O21,de-protonated,0,-9999,C44 H48 O21 N4 S2,44,48,21,4,-9999,2,-9999,N/A,-9999,-9999,N/A,-9999
3674,1031.320189,1031.3206273583537,1031.3210570689992,7350197,-9999,144402.6,30.52,-1,-0.416660401242998,0.32299680438994177,0.5186619100274376,0.4012628466449401,37,0.890625,0.109375,S2 P1 O7,de-protonated,0,-9999,C64 H57 O7 P1 S2,64,57,7,-9999,1,2,-9999,N/A,-9999,-9999,N/A,-9999
3674,1031.320189,1031.3206273583537,1031.3201876891292,7350197,-9999,144402.6,30.52,-1,0.426316899234571,0.32252008052322256,0.5236005676629861,0.402952275379128,38,0.8412698412698413,0.1904761904761905,P1 O12,de-protonated,0,-9999,C63 H53 O12 P1,63,53,12,-9999,1,-9999,-9999,N/A,-9999,-9999,N/A,-9999
3674,1031.320189,1031.3206273583537,1031.319916362969,7350197,-9999,144402.6,30.52,-1,0.6894033300420661,0.305791840857263,0.5765576248001295,0.4140981544344096,24,1.1320754716981132,0.32075471698113206,S2 O17,de-protonated,0,-9999,C53 H60 O17 S2,53,60,17,-9999,-9999,2,-9999,N/A,-9999,-9999,N/A,-9999
3674,1031.320189,1031.3206273583537,1031.320049304699,7350197,-9999,144402.6,30.52,-1,0.5604988044449287,0.31486351803045426,0.6430949433786466,0.4461560881697312,11,1.5476190476190477,0.5952380952380952,S1 P1 O25,de-protonated,0,-9999,C42 H65 O25 P1 S1,42,65,25,-9999,1,1,-9999,N/A,-9999,-9999,N/A,-9999
3674,1031.320189,1031.3206273583537,1031.3212537734892,7350197,-9999,144402.6,30.52,-1,-0.6073908912137259,0.3117502138593395,0.5709562512810147,0.4154326288280096,29,1.037037037037037,0.24074074074074073,N4 S2 O13,de-protonated,0,-9999,C54 H56 O13 N4 S2,54,56,13,4,-9999,2,-9999,N/A,-9999,-9999,N/A,-9999
3674,1031.320189,1031.3206273583537,1031.3203843936192,7350197,-9999,144402.6,30.52,-1,0.23558608770065712,0.32999333002430403,0.5765576248001294,0.42861904793463423,30,0.981132075471698,0.33962264150943394,N4 O18,de-protonated,0,-9999,C53 H52 O18 N4,53,52,18,4,-9999,-9999,-9999,N/A,-9999,-9999,N/A,-9999
3674,1031.320189,1031.3206273583537,1031.321386715219,7350197,-9999,144402.6,30.52,-1,-0.7362950822655763,0.3021048470194244,0.6366550704180973,0.4359249363788936,16,1.4186046511627908,0.4883720930232558,N4 S1 P1 O21,de-protonated,0,-9999,C43 H61 O21 N4 P1 S1,43,61,21,4,1,1,-9999,N/A,-9999,-9999,N/A,-9999
3675,1033.223291,1033.223730866959,1033.2244834378591,5343253,-9999,124717.1,21.63,-1,-0.7283711451550456,0.6054834275382397,0.5722047359779943,0.5921719509141415,31,0.9423076923076924,0.28846153846153844,13C2 S2 P1 O15,de-protonated,1,3673,C52 H49 O15 P1 S2 13C2,52,49,15,-9999,1,2,2,N/A,-9999,-9999,N/A,-9999
3675,1033.223291,1033.223730866959,1033.223038596059,5343253,-9999,124717.1,21.63,-1,0.6700110954074802,0.3072580589073075,0.5765576248001295,0.4149778852644363,31,0.8679245283018868,0.37735849056603776,S1 O20,de-protonated,0,-9999,C53 H46 O20 S1,53,46,20,-9999,-9999,1,-9999,N/A,-9999,-9999,N/A,-9999
3675,1033.223291,1033.223730866959,1033.224040917659,5343253,-9999,124717.1,21.63,-1,-0.3000808032505439,0.49189679020652693,0.6825582999861977,0.5681613941183952,17,1.2790697674418603,0.5348837209302325,S2 P1 O23,de-protonated,0,-9999,C43 H55 O23 P1 S2,43,55,23,-9999,1,2,-9999,N/A,-9999,-9999,N/A,-9999
3675,1033.223291,1033.223730866959,1033.2235278534092,5343253,-9999,124717.1,21.63,-1,0.19648560474590593,0.3310064543568176,0.5599637296259095,0.42258936446445433,35,0.8392857142857143,0.21428571428571427,N2 S2 P1 O12,de-protonated,0,-9999,C56 H47 O12 N2 P1 S2,56,47,12,2,1,2,-9999,N/A,-9999,-9999,N/A,-9999
3675,1033.223291,1033.223730866959,1033.2243760065792,5343253,-9999,124717.1,21.63,-1,-0.6243945025183708,0.3105676848035602,0.5709562512810148,0.4147231113945421,36,0.7777777777777778,0.2962962962962963,N4 S1 O16,de-protonated,0,-9999,C54 H42 O16 N4 S1,54,42,16,4,-9999,1,-9999,N/A,-9999,-9999,N/A,-9999
3675,1033.223291,1033.223730866959,1033.2245089483092,5343253,-9999,124717.1,21.63,-1,-0.7530612597279916,0.4511086951316493,0.6825582999861977,0.5436885370734686,23,1.0930232558139534,0.5581395348837209,N4 P1 O24,de-protonated,0,-9999,C43 H47 O24 N4 P1,43,47,24,4,1,-9999,-9999,N/A,-9999,-9999,N/A,-9999
3676,1035.316811,1035.3172525265102,1035.3173329059891,7110405,-9999,96492.9,29.46,-1,-0.07763752851832303,0.33296896677929155,0.6056537631733503,0.44204288533691505,19,1.25,0.4791666666666667,S1 O23,de-protonated,0,-9999,C48 H60 O23 S1,48,60,23,-9999,-9999,1,-9999,N/A,-9999,-9999,N/A,-9999
3676,1035.316811,1035.3172525265102,1035.316819841739,7110405,-9999,96492.9,29.46,-1,0.417924989549413,0.6142930001055666,0.43410301803238505,0.542217007276294,37,0.8524590163934426,0.19672131147540983,N2 S1 O12,de-protonated,0,-9999,C61 H52 O12 N2 S1,61,52,12,2,-9999,1,-9999,N/A,-9999,-9999,N/A,-9999
3676,1035.316811,1035.3172525265102,1035.317822163339,7110405,-9999,96492.9,29.46,-1,-0.5502047938509982,0.3155174153173556,0.587975334478484,0.42450058298180704,23,1.196078431372549,0.29411764705882354,N2 S2 P1 O15,de-protonated,0,-9999,C51 H61 O15 N2 P1 S2,51,61,15,2,1,2,-9999,N/A,-9999,-9999,N/A,-9999
3676,1035.316811,1035.3172525265102,1035.316952783469,7110405,-9999,96492.9,29.46,-1,0.2895181425000896,0.6073872448423542,0.40495034357209847,0.5264124843342519,24,1.14,0.4,N2 P1 O20,de-protonated,0,-9999,C50 H57 O20 N2 P1,50,57,20,2,1,-9999,-9999,N/A,-9999,-9999,N/A,-9999
3676,1035.316811,1035.3172525265102,1035.3166814573092,7110405,-9999,96492.9,29.46,-1,0.5515889111177117,0.47314518021010743,0.6980173569463055,0.5630940509045866,10,1.6,0.625,N2 S2 O25,de-protonated,0,-9999,C40 H64 O25 N2 S2,40,64,25,2,-9999,2,-9999,N/A,-9999,-9999,N/A,-9999
3676,1035.316811,1035.3172525265102,1035.3163013347892,7110405,-9999,96492.9,29.46,-1,0.9187450441845018,0.42899644454371305,0.6876346701883606,0.532451734801572,15,1.4523809523809523,0.5238095238095238,N4 S1 P1 O22,de-protonated,0,-9999,C42 H61 O22 N4 P1 S1,42,61,22,4,1,1,-9999,N/A,-9999,-9999,N/A,-9999
3677,1037.322193,1037.3226361161935,1037.322238838509,15119375,-9999,98165.9,64.95,-1,0.3829838690115427,0.3903789952605692,0.8412111277788044,0.5707118482678633,22,1.2115384615384617,0.3076923076923077,S2 P1 O16,de-protonated,0,-9999,C52 H63 O16 P1 S2,52,63,16,-9999,1,2,-9999,N/A,-9999,-9999,N/A,-9999
3677,1037.322193,1037.3226361161935,1037.3217257742592,15119375,-9999,98165.9,64.95,-1,0.8775888055433583,0.2914337816355676,0.7818732053774631,0.4876095511323258,40,0.8461538461538461,0.07692307692307693,N2 S2 P1 O5,de-protonated,0,-9999,C65 H55 O5 N2 P1 S2,65,55,5,2,1,2,-9999,N/A,-9999,-9999,N/A,-9999
3677,1037.322193,1037.3226361161935,1037.323529511879,15119375,-9999,98165.9,64.95,-1,-0.8612507671548568,0.5827160887841292,0.43410301803238505,0.5232708604834315,37,0.8813559322033898,0.2033898305084746,13C2 N2 S1 O12,de-protonated,1,3676,C59 H52 O12 N2 S1 13C2,59,52,12,2,-9999,1,2,N/A,-9999,-9999,N/A,-9999
3677,1037.322193,1037.3226361161935,1037.3236624536091,15119375,-9999,98165.9,64.95,-1,-0.989409046349366,0.5581705501019629,0.40495034357209847,0.4968824674900172,24,1.1875,0.4166666666666667,13C2 N2 P1 O20,de-protonated,1,3676,C48 H57 O20 N2 P1 13C2,48,57,20,2,1,-9999,2,N/A,-9999,-9999,N/A,-9999
3677,1037.322193,1037.3226361161935,1037.323086991679,15119375,-9999,98165.9,64.95,-1,-0.4346528976039136,0.6424473844993465,0.9114136794774376,0.7500339024905829,23,1.16,0.4,N2 S1 O20,de-protonated,0,-9999,C50 H58 O20 N2 S1,50,58,20,2,-9999,1,-9999,N/A,-9999,-9999,N/A,-9999
3677,1037.322193,1037.3226361161935,1037.3235762490292,15119375,-9999,98165.9,64.95,-1,-0.9063062454378152,0.3427275602648173,0.8389640296516976,0.5412221480195694,27,1.1132075471698113,0.22641509433962265,N4 S2 P1 O12,de-protonated,0,-9999,C53 H59 O12 N4 P1 S2,53,59,12,4,1,2,-9999,N/A,-9999,-9999,N/A,-9999
3677,1037.322193,1037.3226361161935,1037.3227068691592,15119375,-9999,98165.9,64.95,-1,-0.06820728520015122,0.6657581161176792,0.899850422965807,0.7593950388569304,28,1.0576923076923077,0.3269230769230769,N4 P1 O17,de-protonated,0,-9999,C52 H55 O17 N4 P1,52,55,17,4,1,-9999,-9999,N/A,-9999,-9999,N/A,-9999
3677,1037.322193,1037.3226361161935,1037.322435542999,15119375,-9999,98165.9,64.95,-1,0.1933566532075252,0.49715953030081983,0.8843374326156077,0.6520306912267351,14,1.4761904761904765,0.5238095238095238,N4 S2 O22,de-protonated,0,-9999,C42 H62 O22 N4 S2,42,62,22,4,-9999,2,-9999,N/A,-9999,-9999,N/A,-9999
3678,1038.325512,1038.3259559115331,1038.325593673579,7037454,-9999,115938,29.15,-1,0.3488674036904197,0.39126328868037,0.8412111277788044,0.5712424243197437,22,1.2352941176470589,0.3137254901960784,13C1 S2 P1 O16,de-protonated,1,3677,C51 H63 O16 P1 S2 13C1,51,63,16,-9999,1,2,1,N/A,-9999,-9999,N/A,-9999
3678,1038.325512,1038.3259559115331,1038.3268707252291,7037454,-9999,115938,29.15,-1,-0.8810459613362099,0.2895404183771993,0.5286014919551969,0.3851648478083983,35,0.935483870967742,0.12903225806451613,N1 S2 P1 O8,de-protonated,0,-9999,C62 H58 O8 N1 P1 S2,62,58,8,1,1,2,-9999,N/A,-9999,-9999,N/A,-9999
3678,1038.325512,1038.3259559115331,1038.3260013453591,7037454,-9999,115938,29.15,-1,-0.04375680273641616,0.3332175494002186,0.5336655475323597,0.4133967486530751,36,0.8852459016393442,0.21311475409836064,N1 P1 O13,de-protonated,0,-9999,C61 H54 O13 N1 P1,61,54,13,1,1,-9999,-9999,N/A,-9999,-9999,N/A,-9999
3678,1038.325512,1038.3259559115331,1038.3257300191992,7037454,-9999,115938,29.15,-1,0.21755440260271644,0.33048293988533656,0.587975334478484,0.43347989772259554,22,1.196078431372549,0.35294117647058826,N1 S2 O18,de-protonated,0,-9999,C51 H61 O18 N1 S2,51,61,18,1,-9999,2,-9999,N/A,-9999,-9999,N/A,-9999
3678,1038.325512,1038.3259559115331,1038.3250806093292,7037454,-9999,115938,29.15,-1,0.8429943764633648,0.2930075519317501,0.7818732053774631,0.48855381331003533,40,0.859375,0.078125,13C1 N2 S2 P1 O5,de-protonated,1,3677,C64 H55 O5 N2 P1 S2 13C1,64,55,5,2,1,2,1,N/A,-9999,-9999,N/A,-9999
3678,1038.325512,1038.3259559115331,1038.326441826749,7037454,-9999,115938,29.15,-1,-0.467979236904881,0.6406940744496946,0.9114136794774376,0.7489819164607918,23,1.183673469387755,0.40816326530612246,13C1 N2 S1 O20,de-protonated,1,3677,C49 H58 O20 N2 S1 13C1,49,58,20,2,-9999,1,1,N/A,-9999,-9999,N/A,-9999
3678,1038.325512,1038.3259559115331,1038.3252169549492,7037454,-9999,115938,29.15,-1,0.7116812458240733,0.3040648526324764,0.5186619100274376,0.3899036755904609,40,0.828125,0.109375,N3 S2 O7,de-protonated,0,-9999,C64 H53 O7 N3 S2,64,53,7,3,-9999,2,-9999,N/A,-9999,-9999,N/A,-9999
3678,1038.325512,1038.3259559115331,1038.325349896679,7037454,-9999,115938,29.15,-1,0.5836464015992279,0.31335406312213904,0.5765576248001294,0.4186354877933352,27,1.0943396226415094,0.2830188679245283,N3 S1 P1 O15,de-protonated,0,-9999,C53 H58 O15 N3 P1 S1,53,58,15,3,1,1,-9999,N/A,-9999,-9999,N/A,-9999
3678,1038.325512,1038.3259559115331,1038.3269310840992,7037454,-9999,115938,29.15,-1,-0.9391768015379288,0.34084136961005196,0.8389640296516976,0.5400904336267102,27,1.1346153846153846,0.2307692307692308,13C1 N4 S2 P1 O12,de-protonated,1,3677,C52 H59 O12 N4 P1 S2 13C1,52,59,12,4,1,2,1,N/A,-9999,-9999,N/A,-9999
3678,1038.325512,1038.3259559115331,1038.3260617042292,7037454,-9999,115938,29.15,-1,-0.10188774028290316,0.6654120892458711,0.899850422965807,0.7591874227338455,28,1.0784313725490196,0.3333333333333333,13C1 N4 P1 O17,de-protonated,1,3677,C51 H55 O17 N4 P1 13C1,51,55,17,4,1,-9999,1,N/A,-9999,-9999,N/A,-9999
3678,1038.325512,1038.3259559115331,1038.325790378069,7037454,-9999,115938,29.15,-1,0.1594234346756943,0.4976994740887386,0.8843374326156077,0.6523546574994863,14,1.5121951219512195,0.5365853658536586,13C1 N4 S2 O22,de-protonated,1,3677,C41 H62 O22 N4 S2 13C1,41,62,22,4,-9999,2,1,N/A,-9999,-9999,N/A,-9999
3679,1047.21825,1047.2187009608826,1047.2185616140591,3302324.5,-9999,170407.7,12.62,-1,0.13306374488023695,0.4983962160272421,0.6629808336683964,0.5642300630837038,22,1.127659574468085,0.44680851063829785,S2 P1 O21,de-protonated,0,-9999,C47 H53 O21 P1 S2,47,53,21,-9999,1,2,-9999,N/A,-9999,-9999,N/A,-9999
3679,1047.21825,1047.2187009608826,1047.218048549809,3302324.5,-9999,170407.7,12.62,-1,0.6229944895350266,0.4659991672379871,0.6064488444798661,0.5221790381347386,40,0.75,0.16666666666666666,N2 S2 P1 O10,de-protonated,0,-9999,C60 H45 O10 N2 P1 S2,60,45,10,2,1,2,-9999,N/A,-9999,-9999,N/A,-9999
3679,1047.21825,1047.2187009608826,1047.219409767229,3302324.5,-9999,170407.7,12.62,-1,-0.6768460743060003,0.4601178792407152,0.672627141691601,0.5451215842210695,23,1.0666666666666669,0.5555555555555556,N2 S1 O25,de-protonated,0,-9999,C45 H48 O25 N2 S1,45,48,25,2,-9999,1,-9999,N/A,-9999,-9999,N/A,-9999
3679,1047.21825,1047.2187009608826,1047.219029644709,3302324.5,-9999,170407.7,12.62,-1,-0.3138634966572205,0.4911421194484972,0.6629808336683964,0.5598776051364569,28,0.9574468085106383,0.46808510638297873,N4 P1 O22,de-protonated,0,-9999,C47 H45 O22 N4 P1,47,45,22,4,1,-9999,-9999,N/A,-9999,-9999,N/A,-9999
3680,1047.231325,1047.231775971247,1047.232815433749,27234222,-9999,162358.2,118.65,-1,-0.992580146816501,0.6466977176104464,0.5857643748129066,0.6223243804914305,40,0.7213114754098361,0.2459016393442623,S1 O15,de-protonated,0,-9999,C61 H44 O15 S1,61,44,15,-9999,-9999,1,-9999,N/A,-9999,-9999,N/A,-9999
3680,1047.231325,1047.231775971247,1047.232163985069,27234222,-9999,162358.2,118.65,-1,-0.37051365980941886,0.6557648438234418,0.6901039153719847,0.6695004724428589,31,0.9056603773584906,0.32075471698113206,N2 S2 O17,de-protonated,0,-9999,C53 H48 O17 N2 S2,53,48,17,2,-9999,2,-9999,N/A,-9999,-9999,N/A,-9999
3680,1047.231325,1047.231775971247,1047.231294605199,27234222,-9999,162358.2,118.65,-1,0.4596559047785089,0.7796075663199444,0.8091521435653711,0.7914253972181151,32,0.8461538461538461,0.4230769230769231,N2 O22,de-protonated,0,-9999,C52 H44 O22 N2,52,44,22,2,-9999,-9999,-9999,N/A,-9999,-9999,N/A,-9999
3680,1047.231325,1047.231775971247,1047.232296926799,27234222,-9999,162358.2,118.65,-1,-0.49745940162560426,0.5750762580890851,0.7321816148618276,0.6379184007981822,18,1.261904761904762,0.5952380952380952,N2 S1 P1 O25,de-protonated,0,-9999,C42 H53 O25 N2 P1 S1,42,53,25,2,1,1,-9999,N/A,-9999,-9999,N/A,-9999
3680,1047.231325,1047.231775971247,1047.231783862549,27234222,-9999,162358.2,118.65,-1,-0.00753539172714347,0.6471568087491133,0.817249179968333,0.7151937572368012,36,0.8181818181818182,0.2545454545454545,N4 S1 P1 O14,de-protonated,0,-9999,C55 H45 O14 N4 P1 S1,55,45,14,4,1,1,-9999,N/A,-9999,-9999,N/A,-9999
3681,1047.239873,1047.2403239780235,1047.239690982119,12029865,-9999,161985.4,51.29,-1,0.6044422398004045,0.4549732959786801,0.8805837705912618,0.6252174858237127,17,1.2954545454545454,0.5227272727272727,S2 P1 O23,de-protonated,0,-9999,C44 H57 O23 P1 S2,44,57,23,-9999,1,2,-9999,N/A,-9999,-9999,N/A,-9999
3681,1047.239873,1047.2403239780235,1047.2411905839692,12029865,-9999,161985.4,51.29,-1,-0.8275132352457568,0.6062046363326042,0.8843483713168281,0.7174621303262938,27,0.96,0.5,O25,de-protonated,0,-9999,C50 H48 O25,50,48,25,-9999,-9999,-9999,-9999,N/A,-9999,-9999,N/A,-9999
3681,1047.239873,1047.2403239780235,1047.2400260710392,12029865,-9999,161985.4,51.29,-1,0.2844686766152775,0.6467623446932459,0.8559800467518467,0.7304494255166862,36,0.8,0.2909090909090909,N4 S1 O16,de-protonated,0,-9999,C55 H44 O16 N4 S1,55,44,16,4,-9999,1,-9999,N/A,-9999,-9999,N/A,-9999
3681,1047.239873,1047.2403239780235,1047.241028392639,12029865,-9999,161985.4,51.29,-1,-0.6726384818642529,0.4712113671124723,0.8786683486102789,0.634194159711595,22,1.1777777777777778,0.4222222222222222,N4 S2 P1 O19,de-protonated,0,-9999,C45 H53 O19 N4 P1 S2,45,53,19,4,1,2,-9999,N/A,-9999,-9999,N/A,-9999
3681,1047.239873,1047.2403239780235,1047.240159012769,12029865,-9999,161985.4,51.29,-1,0.15752380490631307,0.6566514448889976,0.9208511992949652,0.7623313466513847,23,1.1136363636363635,0.5454545454545454,N4 P1 O24,de-protonated,0,-9999,C44 H49 O24 N4 P1,44,49,24,4,1,-9999,-9999,N/A,-9999,-9999,N/A,-9999
3682,1048.23481,1048.2352617667186,1048.236170268819,11140493,-9999,165398.1,47.35,-1,-0.8666960043633877,0.6518808011056673,0.5857643748129066,0.625434230588563,40,0.7333333333333333,0.25,13C1 S1 O15,de-protonated,1,3680,C60 H44 O15 S1 13C1,60,44,15,-9999,-9999,1,1,N/A,-9999,-9999,N/A,-9999
3682,1048.23481,1048.2352617667186,1048.234939954319,11140493,-9999,165398.1,47.35,-1,0.3070040763456206,0.7327355002322421,0.7556005690847095,0.7418815277732291,17,1.302325581395349,0.5348837209302325,N1 S2 P1 O23,de-protonated,0,-9999,C43 H56 O23 N1 P1 S2,43,56,23,1,1,2,-9999,N/A,-9999,-9999,N/A,-9999
3682,1048.23481,1048.2352617667186,1048.2355188201393,11140493,-9999,165398.1,47.35,-1,-0.2452248717652948,0.6577290609126007,0.6901039153719847,0.6706790026963543,31,0.9230769230769232,0.3269230769230769,13C1 N2 S2 O17,de-protonated,1,3680,C52 H48 O17 N2 S2 13C1,52,48,17,2,-9999,2,1,N/A,-9999,-9999,N/A,-9999
3682,1048.23481,1048.2352617667186,1048.234649440269,11140493,-9999,165398.1,47.35,-1,0.5841501708173947,0.7751222470053805,0.8091521435653711,0.7887342056293767,32,0.8627450980392157,0.43137254901960786,13C1 N2 O22,de-protonated,1,3680,C51 H44 O22 N2 13C1,51,44,22,2,-9999,-9999,1,N/A,-9999,-9999,N/A,-9999
3682,1048.23481,1048.2352617667186,1048.2356517618691,11140493,-9999,165398.1,47.35,-1,-0.3720491187678912,0.5788974034223257,0.7321816148618276,0.6402110879981264,18,1.2926829268292683,0.6097560975609756,13C1 N2 S1 P1 O25,de-protonated,1,3680,C41 H53 O25 N2 P1 S1 13C1,41,53,25,2,1,1,1,N/A,-9999,-9999,N/A,-9999
3682,1048.23481,1048.2352617667186,1048.234426890069,11140493,-9999,165398.1,47.35,-1,0.7964598645004545,0.7216283082429777,0.830878998120268,0.7653285841938938,35,0.8571428571428571,0.21428571428571427,N3 S2 P1 O12,de-protonated,0,-9999,C56 H48 O12 N3 P1 S2,56,48,12,3,1,2,-9999,N/A,-9999,-9999,N/A,-9999
3682,1048.23481,1048.2352617667186,1048.235138697619,11140493,-9999,165398.1,47.35,-1,0.1174060046541761,0.6467421935253568,0.817249179968333,0.7149449881025473,36,0.8333333333333334,0.25925925925925924,13C1 N4 S1 P1 O14,de-protonated,1,3680,C54 H45 O14 N4 P1 S1 13C1,54,45,14,4,1,1,1,N/A,-9999,-9999,N/A,-9999
3683,1048.243458,1048.243909773574,1048.2430458171891,4926856.5,-9999,160810.8,19.82,-1,0.8241947211256265,0.4420179806025431,0.8805837705912618,0.6174442965980306,17,1.3255813953488371,0.5348837209302325,13C1 S2 P1 O23,de-protonated,1,3681,C43 H57 O23 P1 S2 13C1,43,57,23,-9999,1,2,1,N/A,-9999,-9999,N/A,-9999
3683,1048.243458,1048.243909773574,1048.2445454190392,4926856.5,-9999,160810.8,19.82,-1,-0.60639043445210306,0.6236378247047728,0.8843483713168281,0.727922043349595,27,0.979591836734694,0.5102040816326531,13C1 O25,de-protonated,1,3681,C49 H48 O25 13C1,49,48,25,-9999,-9999,-9999,1,N/A,-9999,-9999,N/A,-9999
3683,1048.243458,1048.243909773574,1048.2443228688392,4926856.5,-9999,160810.8,19.82,-1,-0.3940829978452036,0.3240713649190586,0.5709562512810147,0.42282531946384105,30,0.9629629629629628,0.2777777777777778,N1 S2 P1 O15,de-protonated,0,-9999,C54 H52 O15 N1 P1 S2,54,52,15,1,1,2,-9999,N/A,-9999,-9999,N/A,-9999
3683,1048.243458,1048.243909773574,1048.2434534889692,4926856.5,-9999,160810.8,19.82,-1,0.4352849552585365,0.3220682130161913,0.5765576248001294,0.4238639777297666,31,0.9056603773584906,0.37735849056603776,N1 P1 O20,de-protonated,0,-9999,C53 H48 O20 N1 P1,53,48,20,1,1,-9999,-9999,N/A,-9999,-9999,N/A,-9999
3683,1048.243458,1048.243909773574,1048.243182162809,4926856.5,-9999,160810.8,19.82,-1,0.6941240136629677,0.45814450305890264,0.6825582999861977,0.5479100218298207,17,1.2790697674418603,0.5813953488372093,N1 S2 O25,de-protonated,0,-9999,C43 H55 O25 N1 S2,43,55,25,1,-9999,2,-9999,N/A,-9999,-9999,N/A,-9999
3683,1048.243458,1048.243909773574,1048.2433809061092,4926856.5,-9999,160810.8,19.82,-1,0.5045273591442863,0.6365753525529438,0.8559800467518467,0.7243372302325051,36,0.8148148148148148,0.2962962962962963,13C1 N4 S1 O16,de-protonated,1,3681,C54 H44 O16 N4 S1 13C1,54,44,16,4,-9999,1,1,N/A,-9999,-9999,N/A,-9999
3683,1048.243458,1048.243909773574,1048.2443832277092,4926856.5,-9999,160810.8,19.82,-1,-0.451663889540202,0.4818305602921205,0.8786683486102789,0.6405656756193838,22,1.2045454545454546,0.4318181818181818,13C1 N4 S2 P1 O19,de-protonated,1,3681,C44 H53 O19 N4 P1 S2 13C1,44,53,19,4,1,2,1,N/A,-9999,-9999,N/A,-9999
3683,1048.243458,1048.243909773574,1048.243513847839,4926856.5,-9999,160810.8,19.82,-1,0.3777039682688803,0.6496310907587001,0.9208511992949652,0.7581191341732061,23,1.1395348837209305,0.5581395348837209,13C1 N4 P1 O24,de-protonated,1,3681,C43 H49 O24 N4 P1 13C1,43,49,24,4,1,-9999,1,N/A,-9999,-9999,N/A,-9999
3684,1049.228231,1049.228683554212,1049.2286112633492,16051056,-9999,155715.1,69.11,-1,0.06889905788085351,0.6699602138843275,0.5857643748129066,0.6362818782557591,40,0.7213114754098361,0.2459016393442623,34S1 O15,de-protonated,1,3680,C61 H44 O15 34S1,61,44,15,-9999,-9999,-9999,-9999,N/A,-9999,-9999,N/A,1
3684,1049.228231,1049.228683554212,1049.228338451749,16051056,-9999,155715.1,69.11,-1,0.3289107339828275,0.37105451659280086,0.7896355918657318,0.5384869467019733,30,0.9444444444444444,0.2962962962962963,S2 P1 O16,de-protonated,0,-9999,C54 H51 O16 P1 S2,54,51,16,-9999,1,2,-9999,N/A,-9999,-9999,N/A,-9999
3684,1049.228231,1049.228683554212,1049.2279598146692,16051056,-9999,155715.1,69.11,-1,0.689782936104335,0.6474634215737088,0.6901039153719847,0.6645196190930192,31,0.9056603773584906,0.32075471698113206,N2 S1 34S1 O17,de-protonated,1,3680,C53 H48 O17 N2 S1 34S1,53,48,17,2,-9999,1,-9999,N/A,-9999,-9999,N/A,1
3684,1049.228231,1049.228683554212,1049.229186604919,16051056,-9999,155715.1,69.11,-1,-0.47944787798600474,0.6528900772297447,0.8436578522843341,0.7291971872515804,31,0.8846153846153846,0.38461538461538464,N2 S1 O20,de-protonated,0,-9999,C52 H46 O20 N2 S1,52,46,20,2,-9999,1,-9999,N/A,-9999,-9999,N/A,-9999
3684,1049.228231,1049.228683554212,1049.228092756399,16051056,-9999,155715.1,69.11,-1,0.563078530803594,0.5726768697143092,0.7321816148618276,0.6364787677733166,18,1.261904761904762,0.5952380952380952,N2 34S1 P1 O25,de-protonated,1,3680,C42 H53 O25 N2 P1 34S1,42,53,25,2,1,-9999,-9999,N/A,-9999,-9999,N/A,1
3684,1049.228231,1049.228683554212,1049.229675862269,16051056,-9999,155715.1,69.11,-1,-0.9457491336945476,0.3638985558145341,0.7846333177599908,0.5321924605927169,35,0.8545454545454545,0.21818181818181817,N4 S2 P1 O12,de-protonated,0,-9999,C55 H47 O12 N4 P1 S2,55,47,12,4,1,2,-9999,N/A,-9999,-9999,N/A,-9999
3684,1049.228231,1049.228683554212,1049.228806482399,16051056,-9999,155715.1,69.11,-1,-0.1171605147051846,0.6556657550199322,0.8323837696474827,0.7263529608709525,36,0.7962962962962963,0.3148148148148148,N4 P1 O17,de-protonated,0,-9999,C54 H43 O17 N4 P1,54,43,17,4,1,-9999,-9999,N/A,-9999,-9999,N/A,-9999
3684,1049.228231,1049.228683554212,1049.228535156239,16051056,-9999,155715.1,69.11,-1,0.14143531910124915,0.4794474216222666,0.858072627773997,0.6308975040829587,22,1.1363636363636365,0.5,N4 S2 O22,de-protonated,0,-9999,C44 H50 O22 N4 S2,44,50,22,4,-9999,2,-9999,N/A,-9999,-9999,N/A,-9999
3685,1049.237481,1049.2379335615444,1049.237060427039,11774827,-9999,137001.3,50.16,-1,0.8321613277740973,0.6532149017525687,0.5857643748129066,0.6262346909767038,40,0.7213114754098361,0.22950819672131148,S1 O14 18O1,de-protonated,1,3680,C61 H44 O14 S1 18O1,61,44,14,-9999,-9999,1,-9999,N/A,-9999,1,N/A,-9999
3685,1049.237481,1049.2379335615444,1049.238294789389,11774827,-9999,137001.3,50.16,-1,-0.34427626829096775,0.7316554015806331,0.7556005690847095,0.7412334685822637,17,1.3333333333333333,0.5476190476190477,13C1 N1 S2 P1 O23,de-protonated,1,3682,C42 H56 O23 N1 P1 S2 13C1,42,56,23,1,1,2,1,N/A,-9999,-9999,N/A,-9999
3685,1049.237481,1049.2379335615444,1049.238873655209,11774827,-9999,137001.3,50.16,-1,-0.8959767775468187,0.6399150144067469,0.6901039153719847,0.6599905747928421,31,0.9411764705882352,0.3333333333333333,13C2 N2 S2 O17,de-protonated,1,3680,C51 H48 O17 N2 S2 13C2,51,48,17,2,-9999,2,2,N/A,-9999,-9999,N/A,-9999
3685,1049.237481,1049.2379335615444,1049.2387024611692,11774827,-9999,137001.3,50.16,-1,-0.7328166821731407,0.5988646020911705,0.8421437259821091,0.6961762516475459,31,0.903846153846154,0.38461538461538464,N2 P1 O20,de-protonated,0,-9999,C52 H47 O20 N2 P1,52,47,20,2,1,-9999,-9999,N/A,-9999,-9999,N/A,-9999
3685,1049.237481,1049.2379335615444,1049.238004275339,11774827,-9999,137001.3,50.16,-1,-0.06739538064439989,0.7869651126205065,0.8091521435653711,0.7958399249984524,32,0.88,0.44,13C2 N2 O22,de-protonated,1,3680,C50 H44 O22 N2 13C2,50,44,22,2,-9999,-9999,2,N/A,-9999,-9999,N/A,-9999
3685,1049.237481,1049.2379335615444,1049.238431135009,11774827,-9999,137001.3,50.16,-1,-0.47422344610586414,0.4768765518646883,0.868014470876098,0.6333317194692523,17,1.2857142857142858,0.5952380952380952,N2 S2 O25,de-protonated,0,-9999,C42 H54 O25 N2 S2,42,54,25,2,-9999,2,-9999,N/A,-9999,-9999,N/A,-9999
3685,1049.237481,1049.2379335615444,1049.2377817251393,11774827,-9999,137001.3,50.16,-1,0.1447111491892746,0.7478612859931016,0.830878998120268,0.7810683708439682,35,0.8727272727272727,0.21818181818181817,13C1 N3 S2 P1 O12,de-protonated,1,3682,C55 H48 O12 N3 P1 S2 13C1,55,48,12,3,1,2,1,N/A,-9999,-9999,N/A,-9999
3685,1049.237481,1049.2379335615444,1049.238493532689,11774827,-9999,137001.3,50.16,-1,-0.5336929097539849,0.638763708779497,0.817249179968333,0.7101578972550313,36,0.8490566037735849,0.2641509433962264,13C2 N4 S1 P1 O14,de-protonated,1,3680,C53 H45 O14 N4 P1 S1 13C2,53,45,14,4,1,1,2,N/A,-9999,-9999,N/A,-9999
3685,1049.237481,1049.2379335615444,1049.2379180707592,11774827,-9999,137001.3,50.16,-1,0.01476384428924185,0.4998443192360466,0.7981081517872908,0.6191498522565443,35,0.8363636363636363,0.2545454545454545,N4 S2 O14,de-protonated,0,-9999,C55 H46 O14 N4 S2,55,46,14,4,-9999,2,-9999,N/A,-9999,-9999,N/A,-9999
3685,1049.237481,1049.2379335615444,1049.2370486908892,11774827,-9999,137001.3,50.16,-1,0.8433467502230947,0.5922192739084338,0.8308696433452578,0.6876794216831634,36,0.7777777777777778,0.35185185185185186,N4 O19,de-protonated,0,-9999,C54 H42 O19 N4,54,42,19,4,-9999,-9999,-9999,N/A,-9999,-9999,N/A,-9999
3685,1049.237481,1049.2379335615444,1049.2380510124892,11774827,-9999,137001.3,50.16,-1,-0.1119392731571877,0.6638840655178821,0.890209810471877,0.75441436349948,22,1.1590909090909092,0.5,N4 S1 P1 O22,de-protonated,0,-9999,C44 H51 O22 N4 P1 S1,44,51,22,4,1,1,-9999,N/A,-9999,-9999,N/A,-9999
3686,1049.330969,1049.3314216356532,1049.3316217530291,3986232.8,-9999,137021.1,15.65,-1,-0.19070937325902987,0.3311408090125608,0.5186619100274376,0.4061492494185115,36,0.921875,0.125,S2 P1 O8,de-protonated,0,-9999,C64 H59 O8 P1 S2,64,59,8,-9999,1,2,-9999,N/A,-9999,-9999,N/A,-9999
3686,1049.330969,1049.3314216356532,1049.3307523731592,3986232.8,-9999,137021.1,15.65,-1,0.6377993712119524,0.3096156951088011,0.5236005676629861,0.3952096441304751,37,0.873015873015873,0.2063492063492063,P1 O13,de-protonated,0,-9999,C63 H55 O13 P1,63,55,13,-9999,1,-9999,-9999,N/A,-9999,-9999,N/A,-9999
3686,1049.330969,1049.3314216356532,1049.3304810469992,3986232.8,-9999,137021.1,15.65,-1,0.8963702770139526,0.432169454528568,0.6356335132356644,0.5135550780114065,23,1.169811320754717,0.33962264150943394,S2 O18,de-protonated,0,-9999,C53 H62 O18 S2,53,62,18,-9999,-9999,2,-9999,N/A,-9999,-9999,N/A,-9999
3686,1049.330969,1049.3314216356532,1049.332469906199,3986232.8,-9999,137021.1,15.65,-1,-0.9989880004128388,0.27812241824543044,0.5286014919551969,0.378314047729337,37,0.8709677419354839,0.1935483870967742,N2 S1 O12,de-protonated,0,-9999,C62 H54 O12 N2 S1,62,54,12,2,-9999,1,-9999,N/A,-9999,-9999,N/A,-9999
3686,1049.330969,1049.3314216356532,1049.3323315217692,3986232.8,-9999,137021.1,15.65,-1,-0.8671095787985191,0.43623480313082574,0.6927871148459346,0.5388557278168693,10,1.6097560975609757,0.6097560975609756,N2 S2 O25,de-protonated,0,-9999,C41 H66 O25 N2 S2,41,66,25,2,-9999,2,-9999,N/A,-9999,-9999,N/A,-9999
3686,1049.330969,1049.3314216356532,1049.3318184575191,3986232.8,-9999,137021.1,15.65,-1,-0.3781662377465409,0.4871924285908023,0.6312934720183802,0.5448328459618335,28,1.0740740740740742,0.25925925925925924,N4 S2 O14,de-protonated,0,-9999,C54 H58 O14 N4 S2,54,58,14,4,-9999,2,-9999,N/A,-9999,-9999,N/A,-9999
3686,1049.330969,1049.3314216356532,1049.3309490776492,3986232.8,-9999,137021.1,15.65,-1,0.45034219610497966,0.4819348005181656,0.6356335132356644,0.5434142856051651,29,1.018867924528302,0.3584905660377358,N4 O19,de-protonated,0,-9999,C53 H54 O19 N4,53,54,19,4,-9999,-9999,-9999,N/A,-9999,-9999,N/A,-9999
3686,1049.330969,1049.3314216356532,1049.331951399249,3986232.8,-9999,137021.1,15.65,-1,-0.5048579670560759,0.47740260615206415,0.6825582999861977,0.5594648836857176,15,1.4651162790697674,0.5116279069767442,N4 S1 P1 O22,de-protonated,0,-9999,C43 H63 O22 N4 P1 S1,43,63,22,4,1,1,-9999,N/A,-9999,-9999,N/A,-9999
3687,1050.232142,1050.2325953500208,1050.2319660984192,5681484,-9999,157903.6,23.17,-1,0.5991548742629798,0.6610744245399488,0.5857643748129066,0.6309504046491319,40,0.7333333333333333,0.25,13C1 34S1 O15,de-protonated,1,3680,C60 H44 O15 13C1 34S1,60,44,15,-9999,-9999,-9999,1,N/A,-9999,-9999,N/A,1
3687,1050.232142,1050.2325953500208,1050.231693286819,5681484,-9999,157903.6,23.17,-1,0.8589182819932024,0.34988428364209867,0.7896355918657318,0.5257848069315519,30,0.9622641509433962,0.3018867924528302,13C1 S2 P1 O16,de-protonated,1,3684,C53 H51 O16 P1 S2 13C1,53,51,16,-9999,1,2,1,N/A,-9999,-9999,N/A,-9999
3687,1050.232142,1050.2325953500208,1050.2318296324393,5681484,-9999,157903.6,23.17,-1,0.7290938628396494,0.3026838573687345,0.5765576248001295,0.4122333643412925,30,0.9245283018867924,0.33962264150943394,N1 S2 O18,de-protonated,0,-9999,C53 H49 O18 N1 S2,53,49,18,1,-9999,2,-9999,N/A,-9999,-9999,N/A,-9999
3687,1050.232142,1050.2325953500208,1050.232541439989,5681484,-9999,157903.6,23.17,-1,0.05133151907895769,0.6663480070804028,0.8436578522843341,0.7372719451619754,31,0.9019607843137256,0.392156862745098,13C1 N2 S1 O20,de-protonated,1,3684,C51 H46 O20 N2 S1 13C1,51,46,20,2,-9999,1,1,N/A,-9999,-9999,N/A,-9999
3687,1050.232142,1050.2325953500208,1050.2330306973392,5681484,-9999,157903.6,23.17,-1,-0.4145244966773536,0.387721042349241,0.7846333177599908,0.5464859525135408,35,0.8703703703703703,0.2222222222222222,13C1 N4 S2 P1 O12,de-protonated,1,3684,C54 H47 O12 N4 P1 S2 13C1,54,47,12,4,1,2,1,N/A,-9999,-9999,N/A,-9999
3687,1050.232142,1050.2325953500208,1050.232161317469,5681484,-9999,157903.6,23.17,-1,0.413272957877733,0.6463232246312214,0.8323837696474827,0.7207474426377259,36,0.8113207547169812,0.32075471698113206,13C1 N4 P1 O17,de-protonated,1,3684,C53 H43 O17 N4 P1 13C1,53,43,17,4,1,-9999,1,N/A,-9999,-9999,N/A,-9999
3687,1050.232142,1050.2325953500208,1050.2318899913091,5681484,-9999,157903.6,23.17,-1,0.6716218755175573,0.4607063987408273,0.858072627773997,0.6196528903540952,22,1.162790697674419,0.5116279069767442,13C1 N4 S2 O22,de-protonated,1,3684,C43 H50 O22 N4 S2 13C1,43,50,22,4,-9999,2,1,N/A,-9999,-9999,N/A,-9999
3688,1050.24076,1050.2412133568523,1050.2413454886891,4135239.3,-9999,152446.9,16.32,-1,-0.12581092660562432,0.498566039963062,0.6356335132356643,0.5533930292721029,30,0.9433962264150944,0.33962264150943394,N1 S1 P1 O18,de-protonated,0,-9999,C53 H50 O18 N1 P1 S1,53,50,18,1,1,1,-9999,N/A,-9999,-9999,N/A,-9999
3688,1050.24076,1050.2412133568523,1050.2416496244591,4135239.3,-9999,152446.9,16.32,-1,-0.4153973582720365,0.7292684032319883,0.7556005690847095,0.7398012695730767,17,1.3658536585365857,0.5609756097560976,13C2 N1 S2 P1 O23,de-protonated,1,3682,C41 H56 O23 N1 P1 S2 13C2,41,56,23,1,1,2,2,N/A,-9999,-9999,N/A,-9999
3688,1050.24076,1050.2412133568523,1050.242228490279,4135239.3,-9999,152446.9,16.32,-1,-0.9665707581353844,0.6370036261266796,0.6901039153719847,0.6582437418248016,31,0.96,0.34,13C3 N2 S2 O17,de-protonated,1,3680,C50 H48 O17 N2 S2 13C3,50,48,17,2,-9999,2,3,N/A,-9999,-9999,N/A,-9999
3688,1050.24076,1050.2412133568523,1050.2420572962392,4135239.3,-9999,152446.9,16.32,-1,-0.8035665502113805,0.5929590080372217,0.8421437259821091,0.6926328952151766,31,0.9215686274509804,0.392156862745098,13C1 N2 P1 O20,de-protonated,1,3685,C51 H47 O20 N2 P1 13C1,51,47,20,2,1,-9999,1,N/A,-9999,-9999,N/A,-9999
3688,1050.24076,1050.2412133568523,1050.2413591104091,4135239.3,-9999,152446.9,16.32,-1,-0.13878101023498268,0.7864321511132638,0.8091521435653711,0.7955201480941068,32,0.8979591836734694,0.4489795918367347,13C3 N2 O22,de-protonated,1,3680,C49 H44 O22 N2 13C3,49,44,22,2,-9999,-9999,3,N/A,-9999,-9999,N/A,-9999
3688,1050.24076,1050.2412133568523,1050.2417859700793,4135239.3,-9999,152446.9,16.32,-1,-0.545220381248893,0.47374523900852233,0.868014470876098,0.6314529317555526,17,1.3170731707317074,0.6097560975609756,13C1 N2 S2 O25,de-protonated,1,3685,C41 H54 O25 N2 S2 13C1,41,54,25,2,-9999,2,1,N/A,-9999,-9999,N/A,-9999
3688,1050.24076,1050.2412133568523,1050.2411365602093,4135239.3,-9999,152446.9,16.32,-1,0.07312286709181921,0.7485669952839922,0.830878998120268,0.7814917964185024,35,0.8888888888888888,0.2222222222222222,13C2 N3 S2 P1 O12,de-protonated,1,3682,C54 H48 O12 N3 P1 S2 13C2,54,48,12,3,1,2,2,N/A,-9999,-9999,N/A,-9999
3688,1050.24076,1050.2412133568523,1050.240694040009,4135239.3,-9999,152446.9,16.32,-1,0.4944741203468959,0.4783023432756072,0.672627141691601,0.5560322626420047,21,1.2,0.4444444444444444,N3 S2 P1 O20,de-protonated,0,-9999,C45 H54 O20 N3 P1 S2,45,54,20,3,1,2,-9999,N/A,-9999,-9999,N/A,-9999
3688,1050.24076,1050.2412133568523,1050.242193641859,4135239.3,-9999,152446.9,16.32,-1,-0.9333894721851292,0.4268903192464944,0.6444951140065157,0.5139322371505028,31,0.8823529411764706,0.43137254901960786,N3 O22,de-protonated,0,-9999,C51 H45 O22 N3,51,45,22,3,-9999,-9999,-9999,N/A,-9999,-9999,N/A,-9999
3688,1050.24076,1050.2412133568523,1050.241848367759,4135239.3,-9999,152446.9,16.32,-1,-0.6046330259544048,0.6364615346846283,0.817249179968333,0.7087765927981102,36,0.8653846153846154,0.2692307692307692,13C3 N4 S1 P1 O14,de-protonated,1,3680,C52 H45 O14 N4 P1 S1 13C3,52,45,14,4,1,1,3,N/A,-9999,-9999,N/A,-9999
3688,1050.24076,1050.2412133568523,1050.2412729058292,4135239.3,-9999,152446.9,16.32,-1,-0.05670028251096105,0.49970841336574734,0.7981081517872908,0.6190683087343647,35,0.8518518518518519,0.25925925925925924,13C1 N4 S2 O14,de-protonated,1,3685,C54 H46 O14 N4 S2 13C1,54,46,14,4,-9999,2,1,N/A,-9999,-9999,N/A,-9999
3688,1050.24076,1050.2412133568523,1050.2404035259592,4135239.3,-9999,152446.9,16.32,-1,0.7710909715386117,0.5984866252038349,0.8308696433452578,0.6914398324604041,36,0.7924528301886793,0.3584905660377358,13C1 N4 O19,de-protonated,1,3685,C53 H42 O19 N4 13C1,53,42,19,4,-9999,-9999,1,N/A,-9999,-9999,N/A,-9999
3688,1050.24076,1050.2412133568523,1050.241405847559,4135239.3,-9999,152446.9,16.32,-1,-0.1832823440622995,0.6626154924028697,0.890209810471877,0.7536532196304726,22,1.186046511627907,0.5116279069767442,13C1 N4 S1 P1 O22,de-protonated,1,3685,C43 H51 O22 N4 P1 S1 13C1,43,51,22,4,1,1,1,N/A,-9999,-9999,N/A,-9999
3689,1053.328138,1053.3285938042434,1053.329038296049,8848037,-9999,92744.9,37.2,-1,-0.4219876121111474,0.6474980253635526,0.8864409955038722,0.7430752134196805,31,1,0.23728813559322037,S1 P1 O14,de-protonated,0,-9999,C59 H59 O14 P1 S1,59,59,14,-9999,1,1,-9999,N/A,-9999,-9999,N/A,-9999
3689,1053.328138,1053.3285938042434,1053.3278975900191,8848037,-9999,92744.9,37.2,-1,0.6609662820625177,0.30792995452355987,0.6056537631733503,0.42701947798347606,18,1.2916666666666667,0.5,S1 O24,de-protonated,0,-9999,C48 H62 O24 S1,48,62,24,-9999,-9999,1,-9999,N/A,-9999,-9999,N/A,-9999
3689,1053.328138,1053.3285938042434,1053.328386847369,8848037,-9999,92744.9,37.2,-1,0.19647896790058747,0.4570149823511435,0.8667031906253968,0.6208902656608448,22,1.2352941176470589,0.3137254901960784,N2 S2 P1 O16,de-protonated,0,-9999,C51 H63 O16 N2 P1 S2,51,63,16,2,1,2,-9999,N/A,-9999,-9999,N/A,-9999
3689,1053.328138,1053.3285938042434,1053.327873783119,8848037,-9999,92744.9,37.2,-1,0.6835679016010809,0.4387846306724878,0.6125494712219448,0.5082905668922706,40,0.859375,0.078125,N4 S2 P1 O5,de-protonated,0,-9999,C64 H55 O5 N4 P1 S2,64,55,5,4,1,2,-9999,N/A,-9999,-9999,N/A,-9999
3689,1053.328138,1053.3285938042434,1053.3292350005393,8848037,-9999,92744.9,37.2,-1,-0.6087330291115876,0.6427617428758842,0.9175021135450244,0.7526578911435403,23,1.183673469387755,0.40816326530612246,N4 S1 O20,de-protonated,0,-9999,C49 H58 O20 N4 S1,49,58,20,4,-9999,1,-9999,N/A,-9999,-9999,N/A,-9999
3690,1054.332336,1054.3327926002796,1054.332393131119,4608121,-9999,156078.4,18.42,-1,0.3788835126251284,0.6495259045272926,0.8864409955038722,0.7442919409179245,31,1.0172413793103448,0.2413793103448276,13C1 S1 P1 O14,de-protonated,1,3689,C58 H59 O14 P1 S1 13C1,58,59,14,-9999,1,1,1,N/A,-9999,-9999,N/A,-9999
3690,1054.332336,1054.3327926002796,1054.3325294767392,4608121,-9999,156078.4,18.42,-1,0.24956409204760516,0.32958752895269267,0.5492452930313529,0.4174506345841568,31,0.9827586206896552,0.27586206896551724,N1 S1 O16,de-protonated,0,-9999,C58 H57 O16 N1 S1,58,57,16,1,-9999,1,-9999,N/A,-9999,-9999,N/A,-9999
3690,1054.332336,1054.3327926002796,1054.333531798339,4608121,-9999,156078.4,18.42,-1,-0.7011045718170605,0.4573355782888977,0.6582606959877568,0.5377056253684414,17,1.375,0.3958333333333333,N1 S2 P1 O19,de-protonated,0,-9999,C48 H66 O19 N1 P1 S2,48,66,19,1,1,2,-9999,N/A,-9999,-9999,N/A,-9999
3690,1054.332336,1054.3327926002796,1054.332662418469,4608121,-9999,156078.4,18.42,-1,0.12347318380510726,0.4986187618333389,0.6629808336683964,0.564363590567362,18,1.319148936170213,0.5106382978723404,N1 P1 O24,de-protonated,0,-9999,C47 H62 O24 N1 P1,47,62,24,1,1,-9999,-9999,N/A,-9999,-9999,N/A,-9999
3690,1054.332336,1054.3327926002796,1054.331741682439,4608121,-9999,156078.4,18.42,-1,0.9967620237374508,0.41752004820553856,0.8667031906253968,0.5971933051734819,22,1.26,0.32,13C1 N2 S2 P1 O16,de-protonated,1,3689,C50 H63 O16 N2 P1 S2 13C1,50,63,16,2,1,2,1,N/A,-9999,-9999,N/A,-9999
3690,1054.332336,1054.3327926002796,1054.3330187340891,4608121,-9999,156078.4,18.42,-1,-0.2144804397675389,0.3305625874657289,0.53366554753236,0.41180377149238134,35,0.9508196721311476,0.13114754098360656,N3 S2 P1 O8,de-protonated,0,-9999,C61 H58 O8 N3 P1 S2,61,58,8,3,1,2,-9999,N/A,-9999,-9999,N/A,-9999
3690,1054.332336,1054.3327926002796,1054.3321493542192,4608121,-9999,156078.4,18.42,-1,0.610098118374587,0.31156382477444944,0.5387936087087051,0.4024557383481517,36,0.9,0.21666666666666667,N3 P1 O13,de-protonated,0,-9999,C60 H54 O13 N3 P1,60,54,13,3,1,-9999,-9999,N/A,-9999,-9999,N/A,-9999
3690,1054.332336,1054.3327926002796,1054.3318780280592,4608121,-9999,156078.4,18.42,-1,0.8674424433525668,0.4361891041756726,0.6490192219379252,0.5213211512805737,22,1.22,0.36,N3 S2 O18,de-protonated,0,-9999,C50 H61 O18 N3 S2,50,61,18,3,-9999,2,-9999,N/A,-9999,-9999,N/A,-9999
3690,1054.332336,1054.3327926002796,1054.332589835609,4608121,-9999,156078.4,18.42,-1,0.19231566256258512,0.6622076875976436,0.9175021135450244,0.7643254579765959,23,1.2083333333333333,0.4166666666666667,13C1 N4 S1 O20,de-protonated,1,3689,C48 H58 O20 N4 S1 13C1,48,58,20,4,-9999,1,1,N/A,-9999,-9999,N/A,-9999
3691,1055.329704,1055.3301613909018,1055.329299277489,3247695.8,-9999,265607.7,12.4,-1,0.8169141265315901,0.29531820829540234,0.5089679850512161,0.38077811899772784,39,0.8484848484848485,0.13636363636363635,S2 O9,de-protonated,0,-9999,C66 H56 O9 S2,66,56,9,-9999,-9999,2,-9999,N/A,-9999,-9999,N/A,-9999
3691,1055.329704,1055.3301613909018,1055.329432219219,3247695.8,-9999,265607.7,12.4,-1,0.6909422410142768,0.4585109994072271,0.6270122956014688,0.5259115178849239,26,1.1090909090909091,0.3090909090909091,S1 P1 O17,de-protonated,0,-9999,C55 H61 O17 P1 S1,55,61,17,-9999,1,1,-9999,N/A,-9999,-9999,N/A,-9999
3691,1055.329704,1055.3301613909018,1055.331149752259,3247695.8,-9999,265607.7,12.4,-1,-0.936541442456566,0.4264340243610152,0.6312934720183803,0.5083778034239612,26,1.1111111111111112,0.2962962962962963,N2 S2 O16,de-protonated,0,-9999,C54 H60 O16 N2 S2,54,60,16,2,-9999,2,-9999,N/A,-9999,-9999,N/A,-9999
3691,1055.329704,1055.3301613909018,1055.330280372389,3247695.8,-9999,265607.7,12.4,-1,-0.1127433652656829,0.4988481257046978,0.6356335132356644,0.5535622807170844,27,1.0566037735849056,0.3962264150943397,N2 O21,de-protonated,0,-9999,C53 H56 O21 N2,53,56,21,2,-9999,-9999,-9999,N/A,-9999,-9999,N/A,-9999
3691,1055.329704,1055.3301613909018,1055.330769629739,3247695.8,-9999,265607.7,12.4,-1,-0.5763490033025389,0.4707535954433203,0.6227887944601802,0.5315676750500642,31,1.0178571428571428,0.23214285714285715,N4 S1 P1 O13,de-protonated,0,-9999,C56 H57 O13 N4 P1 S1,56,57,13,4,1,1,-9999,N/A,-9999,-9999,N/A,-9999
3691,1055.329704,1055.3301613909018,1055.3296289237092,3247695.8,-9999,265607.7,12.4,-1,0.5045505954505667,0.4774294832001637,0.672627141691601,0.5555085465967387,18,1.3333333333333333,0.5111111111111111,N4 S1 O23,de-protonated,0,-9999,C45 H60 O23 N4 S1,45,60,23,4,-9999,1,-9999,N/A,-9999,-9999,N/A,-9999
3692,1055.333079,1055.333536393577,1055.3328035225393,3700301.8,-9999,171692,14.4,-1,0.6944454255376432,0.4581074035428632,0.6400336417157295,0.5308778988120098,21,1.25,0.3269230769230769,S2 P1 O17,de-protonated,0,-9999,C52 H65 O17 P1 S2,52,65,17,-9999,1,2,-9999,N/A,-9999,-9999,N/A,-9999
3692,1055.333079,1055.333536393577,1055.3343031243892,3700301.8,-9999,171692,14.4,-1,-0.7265288447504242,0.4543334812531643,0.6145102180259683,0.5184041759622859,31,0.9655172413793104,0.3275862068965517,O19,de-protonated,0,-9999,C58 H56 O19,58,56,19,-9999,-9999,-9999,-9999,N/A,-9999,-9999,N/A,-9999
3692,1055.333079,1055.333536393577,1055.333651675709,3700301.8,-9999,171692,14.4,-1,-0.10923761572275224,0.4989185705935328,0.6490192219379252,0.5589588311312897,22,1.2,0.42,N2 S1 O21,de-protonated,0,-9999,C50 H60 O21 N2 S1,50,60,21,2,-9999,1,-9999,N/A,-9999,-9999,N/A,-9999
3692,1055.333079,1055.333536393577,1055.3345834532593,3700301.8,-9999,171692,14.4,-1,-0.9921589783634238,0.4182142004343285,0.6125494712219448,0.495948308749375,40,0.8870967741935484,0.08064516129032258,13C2 N4 S2 P1 O5,de-protonated,1,3689,C62 H55 O5 N4 P1 S2 13C2,62,55,5,4,1,2,2,N/A,-9999,-9999,N/A,-9999
3692,1055.333079,1055.333536393577,1055.333138611459,3700301.8,-9999,171692,14.4,-1,0.3769256395132535,0.32485016407441114,0.5236005676629862,0.4043503255098412,40,0.8253968253968254,0.15873015873015872,N4 S1 O10,de-protonated,0,-9999,C63 H52 O10 N4 S1,63,52,10,4,-9999,1,-9999,N/A,-9999,-9999,N/A,-9999
3692,1055.333079,1055.333536393577,1055.3341409330592,3700301.8,-9999,171692,14.4,-1,-0.5728417745952574,0.47109799494003174,0.6356335132356644,0.5369122022582848,26,1.150943396226415,0.24528301886792453,N4 S2 P1 O13,de-protonated,0,-9999,C53 H61 O13 N4 P1 S2,53,61,13,4,1,2,-9999,N/A,-9999,-9999,N/A,-9999
3692,1055.333079,1055.333536393577,1055.3332715531892,3700301.8,-9999,171692,14.4,-1,0.2509542672804514,0.49431888000605273,0.6400336417157294,0.5526047846899234,27,1.0961538461538465,0.34615384615384615,N4 P1 O18,de-protonated,0,-9999,C52 H57 O18 N4 P1,52,57,18,4,1,-9999,-9999,N/A,-9999,-9999,N/A,-9999
3692,1055.333079,1055.333536393577,1055.3330002270293,3700301.8,-9999,171692,14.4,-1,0.5080543749719624,0.4771222273910334,0.6876346701883607,0.5613272045099642,13,1.5238095238095235,0.5476190476190477,N4 S2 O23,de-protonated,0,-9999,C42 H64 O23 N4 S2,42,64,23,4,-9999,2,-9999,N/A,-9999,-9999,N/A,-9999
3693,1061.215173,1061.2156350563637,1061.215451292179,3627390,-9999,168112.1,14.51,-1,0.17316387936226163,0.4972869517876839,0.6145102180259683,0.5441762582829976,36,0.7931034482758621,0.27586206896551724,S2 O16,de-protonated,0,-9999,C58 H46 O16 S2,58,46,16,-9999,-9999,2,-9999,N/A,-9999,-9999,N/A,-9999
3693,1061.215173,1061.2156350563637,1061.214581912309,3627390,-9999,168112.1,14.51,-1,0.9923950088110628,0.4181786565329399,0.6186218109054389,0.49835591828193954,37,0.7368421052631579,0.3684210526315789,O21,de-protonated,0,-9999,C57 H42 O21,57,42,21,-9999,-9999,-9999,-9999,N/A,-9999,-9999,N/A,-9999
3693,1061.215173,1061.2156350563637,1061.215584233909,3627390,-9999,168112.1,14.51,-1,0.04789079155640968,0.4997919644771079,0.6629808336683964,0.5650675121536233,23,1.0851063829787233,0.5106382978723404,S1 P1 O24,de-protonated,0,-9999,C47 H51 O24 P1 S1,47,51,24,-9999,1,1,-9999,N/A,-9999,-9999,N/A,-9999
3694,1061.232397,1061.2328590700172,1061.2332093569191,4665716,-9999,137053.3,19.24,-1,-0.3300753301536412,0.326808445637905,0.5492452930313529,0.4157831845952842,36,0.7931034482758621,0.3103448275862069,S1 O18,de-protonated,0,-9999,C58 H46 O18 S1,58,46,18,-9999,-9999,1,-9999,N/A,-9999,-9999,N/A,-9999
3694,1061.232397,1061.2328590700172,1061.233698614269,4665716,-9999,137053.3,19.24,-1,-0.7911021417802597,0.2975507125872657,0.53366554753236,0.3919966465653034,40,0.7704918032786885,0.16393442622950818,N2 S2 P1 O10,de-protonated,0,-9999,C61 H47 O10 N2 P1 S2,61,47,10,2,1,2,-9999,N/A,-9999,-9999,N/A,-9999
3694,1061.232397,1061.2328590700172,1061.2325579082392,4665716,-9999,137053.3,19.24,-1,0.2837849025204802,0.49274674160838583,0.6490192219379252,0.5552557337402015,27,1,0.4,N2 S2 O20,de-protonated,0,-9999,C50 H50 O20 N2 S2,50,50,20,2,-9999,2,-9999,N/A,-9999,-9999,N/A,-9999
3694,1061.232397,1061.2328590700172,1061.232177785719,4665716,-9999,137053.3,19.24,-1,0.6419747841364569,0.46397346206104234,0.6400336417157295,0.5343975339229172,32,0.903846153846154,0.3269230769230769,N4 S1 P1 O17,de-protonated,0,-9999,C52 H47 O17 N4 P1 S1,52,47,17,4,1,1,-9999,N/A,-9999,-9999,N/A,-9999
3695,1061.247031,1061.2474930816177,1061.248465498209,43372908,-9999,113140.2,195.81,-1,-0.916294932789564,0.5860593616312175,0.6067366779550334,0.594330288160744,40,0.7419354838709677,0.24193548387096775,S1 O15,de-protonated,0,-9999,C62 H46 O15 S1,62,46,15,-9999,-9999,1,-9999,N/A,-9999,-9999,N/A,-9999
3695,1061.247031,1061.2474930816177,1061.247814049529,43372908,-9999,113140.2,195.81,-1,-0.30244388482958073,0.48084481663089074,0.6174417157380356,0.5354835762737487,31,0.925925925925926,0.3148148148148148,N2 S2 O17,de-protonated,0,-9999,C54 H50 O17 N2 S2,54,50,17,2,-9999,2,-9999,N/A,-9999,-9999,N/A,-9999
3695,1061.247031,1061.2474930816177,1061.2469446696591,43372908,-9999,113140.2,195.81,-1,0.516761872734916,0.31600361857600917,0.8572560669353386,0.5325045979197409,32,0.8679245283018868,0.41509433962264153,N2 O22,de-protonated,0,-9999,C53 H46 O22 N2,53,46,22,2,-9999,-9999,-9999,N/A,-9999,-9999,N/A,-9999
3695,1061.247031,1061.2474930816177,1061.247946991259,43372908,-9999,113140.2,195.81,-1,-0.4277130924249493,0.6730227865567713,0.6088553047247658,0.6473557938239691,18,1.2790697674418603,0.5813953488372093,N2 S1 P1 O25,de-protonated,0,-9999,C43 H55 O25 N2 P1 S1,43,55,25,2,1,1,-9999,N/A,-9999,-9999,N/A,-9999
3695,1061.247031,1061.2474930816177,1061.247433927009,43372908,-9999,113140.2,195.81,-1,0.05574063758926168,0.360340676799139,0.7941159417693266,0.5338507827872141,36,0.8392857142857143,0.25,N4 S1 P1 O14,de-protonated,0,-9999,C56 H47 O14 N4 P1 S1,56,47,14,4,1,1,-9999,N/A,-9999,-9999,N/A,-9999
3696,1062.250439,1062.2509018770277,1062.251820333279,21520186,-9999,127870.1,96.13,-1,-0.8646313744095026,0.5878663792634969,0.6067366779550334,0.5954144987401115,40,0.7540983606557377,0.2459016393442623,13C1 S1 O15,de-protonated,1,3695,C61 H46 O15 S1 13C1,61,46,15,-9999,-9999,1,1,N/A,-9999,-9999,N/A,-9999
3696,1062.250439,1062.2509018770277,1062.2505900187791,21520186,-9999,127870.1,96.13,-1,0.29358256091509977,0.16408041070266163,0.566287535306853,0.3249632605443382,17,1.318181818181818,0.5227272727272727,N1 S2 P1 O23,de-protonated,0,-9999,C44 H58 O23 N1 P1 S2,44,58,23,1,1,2,-9999,N/A,-9999,-9999,N/A,-9999
3696,1062.250439,1062.2509018770277,1062.251168884599,21520186,-9999,127870.1,96.13,-1,-0.2513601107335881,0.48147753411468114,0.6174417157380356,0.535863206764023,31,0.9433962264150944,0.32075471698113206,13C1 N2 S2 O17,de-protonated,1,3695,C53 H50 O17 N2 S2 13C1,53,50,17,2,-9999,2,1,N/A,-9999,-9999,N/A,-9999
3696,1062.250439,1062.2509018770277,1062.2502995047291,21520186,-9999,127870.1,96.13,-1,0.567071902757293,0.3144403643806322,0.8572560669353386,0.5315666454025147,32,0.8846153846153846,0.4230769230769231,13C1 N2 O22,de-protonated,1,3695,C52 H46 O22 N2 13C1,52,46,22,2,-9999,-9999,1,N/A,-9999,-9999,N/A,-9999
3696,1062.250439,1062.2509018770277,1062.2513018263292,21520186,-9999,127870.1,96.13,-1,-0.3765110014871721,0.6740591881749597,0.6088553047247658,0.6479776347948821,18,1.3095238095238095,0.5952380952380952,13C1 N2 S1 P1 O25,de-protonated,1,3695,C42 H55 O25 N2 P1 S1 13C1,42,55,25,2,1,1,1,N/A,-9999,-9999,N/A,-9999
3696,1062.250439,1062.2509018770277,1062.2500769545293,21520186,-9999,127870.1,96.13,-1,0.7765803140825942,0.1493911872321924,0.5038123156780312,0.2911596386105279,35,0.8771929824561403,0.21052631578947367,N3 S2 P1 O12,de-protonated,0,-9999,C57 H50 O12 N3 P1 S2,57,50,12,3,1,2,-9999,N/A,-9999,-9999,N/A,-9999
3696,1062.250439,1062.2509018770277,1062.250788762079,21520186,-9999,127870.1,96.13,-1,0.10648610458725193,0.36015420447584756,0.7941159417693266,0.5337388993932392,36,0.8545454545454545,0.2545454545454545,13C1 N4 S1 P1 O14,de-protonated,1,3695,C55 H47 O14 N4 P1 S1 13C1,55,47,14,4,1,1,1,N/A,-9999,-9999,N/A,-9999
3697,1063.212167,1063.2126306393975,1063.212473912029,4152609,-9999,190951,16.91,-1,0.14740926439597954,0.332021658314633,0.5545707124136273,0.4210412799542307,36,0.7719298245614035,0.3333333333333333,S1 O19,de-protonated,0,-9999,C57 H44 O19 S1,57,44,19,-9999,-9999,1,-9999,N/A,-9999,-9999,N/A,-9999
3697,1063.212167,1063.2126306393975,1063.213476233629,4152609,-9999,190951,16.91,-1,-0.7953193316790909,0.4457845866079051,0.6629808336683964,0.5326630854321017,22,1.127659574468085,0.46808510638297873,S2 P1 O22,de-protonated,0,-9999,C47 H53 O22 P1 S2,47,53,22,-9999,1,2,-9999,N/A,-9999,-9999,N/A,-9999
3697,1063.212167,1063.2126306393975,1063.212963169379,4152609,-9999,190951,16.91,-1,-0.3127595249472752,0.32746918147542997,0.5387936087087051,0.41199895236874,40,0.75,0.18333333333333332,N2 S2 P1 O11,de-protonated,0,-9999,C60 H45 O11 N2 P1 S2,60,45,11,2,1,2,-9999,N/A,-9999,-9999,N/A,-9999
3697,1063.212167,1063.2126306393975,1063.211822463349,4152609,-9999,190951,16.91,-1,0.7601270335290162,0.4502343829545885,0.6536072938689252,0.5315835473203232,27,0.979591836734694,0.42857142857142855,N2 S2 O21,de-protonated,0,-9999,C49 H48 O21 N2 S2,49,48,21,2,-9999,2,-9999,N/A,-9999,-9999,N/A,-9999
3698,1063.229591,1063.23005465321,1063.231101356639,4584727.5,-9999,148460.9,18.88,-1,-0.9844552401401612,0.27958087628621775,0.5492452930313529,0.3874466429842718,35,0.8275862068965517,0.27586206896551724,S2 O16,de-protonated,0,-9999,C58 H48 O16 S2,58,48,16,-9999,-9999,2,-9999,N/A,-9999,-9999,N/A,-9999
3698,1063.229591,1063.23005465321,1063.2302319767691,4584727.5,-9999,148460.9,18.88,-1,-0.1667781388218137,0.3316552429777732,0.5545707124136273,0.42082143075211487,36,0.7719298245614035,0.3684210526315789,O21,de-protonated,0,-9999,C57 H44 O21,57,44,21,-9999,-9999,-9999,-9999,N/A,-9999,-9999,N/A,-9999
3698,1063.229591,1063.23005465321,1063.230721234119,4584727.5,-9999,148460.9,18.88,-1,-0.6269390978555387,0.3103883037899864,0.5387936087087051,0.4017504257574739,40,0.75,0.21666666666666667,N2 S1 P1 O13,de-protonated,0,-9999,C60 H45 O13 N2 P1 S1,60,45,13,2,1,1,-9999,N/A,-9999,-9999,N/A,-9999
3698,1063.229591,1063.23005465321,1063.2295805280892,4584727.5,-9999,148460.9,18.88,-1,0.4459292041916118,0.4822807961661548,0.6536072938689251,0.5508113952472629,27,0.979591836734694,0.4693877551020408,N2 S1 O23,de-protonated,0,-9999,C49 H48 O23 N2 S1,49,48,23,2,-9999,1,-9999,N/A,-9999,-9999,N/A,-9999
3698,1063.229591,1063.23005465321,1063.2300697854391,4584727.5,-9999,148460.9,18.88,-1,-0.01423231873024733,0.499981623314881,0.6400336417157294,0.5560024306752204,31,0.9423076923076924,0.28846153846153844,N4 S2 P1 O15,de-protonated,0,-9999,C52 H49 O15 N4 P1 S2,52,49,15,4,1,2,-9999,N/A,-9999,-9999,N/A,-9999
3698,1063.229591,1063.23005465321,1063.2292004055691,4584727.5,-9999,148460.9,18.88,-1,0.8034463692492125,0.44473484087040327,0.6444951140065156,0.5246389501248483,32,0.8823529411764706,0.392156862745098,N4 P1 O20,de-protonated,0,-9999,C51 H45 O20 N4 P1,51,45,20,4,1,-9999,-9999,N/A,-9999,-9999,N/A,-9999
3699,1063.243901,1063.2443646645536,1063.2442613278092,37489936,-9999,145332.8,168.98,-1,0.09719003254308148,0.6035086608447838,0.6067366779550334,0.6047998676888837,40,0.7419354838709677,0.24193548387096775,34S1 O15,de-protonated,1,3695,C62 H46 O15 34S1,62,46,15,-9999,-9999,-9999,-9999,N/A,-9999,-9999,N/A,1
3699,1063.243901,1063.2443646645536,1063.2439885162091,37489936,-9999,145332.8,168.98,-1,0.3537742498621485,0.5382964742126605,0.8758909238710095,0.6733342540760001,30,0.9636363636363636,0.2909090909090909,S2 P1 O16,de-protonated,0,-9999,C55 H53 O16 P1 S2,55,53,16,-9999,1,2,-9999,N/A,-9999,-9999,N/A,-9999
3699,1063.243901,1063.2443646645536,1063.243609879129,37489936,-9999,145332.8,168.98,-1,0.7098894529156078,0.471979416831772,0.6174417157380356,0.5301643363942774,31,0.925925925925926,0.3148148148148148,N2 S1 34S1 O17,de-protonated,1,3695,C54 H50 O17 N2 S1 34S1,54,50,17,2,-9999,1,-9999,N/A,-9999,-9999,N/A,1
3699,1063.243901,1063.2443646645536,1063.244836669379,37489936,-9999,145332.8,168.98,-1,-0.4439286316924471,0.48518350342596606,0.8750330380751965,0.6411233172856583,31,0.9056603773584906,0.37735849056603776,N2 S1 O20,de-protonated,0,-9999,C53 H48 O20 N2 S1,53,48,20,2,-9999,1,-9999,N/A,-9999,-9999,N/A,-9999
3699,1063.243901,1063.2443646645536,1063.243742820859,37489936,-9999,145332.8,168.98,-1,0.5848552589073784,0.6690899796890245,0.6088553047247658,0.644996109703321,18,1.2790697674418603,0.5813953488372093,N2 34S1 P1 O25,de-protonated,1,3695,C43 H55 O25 N2 P1 34S1,43,55,25,2,1,-9999,-9999,N/A,-9999,-9999,N/A,1
3699,1063.243901,1063.2443646645536,1063.2453259267293,37489936,-9999,145332.8,168.98,-1,-0.9040831426565376,0.397178740161663,0.6382489011730479,0.4936068045662169,35,0.875,0.21428571428571427,N4 S2 P1 O12,de-protonated,0,-9999,C56 H49 O12 N4 P1 S2,56,49,12,4,1,2,-9999,N/A,-9999,-9999,N/A,-9999
3699,1063.243901,1063.2443646645536,1063.244456546859,37489936,-9999,145332.8,168.98,-1,-0.08641691466455495,0.4936355919808922,0.9007689533426922,0.6564889365256121,36,0.8181818181818182,0.3090909090909091,N4 P1 O17,de-protonated,0,-9999,C55 H45 O17 N4 P1,55,45,17,4,1,-9999,-9999,N/A,-9999,-9999,N/A,-9999
3699,1063.243901,1063.2443646645536,1063.2441852206991,37489936,-9999,145332.8,168.98,-1,0.16877012538008712,0.5529070831350157,0.9201860075074016,0.69981865288397,22,1.1555555555555554,0.4888888888888889,N4 S2 O22,de-protonated,0,-9999,C45 H52 O22 N4 S2,45,52,22,4,-9999,2,-9999,N/A,-9999,-9999,N/A,-9999
3700,1063.2552,1063.2556636735103,1063.2558733541791,6839560.5,-9999,122298.2,29.17,-1,-0.1972062171098909,0.33098941562705014,0.5286014919551969,0.41003424615830886,39,0.7903225806451613,0.20967741935483872,S1 P1 O13,de-protonated,0,-9999,C62 H49 O13 P1 S1,62,49,13,-9999,1,1,-9999,N/A,-9999,-9999,N/A,-9999
3700,1063.2552,1063.2556636735103,1063.255175168349,6839560.5,-9999,122298.2,29.17,-1,0.4594430131780364,0.5990255471984961,0.6067366779550334,0.602109999501111,40,0.7666666666666667,0.25,13C2 S1 O15,de-protonated,1,3695,C60 H46 O15 S1 13C2,60,46,15,-9999,-9999,1,2,N/A,-9999,-9999,N/A,-9999
3700,1063.2552,1063.2556636735103,1063.254732648149,6839560.5,-9999,122298.2,29.17,-1,0.8756371666507324,0.2900400286698939,0.5879753344784842,0.40921415099333,26,1.0196078431372548,0.4509803921568627,S1 O23,de-protonated,0,-9999,C51 H52 O23 S1,51,52,23,-9999,-9999,1,-9999,N/A,-9999,-9999,N/A,-9999
3700,1063.2552,1063.2556636735103,1063.255221905499,6839560.5,-9999,122298.2,29.17,-1,0.4154863314733191,0.3230540687441527,0.5709562512810147,0.4222149417588975,30,0.9814814814814816,0.2777777777777778,N2 S2 P1 O15,de-protonated,0,-9999,C54 H53 O15 N2 P1 S2,54,53,15,2,1,2,-9999,N/A,-9999,-9999,N/A,-9999
3700,1063.2552,1063.2556636735103,1063.2567215073493,6839560.5,-9999,122298.2,29.17,-1,-0.9948997428261922,0.2785340889841441,0.5387936087087051,0.3826378968739685,40,0.7333333333333333,0.2833333333333333,N2 O17,de-protonated,0,-9999,C60 H44 O17 N2,60,44,17,2,-9999,-9999,-9999,N/A,-9999,-9999,N/A,-9999
3700,1063.2552,1063.2556636735103,1063.2546566613992,6839560.5,-9999,122298.2,29.17,-1,0.9471034103161732,0.6562290562469266,0.6088553047247658,0.6372795556380623,18,1.3414634146341464,0.6097560975609756,13C2 N2 S1 P1 O25,de-protonated,1,3695,C41 H55 O25 N2 P1 S1 13C2,41,55,25,2,1,1,2,N/A,-9999,-9999,N/A,-9999
3700,1063.2552,1063.2556636735103,1063.2560700586691,6839560.5,-9999,122298.2,29.17,-1,-0.38220817172484306,0.32461387730036495,0.5822303339178662,0.42766045994736546,31,0.9230769230769232,0.36538461538461536,N4 S1 O19,de-protonated,0,-9999,C52 H48 O19 N4 S1,52,48,19,4,-9999,1,-9999,N/A,-9999,-9999,N/A,-9999
3701,1064.246992,1064.2474564597126,1064.2476161628792,16501470,-9999,154897.2,73.24,-1,-0.15006203842782284,0.6032130160537156,0.6067366779550334,0.6046224808142426,40,0.7540983606557377,0.2459016393442623,13C1 34S1 O15,de-protonated,1,3695,C61 H46 O15 13C1 34S1,61,46,15,-9999,-9999,-9999,1,N/A,-9999,-9999,N/A,1
3701,1064.246992,1064.2474564597126,1064.2473433512791,16501470,-9999,154897.2,73.24,-1,0.10628021214367216,0.5412116258843013,0.8758909238710095,0.6750833450789846,30,0.9814814814814816,0.2962962962962963,13C1 S2 P1 O16,de-protonated,1,3699,C54 H53 O16 P1 S2 13C1,54,53,16,-9999,1,2,1,N/A,-9999,-9999,N/A,-9999
3701,1064.246992,1064.2474564597126,1064.2474796968993,16501470,-9999,154897.2,73.24,-1,-0.02183438266704982,0.19998269996925896,0.5282080734992638,0.3312728493812609,30,0.9444444444444444,0.3333333333333333,N1 S2 O18,de-protonated,0,-9999,C54 H51 O18 N1 S2,54,51,18,1,-9999,2,-9999,N/A,-9999,-9999,N/A,-9999
3701,1064.246992,1064.2474564597126,1064.246610317029,16501470,-9999,154897.2,73.24,-1,0.7950626060566335,0.2229088066703979,0.5612627043884088,0.3582503657576023,31,0.8867924528301887,0.4339622641509434,N1 O23,de-protonated,0,-9999,C53 H47 O23 N1,53,47,23,1,-9999,-9999,-9999,N/A,-9999,-9999,N/A,-9999
3701,1064.246992,1064.2474564597126,1064.246964714199,16501470,-9999,154897.2,73.24,-1,0.46205958748693327,0.47815259017712114,0.6174417157380356,0.533868240401487,31,0.9433962264150944,0.32075471698113206,13C1 N2 S1 34S1 O17,de-protonated,1,3695,C53 H50 O17 N2 S1 13C1 34S1,53,50,17,2,-9999,1,1,N/A,-9999,-9999,N/A,1
3701,1064.246992,1064.2474564597126,1064.248191504449,16501470,-9999,154897.2,73.24,-1,-0.6906704116552603,0.47920991303794547,0.8750330380751965,0.6375391630528459,31,0.9230769230769232,0.38461538461538464,13C1 N2 S1 O20,de-protonated,1,3699,C52 H48 O20 N2 S1 13C1,52,48,20,2,-9999,1,1,N/A,-9999,-9999,N/A,-9999
3701,1064.246992,1064.2474564597126,1064.247097655929,16501470,-9999,154897.2,73.24,-1,0.33714330463891723,0.6747707622068554,0.6088553047247658,0.6484045792140196,18,1.3095238095238095,0.5952380952380952,13C1 N2 34S1 P1 O25,de-protonated,1,3695,C42 H55 O25 N2 P1 13C1 34S1,42,55,25,2,1,-9999,1,N/A,-9999,-9999,N/A,1
3701,1064.246992,1064.2474564597126,1064.247099574379,16501470,-9999,154897.2,73.24,-1,0.3353406682279727,0.24495056207533977,0.5462774867550841,0.36548133194723753,35,0.8571428571428571,0.26785714285714285,N3 S1 P1 O15,de-protonated,0,-9999,C56 H48 O15 N3 P1 S1,56,48,15,3,1,1,-9999,N/A,-9999,-9999,N/A,-9999
3701,1064.246992,1064.2474564597126,1064.2465845916793,16501470,-9999,154897.2,73.24,-1,0.8192349836245201,0.3460791780111825,0.7941159417693266,0.5252938835144402,36,0.8545454545454545,0.2545454545454545,13C1 N4 34S1 P1 O14,de-protonated,1,3695,C55 H47 O14 N4 P1 13C1 34S1,55,47,14,4,1,-9999,1,N/A,-9999,-9999,N/A,1
3701,1064.246992,1064.2474564597126,1064.247811381929,16501470,-9999,154897.2,73.24,-1,-0.3334958387569063,0.4905315517079996,0.9007689533426922,0.6546265123618766,36,0.8333333333333334,0.3148148148148148,13C1 N4 P1 O17,de-protonated,1,3699,C54 H45 O17 N4 P1 13C1,54,45,17,4,1,-9999,1,N/A,-9999,-9999,N/A,-9999
3701,1064.246992,1064.2474564597126,1064.2475400557692,16501470,-9999,154897.2,73.24,-1,-0.07854944779042726,0.5534836574309735,0.9201860075074016,0.7001645974615447,22,1.181818181818182,0.5,13C1 N4 S2 O22,de-protonated,1,3699,C44 H52 O22 N4 S2 13C1,44,52,22,4,-9999,2,1,N/A,-9999,-9999,N/A,-9999
3702,1065.240179,1065.24064424702,1065.239784345809,6785203,-9999,182222.7,28.92,-1,0.807237228323574,0.5255733734734249,0.8758909238710095,0.6657003936324588,30,0.9636363636363636,0.2909090909090909,S1 34S1 P1 O16,de-protonated,1,3699,C55 H53 O16 P1 S1 34S1,55,53,16,-9999,1,1,-9999,N/A,-9999,-9999,N/A,1
3702,1065.240179,1065.24064424702,1065.2410111360591,6785203,-9999,182222.7,28.92,-1,-0.3444188077430619,0.3262352556382276,0.5709562512810147,0.42412365389534246,30,0.9444444444444444,0.35185185185185186,S1 P1 O19,de-protonated,0,-9999,C54 H51 O19 P1 S1,54,51,19,-9999,1,1,-9999,N/A,-9999,-9999,N/A,-9999
3702,1065.240179,1065.24064424702,1065.2406324989793,6785203,-9999,182222.7,28.92,-1,0.01102853240391448,0.48957159293047114,0.8750330380751965,0.6437561709883612,31,0.9056603773584906,0.37735849056603776,N2 34S1 O20,de-protonated,1,3699,C53 H48 O20 N2 34S1,53,48,20,2,-9999,-9999,-9999,N/A,-9999,-9999,N/A,1
3702,1065.240179,1065.24064424702,1065.2403596873792,6785203,-9999,182222.7,28.92,-1,0.2671318621602533,0.32904513018134685,0.617818714964936,0.44455456409478256,21,1.1956521739130437,0.4565217391304347,N2 S2 P1 O21,de-protonated,0,-9999,C46 H55 O21 N2 P1 S2,46,55,21,2,1,2,-9999,N/A,-9999,-9999,N/A,-9999
3702,1065.240179,1065.24064424702,1065.239846623129,6785203,-9999,182222.7,28.92,-1,0.7487739906949161,0.30109069094714286,0.5439865594010858,0.3982490383287201,39,0.7966101694915254,0.1694915254237288,N4 S2 P1 O10,de-protonated,0,-9999,C59 H47 O10 N4 P1 S2,59,47,10,4,1,2,-9999,N/A,-9999,-9999,N/A,-9999
3702,1065.240179,1065.24064424702,1065.241121756329,6785203,-9999,182222.7,28.92,-1,-0.4482640588512837,0.41175481066437974,0.6382489011730479,0.502352446867847,35,0.875,0.21428571428571427,N4 S1 34S1 P1 O12,de-protonated,1,3699,C56 H49 O12 N4 P1 S1 34S1,56,49,12,4,1,1,-9999,N/A,-9999,-9999,N/A,1
3702,1065.240179,1065.24064424702,1065.239981050299,6785203,-9999,182222.7,28.92,-1,0.6225796372691561,0.543941462772409,0.9201860075074016,0.6944392806664059,22,1.1555555555555554,0.4888888888888889,N4 S1 34S1 O22,de-protonated,1,3699,C45 H52 O22 N4 S1 34S1,45,52,22,4,-9999,1,-9999,N/A,-9999,-9999,N/A,1
3702,1065.240179,1065.24064424702,1065.2412078405491,6785203,-9999,182222.7,28.92,-1,-0.5290759734740487,0.31682565001112123,0.6302964184076338,0.44221395736972624,22,1.1363636363636365,0.5681818181818182,N4 S1 O25,de-protonated,0,-9999,C44 H50 O25 N4 S1,44,50,25,4,-9999,1,-9999,N/A,-9999,-9999,N/A,-9999
3703,1065.251027,1065.2514922556195,1065.2506981863492,4807853,-9999,132549.5,19.9,-1,0.7454294765479836,0.5278029051774067,0.8758909238710095,0.6670381126548478,30,1,0.3018867924528302,13C2 S2 P1 O16,de-protonated,1,3699,C53 H53 O16 P1 S2 13C2,53,53,16,-9999,1,2,2,N/A,-9999,-9999,N/A,-9999
3703,1065.251027,1065.2514922556195,1065.2522445253492,4807853,-9999,132549.5,19.9,-1,-0.7061892932305106,0.30449477521359697,0.5765576248001295,0.41331991504821,30,0.9622641509433962,0.33962264150943394,N2 S1 P1 O18,de-protonated,0,-9999,C53 H51 O18 N2 P1 S1,53,51,18,2,1,1,-9999,N/A,-9999,-9999,N/A,-9999
3703,1065.251027,1065.2514922556195,1065.251546339519,4807853,-9999,132549.5,19.9,-1,-0.0507710125358462,0.48951590029992453,0.8750330380751965,0.6437227554100333,31,0.9411764705882352,0.392156862745098,13C2 N2 S1 O20,de-protonated,1,3699,C51 H48 O20 N2 S1 13C2,51,48,20,2,-9999,1,2,N/A,-9999,-9999,N/A,-9999
3703,1065.251027,1065.2514922556195,1065.252035596869,4807853,-9999,132549.5,19.9,-1,-0.5100588700243474,0.41028265444077133,0.6382489011730479,0.5014691531336819,35,0.9074074074074074,0.2222222222222222,13C2 N4 S2 P1 O12,de-protonated,1,3699,C54 H49 O12 N4 P1 S2 13C2,54,49,12,4,1,2,2,N/A,-9999,-9999,N/A,-9999
3703,1065.251027,1065.2514922556195,1065.251166216999,4807853,-9999,132549.5,19.9,-1,0.3060673677293832,0.4910522842028805,0.9007689533426922,0.6549389518588051,36,0.8490566037735849,0.32075471698113206,13C2 N4 P1 O17,de-protonated,1,3699,C53 H45 O17 N4 P1 13C2,53,45,17,4,1,-9999,2,N/A,-9999,-9999,N/A,-9999
3703,1065.251027,1065.2514922556195,1065.2505907550692,4807853,-9999,132549.5,19.9,-1,0.8462802631818358,0.29271258943306183,0.5654252658645154,0.4017976600056432,35,0.8363636363636363,0.3090909090909091,N4 S1 O17,de-protonated,0,-9999,C55 H46 O17 N4 S1,55,46,17,4,-9999,1,-9999,N/A,-9999,-9999,N/A,-9999
3703,1065.251027,1065.2514922556195,1065.2515930766692,4807853,-9999,132549.5,19.9,-1,-0.09464529354641596,0.4991879757834002,0.672627141691601,0.5685636421466805,21,1.2222222222222223,0.4444444444444444,N4 S2 P1 O20,de-protonated,0,-9999,C45 H55 O20 N4 P1 S2,45,55,20,4,1,2,-9999,N/A,-9999,-9999,N/A,-9999
3703,1065.251027,1065.2514922556195,1065.2508948908392,4807853,-9999,132549.5,19.9,-1,0.5607737887835561,0.5457203179773816,0.9201860075074016,0.6955065937893896,22,1.2093023255813953,0.5116279069767442,13C2 N4 S2 O22,de-protonated,1,3699,C43 H52 O22 N4 S2 13C2,43,52,22,4,-9999,2,2,N/A,-9999,-9999,N/A,-9999
3703,1065.251027,1065.2514922556195,1065.2507236967992,4807853,-9999,132549.5,19.9,-1,0.7214816222679165,0.45493637490752,0.677556331758097,0.5439843576477508,22,1.1590909090909092,0.5681818181818182,N4 P1 O25,de-protonated,0,-9999,C44 H51 O25 N4 P1,44,51,25,4,1,-9999,-9999,N/A,-9999,-9999,N/A,-9999
3704,1067.340694,1067.3411609121165,1067.3421864370591,4566047,-9999,152458.9,18.81,-1,-0.960821145894164,0.28192291616572596,0.5186619100274374,0.37661851371041055,35,0.953125,0.140625,S2 P1 O9,de-protonated,0,-9999,C64 H61 O9 P1 S2,64,61,9,-9999,1,2,-9999,N/A,-9999,-9999,N/A,-9999
3704,1067.340694,1067.3411609121165,1067.3413170571891,4566047,-9999,152458.9,18.81,-1,-0.14629347721850058,0.3320414017408721,0.5236005676629862,0.40866506810971776,36,0.9047619047619048,0.2222222222222222,P1 O14,de-protonated,0,-9999,C63 H57 O14 P1,63,57,14,-9999,1,-9999,-9999,N/A,-9999,-9999,N/A,-9999
3704,1067.340694,1067.3411609121165,1067.3410457310292,4566047,-9999,152458.9,18.81,-1,0.10791404277735649,0.49894459050737694,0.6356335132356643,0.5536201595986918,22,1.2075471698113207,0.3584905660377358,S2 O19,de-protonated,0,-9999,C53 H64 O19 S2,53,64,19,-9999,-9999,2,-9999,N/A,-9999,-9999,N/A,-9999
3704,1067.340694,1067.3411609121165,1067.340176351159,4566047,-9999,152458.9,18.81,-1,0.922443452698124,0.42846671721185225,0.6400336417157295,0.5130934870134032,23,1.1538461538461535,0.4615384615384616,O24,de-protonated,0,-9999,C52 H60 O24,52,60,24,-9999,-9999,-9999,-9999,N/A,-9999,-9999,N/A,-9999
3704,1067.340694,1067.3411609121165,1067.3405326667792,4566047,-9999,152458.9,18.81,-1,0.5886081509235407,0.3130235286556327,0.5089679850512161,0.39140131121386607,40,0.8484848484848485,0.12121212121212122,N2 S2 O8,de-protonated,0,-9999,C66 H56 O8 N2 S2,66,56,8,2,-9999,2,-9999,N/A,-9999,-9999,N/A,-9999
3704,1067.340694,1067.3411609121165,1067.340665608509,4566047,-9999,152458.9,18.81,-1,0.46405390844896294,0.3205597659111133,0.5654252658645152,0.4185059658924741,27,1.1090909090909091,0.2909090909090909,N2 S1 P1 O16,de-protonated,0,-9999,C55 H61 O16 N2 P1 S1,55,61,16,2,1,1,-9999,N/A,-9999,-9999,N/A,-9999
3704,1067.340694,1067.3411609121165,1067.3415137616792,4566047,-9999,152458.9,18.81,-1,-0.3305873125988716,0.4901825827754715,0.6356335132356644,0.5483629549595487,28,1.0566037735849056,0.37735849056603776,N4 O20,de-protonated,0,-9999,C53 H56 O20 N4,53,56,20,4,-9999,-9999,-9999,N/A,-9999,-9999,N/A,-9999
3705,1072.631811,1072.6322821064302,1072.6316763121192,3303591.3,-9999,134607.4,13.06,-1,0.5647738402583963,0.3145888018989607,0.4902903803606132,0.3848694332836217,26,1.3,0.05714285714285714,N1 S2 O4,de-protonated,0,-9999,C70 H91 O4 N1 S2,70,91,4,1,-9999,2,-9999,N/A,-9999,-9999,N/A,-9999
3705,1072.631811,1072.6322821064302,1072.631809253849,3303591.3,-9999,134607.4,13.06,-1,0.44083400950595686,0.482676345160184,0.6104529186720895,0.5337869745649462,13,1.6271186440677967,0.2033898305084746,N1 S1 P1 O12,de-protonated,0,-9999,C59 H96 O12 N1 P1 S1,59,96,12,1,1,1,-9999,N/A,-9999,-9999,N/A,-9999
3705,1072.631811,1072.6322821064302,1072.6312961895992,3303591.3,-9999,134607.4,13.06,-1,0.919157248668466,0.28595831802125987,0.4812937340068436,0.36409248441549336,31,1.2222222222222223,0.01388888888888888,N3 S1 P1 O1,de-protonated,0,-9999,C72 H88 O1 N3 P1 S1,72,88,1,3,1,1,-9999,N/A,-9999,-9999,N/A,-9999
3705,1072.631811,1072.6322821064302,1072.6326574070192,3303591.3,-9999,134607.4,13.06,-1,-0.3498873415732832,0.4890158691767844,0.6186218109054389,0.5408582458682463,14,1.5964912280701755,0.2807017543859649,N3 O16,de-protonated,0,-9999,C57 H91 O16 N3,57,91,16,3,-9999,-9999,-9999,N/A,-9999,-9999,N/A,-9999
3706,1073.297793,1073.2982646343598,1073.297738167129,3711800.3,-9999,130539.5,14.92,-1,0.4905136870809561,0.31909401242474206,0.53366554753236,0.4049226264677892,35,0.9016393442622952,0.22950819672131148,S1 P1 O14,de-protonated,0,-9999,C61 H55 O14 P1 S1,61,55,14,-9999,1,1,-9999,N/A,-9999,-9999,N/A,-9999
3706,1073.297793,1073.2982646343598,1073.2985863202991,3711800.3,-9999,130539.5,14.92,-1,-0.29971709960104526,0.32794417416031973,0.5439865594010858,0.4143611282566262,36,0.847457627118644,0.3050847457627119,N2 O18,de-protonated,0,-9999,C59 H50 O18 N2,59,50,18,2,-9999,-9999,-9999,N/A,-9999,-9999,N/A,-9999
3706,1073.297793,1073.2982646343598,1073.299075577649,3711800.3,-9999,130539.5,14.92,-1,-0.7555613413866162,0.3005333847648947,0.5286014919551969,0.3917606276410156,40,0.8225806451612904,0.16129032258064516,N4 S1 P1 O10,de-protonated,0,-9999,C62 H51 O10 N4 P1 S1,62,51,10,4,1,1,-9999,N/A,-9999,-9999,N/A,-9999
3706,1073.297793,1073.2982646343598,1073.2979348716192,3711800.3,-9999,130539.5,14.92,-1,0.3072424999007053,0.4915087360661713,0.6444951140065156,0.552703287242309,27,1.0588235294117647,0.392156862745098,N4 S1 O20,de-protonated,0,-9999,C51 H54 O20 N4 S1,51,54,20,4,-9999,1,-9999,N/A,-9999,-9999,N/A,-9999
3706,1073.297793,1073.2982646343598,1073.2989371932192,3711800.3,-9999,130539.5,14.92,-1,-0.6266277139311445,0.4656154325592373,0.6927871148459346,0.5564841054739162,13,1.5365853658536586,0.5609756097560976,N4 S2 P1 O23,de-protonated,0,-9999,C41 H63 O23 N4 P1 S2,41,63,23,4,1,2,-9999,N/A,-9999,-9999,N/A,-9999
3707,1073.303071,1073.3035426385438,1073.3034784521692,3074869.3,-9999,173592.7,12.02,-1,0.05980263356840656,0.33311709519767285,0.5137846641763661,0.40538412278915015,39,0.8307692307692308,0.16923076923076924,S2 O11,de-protonated,0,-9999,C65 H54 O11 S2,65,54,11,-9999,-9999,2,-9999,N/A,-9999,-9999,N/A,-9999
3707,1073.303071,1073.3035426385438,1073.3026090722992,3074869.3,-9999,173592.7,12.02,-1,0.8698071137820669,0.43586409200757376,0.5909443880293942,0.49789621041630194,40,0.78125,0.25,O16,de-protonated,0,-9999,C64 H50 O16,64,50,16,-9999,-9999,-9999,-9999,N/A,-9999,-9999,N/A,-9999
3707,1073.303071,1073.3035426385438,1073.303611393899,3074869.3,-9999,173592.7,12.02,-1,-0.06405955822484358,0.4996278397079209,0.6312934720183802,0.5522940926321046,26,1.0925925925925926,0.35185185185185186,S1 P1 O19,de-protonated,0,-9999,C54 H59 O19 P1 S1,54,59,19,-9999,1,1,-9999,N/A,-9999,-9999,N/A,-9999
3707,1073.303071,1073.3035426385438,1073.302959945219,3074869.3,-9999,173592.7,12.02,-1,0.5428973426000435,0.4739625744761334,0.667769152885588,0.5514852058399152,17,1.3695652173913044,0.4565217391304347,N2 S2 P1 O21,de-protonated,0,-9999,C46 H63 O21 N2 P1 S2,46,63,21,2,1,2,-9999,N/A,-9999,-9999,N/A,-9999
3707,1073.303071,1073.3035426385438,1073.3044595470692,3074869.3,-9999,173592.7,12.02,-1,-0.8542855824486054,0.4379856500588578,0.6400336417157294,0.5188048467216064,27,1.0384615384615383,0.4423076923076923,N2 O23,de-protonated,0,-9999,C52 H54 O23 N2,52,54,23,2,-9999,-9999,-9999,N/A,-9999,-9999,N/A,-9999
3707,1073.303071,1073.3035426385438,1073.303808098389,3074869.3,-9999,173592.7,12.02,-1,-0.24732964067812435,0.4944809013856683,0.677556331758097,0.5677110735346398,18,1.318181818181818,0.5681818181818182,N4 S1 O25,de-protonated,0,-9999,C44 H58 O25 N4 S1,44,58,25,4,-9999,1,-9999,N/A,-9999,-9999,N/A,-9999
3708,1075.264948,1075.2654211937404,1075.265117884269,3861249.5,-9999,146390.8,15.61,-1,0.28207877875613696,0.49283306688563855,0.6356335132356643,0.5499532454256488,26,1.0754716981132075,0.33962264150943394,S2 P1 O18,de-protonated,0,-9999,C53 H57 O18 P1 S2,53,57,18,-9999,1,2,-9999,N/A,-9999,-9999,N/A,-9999
3708,1075.264948,1075.2654211937404,1075.265966037439,3861249.5,-9999,146390.8,15.61,-1,-0.5067059833302849,0.4772406997226612,0.6444951140065156,0.544142465436203,27,1.0196078431372548,0.43137254901960786,N2 S1 O22,de-protonated,0,-9999,C51 H52 O22 N2 S1,51,52,22,2,-9999,1,-9999,N/A,-9999,-9999,N/A,-9999
3708,1075.264948,1075.2654211937404,1075.266455294789,3861249.5,-9999,146390.8,15.61,-1,-0.961716087696354,0.4227523732459754,0.6312934720183802,0.5061688127549373,31,0.9814814814814816,0.25925925925925924,N4 S2 P1 O14,de-protonated,0,-9999,C54 H53 O14 N4 P1 S2,54,53,14,4,1,2,-9999,N/A,-9999,-9999,N/A,-9999
3708,1075.264948,1075.2654211937404,1075.265585914919,3861249.5,-9999,146390.8,15.61,-1,-0.15319115648503337,0.4978754502553277,0.6356335132356643,0.5529786754474623,32,0.9245283018867924,0.3584905660377358,N4 P1 O19,de-protonated,0,-9999,C53 H49 O19 N4 P1,53,49,19,4,1,-9999,-9999,N/A,-9999,-9999,N/A,-9999
3708,1075.264948,1075.2654211937404,1075.265314588759,3861249.5,-9999,146390.8,15.61,-1,0.09914295554509275,0.4991090356499243,0.6825582999861977,0.5724887413844337,18,1.302325581395349,0.5581395348837209,N4 S2 O24,de-protonated,0,-9999,C43 H56 O24 N4 S2,43,56,24,4,-9999,2,-9999,N/A,-9999,-9999,N/A,-9999
3709,1079.259523,1079.2599993602742,1079.259030182239,3536011.3,-9999,90372.4,14.14,-1,0.8980031744156639,0.28795983522655044,0.5286014919551969,0.38421649791800905,39,0.7741935483870968,0.25806451612903225,S1 O16,de-protonated,0,-9999,C62 H48 O16 S1,62,48,16,-9999,-9999,1,-9999,N/A,-9999,-9999,N/A,-9999
3709,1079.259523,1079.2599993602742,1079.260032503839,3536011.3,-9999,90372.4,14.14,-1,-0.03070952681257117,0.49991444745678953,0.6400336417157294,0.5559621251603655,25,1.0961538461538465,0.36538461538461536,S2 P1 O19,de-protonated,0,-9999,C52 H57 O19 P1 S2,52,57,19,-9999,1,2,-9999,N/A,-9999,-9999,N/A,-9999
3709,1079.259523,1079.2599993602742,1079.259163123969,3536011.3,-9999,90372.4,14.14,-1,0.7748243736526887,0.4483951476769198,0.6444951140065156,0.5268351342087582,26,1.03921568627451,0.4705882352941176,P1 O24,de-protonated,0,-9999,C51 H53 O24 P1,51,53,24,-9999,1,-9999,-9999,N/A,-9999,-9999,N/A,-9999
3709,1079.259523,1079.2599993602742,1079.260880657009,3536011.3,-9999,90372.4,14.14,-1,-0.8165743340237386,0.44302192807532254,0.6490192219379252,0.5254208456203636,26,1.04,0.46,N2 S1 O23,de-protonated,0,-9999,C50 H52 O23 N2 S1,50,52,23,2,-9999,1,-9999,N/A,-9999,-9999,N/A,-9999
3709,1079.259523,1079.2599993602742,1079.2605005344892,3536011.3,-9999,90372.4,14.14,-1,-0.46436816209971427,0.4808141941427154,0.6400336417157294,0.544501973171921,31,0.9423076923076924,0.38461538461538464,N4 P1 O20,de-protonated,0,-9999,C52 H49 O20 N4 P1,52,49,20,4,1,-9999,-9999,N/A,-9999,-9999,N/A,-9999
3709,1079.259523,1079.2599993602742,1079.260229208329,3536011.3,-9999,90372.4,14.14,-1,-0.21296815049223905,0.49590204369224,0.6876346701883606,0.5725950942906882,17,1.3333333333333333,0.5952380952380952,N4 S2 O25,de-protonated,0,-9999,C42 H56 O25 N4 S2,42,56,25,4,-9999,2,-9999,N/A,-9999,-9999,N/A,-9999
3710,1081.264023,1081.2645009492585,1081.265297332179,4394587,-9999,108932.1,18.06,-1,-0.7365286969471269,0.45312898006036706,0.6444951140065156,0.5296754336388265,25,1.0588235294117647,0.4705882352941176,S1 O24,de-protonated,0,-9999,C51 H54 O24 S1,51,54,24,-9999,-9999,1,-9999,N/A,-9999,-9999,N/A,-9999
3710,1081.264023,1081.2645009492585,1081.2649172096592,4394587,-9999,108932.1,18.06,-1,-0.3849754061863747,0.4867332846438068,0.6356335132356644,0.5462933760805498,30,0.9622641509433962,0.3962264150943397,N2 P1 O21,de-protonated,0,-9999,C53 H51 O21 N2 P1,53,51,21,2,1,-9999,-9999,N/A,-9999,-9999,N/A,-9999
3710,1081.264023,1081.2645009492585,1081.2641328192492,4394587,-9999,108932.1,18.06,-1,0.3404626104930492,0.3263956853501385,0.5599637296259095,0.4198229030604469,34,0.8928571428571429,0.26785714285714285,N4 S2 O15,de-protonated,0,-9999,C56 H50 O15 N4 S2,56,50,15,4,-9999,2,-9999,N/A,-9999,-9999,N/A,-9999
3710,1081.264023,1081.2645009492585,1081.264265760979,4394587,-9999,108932.1,18.06,-1,0.21751230196258156,0.4957260573810336,0.672627141691601,0.5664864911052605,21,1.2222222222222223,0.5111111111111111,N4 S1 P1 O23,de-protonated,0,-9999,C45 H55 O23 N4 P1 S1,45,55,23,4,1,1,-9999,N/A,-9999,-9999,N/A,-9999
3711,1087.352961,1087.353443776012,1087.3531450442592,3475952.8,-9999,133660.8,13.88,-1,0.27473296428632704,0.4931989675335536,0.6064488444798661,0.5384989183120785,29,1.0833333333333333,0.21666666666666667,S2 P1 O13,de-protonated,0,-9999,C60 H65 O13 P1 S2,60,65,13,-9999,1,2,-9999,N/A,-9999,-9999,N/A,-9999
3711,1087.352961,1087.353443776012,1087.353993197429,3475952.8,-9999,133660.8,13.88,-1,-0.5052829349045822,0.4773654218417519,0.6145102180259682,0.5322233403154384,30,1.0344827586206895,0.29310344827586204,N2 S1 O17,de-protonated,0,-9999,C58 H60 O17 N2 S1,58,60,17,2,-9999,1,-9999,N/A,-9999,-9999,N/A,-9999
3711,1087.352961,1087.353443776012,1087.354126139159,3475952.8,-9999,133660.8,13.88,-1,-0.6275445419330232,0.46551829639539927,0.6629808336683964,0.5445033113045982,17,1.3829787234042554,0.5319148936170213,N2 P1 O25,de-protonated,0,-9999,C47 H65 O25 N2 P1,47,65,25,2,1,-9999,-9999,N/A,-9999,-9999,N/A,-9999
3711,1087.352961,1087.353443776012,1087.3544824547791,3475952.8,-9999,133660.8,13.88,-1,-0.955234731547838,0.2824710004313581,0.5336655475323598,0.3829488192717588,34,1,0.14754098360655735,N4 S2 P1 O9,de-protonated,0,-9999,C61 H61 O9 N4 P1 S2,61,61,9,4,1,2,-9999,N/A,-9999,-9999,N/A,-9999
3711,1087.352961,1087.353443776012,1087.3536130749092,3475952.8,-9999,133660.8,13.88,-1,-0.155698105130588,0.4978054995210108,0.6064488444798661,0.541262837504553,35,0.95,0.23333333333333336,N4 P1 O14,de-protonated,0,-9999,C60 H57 O14 N4 P1,60,57,14,4,1,-9999,-9999,N/A,-9999,-9999,N/A,-9999
3711,1087.352961,1087.353443776012,1087.3533417487492,3475952.8,-9999,133660.8,13.88,-1,0.09383082650168575,0.499201880234261,0.6490192219379252,0.5591288169157267,21,1.28,0.38,N4 S2 O19,de-protonated,0,-9999,C50 H64 O19 N4 S2,50,64,19,4,-9999,2,-9999,N/A,-9999,-9999,N/A,-9999
3711,1087.352961,1087.353443776012,1087.352472368879,3475952.8,-9999,133660.8,13.88,-1,0.8933691306638709,0.4325908564604192,0.6536072938689251,0.5209974314238215,22,1.2244897959183674,0.4897959183673469,N4 O24,de-protonated,0,-9999,C49 H60 O24 N4,49,60,24,4,-9999,-9999,-9999,N/A,-9999,-9999,N/A,-9999
3712,1091.303643,1091.3041289077512,1091.304931547839,3877421.3,-9999,127084.6,15.72,-1,-0.7354865396807888,0.3021700856270884,0.5186619100274374,0.388766815387228,39,0.828125,0.234375,P1 O15,de-protonated,0,-9999,C64 H53 O15 P1,64,53,15,-9999,1,-9999,-9999,N/A,-9999,-9999,N/A,-9999
3712,1091.303643,1091.3041289077512,1091.3046602216791,3877421.3,-9999,127084.6,15.72,-1,-0.48686122884736543,0.478951153687843,0.6312934720183802,0.5398880810200579,25,1.1111111111111112,0.3703703703703703,S2 O20,de-protonated,0,-9999,C54 H60 O20 S2,54,60,20,-9999,-9999,2,-9999,N/A,-9999,-9999,N/A,-9999
3712,1091.303643,1091.3041289077512,1091.3037908418091,3877421.3,-9999,127084.6,15.72,-1,0.30978169864067545,0.4913690277591074,0.6356335132356643,0.5490748219497301,26,1.0566037735849056,0.4716981132075472,O25,de-protonated,0,-9999,C53 H56 O25,53,56,25,-9999,-9999,-9999,-9999,N/A,-9999,-9999,N/A,-9999
3712,1091.303643,1091.3041289077512,1091.304280099159,3877421.3,-9999,127084.6,15.72,-1,-0.13854193615085955,0.4982616777129312,0.6227887944601802,0.5480725244118307,30,1.0178571428571428,0.30357142857142855,N2 S1 P1 O17,de-protonated,0,-9999,C56 H57 O17 N2 P1 S1,56,57,17,2,1,1,-9999,N/A,-9999,-9999,N/A,-9999
3712,1091.303643,1091.3041289077512,1091.3036286504791,3877421.3,-9999,127084.6,15.72,-1,0.4584033800657387,0.4812946314961209,0.6582606959877568,0.5520810572927752,21,1.2708333333333333,0.3958333333333333,N4 S2 P1 O19,de-protonated,0,-9999,C48 H61 O19 N4 P1 S2,48,61,19,4,1,2,-9999,N/A,-9999,-9999,N/A,-9999
3712,1091.303643,1091.3041289077512,1091.305128252329,3877421.3,-9999,127084.6,15.72,-1,-0.9157334204499852,0.4294267120502394,0.6312934720183802,0.5101734160374958,31,0.9629629629629628,0.3888888888888889,N4 O21,de-protonated,0,-9999,C54 H52 O21 N4,54,52,21,4,-9999,-9999,-9999,N/A,-9999,-9999,N/A,-9999
3713,1095.27527,1095.275759056094,1095.275074169869,6890150,-9999,132932.5,29.47,-1,0.6253097886515849,0.31050323387644524,0.5439865594010858,0.4038965640863015,34,0.8813559322033898,0.3220338983050847,S1 O19,de-protonated,0,-9999,C59 H52 O19 S1,59,52,19,-9999,-9999,1,-9999,N/A,-9999,-9999,N/A,-9999
3713,1095.27527,1095.275759056094,1095.276076491469,6890150,-9999,132932.5,29.47,-1,-0.28982224819396696,0.3282914748809865,0.5996860735531828,0.436849314349865,20,1.2448979591836735,0.4489795918367347,S2 P1 O22,de-protonated,0,-9999,C49 H61 O22 P1 S2,49,61,22,-9999,1,2,-9999,N/A,-9999,-9999,N/A,-9999
3713,1095.27527,1095.275759056094,1095.2755634272191,6890150,-9999,132932.5,29.47,-1,0.17861155812730234,0.33140937651137453,0.5286014919551969,0.4102862226889034,38,0.8548387096774194,0.1774193548387097,N2 S2 P1 O11,de-protonated,0,-9999,C62 H53 O11 N2 P1 S2,62,53,11,2,1,2,-9999,N/A,-9999,-9999,N/A,-9999
3713,1095.27527,1095.275759056094,1095.2746940473492,6890150,-9999,132932.5,29.47,-1,0.972366795958148,0.2807834602082369,0.53366554753236,0.3819362951378862,39,0.8032786885245902,0.26229508196721313,N2 P1 O16,de-protonated,0,-9999,C61 H49 O16 N2 P1,61,49,16,2,1,-9999,-9999,N/A,-9999,-9999,N/A,-9999
3713,1095.27527,1095.275759056094,1095.276411580389,6890150,-9999,132932.5,29.47,-1,-0.5957622095142421,0.31254264830749945,0.5387936087087051,0.4030430324679817,39,0.8,0.25,N4 S1 O15,de-protonated,0,-9999,C60 H48 O15 N4 S1,60,48,15,4,-9999,1,-9999,N/A,-9999,-9999,N/A,-9999
3713,1095.27527,1095.275759056094,1095.2765445221191,6890150,-9999,132932.5,29.47,-1,-0.7171394557514581,0.30363488003915046,0.5996860735531828,0.4220553574447634,26,1.0816326530612246,0.4693877551020408,N4 P1 O23,de-protonated,0,-9999,C49 H53 O23 N4 P1,49,53,23,4,1,-9999,-9999,N/A,-9999,-9999,N/A,-9999
3714,1095.749193,1095.749682431777,1095.749088113019,3416517.5,-9999,132348.6,13.63,-1,0.5423858111526878,0.3160068801824174,0.5286014919551969,0.4010447248915292,7,1.8225806451612905,0.14516129032258066,S2 P1 O9,de-protonated,0,-9999,C62 H113 O9 P1 S2,62,113,9,-9999,1,2,-9999,N/A,-9999,-9999,N/A,-9999
3714,1095.749193,1095.749682431777,1095.7505877148692,3416517.5,-9999,132348.6,13.63,-1,-0.8261762323484553,0.2945038495729177,0.4995129960746475,0.3765075081736096,17,1.5294117647058822,0.16176470588235295,O11,de-protonated,0,-9999,C68 H104 O11,68,104,11,-9999,-9999,-9999,-9999,N/A,-9999,-9999,N/A,-9999
3714,1095.749193,1095.749682431777,1095.749936266189,3416517.5,-9999,132348.6,13.63,-1,-0.23165359501950825,0.4951550506467416,0.6064488444798662,0.5396725681799914,8,1.8,0.21666666666666667,N2 S1 O13,de-protonated,0,-9999,C60 H108 O13 N2 S1,60,108,13,2,-9999,1,-9999,N/A,-9999,-9999,N/A,-9999
3714,1095.749193,1095.749682431777,1095.7494232019392,3416517.5,-9999,132348.6,13.63,-1,0.23657766308318232,0.3299652977120954,0.4768781915697913,0.38873045525517375,26,1.36986301369863,0.0273972602739726,N4 S1 O2,de-protonated,0,-9999,C73 H100 O2 N4 S1,73,100,2,4,-9999,1,-9999,N/A,-9999,-9999,N/A,-9999
3714,1095.749193,1095.749682431777,1095.7504255235392,3416517.5,-9999,132348.6,13.63,-1,-0.6781578586249991,0.30664633726192964,0.5236005676629861,0.3934280294223522,12,1.7301587301587302,0.07936507936507936,N4 S2 P1 O5,de-protonated,0,-9999,C63 H109 O5 N4 P1 S2,63,109,5,4,1,2,-9999,N/A,-9999,-9999,N/A,-9999
3714,1095.749193,1095.749682431777,1095.7495561436692,3416517.5,-9999,132348.6,13.63,-1,0.11525271182070568,0.3325308951013028,0.5286014919551969,0.4109591338428604,13,1.6935483870967742,0.16129032258064516,N4 P1 O10,de-protonated,0,-9999,C62 H105 O10 N4 P1,62,105,10,4,1,-9999,-9999,N/A,-9999,-9999,N/A,-9999
3715,1119.203865,1119.204373024496,1119.2033054727692,11994151,-9999,143348,52.8,-1,0.9538496908461512,0.42751151117281305,0.8332504784532705,0.5898070980849961,24,1.0816326530612246,0.4897959183673469,S2 P1 O24,de-protonated,0,-9999,C49 H53 O24 P1 S2,49,53,24,-9999,1,2,-9999,N/A,-9999,-9999,N/A,-9999
3715,1119.203865,1119.204373024496,1119.205294331969,11994151,-9999,143348,52.8,-1,-0.8231800524906026,0.5851817213304747,0.8133510135832827,0.676449438231598,38,0.7758620689655172,0.3103448275862069,N2 S1 P1 O18,de-protonated,0,-9999,C58 H45 O18 N2 P1 S1,58,45,18,2,1,1,-9999,N/A,-9999,-9999,N/A,-9999
3715,1119.203865,1119.204373024496,1119.2046428832891,11994151,-9999,143348,52.8,-1,-0.241116577478359,0.7220591408296637,0.6506976980631772,0.6935145637230691,29,0.98,0.4,N4 S2 P1 O20,de-protonated,0,-9999,C50 H49 O20 N4 P1 S2,50,49,20,4,1,2,-9999,N/A,-9999,-9999,N/A,-9999
3715,1119.203865,1119.204373024496,1119.203773503419,11994151,-9999,143348,52.8,-1,0.5356674909549007,0.6357687080396787,0.8637917941051125,0.7269779424658522,30,0.9183673469387756,0.5102040816326531,N4 P1 O25,de-protonated,0,-9999,C49 H45 O25 N4 P1,49,45,25,4,1,-9999,-9999,N/A,-9999,-9999,N/A,-9999
3716,1120.207164,1120.20767281982,1120.2083431951291,4304591,-9999,124969.4,17.73,-1,-0.5984380613905187,0.31236148240981015,0.4514962441045973,0.368015387087725,2,1.9746835443037976,0.01265822784810126,O1,de-protonated,0,-9999,C79 H156 O1,79,156,1,-9999,-9999,-9999,-9999,N/A,-9999,-9999,N/A,-9999
3716,1120.207164,1120.20767281982,1120.2066603078392,4304591,-9999,124969.4,17.73,-1,0.903861775275834,0.43111318732025017,0.8332504784532705,0.5919681037734583,24,1.1041666666666667,0.5,13C1 S2 P1 O24,de-protonated,1,3715,C48 H53 O24 P1 S2 13C1,48,53,24,-9999,1,2,1,N/A,-9999,-9999,N/A,-9999
3716,1120.207164,1120.20767281982,1120.207937359489,4304591,-9999,124969.4,17.73,-1,-0.2361522895330269,0.32997733735542817,0.5439865594010858,0.4155810261736912,37,0.8135593220338984,0.2711864406779661,N1 S2 P1 O16,de-protonated,0,-9999,C59 H48 O16 N1 P1 S2,59,48,16,1,1,2,-9999,N/A,-9999,-9999,N/A,-9999
3716,1120.207164,1120.20767281982,1120.207067979619,4304591,-9999,124969.4,17.73,-1,0.5399360690633126,0.3161589460140152,0.5492452930313529,0.4093934848209503,38,0.7586206896551724,0.3620689655172414,N1 P1 O21,de-protonated,0,-9999,C58 H44 O21 N1 P1,58,44,21,1,1,-9999,-9999,N/A,-9999,-9999,N/A,-9999
3716,1120.207164,1120.20767281982,1120.208649167039,4304591,-9999,124969.4,17.73,-1,-0.8715762192333314,0.5808273568056623,0.8133510135832827,0.6738368195167105,38,0.7894736842105263,0.3157894736842105,13C1 N2 S1 P1 O18,de-protonated,1,3715,C57 H45 O18 N2 P1 S1 13C1,57,45,18,2,1,1,1,N/A,-9999,-9999,N/A,-9999
3716,1120.207164,1120.20767281982,1120.208785512659,4304591,-9999,124969.4,17.73,-1,-0.9932905843134868,0.27869582808677285,0.5545707124136273,0.3890457818175146,38,0.7543859649122807,0.3508771929824561,N3 S1 O20,de-protonated,0,-9999,C57 H43 O20 N3 S1,57,43,20,3,-9999,1,-9999,N/A,-9999,-9999,N/A,-9999
3716,1120.207164,1120.20767281982,1120.2079977183591,4304591,-9999,124969.4,17.73,-1,-0.29003411858261685,0.7208956270441197,0.6506976980631772,0.6928164554517426,29,1,0.40816326530612246,13C1 N4 S2 P1 O20,de-protonated,1,3715,C49 H49 O20 N4 P1 S2 13C1,49,49,20,4,1,2,1,N/A,-9999,-9999,N/A,-9999
3716,1120.207164,1120.20767281982,1120.207128338489,4304591,-9999,124969.4,17.73,-1,0.4860541565825268,0.6386925300431444,0.8637917941051125,0.7287322356679318,30,0.9375,0.5208333333333334,13C1 N4 P1 O25,de-protonated,1,3715,C48 H45 O25 N4 P1 13C1,48,45,25,4,1,-9999,1,N/A,-9999,-9999,N/A,-9999
3717,1121.200719,1121.2012286074194,1121.2001951508892,10854784,-9999,150819.6,47.61,-1,0.9217413042418512,0.21428370000940947,0.5187357453823905,0.3360645181586019,37,0.7796610169491526,0.3220338983050847,S2 O19,de-protonated,0,-9999,C59 H46 O19 S2,59,46,19,-9999,-9999,2,-9999,N/A,-9999,-9999,N/A,-9999
3717,1121.200719,1121.2012286074194,1121.202316951819,10854784,-9999,150819.6,47.61,-1,-0.97069403376133,0.6130303220129352,0.8761217370107204,0.7182668880120493,38,0.7543859649122807,0.3684210526315789,N2 P1 O21,de-protonated,0,-9999,C57 H43 O21 N2 P1,57,43,21,2,1,-9999,-9999,N/A,-9999,-9999,N/A,-9999
3717,1121.200719,1121.2012286074194,1121.200438712889,10854784,-9999,150819.6,47.61,-1,0.7045078676370478,0.7031519013668976,0.6506976980631772,0.6821702200454094,29,0.98,0.4,N4 S1 34S1 P1 O20,de-protonated,1,3715,C50 H49 O20 N4 P1 S1 34S1,50,49,20,4,1,1,-9999,N/A,-9999,-9999,N/A,1
3717,1121.200719,1121.2012286074194,1121.201665503139,10854784,-9999,150819.6,47.61,-1,-0.38966738384428895,0.6273237626797444,0.9175021135450244,0.7433951030258565,29,0.9591836734693876,0.4693877551020408,N4 S1 P1 O23,de-protonated,0,-9999,C49 H47 O23 N4 P1 S1,49,47,23,4,1,1,-9999,N/A,-9999,-9999,N/A,-9999
3718,1122.205323,1122.2058334037777,1122.204959979339,5144627,-9999,156149.9,21.56,-1,0.7783109768462804,0.2986365215002536,0.5492452930313529,0.39888003011269335,37,0.7931034482758621,0.3275862068965517,N1 S1 P1 O19,de-protonated,0,-9999,C58 H46 O19 N1 P1 S1,58,46,19,1,1,1,-9999,N/A,-9999,-9999,N/A,-9999
3718,1122.205323,1122.2058334037777,1122.205671786889,5144627,-9999,156149.9,21.56,-1,0.14401717319156415,0.6641624368959089,0.8761217370107204,0.7489461569418335,38,0.7678571428571429,0.375,13C1 N2 P1 O21,de-protonated,1,3717,C56 H43 O21 N2 P1 13C1,56,43,21,2,1,-9999,1,N/A,-9999,-9999,N/A,-9999
3718,1122.205323,1122.2058334037777,1122.2066775123792,5144627,-9999,156149.9,21.56,-1,-0.752186400647778,0.3008109991072093,0.5545707124136274,0.4023148844297766,37,0.7894736842105263,0.3157894736842105,N3 S2 O18,de-protonated,0,-9999,C57 H45 O18 N3 S2,57,45,18,3,-9999,2,-9999,N/A,-9999,-9999,N/A,-9999
3718,1122.205323,1122.2058334037777,1122.2058081325092,5144627,-9999,156149.9,21.56,-1,0.02251928145291253,0.3333026627772288,0.5599637296259095,0.42396708951670103,38,0.7321428571428571,0.4107142857142857,N3 O23,de-protonated,0,-9999,C56 H41 O23 N3,56,41,23,3,-9999,-9999,-9999,N/A,-9999,-9999,N/A,-9999
3718,1122.205323,1122.2058334037777,1122.2050203382091,5144627,-9999,156149.9,21.56,-1,0.7245249787701804,0.6060976687011411,0.9175021135450244,0.7306594466386944,29,0.9791666666666666,0.4791666666666667,13C1 N4 S1 P1 O23,de-protonated,1,3717,C48 H47 O23 N4 P1 S1 13C1,48,47,23,4,1,1,1,N/A,-9999,-9999,N/A,-9999
3719,1123.197526,1123.1980371903055,1123.1972177707391,4257519.5,-9999,178301.5,17.52,-1,0.7295420193396184,0.3026479574120387,0.5492452930313529,0.4012868916597644,37,0.7586206896551724,0.3793103448275862,S1 O22,de-protonated,0,-9999,C58 H44 O22 S1,58,44,22,-9999,-9999,1,-9999,N/A,-9999,-9999,N/A,-9999
3719,1123.197526,1123.1980371903055,1123.1982200923392,4257519.5,-9999,178301.5,17.52,-1,-0.1628403877297739,0.49760004162742233,0.6582606959877569,0.5618643033715562,23,1.1041666666666667,0.5208333333333334,S2 P1 O25,de-protonated,0,-9999,C48 H53 O25 P1 S2,48,53,25,-9999,1,2,-9999,N/A,-9999,-9999,N/A,-9999
3720,1131.299393,1131.299910612725,1131.3007155472792,3139959.5,-9999,136031,12.45,-1,-0.7115124592347905,0.3040781061594649,0.5042110374525537,0.3841312786767005,40,0.8507462686567164,0.16417910447761194,S2 P1 O11,de-protonated,0,-9999,C67 H57 O11 P1 S2,67,57,11,-9999,1,2,-9999,N/A,-9999,-9999,N/A,-9999
3720,1131.299393,1131.299910612725,1131.299574841249,3139959.5,-9999,136031,12.45,-1,0.296801557555657,0.4920715202728042,0.6227887944601802,0.5443584299477546,27,1.0714285714285714,0.375,S2 O21,de-protonated,0,-9999,C56 H60 O21 S2,56,60,21,-9999,-9999,2,-9999,N/A,-9999,-9999,N/A,-9999
3720,1131.299393,1131.299910612725,1131.299194718729,3139959.5,-9999,136031,12.45,-1,0.6328069526122586,0.4649584025412737,0.6145102180259683,0.5247791287351515,32,0.9827586206896552,0.3103448275862069,N2 S1 P1 O18,de-protonated,0,-9999,C58 H57 O18 N2 P1 S1,58,57,18,2,1,1,-9999,N/A,-9999,-9999,N/A,-9999
3720,1131.299393,1131.299910612725,1131.3009122517692,3139959.5,-9999,136031,12.45,-1,-0.8853869323483974,0.4337067676248242,0.618621810905439,0.50767278493707,32,0.9824561403508772,0.2982456140350877,N4 S2 O17,de-protonated,0,-9999,C57 H56 O17 N4 S2,57,56,17,4,-9999,2,-9999,N/A,-9999,-9999,N/A,-9999
3720,1131.299393,1131.299910612725,1131.300042871899,3139959.5,-9999,136031,12.45,-1,-0.11690901532722084,0.4987615415909207,0.6227887944601802,0.5483724427386245,33,0.9285714285714286,0.3928571428571429,N4 O22,de-protonated,0,-9999,C56 H52 O22 N4,56,52,22,4,-9999,-9999,-9999,N/A,-9999,-9999,N/A,-9999
3721,1131.314597,1131.3151146247772,1131.3148309825392,20559220,-9999,121288.1,92.01,-1,0.2507191015074272,0.2654314853786497,0.7913017843358233,0.4757796049615192,31,1,0.3,S2 O18,de-protonated,0,-9999,C60 H60 O18 S2,60,60,18,-9999,-9999,2,-9999,N/A,-9999,-9999,N/A,-9999
3721,1131.314597,1131.3151146247772,1131.3144508600192,20559220,-9999,121288.1,92.01,-1,0.586719949938856,0.18788976160428533,0.5039366004886815,0.3143084971580438,36,0.9193548387096774,0.24193548387096775,N2 S1 P1 O15,de-protonated,0,-9999,C62 H57 O15 N2 P1 S1,62,57,15,2,1,1,-9999,N/A,-9999,-9999,N/A,-9999
3721,1131.314597,1131.3151146247772,1131.3161683930591,20559220,-9999,121288.1,92.01,-1,-0.9314533915482888,0.6358042709464017,0.7533137264869374,0.682808053162616,36,0.918032786885246,0.22950819672131148,N4 S2 O14,de-protonated,0,-9999,C61 H56 O14 N4 S2,61,56,14,4,-9999,2,-9999,N/A,-9999,-9999,N/A,-9999
3721,1131.314597,1131.3151146247772,1131.3152990131891,20559220,-9999,121288.1,92.01,-1,-0.16298587329420794,0.39134222249229944,0.8506992940993013,0.5750850511351002,37,0.8666666666666667,0.31666666666666665,N4 O19,de-protonated,0,-9999,C60 H52 O19 N4,60,52,19,4,-9999,-9999,-9999,N/A,-9999,-9999,N/A,-9999
3722,1131.800336,1131.8008540098267,1131.799727442059,3552494.3,-9999,127334.3,14.33,-1,0.9953773095422888,0.27848605569571777,0.4474443108663898,0.3460693577639866,27,1.35,0.025,S1 O2,de-protonated,0,-9999,C80 H108 O2 S1,80,108,2,-9999,-9999,1,-9999,N/A,-9999,-9999,N/A,-9999
3722,1131.800336,1131.8008540098267,1131.800729763659,3552494.3,-9999,127334.3,14.33,-1,0.10977742313488612,0.33260524529081187,0.4902903803606132,0.3956792993187324,13,1.6714285714285717,0.07142857142857142,S2 P1 O5,de-protonated,0,-9999,C70 H117 O5 P1 S2,70,117,5,-9999,1,2,-9999,N/A,-9999,-9999,N/A,-9999
3722,1131.800336,1131.8008540098267,1131.799860383789,3552494.3,-9999,127334.3,14.33,-1,0.8779167345550569,0.2898297351303276,0.49487304552943223,0.3718470592899695,14,1.6376811594202898,0.14492753623188406,P1 O10,de-protonated,0,-9999,C69 H113 O10 P1,69,113,10,-9999,1,-9999,-9999,N/A,-9999,-9999,N/A,-9999
3722,1131.800336,1131.8008540098267,1131.801577916829,3552494.3,-9999,127334.3,14.33,-1,-0.6396059313428666,0.3094860766034519,0.4995129960746475,0.3854968443919301,14,1.6470588235294117,0.1323529411764706,N2 S1 O9,de-protonated,0,-9999,C68 H112 O9 N2 S1,68,112,9,2,-9999,1,-9999,N/A,-9999,-9999,N/A,-9999
3722,1131.800336,1131.8008540098267,1131.801710858559,3552494.3,-9999,127334.3,14.33,-1,-0.7570661222386743,0.45061393129365745,0.6186218109054389,0.51781708313837,1,2.0526315789473686,0.2982456140350877,N2 P1 O17,de-protonated,0,-9999,C57 H117 O17 N2 P1,57,117,17,2,1,-9999,-9999,N/A,-9999,-9999,N/A,-9999
3722,1131.800336,1131.8008540098267,1131.801197794309,3552494.3,-9999,127334.3,14.33,-1,-0.303749883796794,0.3277993915640995,0.4902903803606132,0.392795787082705,19,1.5571428571428572,0.08571428571428572,N4 P1 O6,de-protonated,0,-9999,C70 H109 O6 N4 P1,70,109,6,4,1,-9999,-9999,N/A,-9999,-9999,N/A,-9999
3722,1131.800336,1131.8008540098267,1131.800926468149,3552494.3,-9999,127334.3,14.33,-1,-0.06402037734576436,0.4996282946498154,0.6064488444798661,0.5423565145818356,5,1.9333333333333331,0.18333333333333332,N4 S2 O11,de-protonated,0,-9999,C60 H116 O11 N4 S2,60,116,11,4,-9999,2,-9999,N/A,-9999,-9999,N/A,-9999
3722,1131.800336,1131.8008540098267,1131.8000570882791,3552494.3,-9999,127334.3,14.33,-1,0.7041186670725108,0.4569842410032083,0.6104529186720895,0.5183717120707607,6,1.8983050847457628,0.2711864406779661,N4 O16,de-protonated,0,-9999,C59 H112 O16 N4,59,112,16,4,-9999,-9999,-9999,N/A,-9999,-9999,N/A,-9999
3723,1131.816661,1131.8171790227675,1131.8174855067991,19637482,-9999,126594.4,87.8,-1,-0.27078927064020164,0.2466957660516451,0.4275576700982947,0.31904052767030494,27,1.35,0.05,O4,de-protonated,0,-9999,C80 H108 O4,80,108,4,-9999,-9999,-9999,-9999,N/A,-9999,-9999,N/A,-9999
3723,1131.816661,1131.8171790227675,1131.8173471223693,19637482,-9999,126594.4,87.8,-1,-0.1485218458183685,0.19920109405749192,0.519709078003646,0.32740428763595353,0,2.0338983050847457,0.288135593220339,S1 O17,de-protonated,0,-9999,C59 H120 O17 S1,59,120,17,-9999,-9999,1,-9999,N/A,-9999,-9999,N/A,-9999
3723,1131.816661,1131.8171790227675,1131.8168340581192,19637482,-9999,126594.4,87.8,-1,0.3047884058332672,0.1966570825809723,0.45497297338620457,0.2999834389030652,18,1.5555555555555556,0.08333333333333333,N2 S1 O6,de-protonated,0,-9999,C72 H112 O6 N2 S1,72,112,6,2,-9999,1,-9999,N/A,-9999,-9999,N/A,-9999
3723,1131.816661,1131.8171790227675,1131.8178363797192,19637482,-9999,126594.4,87.8,-1,-0.5807974837904613,0.15677136993008417,0.4786696884388235,0.28553069733357994,4,1.9516129032258065,0.14516129032258066,N2 S2 P1 O9,de-protonated,0,-9999,C62 H121 O9 N2 P1 S2,62,121,9,2,1,2,-9999,N/A,-9999,-9999,N/A,-9999
3723,1131.816661,1131.8171790227675,1131.816966999849,19637482,-9999,126594.4,87.8,-1,0.1873296874964275,0.24841318934168277,0.5210047802262496,0.35744982569550954,5,1.9180327868852456,0.22950819672131148,N2 P1 O14,de-protonated,0,-9999,C61 H117 O14 N2 P1,61,117,14,2,1,-9999,-9999,N/A,-9999,-9999,N/A,-9999
3723,1131.816661,1131.8171790227675,1131.8164539355992,19637482,-9999,126594.4,87.8,-1,0.6406402434372219,0.23205879406819735,0.4548879284314522,0.3211904478134993,23,1.472972972972973,0.04054054054054054,N4 P1 O3,de-protonated,0,-9999,C74 H109 O3 N4 P1,74,109,3,4,1,-9999,-9999,N/A,-9999,-9999,N/A,-9999
3723,1131.816661,1131.8171790227675,1131.8161826094392,19637482,-9999,126594.4,87.8,-1,0.8803667448866203,0.14480163955833444,0.4690043413408552,0.2744827202713428,9,1.8125,0.125,N4 S2 O8,de-protonated,0,-9999,C64 H116 O8 N4 S2,64,116,8,4,-9999,2,-9999,N/A,-9999,-9999,N/A,-9999
3724,1132.295198,1132.2957164021082,1132.2959645194792,3050600.3,-9999,214341.6,12.04,-1,-0.2191276652077988,0.3304417450868356,0.5089679850512161,0.40185224107258777,40,0.8484848484848485,0.16666666666666666,N1 S2 P1 O11,de-protonated,0,-9999,C66 H56 O11 N1 P1 S2,66,56,11,1,1,2,-9999,N/A,-9999,-9999,N/A,-9999
3724,1132.295198,1132.2957164021082,1132.294823813449,3050600.3,-9999,214341.6,12.04,-1,0.7883005736019775,0.4466845567894152,0.6270122956014688,0.5188156523142367,27,1.0727272727272728,0.38181818181818183,N1 S2 O21,de-protonated,0,-9999,C55 H59 O21 N1 S2,55,59,21,1,-9999,2,-9999,N/A,-9999,-9999,N/A,-9999
3725,1132.312541,1132.313059415856,1132.313722584219,10527844,-9999,155657,46.19,-1,-0.5856754623167358,0.6256444525085528,0.6366792772231222,0.6300583823943806,40,0.8484848484848485,0.19696969696969696,N1 S1 P1 O13,de-protonated,0,-9999,C66 H56 O13 N1 P1 S1,66,56,13,1,1,1,-9999,N/A,-9999,-9999,N/A,-9999
3725,1132.312541,1132.313059415856,1132.3125818781891,10527844,-9999,155657,46.19,-1,0.42173660752447584,0.3227474750651767,0.5654252658645154,0.4198185913849122,27,1.0727272727272728,0.41818181818181815,N1 S1 O23,de-protonated,0,-9999,C55 H59 O23 N1 S1,55,59,23,1,-9999,1,-9999,N/A,-9999,-9999,N/A,-9999
3725,1132.312541,1132.313059415856,1132.313071135539,10527844,-9999,155657,46.19,-1,-0.01035021436633304,0.24999514053671312,0.523515464220991,0.35940327001042427,31,1.0344827586206895,0.25862068965517243,N3 S2 P1 O15,de-protonated,0,-9999,C58 H60 O15 N3 P1 S2,58,60,15,3,1,2,-9999,N/A,-9999,-9999,N/A,-9999
3725,1132.312541,1132.313059415856,1132.312201755669,10527844,-9999,155657,46.19,-1,0.7574414420656221,0.3003783049375741,0.5545707124136273,0.4020552679279954,32,0.9824561403508772,0.3508771929824561,N3 P1 O20,de-protonated,0,-9999,C57 H56 O20 N3 P1,57,56,20,3,1,-9999,-9999,N/A,-9999,-9999,N/A,-9999
3725,1132.312541,1132.313059415856,1132.3119304295092,10527844,-9999,155657,46.19,-1,0.9970630146556726,0.20873729313329764,0.5799529888934112,0.35722357143734307,18,1.3404255319148937,0.5319148936170213,N3 S2 O25,de-protonated,0,-9999,C47 H63 O25 N3 S2,47,63,25,3,-9999,2,-9999,N/A,-9999,-9999,N/A,-9999
3726,1132.318662,1132.319180420708,1132.3181858176092,12072034,-9999,109704.2,53.25,-1,0.8783777487159027,0.24838899256450436,0.7913017843358233,0.465554109273032,31,1.0169491525423728,0.3050847457627119,13C1 S2 O18,de-protonated,1,3721,C59 H60 O18 S2 13C1,59,60,18,-9999,-9999,2,1,N/A,-9999,-9999,N/A,-9999
3726,1132.318662,1132.319180420708,1132.319595810989,12072034,-9999,109704.2,53.25,-1,-0.36684897312942777,0.325292233505715,0.5439865594010858,0.4127699638638634,31,1.0169491525423728,0.3050847457627119,N1 S1 P1 O18,de-protonated,0,-9999,C59 H60 O18 N1 P1 S1,59,60,18,1,1,1,-9999,N/A,-9999,-9999,N/A,-9999
3726,1132.318662,1132.319180420708,1132.3189443623091,12072034,-9999,109704.2,53.25,-1,0.2084734165614392,0.48673203733706616,0.6085699779582885,0.535467213585555,22,1.2549019607843137,0.392156862745098,N3 S2 P1 O20,de-protonated,0,-9999,C51 H64 O20 N3 P1 S2,51,64,20,3,1,2,-9999,N/A,-9999,-9999,N/A,-9999
3726,1132.318662,1132.319180420708,1132.318074982439,12072034,-9999,109704.2,53.25,-1,0.9762612587415758,0.2803970906655892,0.5937935904294968,0.40575569057115224,23,1.2,0.5,N3 P1 O25,de-protonated,0,-9999,C50 H60 O25 N3 P1,50,60,25,3,1,-9999,-9999,N/A,-9999,-9999,N/A,-9999
3726,1132.318662,1132.319180420708,1132.3195232281291,12072034,-9999,109704.2,53.25,-1,-0.3027479558448686,0.6573320145739855,0.7533137264869374,0.6957246993391663,36,0.9333333333333332,0.23333333333333336,13C1 N4 S2 O14,de-protonated,1,3721,C60 H56 O14 N4 S2 13C1,60,56,14,4,-9999,2,1,N/A,-9999,-9999,N/A,-9999
3726,1132.318662,1132.319180420708,1132.3186538482591,12072034,-9999,109704.2,53.25,-1,0.46503910111541846,0.3846078356399896,0.8506992940993013,0.5710444190237143,37,0.8813559322033898,0.3220338983050847,13C1 N4 O19,de-protonated,1,3721,C59 H52 O19 N4 13C1,59,52,19,4,-9999,-9999,1,N/A,-9999,-9999,N/A,-9999
3727,1132.815046,1132.815564814196,1132.8161057823193,9997277,-9999,91387.6,43.77,-1,-0.4775427542660526,0.2398663934539691,0.4455665766386959,0.32214646672785985,22,1.4605263157894737,0.05263157894736842,N1 S1 O4,de-protonated,0,-9999,C76 H111 O4 N1 S1,76,111,4,1,-9999,1,-9999,N/A,-9999,-9999,N/A,-9999
3727,1132.815046,1132.815564814196,1132.816238724049,9997277,-9999,91387.6,43.77,-1,-0.5948977689513761,0.31260102326318157,0.5137846641763661,0.39307447962845543,9,1.7846153846153847,0.18461538461538465,N1 P1 O12,de-protonated,0,-9999,C65 H116 O12 N1 P1,65,116,12,1,1,-9999,-9999,N/A,-9999,-9999,N/A,-9999
3727,1132.815046,1132.815564814196,1132.815725659799,9997277,-9999,91387.6,43.77,-1,-0.14198743832184185,0.24908714965502268,0.4364580691918052,0.3240355174697357,27,1.3846153846153846,0.01282051282051282,N3 P1 O1,de-protonated,0,-9999,C78 H108 O1 N3 P1,78,108,1,3,1,-9999,-9999,N/A,-9999,-9999,N/A,-9999
3727,1132.815046,1132.815564814196,1132.815454333639,9997277,-9999,91387.6,43.77,-1,0.09752740971050064,0.2495689054791881,0.47814105983475785,0.34099776722141606,13,1.6911764705882353,0.08823529411764706,N3 S2 O6,de-protonated,0,-9999,C68 H115 O6 N3 S2,68,115,6,3,-9999,2,-9999,N/A,-9999,-9999,N/A,-9999
3727,1132.815046,1132.815564814196,1132.814584953769,9997277,-9999,91387.6,43.77,-1,0.8649786469367712,0.29101803749673233,0.5042110374525537,0.3762952374790609,14,1.6567164179104477,0.16417910447761194,N3 O11,de-protonated,0,-9999,C67 H111 O11 N3,67,111,11,3,-9999,-9999,-9999,N/A,-9999,-9999,N/A,-9999
3727,1132.815046,1132.815564814196,1132.8155872753691,9997277,-9999,91387.6,43.77,-1,-0.01982774015036885,0.6601437410674791,0.7976738445337082,0.7151557824539707,0,2.1052631578947367,0.24561403508771928,N3 S1 P1 O14,de-protonated,0,-9999,C57 H120 O14 N3 P1 S1,57,120,14,3,1,1,-9999,N/A,-9999,-9999,N/A,-9999
3728,1133.311851,1133.3123702080177,1133.3118536023892,10079066,-9999,119452.6,44.14,-1,0.4558371348726083,0.653819464449015,0.8831015766665027,0.74553230933601,31,0.9830508474576272,0.3559322033898305,S1 O21,de-protonated,0,-9999,C59 H58 O21 S1,59,58,21,-9999,-9999,1,-9999,N/A,-9999,-9999,N/A,-9999
3728,1133.311851,1133.3123702080177,1133.3128559239892,10079066,-9999,119452.6,44.14,-1,-0.4285806599864718,0.4649457975522312,0.870774795875331,0.6272773968814711,17,1.3673469387755102,0.4897959183673469,S2 P1 O24,de-protonated,0,-9999,C49 H67 O24 P1 S2,49,67,24,-9999,1,2,-9999,N/A,-9999,-9999,N/A,-9999
3728,1133.311851,1133.3123702080177,1133.3123428597391,10079066,-9999,119452.6,44.14,-1,0.02413128073733613,0.4948102805547614,0.8431851029772212,0.6341602095237453,35,0.9516129032258064,0.20967741935483872,N2 S2 P1 O13,de-protonated,0,-9999,C62 H59 O13 N2 P1 S2,62,59,13,2,1,2,-9999,N/A,-9999,-9999,N/A,-9999
3728,1133.311851,1133.3123702080177,1133.3114734798692,10079066,-9999,119452.6,44.14,-1,0.791245980716644,0.6200096016630062,0.8727805647977768,0.7211179869169144,36,0.9016393442622952,0.29508196721311475,N2 P1 O18,de-protonated,0,-9999,C61 H55 O18 N2 P1,61,55,18,2,1,-9999,-9999,N/A,-9999,-9999,N/A,-9999
3728,1133.311851,1133.3123702080177,1133.311964222659,10079066,-9999,119452.6,44.14,-1,0.35822912948991315,0.6562449188245116,0.7533137264869374,0.695072441889482,36,0.918032786885246,0.22950819672131148,N4 S1 34S1 O14,de-protonated,1,3721,C61 H56 O14 N4 S1 34S1,61,56,14,4,-9999,1,-9999,N/A,-9999,-9999,N/A,1
3728,1133.311851,1133.3123702080177,1133.313191012909,10079066,-9999,119452.6,44.14,-1,-0.7242524821512217,0.30307054359958613,0.538793608708705,0.3973597696432337,36,0.9,0.2833333333333333,N4 S1 O17,de-protonated,0,-9999,C60 H54 O17 N4 S1,60,54,17,4,-9999,1,-9999,N/A,-9999,-9999,N/A,-9999
3728,1133.311851,1133.3123702080177,1133.313323954639,10079066,-9999,119452.6,44.14,-1,-0.8415559945367663,0.2931364024989686,0.5996860735531827,0.41575627092065426,23,1.2040816326530612,0.5102040816326531,N4 P1 O25,de-protonated,0,-9999,C49 H59 O25 N4 P1,49,59,25,4,1,-9999,-9999,N/A,-9999,-9999,N/A,-9999
3729,1133.818796,1133.819315609877,1133.818748809839,3210965,-9999,107198.3,12.77,-1,0.4999035682809548,0.3185560097875697,0.4597501405136626,0.37503366207800687,21,1.4805194805194806,0.02597402597402597,S2 O2,de-protonated,0,-9999,C77 H114 O2 S2,77,114,2,-9999,-9999,2,-9999,N/A,-9999,-9999,N/A,-9999
3729,1133.818796,1133.819315609877,1133.818881751569,3210965,-9999,107198.3,12.77,-1,0.38265221655126874,0.3245938733157174,0.5089679850512161,0.39834351800991685,8,1.803030303030303,0.15151515151515152,S1 P1 O10,de-protonated,0,-9999,C66 H119 O10 P1 S1,66,119,10,-9999,1,1,-9999,N/A,-9999,-9999,N/A,-9999
3729,1133.818796,1133.819315609877,1133.8197299047392,3210965,-9999,107198.3,12.77,-1,-0.3653974710307083,0.3253549734806121,0.5186619100274374,0.40267774809934226,9,1.78125,0.21875,N2 O14,de-protonated,0,-9999,C64 H114 O14 N2,64,114,14,2,-9999,-9999,-9999,N/A,-9999,-9999,N/A,-9999
3729,1133.818796,1133.819315609877,1133.8189421104391,3210965,-9999,107198.3,12.77,-1,0.3294171796845926,0.6536683701759881,0.7976738445337082,0.7112705599190762,0,2.142857142857143,0.25,13C1 N3 S1 P1 O14,de-protonated,1,3727,C56 H120 O14 N3 P1 S1 13C1,56,120,14,3,1,1,1,N/A,-9999,-9999,N/A,-9999
3729,1133.818796,1133.819315609877,1133.8192168404892,3210965,-9999,107198.3,12.77,-1,0.0871121133711354,0.3328746734967792,0.4597501405136626,0.38362486030353254,27,1.3766233766233766,0.03896103896103896,N4 O3,de-protonated,0,-9999,C77 H106 O3 N4,77,106,3,4,-9999,-9999,-9999,N/A,-9999,-9999,N/A,-9999
3729,1133.818796,1133.819315609877,1133.820219162089,3210965,-9999,107198.3,12.77,-1,-0.7969095949858079,0.2970532150538621,0.5042110374525537,0.37991634401333874,13,1.7164179104477613,0.08955223880597014,N4 S1 P1 O6,de-protonated,0,-9999,C67 H115 O6 N4 P1 S1,67,115,6,4,1,1,-9999,N/A,-9999,-9999,N/A,-9999
3729,1133.818796,1133.819315609877,1133.819078456059,3210965,-9999,107198.3,12.77,-1,0.2091637217680624,0.4960465712289885,0.6227887944601802,0.5467434605214652,0,2.107142857142857,0.2857142857142857,N4 S1 O16,de-protonated,0,-9999,C56 H118 O16 N4 S1,56,118,16,4,-9999,1,-9999,N/A,-9999,-9999,N/A,-9999
3730,1134.314793,1134.3153130030582,1134.3152084374592,5171796.5,-9999,128626.6,21.73,-1,0.09218389937228208,0.6656395070500757,0.8831015766665027,0.7526243348966465,31,1,0.3620689655172414,13C1 S1 O21,de-protonated,1,3728,C58 H58 O21 S1 13C1,58,58,21,-9999,-9999,1,1,N/A,-9999,-9999,N/A,-9999
3730,1134.314793,1134.3153130030582,1134.3162107590592,5171796.5,-9999,128626.6,21.73,-1,-0.7914512659521354,0.44628132613776383,0.870774795875331,0.6160787140327907,17,1.3958333333333333,0.5,13C1 S2 P1 O24,de-protonated,1,3728,C48 H67 O24 P1 S2 13C1,48,67,24,-9999,1,2,1,N/A,-9999,-9999,N/A,-9999
3730,1134.314793,1134.3153130030582,1134.3156976948092,5171796.5,-9999,128626.6,21.73,-1,-0.3391399340636614,0.48967338880103545,0.8431851029772212,0.6310780744715098,35,0.9672131147540984,0.21311475409836064,13C1 N2 S2 P1 O13,de-protonated,1,3728,C61 H59 O13 N2 P1 S2 13C1,61,59,13,2,1,2,1,N/A,-9999,-9999,N/A,-9999
3730,1134.314793,1134.3153130030582,1134.3148283149392,5171796.5,-9999,128626.6,21.73,-1,0.42729593844664215,0.6449423543298227,0.8727805647977768,0.7360776385170044,36,0.9166666666666666,0.3,13C1 N2 P1 O18,de-protonated,1,3728,C60 H55 O18 N2 P1 13C1,60,55,18,2,1,-9999,1,N/A,-9999,-9999,N/A,-9999
3730,1134.314793,1134.3153130030582,1134.315834040429,5171796.5,-9999,128626.6,21.73,-1,-0.4593406485292068,0.3208130121672137,0.53366554753236,0.4059540263132722,35,0.9344262295081968,0.2459016393442623,N3 S2 O15,de-protonated,0,-9999,C61 H57 O15 N3 S2,61,57,15,3,-9999,2,-9999,N/A,-9999,-9999,N/A,-9999
3730,1134.314793,1134.3153130030582,1134.314964660559,5171796.5,-9999,128626.6,21.73,-1,0.3070950397286958,0.32767787686978694,0.5387936087087051,0.4121241696053542,36,0.8833333333333333,0.3333333333333333,N3 O20,de-protonated,0,-9999,C60 H53 O20 N3,60,53,20,3,-9999,-9999,-9999,N/A,-9999,-9999,N/A,-9999
3730,1134.314793,1134.3153130030582,1134.314740191909,5171796.5,-9999,128626.6,21.73,-1,0.5049843124174254,0.4773915540105271,0.6085699779582885,0.5298629235896316,22,1.2549019607843137,0.392156862745098,N3 S1 34S1 P1 O20,de-protonated,1,3726,C51 H64 O20 N3 P1 S1 34S1,51,64,20,3,1,1,-9999,N/A,-9999,-9999,N/A,1
3730,1134.314793,1134.3153130030582,1134.3159669821591,5171796.5,-9999,128626.6,21.73,-1,-0.5765405054016418,0.31382315816905954,0.5937935904294966,0.4258113310732344,22,1.24,0.46,N3 S1 P1 O23,de-protonated,0,-9999,C50 H62 O23 N3 P1 S1,50,62,23,3,1,1,-9999,N/A,-9999,-9999,N/A,-9999
3730,1134.314793,1134.3153130030582,1134.315319057729,5171796.5,-9999,128626.6,21.73,-1,-0.00533773171050267,0.6600800511972601,0.7533137264869374,0.697373521313131,36,0.9333333333333332,0.23333333333333336,13C1 N4 S1 34S1 O14,de-protonated,1,3721,C60 H56 O14 N4 S1 13C1 34S1,60,56,14,4,-9999,1,1,N/A,-9999,-9999,N/A,1
3731,1134.32059,1134.3211100076535,1134.320432254359,4240979.5,-9999,178374.9,17.48,-1,0.5974972110130767,0.6248505246321506,0.6366792772231222,0.6295820256685393,40,0.875,0.203125,13C2 N1 S1 P1 O13,de-protonated,1,3725,C64 H56 O13 N1 P1 S1 13C2,64,56,13,1,1,1,2,N/A,-9999,-9999,N/A,-9999
3731,1134.32059,1134.3211100076535,1134.319989734159,4240979.5,-9999,178374.9,17.48,-1,0.9876168143675192,0.2792647636804202,0.5654252658645154,0.39372896455405826,26,1.1272727272727272,0.38181818181818183,N1 S1 P1 O21,de-protonated,0,-9999,C55 H62 O21 N1 P1 S1,55,62,21,1,1,1,-9999,N/A,-9999,-9999,N/A,-9999
3731,1134.32059,1134.3211100076535,1134.321978593359,4240979.5,-9999,178374.9,17.48,-1,-0.7657311783952008,0.2996908965585475,0.5186619100274374,0.3872793019461035,40,0.84375,0.234375,N3 P1 O15,de-protonated,0,-9999,C64 H54 O15 N3 P1,64,54,15,3,1,-9999,-9999,N/A,-9999,-9999,N/A,-9999
3731,1134.32059,1134.3211100076535,1134.3217072671991,4240979.5,-9999,178374.9,17.48,-1,-0.5265345286113456,0.4754698708448133,0.6312934720183803,0.5377993113142401,26,1.1296296296296295,0.3703703703703703,N3 S2 O20,de-protonated,0,-9999,C54 H61 O20 N3 S2,54,61,20,3,-9999,2,-9999,N/A,-9999,-9999,N/A,-9999
3731,1134.32059,1134.3211100076535,1134.3208378873292,4240979.5,-9999,178374.9,17.48,-1,0.23989713973661947,0.4948059229424552,0.6356335132356643,0.5511369590597388,27,1.0754716981132075,0.4716981132075472,N3 O25,de-protonated,0,-9999,C53 H57 O25 N3,53,57,25,3,-9999,-9999,-9999,N/A,-9999,-9999,N/A,-9999
3732,1165.341769,1165.342313598408,1165.3425803602292,4152074,-9999,96542.8,17.1,-1,-0.22891278984415803,0.3301789848778287,0.4995129960746476,0.39791258935655627,38,0.9264705882352942,0.17647058823529413,S2 P1 O12,de-protonated,0,-9999,C68 H63 O12 P1 S2,68,63,12,-9999,1,2,-9999,N/A,-9999,-9999,N/A,-9999
3732,1165.341769,1165.342313598408,1165.341710980359,4152074,-9999,96542.8,17.1,-1,0.5171170338598201,0.3175457150131341,0.5042110374525537,0.3922118439889019,39,0.8805970149253731,0.2537313432835821,P1 O17,de-protonated,0,-9999,C67 H59 O17 P1,67,59,17,-9999,1,-9999,-9999,N/A,-9999,-9999,N/A,-9999
3732,1165.341769,1165.342313598408,1165.3414396541991,4152074,-9999,96542.8,17.1,-1,0.7499469075715186,0.30099466913570516,0.5545707124136273,0.402425086446874,25,1.1578947368421053,0.38596491228070173,S2 O22,de-protonated,0,-9999,C57 H66 O22 S2,57,66,22,-9999,-9999,2,-9999,N/A,-9999,-9999,N/A,-9999
3732,1165.341769,1165.342313598408,1165.3434285133992,4152074,-9999,96542.8,17.1,-1,-0.9567265441837846,0.2823248471092949,0.5089679850512161,0.3729821022860634,39,0.8787878787878788,0.24242424242424243,N2 S1 O16,de-protonated,0,-9999,C66 H58 O16 N2 S1,66,58,16,2,-9999,1,-9999,N/A,-9999,-9999,N/A,-9999
3732,1165.341769,1165.342313598408,1165.3427770647193,4152074,-9999,96542.8,17.1,-1,-0.3977081424662448,0.3239026251807893,0.5492452930313529,0.4140396923210148,30,1.0689655172413792,0.3103448275862069,N4 S2 O18,de-protonated,0,-9999,C58 H62 O18 N4 S2,58,62,18,4,-9999,2,-9999,N/A,-9999,-9999,N/A,-9999
3732,1165.341769,1165.342313598408,1165.3419076848493,4152074,-9999,96542.8,17.1,-1,0.34832142918975534,0.326075261141373,0.5545707124136273,0.4174734416502746,31,1.0175438596491229,0.40350877192982454,N4 O23,de-protonated,0,-9999,C57 H58 O23 N4,57,58,23,4,-9999,-9999,-9999,N/A,-9999,-9999,N/A,-9999
3733,1174.325108,1174.3256597195775,1174.3267891916992,3115505,-9999,150131.2,12.36,-1,-0.9618039305947323,0.42273941230322215,0.5909443880293942,0.490021402593691,37,0.90625,0.296875,N1 P1 O19,de-protonated,0,-9999,C64 H58 O19 N1 P1,64,58,19,1,1,-9999,-9999,N/A,-9999,-9999,N/A,-9999
3733,1174.325108,1174.3256597195775,1174.3265178655392,3115505,-9999,150131.2,12.36,-1,-0.7307558406232031,0.45382595079562627,0.6312934720183802,0.5248129592847278,23,1.2037037037037035,0.4444444444444444,N1 S2 O24,de-protonated,0,-9999,C54 H65 O24 N1 S2,54,65,24,1,-9999,2,-9999,N/A,-9999,-9999,N/A,-9999
3733,1174.325108,1174.3256597195775,1174.326137743019,3115505,-9999,150131.2,12.36,-1,-0.40706191075043474,0.4851907730625223,0.6227887944601802,0.5402299816215854,28,1.1071428571428572,0.375,N3 S1 P1 O21,de-protonated,0,-9999,C56 H62 O21 N3 P1 S1,56,62,21,3,1,1,-9999,N/A,-9999,-9999,N/A,-9999
3734,1174.660858,1174.6614099857295,1174.661001382489,3747310.3,-9999,99319.9,15.25,-1,0.34784779604442717,0.3260947704365152,0.5042110374525537,0.3973412772429306,18,1.5223880597014925,0.14925373134328357,N1 S2 P1 O10,de-protonated,0,-9999,C67 H102 O10 N1 P1 S2,67,102,10,1,1,2,-9999,N/A,-9999,-9999,N/A,-9999
3734,1174.660858,1174.6614099857295,1174.6625009843392,3747310.3,-9999,99319.9,15.25,-1,-0.9287762304350438,0.28503750421566004,0.4768781915697912,0.36177377915731246,28,1.273972602739726,0.1643835616438356,N1 O12,de-protonated,0,-9999,C73 H93 O12 N1,73,93,12,1,-9999,-9999,-9999,N/A,-9999,-9999,N/A,-9999
3734,1174.660858,1174.6614099857295,1174.662362599909,3747310.3,-9999,99319.9,15.25,-1,-0.8109685045900914,0.4437559531458268,0.6400336417157294,0.5222670285737878,1,2.019230769230769,0.4807692307692308,N1 S1 O25,de-protonated,0,-9999,C52 H105 O25 N1 S1,52,105,25,1,-9999,1,-9999,N/A,-9999,-9999,N/A,-9999
3734,1174.660858,1174.6614099857295,1174.661849535659,3747310.3,-9999,99319.9,15.25,-1,-0.3741927344435098,0.3249711822867669,0.5137846641763661,0.4004965750426066,19,1.4923076923076923,0.2153846153846154,N3 S1 O14,de-protonated,0,-9999,C65 H97 O14 N3 S1,65,97,14,3,-9999,1,-9999,N/A,-9999,-9999,N/A,-9999
3734,1174.660858,1174.6614099857295,1174.661982477389,3747310.3,-9999,99319.9,15.25,-1,-0.4873671474076211,0.47890832181944015,0.6312934720183802,0.5398623818990161,6,1.8888888888888888,0.4074074074074074,N3 P1 O22,de-protonated,0,-9999,C54 H102 O22 N3 P1,54,102,22,3,1,-9999,-9999,N/A,-9999,-9999,N/A,-9999
3735,1174.99207,1174.992622248284,1174.9933418718092,3962348,-9999,125987.3,16.23,-1,-0.612449023738438,0.3114013864956406,0.4514962441045973,0.3674393295392233,14,1.6835443037974684,0.0379746835443038,N1 S1 O3,de-protonated,0,-9999,C79 H133 O3 N1 S1,79,133,3,1,-9999,1,-9999,N/A,-9999,-9999,N/A,-9999
3735,1174.99207,1174.992622248284,1174.993474813539,3962348,-9999,125987.3,16.23,-1,-0.7255914804807256,0.30296380478699064,0.4995129960746476,0.38158348130205344,1,2.0294117647058822,0.16176470588235295,N1 P1 O11,de-protonated,0,-9999,C68 H138 O11 N1 P1,68,138,11,1,1,-9999,-9999,N/A,-9999,-9999,N/A,-9999
3735,1174.99207,1174.992622248284,1174.992690423129,3962348,-9999,125987.3,16.23,-1,-0.05802150558961114,0.3331297801377207,0.4857642050486166,0.39418355010207906,5,1.9295774647887325,0.07042253521126761,N3 S2 O5,de-protonated,0,-9999,C71 H137 O5 N3 S2,71,137,5,3,-9999,2,-9999,N/A,-9999,-9999,N/A,-9999
3735,1174.99207,1174.992622248284,1174.991821043259,3962348,-9999,125987.3,16.23,-1,0.6818813634939609,0.30636469653740933,0.4902903803606131,0.37993497006669086,6,1.9,0.14285714285714285,N3 O10,de-protonated,0,-9999,C70 H133 O10 N3,70,133,10,3,-9999,-9999,-9999,N/A,-9999,-9999,N/A,-9999
3736,1177.161767,1177.1623209682216,1177.163154736929,3761639,-9999,164072.4,15.31,-1,-0.7082864462117026,0.3043309267341428,0.538793608708705,0.3981159995239677,40,0.7166666666666667,0.36666666666666664,S1 P1 O22,de-protonated,0,-9999,C60 H43 O22 P1 S1,60,43,22,-9999,1,1,-9999,N/A,-9999,-9999,N/A,-9999
3736,1177.161767,1177.1623209682216,1177.1625032882491,3761639,-9999,164072.4,15.31,-1,-0.1548809336218628,0.49782842449629017,0.6400336417157294,0.5547105113840658,31,0.903846153846154,0.4615384615384616,N2 S2 P1 O24,de-protonated,0,-9999,C52 H47 O24 N2 P1 S2,52,47,24,2,1,2,-9999,N/A,-9999,-9999,N/A,-9999
3736,1177.161767,1177.1623209682216,1177.1633983812392,3761639,-9999,164072.4,15.31,-1,-0.9152620775202748,0.286329308949524,0.4682088393295658,0.3590811211015407,0,2.08,0.01333333333333333,N3 S1 P1 O1,de-protonated,0,-9999,C75 H156 O1 N3 P1 S1,75,156,1,3,1,1,-9999,N/A,-9999,-9999,N/A,-9999
0,162.597529,162.59727871446162,-9999,736334.2,-9999,969099.6,12.06,-1,-9999,-9999,-9999,-9999,-9999,-9999,-9999,unassigned,N/A,-9999,-9999,N/A,-9999,-9999,-9999,-9999,-9999,-9999,-9999,N/A,-9999,-9999,N/A,-9999
1,174.307504,174.3072629970591,-9999,896205.6,-9999,1074797.2,15.12,-1,-9999,-9999,-9999,-9999,-9999,-9999,-9999,unassigned,N/A,-9999,-9999,N/A,-9999,-9999,-9999,-9999,-9999,-9999,-9999,N/A,-9999,-9999,N/A,-9999
2,174.307645,174.3074039971709,-9999,1004173.6,-9999,855005.9,17.18,-1,-9999,-9999,-9999,-9999,-9999,-9999,-9999,unassigned,N/A,-9999,-9999,N/A,-9999,-9999,-9999,-9999,-9999,-9999,-9999,N/A,-9999,-9999,N/A,-9999
3,174.307813,174.30757199730405,-9999,1066957.6,-9999,1152713.7,18.38,-1,-9999,-9999,-9999,-9999,-9999,-9999,-9999,unassigned,N/A,-9999,-9999,N/A,-9999,-9999,-9999,-9999,-9999,-9999,-9999,N/A,-9999,-9999,N/A,-9999
4,195.554998,195.5547738401295,-9999,960901.6,-9999,794401.2,16.16,-1,-9999,-9999,-9999,-9999,-9999,-9999,-9999,unassigned,N/A,-9999,-9999,N/A,-9999,-9999,-9999,-9999,-9999,-9999,-9999,N/A,-9999,-9999,N/A,-9999
5,195.556089,195.55586484099436,-9999,3480293.8,-9999,937419.9,63.71,-1,-9999,-9999,-9999,-9999,-9999,-9999,-9999,unassigned,N/A,-9999,-9999,N/A,-9999,-9999,-9999,-9999,-9999,-9999,-9999,N/A,-9999,-9999,N/A,-9999
6,195.557165,195.55694084184736,-9999,9498214,-9999,929905.2,177.31,-1,-9999,-9999,-9999,-9999,-9999,-9999,-9999,unassigned,N/A,-9999,-9999,N/A,-9999,-9999,-9999,-9999,-9999,-9999,-9999,N/A,-9999,-9999,N/A,-9999
7,195.557366,195.55714184200667,-9999,1990373.8,-9999,1286874.6,35.59,-1,-9999,-9999,-9999,-9999,-9999,-9999,-9999,unassigned,N/A,-9999,-9999,N/A,-9999,-9999,-9999,-9999,-9999,-9999,-9999,N/A,-9999,-9999,N/A,-9999
8,196.554754,196.55453063264468,-9999,1163161.9,-9999,967963.4,19.97,-1,-9999,-9999,-9999,-9999,-9999,-9999,-9999,unassigned,N/A,-9999,-9999,N/A,-9999,-9999,-9999,-9999,-9999,-9999,-9999,N/A,-9999,-9999,N/A,-9999
9,196.555837,196.5556136335032,-9999,2996858,-9999,858158.1,54.59,-1,-9999,-9999,-9999,-9999,-9999,-9999,-9999,unassigned,N/A,-9999,-9999,N/A,-9999,-9999,-9999,-9999,-9999,-9999,-9999,N/A,-9999,-9999,N/A,-9999
10,202.56541000000001,202.56519139734317,-9999,834193.5,-9999,977456,13.63,-1,-9999,-9999,-9999,-9999,-9999,-9999,-9999,unassigned,N/A,-9999,-9999,N/A,-9999,-9999,-9999,-9999,-9999,-9999,-9999,N/A,-9999,-9999,N/A,-9999
11,212.339762,212.3395511455557,-9999,1177889.6,-9999,767894,19.8,-1,-9999,-9999,-9999,-9999,-9999,-9999,-9999,unassigned,N/A,-9999,-9999,N/A,-9999,-9999,-9999,-9999,-9999,-9999,-9999,N/A,-9999,-9999,N/A,-9999
12,212.34102,212.3408091465529,-9999,2576129.8,-9999,751217.5,45.65,-1,-9999,-9999,-9999,-9999,-9999,-9999,-9999,unassigned,N/A,-9999,-9999,N/A,-9999,-9999,-9999,-9999,-9999,-9999,-9999,N/A,-9999,-9999,N/A,-9999
13,217.531582,217.53137526115583,-9999,821458.6,-9999,777933.3,13.11,-1,-9999,-9999,-9999,-9999,-9999,-9999,-9999,unassigned,N/A,-9999,-9999,N/A,-9999,-9999,-9999,-9999,-9999,-9999,-9999,N/A,-9999,-9999,N/A,-9999
14,217.53291,217.53270326220857,-9999,1787730.9,-9999,719546,30.86,-1,-9999,-9999,-9999,-9999,-9999,-9999,-9999,unassigned,N/A,-9999,-9999,N/A,-9999,-9999,-9999,-9999,-9999,-9999,-9999,N/A,-9999,-9999,N/A,-9999
15,218.531933,218.5317270541427,-9999,1570225,-9999,669127.1,26.86,-1,-9999,-9999,-9999,-9999,-9999,-9999,-9999,unassigned,N/A,-9999,-9999,N/A,-9999,-9999,-9999,-9999,-9999,-9999,-9999,N/A,-9999,-9999,N/A,-9999
16,219.694136,219.69393097543093,-9999,770923.5,-9999,876248.5,12.13,-1,-9999,-9999,-9999,-9999,-9999,-9999,-9999,unassigned,N/A,-9999,-9999,N/A,-9999,-9999,-9999,-9999,-9999,-9999,-9999,N/A,-9999,-9999,N/A,-9999
17,219.695509,219.69530397651937,-9999,941099.7,-9999,662217.5,15.25,-1,-9999,-9999,-9999,-9999,-9999,-9999,-9999,unassigned,N/A,-9999,-9999,N/A,-9999,-9999,-9999,-9999,-9999,-9999,-9999,N/A,-9999,-9999,N/A,-9999
18,220.606281,220.6060766984961,-9999,1000063.6,-9999,852045.8,16.33,-1,-9999,-9999,-9999,-9999,-9999,-9999,-9999,unassigned,N/A,-9999,-9999,N/A,-9999,-9999,-9999,-9999,-9999,-9999,-9999,N/A,-9999,-9999,N/A,-9999
19,220.607668,220.60746369959557,-9999,3143423.8,-9999,776497.3,55.57,-1,-9999,-9999,-9999,-9999,-9999,-9999,-9999,unassigned,N/A,-9999,-9999,N/A,-9999,-9999,-9999,-9999,-9999,-9999,-9999,N/A,-9999,-9999,N/A,-9999
20,220.609046,220.60884170068795,-9999,8379136,-9999,787730.8,151.43,-1,-9999,-9999,-9999,-9999,-9999,-9999,-9999,unassigned,N/A,-9999,-9999,N/A,-9999,-9999,-9999,-9999,-9999,-9999,-9999,N/A,-9999,-9999,N/A,-9999
21,220.609297,220.60909270088692,-9999,2396352.3,-9999,951239.5,41.89,-1,-9999,-9999,-9999,-9999,-9999,-9999,-9999,unassigned,N/A,-9999,-9999,N/A,-9999,-9999,-9999,-9999,-9999,-9999,-9999,N/A,-9999,-9999,N/A,-9999
22,221.110914,221.110710098523,-9999,1605842.3,-9999,749974.5,27.42,-1,-9999,-9999,-9999,-9999,-9999,-9999,-9999,unassigned,N/A,-9999,-9999,N/A,-9999,-9999,-9999,-9999,-9999,-9999,-9999,N/A,-9999,-9999,N/A,-9999
23,232.402039,232.40184404909448,-9999,820960.1,-9999,520053.4,12.83,-1,-9999,-9999,-9999,-9999,-9999,-9999,-9999,unassigned,N/A,-9999,-9999,N/A,-9999,-9999,-9999,-9999,-9999,-9999,-9999,N/A,-9999,-9999,N/A,-9999
24,232.402701,232.4025060496193,-9999,1021216.2,-9999,716284.8,16.44,-1,-9999,-9999,-9999,-9999,-9999,-9999,-9999,unassigned,N/A,-9999,-9999,N/A,-9999,-9999,-9999,-9999,-9999,-9999,-9999,N/A,-9999,-9999,N/A,-9999
25,232.403092,232.4028970499292,-9999,823008.3,-9999,864372.6,12.87,-1,-9999,-9999,-9999,-9999,-9999,-9999,-9999,unassigned,N/A,-9999,-9999,N/A,-9999,-9999,-9999,-9999,-9999,-9999,-9999,N/A,-9999,-9999,N/A,-9999
26,232.403614,232.40341905034305,-9999,1062528.4,-9999,635694.5,17.19,-1,-9999,-9999,-9999,-9999,-9999,-9999,-9999,unassigned,N/A,-9999,-9999,N/A,-9999,-9999,-9999,-9999,-9999,-9999,-9999,N/A,-9999,-9999,N/A,-9999
27,232.403902,232.40370705057128,-9999,996624.4,-9999,796800,16,-1,-9999,-9999,-9999,-9999,-9999,-9999,-9999,unassigned,N/A,-9999,-9999,N/A,-9999,-9999,-9999,-9999,-9999,-9999,-9999,N/A,-9999,-9999,N/A,-9999
28,232.404122,232.4039270507457,-9999,1558304.4,-9999,694992.7,26.14,-1,-9999,-9999,-9999,-9999,-9999,-9999,-9999,unassigned,N/A,-9999,-9999,N/A,-9999,-9999,-9999,-9999,-9999,-9999,-9999,N/A,-9999,-9999,N/A,-9999
29,232.404319,232.40412405090183,-9999,1347680.5,-9999,611719.4,22.34,-1,-9999,-9999,-9999,-9999,-9999,-9999,-9999,unassigned,N/A,-9999,-9999,N/A,-9999,-9999,-9999,-9999,-9999,-9999,-9999,N/A,-9999,-9999,N/A,-9999
30,232.405717,232.40552205201007,-9999,1503776.8,-9999,486709.5,25.15,-1,-9999,-9999,-9999,-9999,-9999,-9999,-9999,unassigned,N/A,-9999,-9999,N/A,-9999,-9999,-9999,-9999,-9999,-9999,-9999,N/A,-9999,-9999,N/A,-9999
31,232.405909,232.40571405216227,-9999,1146272.8,-9999,913410.7,18.7,-1,-9999,-9999,-9999,-9999,-9999,-9999,-9999,unassigned,N/A,-9999,-9999,N/A,-9999,-9999,-9999,-9999,-9999,-9999,-9999,N/A,-9999,-9999,N/A,-9999
32,232.406651,232.40645605275049,-9999,2007648.9,-9999,509713.7,34.25,-1,-9999,-9999,-9999,-9999,-9999,-9999,-9999,unassigned,N/A,-9999,-9999,N/A,-9999,-9999,-9999,-9999,-9999,-9999,-9999,N/A,-9999,-9999,N/A,-9999
33,232.407128,232.40693305312857,-9999,1886689,-9999,578942.8,32.07,-1,-9999,-9999,-9999,-9999,-9999,-9999,-9999,unassigned,N/A,-9999,-9999,N/A,-9999,-9999,-9999,-9999,-9999,-9999,-9999,N/A,-9999,-9999,N/A,-9999
34,232.407413,232.40721805335448,-9999,2017505,-9999,1072396.1,34.43,-1,-9999,-9999,-9999,-9999,-9999,-9999,-9999,unassigned,N/A,-9999,-9999,N/A,-9999,-9999,-9999,-9999,-9999,-9999,-9999,N/A,-9999,-9999,N/A,-9999
35,232.407899,232.40770405373976,-9999,3234657,-9999,546709.8,56.4,-1,-9999,-9999,-9999,-9999,-9999,-9999,-9999,unassigned,N/A,-9999,-9999,N/A,-9999,-9999,-9999,-9999,-9999,-9999,-9999,N/A,-9999,-9999,N/A,-9999
36,232.408254,232.4080590540212,-9999,2236001.3,-9999,670722.8,38.37,-1,-9999,-9999,-9999,-9999,-9999,-9999,-9999,unassigned,N/A,-9999,-9999,N/A,-9999,-9999,-9999,-9999,-9999,-9999,-9999,N/A,-9999,-9999,N/A,-9999
37,232.408524,232.4083290542352,-9999,1591137.3,-9999,1008549.6,26.73,-1,-9999,-9999,-9999,-9999,-9999,-9999,-9999,unassigned,N/A,-9999,-9999,N/A,-9999,-9999,-9999,-9999,-9999,-9999,-9999,N/A,-9999,-9999,N/A,-9999
38,232.40878,232.4085850544381,-9999,2662881.3,-9999,1048934.2,46.08,-1,-9999,-9999,-9999,-9999,-9999,-9999,-9999,unassigned,N/A,-9999,-9999,N/A,-9999,-9999,-9999,-9999,-9999,-9999,-9999,N/A,-9999,-9999,N/A,-9999
39,232.409367,232.40917205490345,-9999,4861665.5,-9999,625207.5,85.77,-1,-9999,-9999,-9999,-9999,-9999,-9999,-9999,unassigned,N/A,-9999,-9999,N/A,-9999,-9999,-9999,-9999,-9999,-9999,-9999,N/A,-9999,-9999,N/A,-9999
40,232.409786,232.4095910552356,-9999,2509921.5,-9999,753378.9,43.32,-1,-9999,-9999,-9999,-9999,-9999,-9999,-9999,unassigned,N/A,-9999,-9999,N/A,-9999,-9999,-9999,-9999,-9999,-9999,-9999,N/A,-9999,-9999,N/A,-9999
41,232.410052,232.40985705544648,-9999,1045665.5,-9999,657420.8,16.88,-1,-9999,-9999,-9999,-9999,-9999,-9999,-9999,unassigned,N/A,-9999,-9999,N/A,-9999,-9999,-9999,-9999,-9999,-9999,-9999,N/A,-9999,-9999,N/A,-9999
42,232.410241,232.4100460555963,-9999,922657.5,-9999,821525.9,14.66,-1,-9999,-9999,-9999,-9999,-9999,-9999,-9999,unassigned,N/A,-9999,-9999,N/A,-9999,-9999,-9999,-9999,-9999,-9999,-9999,N/A,-9999,-9999,N/A,-9999
43,232.742569,232.74237431903555,-9999,829628,-9999,746060.5,12.98,-1,-9999,-9999,-9999,-9999,-9999,-9999,-9999,unassigned,N/A,-9999,-9999,N/A,-9999,-9999,-9999,-9999,-9999,-9999,-9999,N/A,-9999,-9999,N/A,-9999
44,232.7435,232.74330531977355,-9999,786332.1,-9999,862842.8,12.2,-1,-9999,-9999,-9999,-9999,-9999,-9999,-9999,unassigned,N/A,-9999,-9999,N/A,-9999,-9999,-9999,-9999,-9999,-9999,-9999,N/A,-9999,-9999,N/A,-9999
45,233.072856,233.07266158085687,-9999,785686.1,-9999,688953.4,12.19,-1,-9999,-9999,-9999,-9999,-9999,-9999,-9999,unassigned,N/A,-9999,-9999,N/A,-9999,-9999,-9999,-9999,-9999,-9999,-9999,N/A,-9999,-9999,N/A,-9999
47,233.074713,233.07451858232892,-9999,1031126.5,-9999,1098810.2,16.62,-1,-9999,-9999,-9999,-9999,-9999,-9999,-9999,unassigned,N/A,-9999,-9999,N/A,-9999,-9999,-9999,-9999,-9999,-9999,-9999,N/A,-9999,-9999,N/A,-9999
48,233.07498,233.07478558254056,-9999,955606.5,-9999,1672950.8,15.26,-1,-9999,-9999,-9999,-9999,-9999,-9999,-9999,unassigned,N/A,-9999,-9999,N/A,-9999,-9999,-9999,-9999,-9999,-9999,-9999,N/A,-9999,-9999,N/A,-9999
50,235.066642,235.06644916134812,-9999,803893.8,-9999,790680.1,12.46,-1,-9999,-9999,-9999,-9999,-9999,-9999,-9999,unassigned,N/A,-9999,-9999,N/A,-9999,-9999,-9999,-9999,-9999,-9999,-9999,N/A,-9999,-9999,N/A,-9999
51,238.414381,238.41419081512947,-9999,831748.3,-9999,746916.1,12.91,-1,-9999,-9999,-9999,-9999,-9999,-9999,-9999,unassigned,N/A,-9999,-9999,N/A,-9999,-9999,-9999,-9999,-9999,-9999,-9999,N/A,-9999,-9999,N/A,-9999
52,238.415239,238.41504881580963,-9999,984964.4,-9999,853405.8,15.65,-1,-9999,-9999,-9999,-9999,-9999,-9999,-9999,unassigned,N/A,-9999,-9999,N/A,-9999,-9999,-9999,-9999,-9999,-9999,-9999,N/A,-9999,-9999,N/A,-9999
53,238.41569,238.4154998161671,-9999,784612.5,-9999,495387.2,12.06,-1,-9999,-9999,-9999,-9999,-9999,-9999,-9999,unassigned,N/A,-9999,-9999,N/A,-9999,-9999,-9999,-9999,-9999,-9999,-9999,N/A,-9999,-9999,N/A,-9999
54,238.416555,238.4163648168528,-9999,1160196.6,-9999,887905.3,18.79,-1,-9999,-9999,-9999,-9999,-9999,-9999,-9999,unassigned,N/A,-9999,-9999,N/A,-9999,-9999,-9999,-9999,-9999,-9999,-9999,N/A,-9999,-9999,N/A,-9999
55,239.081641,239.08145134407215,-9999,814393.6,-9999,510245.7,12.59,-1,-9999,-9999,-9999,-9999,-9999,-9999,-9999,unassigned,N/A,-9999,-9999,N/A,-9999,-9999,-9999,-9999,-9999,-9999,-9999,N/A,-9999,-9999,N/A,-9999
57,239.133891,239.13370138549124,-9999,2160002.8,-9999,654816.3,36.7,-1,-9999,-9999,-9999,-9999,-9999,-9999,-9999,unassigned,N/A,-9999,-9999,N/A,-9999,-9999,-9999,-9999,-9999,-9999,-9999,N/A,-9999,-9999,N/A,-9999
58,239.134328,239.13413838583764,-9999,4911235,-9999,543990.8,85.99,-1,-9999,-9999,-9999,-9999,-9999,-9999,-9999,unassigned,N/A,-9999,-9999,N/A,-9999,-9999,-9999,-9999,-9999,-9999,-9999,N/A,-9999,-9999,N/A,-9999
59,240.137685,240.13749618120733,-9999,799603.1,-9999,482381.2,12.28,-1,-9999,-9999,-9999,-9999,-9999,-9999,-9999,unassigned,N/A,-9999,-9999,N/A,-9999,-9999,-9999,-9999,-9999,-9999,-9999,N/A,-9999,-9999,N/A,-9999
60,240.58985,240.5896615396424,-9999,831042.3,-9999,799367.2,12.84,-1,-9999,-9999,-9999,-9999,-9999,-9999,-9999,unassigned,N/A,-9999,-9999,N/A,-9999,-9999,-9999,-9999,-9999,-9999,-9999,N/A,-9999,-9999,N/A,-9999
61,241.077342,241.07715392608145,-9999,847191.6,-9999,808862.6,13.12,-1,-9999,-9999,-9999,-9999,-9999,-9999,-9999,unassigned,N/A,-9999,-9999,N/A,-9999,-9999,-9999,-9999,-9999,-9999,-9999,N/A,-9999,-9999,N/A,-9999
62,241.14134,241.14115197681323,-9999,1238626.8,-9999,921024,20.11,-1,-9999,-9999,-9999,-9999,-9999,-9999,-9999,unassigned,N/A,-9999,-9999,N/A,-9999,-9999,-9999,-9999,-9999,-9999,-9999,N/A,-9999,-9999,N/A,-9999
63,241.141566,241.1413779769924,-9999,1441506.8,-9999,893079.9,23.73,-1,-9999,-9999,-9999,-9999,-9999,-9999,-9999,unassigned,N/A,-9999,-9999,N/A,-9999,-9999,-9999,-9999,-9999,-9999,-9999,N/A,-9999,-9999,N/A,-9999
64,241.141941,241.14175297728968,-9999,3597154.8,-9999,568997.9,62.19,-1,-9999,-9999,-9999,-9999,-9999,-9999,-9999,unassigned,N/A,-9999,-9999,N/A,-9999,-9999,-9999,-9999,-9999,-9999,-9999,N/A,-9999,-9999,N/A,-9999
65,241.149984,241.1497959836654,-9999,884068.3,-9999,714318.8,13.78,-1,-9999,-9999,-9999,-9999,-9999,-9999,-9999,unassigned,N/A,-9999,-9999,N/A,-9999,-9999,-9999,-9999,-9999,-9999,-9999,N/A,-9999,-9999,N/A,-9999
66,242.181627,242.18143980145763,-9999,1408536.1,-9999,493745.3,23.14,-1,-9999,-9999,-9999,-9999,-9999,-9999,-9999,unassigned,N/A,-9999,-9999,N/A,-9999,-9999,-9999,-9999,-9999,-9999,-9999,N/A,-9999,-9999,N/A,-9999
70,245.054431,245.054246078754,-9999,1912264.3,-9999,568093.1,31.99,-1,-9999,-9999,-9999,-9999,-9999,-9999,-9999,unassigned,N/A,-9999,-9999,N/A,-9999,-9999,-9999,-9999,-9999,-9999,-9999,N/A,-9999,-9999,N/A,-9999
72,249.046199,249.04601724306264,-9999,813289.8,-9999,733832.9,12.39,-1,-9999,-9999,-9999,-9999,-9999,-9999,-9999,unassigned,N/A,-9999,-9999,N/A,-9999,-9999,-9999,-9999,-9999,-9999,-9999,N/A,-9999,-9999,N/A,-9999
73,249.1547,249.15451832907232,-9999,1021883.8,-9999,1023898.6,16.08,-1,-9999,-9999,-9999,-9999,-9999,-9999,-9999,unassigned,N/A,-9999,-9999,N/A,-9999,-9999,-9999,-9999,-9999,-9999,-9999,N/A,-9999,-9999,N/A,-9999
74,249.155196,249.1550143294655,-9999,1952443.9,-9999,507964.8,32.55,-1,-9999,-9999,-9999,-9999,-9999,-9999,-9999,unassigned,N/A,-9999,-9999,N/A,-9999,-9999,-9999,-9999,-9999,-9999,-9999,N/A,-9999,-9999,N/A,-9999
75,251.061797,251.0616168408445,-9999,911156.8,-9999,733275,14.06,-1,-9999,-9999,-9999,-9999,-9999,-9999,-9999,unassigned,N/A,-9999,-9999,N/A,-9999,-9999,-9999,-9999,-9999,-9999,-9999,N/A,-9999,-9999,N/A,-9999
76,251.098255,251.098074869745,-9999,999610.7,-9999,751328.2,15.62,-1,-9999,-9999,-9999,-9999,-9999,-9999,-9999,unassigned,N/A,-9999,-9999,N/A,-9999,-9999,-9999,-9999,-9999,-9999,-9999,N/A,-9999,-9999,N/A,-9999
77,253.077424,253.07724543864924,-9999,943416.3,-9999,482181.1,14.62,-1,-9999,-9999,-9999,-9999,-9999,-9999,-9999,unassigned,N/A,-9999,-9999,N/A,-9999,-9999,-9999,-9999,-9999,-9999,-9999,N/A,-9999,-9999,N/A,-9999
78,253.113775,253.113596467465,-9999,813886.1,-9999,593029.9,12.34,-1,-9999,-9999,-9999,-9999,-9999,-9999,-9999,unassigned,N/A,-9999,-9999,N/A,-9999,-9999,-9999,-9999,-9999,-9999,-9999,N/A,-9999,-9999,N/A,-9999
79,253.149641,253.14946249589627,-9999,3316451.8,-9999,577205.8,56.45,-1,-9999,-9999,-9999,-9999,-9999,-9999,-9999,unassigned,N/A,-9999,-9999,N/A,-9999,-9999,-9999,-9999,-9999,-9999,-9999,N/A,-9999,-9999,N/A,-9999
80,253.150186,253.15000749632827,-9999,8830148,-9999,522690.5,153.63,-1,-9999,-9999,-9999,-9999,-9999,-9999,-9999,unassigned,N/A,-9999,-9999,N/A,-9999,-9999,-9999,-9999,-9999,-9999,-9999,N/A,-9999,-9999,N/A,-9999
81,253.150962,253.15078349694343,-9999,860740,-9999,1212155,13.16,-1,-9999,-9999,-9999,-9999,-9999,-9999,-9999,unassigned,N/A,-9999,-9999,N/A,-9999,-9999,-9999,-9999,-9999,-9999,-9999,N/A,-9999,-9999,N/A,-9999
82,254.153649,254.153471291782,-9999,1191905.8,-9999,496713.5,18.91,-1,-9999,-9999,-9999,-9999,-9999,-9999,-9999,unassigned,N/A,-9999,-9999,N/A,-9999,-9999,-9999,-9999,-9999,-9999,-9999,N/A,-9999,-9999,N/A,-9999
84,255.093152,255.09297503653409,-9999,1590771.5,-9999,611111.9,25.91,-1,-9999,-9999,-9999,-9999,-9999,-9999,-9999,unassigned,N/A,-9999,-9999,N/A,-9999,-9999,-9999,-9999,-9999,-9999,-9999,N/A,-9999,-9999,N/A,-9999
85,255.129531,255.129354065372,-9999,954553.2,-9999,679499,14.74,-1,-9999,-9999,-9999,-9999,-9999,-9999,-9999,unassigned,N/A,-9999,-9999,N/A,-9999,-9999,-9999,-9999,-9999,-9999,-9999,N/A,-9999,-9999,N/A,-9999
87,257.108523,257.1083476341359,-9999,830181.4,-9999,721311.7,12.56,-1,-9999,-9999,-9999,-9999,-9999,-9999,-9999,unassigned,N/A,-9999,-9999,N/A,-9999,-9999,-9999,-9999,-9999,-9999,-9999,N/A,-9999,-9999,N/A,-9999
88,257.108867,257.1086916344086,-9999,897317.5,-9999,637846.4,13.73,-1,-9999,-9999,-9999,-9999,-9999,-9999,-9999,unassigned,N/A,-9999,-9999,N/A,-9999,-9999,-9999,-9999,-9999,-9999,-9999,N/A,-9999,-9999,N/A,-9999
89,263.061987,263.0618163534978,-9999,1133424.3,-9999,626308.8,17.61,-1,-9999,-9999,-9999,-9999,-9999,-9999,-9999,unassigned,N/A,-9999,-9999,N/A,-9999,-9999,-9999,-9999,-9999,-9999,-9999,N/A,-9999,-9999,N/A,-9999
90,264.856122,264.85595277572406,-9999,1165917.4,-9999,657110.1,18.03,-1,-9999,-9999,-9999,-9999,-9999,-9999,-9999,unassigned,N/A,-9999,-9999,N/A,-9999,-9999,-9999,-9999,-9999,-9999,-9999,N/A,-9999,-9999,N/A,-9999
91,264.856469,264.8562997759991,-9999,1337437.4,-9999,707607.3,20.97,-1,-9999,-9999,-9999,-9999,-9999,-9999,-9999,unassigned,N/A,-9999,-9999,N/A,-9999,-9999,-9999,-9999,-9999,-9999,-9999,N/A,-9999,-9999,N/A,-9999
93,265.077623,265.0774539513098,-9999,1547642.1,-9999,593376.2,24.58,-1,-9999,-9999,-9999,-9999,-9999,-9999,-9999,unassigned,N/A,-9999,-9999,N/A,-9999,-9999,-9999,-9999,-9999,-9999,-9999,N/A,-9999,-9999,N/A,-9999
94,265.114068,265.11389898019996,-9999,1184638.9,-9999,605384.3,18.35,-1,-9999,-9999,-9999,-9999,-9999,-9999,-9999,unassigned,N/A,-9999,-9999,N/A,-9999,-9999,-9999,-9999,-9999,-9999,-9999,N/A,-9999,-9999,N/A,-9999
96,265.153366,265.1531970113519,-9999,7851780,-9999,404477.3,132.79,-1,-9999,-9999,-9999,-9999,-9999,-9999,-9999,unassigned,N/A,-9999,-9999,N/A,-9999,-9999,-9999,-9999,-9999,-9999,-9999,N/A,-9999,-9999,N/A,-9999
97,265.153822,265.15365301171335,-9999,15964036,-9999,467421.3,272.03,-1,-9999,-9999,-9999,-9999,-9999,-9999,-9999,unassigned,N/A,-9999,-9999,N/A,-9999,-9999,-9999,-9999,-9999,-9999,-9999,N/A,-9999,-9999,N/A,-9999
98,265.154656,265.15448701237443,-9999,1336836.1,-9999,755901,20.96,-1,-9999,-9999,-9999,-9999,-9999,-9999,-9999,unassigned,N/A,-9999,-9999,N/A,-9999,-9999,-9999,-9999,-9999,-9999,-9999,N/A,-9999,-9999,N/A,-9999
99,266.156647,266.1564788066613,-9999,1149444.9,-9999,726587.6,17.74,-1,-9999,-9999,-9999,-9999,-9999,-9999,-9999,unassigned,N/A,-9999,-9999,N/A,-9999,-9999,-9999,-9999,-9999,-9999,-9999,N/A,-9999,-9999,N/A,-9999
100,266.157204,266.15703580710283,-9999,2003205,-9999,452591.9,32.4,-1,-9999,-9999,-9999,-9999,-9999,-9999,-9999,unassigned,N/A,-9999,-9999,N/A,-9999,-9999,-9999,-9999,-9999,-9999,-9999,N/A,-9999,-9999,N/A,-9999
101,266.809803,266.80963532442365,-9999,1518167.8,-9999,594346.2,24.07,-1,-9999,-9999,-9999,-9999,-9999,-9999,-9999,unassigned,N/A,-9999,-9999,N/A,-9999,-9999,-9999,-9999,-9999,-9999,-9999,N/A,-9999,-9999,N/A,-9999
102,266.853895,266.8537273593758,-9999,1091997.3,-9999,361065.4,16.76,-1,-9999,-9999,-9999,-9999,-9999,-9999,-9999,unassigned,N/A,-9999,-9999,N/A,-9999,-9999,-9999,-9999,-9999,-9999,-9999,N/A,-9999,-9999,N/A,-9999
103,266.854383,266.8542153597626,-9999,2974813.3,-9999,528212.5,49.07,-1,-9999,-9999,-9999,-9999,-9999,-9999,-9999,unassigned,N/A,-9999,-9999,N/A,-9999,-9999,-9999,-9999,-9999,-9999,-9999,N/A,-9999,-9999,N/A,-9999
104,267.056896,267.0567285202964,-9999,1436790.9,-9999,496004.3,22.67,-1,-9999,-9999,-9999,-9999,-9999,-9999,-9999,unassigned,N/A,-9999,-9999,N/A,-9999,-9999,-9999,-9999,-9999,-9999,-9999,N/A,-9999,-9999,N/A,-9999
105,267.093342,267.0931745491875,-9999,2033403.4,-9999,465016.6,32.91,-1,-9999,-9999,-9999,-9999,-9999,-9999,-9999,unassigned,N/A,-9999,-9999,N/A,-9999,-9999,-9999,-9999,-9999,-9999,-9999,N/A,-9999,-9999,N/A,-9999
106,267.129416,267.12924857778364,-9999,949119.9,-9999,858720.6,14.3,-1,-9999,-9999,-9999,-9999,-9999,-9999,-9999,unassigned,N/A,-9999,-9999,N/A,-9999,-9999,-9999,-9999,-9999,-9999,-9999,N/A,-9999,-9999,N/A,-9999
107,267.129723,267.129555578027,-9999,1058432,-9999,502832.6,16.18,-1,-9999,-9999,-9999,-9999,-9999,-9999,-9999,unassigned,N/A,-9999,-9999,N/A,-9999,-9999,-9999,-9999,-9999,-9999,-9999,N/A,-9999,-9999,N/A,-9999
108,268.806422,268.8062559071606,-9999,1187151.9,-9999,655624.8,18.39,-1,-9999,-9999,-9999,-9999,-9999,-9999,-9999,unassigned,N/A,-9999,-9999,N/A,-9999,-9999,-9999,-9999,-9999,-9999,-9999,N/A,-9999,-9999,N/A,-9999
109,268.806843,268.80667690749436,-9999,2243792,-9999,476511.2,36.52,-1,-9999,-9999,-9999,-9999,-9999,-9999,-9999,unassigned,N/A,-9999,-9999,N/A,-9999,-9999,-9999,-9999,-9999,-9999,-9999,N/A,-9999,-9999,N/A,-9999
110,268.852422,268.8522559436252,-9999,1446805.5,-9999,483668.2,22.84,-1,-9999,-9999,-9999,-9999,-9999,-9999,-9999,unassigned,N/A,-9999,-9999,N/A,-9999,-9999,-9999,-9999,-9999,-9999,-9999,N/A,-9999,-9999,N/A,-9999
111,269.071908,269.07174211761367,-9999,915376.3,-9999,695977.5,13.62,-1,-9999,-9999,-9999,-9999,-9999,-9999,-9999,unassigned,N/A,-9999,-9999,N/A,-9999,-9999,-9999,-9999,-9999,-9999,-9999,N/A,-9999,-9999,N/A,-9999
112,269.0726,269.0724341181623,-9999,2609264.5,-9999,565878.6,42.47,-1,-9999,-9999,-9999,-9999,-9999,-9999,-9999,unassigned,N/A,-9999,-9999,N/A,-9999,-9999,-9999,-9999,-9999,-9999,-9999,N/A,-9999,-9999,N/A,-9999
113,269.108962,269.1087961469867,-9999,1859060.9,-9999,500710.1,29.69,-1,-9999,-9999,-9999,-9999,-9999,-9999,-9999,unassigned,N/A,-9999,-9999,N/A,-9999,-9999,-9999,-9999,-9999,-9999,-9999,N/A,-9999,-9999,N/A,-9999
114,269.136394,269.13622816873226,-9999,2881400.3,-9999,695877.2,47.1,-1,-9999,-9999,-9999,-9999,-9999,-9999,-9999,unassigned,N/A,-9999,-9999,N/A,-9999,-9999,-9999,-9999,-9999,-9999,-9999,N/A,-9999,-9999,N/A,-9999
115,269.137084,269.1369181692793,-9999,8225656,-9999,462175,138.14,-1,-9999,-9999,-9999,-9999,-9999,-9999,-9999,unassigned,N/A,-9999,-9999,N/A,-9999,-9999,-9999,-9999,-9999,-9999,-9999,N/A,-9999,-9999,N/A,-9999
116,269.144799,269.144633175395,-9999,1170297.1,-9999,720657.8,17.96,-1,-9999,-9999,-9999,-9999,-9999,-9999,-9999,unassigned,N/A,-9999,-9999,N/A,-9999,-9999,-9999,-9999,-9999,-9999,-9999,N/A,-9999,-9999,N/A,-9999
117,269.145364,269.14519817584284,-9999,2954745.3,-9999,480200.7,48.35,-1,-9999,-9999,-9999,-9999,-9999,-9999,-9999,unassigned,N/A,-9999,-9999,N/A,-9999,-9999,-9999,-9999,-9999,-9999,-9999,N/A,-9999,-9999,N/A,-9999
118,270.140497,270.1403319646933,-9999,1389937.6,-9999,612577.8,21.7,-1,-9999,-9999,-9999,-9999,-9999,-9999,-9999,unassigned,N/A,-9999,-9999,N/A,-9999,-9999,-9999,-9999,-9999,-9999,-9999,N/A,-9999,-9999,N/A,-9999
119,270.803633,270.8034684903669,-9999,922304.9,-9999,837077.1,13.73,-1,-9999,-9999,-9999,-9999,-9999,-9999,-9999,unassigned,N/A,-9999,-9999,N/A,-9999,-9999,-9999,-9999,-9999,-9999,-9999,N/A,-9999,-9999,N/A,-9999
120,270.803982,270.8038174906436,-9999,1719489,-9999,596813.9,27.31,-1,-9999,-9999,-9999,-9999,-9999,-9999,-9999,unassigned,N/A,-9999,-9999,N/A,-9999,-9999,-9999,-9999,-9999,-9999,-9999,N/A,-9999,-9999,N/A,-9999
121,271.051922,271.0517576871877,-9999,981982.5,-9999,533674.6,14.75,-1,-9999,-9999,-9999,-9999,-9999,-9999,-9999,unassigned,N/A,-9999,-9999,N/A,-9999,-9999,-9999,-9999,-9999,-9999,-9999,N/A,-9999,-9999,N/A,-9999
122,271.08827,271.0881057160011,-9999,1949154.8,-9999,547680.2,31.22,-1,-9999,-9999,-9999,-9999,-9999,-9999,-9999,unassigned,N/A,-9999,-9999,N/A,-9999,-9999,-9999,-9999,-9999,-9999,-9999,N/A,-9999,-9999,N/A,-9999
123,271.124639,271.1244747448311,-9999,1042311.1,-9999,544897.2,15.77,-1,-9999,-9999,-9999,-9999,-9999,-9999,-9999,unassigned,N/A,-9999,-9999,N/A,-9999,-9999,-9999,-9999,-9999,-9999,-9999,N/A,-9999,-9999,N/A,-9999
124,272.94636,272.946197188925,-9999,841148.6,-9999,808891.8,12.34,-1,-9999,-9999,-9999,-9999,-9999,-9999,-9999,unassigned,N/A,-9999,-9999,N/A,-9999,-9999,-9999,-9999,-9999,-9999,-9999,N/A,-9999,-9999,N/A,-9999
125,273.06759,273.067427285025,-9999,994378.6,-9999,659435.5,14.84,-1,-9999,-9999,-9999,-9999,-9999,-9999,-9999,unassigned,N/A,-9999,-9999,N/A,-9999,-9999,-9999,-9999,-9999,-9999,-9999,N/A,-9999,-9999,N/A,-9999
126,273.103924,273.1037613138273,-9999,885646.8,-9999,481210.4,13,-1,-9999,-9999,-9999,-9999,-9999,-9999,-9999,unassigned,N/A,-9999,-9999,N/A,-9999,-9999,-9999,-9999,-9999,-9999,-9999,N/A,-9999,-9999,N/A,-9999
127,275.062196,275.06203486616624,-9999,1186158.8,-9999,444870.2,18.07,-1,-9999,-9999,-9999,-9999,-9999,-9999,-9999,unassigned,N/A,-9999,-9999,N/A,-9999,-9999,-9999,-9999,-9999,-9999,-9999,N/A,-9999,-9999,N/A,-9999
128,276.856475,276.8563152885066,-9999,1128183.8,-9999,547334.5,17.09,-1,-9999,-9999,-9999,-9999,-9999,-9999,-9999,unassigned,N/A,-9999,-9999,N/A,-9999,-9999,-9999,-9999,-9999,-9999,-9999,N/A,-9999,-9999,N/A,-9999
129,277.041409,277.04124943510533,-9999,1139852.4,-9999,617553,17.29,-1,-9999,-9999,-9999,-9999,-9999,-9999,-9999,unassigned,N/A,-9999,-9999,N/A,-9999,-9999,-9999,-9999,-9999,-9999,-9999,N/A,-9999,-9999,N/A,-9999
130,277.077038,277.0768784633488,-9999,1127440.3,-9999,794116.3,17.08,-1,-9999,-9999,-9999,-9999,-9999,-9999,-9999,unassigned,N/A,-9999,-9999,N/A,-9999,-9999,-9999,-9999,-9999,-9999,-9999,N/A,-9999,-9999,N/A,-9999
131,277.077351,277.07719146359693,-9999,1275152.3,-9999,701439.4,19.57,-1,-9999,-9999,-9999,-9999,-9999,-9999,-9999,unassigned,N/A,-9999,-9999,N/A,-9999,-9999,-9999,-9999,-9999,-9999,-9999,N/A,-9999,-9999,N/A,-9999
132,277.077764,277.0776044639243,-9999,3932944.3,-9999,492034.1,64.5,-1,-9999,-9999,-9999,-9999,-9999,-9999,-9999,unassigned,N/A,-9999,-9999,N/A,-9999,-9999,-9999,-9999,-9999,-9999,-9999,N/A,-9999,-9999,N/A,-9999
133,277.114014,277.11385449266,-9999,1245652.4,-9999,413377.3,19.08,-1,-9999,-9999,-9999,-9999,-9999,-9999,-9999,unassigned,N/A,-9999,-9999,N/A,-9999,-9999,-9999,-9999,-9999,-9999,-9999,N/A,-9999,-9999,N/A,-9999
134,277.150124,277.1499645212847,-9999,866648.4,-9999,786436.6,12.67,-1,-9999,-9999,-9999,-9999,-9999,-9999,-9999,unassigned,N/A,-9999,-9999,N/A,-9999,-9999,-9999,-9999,-9999,-9999,-9999,N/A,-9999,-9999,N/A,-9999
135,277.150604,277.1504445216652,-9999,1770776.4,-9999,477113.5,27.95,-1,-9999,-9999,-9999,-9999,-9999,-9999,-9999,unassigned,N/A,-9999,-9999,N/A,-9999,-9999,-9999,-9999,-9999,-9999,-9999,N/A,-9999,-9999,N/A,-9999
136,278.854527,278.85436887237955,-9999,2154835.8,-9999,470928.9,34.16,-1,-9999,-9999,-9999,-9999,-9999,-9999,-9999,unassigned,N/A,-9999,-9999,N/A,-9999,-9999,-9999,-9999,-9999,-9999,-9999,N/A,-9999,-9999,N/A,-9999
137,279.057026,279.05686803290223,-9999,1709417.9,-9999,480706.7,26.7,-1,-9999,-9999,-9999,-9999,-9999,-9999,-9999,unassigned,N/A,-9999,-9999,N/A,-9999,-9999,-9999,-9999,-9999,-9999,-9999,N/A,-9999,-9999,N/A,-9999
138,279.093501,279.09334306181626,-9999,2104557.8,-9999,501296.9,33.32,-1,-9999,-9999,-9999,-9999,-9999,-9999,-9999,unassigned,N/A,-9999,-9999,N/A,-9999,-9999,-9999,-9999,-9999,-9999,-9999,N/A,-9999,-9999,N/A,-9999
139,279.129868,279.12971009064466,-9999,1497969.8,-9999,555895.4,23.15,-1,-9999,-9999,-9999,-9999,-9999,-9999,-9999,unassigned,N/A,-9999,-9999,N/A,-9999,-9999,-9999,-9999,-9999,-9999,-9999,N/A,-9999,-9999,N/A,-9999
140,279.169645,279.1694871221763,-9999,1513590.1,-9999,568099,23.41,-1,-9999,-9999,-9999,-9999,-9999,-9999,-9999,unassigned,N/A,-9999,-9999,N/A,-9999,-9999,-9999,-9999,-9999,-9999,-9999,N/A,-9999,-9999,N/A,-9999
141,280.852633,280.8524764562953,-9999,877996.3,-9999,520154.5,12.75,-1,-9999,-9999,-9999,-9999,-9999,-9999,-9999,unassigned,N/A,-9999,-9999,N/A,-9999,-9999,-9999,-9999,-9999,-9999,-9999,N/A,-9999,-9999,N/A,-9999
143,281.036409,281.03625260197606,-9999,1492672.1,-9999,578467.7,23.06,-1,-9999,-9999,-9999,-9999,-9999,-9999,-9999,unassigned,N/A,-9999,-9999,N/A,-9999,-9999,-9999,-9999,-9999,-9999,-9999,N/A,-9999,-9999,N/A,-9999
144,281.07279,281.07263363081563,-9999,2603204,-9999,520029.8,41.68,-1,-9999,-9999,-9999,-9999,-9999,-9999,-9999,unassigned,N/A,-9999,-9999,N/A,-9999,-9999,-9999,-9999,-9999,-9999,-9999,N/A,-9999,-9999,N/A,-9999
145,281.108388,281.10823165903446,-9999,900167.8,-9999,791365.1,13.12,-1,-9999,-9999,-9999,-9999,-9999,-9999,-9999,unassigned,N/A,-9999,-9999,N/A,-9999,-9999,-9999,-9999,-9999,-9999,-9999,N/A,-9999,-9999,N/A,-9999
146,281.108691,281.10853465927465,-9999,1064311.9,-9999,1018570,15.88,-1,-9999,-9999,-9999,-9999,-9999,-9999,-9999,unassigned,N/A,-9999,-9999,N/A,-9999,-9999,-9999,-9999,-9999,-9999,-9999,N/A,-9999,-9999,N/A,-9999
147,281.109198,281.1090416596765,-9999,2566984,-9999,425335.1,41.07,-1,-9999,-9999,-9999,-9999,-9999,-9999,-9999,unassigned,N/A,-9999,-9999,N/A,-9999,-9999,-9999,-9999,-9999,-9999,-9999,N/A,-9999,-9999,N/A,-9999
148,281.12226,281.12210367003087,-9999,1388233.4,-9999,578957.6,21.31,-1,-9999,-9999,-9999,-9999,-9999,-9999,-9999,unassigned,N/A,-9999,-9999,N/A,-9999,-9999,-9999,-9999,-9999,-9999,-9999,N/A,-9999,-9999,N/A,-9999
149,281.145613,281.14545668854305,-9999,1321803.9,-9999,630092.6,20.19,-1,-9999,-9999,-9999,-9999,-9999,-9999,-9999,unassigned,N/A,-9999,-9999,N/A,-9999,-9999,-9999,-9999,-9999,-9999,-9999,N/A,-9999,-9999,N/A,-9999
150,283.052105,283.0519501998355,-9999,1747927.6,-9999,463971,27.11,-1,-9999,-9999,-9999,-9999,-9999,-9999,-9999,unassigned,N/A,-9999,-9999,N/A,-9999,-9999,-9999,-9999,-9999,-9999,-9999,N/A,-9999,-9999,N/A,-9999
151,283.067088,283.0669332117127,-9999,1207065.3,-9999,697304.6,18.12,-1,-9999,-9999,-9999,-9999,-9999,-9999,-9999,unassigned,N/A,-9999,-9999,N/A,-9999,-9999,-9999,-9999,-9999,-9999,-9999,N/A,-9999,-9999,N/A,-9999
154,283.088495,283.0883402286822,-9999,2881435.5,-9999,441656.9,45.96,-1,-9999,-9999,-9999,-9999,-9999,-9999,-9999,unassigned,N/A,-9999,-9999,N/A,-9999,-9999,-9999,-9999,-9999,-9999,-9999,N/A,-9999,-9999,N/A,-9999
155,283.124866,283.1247112575138,-9999,2210463.3,-9999,432948,34.8,-1,-9999,-9999,-9999,-9999,-9999,-9999,-9999,unassigned,N/A,-9999,-9999,N/A,-9999,-9999,-9999,-9999,-9999,-9999,-9999,N/A,-9999,-9999,N/A,-9999
156,285.067758,285.067604797661,-9999,1782893.1,-9999,428786.4,27.69,-1,-9999,-9999,-9999,-9999,-9999,-9999,-9999,unassigned,N/A,-9999,-9999,N/A,-9999,-9999,-9999,-9999,-9999,-9999,-9999,N/A,-9999,-9999,N/A,-9999
158,285.104145,285.10399182650525,-9999,2580209,-9999,485775,40.95,-1,-9999,-9999,-9999,-9999,-9999,-9999,-9999,unassigned,N/A,-9999,-9999,N/A,-9999,-9999,-9999,-9999,-9999,-9999,-9999,N/A,-9999,-9999,N/A,-9999
159,285.122835,285.12268184132097,-9999,845299,-9999,852830.3,12.1,-1,-9999,-9999,-9999,-9999,-9999,-9999,-9999,unassigned,N/A,-9999,-9999,N/A,-9999,-9999,-9999,-9999,-9999,-9999,-9999,N/A,-9999,-9999,N/A,-9999
160,285.130018,285.12986484701497,-9999,1130355.8,-9999,629757.3,16.84,-1,-9999,-9999,-9999,-9999,-9999,-9999,-9999,unassigned,N/A,-9999,-9999,N/A,-9999,-9999,-9999,-9999,-9999,-9999,-9999,N/A,-9999,-9999,N/A,-9999
161,285.132304,285.1321508488271,-9999,13270132,-9999,445321,218.72,-1,-9999,-9999,-9999,-9999,-9999,-9999,-9999,unassigned,N/A,-9999,-9999,N/A,-9999,-9999,-9999,-9999,-9999,-9999,-9999,N/A,-9999,-9999,N/A,-9999
162,285.140563,285.14040985537406,-9999,1522164.9,-9999,490506,23.35,-1,-9999,-9999,-9999,-9999,-9999,-9999,-9999,unassigned,N/A,-9999,-9999,N/A,-9999,-9999,-9999,-9999,-9999,-9999,-9999,N/A,-9999,-9999,N/A,-9999
163,286.135688,286.13553564421824,-9999,2750429.8,-9999,430708,43.78,-1,-9999,-9999,-9999,-9999,-9999,-9999,-9999,unassigned,N/A,-9999,-9999,N/A,-9999,-9999,-9999,-9999,-9999,-9999,-9999,N/A,-9999,-9999,N/A,-9999
164,287.083452,287.08330039551885,-9999,1337153.5,-9999,408861.7,20.1,-1,-9999,-9999,-9999,-9999,-9999,-9999,-9999,unassigned,N/A,-9999,-9999,N/A,-9999,-9999,-9999,-9999,-9999,-9999,-9999,N/A,-9999,-9999,N/A,-9999
165,287.09865,287.09849840756647,-9999,899523.2,-9999,787673,12.89,-1,-9999,-9999,-9999,-9999,-9999,-9999,-9999,unassigned,N/A,-9999,-9999,N/A,-9999,-9999,-9999,-9999,-9999,-9999,-9999,N/A,-9999,-9999,N/A,-9999
166,287.119622,287.1194704241911,-9999,916613.4,-9999,677846.4,13.17,-1,-9999,-9999,-9999,-9999,-9999,-9999,-9999,unassigned,N/A,-9999,-9999,N/A,-9999,-9999,-9999,-9999,-9999,-9999,-9999,N/A,-9999,-9999,N/A,-9999
167,287.119974,287.11982242447016,-9999,979141.4,-9999,510289.8,14.2,-1,-9999,-9999,-9999,-9999,-9999,-9999,-9999,unassigned,N/A,-9999,-9999,N/A,-9999,-9999,-9999,-9999,-9999,-9999,-9999,N/A,-9999,-9999,N/A,-9999
168,287.156147,287.1559954531448,-9999,1014665.2,-9999,540534.2,14.79,-1,-9999,-9999,-9999,-9999,-9999,-9999,-9999,unassigned,N/A,-9999,-9999,N/A,-9999,-9999,-9999,-9999,-9999,-9999,-9999,N/A,-9999,-9999,N/A,-9999
171,289.127417,289.12726701578737,-9999,4384792.5,-9999,442510.4,70.36,-1,-9999,-9999,-9999,-9999,-9999,-9999,-9999,unassigned,N/A,-9999,-9999,N/A,-9999,-9999,-9999,-9999,-9999,-9999,-9999,N/A,-9999,-9999,N/A,-9999
172,290.130796,290.13064681117453,-9999,882242.1,-9999,565125,12.6,-1,-9999,-9999,-9999,-9999,-9999,-9999,-9999,unassigned,N/A,-9999,-9999,N/A,-9999,-9999,-9999,-9999,-9999,-9999,-9999,N/A,-9999,-9999,N/A,-9999
173,291.057221,291.0570725455596,-9999,1866723.8,-9999,553662.3,28.58,-1,-9999,-9999,-9999,-9999,-9999,-9999,-9999,unassigned,N/A,-9999,-9999,N/A,-9999,-9999,-9999,-9999,-9999,-9999,-9999,N/A,-9999,-9999,N/A,-9999
175,291.124479,291.1243305988756,-9999,1696106.9,-9999,512460.2,25.79,-1,-9999,-9999,-9999,-9999,-9999,-9999,-9999,unassigned,N/A,-9999,-9999,N/A,-9999,-9999,-9999,-9999,-9999,-9999,-9999,N/A,-9999,-9999,N/A,-9999
177,291.215948,291.2157996713838,-9999,1296628.5,-9999,505719.8,19.26,-1,-9999,-9999,-9999,-9999,-9999,-9999,-9999,unassigned,N/A,-9999,-9999,N/A,-9999,-9999,-9999,-9999,-9999,-9999,-9999,N/A,-9999,-9999,N/A,-9999
178,292.888204,292.88805699699543,-9999,916645.4,-9999,752566,13.05,-1,-9999,-9999,-9999,-9999,-9999,-9999,-9999,unassigned,N/A,-9999,-9999,N/A,-9999,-9999,-9999,-9999,-9999,-9999,-9999,N/A,-9999,-9999,N/A,-9999
182,293.108839,293.1086921718947,-9999,1218876.9,-9999,480080,17.99,-1,-9999,-9999,-9999,-9999,-9999,-9999,-9999,unassigned,N/A,-9999,-9999,N/A,-9999,-9999,-9999,-9999,-9999,-9999,-9999,N/A,-9999,-9999,N/A,-9999
184,293.145633,293.1454862010616,-9999,1269440.8,-9999,607931.5,18.81,-1,-9999,-9999,-9999,-9999,-9999,-9999,-9999,unassigned,N/A,-9999,-9999,N/A,-9999,-9999,-9999,-9999,-9999,-9999,-9999,N/A,-9999,-9999,N/A,-9999
187,293.184783,293.1846362320962,-9999,5174341,-9999,370840.1,82.66,-1,-9999,-9999,-9999,-9999,-9999,-9999,-9999,unassigned,N/A,-9999,-9999,N/A,-9999,-9999,-9999,-9999,-9999,-9999,-9999,N/A,-9999,-9999,N/A,-9999
188,293.185464,293.18531723263607,-9999,12354501,-9999,413228.1,200.05,-1,-9999,-9999,-9999,-9999,-9999,-9999,-9999,unassigned,N/A,-9999,-9999,N/A,-9999,-9999,-9999,-9999,-9999,-9999,-9999,N/A,-9999,-9999,N/A,-9999
190,294.188076,294.1879300274152,-9999,956335.8,-9999,600836.9,13.69,-1,-9999,-9999,-9999,-9999,-9999,-9999,-9999,unassigned,N/A,-9999,-9999,N/A,-9999,-9999,-9999,-9999,-9999,-9999,-9999,N/A,-9999,-9999,N/A,-9999
191,294.188524,294.1883780277702,-9999,1254575.9,-9999,501143.5,18.57,-1,-9999,-9999,-9999,-9999,-9999,-9999,-9999,unassigned,N/A,-9999,-9999,N/A,-9999,-9999,-9999,-9999,-9999,-9999,-9999,N/A,-9999,-9999,N/A,-9999
192,294.188857,294.1887110280342,-9999,1816623.9,-9999,554933.5,27.76,-1,-9999,-9999,-9999,-9999,-9999,-9999,-9999,unassigned,N/A,-9999,-9999,N/A,-9999,-9999,-9999,-9999,-9999,-9999,-9999,N/A,-9999,-9999,N/A,-9999
193,294.849808,294.84966255197577,-9999,1220214.5,-9999,556542.1,18.01,-1,-9999,-9999,-9999,-9999,-9999,-9999,-9999,unassigned,N/A,-9999,-9999,N/A,-9999,-9999,-9999,-9999,-9999,-9999,-9999,N/A,-9999,-9999,N/A,-9999
194,294.886102,294.8859565807463,-9999,1419514.4,-9999,523365.1,21.26,-1,-9999,-9999,-9999,-9999,-9999,-9999,-9999,unassigned,N/A,-9999,-9999,N/A,-9999,-9999,-9999,-9999,-9999,-9999,-9999,N/A,-9999,-9999,N/A,-9999
195,294.944006,294.94386062664734,-9999,1954112.6,-9999,383300.3,30,-1,-9999,-9999,-9999,-9999,-9999,-9999,-9999,unassigned,N/A,-9999,-9999,N/A,-9999,-9999,-9999,-9999,-9999,-9999,-9999,N/A,-9999,-9999,N/A,-9999
201,295.138097,295.1379517805049,-9999,3396757.5,-9999,415992.9,53.59,-1,-9999,-9999,-9999,-9999,-9999,-9999,-9999,unassigned,N/A,-9999,-9999,N/A,-9999,-9999,-9999,-9999,-9999,-9999,-9999,N/A,-9999,-9999,N/A,-9999
203,295.188761,295.1886158206667,-9999,1059226.9,-9999,501911.5,15.37,-1,-9999,-9999,-9999,-9999,-9999,-9999,-9999,unassigned,N/A,-9999,-9999,N/A,-9999,-9999,-9999,-9999,-9999,-9999,-9999,N/A,-9999,-9999,N/A,-9999
204,296.865447,296.86530314979007,-9999,1827407.9,-9999,646165.6,27.68,-1,-9999,-9999,-9999,-9999,-9999,-9999,-9999,unassigned,N/A,-9999,-9999,N/A,-9999,-9999,-9999,-9999,-9999,-9999,-9999,N/A,-9999,-9999,N/A,-9999
205,296.942165,296.94202121060505,-9999,1977176.1,-9999,507883.3,30.11,-1,-9999,-9999,-9999,-9999,-9999,-9999,-9999,unassigned,N/A,-9999,-9999,N/A,-9999,-9999,-9999,-9999,-9999,-9999,-9999,N/A,-9999,-9999,N/A,-9999
210,297.139945,297.13980136738695,-9999,989293.7,-9999,653957.7,14.1,-1,-9999,-9999,-9999,-9999,-9999,-9999,-9999,unassigned,N/A,-9999,-9999,N/A,-9999,-9999,-9999,-9999,-9999,-9999,-9999,N/A,-9999,-9999,N/A,-9999
213,297.159303,297.15915938273224,-9999,13751664,-9999,470172.4,220.93,-1,-9999,-9999,-9999,-9999,-9999,-9999,-9999,unassigned,N/A,-9999,-9999,N/A,-9999,-9999,-9999,-9999,-9999,-9999,-9999,N/A,-9999,-9999,N/A,-9999
215,298.162737,298.1625941781629,-9999,2204637.3,-9999,432469.7,33.8,-1,-9999,-9999,-9999,-9999,-9999,-9999,-9999,unassigned,N/A,-9999,-9999,N/A,-9999,-9999,-9999,-9999,-9999,-9999,-9999,N/A,-9999,-9999,N/A,-9999
216,298.816947,298.81680469676087,-9999,872101.3,-9999,587297.2,12.2,-1,-9999,-9999,-9999,-9999,-9999,-9999,-9999,unassigned,N/A,-9999,-9999,N/A,-9999,-9999,-9999,-9999,-9999,-9999,-9999,N/A,-9999,-9999,N/A,-9999
217,298.817858,298.817715697483,-9999,2844325.5,-9999,447085.3,44.16,-1,-9999,-9999,-9999,-9999,-9999,-9999,-9999,unassigned,N/A,-9999,-9999,N/A,-9999,-9999,-9999,-9999,-9999,-9999,-9999,N/A,-9999,-9999,N/A,-9999
218,298.86338,298.86323773356867,-9999,908714.4,-9999,469944.2,12.79,-1,-9999,-9999,-9999,-9999,-9999,-9999,-9999,unassigned,N/A,-9999,-9999,N/A,-9999,-9999,-9999,-9999,-9999,-9999,-9999,N/A,-9999,-9999,N/A,-9999
222,299.083121,299.08297890775924,-9999,1409602.6,-9999,607984.9,20.91,-1,-9999,-9999,-9999,-9999,-9999,-9999,-9999,unassigned,N/A,-9999,-9999,N/A,-9999,-9999,-9999,-9999,-9999,-9999,-9999,N/A,-9999,-9999,N/A,-9999
226,299.14815,299.14800795930825,-9999,1006281.9,-9999,553938.6,14.37,-1,-9999,-9999,-9999,-9999,-9999,-9999,-9999,unassigned,N/A,-9999,-9999,N/A,-9999,-9999,-9999,-9999,-9999,-9999,-9999,N/A,-9999,-9999,N/A,-9999
227,299.156356,299.15621396581327,-9999,1258570.8,-9999,641743.7,18.46,-1,-9999,-9999,-9999,-9999,-9999,-9999,-9999,unassigned,N/A,-9999,-9999,N/A,-9999,-9999,-9999,-9999,-9999,-9999,-9999,N/A,-9999,-9999,N/A,-9999
228,299.265508,299.26536605233895,-9999,1089750.9,-9999,596150,15.73,-1,-9999,-9999,-9999,-9999,-9999,-9999,-9999,unassigned,N/A,-9999,-9999,N/A,-9999,-9999,-9999,-9999,-9999,-9999,-9999,N/A,-9999,-9999,N/A,-9999
229,300.815912,300.8157712813575,-9999,5302531.5,-9999,437519.8,83.99,-1,-9999,-9999,-9999,-9999,-9999,-9999,-9999,unassigned,N/A,-9999,-9999,N/A,-9999,-9999,-9999,-9999,-9999,-9999,-9999,N/A,-9999,-9999,N/A,-9999
232,301.099325,301.0991845060214,-9999,2036707.6,-9999,425397.2,30.79,-1,-9999,-9999,-9999,-9999,-9999,-9999,-9999,unassigned,N/A,-9999,-9999,N/A,-9999,-9999,-9999,-9999,-9999,-9999,-9999,N/A,-9999,-9999,N/A,-9999
233,301.127341,301.12720052822993,-9999,1201062.8,-9999,404421.1,17.37,-1,-9999,-9999,-9999,-9999,-9999,-9999,-9999,unassigned,N/A,-9999,-9999,N/A,-9999,-9999,-9999,-9999,-9999,-9999,-9999,N/A,-9999,-9999,N/A,-9999
234,301.135639,301.1354985348078,-9999,1738279.8,-9999,379278.6,26,-1,-9999,-9999,-9999,-9999,-9999,-9999,-9999,unassigned,N/A,-9999,-9999,N/A,-9999,-9999,-9999,-9999,-9999,-9999,-9999,N/A,-9999,-9999,N/A,-9999
235,302.812799,302.8126598643069,-9999,1415654.6,-9999,567506.9,20.81,-1,-9999,-9999,-9999,-9999,-9999,-9999,-9999,unassigned,N/A,-9999,-9999,N/A,-9999,-9999,-9999,-9999,-9999,-9999,-9999,N/A,-9999,-9999,N/A,-9999
236,302.813827,302.81368786512184,-9999,2659558.8,-9999,470847.4,40.79,-1,-9999,-9999,-9999,-9999,-9999,-9999,-9999,unassigned,N/A,-9999,-9999,N/A,-9999,-9999,-9999,-9999,-9999,-9999,-9999,N/A,-9999,-9999,N/A,-9999
239,303.115027,303.1148881038856,-9999,989833.3,-9999,701163.7,13.97,-1,-9999,-9999,-9999,-9999,-9999,-9999,-9999,unassigned,N/A,-9999,-9999,N/A,-9999,-9999,-9999,-9999,-9999,-9999,-9999,N/A,-9999,-9999,N/A,-9999
241,304.887482,304.8873445089259,-9999,1168855.9,-9999,799703.4,16.84,-1,-9999,-9999,-9999,-9999,-9999,-9999,-9999,unassigned,N/A,-9999,-9999,N/A,-9999,-9999,-9999,-9999,-9999,-9999,-9999,N/A,-9999,-9999,N/A,-9999
242,304.888267,304.88812950954815,-9999,3137240,-9999,374459.7,48.46,-1,-9999,-9999,-9999,-9999,-9999,-9999,-9999,unassigned,N/A,-9999,-9999,N/A,-9999,-9999,-9999,-9999,-9999,-9999,-9999,N/A,-9999,-9999,N/A,-9999
245,305.072495,305.07235765558727,-9999,904621.7,-9999,545626.3,12.6,-1,-9999,-9999,-9999,-9999,-9999,-9999,-9999,unassigned,N/A,-9999,-9999,N/A,-9999,-9999,-9999,-9999,-9999,-9999,-9999,N/A,-9999,-9999,N/A,-9999
249,306.849955,306.84981906459507,-9999,913218.2,-9999,586024.9,12.62,-1,-9999,-9999,-9999,-9999,-9999,-9999,-9999,unassigned,N/A,-9999,-9999,N/A,-9999,-9999,-9999,-9999,-9999,-9999,-9999,N/A,-9999,-9999,N/A,-9999
250,306.885426,306.8852900927132,-9999,2261446.5,-9999,533840.4,34.07,-1,-9999,-9999,-9999,-9999,-9999,-9999,-9999,unassigned,N/A,-9999,-9999,N/A,-9999,-9999,-9999,-9999,-9999,-9999,-9999,N/A,-9999,-9999,N/A,-9999
251,306.886206,306.88607009333157,-9999,6497734.5,-9999,426864.7,101.47,-1,-9999,-9999,-9999,-9999,-9999,-9999,-9999,unassigned,N/A,-9999,-9999,N/A,-9999,-9999,-9999,-9999,-9999,-9999,-9999,N/A,-9999,-9999,N/A,-9999
256,307.200386,307.20025034238466,-9999,930284.7,-9999,738564.3,12.89,-1,-9999,-9999,-9999,-9999,-9999,-9999,-9999,unassigned,N/A,-9999,-9999,N/A,-9999,-9999,-9999,-9999,-9999,-9999,-9999,N/A,-9999,-9999,N/A,-9999
257,307.201311,307.20117534311794,-9999,2914284.8,-9999,508602.3,44.46,-1,-9999,-9999,-9999,-9999,-9999,-9999,-9999,unassigned,N/A,-9999,-9999,N/A,-9999,-9999,-9999,-9999,-9999,-9999,-9999,N/A,-9999,-9999,N/A,-9999
258,308.865509,308.86537466234194,-9999,1023289.6,-9999,584017.2,14.36,-1,-9999,-9999,-9999,-9999,-9999,-9999,-9999,unassigned,N/A,-9999,-9999,N/A,-9999,-9999,-9999,-9999,-9999,-9999,-9999,N/A,-9999,-9999,N/A,-9999
259,308.884226,308.88409167717913,-9999,3527356,-9999,422827.4,54.21,-1,-9999,-9999,-9999,-9999,-9999,-9999,-9999,unassigned,N/A,-9999,-9999,N/A,-9999,-9999,-9999,-9999,-9999,-9999,-9999,N/A,-9999,-9999,N/A,-9999
264,309.176191,309.1760569086223,-9999,1170144.4,-9999,655891.2,16.7,-1,-9999,-9999,-9999,-9999,-9999,-9999,-9999,unassigned,N/A,-9999,-9999,N/A,-9999,-9999,-9999,-9999,-9999,-9999,-9999,N/A,-9999,-9999,N/A,-9999
265,309.176667,309.1765329089996,-9999,2532576.5,-9999,693456.1,38.38,-1,-9999,-9999,-9999,-9999,-9999,-9999,-9999,unassigned,N/A,-9999,-9999,N/A,-9999,-9999,-9999,-9999,-9999,-9999,-9999,N/A,-9999,-9999,N/A,-9999
267,309.180584,309.1804499121046,-9999,7258849,-9999,386251.4,113.58,-1,-9999,-9999,-9999,-9999,-9999,-9999,-9999,unassigned,N/A,-9999,-9999,N/A,-9999,-9999,-9999,-9999,-9999,-9999,-9999,N/A,-9999,-9999,N/A,-9999
270,310.184076,310.1839427075813,-9999,985183.6,-9999,347384.8,13.76,-1,-9999,-9999,-9999,-9999,-9999,-9999,-9999,unassigned,N/A,-9999,-9999,N/A,-9999,-9999,-9999,-9999,-9999,-9999,-9999,N/A,-9999,-9999,N/A,-9999
271,310.844877,310.8447442314039,-9999,1327412.1,-9999,466901.8,19.2,-1,-9999,-9999,-9999,-9999,-9999,-9999,-9999,unassigned,N/A,-9999,-9999,N/A,-9999,-9999,-9999,-9999,-9999,-9999,-9999,N/A,-9999,-9999,N/A,-9999
272,310.881244,310.88111126023233,-9999,1002296.8,-9999,454456.7,14.03,-1,-9999,-9999,-9999,-9999,-9999,-9999,-9999,unassigned,N/A,-9999,-9999,N/A,-9999,-9999,-9999,-9999,-9999,-9999,-9999,N/A,-9999,-9999,N/A,-9999
282,311.17518,311.17504749323797,-9999,51197920,-9999,492787.7,812.7,-1,-9999,-9999,-9999,-9999,-9999,-9999,-9999,unassigned,N/A,-9999,-9999,N/A,-9999,-9999,-9999,-9999,-9999,-9999,-9999,N/A,-9999,-9999,N/A,-9999
283,311.19293,311.1927975073085,-9999,1373409,-9999,510251.8,19.93,-1,-9999,-9999,-9999,-9999,-9999,-9999,-9999,unassigned,N/A,-9999,-9999,N/A,-9999,-9999,-9999,-9999,-9999,-9999,-9999,N/A,-9999,-9999,N/A,-9999
286,312.178506,312.1783742885831,-9999,8022625.5,-9999,407968.4,124.53,-1,-9999,-9999,-9999,-9999,-9999,-9999,-9999,unassigned,N/A,-9999,-9999,N/A,-9999,-9999,-9999,-9999,-9999,-9999,-9999,N/A,-9999,-9999,N/A,-9999
293,313.170975,313.1708440753217,-9999,1890532.9,-9999,467313,27.89,-1,-9999,-9999,-9999,-9999,-9999,-9999,-9999,unassigned,N/A,-9999,-9999,N/A,-9999,-9999,-9999,-9999,-9999,-9999,-9999,N/A,-9999,-9999,N/A,-9999
294,313.245224,313.24509313417957,-9999,1002478.8,-9999,489275.4,13.89,-1,-9999,-9999,-9999,-9999,-9999,-9999,-9999,unassigned,N/A,-9999,-9999,N/A,-9999,-9999,-9999,-9999,-9999,-9999,-9999,N/A,-9999,-9999,N/A,-9999
301,315.151511,315.1513816453096,-9999,1405170.1,-9999,451142.8,20.23,-1,-9999,-9999,-9999,-9999,-9999,-9999,-9999,unassigned,N/A,-9999,-9999,N/A,-9999,-9999,-9999,-9999,-9999,-9999,-9999,N/A,-9999,-9999,N/A,-9999
302,315.187886,315.18775667414434,-9999,1021047.1,-9999,521048.8,14.18,-1,-9999,-9999,-9999,-9999,-9999,-9999,-9999,unassigned,N/A,-9999,-9999,N/A,-9999,-9999,-9999,-9999,-9999,-9999,-9999,N/A,-9999,-9999,N/A,-9999
306,317.086408,317.086280179119,-9999,913410.4,-9999,580885.9,12.48,-1,-9999,-9999,-9999,-9999,-9999,-9999,-9999,unassigned,N/A,-9999,-9999,N/A,-9999,-9999,-9999,-9999,-9999,-9999,-9999,N/A,-9999,-9999,N/A,-9999
307,317.094435,317.094307185482,-9999,1089283.5,-9999,477699.6,15.25,-1,-9999,-9999,-9999,-9999,-9999,-9999,-9999,unassigned,N/A,-9999,-9999,N/A,-9999,-9999,-9999,-9999,-9999,-9999,-9999,N/A,-9999,-9999,N/A,-9999
309,317.122709,317.1225812078951,-9999,1031175.6,-9999,441701.4,14.2,-1,-9999,-9999,-9999,-9999,-9999,-9999,-9999,unassigned,N/A,-9999,-9999,N/A,-9999,-9999,-9999,-9999,-9999,-9999,-9999,N/A,-9999,-9999,N/A,-9999
310,317.130675,317.13054721420986,-9999,1109512.8,-9999,420085.5,15.42,-1,-9999,-9999,-9999,-9999,-9999,-9999,-9999,unassigned,N/A,-9999,-9999,N/A,-9999,-9999,-9999,-9999,-9999,-9999,-9999,N/A,-9999,-9999,N/A,-9999
317,319.101965,319.1018387768683,-9999,1134568.6,-9999,411167.9,15.8,-1,-9999,-9999,-9999,-9999,-9999,-9999,-9999,unassigned,N/A,-9999,-9999,N/A,-9999,-9999,-9999,-9999,-9999,-9999,-9999,N/A,-9999,-9999,N/A,-9999
318,319.124662,319.1245357948604,-9999,1134636,-9999,578380.2,15.81,-1,-9999,-9999,-9999,-9999,-9999,-9999,-9999,unassigned,N/A,-9999,-9999,N/A,-9999,-9999,-9999,-9999,-9999,-9999,-9999,N/A,-9999,-9999,N/A,-9999
320,319.138399,319.1382728057498,-9999,969134,-9999,531996.9,13.22,-1,-9999,-9999,-9999,-9999,-9999,-9999,-9999,unassigned,N/A,-9999,-9999,N/A,-9999,-9999,-9999,-9999,-9999,-9999,-9999,N/A,-9999,-9999,N/A,-9999
322,319.247526,319.2473998922557,-9999,1429310.3,-9999,402285.6,20.4,-1,-9999,-9999,-9999,-9999,-9999,-9999,-9999,unassigned,N/A,-9999,-9999,N/A,-9999,-9999,-9999,-9999,-9999,-9999,-9999,N/A,-9999,-9999,N/A,-9999
325,321.067402,321.0672773348871,-9999,1221714.5,-9999,707406.3,17.16,-1,-9999,-9999,-9999,-9999,-9999,-9999,-9999,unassigned,N/A,-9999,-9999,N/A,-9999,-9999,-9999,-9999,-9999,-9999,-9999,N/A,-9999,-9999,N/A,-9999
329,321.117472,321.117347374578,-9999,1663834.3,-9999,558834.8,24.06,-1,-9999,-9999,-9999,-9999,-9999,-9999,-9999,unassigned,N/A,-9999,-9999,N/A,-9999,-9999,-9999,-9999,-9999,-9999,-9999,N/A,-9999,-9999,N/A,-9999
330,321.140007,321.1398823924417,-9999,1200989.8,-9999,688916.5,16.84,-1,-9999,-9999,-9999,-9999,-9999,-9999,-9999,unassigned,N/A,-9999,-9999,N/A,-9999,-9999,-9999,-9999,-9999,-9999,-9999,N/A,-9999,-9999,N/A,-9999
333,321.216288,321.2161634529103,-9999,982057.6,-9999,475745.6,13.42,-1,-9999,-9999,-9999,-9999,-9999,-9999,-9999,unassigned,N/A,-9999,-9999,N/A,-9999,-9999,-9999,-9999,-9999,-9999,-9999,N/A,-9999,-9999,N/A,-9999
334,321.217199,321.2170744536324,-9999,3117161.8,-9999,337787.1,46.74,-1,-9999,-9999,-9999,-9999,-9999,-9999,-9999,unassigned,N/A,-9999,-9999,N/A,-9999,-9999,-9999,-9999,-9999,-9999,-9999,N/A,-9999,-9999,N/A,-9999
335,322.845032,322.84490874402957,-9999,970154,-9999,416147,13.23,-1,-9999,-9999,-9999,-9999,-9999,-9999,-9999,unassigned,N/A,-9999,-9999,N/A,-9999,-9999,-9999,-9999,-9999,-9999,-9999,N/A,-9999,-9999,N/A,-9999
336,322.917705,322.9175818016381,-9999,942261.6,-9999,389421.6,12.59,-1,-9999,-9999,-9999,-9999,-9999,-9999,-9999,unassigned,N/A,-9999,-9999,N/A,-9999,-9999,-9999,-9999,-9999,-9999,-9999,N/A,-9999,-9999,N/A,-9999
341,323.133256,323.1331329725072,-9999,1035672.2,-9999,497475.4,14.03,-1,-9999,-9999,-9999,-9999,-9999,-9999,-9999,unassigned,N/A,-9999,-9999,N/A,-9999,-9999,-9999,-9999,-9999,-9999,-9999,N/A,-9999,-9999,N/A,-9999
342,323.155726,323.1556029903194,-9999,1061467.9,-9999,535220,14.42,-1,-9999,-9999,-9999,-9999,-9999,-9999,-9999,unassigned,N/A,-9999,-9999,N/A,-9999,-9999,-9999,-9999,-9999,-9999,-9999,N/A,-9999,-9999,N/A,-9999
344,323.169848,323.169725001514,-9999,1519390.1,-9999,452694.1,21.46,-1,-9999,-9999,-9999,-9999,-9999,-9999,-9999,unassigned,N/A,-9999,-9999,N/A,-9999,-9999,-9999,-9999,-9999,-9999,-9999,N/A,-9999,-9999,N/A,-9999
345,323.196417,323.19629402257544,-9999,940066.4,-9999,494327.5,12.56,-1,-9999,-9999,-9999,-9999,-9999,-9999,-9999,unassigned,N/A,-9999,-9999,N/A,-9999,-9999,-9999,-9999,-9999,-9999,-9999,N/A,-9999,-9999,N/A,-9999
348,324.860703,324.86058134186925,-9999,920499,-9999,617886.3,12.25,-1,-9999,-9999,-9999,-9999,-9999,-9999,-9999,unassigned,N/A,-9999,-9999,N/A,-9999,-9999,-9999,-9999,-9999,-9999,-9999,N/A,-9999,-9999,N/A,-9999
355,325.187878,325.18775660122367,-9999,5851113.5,-9999,558958.8,87.99,-1,-9999,-9999,-9999,-9999,-9999,-9999,-9999,unassigned,N/A,-9999,-9999,N/A,-9999,-9999,-9999,-9999,-9999,-9999,-9999,N/A,-9999,-9999,N/A,-9999
357,325.190904,325.1907826036224,-9999,74047464,-9999,492640.8,1135.55,-1,-9999,-9999,-9999,-9999,-9999,-9999,-9999,unassigned,N/A,-9999,-9999,N/A,-9999,-9999,-9999,-9999,-9999,-9999,-9999,N/A,-9999,-9999,N/A,-9999
359,326.191326,326.19120539666545,-9999,974995.6,-9999,522219.3,13.09,-1,-9999,-9999,-9999,-9999,-9999,-9999,-9999,unassigned,N/A,-9999,-9999,N/A,-9999,-9999,-9999,-9999,-9999,-9999,-9999,N/A,-9999,-9999,N/A,-9999
361,326.194369,326.1942483990777,-9999,10313364,-9999,357673.5,156.53,-1,-9999,-9999,-9999,-9999,-9999,-9999,-9999,unassigned,N/A,-9999,-9999,N/A,-9999,-9999,-9999,-9999,-9999,-9999,-9999,N/A,-9999,-9999,N/A,-9999
366,327.114496,327.1143761284702,-9999,2722611,-9999,475451.6,39.93,-1,-9999,-9999,-9999,-9999,-9999,-9999,-9999,unassigned,N/A,-9999,-9999,N/A,-9999,-9999,-9999,-9999,-9999,-9999,-9999,N/A,-9999,-9999,N/A,-9999
369,327.170107,327.16998717255353,-9999,956092.8,-9999,491203.2,12.79,-1,-9999,-9999,-9999,-9999,-9999,-9999,-9999,unassigned,N/A,-9999,-9999,N/A,-9999,-9999,-9999,-9999,-9999,-9999,-9999,N/A,-9999,-9999,N/A,-9999
371,327.186671,327.186551185684,-9999,2256959.8,-9999,477355.9,32.78,-1,-9999,-9999,-9999,-9999,-9999,-9999,-9999,unassigned,N/A,-9999,-9999,N/A,-9999,-9999,-9999,-9999,-9999,-9999,-9999,N/A,-9999,-9999,N/A,-9999
372,327.197716,327.1975961944395,-9999,1143233.6,-9999,453449.6,15.67,-1,-9999,-9999,-9999,-9999,-9999,-9999,-9999,unassigned,N/A,-9999,-9999,N/A,-9999,-9999,-9999,-9999,-9999,-9999,-9999,N/A,-9999,-9999,N/A,-9999
373,327.224354,327.2242342155556,-9999,910278.2,-9999,656400.5,12.09,-1,-9999,-9999,-9999,-9999,-9999,-9999,-9999,unassigned,N/A,-9999,-9999,N/A,-9999,-9999,-9999,-9999,-9999,-9999,-9999,N/A,-9999,-9999,N/A,-9999
375,328.763068,328.76294943530735,-9999,936791.4,-9999,703064.4,12.49,-1,-9999,-9999,-9999,-9999,-9999,-9999,-9999,unassigned,N/A,-9999,-9999,N/A,-9999,-9999,-9999,-9999,-9999,-9999,-9999,N/A,-9999,-9999,N/A,-9999
376,328.763469,328.7633504356252,-9999,1094103.4,-9999,552726.3,14.91,-1,-9999,-9999,-9999,-9999,-9999,-9999,-9999,unassigned,N/A,-9999,-9999,N/A,-9999,-9999,-9999,-9999,-9999,-9999,-9999,N/A,-9999,-9999,N/A,-9999
379,329.086482,329.0863636916804,-9999,983185.9,-9999,615809.1,12.94,-1,-9999,-9999,-9999,-9999,-9999,-9999,-9999,unassigned,N/A,-9999,-9999,N/A,-9999,-9999,-9999,-9999,-9999,-9999,-9999,N/A,-9999,-9999,N/A,-9999
383,329.130047,329.12992872621476,-9999,1202521.8,-9999,538566.6,16.24,-1,-9999,-9999,-9999,-9999,-9999,-9999,-9999,unassigned,N/A,-9999,-9999,N/A,-9999,-9999,-9999,-9999,-9999,-9999,-9999,N/A,-9999,-9999,N/A,-9999
385,329.156131,329.1560127468918,-9999,1810846.5,-9999,484142.6,25.4,-1,-9999,-9999,-9999,-9999,-9999,-9999,-9999,unassigned,N/A,-9999,-9999,N/A,-9999,-9999,-9999,-9999,-9999,-9999,-9999,N/A,-9999,-9999,N/A,-9999
387,329.159219,329.1591007493397,-9999,21664416,-9999,403733,324.26,-1,-9999,-9999,-9999,-9999,-9999,-9999,-9999,unassigned,N/A,-9999,-9999,N/A,-9999,-9999,-9999,-9999,-9999,-9999,-9999,N/A,-9999,-9999,N/A,-9999
388,329.167143,329.1670247556211,-9999,971744.5,-9999,396660.5,12.77,-1,-9999,-9999,-9999,-9999,-9999,-9999,-9999,unassigned,N/A,-9999,-9999,N/A,-9999,-9999,-9999,-9999,-9999,-9999,-9999,N/A,-9999,-9999,N/A,-9999
389,329.240184,329.2400658135213,-9999,1031085.8,-9999,450524,13.66,-1,-9999,-9999,-9999,-9999,-9999,-9999,-9999,unassigned,N/A,-9999,-9999,N/A,-9999,-9999,-9999,-9999,-9999,-9999,-9999,N/A,-9999,-9999,N/A,-9999
390,329.537127,329.5370090489106,-9999,1339108,-9999,564596.4,18.3,-1,-9999,-9999,-9999,-9999,-9999,-9999,-9999,unassigned,N/A,-9999,-9999,N/A,-9999,-9999,-9999,-9999,-9999,-9999,-9999,N/A,-9999,-9999,N/A,-9999
391,329.540227,329.540109051368,-9999,3450084.5,-9999,536763,50.07,-1,-9999,-9999,-9999,-9999,-9999,-9999,-9999,unassigned,N/A,-9999,-9999,N/A,-9999,-9999,-9999,-9999,-9999,-9999,-9999,N/A,-9999,-9999,N/A,-9999
393,330.162549,330.162431544688,-9999,4107607.3,-9999,430008,59.97,-1,-9999,-9999,-9999,-9999,-9999,-9999,-9999,unassigned,N/A,-9999,-9999,N/A,-9999,-9999,-9999,-9999,-9999,-9999,-9999,N/A,-9999,-9999,N/A,-9999
397,331.102117,331.10200028949157,-9999,1753095.1,-9999,460047.4,24.52,-1,-9999,-9999,-9999,-9999,-9999,-9999,-9999,unassigned,N/A,-9999,-9999,N/A,-9999,-9999,-9999,-9999,-9999,-9999,-9999,N/A,-9999,-9999,N/A,-9999
400,331.146635,331.14651832478137,-9999,1221903.5,-9999,527729.8,16.53,-1,-9999,-9999,-9999,-9999,-9999,-9999,-9999,unassigned,N/A,-9999,-9999,N/A,-9999,-9999,-9999,-9999,-9999,-9999,-9999,N/A,-9999,-9999,N/A,-9999
405,332.778588,332.7784726184445,-9999,1054024.5,-9999,629061.1,14,-1,-9999,-9999,-9999,-9999,-9999,-9999,-9999,unassigned,N/A,-9999,-9999,N/A,-9999,-9999,-9999,-9999,-9999,-9999,-9999,N/A,-9999,-9999,N/A,-9999
406,332.779316,332.77920061902154,-9999,2163400.8,-9999,411677.5,30.7,-1,-9999,-9999,-9999,-9999,-9999,-9999,-9999,unassigned,N/A,-9999,-9999,N/A,-9999,-9999,-9999,-9999,-9999,-9999,-9999,N/A,-9999,-9999,N/A,-9999
407,332.883468,332.88335270158376,-9999,1196701,-9999,427226.8,16.14,-1,-9999,-9999,-9999,-9999,-9999,-9999,-9999,unassigned,N/A,-9999,-9999,N/A,-9999,-9999,-9999,-9999,-9999,-9999,-9999,N/A,-9999,-9999,N/A,-9999
410,333.077508,333.07739285540094,-9999,1751554.9,-9999,352268.9,24.5,-1,-9999,-9999,-9999,-9999,-9999,-9999,-9999,unassigned,N/A,-9999,-9999,N/A,-9999,-9999,-9999,-9999,-9999,-9999,-9999,N/A,-9999,-9999,N/A,-9999
412,333.103847,333.10373187628005,-9999,1281160,-9999,728249.3,17.41,-1,-9999,-9999,-9999,-9999,-9999,-9999,-9999,unassigned,N/A,-9999,-9999,N/A,-9999,-9999,-9999,-9999,-9999,-9999,-9999,N/A,-9999,-9999,N/A,-9999
414,333.11466,333.1145448848516,-9999,1237130.1,-9999,496753.3,16.75,-1,-9999,-9999,-9999,-9999,-9999,-9999,-9999,unassigned,N/A,-9999,-9999,N/A,-9999,-9999,-9999,-9999,-9999,-9999,-9999,N/A,-9999,-9999,N/A,-9999
416,333.117819,333.1177038873558,-9999,13514123,-9999,375432.1,201.56,-1,-9999,-9999,-9999,-9999,-9999,-9999,-9999,unassigned,N/A,-9999,-9999,N/A,-9999,-9999,-9999,-9999,-9999,-9999,-9999,N/A,-9999,-9999,N/A,-9999
419,333.177598,333.1774829347431,-9999,1097174.5,-9999,389304.9,14.64,-1,-9999,-9999,-9999,-9999,-9999,-9999,-9999,unassigned,N/A,-9999,-9999,N/A,-9999,-9999,-9999,-9999,-9999,-9999,-9999,N/A,-9999,-9999,N/A,-9999
420,333.253635,333.2535199950183,-9999,2104229.5,-9999,420849.8,29.8,-1,-9999,-9999,-9999,-9999,-9999,-9999,-9999,unassigned,N/A,-9999,-9999,N/A,-9999,-9999,-9999,-9999,-9999,-9999,-9999,N/A,-9999,-9999,N/A,-9999
421,334.121135,334.121020682693,-9999,1926033.1,-9999,310046.6,27.12,-1,-9999,-9999,-9999,-9999,-9999,-9999,-9999,unassigned,N/A,-9999,-9999,N/A,-9999,-9999,-9999,-9999,-9999,-9999,-9999,N/A,-9999,-9999,N/A,-9999
422,334.444693,334.44457893918013,-9999,1540305.8,-9999,289857,21.31,-1,-9999,-9999,-9999,-9999,-9999,-9999,-9999,unassigned,N/A,-9999,-9999,N/A,-9999,-9999,-9999,-9999,-9999,-9999,-9999,N/A,-9999,-9999,N/A,-9999
423,334.447849,334.447734941682,-9999,1128338.4,-9999,379072.5,15.11,-1,-9999,-9999,-9999,-9999,-9999,-9999,-9999,unassigned,N/A,-9999,-9999,N/A,-9999,-9999,-9999,-9999,-9999,-9999,-9999,N/A,-9999,-9999,N/A,-9999
424,334.776305,334.77619120205185,-9999,1536212.5,-9999,783005.2,21.25,-1,-9999,-9999,-9999,-9999,-9999,-9999,-9999,unassigned,N/A,-9999,-9999,N/A,-9999,-9999,-9999,-9999,-9999,-9999,-9999,N/A,-9999,-9999,N/A,-9999
425,334.777289,334.77717520283187,-9999,4634836.5,-9999,472583.4,67.89,-1,-9999,-9999,-9999,-9999,-9999,-9999,-9999,unassigned,N/A,-9999,-9999,N/A,-9999,-9999,-9999,-9999,-9999,-9999,-9999,N/A,-9999,-9999,N/A,-9999
426,334.880456,334.8803422846132,-9999,1306089.5,-9999,653111.5,17.78,-1,-9999,-9999,-9999,-9999,-9999,-9999,-9999,unassigned,N/A,-9999,-9999,N/A,-9999,-9999,-9999,-9999,-9999,-9999,-9999,N/A,-9999,-9999,N/A,-9999
427,334.881348,334.8812342853203,-9999,2400617.8,-9999,369156.4,34.26,-1,-9999,-9999,-9999,-9999,-9999,-9999,-9999,unassigned,N/A,-9999,-9999,N/A,-9999,-9999,-9999,-9999,-9999,-9999,-9999,N/A,-9999,-9999,N/A,-9999
428,335.0469,335.0467864165548,-9999,970763.1,-9999,692107.8,12.74,-1,-9999,-9999,-9999,-9999,-9999,-9999,-9999,unassigned,N/A,-9999,-9999,N/A,-9999,-9999,-9999,-9999,-9999,-9999,-9999,N/A,-9999,-9999,N/A,-9999
431,335.075559,335.07544543927304,-9999,1887761,-9999,393178.3,26.54,-1,-9999,-9999,-9999,-9999,-9999,-9999,-9999,unassigned,N/A,-9999,-9999,N/A,-9999,-9999,-9999,-9999,-9999,-9999,-9999,N/A,-9999,-9999,N/A,-9999
432,335.083225,335.08311144534997,-9999,1424146.5,-9999,389627.3,19.56,-1,-9999,-9999,-9999,-9999,-9999,-9999,-9999,unassigned,N/A,-9999,-9999,N/A,-9999,-9999,-9999,-9999,-9999,-9999,-9999,N/A,-9999,-9999,N/A,-9999
438,335.133325,335.1332114850647,-9999,1138332.6,-9999,530842.1,15.26,-1,-9999,-9999,-9999,-9999,-9999,-9999,-9999,unassigned,N/A,-9999,-9999,N/A,-9999,-9999,-9999,-9999,-9999,-9999,-9999,N/A,-9999,-9999,N/A,-9999
440,335.242659,335.24254557173464,-9999,945202.9,-9999,650271.3,12.1,-1,-9999,-9999,-9999,-9999,-9999,-9999,-9999,unassigned,N/A,-9999,-9999,N/A,-9999,-9999,-9999,-9999,-9999,-9999,-9999,N/A,-9999,-9999,N/A,-9999
441,335.642848,335.64273488896794,-9999,1131652.5,-9999,545396.8,14.85,-1,-9999,-9999,-9999,-9999,-9999,-9999,-9999,unassigned,N/A,-9999,-9999,N/A,-9999,-9999,-9999,-9999,-9999,-9999,-9999,N/A,-9999,-9999,N/A,-9999
442,335.646,335.64588689146655,-9999,2725765,-9999,603952.7,38.35,-1,-9999,-9999,-9999,-9999,-9999,-9999,-9999,unassigned,N/A,-9999,-9999,N/A,-9999,-9999,-9999,-9999,-9999,-9999,-9999,N/A,-9999,-9999,N/A,-9999
444,336.774377,336.77426478594066,-9999,2265454.3,-9999,449553.3,31.56,-1,-9999,-9999,-9999,-9999,-9999,-9999,-9999,unassigned,N/A,-9999,-9999,N/A,-9999,-9999,-9999,-9999,-9999,-9999,-9999,N/A,-9999,-9999,N/A,-9999
445,336.775403,336.77529078675394,-9999,1806446.4,-9999,477961.3,24.79,-1,-9999,-9999,-9999,-9999,-9999,-9999,-9999,unassigned,N/A,-9999,-9999,N/A,-9999,-9999,-9999,-9999,-9999,-9999,-9999,N/A,-9999,-9999,N/A,-9999
446,336.860879,336.8607668545115,-9999,1271808.1,-9999,458138.7,16.91,-1,-9999,-9999,-9999,-9999,-9999,-9999,-9999,unassigned,N/A,-9999,-9999,N/A,-9999,-9999,-9999,-9999,-9999,-9999,-9999,N/A,-9999,-9999,N/A,-9999
447,336.879431,336.87931886921785,-9999,1288836,-9999,553952.6,17.16,-1,-9999,-9999,-9999,-9999,-9999,-9999,-9999,unassigned,N/A,-9999,-9999,N/A,-9999,-9999,-9999,-9999,-9999,-9999,-9999,N/A,-9999,-9999,N/A,-9999
448,337.062436,337.06232401428747,-9999,1458218.3,-9999,466911.6,19.66,-1,-9999,-9999,-9999,-9999,-9999,-9999,-9999,unassigned,N/A,-9999,-9999,N/A,-9999,-9999,-9999,-9999,-9999,-9999,-9999,N/A,-9999,-9999,N/A,-9999
452,337.135167,337.13505507194196,-9999,2222521.5,-9999,524126.1,30.93,-1,-9999,-9999,-9999,-9999,-9999,-9999,-9999,unassigned,N/A,-9999,-9999,N/A,-9999,-9999,-9999,-9999,-9999,-9999,-9999,N/A,-9999,-9999,N/A,-9999
455,337.212329,337.21221713310894,-9999,4346057.5,-9999,372306.6,62.24,-1,-9999,-9999,-9999,-9999,-9999,-9999,-9999,unassigned,N/A,-9999,-9999,N/A,-9999,-9999,-9999,-9999,-9999,-9999,-9999,N/A,-9999,-9999,N/A,-9999
459,338.772302,338.7721913697129,-9999,1439061.1,-9999,404224.4,19.37,-1,-9999,-9999,-9999,-9999,-9999,-9999,-9999,unassigned,N/A,-9999,-9999,N/A,-9999,-9999,-9999,-9999,-9999,-9999,-9999,N/A,-9999,-9999,N/A,-9999
460,338.893158,338.8930474655165,-9999,2611247.3,-9999,537684.7,36.66,-1,-9999,-9999,-9999,-9999,-9999,-9999,-9999,unassigned,N/A,-9999,-9999,N/A,-9999,-9999,-9999,-9999,-9999,-9999,-9999,N/A,-9999,-9999,N/A,-9999
461,338.894068,338.89395746623785,-9999,6904367.5,-9999,392004.3,99.96,-1,-9999,-9999,-9999,-9999,-9999,-9999,-9999,unassigned,N/A,-9999,-9999,N/A,-9999,-9999,-9999,-9999,-9999,-9999,-9999,N/A,-9999,-9999,N/A,-9999
467,339.114419,339.114308640912,-9999,5477983,-9999,496113,78.93,-1,-9999,-9999,-9999,-9999,-9999,-9999,-9999,unassigned,N/A,-9999,-9999,N/A,-9999,-9999,-9999,-9999,-9999,-9999,-9999,N/A,-9999,-9999,N/A,-9999
469,339.150752,339.1506416697135,-9999,1544038.8,-9999,593743.3,20.92,-1,-9999,-9999,-9999,-9999,-9999,-9999,-9999,unassigned,N/A,-9999,-9999,N/A,-9999,-9999,-9999,-9999,-9999,-9999,-9999,N/A,-9999,-9999,N/A,-9999
471,339.164899,339.16478868092787,-9999,1032553.8,-9999,345332.2,13.38,-1,-9999,-9999,-9999,-9999,-9999,-9999,-9999,unassigned,N/A,-9999,-9999,N/A,-9999,-9999,-9999,-9999,-9999,-9999,-9999,N/A,-9999,-9999,N/A,-9999
473,339.203484,339.20337371151453,-9999,3664498.3,-9999,540439.3,52.19,-1,-9999,-9999,-9999,-9999,-9999,-9999,-9999,unassigned,N/A,-9999,-9999,N/A,-9999,-9999,-9999,-9999,-9999,-9999,-9999,N/A,-9999,-9999,N/A,-9999
475,339.206787,339.20667671413287,-9999,45525620,-9999,458440.6,669.49,-1,-9999,-9999,-9999,-9999,-9999,-9999,-9999,unassigned,N/A,-9999,-9999,N/A,-9999,-9999,-9999,-9999,-9999,-9999,-9999,N/A,-9999,-9999,N/A,-9999
481,340.210145,340.21003550950337,-9999,7617869.5,-9999,360866.8,110.48,-1,-9999,-9999,-9999,-9999,-9999,-9999,-9999,unassigned,N/A,-9999,-9999,N/A,-9999,-9999,-9999,-9999,-9999,-9999,-9999,N/A,-9999,-9999,N/A,-9999
482,340.888753,340.88864404744174,-9999,1246691.5,-9999,485596.8,16.53,-1,-9999,-9999,-9999,-9999,-9999,-9999,-9999,unassigned,N/A,-9999,-9999,N/A,-9999,-9999,-9999,-9999,-9999,-9999,-9999,N/A,-9999,-9999,N/A,-9999
483,340.89117,340.8910610493577,-9999,4707300,-9999,467466.7,67.56,-1,-9999,-9999,-9999,-9999,-9999,-9999,-9999,unassigned,N/A,-9999,-9999,N/A,-9999,-9999,-9999,-9999,-9999,-9999,-9999,N/A,-9999,-9999,N/A,-9999
484,340.892101,340.8919920500957,-9999,14001124,-9999,375327.1,204.61,-1,-9999,-9999,-9999,-9999,-9999,-9999,-9999,unassigned,N/A,-9999,-9999,N/A,-9999,-9999,-9999,-9999,-9999,-9999,-9999,N/A,-9999,-9999,N/A,-9999
485,341.057346,341.0572371810868,-9999,1279497,-9999,464680.1,17.01,-1,-9999,-9999,-9999,-9999,-9999,-9999,-9999,unassigned,N/A,-9999,-9999,N/A,-9999,-9999,-9999,-9999,-9999,-9999,-9999,N/A,-9999,-9999,N/A,-9999
487,341.086009,341.08590020380825,-9999,1113615.4,-9999,437839.3,14.56,-1,-9999,-9999,-9999,-9999,-9999,-9999,-9999,unassigned,N/A,-9999,-9999,N/A,-9999,-9999,-9999,-9999,-9999,-9999,-9999,N/A,-9999,-9999,N/A,-9999
488,341.093686,341.09357720989385,-9999,2678801,-9999,534674.8,37.65,-1,-9999,-9999,-9999,-9999,-9999,-9999,-9999,unassigned,N/A,-9999,-9999,N/A,-9999,-9999,-9999,-9999,-9999,-9999,-9999,N/A,-9999,-9999,N/A,-9999
490,341.130156,341.13004723880397,-9999,2332185.3,-9999,458295.1,32.53,-1,-9999,-9999,-9999,-9999,-9999,-9999,-9999,unassigned,N/A,-9999,-9999,N/A,-9999,-9999,-9999,-9999,-9999,-9999,-9999,N/A,-9999,-9999,N/A,-9999
494,341.186006,341.1858972830767,-9999,1459237.6,-9999,419395.8,19.66,-1,-9999,-9999,-9999,-9999,-9999,-9999,-9999,unassigned,N/A,-9999,-9999,N/A,-9999,-9999,-9999,-9999,-9999,-9999,-9999,N/A,-9999,-9999,N/A,-9999
495,341.2026,341.20249129623096,-9999,1837353.4,-9999,559075.6,25.24,-1,-9999,-9999,-9999,-9999,-9999,-9999,-9999,unassigned,N/A,-9999,-9999,N/A,-9999,-9999,-9999,-9999,-9999,-9999,-9999,N/A,-9999,-9999,N/A,-9999
496,341.895519,341.8954108455137,-9999,1391556.5,-9999,491840.5,18.27,-1,-9999,-9999,-9999,-9999,-9999,-9999,-9999,unassigned,N/A,-9999,-9999,N/A,-9999,-9999,-9999,-9999,-9999,-9999,-9999,N/A,-9999,-9999,N/A,-9999
499,342.764546,342.7644385343989,-9999,1049737.3,-9999,600171.7,13.33,-1,-9999,-9999,-9999,-9999,-9999,-9999,-9999,unassigned,N/A,-9999,-9999,N/A,-9999,-9999,-9999,-9999,-9999,-9999,-9999,N/A,-9999,-9999,N/A,-9999
500,342.767,342.7668925363442,-9999,3607945.8,-9999,545122.5,50.28,-1,-9999,-9999,-9999,-9999,-9999,-9999,-9999,unassigned,N/A,-9999,-9999,N/A,-9999,-9999,-9999,-9999,-9999,-9999,-9999,N/A,-9999,-9999,N/A,-9999
501,342.767916,342.7678085370703,-9999,11211146,-9999,411579.1,160.07,-1,-9999,-9999,-9999,-9999,-9999,-9999,-9999,unassigned,N/A,-9999,-9999,N/A,-9999,-9999,-9999,-9999,-9999,-9999,-9999,N/A,-9999,-9999,N/A,-9999
502,342.890147,342.8900396339639,-9999,7334310,-9999,422127.3,104.08,-1,-9999,-9999,-9999,-9999,-9999,-9999,-9999,unassigned,N/A,-9999,-9999,N/A,-9999,-9999,-9999,-9999,-9999,-9999,-9999,N/A,-9999,-9999,N/A,-9999
504,343.072933,343.0728257788599,-9999,1225167.8,-9999,554751.6,15.87,-1,-9999,-9999,-9999,-9999,-9999,-9999,-9999,unassigned,N/A,-9999,-9999,N/A,-9999,-9999,-9999,-9999,-9999,-9999,-9999,N/A,-9999,-9999,N/A,-9999
509,343.109299,343.1091918076876,-9999,2113496,-9999,512011.9,28.69,-1,-9999,-9999,-9999,-9999,-9999,-9999,-9999,unassigned,N/A,-9999,-9999,N/A,-9999,-9999,-9999,-9999,-9999,-9999,-9999,N/A,-9999,-9999,N/A,-9999
513,343.145748,343.14564083658104,-9999,1093344.4,-9999,542397.3,13.96,-1,-9999,-9999,-9999,-9999,-9999,-9999,-9999,unassigned,N/A,-9999,-9999,N/A,-9999,-9999,-9999,-9999,-9999,-9999,-9999,N/A,-9999,-9999,N/A,-9999
516,344.74708,344.74697410597054,-9999,1085715,-9999,386531.4,13.85,-1,-9999,-9999,-9999,-9999,-9999,-9999,-9999,unassigned,N/A,-9999,-9999,N/A,-9999,-9999,-9999,-9999,-9999,-9999,-9999,N/A,-9999,-9999,N/A,-9999
517,344.762456,344.76235011815925,-9999,3010390.5,-9999,527402.2,41.64,-1,-9999,-9999,-9999,-9999,-9999,-9999,-9999,unassigned,N/A,-9999,-9999,N/A,-9999,-9999,-9999,-9999,-9999,-9999,-9999,N/A,-9999,-9999,N/A,-9999
518,344.764885,344.76477912008477,-9999,11515735,-9999,473095.2,164.46,-1,-9999,-9999,-9999,-9999,-9999,-9999,-9999,unassigned,N/A,-9999,-9999,N/A,-9999,-9999,-9999,-9999,-9999,-9999,-9999,N/A,-9999,-9999,N/A,-9999
519,344.765884,344.7657781208767,-9999,36482904,-9999,422536.9,524.99,-1,-9999,-9999,-9999,-9999,-9999,-9999,-9999,unassigned,N/A,-9999,-9999,N/A,-9999,-9999,-9999,-9999,-9999,-9999,-9999,N/A,-9999,-9999,N/A,-9999
524,345.104029,345.1039233889271,-9999,966054.7,-9999,626505.6,12.12,-1,-9999,-9999,-9999,-9999,-9999,-9999,-9999,unassigned,N/A,-9999,-9999,N/A,-9999,-9999,-9999,-9999,-9999,-9999,-9999,N/A,-9999,-9999,N/A,-9999
526,345.117932,345.1178263999481,-9999,1591338,-9999,462837.1,21.15,-1,-9999,-9999,-9999,-9999,-9999,-9999,-9999,unassigned,N/A,-9999,-9999,N/A,-9999,-9999,-9999,-9999,-9999,-9999,-9999,N/A,-9999,-9999,N/A,-9999
529,345.153475,345.15336942812337,-9999,1090610.4,-9999,548059.3,13.92,-1,-9999,-9999,-9999,-9999,-9999,-9999,-9999,unassigned,N/A,-9999,-9999,N/A,-9999,-9999,-9999,-9999,-9999,-9999,-9999,N/A,-9999,-9999,N/A,-9999
530,345.154339,345.15423342880825,-9999,3002802.5,-9999,393108.5,41.53,-1,-9999,-9999,-9999,-9999,-9999,-9999,-9999,unassigned,N/A,-9999,-9999,N/A,-9999,-9999,-9999,-9999,-9999,-9999,-9999,N/A,-9999,-9999,N/A,-9999
533,345.768357,345.7682519155456,-9999,984131.5,-9999,568760.9,12.38,-1,-9999,-9999,-9999,-9999,-9999,-9999,-9999,unassigned,N/A,-9999,-9999,N/A,-9999,-9999,-9999,-9999,-9999,-9999,-9999,N/A,-9999,-9999,N/A,-9999
534,345.76947,345.7693649164279,-9999,2107971.8,-9999,453895.5,28.61,-1,-9999,-9999,-9999,-9999,-9999,-9999,-9999,unassigned,N/A,-9999,-9999,N/A,-9999,-9999,-9999,-9999,-9999,-9999,-9999,N/A,-9999,-9999,N/A,-9999
536,346.745169,346.74506468987283,-9999,3146028.5,-9999,351888.1,43.59,-1,-9999,-9999,-9999,-9999,-9999,-9999,-9999,unassigned,N/A,-9999,-9999,N/A,-9999,-9999,-9999,-9999,-9999,-9999,-9999,N/A,-9999,-9999,N/A,-9999
537,346.760418,346.76031370196085,-9999,2855728,-9999,526200.9,39.4,-1,-9999,-9999,-9999,-9999,-9999,-9999,-9999,unassigned,N/A,-9999,-9999,N/A,-9999,-9999,-9999,-9999,-9999,-9999,-9999,N/A,-9999,-9999,N/A,-9999
538,346.762865,346.7627607039006,-9999,10089777,-9999,434224.5,143.86,-1,-9999,-9999,-9999,-9999,-9999,-9999,-9999,unassigned,N/A,-9999,-9999,N/A,-9999,-9999,-9999,-9999,-9999,-9999,-9999,N/A,-9999,-9999,N/A,-9999
539,346.763886,346.76378170470997,-9999,35926320,-9999,420544.1,516.95,-1,-9999,-9999,-9999,-9999,-9999,-9999,-9999,unassigned,N/A,-9999,-9999,N/A,-9999,-9999,-9999,-9999,-9999,-9999,-9999,N/A,-9999,-9999,N/A,-9999
540,346.781676,346.78157171881224,-9999,1688885.3,-9999,392322.4,22.55,-1,-9999,-9999,-9999,-9999,-9999,-9999,-9999,unassigned,N/A,-9999,-9999,N/A,-9999,-9999,-9999,-9999,-9999,-9999,-9999,N/A,-9999,-9999,N/A,-9999
542,347.083245,347.0831409578686,-9999,1229181.8,-9999,619978,15.91,-1,-9999,-9999,-9999,-9999,-9999,-9999,-9999,unassigned,N/A,-9999,-9999,N/A,-9999,-9999,-9999,-9999,-9999,-9999,-9999,N/A,-9999,-9999,N/A,-9999
546,347.119549,347.11944498664707,-9999,1678726.5,-9999,476167.5,22.4,-1,-9999,-9999,-9999,-9999,-9999,-9999,-9999,unassigned,N/A,-9999,-9999,N/A,-9999,-9999,-9999,-9999,-9999,-9999,-9999,N/A,-9999,-9999,N/A,-9999
548,347.133639,347.13353499781635,-9999,1203081.9,-9999,425001.9,15.53,-1,-9999,-9999,-9999,-9999,-9999,-9999,-9999,unassigned,N/A,-9999,-9999,N/A,-9999,-9999,-9999,-9999,-9999,-9999,-9999,N/A,-9999,-9999,N/A,-9999
550,347.193285,347.19318104509824,-9999,1334680.3,-9999,392055.4,17.43,-1,-9999,-9999,-9999,-9999,-9999,-9999,-9999,unassigned,N/A,-9999,-9999,N/A,-9999,-9999,-9999,-9999,-9999,-9999,-9999,N/A,-9999,-9999,N/A,-9999
551,347.767214,347.7671105000567,-9999,2067491.3,-9999,401728.1,28.01,-1,-9999,-9999,-9999,-9999,-9999,-9999,-9999,unassigned,N/A,-9999,-9999,N/A,-9999,-9999,-9999,-9999,-9999,-9999,-9999,N/A,-9999,-9999,N/A,-9999
552,348.607261,348.6071581659691,-9999,4183792.3,-9999,437457.9,57.33,-1,-9999,-9999,-9999,-9999,-9999,-9999,-9999,unassigned,N/A,-9999,-9999,N/A,-9999,-9999,-9999,-9999,-9999,-9999,-9999,N/A,-9999,-9999,N/A,-9999
553,348.610716,348.61061316870797,-9999,11766513,-9999,471857.9,164.51,-1,-9999,-9999,-9999,-9999,-9999,-9999,-9999,unassigned,N/A,-9999,-9999,N/A,-9999,-9999,-9999,-9999,-9999,-9999,-9999,N/A,-9999,-9999,N/A,-9999
554,348.742162,348.7420592729063,-9999,1148689.5,-9999,488714.6,14.43,-1,-9999,-9999,-9999,-9999,-9999,-9999,-9999,unassigned,N/A,-9999,-9999,N/A,-9999,-9999,-9999,-9999,-9999,-9999,-9999,N/A,-9999,-9999,N/A,-9999
555,348.743227,348.74312427375054,-9999,3414801.8,-9999,370632.9,46.46,-1,-9999,-9999,-9999,-9999,-9999,-9999,-9999,unassigned,N/A,-9999,-9999,N/A,-9999,-9999,-9999,-9999,-9999,-9999,-9999,N/A,-9999,-9999,N/A,-9999
556,348.76091,348.760807287768,-9999,3852054,-9999,493930.9,52.64,-1,-9999,-9999,-9999,-9999,-9999,-9999,-9999,unassigned,N/A,-9999,-9999,N/A,-9999,-9999,-9999,-9999,-9999,-9999,-9999,N/A,-9999,-9999,N/A,-9999
557,348.761808,348.7617052884798,-9999,10892054,-9999,381521.5,152.15,-1,-9999,-9999,-9999,-9999,-9999,-9999,-9999,unassigned,N/A,-9999,-9999,N/A,-9999,-9999,-9999,-9999,-9999,-9999,-9999,N/A,-9999,-9999,N/A,-9999
558,348.77947,348.77936730248064,-9999,1542554.6,-9999,369891.9,20,-1,-9999,-9999,-9999,-9999,-9999,-9999,-9999,unassigned,N/A,-9999,-9999,N/A,-9999,-9999,-9999,-9999,-9999,-9999,-9999,N/A,-9999,-9999,N/A,-9999
560,349.062365,349.06226252673395,-9999,1341536.3,-9999,538960.5,17.16,-1,-9999,-9999,-9999,-9999,-9999,-9999,-9999,unassigned,N/A,-9999,-9999,N/A,-9999,-9999,-9999,-9999,-9999,-9999,-9999,N/A,-9999,-9999,N/A,-9999
567,349.13521,349.13510758447876,-9999,2572146.3,-9999,569877.9,34.55,-1,-9999,-9999,-9999,-9999,-9999,-9999,-9999,unassigned,N/A,-9999,-9999,N/A,-9999,-9999,-9999,-9999,-9999,-9999,-9999,N/A,-9999,-9999,N/A,-9999
569,349.171556,349.1714536132906,-9999,1115515.3,-9999,637249.3,13.96,-1,-9999,-9999,-9999,-9999,-9999,-9999,-9999,unassigned,N/A,-9999,-9999,N/A,-9999,-9999,-9999,-9999,-9999,-9999,-9999,N/A,-9999,-9999,N/A,-9999
571,349.606084,349.6059819577447,-9999,1228518.9,-9999,555233.5,15.56,-1,-9999,-9999,-9999,-9999,-9999,-9999,-9999,unassigned,N/A,-9999,-9999,N/A,-9999,-9999,-9999,-9999,-9999,-9999,-9999,N/A,-9999,-9999,N/A,-9999
572,349.609494,349.6093919604478,-9999,3555303.8,-9999,571958.1,48.45,-1,-9999,-9999,-9999,-9999,-9999,-9999,-9999,unassigned,N/A,-9999,-9999,N/A,-9999,-9999,-9999,-9999,-9999,-9999,-9999,N/A,-9999,-9999,N/A,-9999
576,350.741267,350.7411658576139,-9999,1030146.6,-9999,492645,12.75,-1,-9999,-9999,-9999,-9999,-9999,-9999,-9999,unassigned,N/A,-9999,-9999,N/A,-9999,-9999,-9999,-9999,-9999,-9999,-9999,N/A,-9999,-9999,N/A,-9999
578,351.078145,351.07804412466004,-9999,2373719.5,-9999,493128.6,31.74,-1,-9999,-9999,-9999,-9999,-9999,-9999,-9999,unassigned,N/A,-9999,-9999,N/A,-9999,-9999,-9999,-9999,-9999,-9999,-9999,N/A,-9999,-9999,N/A,-9999
583,351.11449,351.114389153471,-9999,3475296.5,-9999,466604.2,47.31,-1,-9999,-9999,-9999,-9999,-9999,-9999,-9999,unassigned,N/A,-9999,-9999,N/A,-9999,-9999,-9999,-9999,-9999,-9999,-9999,N/A,-9999,-9999,N/A,-9999
587,351.150949,351.1508481823724,-9999,2237161.8,-9999,421812.7,29.81,-1,-9999,-9999,-9999,-9999,-9999,-9999,-9999,unassigned,N/A,-9999,-9999,N/A,-9999,-9999,-9999,-9999,-9999,-9999,-9999,N/A,-9999,-9999,N/A,-9999
590,351.227968,351.227867243426,-9999,1643133.3,-9999,500237.6,21.41,-1,-9999,-9999,-9999,-9999,-9999,-9999,-9999,unassigned,N/A,-9999,-9999,N/A,-9999,-9999,-9999,-9999,-9999,-9999,-9999,N/A,-9999,-9999,N/A,-9999
595,353.057355,353.0572556935967,-9999,1741648.5,-9999,468228.5,22.8,-1,-9999,-9999,-9999,-9999,-9999,-9999,-9999,unassigned,N/A,-9999,-9999,N/A,-9999,-9999,-9999,-9999,-9999,-9999,-9999,N/A,-9999,-9999,N/A,-9999
597,353.093791,353.0936917224799,-9999,3803482,-9999,472193.5,51.94,-1,-9999,-9999,-9999,-9999,-9999,-9999,-9999,unassigned,N/A,-9999,-9999,N/A,-9999,-9999,-9999,-9999,-9999,-9999,-9999,N/A,-9999,-9999,N/A,-9999
600,353.130192,353.13009275133527,-9999,4334435.5,-9999,534468.4,59.45,-1,-9999,-9999,-9999,-9999,-9999,-9999,-9999,unassigned,N/A,-9999,-9999,N/A,-9999,-9999,-9999,-9999,-9999,-9999,-9999,N/A,-9999,-9999,N/A,-9999
603,353.16651,353.16641078012486,-9999,1918316.6,-9999,528832.4,25.29,-1,-9999,-9999,-9999,-9999,-9999,-9999,-9999,unassigned,N/A,-9999,-9999,N/A,-9999,-9999,-9999,-9999,-9999,-9999,-9999,N/A,-9999,-9999,N/A,-9999
605,353.206418,353.20631881176024,-9999,1868663,-9999,384506.7,24.59,-1,-9999,-9999,-9999,-9999,-9999,-9999,-9999,unassigned,N/A,-9999,-9999,N/A,-9999,-9999,-9999,-9999,-9999,-9999,-9999,N/A,-9999,-9999,N/A,-9999
612,355.073136,355.0730382915236,-9999,1974877.9,-9999,550894.2,26.09,-1,-9999,-9999,-9999,-9999,-9999,-9999,-9999,unassigned,N/A,-9999,-9999,N/A,-9999,-9999,-9999,-9999,-9999,-9999,-9999,N/A,-9999,-9999,N/A,-9999
615,355.145829,355.1457313491479,-9999,2168433,-9999,557762.5,28.82,-1,-9999,-9999,-9999,-9999,-9999,-9999,-9999,unassigned,N/A,-9999,-9999,N/A,-9999,-9999,-9999,-9999,-9999,-9999,-9999,N/A,-9999,-9999,N/A,-9999
619,355.619086,355.6189887243028,-9999,1010158.1,-9999,365124,12.18,-1,-9999,-9999,-9999,-9999,-9999,-9999,-9999,unassigned,N/A,-9999,-9999,N/A,-9999,-9999,-9999,-9999,-9999,-9999,-9999,N/A,-9999,-9999,N/A,-9999
622,356.766141,356.76604463358314,-9999,1558303.5,-9999,392479.2,19.76,-1,-9999,-9999,-9999,-9999,-9999,-9999,-9999,unassigned,N/A,-9999,-9999,N/A,-9999,-9999,-9999,-9999,-9999,-9999,-9999,N/A,-9999,-9999,N/A,-9999
623,356.80217,356.80207366214364,-9999,1385001.1,-9999,506161.1,17.36,-1,-9999,-9999,-9999,-9999,-9999,-9999,-9999,unassigned,N/A,-9999,-9999,N/A,-9999,-9999,-9999,-9999,-9999,-9999,-9999,N/A,-9999,-9999,N/A,-9999
624,356.8027,356.8026036625638,-9999,1427753.3,-9999,531408.6,17.95,-1,-9999,-9999,-9999,-9999,-9999,-9999,-9999,unassigned,N/A,-9999,-9999,N/A,-9999,-9999,-9999,-9999,-9999,-9999,-9999,N/A,-9999,-9999,N/A,-9999
628,357.088795,357.08869888935374,-9999,2291318,-9999,441284,29.89,-1,-9999,-9999,-9999,-9999,-9999,-9999,-9999,unassigned,N/A,-9999,-9999,N/A,-9999,-9999,-9999,-9999,-9999,-9999,-9999,N/A,-9999,-9999,N/A,-9999
632,357.125039,357.1249429180847,-9999,1854079.8,-9999,437146.6,23.85,-1,-9999,-9999,-9999,-9999,-9999,-9999,-9999,unassigned,N/A,-9999,-9999,N/A,-9999,-9999,-9999,-9999,-9999,-9999,-9999,N/A,-9999,-9999,N/A,-9999
637,357.618054,357.61795830890185,-9999,1325060.5,-9999,500550.3,16.53,-1,-9999,-9999,-9999,-9999,-9999,-9999,-9999,unassigned,N/A,-9999,-9999,N/A,-9999,-9999,-9999,-9999,-9999,-9999,-9999,N/A,-9999,-9999,N/A,-9999
638,357.621699,357.62160331179126,-9999,3635205.5,-9999,526632.2,48.48,-1,-9999,-9999,-9999,-9999,-9999,-9999,-9999,unassigned,N/A,-9999,-9999,N/A,-9999,-9999,-9999,-9999,-9999,-9999,-9999,N/A,-9999,-9999,N/A,-9999
640,358.617136,358.6170411008828,-9999,1232147.5,-9999,524659.7,15.24,-1,-9999,-9999,-9999,-9999,-9999,-9999,-9999,unassigned,N/A,-9999,-9999,N/A,-9999,-9999,-9999,-9999,-9999,-9999,-9999,N/A,-9999,-9999,N/A,-9999
641,358.620796,358.62070110378403,-9999,2986772.5,-9999,554241,39.51,-1,-9999,-9999,-9999,-9999,-9999,-9999,-9999,unassigned,N/A,-9999,-9999,N/A,-9999,-9999,-9999,-9999,-9999,-9999,-9999,N/A,-9999,-9999,N/A,-9999
642,358.763959,358.76386421727057,-9999,1603707.5,-9999,344883.6,20.38,-1,-9999,-9999,-9999,-9999,-9999,-9999,-9999,unassigned,N/A,-9999,-9999,N/A,-9999,-9999,-9999,-9999,-9999,-9999,-9999,N/A,-9999,-9999,N/A,-9999
643,358.800384,358.800289246145,-9999,1835589.5,-9999,417836.1,23.58,-1,-9999,-9999,-9999,-9999,-9999,-9999,-9999,unassigned,N/A,-9999,-9999,N/A,-9999,-9999,-9999,-9999,-9999,-9999,-9999,N/A,-9999,-9999,N/A,-9999
652,359.104348,359.10425348709987,-9999,1072280.6,-9999,517696.7,13.03,-1,-9999,-9999,-9999,-9999,-9999,-9999,-9999,unassigned,N/A,-9999,-9999,N/A,-9999,-9999,-9999,-9999,-9999,-9999,-9999,N/A,-9999,-9999,N/A,-9999
659,360.897425,360.8973319084874,-9999,1176455.4,-9999,393410.9,14.46,-1,-9999,-9999,-9999,-9999,-9999,-9999,-9999,unassigned,N/A,-9999,-9999,N/A,-9999,-9999,-9999,-9999,-9999,-9999,-9999,N/A,-9999,-9999,N/A,-9999
672,361.149476,361.1493831082903,-9999,1218253.5,-9999,414170.3,15.04,-1,-9999,-9999,-9999,-9999,-9999,-9999,-9999,unassigned,N/A,-9999,-9999,N/A,-9999,-9999,-9999,-9999,-9999,-9999,-9999,N/A,-9999,-9999,N/A,-9999
679,363.078185,363.0780936371945,-9999,2131691.5,-9999,475080.8,27.05,-1,-9999,-9999,-9999,-9999,-9999,-9999,-9999,unassigned,N/A,-9999,-9999,N/A,-9999,-9999,-9999,-9999,-9999,-9999,-9999,N/A,-9999,-9999,N/A,-9999
681,363.091343,363.091251647625,-9999,1608431.3,-9999,434960,19.98,-1,-9999,-9999,-9999,-9999,-9999,-9999,-9999,unassigned,N/A,-9999,-9999,N/A,-9999,-9999,-9999,-9999,-9999,-9999,-9999,N/A,-9999,-9999,N/A,-9999
686,363.129,363.128908677476,-9999,1106426,-9999,544662.4,13.19,-1,-9999,-9999,-9999,-9999,-9999,-9999,-9999,unassigned,N/A,-9999,-9999,N/A,-9999,-9999,-9999,-9999,-9999,-9999,-9999,N/A,-9999,-9999,N/A,-9999
689,363.164983,363.164891706,-9999,1034884.1,-9999,389445.2,12.22,-1,-9999,-9999,-9999,-9999,-9999,-9999,-9999,unassigned,N/A,-9999,-9999,N/A,-9999,-9999,-9999,-9999,-9999,-9999,-9999,N/A,-9999,-9999,N/A,-9999
694,365.057419,365.0573292061502,-9999,1898784.9,-9999,464966.7,23.9,-1,-9999,-9999,-9999,-9999,-9999,-9999,-9999,unassigned,N/A,-9999,-9999,N/A,-9999,-9999,-9999,-9999,-9999,-9999,-9999,N/A,-9999,-9999,N/A,-9999
699,365.13017,365.1300802638206,-9999,4115509.8,-9999,497259.2,53.88,-1,-9999,-9999,-9999,-9999,-9999,-9999,-9999,unassigned,N/A,-9999,-9999,N/A,-9999,-9999,-9999,-9999,-9999,-9999,-9999,N/A,-9999,-9999,N/A,-9999
710,367.073138,367.0730498040279,-9999,2523497.8,-9999,396552.9,32.34,-1,-9999,-9999,-9999,-9999,-9999,-9999,-9999,unassigned,N/A,-9999,-9999,N/A,-9999,-9999,-9999,-9999,-9999,-9999,-9999,N/A,-9999,-9999,N/A,-9999
713,367.109493,367.1094048328469,-9999,5068916.5,-9999,494190.7,66.77,-1,-9999,-9999,-9999,-9999,-9999,-9999,-9999,unassigned,N/A,-9999,-9999,N/A,-9999,-9999,-9999,-9999,-9999,-9999,-9999,N/A,-9999,-9999,N/A,-9999
716,367.145897,367.1458088617046,-9999,4364415,-9999,504800.2,57.24,-1,-9999,-9999,-9999,-9999,-9999,-9999,-9999,unassigned,N/A,-9999,-9999,N/A,-9999,-9999,-9999,-9999,-9999,-9999,-9999,N/A,-9999,-9999,N/A,-9999
726,369.052312,369.0522253729361,-9999,1659056.6,-9999,521833.4,20.64,-1,-9999,-9999,-9999,-9999,-9999,-9999,-9999,unassigned,N/A,-9999,-9999,N/A,-9999,-9999,-9999,-9999,-9999,-9999,-9999,N/A,-9999,-9999,N/A,-9999
731,369.11778,369.11769342483313,-9999,1051844.1,-9999,440193.4,12.42,-1,-9999,-9999,-9999,-9999,-9999,-9999,-9999,unassigned,N/A,-9999,-9999,N/A,-9999,-9999,-9999,-9999,-9999,-9999,-9999,N/A,-9999,-9999,N/A,-9999
744,370.134397,370.13431123071416,-9999,1206898.9,-9999,317742.9,14.52,-1,-9999,-9999,-9999,-9999,-9999,-9999,-9999,unassigned,N/A,-9999,-9999,N/A,-9999,-9999,-9999,-9999,-9999,-9999,-9999,N/A,-9999,-9999,N/A,-9999
748,371.067909,371.0678239707171,-9999,1801482.9,-9999,490649.8,22.05,-1,-9999,-9999,-9999,-9999,-9999,-9999,-9999,unassigned,N/A,-9999,-9999,N/A,-9999,-9999,-9999,-9999,-9999,-9999,-9999,N/A,-9999,-9999,N/A,-9999
752,371.104439,371.1043539996748,-9999,3210517.8,-9999,429073.8,40.68,-1,-9999,-9999,-9999,-9999,-9999,-9999,-9999,unassigned,N/A,-9999,-9999,N/A,-9999,-9999,-9999,-9999,-9999,-9999,-9999,N/A,-9999,-9999,N/A,-9999
763,372.310925,372.31084095606656,-9999,1902978.4,-9999,343759.5,23.39,-1,-9999,-9999,-9999,-9999,-9999,-9999,-9999,unassigned,N/A,-9999,-9999,N/A,-9999,-9999,-9999,-9999,-9999,-9999,-9999,N/A,-9999,-9999,N/A,-9999
764,372.761091,372.761007312917,-9999,1180171.1,-9999,452019,13.83,-1,-9999,-9999,-9999,-9999,-9999,-9999,-9999,unassigned,N/A,-9999,-9999,N/A,-9999,-9999,-9999,-9999,-9999,-9999,-9999,N/A,-9999,-9999,N/A,-9999
765,372.797572,372.7974883418358,-9999,1499158.3,-9999,402598.2,18.05,-1,-9999,-9999,-9999,-9999,-9999,-9999,-9999,unassigned,N/A,-9999,-9999,N/A,-9999,-9999,-9999,-9999,-9999,-9999,-9999,N/A,-9999,-9999,N/A,-9999
766,372.85564,372.8555563878668,-9999,1118119.9,-9999,418319.6,13.01,-1,-9999,-9999,-9999,-9999,-9999,-9999,-9999,unassigned,N/A,-9999,-9999,N/A,-9999,-9999,-9999,-9999,-9999,-9999,-9999,N/A,-9999,-9999,N/A,-9999
770,373.083653,373.0835695686147,-9999,1343597.4,-9999,449296.3,15.99,-1,-9999,-9999,-9999,-9999,-9999,-9999,-9999,unassigned,N/A,-9999,-9999,N/A,-9999,-9999,-9999,-9999,-9999,-9999,-9999,N/A,-9999,-9999,N/A,-9999
772,373.097102,373.0970185792758,-9999,1593201.5,-9999,432095.3,19.29,-1,-9999,-9999,-9999,-9999,-9999,-9999,-9999,unassigned,N/A,-9999,-9999,N/A,-9999,-9999,-9999,-9999,-9999,-9999,-9999,N/A,-9999,-9999,N/A,-9999
778,373.112028,373.1119445911078,-9999,1309302,-9999,379829.1,15.53,-1,-9999,-9999,-9999,-9999,-9999,-9999,-9999,unassigned,N/A,-9999,-9999,N/A,-9999,-9999,-9999,-9999,-9999,-9999,-9999,N/A,-9999,-9999,N/A,-9999
789,374.759001,374.75891889667736,-9999,1131118.9,-9999,587459,13.17,-1,-9999,-9999,-9999,-9999,-9999,-9999,-9999,unassigned,N/A,-9999,-9999,N/A,-9999,-9999,-9999,-9999,-9999,-9999,-9999,N/A,-9999,-9999,N/A,-9999
790,374.775752,374.775669909956,-9999,1299828,-9999,501766.2,15.4,-1,-9999,-9999,-9999,-9999,-9999,-9999,-9999,unassigned,N/A,-9999,-9999,N/A,-9999,-9999,-9999,-9999,-9999,-9999,-9999,N/A,-9999,-9999,N/A,-9999
791,374.776762,374.7766799107567,-9999,1780084.3,-9999,257532.2,21.75,-1,-9999,-9999,-9999,-9999,-9999,-9999,-9999,unassigned,N/A,-9999,-9999,N/A,-9999,-9999,-9999,-9999,-9999,-9999,-9999,N/A,-9999,-9999,N/A,-9999
792,374.795494,374.7954119256057,-9999,1355386.1,-9999,416943.8,16.14,-1,-9999,-9999,-9999,-9999,-9999,-9999,-9999,unassigned,N/A,-9999,-9999,N/A,-9999,-9999,-9999,-9999,-9999,-9999,-9999,N/A,-9999,-9999,N/A,-9999
793,374.852583,374.8525009708606,-9999,1235595.6,-9999,432257.4,14.55,-1,-9999,-9999,-9999,-9999,-9999,-9999,-9999,unassigned,N/A,-9999,-9999,N/A,-9999,-9999,-9999,-9999,-9999,-9999,-9999,N/A,-9999,-9999,N/A,-9999
794,374.853744,374.853661971781,-9999,1974924,-9999,310909.5,24.33,-1,-9999,-9999,-9999,-9999,-9999,-9999,-9999,unassigned,N/A,-9999,-9999,N/A,-9999,-9999,-9999,-9999,-9999,-9999,-9999,N/A,-9999,-9999,N/A,-9999
797,375.078189,375.0781071497004,-9999,1543889.3,-9999,520001.3,18.63,-1,-9999,-9999,-9999,-9999,-9999,-9999,-9999,unassigned,N/A,-9999,-9999,N/A,-9999,-9999,-9999,-9999,-9999,-9999,-9999,N/A,-9999,-9999,N/A,-9999
799,375.091244,375.0911621600493,-9999,1713109.4,-9999,476667.6,20.87,-1,-9999,-9999,-9999,-9999,-9999,-9999,-9999,unassigned,N/A,-9999,-9999,N/A,-9999,-9999,-9999,-9999,-9999,-9999,-9999,N/A,-9999,-9999,N/A,-9999
813,375.165336,375.16525421878265,-9999,1429484.1,-9999,385798,17.12,-1,-9999,-9999,-9999,-9999,-9999,-9999,-9999,unassigned,N/A,-9999,-9999,N/A,-9999,-9999,-9999,-9999,-9999,-9999,-9999,N/A,-9999,-9999,N/A,-9999
818,376.728222,376.72814145769576,-9999,1526225.1,-9999,495593.7,18.39,-1,-9999,-9999,-9999,-9999,-9999,-9999,-9999,unassigned,N/A,-9999,-9999,N/A,-9999,-9999,-9999,-9999,-9999,-9999,-9999,N/A,-9999,-9999,N/A,-9999
819,376.7294,376.7293194586295,-9999,3808465.5,-9999,320600.6,48.57,-1,-9999,-9999,-9999,-9999,-9999,-9999,-9999,unassigned,N/A,-9999,-9999,N/A,-9999,-9999,-9999,-9999,-9999,-9999,-9999,N/A,-9999,-9999,N/A,-9999
820,376.774014,376.77393349399546,-9999,1142751.4,-9999,478002.5,13.32,-1,-9999,-9999,-9999,-9999,-9999,-9999,-9999,unassigned,N/A,-9999,-9999,N/A,-9999,-9999,-9999,-9999,-9999,-9999,-9999,N/A,-9999,-9999,N/A,-9999
821,376.774927,376.7748464947192,-9999,2290143.8,-9999,432955.2,28.49,-1,-9999,-9999,-9999,-9999,-9999,-9999,-9999,unassigned,N/A,-9999,-9999,N/A,-9999,-9999,-9999,-9999,-9999,-9999,-9999,N/A,-9999,-9999,N/A,-9999
822,376.851668,376.8515875555525,-9999,1051383.6,-9999,368239.5,12.11,-1,-9999,-9999,-9999,-9999,-9999,-9999,-9999,unassigned,N/A,-9999,-9999,N/A,-9999,-9999,-9999,-9999,-9999,-9999,-9999,N/A,-9999,-9999,N/A,-9999
835,377.144663,377.14458278781206,-9999,1528403.1,-9999,377990.9,18.42,-1,-9999,-9999,-9999,-9999,-9999,-9999,-9999,unassigned,N/A,-9999,-9999,N/A,-9999,-9999,-9999,-9999,-9999,-9999,-9999,N/A,-9999,-9999,N/A,-9999
836,377.166607,377.1665268052072,-9999,2500698,-9999,499196.9,31.27,-1,-9999,-9999,-9999,-9999,-9999,-9999,-9999,unassigned,N/A,-9999,-9999,N/A,-9999,-9999,-9999,-9999,-9999,-9999,-9999,N/A,-9999,-9999,N/A,-9999
838,377.179748,377.1796678156242,-9999,1539806.1,-9999,418301.2,18.57,-1,-9999,-9999,-9999,-9999,-9999,-9999,-9999,unassigned,N/A,-9999,-9999,N/A,-9999,-9999,-9999,-9999,-9999,-9999,-9999,N/A,-9999,-9999,N/A,-9999
839,377.18091,377.1808298165453,-9999,4472926.5,-9999,349053.8,57.35,-1,-9999,-9999,-9999,-9999,-9999,-9999,-9999,unassigned,N/A,-9999,-9999,N/A,-9999,-9999,-9999,-9999,-9999,-9999,-9999,N/A,-9999,-9999,N/A,-9999
845,378.723188,378.72310903912233,-9999,1097538.6,-9999,499608.4,12.42,-1,-9999,-9999,-9999,-9999,-9999,-9999,-9999,unassigned,N/A,-9999,-9999,N/A,-9999,-9999,-9999,-9999,-9999,-9999,-9999,N/A,-9999,-9999,N/A,-9999
846,378.726159,378.7260800414775,-9999,4779587.5,-9999,430438,60,-1,-9999,-9999,-9999,-9999,-9999,-9999,-9999,unassigned,N/A,-9999,-9999,N/A,-9999,-9999,-9999,-9999,-9999,-9999,-9999,N/A,-9999,-9999,N/A,-9999
847,378.727386,378.72730704245015,-9999,11526212,-9999,350490.4,147.17,-1,-9999,-9999,-9999,-9999,-9999,-9999,-9999,unassigned,N/A,-9999,-9999,N/A,-9999,-9999,-9999,-9999,-9999,-9999,-9999,N/A,-9999,-9999,N/A,-9999
848,378.745047,378.74496805645015,-9999,1302089.6,-9999,444749.3,15.06,-1,-9999,-9999,-9999,-9999,-9999,-9999,-9999,unassigned,N/A,-9999,-9999,N/A,-9999,-9999,-9999,-9999,-9999,-9999,-9999,N/A,-9999,-9999,N/A,-9999
860,379.17805,379.1779713996953,-9999,1119762.3,-9999,289603.4,12.71,-1,-9999,-9999,-9999,-9999,-9999,-9999,-9999,unassigned,N/A,-9999,-9999,N/A,-9999,-9999,-9999,-9999,-9999,-9999,-9999,N/A,-9999,-9999,N/A,-9999
861,379.182284,379.1822054030517,-9999,2008019.6,-9999,409753.1,24.18,-1,-9999,-9999,-9999,-9999,-9999,-9999,-9999,unassigned,N/A,-9999,-9999,N/A,-9999,-9999,-9999,-9999,-9999,-9999,-9999,N/A,-9999,-9999,N/A,-9999
871,380.721147,380.7210696229215,-9999,1196988.1,-9999,523791.4,13.7,-1,-9999,-9999,-9999,-9999,-9999,-9999,-9999,unassigned,N/A,-9999,-9999,N/A,-9999,-9999,-9999,-9999,-9999,-9999,-9999,N/A,-9999,-9999,N/A,-9999
872,380.723167,380.7230896245228,-9999,1743548.8,-9999,448342.3,20.76,-1,-9999,-9999,-9999,-9999,-9999,-9999,-9999,unassigned,N/A,-9999,-9999,N/A,-9999,-9999,-9999,-9999,-9999,-9999,-9999,N/A,-9999,-9999,N/A,-9999
873,380.724176,380.72409862532265,-9999,7218877,-9999,555382.7,91.51,-1,-9999,-9999,-9999,-9999,-9999,-9999,-9999,unassigned,N/A,-9999,-9999,N/A,-9999,-9999,-9999,-9999,-9999,-9999,-9999,N/A,-9999,-9999,N/A,-9999
874,380.725274,380.72519662619305,-9999,11785917,-9999,375984.6,150.52,-1,-9999,-9999,-9999,-9999,-9999,-9999,-9999,unassigned,N/A,-9999,-9999,N/A,-9999,-9999,-9999,-9999,-9999,-9999,-9999,N/A,-9999,-9999,N/A,-9999
875,380.741765,380.7416876392656,-9999,1633218.6,-9999,458505,19.33,-1,-9999,-9999,-9999,-9999,-9999,-9999,-9999,unassigned,N/A,-9999,-9999,N/A,-9999,-9999,-9999,-9999,-9999,-9999,-9999,N/A,-9999,-9999,N/A,-9999
876,380.743018,380.7429406402589,-9999,3214531,-9999,299877.5,39.77,-1,-9999,-9999,-9999,-9999,-9999,-9999,-9999,unassigned,N/A,-9999,-9999,N/A,-9999,-9999,-9999,-9999,-9999,-9999,-9999,N/A,-9999,-9999,N/A,-9999
878,381.052348,381.0522708854674,-9999,1821733.8,-9999,463536.2,21.77,-1,-9999,-9999,-9999,-9999,-9999,-9999,-9999,unassigned,N/A,-9999,-9999,N/A,-9999,-9999,-9999,-9999,-9999,-9999,-9999,N/A,-9999,-9999,N/A,-9999
891,381.237725,381.2376480324174,-9999,1604705,-9999,415588.9,18.96,-1,-9999,-9999,-9999,-9999,-9999,-9999,-9999,unassigned,N/A,-9999,-9999,N/A,-9999,-9999,-9999,-9999,-9999,-9999,-9999,N/A,-9999,-9999,N/A,-9999
901,382.721012,382.7209362082317,-9999,1385788.8,-9999,594882.1,16.13,-1,-9999,-9999,-9999,-9999,-9999,-9999,-9999,unassigned,N/A,-9999,-9999,N/A,-9999,-9999,-9999,-9999,-9999,-9999,-9999,N/A,-9999,-9999,N/A,-9999
902,382.722149,382.722073209133,-9999,3726141.3,-9999,391387.1,46.37,-1,-9999,-9999,-9999,-9999,-9999,-9999,-9999,unassigned,N/A,-9999,-9999,N/A,-9999,-9999,-9999,-9999,-9999,-9999,-9999,N/A,-9999,-9999,N/A,-9999
903,382.723339,382.7232632100763,-9999,3549501.5,-9999,401909.7,44.09,-1,-9999,-9999,-9999,-9999,-9999,-9999,-9999,unassigned,N/A,-9999,-9999,N/A,-9999,-9999,-9999,-9999,-9999,-9999,-9999,N/A,-9999,-9999,N/A,-9999
904,382.739817,382.7397412231386,-9999,1581378.9,-9999,505093.9,18.66,-1,-9999,-9999,-9999,-9999,-9999,-9999,-9999,unassigned,N/A,-9999,-9999,N/A,-9999,-9999,-9999,-9999,-9999,-9999,-9999,N/A,-9999,-9999,N/A,-9999
905,382.740958,382.740882224043,-9999,3519811.3,-9999,389539.6,43.7,-1,-9999,-9999,-9999,-9999,-9999,-9999,-9999,unassigned,N/A,-9999,-9999,N/A,-9999,-9999,-9999,-9999,-9999,-9999,-9999,N/A,-9999,-9999,N/A,-9999
922,384.101121,384.1010463022559,-9999,1119610.6,-9999,383329.3,12.68,-1,-9999,-9999,-9999,-9999,-9999,-9999,-9999,unassigned,N/A,-9999,-9999,N/A,-9999,-9999,-9999,-9999,-9999,-9999,-9999,N/A,-9999,-9999,N/A,-9999
925,384.720365,384.7202907931359,-9999,1305283.6,-9999,344407.7,15.08,-1,-9999,-9999,-9999,-9999,-9999,-9999,-9999,unassigned,N/A,-9999,-9999,N/A,-9999,-9999,-9999,-9999,-9999,-9999,-9999,N/A,-9999,-9999,N/A,-9999
926,384.739216,384.7391418080792,-9999,1159625.8,-9999,507373.9,13.2,-1,-9999,-9999,-9999,-9999,-9999,-9999,-9999,unassigned,N/A,-9999,-9999,N/A,-9999,-9999,-9999,-9999,-9999,-9999,-9999,N/A,-9999,-9999,N/A,-9999
927,384.797589,384.7975148543521,-9999,2162140.8,-9999,390178,26.15,-1,-9999,-9999,-9999,-9999,-9999,-9999,-9999,unassigned,N/A,-9999,-9999,N/A,-9999,-9999,-9999,-9999,-9999,-9999,-9999,N/A,-9999,-9999,N/A,-9999
931,385.083673,385.0835990811332,-9999,2808890,-9999,520660.4,34.51,-1,-9999,-9999,-9999,-9999,-9999,-9999,-9999,unassigned,N/A,-9999,-9999,N/A,-9999,-9999,-9999,-9999,-9999,-9999,-9999,N/A,-9999,-9999,N/A,-9999
934,385.11234,385.11226610385785,-9999,1522755.3,-9999,403193.4,17.89,-1,-9999,-9999,-9999,-9999,-9999,-9999,-9999,unassigned,N/A,-9999,-9999,N/A,-9999,-9999,-9999,-9999,-9999,-9999,-9999,N/A,-9999,-9999,N/A,-9999
939,385.148683,385.1486091326673,-9999,1124559,-9999,277702.2,12.74,-1,-9999,-9999,-9999,-9999,-9999,-9999,-9999,unassigned,N/A,-9999,-9999,N/A,-9999,-9999,-9999,-9999,-9999,-9999,-9999,N/A,-9999,-9999,N/A,-9999
941,385.156455,385.1563811388282,-9999,2015569.6,-9999,496605,24.26,-1,-9999,-9999,-9999,-9999,-9999,-9999,-9999,unassigned,N/A,-9999,-9999,N/A,-9999,-9999,-9999,-9999,-9999,-9999,-9999,N/A,-9999,-9999,N/A,-9999
948,386.722691,386.72261838039685,-9999,1245009.6,-9999,475954.9,13.94,-1,-9999,-9999,-9999,-9999,-9999,-9999,-9999,unassigned,N/A,-9999,-9999,N/A,-9999,-9999,-9999,-9999,-9999,-9999,-9999,N/A,-9999,-9999,N/A,-9999
949,386.795603,386.7955304381949,-9999,1937513.5,-9999,407373.1,22.66,-1,-9999,-9999,-9999,-9999,-9999,-9999,-9999,unassigned,N/A,-9999,-9999,N/A,-9999,-9999,-9999,-9999,-9999,-9999,-9999,N/A,-9999,-9999,N/A,-9999
954,387.091688,387.0916156729039,-9999,1130186.8,-9999,467671.8,12.49,-1,-9999,-9999,-9999,-9999,-9999,-9999,-9999,unassigned,N/A,-9999,-9999,N/A,-9999,-9999,-9999,-9999,-9999,-9999,-9999,N/A,-9999,-9999,N/A,-9999
955,387.092591,387.0925186736198,-9999,2566987,-9999,321818,30.59,-1,-9999,-9999,-9999,-9999,-9999,-9999,-9999,unassigned,N/A,-9999,-9999,N/A,-9999,-9999,-9999,-9999,-9999,-9999,-9999,N/A,-9999,-9999,N/A,-9999
959,387.12772,387.12764770146686,-9999,1225686.6,-9999,478744.1,13.69,-1,-9999,-9999,-9999,-9999,-9999,-9999,-9999,unassigned,N/A,-9999,-9999,N/A,-9999,-9999,-9999,-9999,-9999,-9999,-9999,N/A,-9999,-9999,N/A,-9999
976,389.107045,389.10697427049473,-9999,1386339.8,-9999,424125.5,15.71,-1,-9999,-9999,-9999,-9999,-9999,-9999,-9999,unassigned,N/A,-9999,-9999,N/A,-9999,-9999,-9999,-9999,-9999,-9999,-9999,N/A,-9999,-9999,N/A,-9999
987,391.038224,391.0381548013569,-9999,1729254.1,-9999,362065,20.02,-1,-9999,-9999,-9999,-9999,-9999,-9999,-9999,unassigned,N/A,-9999,-9999,N/A,-9999,-9999,-9999,-9999,-9999,-9999,-9999,N/A,-9999,-9999,N/A,-9999
1001,391.123881,391.12381186925785,-9999,3215362.8,-9999,416319,38.74,-1,-9999,-9999,-9999,-9999,-9999,-9999,-9999,unassigned,N/A,-9999,-9999,N/A,-9999,-9999,-9999,-9999,-9999,-9999,-9999,N/A,-9999,-9999,N/A,-9999
1004,391.160268,391.1601988981021,-9999,1537294.9,-9999,319522.2,17.6,-1,-9999,-9999,-9999,-9999,-9999,-9999,-9999,unassigned,N/A,-9999,-9999,N/A,-9999,-9999,-9999,-9999,-9999,-9999,-9999,N/A,-9999,-9999,N/A,-9999
1009,392.106479,392.10641064817173,-9999,1701963.6,-9999,373600.7,19.67,-1,-9999,-9999,-9999,-9999,-9999,-9999,-9999,unassigned,N/A,-9999,-9999,N/A,-9999,-9999,-9999,-9999,-9999,-9999,-9999,N/A,-9999,-9999,N/A,-9999
1013,392.115527,392.1154586553441,-9999,2156366.5,-9999,365342.3,25.4,-1,-9999,-9999,-9999,-9999,-9999,-9999,-9999,unassigned,N/A,-9999,-9999,N/A,-9999,-9999,-9999,-9999,-9999,-9999,-9999,N/A,-9999,-9999,N/A,-9999
1029,393.139658,393.1395904671816,-9999,2636454.5,-9999,300820,31.44,-1,-9999,-9999,-9999,-9999,-9999,-9999,-9999,unassigned,N/A,-9999,-9999,N/A,-9999,-9999,-9999,-9999,-9999,-9999,-9999,N/A,-9999,-9999,N/A,-9999
1032,393.176137,393.1760694960987,-9999,1351474.9,-9999,358095.7,15.25,-1,-9999,-9999,-9999,-9999,-9999,-9999,-9999,unassigned,N/A,-9999,-9999,N/A,-9999,-9999,-9999,-9999,-9999,-9999,-9999,N/A,-9999,-9999,N/A,-9999
1039,394.109076,394.10900923564753,-9999,13457389,-9999,337528.1,167.77,-1,-9999,-9999,-9999,-9999,-9999,-9999,-9999,unassigned,N/A,-9999,-9999,N/A,-9999,-9999,-9999,-9999,-9999,-9999,-9999,N/A,-9999,-9999,N/A,-9999
1061,395.191668,395.19160209382744,-9999,1258075.5,-9999,532235.7,13.59,-1,-9999,-9999,-9999,-9999,-9999,-9999,-9999,unassigned,N/A,-9999,-9999,N/A,-9999,-9999,-9999,-9999,-9999,-9999,-9999,N/A,-9999,-9999,N/A,-9999
1064,396.072979,396.0729137924502,-9999,1380742.5,-9999,407526.6,15.08,-1,-9999,-9999,-9999,-9999,-9999,-9999,-9999,unassigned,N/A,-9999,-9999,N/A,-9999,-9999,-9999,-9999,-9999,-9999,-9999,N/A,-9999,-9999,N/A,-9999
1065,396.101247,396.10118181485853,-9999,1430928.1,-9999,420669.2,15.69,-1,-9999,-9999,-9999,-9999,-9999,-9999,-9999,unassigned,N/A,-9999,-9999,N/A,-9999,-9999,-9999,-9999,-9999,-9999,-9999,N/A,-9999,-9999,N/A,-9999
1072,396.22545,396.22538491331534,-9999,31746746,-9999,350035.8,384.82,-1,-9999,-9999,-9999,-9999,-9999,-9999,-9999,unassigned,N/A,-9999,-9999,N/A,-9999,-9999,-9999,-9999,-9999,-9999,-9999,N/A,-9999,-9999,N/A,-9999
1081,397.14868,397.1486156451677,-9999,1257716.6,-9999,466251.5,13.58,-1,-9999,-9999,-9999,-9999,-9999,-9999,-9999,unassigned,N/A,-9999,-9999,N/A,-9999,-9999,-9999,-9999,-9999,-9999,-9999,N/A,-9999,-9999,N/A,-9999
1086,397.171147,397.1710826629774,-9999,1676540.4,-9999,316079.1,18.68,-1,-9999,-9999,-9999,-9999,-9999,-9999,-9999,unassigned,N/A,-9999,-9999,N/A,-9999,-9999,-9999,-9999,-9999,-9999,-9999,N/A,-9999,-9999,N/A,-9999
1090,397.232748,397.2326837118091,-9999,1817617.4,-9999,386940.2,20.4,-1,-9999,-9999,-9999,-9999,-9999,-9999,-9999,unassigned,N/A,-9999,-9999,N/A,-9999,-9999,-9999,-9999,-9999,-9999,-9999,N/A,-9999,-9999,N/A,-9999
1093,398.11687,398.11680641266014,-9999,1267007.3,-9999,389815.1,13.69,-1,-9999,-9999,-9999,-9999,-9999,-9999,-9999,unassigned,N/A,-9999,-9999,N/A,-9999,-9999,-9999,-9999,-9999,-9999,-9999,N/A,-9999,-9999,N/A,-9999
1097,399.064404,399.06434116377847,-9999,4167811.8,-9999,298531.9,49.01,-1,-9999,-9999,-9999,-9999,-9999,-9999,-9999,unassigned,N/A,-9999,-9999,N/A,-9999,-9999,-9999,-9999,-9999,-9999,-9999,N/A,-9999,-9999,N/A,-9999
1098,399.079852,399.07978917602424,-9999,1453449,-9999,344254.2,15.96,-1,-9999,-9999,-9999,-9999,-9999,-9999,-9999,unassigned,N/A,-9999,-9999,N/A,-9999,-9999,-9999,-9999,-9999,-9999,-9999,N/A,-9999,-9999,N/A,-9999
1105,399.129168,399.1291052151174,-9999,3987098,-9999,341834.5,46.81,-1,-9999,-9999,-9999,-9999,-9999,-9999,-9999,unassigned,N/A,-9999,-9999,N/A,-9999,-9999,-9999,-9999,-9999,-9999,-9999,N/A,-9999,-9999,N/A,-9999
1109,399.165492,399.1654292439118,-9999,2365862.5,-9999,314742,27.07,-1,-9999,-9999,-9999,-9999,-9999,-9999,-9999,unassigned,N/A,-9999,-9999,N/A,-9999,-9999,-9999,-9999,-9999,-9999,-9999,N/A,-9999,-9999,N/A,-9999
1116,400.132647,400.13258501058385,-9999,1286898.6,-9999,450202.7,13.92,-1,-9999,-9999,-9999,-9999,-9999,-9999,-9999,unassigned,N/A,-9999,-9999,N/A,-9999,-9999,-9999,-9999,-9999,-9999,-9999,N/A,-9999,-9999,N/A,-9999
1123,401.080084,401.0800227616253,-9999,3640121,-9999,290981.1,42.57,-1,-9999,-9999,-9999,-9999,-9999,-9999,-9999,unassigned,N/A,-9999,-9999,N/A,-9999,-9999,-9999,-9999,-9999,-9999,-9999,N/A,-9999,-9999,N/A,-9999
1125,401.107006,401.1069447829666,-9999,1474114.4,-9999,443590.4,16.2,-1,-9999,-9999,-9999,-9999,-9999,-9999,-9999,unassigned,N/A,-9999,-9999,N/A,-9999,-9999,-9999,-9999,-9999,-9999,-9999,N/A,-9999,-9999,N/A,-9999
1126,401.108376,401.1083147840526,-9999,3611458.8,-9999,306336.9,42.22,-1,-9999,-9999,-9999,-9999,-9999,-9999,-9999,unassigned,N/A,-9999,-9999,N/A,-9999,-9999,-9999,-9999,-9999,-9999,-9999,N/A,-9999,-9999,N/A,-9999
1128,401.116421,401.1163597904299,-9999,5359941.5,-9999,307917.4,63.51,-1,-9999,-9999,-9999,-9999,-9999,-9999,-9999,unassigned,N/A,-9999,-9999,N/A,-9999,-9999,-9999,-9999,-9999,-9999,-9999,N/A,-9999,-9999,N/A,-9999
1131,401.143464,401.14340281186713,-9999,1684559,-9999,409526.8,18.76,-1,-9999,-9999,-9999,-9999,-9999,-9999,-9999,unassigned,N/A,-9999,-9999,N/A,-9999,-9999,-9999,-9999,-9999,-9999,-9999,N/A,-9999,-9999,N/A,-9999
1137,401.181163,401.18110184175146,-9999,2271324,-9999,346462.7,25.91,-1,-9999,-9999,-9999,-9999,-9999,-9999,-9999,unassigned,N/A,-9999,-9999,N/A,-9999,-9999,-9999,-9999,-9999,-9999,-9999,N/A,-9999,-9999,N/A,-9999
1150,403.122791,403.1227313808966,-9999,1479420.4,-9999,420303.7,16.26,-1,-9999,-9999,-9999,-9999,-9999,-9999,-9999,unassigned,N/A,-9999,-9999,N/A,-9999,-9999,-9999,-9999,-9999,-9999,-9999,N/A,-9999,-9999,N/A,-9999
1156,403.160466,403.1604064107619,-9999,2526217.5,-9999,290186.4,29,-1,-9999,-9999,-9999,-9999,-9999,-9999,-9999,unassigned,N/A,-9999,-9999,N/A,-9999,-9999,-9999,-9999,-9999,-9999,-9999,N/A,-9999,-9999,N/A,-9999
1158,403.196807,403.19674743956966,-9999,1542934.1,-9999,352375.8,17.03,-1,-9999,-9999,-9999,-9999,-9999,-9999,-9999,unassigned,N/A,-9999,-9999,N/A,-9999,-9999,-9999,-9999,-9999,-9999,-9999,N/A,-9999,-9999,N/A,-9999
1163,405.053863,405.05380491167386,-9999,3415197.5,-9999,315271.9,38.47,-1,-9999,-9999,-9999,-9999,-9999,-9999,-9999,unassigned,N/A,-9999,-9999,N/A,-9999,-9999,-9999,-9999,-9999,-9999,-9999,N/A,-9999,-9999,N/A,-9999
1174,405.13974,405.13968197974935,-9999,2045115.6,-9999,279753,22.35,-1,-9999,-9999,-9999,-9999,-9999,-9999,-9999,unassigned,N/A,-9999,-9999,N/A,-9999,-9999,-9999,-9999,-9999,-9999,-9999,N/A,-9999,-9999,N/A,-9999
1175,405.157821,405.1577629940823,-9999,1308354,-9999,353835.8,13.68,-1,-9999,-9999,-9999,-9999,-9999,-9999,-9999,unassigned,N/A,-9999,-9999,N/A,-9999,-9999,-9999,-9999,-9999,-9999,-9999,N/A,-9999,-9999,N/A,-9999
1177,405.176239,405.1761810086824,-9999,1306056.4,-9999,340850.1,13.66,-1,-9999,-9999,-9999,-9999,-9999,-9999,-9999,unassigned,N/A,-9999,-9999,N/A,-9999,-9999,-9999,-9999,-9999,-9999,-9999,N/A,-9999,-9999,N/A,-9999
1183,406.127729,406.12767176293664,-9999,8172054,-9999,285263.6,94.41,-1,-9999,-9999,-9999,-9999,-9999,-9999,-9999,unassigned,N/A,-9999,-9999,N/A,-9999,-9999,-9999,-9999,-9999,-9999,-9999,N/A,-9999,-9999,N/A,-9999
1186,406.166676,406.1666187938103,-9999,1278755.6,-9999,437078.4,13.33,-1,-9999,-9999,-9999,-9999,-9999,-9999,-9999,unassigned,N/A,-9999,-9999,N/A,-9999,-9999,-9999,-9999,-9999,-9999,-9999,N/A,-9999,-9999,N/A,-9999
1201,407.137342,407.1372855632655,-9999,1294329.3,-9999,336343.1,13.51,-1,-9999,-9999,-9999,-9999,-9999,-9999,-9999,unassigned,N/A,-9999,-9999,N/A,-9999,-9999,-9999,-9999,-9999,-9999,-9999,N/A,-9999,-9999,N/A,-9999
1204,407.175005,407.1749485931213,-9999,1418118.5,-9999,372460.3,14.97,-1,-9999,-9999,-9999,-9999,-9999,-9999,-9999,unassigned,N/A,-9999,-9999,N/A,-9999,-9999,-9999,-9999,-9999,-9999,-9999,N/A,-9999,-9999,N/A,-9999
1222,409.085143,409.0850881073041,-9999,10077226,-9999,300279.7,116.81,-1,-9999,-9999,-9999,-9999,-9999,-9999,-9999,unassigned,N/A,-9999,-9999,N/A,-9999,-9999,-9999,-9999,-9999,-9999,-9999,N/A,-9999,-9999,N/A,-9999
1239,410.117145,410.1170909253809,-9999,1339033.9,-9999,372095.6,14.02,-1,-9999,-9999,-9999,-9999,-9999,-9999,-9999,unassigned,N/A,-9999,-9999,N/A,-9999,-9999,-9999,-9999,-9999,-9999,-9999,N/A,-9999,-9999,N/A,-9999
1248,411.100775,411.1007217051129,-9999,15095545,-9999,326868.1,175.83,-1,-9999,-9999,-9999,-9999,-9999,-9999,-9999,unassigned,N/A,-9999,-9999,N/A,-9999,-9999,-9999,-9999,-9999,-9999,-9999,N/A,-9999,-9999,N/A,-9999
1249,411.129149,411.12909572760515,-9999,2789123.5,-9999,286734.8,31.08,-1,-9999,-9999,-9999,-9999,-9999,-9999,-9999,unassigned,N/A,-9999,-9999,N/A,-9999,-9999,-9999,-9999,-9999,-9999,-9999,N/A,-9999,-9999,N/A,-9999
1255,411.18681,411.1867567733135,-9999,1884696.3,-9999,328557.3,20.44,-1,-9999,-9999,-9999,-9999,-9999,-9999,-9999,unassigned,N/A,-9999,-9999,N/A,-9999,-9999,-9999,-9999,-9999,-9999,-9999,N/A,-9999,-9999,N/A,-9999
1262,412.220578,412.22052559279024,-9999,4409483.5,-9999,296561.3,50.13,-1,-9999,-9999,-9999,-9999,-9999,-9999,-9999,unassigned,N/A,-9999,-9999,N/A,-9999,-9999,-9999,-9999,-9999,-9999,-9999,N/A,-9999,-9999,N/A,-9999
1273,413.143615,413.1435633244896,-9999,1889240.3,-9999,436857.8,20.48,-1,-9999,-9999,-9999,-9999,-9999,-9999,-9999,unassigned,N/A,-9999,-9999,N/A,-9999,-9999,-9999,-9999,-9999,-9999,-9999,N/A,-9999,-9999,N/A,-9999
1279,413.187665,413.1876133594084,-9999,1368040.3,-9999,554349.5,14.35,-1,-9999,-9999,-9999,-9999,-9999,-9999,-9999,unassigned,N/A,-9999,-9999,N/A,-9999,-9999,-9999,-9999,-9999,-9999,-9999,N/A,-9999,-9999,N/A,-9999
1287,415.059325,415.0592748430893,-9999,2461327.3,-9999,315166.7,26.27,-1,-9999,-9999,-9999,-9999,-9999,-9999,-9999,unassigned,N/A,-9999,-9999,N/A,-9999,-9999,-9999,-9999,-9999,-9999,-9999,N/A,-9999,-9999,N/A,-9999
1295,415.12294,415.1228898935175,-9999,2016678.5,-9999,361998.2,21.22,-1,-9999,-9999,-9999,-9999,-9999,-9999,-9999,unassigned,N/A,-9999,-9999,N/A,-9999,-9999,-9999,-9999,-9999,-9999,-9999,N/A,-9999,-9999,N/A,-9999
1301,415.159043,415.15899292213663,-9999,1342259.8,-9999,472404.5,13.56,-1,-9999,-9999,-9999,-9999,-9999,-9999,-9999,unassigned,N/A,-9999,-9999,N/A,-9999,-9999,-9999,-9999,-9999,-9999,-9999,N/A,-9999,-9999,N/A,-9999
1308,416.887903,416.8878542926187,-9999,1469996.5,-9999,374555.2,15,-1,-9999,-9999,-9999,-9999,-9999,-9999,-9999,unassigned,N/A,-9999,-9999,N/A,-9999,-9999,-9999,-9999,-9999,-9999,-9999,N/A,-9999,-9999,N/A,-9999
1322,417.138487,417.13843849125885,-9999,2226056.5,-9999,463311.9,23.59,-1,-9999,-9999,-9999,-9999,-9999,-9999,-9999,unassigned,N/A,-9999,-9999,N/A,-9999,-9999,-9999,-9999,-9999,-9999,-9999,N/A,-9999,-9999,N/A,-9999
1323,417.139704,417.13965549222354,-9999,4014729,-9999,271046.7,43.9,-1,-9999,-9999,-9999,-9999,-9999,-9999,-9999,unassigned,N/A,-9999,-9999,N/A,-9999,-9999,-9999,-9999,-9999,-9999,-9999,N/A,-9999,-9999,N/A,-9999
1333,418.221638,418.2215903498819,-9999,1932568.1,-9999,304593.7,20.25,-1,-9999,-9999,-9999,-9999,-9999,-9999,-9999,unassigned,N/A,-9999,-9999,N/A,-9999,-9999,-9999,-9999,-9999,-9999,-9999,N/A,-9999,-9999,N/A,-9999
1334,418.802305,418.8022578101816,-9999,1642735.1,-9999,440943.5,16.95,-1,-9999,-9999,-9999,-9999,-9999,-9999,-9999,unassigned,N/A,-9999,-9999,N/A,-9999,-9999,-9999,-9999,-9999,-9999,-9999,N/A,-9999,-9999,N/A,-9999
1335,418.803345,418.803297811006,-9999,3479023.5,-9999,404001.1,37.81,-1,-9999,-9999,-9999,-9999,-9999,-9999,-9999,unassigned,N/A,-9999,-9999,N/A,-9999,-9999,-9999,-9999,-9999,-9999,-9999,N/A,-9999,-9999,N/A,-9999
1336,418.858925,418.85887785506475,-9999,1353220.1,-9999,414511.6,13.67,-1,-9999,-9999,-9999,-9999,-9999,-9999,-9999,unassigned,N/A,-9999,-9999,N/A,-9999,-9999,-9999,-9999,-9999,-9999,-9999,N/A,-9999,-9999,N/A,-9999
1365,420.673941,420.67389529384354,-9999,1253288.4,-9999,385916.6,12.52,-1,-9999,-9999,-9999,-9999,-9999,-9999,-9999,unassigned,N/A,-9999,-9999,N/A,-9999,-9999,-9999,-9999,-9999,-9999,-9999,N/A,-9999,-9999,N/A,-9999
1366,420.67782,420.6777742969184,-9999,6374570,-9999,458047.9,70.69,-1,-9999,-9999,-9999,-9999,-9999,-9999,-9999,unassigned,N/A,-9999,-9999,N/A,-9999,-9999,-9999,-9999,-9999,-9999,-9999,N/A,-9999,-9999,N/A,-9999
1367,420.679229,420.67918329803535,-9999,14652586,-9999,281406.3,164.71,-1,-9999,-9999,-9999,-9999,-9999,-9999,-9999,unassigned,N/A,-9999,-9999,N/A,-9999,-9999,-9999,-9999,-9999,-9999,-9999,N/A,-9999,-9999,N/A,-9999
1368,420.800201,420.8001553939309,-9999,1377239.6,-9999,314175.8,13.93,-1,-9999,-9999,-9999,-9999,-9999,-9999,-9999,unassigned,N/A,-9999,-9999,N/A,-9999,-9999,-9999,-9999,-9999,-9999,-9999,N/A,-9999,-9999,N/A,-9999
1369,420.80112,420.8010743946594,-9999,3421400,-9999,313224.3,37.15,-1,-9999,-9999,-9999,-9999,-9999,-9999,-9999,unassigned,N/A,-9999,-9999,N/A,-9999,-9999,-9999,-9999,-9999,-9999,-9999,N/A,-9999,-9999,N/A,-9999
1387,421.152956,421.1529106735628,-9999,1472091.8,-9999,388808.4,15.01,-1,-9999,-9999,-9999,-9999,-9999,-9999,-9999,unassigned,N/A,-9999,-9999,N/A,-9999,-9999,-9999,-9999,-9999,-9999,-9999,N/A,-9999,-9999,N/A,-9999
1394,421.233019,421.23297373702945,-9999,4170873.8,-9999,365770.5,45.66,-1,-9999,-9999,-9999,-9999,-9999,-9999,-9999,unassigned,N/A,-9999,-9999,N/A,-9999,-9999,-9999,-9999,-9999,-9999,-9999,N/A,-9999,-9999,N/A,-9999
1402,422.671964,422.6719198776934,-9999,6991768,-9999,470185.8,77.69,-1,-9999,-9999,-9999,-9999,-9999,-9999,-9999,unassigned,N/A,-9999,-9999,N/A,-9999,-9999,-9999,-9999,-9999,-9999,-9999,N/A,-9999,-9999,N/A,-9999
1403,422.675702,422.6756578806566,-9999,21956506,-9999,518072.5,247.67,-1,-9999,-9999,-9999,-9999,-9999,-9999,-9999,unassigned,N/A,-9999,-9999,N/A,-9999,-9999,-9999,-9999,-9999,-9999,-9999,N/A,-9999,-9999,N/A,-9999
1404,422.677072,422.6770278817426,-9999,88084376,-9999,410323.5,998.76,-1,-9999,-9999,-9999,-9999,-9999,-9999,-9999,unassigned,N/A,-9999,-9999,N/A,-9999,-9999,-9999,-9999,-9999,-9999,-9999,N/A,-9999,-9999,N/A,-9999
1424,423.678987,423.6789436759692,-9999,1469973.5,-9999,764924.6,14.45,-1,-9999,-9999,-9999,-9999,-9999,-9999,-9999,unassigned,N/A,-9999,-9999,N/A,-9999,-9999,-9999,-9999,-9999,-9999,-9999,N/A,-9999,-9999,N/A,-9999
1425,423.680527,423.6804836771899,-9999,3936534,-9999,271663.1,41.49,-1,-9999,-9999,-9999,-9999,-9999,-9999,-9999,unassigned,N/A,-9999,-9999,N/A,-9999,-9999,-9999,-9999,-9999,-9999,-9999,N/A,-9999,-9999,N/A,-9999
1427,424.132548,424.13250503551086,-9999,1407810,-9999,237416.8,13.77,-1,-9999,-9999,-9999,-9999,-9999,-9999,-9999,unassigned,N/A,-9999,-9999,N/A,-9999,-9999,-9999,-9999,-9999,-9999,-9999,N/A,-9999,-9999,N/A,-9999
1431,424.669869,424.6698264614499,-9999,10830479,-9999,451334.5,117.06,-1,-9999,-9999,-9999,-9999,-9999,-9999,-9999,unassigned,N/A,-9999,-9999,N/A,-9999,-9999,-9999,-9999,-9999,-9999,-9999,N/A,-9999,-9999,N/A,-9999
1432,424.673614,424.6735714644185,-9999,33952400,-9999,426635.1,370.54,-1,-9999,-9999,-9999,-9999,-9999,-9999,-9999,unassigned,N/A,-9999,-9999,N/A,-9999,-9999,-9999,-9999,-9999,-9999,-9999,N/A,-9999,-9999,N/A,-9999
1433,424.675017,424.67497446553074,-9999,128504464,-9999,379985.7,1407.06,-1,-9999,-9999,-9999,-9999,-9999,-9999,-9999,unassigned,N/A,-9999,-9999,N/A,-9999,-9999,-9999,-9999,-9999,-9999,-9999,N/A,-9999,-9999,N/A,-9999
1434,424.692722,424.6926794795656,-9999,5680279.5,-9999,258043,60.6,-1,-9999,-9999,-9999,-9999,-9999,-9999,-9999,unassigned,N/A,-9999,-9999,N/A,-9999,-9999,-9999,-9999,-9999,-9999,-9999,N/A,-9999,-9999,N/A,-9999
1457,425.22577,425.22572790211734,-9999,1253283.6,-9999,304212.6,12.07,-1,-9999,-9999,-9999,-9999,-9999,-9999,-9999,unassigned,N/A,-9999,-9999,N/A,-9999,-9999,-9999,-9999,-9999,-9999,-9999,N/A,-9999,-9999,N/A,-9999
1459,425.312428,425.3123859708119,-9999,4248453,-9999,399094.4,44.9,-1,-9999,-9999,-9999,-9999,-9999,-9999,-9999,unassigned,N/A,-9999,-9999,N/A,-9999,-9999,-9999,-9999,-9999,-9999,-9999,N/A,-9999,-9999,N/A,-9999
1460,425.313858,425.3138159719454,-9999,9820037,-9999,278170.2,105.98,-1,-9999,-9999,-9999,-9999,-9999,-9999,-9999,unassigned,N/A,-9999,-9999,N/A,-9999,-9999,-9999,-9999,-9999,-9999,-9999,N/A,-9999,-9999,N/A,-9999
1461,425.676981,425.67693925979614,-9999,2385424.8,-9999,531187.6,24.48,-1,-9999,-9999,-9999,-9999,-9999,-9999,-9999,unassigned,N/A,-9999,-9999,N/A,-9999,-9999,-9999,-9999,-9999,-9999,-9999,N/A,-9999,-9999,N/A,-9999
1462,425.678436,425.6783942609495,-9999,5930001,-9999,275777.8,63.33,-1,-9999,-9999,-9999,-9999,-9999,-9999,-9999,unassigned,N/A,-9999,-9999,N/A,-9999,-9999,-9999,-9999,-9999,-9999,-9999,N/A,-9999,-9999,N/A,-9999
1471,426.317179,426.3171377672866,-9999,3022087,-9999,290932,31.45,-1,-9999,-9999,-9999,-9999,-9999,-9999,-9999,unassigned,N/A,-9999,-9999,N/A,-9999,-9999,-9999,-9999,-9999,-9999,-9999,N/A,-9999,-9999,N/A,-9999
1472,426.662871,426.6628300413196,-9999,1288588.3,-9999,488767.4,12.45,-1,-9999,-9999,-9999,-9999,-9999,-9999,-9999,unassigned,N/A,-9999,-9999,N/A,-9999,-9999,-9999,-9999,-9999,-9999,-9999,N/A,-9999,-9999,N/A,-9999
1473,426.667835,426.66779404525465,-9999,6663566,-9999,468624,71.37,-1,-9999,-9999,-9999,-9999,-9999,-9999,-9999,unassigned,N/A,-9999,-9999,N/A,-9999,-9999,-9999,-9999,-9999,-9999,-9999,N/A,-9999,-9999,N/A,-9999
1474,426.671672,426.6716310482962,-9999,22572432,-9999,430389.8,245.77,-1,-9999,-9999,-9999,-9999,-9999,-9999,-9999,unassigned,N/A,-9999,-9999,N/A,-9999,-9999,-9999,-9999,-9999,-9999,-9999,N/A,-9999,-9999,N/A,-9999
1475,426.673009,426.6729680493561,-9999,85742992,-9999,419444.5,938.28,-1,-9999,-9999,-9999,-9999,-9999,-9999,-9999,unassigned,N/A,-9999,-9999,N/A,-9999,-9999,-9999,-9999,-9999,-9999,-9999,N/A,-9999,-9999,N/A,-9999
1476,426.689484,426.68944306241593,-9999,3988374.5,-9999,426691.2,42.05,-1,-9999,-9999,-9999,-9999,-9999,-9999,-9999,unassigned,N/A,-9999,-9999,N/A,-9999,-9999,-9999,-9999,-9999,-9999,-9999,N/A,-9999,-9999,N/A,-9999
1477,426.690677,426.6906360633616,-9999,9602455,-9999,334993.5,103.59,-1,-9999,-9999,-9999,-9999,-9999,-9999,-9999,unassigned,N/A,-9999,-9999,N/A,-9999,-9999,-9999,-9999,-9999,-9999,-9999,N/A,-9999,-9999,N/A,-9999
1491,427.159209,427.15916843477095,-9999,1621836.1,-9999,391671.8,16.1,-1,-9999,-9999,-9999,-9999,-9999,-9999,-9999,unassigned,N/A,-9999,-9999,N/A,-9999,-9999,-9999,-9999,-9999,-9999,-9999,N/A,-9999,-9999,N/A,-9999
1499,427.676518,427.67647784484626,-9999,3272724.8,-9999,221606.7,34.2,-1,-9999,-9999,-9999,-9999,-9999,-9999,-9999,unassigned,N/A,-9999,-9999,N/A,-9999,-9999,-9999,-9999,-9999,-9999,-9999,N/A,-9999,-9999,N/A,-9999
1505,428.210376,428.21033626804007,-9999,1343972.3,-9999,433934.6,13.05,-1,-9999,-9999,-9999,-9999,-9999,-9999,-9999,unassigned,N/A,-9999,-9999,N/A,-9999,-9999,-9999,-9999,-9999,-9999,-9999,N/A,-9999,-9999,N/A,-9999
1507,428.215571,428.2155312721582,-9999,15669222,-9999,316401,170.09,-1,-9999,-9999,-9999,-9999,-9999,-9999,-9999,unassigned,N/A,-9999,-9999,N/A,-9999,-9999,-9999,-9999,-9999,-9999,-9999,N/A,-9999,-9999,N/A,-9999
1508,428.665691,428.66565162897217,-9999,1287829.8,-9999,412726.1,12.43,-1,-9999,-9999,-9999,-9999,-9999,-9999,-9999,unassigned,N/A,-9999,-9999,N/A,-9999,-9999,-9999,-9999,-9999,-9999,-9999,N/A,-9999,-9999,N/A,-9999
1509,428.669686,428.66964663213906,-9999,5724311.5,-9999,394977.3,61.07,-1,-9999,-9999,-9999,-9999,-9999,-9999,-9999,unassigned,N/A,-9999,-9999,N/A,-9999,-9999,-9999,-9999,-9999,-9999,-9999,N/A,-9999,-9999,N/A,-9999
1510,428.670963,428.6709236331513,-9999,14113944,-9999,267655.8,153.04,-1,-9999,-9999,-9999,-9999,-9999,-9999,-9999,unassigned,N/A,-9999,-9999,N/A,-9999,-9999,-9999,-9999,-9999,-9999,-9999,N/A,-9999,-9999,N/A,-9999
1511,428.687477,428.6874376462422,-9999,2358430.3,-9999,386157,24.17,-1,-9999,-9999,-9999,-9999,-9999,-9999,-9999,unassigned,N/A,-9999,-9999,N/A,-9999,-9999,-9999,-9999,-9999,-9999,-9999,N/A,-9999,-9999,N/A,-9999
1512,428.688612,428.6885726471418,-9999,6241438.5,-9999,296593,66.74,-1,-9999,-9999,-9999,-9999,-9999,-9999,-9999,unassigned,N/A,-9999,-9999,N/A,-9999,-9999,-9999,-9999,-9999,-9999,-9999,N/A,-9999,-9999,N/A,-9999
1524,429.138634,429.13859500387815,-9999,2201934.5,-9999,387781.1,22.45,-1,-9999,-9999,-9999,-9999,-9999,-9999,-9999,unassigned,N/A,-9999,-9999,N/A,-9999,-9999,-9999,-9999,-9999,-9999,-9999,N/A,-9999,-9999,N/A,-9999
1529,429.175044,429.1750050327406,-9999,1251164.9,-9999,373984.1,12.03,-1,-9999,-9999,-9999,-9999,-9999,-9999,-9999,unassigned,N/A,-9999,-9999,N/A,-9999,-9999,-9999,-9999,-9999,-9999,-9999,N/A,-9999,-9999,N/A,-9999
1533,429.218856,429.2188170674708,-9999,3303278,-9999,269214.8,34.52,-1,-9999,-9999,-9999,-9999,-9999,-9999,-9999,unassigned,N/A,-9999,-9999,N/A,-9999,-9999,-9999,-9999,-9999,-9999,-9999,N/A,-9999,-9999,N/A,-9999
1536,430.686691,430.6866532310362,-9999,1486255,-9999,286195.3,14.6,-1,-9999,-9999,-9999,-9999,-9999,-9999,-9999,unassigned,N/A,-9999,-9999,N/A,-9999,-9999,-9999,-9999,-9999,-9999,-9999,N/A,-9999,-9999,N/A,-9999
1550,431.154177,431.1541396016163,-9999,1647719.8,-9999,774764.3,16.37,-1,-9999,-9999,-9999,-9999,-9999,-9999,-9999,unassigned,N/A,-9999,-9999,N/A,-9999,-9999,-9999,-9999,-9999,-9999,-9999,N/A,-9999,-9999,N/A,-9999
1553,431.175399,431.1753616184392,-9999,1344368.3,-9999,428815.4,13.04,-1,-9999,-9999,-9999,-9999,-9999,-9999,-9999,unassigned,N/A,-9999,-9999,N/A,-9999,-9999,-9999,-9999,-9999,-9999,-9999,N/A,-9999,-9999,N/A,-9999
1559,432.201032,432.2009954314673,-9999,2619399.3,-9999,422101.1,27.01,-1,-9999,-9999,-9999,-9999,-9999,-9999,-9999,unassigned,N/A,-9999,-9999,N/A,-9999,-9999,-9999,-9999,-9999,-9999,-9999,N/A,-9999,-9999,N/A,-9999
1572,433.133548,433.1335121706807,-9999,1250683.8,-9999,554484.2,12.01,-1,-9999,-9999,-9999,-9999,-9999,-9999,-9999,unassigned,N/A,-9999,-9999,N/A,-9999,-9999,-9999,-9999,-9999,-9999,-9999,N/A,-9999,-9999,N/A,-9999
1599,435.18671,435.1866757982398,-9999,1377718.6,-9999,391238.5,12.92,-1,-9999,-9999,-9999,-9999,-9999,-9999,-9999,unassigned,N/A,-9999,-9999,N/A,-9999,-9999,-9999,-9999,-9999,-9999,-9999,N/A,-9999,-9999,N/A,-9999
1608,437.035485,437.0354522637795,-9999,1323368,-9999,209242.7,12.33,-1,-9999,-9999,-9999,-9999,-9999,-9999,-9999,unassigned,N/A,-9999,-9999,N/A,-9999,-9999,-9999,-9999,-9999,-9999,-9999,N/A,-9999,-9999,N/A,-9999
1629,438.808261,438.80822966907425,-9999,2045314.4,-9999,266818.4,19.96,-1,-9999,-9999,-9999,-9999,-9999,-9999,-9999,unassigned,N/A,-9999,-9999,N/A,-9999,-9999,-9999,-9999,-9999,-9999,-9999,N/A,-9999,-9999,N/A,-9999
1630,438.908673,438.90864174867176,-9999,1710764,-9999,316469.6,16.42,-1,-9999,-9999,-9999,-9999,-9999,-9999,-9999,unassigned,N/A,-9999,-9999,N/A,-9999,-9999,-9999,-9999,-9999,-9999,-9999,N/A,-9999,-9999,N/A,-9999
1651,440.33281,440.3327798775973,-9999,2049532.8,-9999,267134.6,20,-1,-9999,-9999,-9999,-9999,-9999,-9999,-9999,unassigned,N/A,-9999,-9999,N/A,-9999,-9999,-9999,-9999,-9999,-9999,-9999,N/A,-9999,-9999,N/A,-9999
1652,440.806548,440.8065182531335,-9999,1819587.1,-9999,278389.4,17.56,-1,-9999,-9999,-9999,-9999,-9999,-9999,-9999,unassigned,N/A,-9999,-9999,N/A,-9999,-9999,-9999,-9999,-9999,-9999,-9999,N/A,-9999,-9999,N/A,-9999
1661,441.138353,441.13832351615815,-9999,1460686.5,-9999,346191.5,13.77,-1,-9999,-9999,-9999,-9999,-9999,-9999,-9999,unassigned,N/A,-9999,-9999,N/A,-9999,-9999,-9999,-9999,-9999,-9999,-9999,N/A,-9999,-9999,N/A,-9999
1671,441.259058,441.2590286118421,-9999,1356417.3,-9999,490633.5,12.66,-1,-9999,-9999,-9999,-9999,-9999,-9999,-9999,unassigned,N/A,-9999,-9999,N/A,-9999,-9999,-9999,-9999,-9999,-9999,-9999,N/A,-9999,-9999,N/A,-9999
1673,441.308907,441.30887765135776,-9999,1942422.1,-9999,296329.3,18.86,-1,-9999,-9999,-9999,-9999,-9999,-9999,-9999,unassigned,N/A,-9999,-9999,N/A,-9999,-9999,-9999,-9999,-9999,-9999,-9999,N/A,-9999,-9999,N/A,-9999
1679,442.212685,442.2126563677903,-9999,22543892,-9999,450893.8,236.73,-1,-9999,-9999,-9999,-9999,-9999,-9999,-9999,unassigned,N/A,-9999,-9999,N/A,-9999,-9999,-9999,-9999,-9999,-9999,-9999,N/A,-9999,-9999,N/A,-9999
1681,442.902964,442.9029359149804,-9999,1491768.1,-9999,385647,14.09,-1,-9999,-9999,-9999,-9999,-9999,-9999,-9999,unassigned,N/A,-9999,-9999,N/A,-9999,-9999,-9999,-9999,-9999,-9999,-9999,N/A,-9999,-9999,N/A,-9999
1694,443.153896,443.1538681138963,-9999,1984418.9,-9999,514440.7,19.3,-1,-9999,-9999,-9999,-9999,-9999,-9999,-9999,unassigned,N/A,-9999,-9999,N/A,-9999,-9999,-9999,-9999,-9999,-9999,-9999,N/A,-9999,-9999,N/A,-9999
1705,444.210375,444.2103479513763,-9999,2270054,-9999,248026.1,22.31,-1,-9999,-9999,-9999,-9999,-9999,-9999,-9999,unassigned,N/A,-9999,-9999,N/A,-9999,-9999,-9999,-9999,-9999,-9999,-9999,N/A,-9999,-9999,N/A,-9999
1706,444.681361,444.6813343247309,-9999,1382960.3,-9999,306190.9,12.93,-1,-9999,-9999,-9999,-9999,-9999,-9999,-9999,unassigned,N/A,-9999,-9999,N/A,-9999,-9999,-9999,-9999,-9999,-9999,-9999,N/A,-9999,-9999,N/A,-9999
1723,445.169946,445.1699197120364,-9999,1588866.5,-9999,407499.4,14.56,-1,-9999,-9999,-9999,-9999,-9999,-9999,-9999,unassigned,N/A,-9999,-9999,N/A,-9999,-9999,-9999,-9999,-9999,-9999,-9999,N/A,-9999,-9999,N/A,-9999
1770,449.180031,449.1800078908652,-9999,2241498.5,-9999,330888.7,21.2,-1,-9999,-9999,-9999,-9999,-9999,-9999,-9999,unassigned,N/A,-9999,-9999,N/A,-9999,-9999,-9999,-9999,-9999,-9999,-9999,N/A,-9999,-9999,N/A,-9999
1837,455.154152,455.15413362660206,-9999,1941605,-9999,397151.1,18.12,-1,-9999,-9999,-9999,-9999,-9999,-9999,-9999,unassigned,N/A,-9999,-9999,N/A,-9999,-9999,-9999,-9999,-9999,-9999,-9999,N/A,-9999,-9999,N/A,-9999
1850,456.919733,456.9197160261932,-9999,1606423.8,-9999,407982,14.09,-1,-9999,-9999,-9999,-9999,-9999,-9999,-9999,unassigned,N/A,-9999,-9999,N/A,-9999,-9999,-9999,-9999,-9999,-9999,-9999,N/A,-9999,-9999,N/A,-9999
1867,457.169817,457.169800224437,-9999,1575628.5,-9999,348910.8,13.79,-1,-9999,-9999,-9999,-9999,-9999,-9999,-9999,unassigned,N/A,-9999,-9999,N/A,-9999,-9999,-9999,-9999,-9999,-9999,-9999,N/A,-9999,-9999,N/A,-9999
1872,458.653889,458.6538734008735,-9999,2924229.8,-9999,219246,26.97,-1,-9999,-9999,-9999,-9999,-9999,-9999,-9999,unassigned,N/A,-9999,-9999,N/A,-9999,-9999,-9999,-9999,-9999,-9999,-9999,N/A,-9999,-9999,N/A,-9999
1884,459.112643,459.11262776453174,-9999,1679262.9,-9999,386682.4,14.79,-1,-9999,-9999,-9999,-9999,-9999,-9999,-9999,unassigned,N/A,-9999,-9999,N/A,-9999,-9999,-9999,-9999,-9999,-9999,-9999,N/A,-9999,-9999,N/A,-9999
1890,459.149114,459.14909879344265,-9999,1735472.1,-9999,351771.6,15.34,-1,-9999,-9999,-9999,-9999,-9999,-9999,-9999,unassigned,N/A,-9999,-9999,N/A,-9999,-9999,-9999,-9999,-9999,-9999,-9999,N/A,-9999,-9999,N/A,-9999
1899,460.650682,460.65066798374846,-9999,2990715.5,-9999,375820.1,27.61,-1,-9999,-9999,-9999,-9999,-9999,-9999,-9999,unassigned,N/A,-9999,-9999,N/A,-9999,-9999,-9999,-9999,-9999,-9999,-9999,N/A,-9999,-9999,N/A,-9999
1900,460.652135,460.65212098490025,-9999,4110972.3,-9999,236615.7,38.56,-1,-9999,-9999,-9999,-9999,-9999,-9999,-9999,unassigned,N/A,-9999,-9999,N/A,-9999,-9999,-9999,-9999,-9999,-9999,-9999,N/A,-9999,-9999,N/A,-9999
1901,460.793013,460.79299909657544,-9999,1746623.6,-9999,286306.2,15.44,-1,-9999,-9999,-9999,-9999,-9999,-9999,-9999,unassigned,N/A,-9999,-9999,N/A,-9999,-9999,-9999,-9999,-9999,-9999,-9999,N/A,-9999,-9999,N/A,-9999
1927,462.649191,462.6491785679836,-9999,2380991.5,-9999,191536,21.64,-1,-9999,-9999,-9999,-9999,-9999,-9999,-9999,unassigned,N/A,-9999,-9999,N/A,-9999,-9999,-9999,-9999,-9999,-9999,-9999,N/A,-9999,-9999,N/A,-9999
1928,462.65014,462.650127568736,-9999,3430976,-9999,296947.7,31.91,-1,-9999,-9999,-9999,-9999,-9999,-9999,-9999,unassigned,N/A,-9999,-9999,N/A,-9999,-9999,-9999,-9999,-9999,-9999,-9999,N/A,-9999,-9999,N/A,-9999
1929,462.790813,462.79080068024865,-9999,1753220.3,-9999,394745.9,15.5,-1,-9999,-9999,-9999,-9999,-9999,-9999,-9999,unassigned,N/A,-9999,-9999,N/A,-9999,-9999,-9999,-9999,-9999,-9999,-9999,N/A,-9999,-9999,N/A,-9999
1930,462.808514,462.8085016942803,-9999,3571853,-9999,281514.6,33.28,-1,-9999,-9999,-9999,-9999,-9999,-9999,-9999,unassigned,N/A,-9999,-9999,N/A,-9999,-9999,-9999,-9999,-9999,-9999,-9999,N/A,-9999,-9999,N/A,-9999
1950,464.804834,464.8048232767803,-9999,1430622.6,-9999,495968.8,12.33,-1,-9999,-9999,-9999,-9999,-9999,-9999,-9999,unassigned,N/A,-9999,-9999,N/A,-9999,-9999,-9999,-9999,-9999,-9999,-9999,N/A,-9999,-9999,N/A,-9999
1951,464.806708,464.80669727826586,-9999,3400287.5,-9999,234528.8,31.59,-1,-9999,-9999,-9999,-9999,-9999,-9999,-9999,unassigned,N/A,-9999,-9999,N/A,-9999,-9999,-9999,-9999,-9999,-9999,-9999,N/A,-9999,-9999,N/A,-9999
2023,469.984424,469.9844173826857,-9999,2223242,-9999,345745.6,19.16,-1,-9999,-9999,-9999,-9999,-9999,-9999,-9999,unassigned,N/A,-9999,-9999,N/A,-9999,-9999,-9999,-9999,-9999,-9999,-9999,N/A,-9999,-9999,N/A,-9999
2047,471.628944,471.62893868631073,-9999,1598424.6,-9999,210451.5,13.31,-1,-9999,-9999,-9999,-9999,-9999,-9999,-9999,unassigned,N/A,-9999,-9999,N/A,-9999,-9999,-9999,-9999,-9999,-9999,-9999,N/A,-9999,-9999,N/A,-9999
2073,473.288908,473.2889040021784,-9999,13848377,-9999,441865.3,127.71,-1,-9999,-9999,-9999,-9999,-9999,-9999,-9999,unassigned,N/A,-9999,-9999,N/A,-9999,-9999,-9999,-9999,-9999,-9999,-9999,N/A,-9999,-9999,N/A,-9999
2088,475.14389,475.14388747263854,-9999,1734410,-9999,412014.6,14.56,-1,-9999,-9999,-9999,-9999,-9999,-9999,-9999,unassigned,N/A,-9999,-9999,N/A,-9999,-9999,-9999,-9999,-9999,-9999,-9999,N/A,-9999,-9999,N/A,-9999
2154,481.169668,481.1696702493244,-9999,28350400,-9999,416946.3,251.16,-1,-9999,-9999,-9999,-9999,-9999,-9999,-9999,unassigned,N/A,-9999,-9999,N/A,-9999,-9999,-9999,-9999,-9999,-9999,-9999,N/A,-9999,-9999,N/A,-9999
2215,485.20107,485.2010754450513,-9999,1756289.6,-9999,424654.4,14.05,-1,-9999,-9999,-9999,-9999,-9999,-9999,-9999,unassigned,N/A,-9999,-9999,N/A,-9999,-9999,-9999,-9999,-9999,-9999,-9999,N/A,-9999,-9999,N/A,-9999
2233,487.143911,487.14391798515794,-9999,1971915.9,-9999,340650.9,15.96,-1,-9999,-9999,-9999,-9999,-9999,-9999,-9999,unassigned,N/A,-9999,-9999,N/A,-9999,-9999,-9999,-9999,-9999,-9999,-9999,N/A,-9999,-9999,N/A,-9999
2242,488.8229,488.8229083161069,-9999,1889162.1,-9999,310194.2,15.22,-1,-9999,-9999,-9999,-9999,-9999,-9999,-9999,unassigned,N/A,-9999,-9999,N/A,-9999,-9999,-9999,-9999,-9999,-9999,-9999,N/A,-9999,-9999,N/A,-9999
2243,488.824702,488.8247103175354,-9999,3538571.3,-9999,218819.1,29.92,-1,-9999,-9999,-9999,-9999,-9999,-9999,-9999,unassigned,N/A,-9999,-9999,N/A,-9999,-9999,-9999,-9999,-9999,-9999,-9999,N/A,-9999,-9999,N/A,-9999
2262,490.820615,490.8206248997127,-9999,1585416.9,-9999,413676.8,12.5,-1,-9999,-9999,-9999,-9999,-9999,-9999,-9999,unassigned,N/A,-9999,-9999,N/A,-9999,-9999,-9999,-9999,-9999,-9999,-9999,N/A,-9999,-9999,N/A,-9999
2263,490.822655,490.8226649013298,-9999,3637002,-9999,209519.2,30.79,-1,-9999,-9999,-9999,-9999,-9999,-9999,-9999,unassigned,N/A,-9999,-9999,N/A,-9999,-9999,-9999,-9999,-9999,-9999,-9999,N/A,-9999,-9999,N/A,-9999
2264,490.839953,490.83996291504207,-9999,2499604.3,-9999,209809.5,20.65,-1,-9999,-9999,-9999,-9999,-9999,-9999,-9999,unassigned,N/A,-9999,-9999,N/A,-9999,-9999,-9999,-9999,-9999,-9999,-9999,N/A,-9999,-9999,N/A,-9999
2282,492.836803,492.83681449796217,-9999,2127774,-9999,390121.5,17.32,-1,-9999,-9999,-9999,-9999,-9999,-9999,-9999,unassigned,N/A,-9999,-9999,N/A,-9999,-9999,-9999,-9999,-9999,-9999,-9999,N/A,-9999,-9999,N/A,-9999
2283,492.838184,492.83819549905695,-9999,2677150.8,-9999,278014.2,22.22,-1,-9999,-9999,-9999,-9999,-9999,-9999,-9999,unassigned,N/A,-9999,-9999,N/A,-9999,-9999,-9999,-9999,-9999,-9999,-9999,N/A,-9999,-9999,N/A,-9999
2320,496.769539,496.7695536154758,-9999,2424494.3,-9999,230240.6,19.03,-1,-9999,-9999,-9999,-9999,-9999,-9999,-9999,unassigned,N/A,-9999,-9999,N/A,-9999,-9999,-9999,-9999,-9999,-9999,-9999,N/A,-9999,-9999,N/A,-9999
2344,498.766902,498.7669181988024,-9999,1779544.5,-9999,647658,13.54,-1,-9999,-9999,-9999,-9999,-9999,-9999,-9999,unassigned,N/A,-9999,-9999,N/A,-9999,-9999,-9999,-9999,-9999,-9999,-9999,N/A,-9999,-9999,N/A,-9999
2345,498.767998,498.76801419967126,-9999,2243417.3,-9999,303254.2,17.48,-1,-9999,-9999,-9999,-9999,-9999,-9999,-9999,unassigned,N/A,-9999,-9999,N/A,-9999,-9999,-9999,-9999,-9999,-9999,-9999,N/A,-9999,-9999,N/A,-9999
2362,499.180285,499.1803015264947,-9999,2004304.9,-9999,318789.7,15.45,-1,-9999,-9999,-9999,-9999,-9999,-9999,-9999,unassigned,N/A,-9999,-9999,N/A,-9999,-9999,-9999,-9999,-9999,-9999,-9999,N/A,-9999,-9999,N/A,-9999
2379,501.159532,501.1595500954608,-9999,1771772.6,-9999,381969.7,13.46,-1,-9999,-9999,-9999,-9999,-9999,-9999,-9999,unassigned,N/A,-9999,-9999,N/A,-9999,-9999,-9999,-9999,-9999,-9999,-9999,N/A,-9999,-9999,N/A,-9999
2386,501.66469,501.6647084959038,-9999,2662959.5,-9999,303707.1,21.04,-1,-9999,-9999,-9999,-9999,-9999,-9999,-9999,unassigned,N/A,-9999,-9999,N/A,-9999,-9999,-9999,-9999,-9999,-9999,-9999,N/A,-9999,-9999,N/A,-9999
2387,502.602024,502.60204323893646,-9999,3064938.3,-9999,420590.9,24.45,-1,-9999,-9999,-9999,-9999,-9999,-9999,-9999,unassigned,N/A,-9999,-9999,N/A,-9999,-9999,-9999,-9999,-9999,-9999,-9999,N/A,-9999,-9999,N/A,-9999
2388,502.603631,502.6036502402104,-9999,5889131,-9999,269756.2,48.47,-1,-9999,-9999,-9999,-9999,-9999,-9999,-9999,unassigned,N/A,-9999,-9999,N/A,-9999,-9999,-9999,-9999,-9999,-9999,-9999,N/A,-9999,-9999,N/A,-9999
2410,503.592765,503.5927850243054,-9999,1730247.9,-9999,362956.1,13.09,-1,-9999,-9999,-9999,-9999,-9999,-9999,-9999,unassigned,N/A,-9999,-9999,N/A,-9999,-9999,-9999,-9999,-9999,-9999,-9999,N/A,-9999,-9999,N/A,-9999
2411,504.599993,504.6000138227436,-9999,5911858,-9999,352826.5,48.66,-1,-9999,-9999,-9999,-9999,-9999,-9999,-9999,unassigned,N/A,-9999,-9999,N/A,-9999,-9999,-9999,-9999,-9999,-9999,-9999,N/A,-9999,-9999,N/A,-9999
2412,504.601592,504.6016128240112,-9999,9720115,-9999,191650.8,81.05,-1,-9999,-9999,-9999,-9999,-9999,-9999,-9999,unassigned,N/A,-9999,-9999,N/A,-9999,-9999,-9999,-9999,-9999,-9999,-9999,N/A,-9999,-9999,N/A,-9999
2413,504.819906,504.8199269970706,-9999,1703353.5,-9999,317872,12.86,-1,-9999,-9999,-9999,-9999,-9999,-9999,-9999,unassigned,N/A,-9999,-9999,N/A,-9999,-9999,-9999,-9999,-9999,-9999,-9999,N/A,-9999,-9999,N/A,-9999
2430,505.589249,505.5892706069353,-9999,1888531.5,-9999,317244.7,14.43,-1,-9999,-9999,-9999,-9999,-9999,-9999,-9999,unassigned,N/A,-9999,-9999,N/A,-9999,-9999,-9999,-9999,-9999,-9999,-9999,N/A,-9999,-9999,N/A,-9999
2431,505.589952,505.5899736074926,-9999,2097812,-9999,283962.9,16.21,-1,-9999,-9999,-9999,-9999,-9999,-9999,-9999,unassigned,N/A,-9999,-9999,N/A,-9999,-9999,-9999,-9999,-9999,-9999,-9999,N/A,-9999,-9999,N/A,-9999
2435,506.599514,506.59953640778104,-9999,11201028,-9999,226305.3,93.64,-1,-9999,-9999,-9999,-9999,-9999,-9999,-9999,unassigned,N/A,-9999,-9999,N/A,-9999,-9999,-9999,-9999,-9999,-9999,-9999,N/A,-9999,-9999,N/A,-9999
2455,507.586906,507.58692919049514,-9999,1674345.4,-9999,288316.5,12.6,-1,-9999,-9999,-9999,-9999,-9999,-9999,-9999,unassigned,N/A,-9999,-9999,N/A,-9999,-9999,-9999,-9999,-9999,-9999,-9999,N/A,-9999,-9999,N/A,-9999
2458,508.162871,508.1628946470675,-9999,1775312,-9999,376335.5,13.45,-1,-9999,-9999,-9999,-9999,-9999,-9999,-9999,unassigned,N/A,-9999,-9999,N/A,-9999,-9999,-9999,-9999,-9999,-9999,-9999,N/A,-9999,-9999,N/A,-9999
2460,508.595692,508.59571599016846,-9999,2485470,-9999,392521.1,19.49,-1,-9999,-9999,-9999,-9999,-9999,-9999,-9999,unassigned,N/A,-9999,-9999,N/A,-9999,-9999,-9999,-9999,-9999,-9999,-9999,N/A,-9999,-9999,N/A,-9999
2461,508.597331,508.5973549914677,-9999,5203679,-9999,210444.7,42.61,-1,-9999,-9999,-9999,-9999,-9999,-9999,-9999,unassigned,N/A,-9999,-9999,N/A,-9999,-9999,-9999,-9999,-9999,-9999,-9999,N/A,-9999,-9999,N/A,-9999
2498,512.824176,512.824203342124,-9999,1739072.9,-9999,251961.4,12.51,-1,-9999,-9999,-9999,-9999,-9999,-9999,-9999,unassigned,N/A,-9999,-9999,N/A,-9999,-9999,-9999,-9999,-9999,-9999,-9999,N/A,-9999,-9999,N/A,-9999
2515,513.195998,513.1960256368704,-9999,1819436.5,-9999,343487.4,13.16,-1,-9999,-9999,-9999,-9999,-9999,-9999,-9999,unassigned,N/A,-9999,-9999,N/A,-9999,-9999,-9999,-9999,-9999,-9999,-9999,N/A,-9999,-9999,N/A,-9999
2521,514.822869,514.822897926505,-9999,1973302.9,-9999,265650.9,14.4,-1,-9999,-9999,-9999,-9999,-9999,-9999,-9999,unassigned,N/A,-9999,-9999,N/A,-9999,-9999,-9999,-9999,-9999,-9999,-9999,N/A,-9999,-9999,N/A,-9999
2543,516.819194,516.8192245090089,-9999,2010931.4,-9999,341427.4,14.69,-1,-9999,-9999,-9999,-9999,-9999,-9999,-9999,unassigned,N/A,-9999,-9999,N/A,-9999,-9999,-9999,-9999,-9999,-9999,-9999,N/A,-9999,-9999,N/A,-9999
2553,518.834646,518.834678106675,-9999,1767236.1,-9999,242074.8,12.71,-1,-9999,-9999,-9999,-9999,-9999,-9999,-9999,unassigned,N/A,-9999,-9999,N/A,-9999,-9999,-9999,-9999,-9999,-9999,-9999,N/A,-9999,-9999,N/A,-9999
2568,520.786449,520.7864826538859,-9999,1732915.1,-9999,263051.8,12.42,-1,-9999,-9999,-9999,-9999,-9999,-9999,-9999,unassigned,N/A,-9999,-9999,N/A,-9999,-9999,-9999,-9999,-9999,-9999,-9999,N/A,-9999,-9999,N/A,-9999
2569,520.814128,520.8141616758273,-9999,1845573.1,-9999,251672.7,13.33,-1,-9999,-9999,-9999,-9999,-9999,-9999,-9999,unassigned,N/A,-9999,-9999,N/A,-9999,-9999,-9999,-9999,-9999,-9999,-9999,N/A,-9999,-9999,N/A,-9999
2570,520.832768,520.8328016906033,-9999,2018641.3,-9999,312992.6,14.74,-1,-9999,-9999,-9999,-9999,-9999,-9999,-9999,unassigned,N/A,-9999,-9999,N/A,-9999,-9999,-9999,-9999,-9999,-9999,-9999,N/A,-9999,-9999,N/A,-9999
2571,520.886987,520.8870207335832,-9999,1751924.4,-9999,346371.2,12.57,-1,-9999,-9999,-9999,-9999,-9999,-9999,-9999,unassigned,N/A,-9999,-9999,N/A,-9999,-9999,-9999,-9999,-9999,-9999,-9999,N/A,-9999,-9999,N/A,-9999
2587,522.783914,522.7839492372935,-9999,3620934.8,-9999,312760.9,27.72,-1,-9999,-9999,-9999,-9999,-9999,-9999,-9999,unassigned,N/A,-9999,-9999,N/A,-9999,-9999,-9999,-9999,-9999,-9999,-9999,N/A,-9999,-9999,N/A,-9999
2588,522.785252,522.7852872383542,-9999,5396040,-9999,191533.6,42.12,-1,-9999,-9999,-9999,-9999,-9999,-9999,-9999,unassigned,N/A,-9999,-9999,N/A,-9999,-9999,-9999,-9999,-9999,-9999,-9999,N/A,-9999,-9999,N/A,-9999
2589,522.973603,522.9736383876617,-9999,2526146.8,-9999,181472.8,18.84,-1,-9999,-9999,-9999,-9999,-9999,-9999,-9999,unassigned,N/A,-9999,-9999,N/A,-9999,-9999,-9999,-9999,-9999,-9999,-9999,N/A,-9999,-9999,N/A,-9999
2604,524.783377,524.783413822285,-9999,5607779,-9999,172423,41.69,-1,-9999,-9999,-9999,-9999,-9999,-9999,-9999,unassigned,N/A,-9999,-9999,N/A,-9999,-9999,-9999,-9999,-9999,-9999,-9999,N/A,-9999,-9999,N/A,-9999
2605,524.799499,524.799535835065,-9999,2170221.5,-9999,388987.9,15.17,-1,-9999,-9999,-9999,-9999,-9999,-9999,-9999,unassigned,N/A,-9999,-9999,N/A,-9999,-9999,-9999,-9999,-9999,-9999,-9999,N/A,-9999,-9999,N/A,-9999
2606,524.801006,524.8010428362596,-9999,3678062.5,-9999,225414.7,26.8,-1,-9999,-9999,-9999,-9999,-9999,-9999,-9999,unassigned,N/A,-9999,-9999,N/A,-9999,-9999,-9999,-9999,-9999,-9999,-9999,N/A,-9999,-9999,N/A,-9999
2628,526.780297,526.7803354052605,-9999,2852996,-9999,308210,20.43,-1,-9999,-9999,-9999,-9999,-9999,-9999,-9999,unassigned,N/A,-9999,-9999,N/A,-9999,-9999,-9999,-9999,-9999,-9999,-9999,N/A,-9999,-9999,N/A,-9999
2629,526.78143,526.7814684061588,-9999,2356228.8,-9999,228155.3,16.59,-1,-9999,-9999,-9999,-9999,-9999,-9999,-9999,unassigned,N/A,-9999,-9999,N/A,-9999,-9999,-9999,-9999,-9999,-9999,-9999,N/A,-9999,-9999,N/A,-9999
2630,526.797442,526.7974804188516,-9999,2356623.3,-9999,286516.3,16.6,-1,-9999,-9999,-9999,-9999,-9999,-9999,-9999,unassigned,N/A,-9999,-9999,N/A,-9999,-9999,-9999,-9999,-9999,-9999,-9999,N/A,-9999,-9999,N/A,-9999
2631,526.799522,526.7995604205004,-9999,3171984.8,-9999,158016.1,22.89,-1,-9999,-9999,-9999,-9999,-9999,-9999,-9999,unassigned,N/A,-9999,-9999,N/A,-9999,-9999,-9999,-9999,-9999,-9999,-9999,N/A,-9999,-9999,N/A,-9999
2653,528.795856,528.7958960030114,-9999,1792951.8,-9999,307960.3,12.24,-1,-9999,-9999,-9999,-9999,-9999,-9999,-9999,unassigned,N/A,-9999,-9999,N/A,-9999,-9999,-9999,-9999,-9999,-9999,-9999,N/A,-9999,-9999,N/A,-9999
2700,534.830023,534.8300677863473,-9999,1849199.3,-9999,250529,12.64,-1,-9999,-9999,-9999,-9999,-9999,-9999,-9999,unassigned,N/A,-9999,-9999,N/A,-9999,-9999,-9999,-9999,-9999,-9999,-9999,N/A,-9999,-9999,N/A,-9999
2716,536.828151,536.8281973702806,-9999,2005678.5,-9999,277532.3,13.84,-1,-9999,-9999,-9999,-9999,-9999,-9999,-9999,unassigned,N/A,-9999,-9999,N/A,-9999,-9999,-9999,-9999,-9999,-9999,-9999,N/A,-9999,-9999,N/A,-9999
2750,540.70182,540.7018694409711,-9999,2242281.5,-9999,266223.4,14.85,-1,-9999,-9999,-9999,-9999,-9999,-9999,-9999,unassigned,N/A,-9999,-9999,N/A,-9999,-9999,-9999,-9999,-9999,-9999,-9999,N/A,-9999,-9999,N/A,-9999
2751,540.718846,540.7188954544677,-9999,3140341,-9999,238962.5,21.44,-1,-9999,-9999,-9999,-9999,-9999,-9999,-9999,unassigned,N/A,-9999,-9999,N/A,-9999,-9999,-9999,-9999,-9999,-9999,-9999,N/A,-9999,-9999,N/A,-9999
2773,542.299071,542.2991217071257,-9999,28208424,-9999,252722.6,205.13,-1,-9999,-9999,-9999,-9999,-9999,-9999,-9999,unassigned,N/A,-9999,-9999,N/A,-9999,-9999,-9999,-9999,-9999,-9999,-9999,N/A,-9999,-9999,N/A,-9999
2774,542.715718,542.7157690374053,-9999,2953283.5,-9999,298468.4,20.05,-1,-9999,-9999,-9999,-9999,-9999,-9999,-9999,unassigned,N/A,-9999,-9999,N/A,-9999,-9999,-9999,-9999,-9999,-9999,-9999,N/A,-9999,-9999,N/A,-9999
2775,542.717776,542.7178270390366,-9999,4419141,-9999,183817.7,30.8,-1,-9999,-9999,-9999,-9999,-9999,-9999,-9999,unassigned,N/A,-9999,-9999,N/A,-9999,-9999,-9999,-9999,-9999,-9999,-9999,N/A,-9999,-9999,N/A,-9999
2794,544.713657,544.7137096211886,-9999,2670489,-9999,379307.4,17.97,-1,-9999,-9999,-9999,-9999,-9999,-9999,-9999,unassigned,N/A,-9999,-9999,N/A,-9999,-9999,-9999,-9999,-9999,-9999,-9999,N/A,-9999,-9999,N/A,-9999
2795,544.7152,544.7152526224118,-9999,3775386,-9999,270432.2,26.07,-1,-9999,-9999,-9999,-9999,-9999,-9999,-9999,unassigned,N/A,-9999,-9999,N/A,-9999,-9999,-9999,-9999,-9999,-9999,-9999,N/A,-9999,-9999,N/A,-9999
2813,547.542193,547.5422478633933,-9999,6052658.5,-9999,233915,42.74,-1,-9999,-9999,-9999,-9999,-9999,-9999,-9999,unassigned,N/A,-9999,-9999,N/A,-9999,-9999,-9999,-9999,-9999,-9999,-9999,N/A,-9999,-9999,N/A,-9999
2824,549.53991,549.5399664470007,-9999,11319450,-9999,220063.3,81.33,-1,-9999,-9999,-9999,-9999,-9999,-9999,-9999,unassigned,N/A,-9999,-9999,N/A,-9999,-9999,-9999,-9999,-9999,-9999,-9999,N/A,-9999,-9999,N/A,-9999
2837,551.537557,551.5376150305526,-9999,8996873,-9999,150650,64.3,-1,-9999,-9999,-9999,-9999,-9999,-9999,-9999,unassigned,N/A,-9999,-9999,N/A,-9999,-9999,-9999,-9999,-9999,-9999,-9999,N/A,-9999,-9999,N/A,-9999
2901,564.735468,564.7355364926497,-9999,3702000.5,-9999,303734.2,24.13,-1,-9999,-9999,-9999,-9999,-9999,-9999,-9999,unassigned,N/A,-9999,-9999,N/A,-9999,-9999,-9999,-9999,-9999,-9999,-9999,N/A,-9999,-9999,N/A,-9999
2902,564.736893,564.7369614937793,-9999,4133617.5,-9999,228799,27.13,-1,-9999,-9999,-9999,-9999,-9999,-9999,-9999,unassigned,N/A,-9999,-9999,N/A,-9999,-9999,-9999,-9999,-9999,-9999,-9999,N/A,-9999,-9999,N/A,-9999
2914,566.448791,566.4488608508155,-9999,2814944.3,-9999,256904.4,17.95,-1,-9999,-9999,-9999,-9999,-9999,-9999,-9999,unassigned,N/A,-9999,-9999,N/A,-9999,-9999,-9999,-9999,-9999,-9999,-9999,N/A,-9999,-9999,N/A,-9999
2916,566.733318,566.7333880763625,-9999,12679347,-9999,274038.1,86.56,-1,-9999,-9999,-9999,-9999,-9999,-9999,-9999,unassigned,N/A,-9999,-9999,N/A,-9999,-9999,-9999,-9999,-9999,-9999,-9999,N/A,-9999,-9999,N/A,-9999
2917,566.735203,566.7352730778566,-9999,15681717,-9999,209819.9,107.44,-1,-9999,-9999,-9999,-9999,-9999,-9999,-9999,unassigned,N/A,-9999,-9999,N/A,-9999,-9999,-9999,-9999,-9999,-9999,-9999,N/A,-9999,-9999,N/A,-9999
2929,567.442473,567.4425436385156,-9999,2157505.8,-9999,386736.1,13.38,-1,-9999,-9999,-9999,-9999,-9999,-9999,-9999,unassigned,N/A,-9999,-9999,N/A,-9999,-9999,-9999,-9999,-9999,-9999,-9999,N/A,-9999,-9999,N/A,-9999
2930,567.443893,567.4439636396413,-9999,2327490.8,-9999,157850,14.56,-1,-9999,-9999,-9999,-9999,-9999,-9999,-9999,unassigned,N/A,-9999,-9999,N/A,-9999,-9999,-9999,-9999,-9999,-9999,-9999,N/A,-9999,-9999,N/A,-9999
2931,567.736969,567.7370398719653,-9999,2867101,-9999,238126.3,18.31,-1,-9999,-9999,-9999,-9999,-9999,-9999,-9999,unassigned,N/A,-9999,-9999,N/A,-9999,-9999,-9999,-9999,-9999,-9999,-9999,N/A,-9999,-9999,N/A,-9999
2932,567.738612,567.7386828732676,-9999,2572190.3,-9999,277648.6,16.26,-1,-9999,-9999,-9999,-9999,-9999,-9999,-9999,unassigned,N/A,-9999,-9999,N/A,-9999,-9999,-9999,-9999,-9999,-9999,-9999,N/A,-9999,-9999,N/A,-9999
2933,568.723951,568.7240226543544,-9999,2046077.9,-9999,277750.9,12.6,-1,-9999,-9999,-9999,-9999,-9999,-9999,-9999,unassigned,N/A,-9999,-9999,N/A,-9999,-9999,-9999,-9999,-9999,-9999,-9999,N/A,-9999,-9999,N/A,-9999
2934,568.731162,568.7312336600705,-9999,17299076,-9999,258633.1,118.68,-1,-9999,-9999,-9999,-9999,-9999,-9999,-9999,unassigned,N/A,-9999,-9999,N/A,-9999,-9999,-9999,-9999,-9999,-9999,-9999,N/A,-9999,-9999,N/A,-9999
2935,568.733069,568.7331406615822,-9999,23320196,-9999,195167.7,160.56,-1,-9999,-9999,-9999,-9999,-9999,-9999,-9999,unassigned,N/A,-9999,-9999,N/A,-9999,-9999,-9999,-9999,-9999,-9999,-9999,N/A,-9999,-9999,N/A,-9999
2936,568.749162,568.7492336743392,-9999,3272592.5,-9999,251622.8,21.13,-1,-9999,-9999,-9999,-9999,-9999,-9999,-9999,unassigned,N/A,-9999,-9999,N/A,-9999,-9999,-9999,-9999,-9999,-9999,-9999,N/A,-9999,-9999,N/A,-9999
2937,568.750691,568.7507626755513,-9999,3907729.8,-9999,203723.2,25.54,-1,-9999,-9999,-9999,-9999,-9999,-9999,-9999,unassigned,N/A,-9999,-9999,N/A,-9999,-9999,-9999,-9999,-9999,-9999,-9999,N/A,-9999,-9999,N/A,-9999
2948,569.734396,569.7344684553426,-9999,4052339.5,-9999,310480.4,26.54,-1,-9999,-9999,-9999,-9999,-9999,-9999,-9999,unassigned,N/A,-9999,-9999,N/A,-9999,-9999,-9999,-9999,-9999,-9999,-9999,N/A,-9999,-9999,N/A,-9999
2949,569.735971,569.7360434565911,-9999,4007284.8,-9999,202222,26.23,-1,-9999,-9999,-9999,-9999,-9999,-9999,-9999,unassigned,N/A,-9999,-9999,N/A,-9999,-9999,-9999,-9999,-9999,-9999,-9999,N/A,-9999,-9999,N/A,-9999
2952,570.728918,570.7289912437088,-9999,11725921,-9999,337293.6,79.91,-1,-9999,-9999,-9999,-9999,-9999,-9999,-9999,unassigned,N/A,-9999,-9999,N/A,-9999,-9999,-9999,-9999,-9999,-9999,-9999,N/A,-9999,-9999,N/A,-9999
2953,570.730852,570.7309252452419,-9999,14863459,-9999,165192.2,101.73,-1,-9999,-9999,-9999,-9999,-9999,-9999,-9999,unassigned,N/A,-9999,-9999,N/A,-9999,-9999,-9999,-9999,-9999,-9999,-9999,N/A,-9999,-9999,N/A,-9999
2954,570.748926,570.7489992595692,-9999,5662832.5,-9999,173561.4,37.74,-1,-9999,-9999,-9999,-9999,-9999,-9999,-9999,unassigned,N/A,-9999,-9999,N/A,-9999,-9999,-9999,-9999,-9999,-9999,-9999,N/A,-9999,-9999,N/A,-9999
2967,571.732955,571.7330290396175,-9999,2858329.3,-9999,228977.1,18.23,-1,-9999,-9999,-9999,-9999,-9999,-9999,-9999,unassigned,N/A,-9999,-9999,N/A,-9999,-9999,-9999,-9999,-9999,-9999,-9999,N/A,-9999,-9999,N/A,-9999
2968,571.734659,571.7347330409683,-9999,2332506.8,-9999,314322.1,14.57,-1,-9999,-9999,-9999,-9999,-9999,-9999,-9999,unassigned,N/A,-9999,-9999,N/A,-9999,-9999,-9999,-9999,-9999,-9999,-9999,N/A,-9999,-9999,N/A,-9999
2971,572.726767,572.7268418274208,-9999,3197517.8,-9999,338788.2,20.58,-1,-9999,-9999,-9999,-9999,-9999,-9999,-9999,unassigned,N/A,-9999,-9999,N/A,-9999,-9999,-9999,-9999,-9999,-9999,-9999,N/A,-9999,-9999,N/A,-9999
2972,572.728323,572.7283978286544,-9999,3311182.8,-9999,284410.6,21.37,-1,-9999,-9999,-9999,-9999,-9999,-9999,-9999,unassigned,N/A,-9999,-9999,N/A,-9999,-9999,-9999,-9999,-9999,-9999,-9999,N/A,-9999,-9999,N/A,-9999
2973,572.729116,572.7291908292829,-9999,3312463.3,-9999,174507,21.38,-1,-9999,-9999,-9999,-9999,-9999,-9999,-9999,unassigned,N/A,-9999,-9999,N/A,-9999,-9999,-9999,-9999,-9999,-9999,-9999,N/A,-9999,-9999,N/A,-9999
2974,572.746424,572.7464988430031,-9999,3945564.5,-9999,225884.6,25.78,-1,-9999,-9999,-9999,-9999,-9999,-9999,-9999,unassigned,N/A,-9999,-9999,N/A,-9999,-9999,-9999,-9999,-9999,-9999,-9999,N/A,-9999,-9999,N/A,-9999
3029,582.877485,582.8775678739819,-9999,2313564.3,-9999,322403.2,13.64,-1,-9999,-9999,-9999,-9999,-9999,-9999,-9999,unassigned,N/A,-9999,-9999,N/A,-9999,-9999,-9999,-9999,-9999,-9999,-9999,N/A,-9999,-9999,N/A,-9999
3030,582.879282,582.8793648754064,-9999,2523485.8,-9999,298160.8,15.02,-1,-9999,-9999,-9999,-9999,-9999,-9999,-9999,unassigned,N/A,-9999,-9999,N/A,-9999,-9999,-9999,-9999,-9999,-9999,-9999,N/A,-9999,-9999,N/A,-9999
3031,582.93455,582.9346329192177,-9999,2167690.3,-9999,277787.7,12.67,-1,-9999,-9999,-9999,-9999,-9999,-9999,-9999,unassigned,N/A,-9999,-9999,N/A,-9999,-9999,-9999,-9999,-9999,-9999,-9999,N/A,-9999,-9999,N/A,-9999
3032,582.936291,582.9363739205979,-9999,2089355.8,-9999,200367.5,12.16,-1,-9999,-9999,-9999,-9999,-9999,-9999,-9999,unassigned,N/A,-9999,-9999,N/A,-9999,-9999,-9999,-9999,-9999,-9999,-9999,N/A,-9999,-9999,N/A,-9999
3041,584.875871,584.8759554581195,-9999,2589614.3,-9999,211125.3,15.45,-1,-9999,-9999,-9999,-9999,-9999,-9999,-9999,unassigned,N/A,-9999,-9999,N/A,-9999,-9999,-9999,-9999,-9999,-9999,-9999,N/A,-9999,-9999,N/A,-9999
3057,586.892277,586.892363056542,-9999,2073633.4,-9999,236548.4,12.03,-1,-9999,-9999,-9999,-9999,-9999,-9999,-9999,unassigned,N/A,-9999,-9999,N/A,-9999,-9999,-9999,-9999,-9999,-9999,-9999,N/A,-9999,-9999,N/A,-9999
3068,588.855181,588.8552686125527,-9999,2144635.5,-9999,244853.7,12.49,-1,-9999,-9999,-9999,-9999,-9999,-9999,-9999,unassigned,N/A,-9999,-9999,N/A,-9999,-9999,-9999,-9999,-9999,-9999,-9999,N/A,-9999,-9999,N/A,-9999
3069,588.856014,588.856101613213,-9999,2171004.5,-9999,284991.5,12.66,-1,-9999,-9999,-9999,-9999,-9999,-9999,-9999,unassigned,N/A,-9999,-9999,N/A,-9999,-9999,-9999,-9999,-9999,-9999,-9999,N/A,-9999,-9999,N/A,-9999
3070,588.917452,588.9175396619155,-9999,2484399.8,-9999,340978.8,14.73,-1,-9999,-9999,-9999,-9999,-9999,-9999,-9999,unassigned,N/A,-9999,-9999,N/A,-9999,-9999,-9999,-9999,-9999,-9999,-9999,N/A,-9999,-9999,N/A,-9999
3071,588.919199,588.9192866633003,-9999,3049649,-9999,219403.6,18.46,-1,-9999,-9999,-9999,-9999,-9999,-9999,-9999,unassigned,N/A,-9999,-9999,N/A,-9999,-9999,-9999,-9999,-9999,-9999,-9999,N/A,-9999,-9999,N/A,-9999
3083,590.851667,590.8517561951843,-9999,2375941.3,-9999,156731.6,14.01,-1,-9999,-9999,-9999,-9999,-9999,-9999,-9999,unassigned,N/A,-9999,-9999,N/A,-9999,-9999,-9999,-9999,-9999,-9999,-9999,N/A,-9999,-9999,N/A,-9999
3092,591.490299,591.4903887014334,-9999,3589152.8,-9999,166497.2,22,-1,-9999,-9999,-9999,-9999,-9999,-9999,-9999,unassigned,N/A,-9999,-9999,N/A,-9999,-9999,-9999,-9999,-9999,-9999,-9999,N/A,-9999,-9999,N/A,-9999
3114,595.486893,595.4869858695675,-9999,8152706.5,-9999,216983.4,48.03,-1,-9999,-9999,-9999,-9999,-9999,-9999,-9999,unassigned,N/A,-9999,-9999,N/A,-9999,-9999,-9999,-9999,-9999,-9999,-9999,N/A,-9999,-9999,N/A,-9999
3128,600.376723,600.3768197457777,-9999,2939736,-9999,217272.8,16.3,-1,-9999,-9999,-9999,-9999,-9999,-9999,-9999,unassigned,N/A,-9999,-9999,N/A,-9999,-9999,-9999,-9999,-9999,-9999,-9999,N/A,-9999,-9999,N/A,-9999
3129,600.693947,600.6940439972439,-9999,4311028.5,-9999,257025.6,24.64,-1,-9999,-9999,-9999,-9999,-9999,-9999,-9999,unassigned,N/A,-9999,-9999,N/A,-9999,-9999,-9999,-9999,-9999,-9999,-9999,N/A,-9999,-9999,N/A,-9999
3130,600.695309,600.6954059983235,-9999,5071989.5,-9999,158324.6,29.26,-1,-9999,-9999,-9999,-9999,-9999,-9999,-9999,unassigned,N/A,-9999,-9999,N/A,-9999,-9999,-9999,-9999,-9999,-9999,-9999,N/A,-9999,-9999,N/A,-9999
3136,602.693441,602.69353958226,-9999,8192385.5,-9999,199392,48.24,-1,-9999,-9999,-9999,-9999,-9999,-9999,-9999,unassigned,N/A,-9999,-9999,N/A,-9999,-9999,-9999,-9999,-9999,-9999,-9999,N/A,-9999,-9999,N/A,-9999
3137,602.709778,602.7098765952104,-9999,3000720.5,-9999,261416.5,16.65,-1,-9999,-9999,-9999,-9999,-9999,-9999,-9999,unassigned,N/A,-9999,-9999,N/A,-9999,-9999,-9999,-9999,-9999,-9999,-9999,N/A,-9999,-9999,N/A,-9999
3138,602.710953,602.7110515961418,-9999,2979217.8,-9999,141427.9,16.52,-1,-9999,-9999,-9999,-9999,-9999,-9999,-9999,unassigned,N/A,-9999,-9999,N/A,-9999,-9999,-9999,-9999,-9999,-9999,-9999,N/A,-9999,-9999,N/A,-9999
3148,604.691094,604.6911941658166,-9999,5431717.5,-9999,121518.2,31.43,-1,-9999,-9999,-9999,-9999,-9999,-9999,-9999,unassigned,N/A,-9999,-9999,N/A,-9999,-9999,-9999,-9999,-9999,-9999,-9999,N/A,-9999,-9999,N/A,-9999
3149,604.707572,604.7076721788789,-9999,3850932.5,-9999,300119.2,21.81,-1,-9999,-9999,-9999,-9999,-9999,-9999,-9999,unassigned,N/A,-9999,-9999,N/A,-9999,-9999,-9999,-9999,-9999,-9999,-9999,N/A,-9999,-9999,N/A,-9999
3150,604.709371,604.709471180305,-9999,4473526.5,-9999,167019.2,25.6,-1,-9999,-9999,-9999,-9999,-9999,-9999,-9999,unassigned,N/A,-9999,-9999,N/A,-9999,-9999,-9999,-9999,-9999,-9999,-9999,N/A,-9999,-9999,N/A,-9999
3160,606.689426,606.6895277499115,-9999,2566114,-9999,223901.6,13.99,-1,-9999,-9999,-9999,-9999,-9999,-9999,-9999,unassigned,N/A,-9999,-9999,N/A,-9999,-9999,-9999,-9999,-9999,-9999,-9999,N/A,-9999,-9999,N/A,-9999
3161,606.706779,606.7068807636673,-9999,3830258.3,-9999,168961,21.68,-1,-9999,-9999,-9999,-9999,-9999,-9999,-9999,unassigned,N/A,-9999,-9999,N/A,-9999,-9999,-9999,-9999,-9999,-9999,-9999,N/A,-9999,-9999,N/A,-9999
3228,634.960618,634.9607421607274,-9999,10416715,-9999,127204.1,56.61,-1,-9999,-9999,-9999,-9999,-9999,-9999,-9999,unassigned,N/A,-9999,-9999,N/A,-9999,-9999,-9999,-9999,-9999,-9999,-9999,N/A,-9999,-9999,N/A,-9999
3232,635.959494,635.9596189525449,-9999,4018326,-9999,204526.6,20.82,-1,-9999,-9999,-9999,-9999,-9999,-9999,-9999,unassigned,N/A,-9999,-9999,N/A,-9999,-9999,-9999,-9999,-9999,-9999,-9999,N/A,-9999,-9999,N/A,-9999
3242,644.644271,644.6444028370421,-9999,12770504,-9999,141396.5,64.16,-1,-9999,-9999,-9999,-9999,-9999,-9999,-9999,unassigned,N/A,-9999,-9999,N/A,-9999,-9999,-9999,-9999,-9999,-9999,-9999,N/A,-9999,-9999,N/A,-9999
3244,646.642612,646.6427454211441,-9999,23817672,-9999,150913.7,121.01,-1,-9999,-9999,-9999,-9999,-9999,-9999,-9999,unassigned,N/A,-9999,-9999,N/A,-9999,-9999,-9999,-9999,-9999,-9999,-9999,N/A,-9999,-9999,N/A,-9999
3245,646.658636,646.6587694338465,-9999,3451867,-9999,254375.6,16.18,-1,-9999,-9999,-9999,-9999,-9999,-9999,-9999,unassigned,N/A,-9999,-9999,N/A,-9999,-9999,-9999,-9999,-9999,-9999,-9999,N/A,-9999,-9999,N/A,-9999
3246,646.660395,646.6605284352408,-9999,3324381.3,-9999,242892.5,15.52,-1,-9999,-9999,-9999,-9999,-9999,-9999,-9999,unassigned,N/A,-9999,-9999,N/A,-9999,-9999,-9999,-9999,-9999,-9999,-9999,N/A,-9999,-9999,N/A,-9999
3257,648.657479,648.6576140183464,-9999,5910768,-9999,156127,28.82,-1,-9999,-9999,-9999,-9999,-9999,-9999,-9999,unassigned,N/A,-9999,-9999,N/A,-9999,-9999,-9999,-9999,-9999,-9999,-9999,N/A,-9999,-9999,N/A,-9999
3264,649.643868,649.6440038002654,-9999,3847538,-9999,134784.1,18.2,-1,-9999,-9999,-9999,-9999,-9999,-9999,-9999,unassigned,N/A,-9999,-9999,N/A,-9999,-9999,-9999,-9999,-9999,-9999,-9999,N/A,-9999,-9999,N/A,-9999
3266,650.65518,650.6553166019411,-9999,7597078.5,-9999,158104.3,37.49,-1,-9999,-9999,-9999,-9999,-9999,-9999,-9999,unassigned,N/A,-9999,-9999,N/A,-9999,-9999,-9999,-9999,-9999,-9999,-9999,N/A,-9999,-9999,N/A,-9999
3297,665.677415,665.6775635101955,-9999,8945979,-9999,202910.7,41.06,-1,-9999,-9999,-9999,-9999,-9999,-9999,-9999,unassigned,N/A,-9999,-9999,N/A,-9999,-9999,-9999,-9999,-9999,-9999,-9999,N/A,-9999,-9999,N/A,-9999
3298,665.67868,665.6788285111983,-9999,9054013,-9999,172684,41.58,-1,-9999,-9999,-9999,-9999,-9999,-9999,-9999,unassigned,N/A,-9999,-9999,N/A,-9999,-9999,-9999,-9999,-9999,-9999,-9999,N/A,-9999,-9999,N/A,-9999
3312,672.686796,672.6869500665917,-9999,12497343,-9999,170001.6,57.95,-1,-9999,-9999,-9999,-9999,-9999,-9999,-9999,unassigned,N/A,-9999,-9999,N/A,-9999,-9999,-9999,-9999,-9999,-9999,-9999,N/A,-9999,-9999,N/A,-9999
3313,672.931431,672.931585260516,-9999,2907383.5,-9999,200966.3,12.23,-1,-9999,-9999,-9999,-9999,-9999,-9999,-9999,unassigned,N/A,-9999,-9999,N/A,-9999,-9999,-9999,-9999,-9999,-9999,-9999,N/A,-9999,-9999,N/A,-9999
3320,673.683359,673.6835138565758,-9999,8949432,-9999,241797.2,41.03,-1,-9999,-9999,-9999,-9999,-9999,-9999,-9999,unassigned,N/A,-9999,-9999,N/A,-9999,-9999,-9999,-9999,-9999,-9999,-9999,N/A,-9999,-9999,N/A,-9999
3336,682.688563,682.6887249950782,-9999,4738131.5,-9999,224494.1,20.9,-1,-9999,-9999,-9999,-9999,-9999,-9999,-9999,unassigned,N/A,-9999,-9999,N/A,-9999,-9999,-9999,-9999,-9999,-9999,-9999,N/A,-9999,-9999,N/A,-9999
3337,682.690611,682.6907729967016,-9999,3474518.5,-9999,248432.2,14.88,-1,-9999,-9999,-9999,-9999,-9999,-9999,-9999,unassigned,N/A,-9999,-9999,N/A,-9999,-9999,-9999,-9999,-9999,-9999,-9999,N/A,-9999,-9999,N/A,-9999
3338,682.693597,682.6937589990686,-9999,3232858.3,-9999,214496.5,13.73,-1,-9999,-9999,-9999,-9999,-9999,-9999,-9999,unassigned,N/A,-9999,-9999,N/A,-9999,-9999,-9999,-9999,-9999,-9999,-9999,N/A,-9999,-9999,N/A,-9999
3356,690.776921,690.7770894067888,-9999,3353656.8,-9999,137846,13.2,-1,-9999,-9999,-9999,-9999,-9999,-9999,-9999,unassigned,N/A,-9999,-9999,N/A,-9999,-9999,-9999,-9999,-9999,-9999,-9999,N/A,-9999,-9999,N/A,-9999
3360,692.774118,692.774287989984,-9999,5820590,-9999,266739.2,24.09,-1,-9999,-9999,-9999,-9999,-9999,-9999,-9999,unassigned,N/A,-9999,-9999,N/A,-9999,-9999,-9999,-9999,-9999,-9999,-9999,N/A,-9999,-9999,N/A,-9999
3361,692.775874,692.776043991376,-9999,5128880.5,-9999,166761.2,21.03,-1,-9999,-9999,-9999,-9999,-9999,-9999,-9999,unassigned,N/A,-9999,-9999,N/A,-9999,-9999,-9999,-9999,-9999,-9999,-9999,N/A,-9999,-9999,N/A,-9999
3362,694.773108,694.7732795746005,-9999,4155696.5,-9999,141425.4,16.72,-1,-9999,-9999,-9999,-9999,-9999,-9999,-9999,unassigned,N/A,-9999,-9999,N/A,-9999,-9999,-9999,-9999,-9999,-9999,-9999,N/A,-9999,-9999,N/A,-9999
3363,694.925395,694.9255666953196,-9999,5246462,-9999,251326.6,21.54,-1,-9999,-9999,-9999,-9999,-9999,-9999,-9999,unassigned,N/A,-9999,-9999,N/A,-9999,-9999,-9999,-9999,-9999,-9999,-9999,N/A,-9999,-9999,N/A,-9999
3364,694.927585,694.9277566970558,-9999,5364224.5,-9999,180214.3,22.06,-1,-9999,-9999,-9999,-9999,-9999,-9999,-9999,unassigned,N/A,-9999,-9999,N/A,-9999,-9999,-9999,-9999,-9999,-9999,-9999,N/A,-9999,-9999,N/A,-9999
3374,697.703524,697.7036978975664,-9999,5310121,-9999,152193.3,21.8,-1,-9999,-9999,-9999,-9999,-9999,-9999,-9999,unassigned,N/A,-9999,-9999,N/A,-9999,-9999,-9999,-9999,-9999,-9999,-9999,N/A,-9999,-9999,N/A,-9999
3451,744.652256,744.6524671142282,-9999,4618945.5,-9999,173516,17.13,-1,-9999,-9999,-9999,-9999,-9999,-9999,-9999,unassigned,N/A,-9999,-9999,N/A,-9999,-9999,-9999,-9999,-9999,-9999,-9999,N/A,-9999,-9999,N/A,-9999
3475,768.68581,768.6860401658323,-9999,4828938.5,-9999,202209.8,16.6,-1,-9999,-9999,-9999,-9999,-9999,-9999,-9999,unassigned,N/A,-9999,-9999,N/A,-9999,-9999,-9999,-9999,-9999,-9999,-9999,N/A,-9999,-9999,N/A,-9999
3476,768.688327,768.6885571678275,-9999,4795149.5,-9999,211009.6,16.47,-1,-9999,-9999,-9999,-9999,-9999,-9999,-9999,unassigned,N/A,-9999,-9999,N/A,-9999,-9999,-9999,-9999,-9999,-9999,-9999,N/A,-9999,-9999,N/A,-9999
3480,770.684044,770.6842757498495,-9999,9274586,-9999,171521.7,33.52,-1,-9999,-9999,-9999,-9999,-9999,-9999,-9999,unassigned,N/A,-9999,-9999,N/A,-9999,-9999,-9999,-9999,-9999,-9999,-9999,N/A,-9999,-9999,N/A,-9999
3486,773.686215,773.6864491296961,-9999,3688289,-9999,167004.1,12.23,-1,-9999,-9999,-9999,-9999,-9999,-9999,-9999,unassigned,N/A,-9999,-9999,N/A,-9999,-9999,-9999,-9999,-9999,-9999,-9999,N/A,-9999,-9999,N/A,-9999
3501,798.717488,798.7177419722007,-9999,4736919,-9999,195285.8,15.45,-1,-9999,-9999,-9999,-9999,-9999,-9999,-9999,unassigned,N/A,-9999,-9999,N/A,-9999,-9999,-9999,-9999,-9999,-9999,-9999,N/A,-9999,-9999,N/A,-9999
3513,814.636161,814.636427591069,-9999,3998812.3,-9999,211312.1,12.72,-1,-9999,-9999,-9999,-9999,-9999,-9999,-9999,unassigned,N/A,-9999,-9999,N/A,-9999,-9999,-9999,-9999,-9999,-9999,-9999,N/A,-9999,-9999,N/A,-9999
3534,819.721044,819.7213146218994,-9999,4796902,-9999,186642,15.63,-1,-9999,-9999,-9999,-9999,-9999,-9999,-9999,unassigned,N/A,-9999,-9999,N/A,-9999,-9999,-9999,-9999,-9999,-9999,-9999,N/A,-9999,-9999,N/A,-9999
3540,826.728271,826.7285471765881,-9999,8630726,-9999,166017.9,29.62,-1,-9999,-9999,-9999,-9999,-9999,-9999,-9999,unassigned,N/A,-9999,-9999,N/A,-9999,-9999,-9999,-9999,-9999,-9999,-9999,N/A,-9999,-9999,N/A,-9999
3549,834.735319,834.7356015238437,-9999,8734739,-9999,145867.6,29.99,-1,-9999,-9999,-9999,-9999,-9999,-9999,-9999,unassigned,N/A,-9999,-9999,N/A,-9999,-9999,-9999,-9999,-9999,-9999,-9999,N/A,-9999,-9999,N/A,-9999
3581,868.90441,868.9047196099748,-9999,4813445,-9999,144940,16.17,-1,-9999,-9999,-9999,-9999,-9999,-9999,-9999,unassigned,N/A,-9999,-9999,N/A,-9999,-9999,-9999,-9999,-9999,-9999,-9999,N/A,-9999,-9999,N/A,-9999
3737,1179.158097,1179.1586525507294,-9999,3690992.3,-9999,111950.7,14.99,-1,-9999,-9999,-9999,-9999,-9999,-9999,-9999,unassigned,N/A,-9999,-9999,N/A,-9999,-9999,-9999,-9999,-9999,-9999,-9999,N/A,-9999,-9999,N/A,-9999
