Index,Mass,Calibrated_Mass,Calculated_Mass,Peak_Height,Peak_Area,Resolving_Power,S_N,Ion_Charge,Error_ppm,Error_Score,Isotopologue_Similarity,Confidence_Score,DBE,HtoC_ratio,OtoC_ratio,Heteroatom_Class,Ion_Type,Is_Isotopologue,Mono_Isotopic_Index,Molecular_Formula,C,H,O,N,P,S,13C,18O,34S
2,227.092242,227.0923553935123,227.09249716120908,1132445.9,-9999,619158.3,18.55,-1,-0.6242729220963045,0.9317287197941666,0,0.5590372318764999,4,1.4545454545454546,0.4545454545454546,O5,de-protonated,0,-9999,C11 H16 O5,11,16,5,-9999,-9999,-9999,-9999,-9999,-9999
3,227.128762,227.12887536661793,227.12888267055905,1034340,-9999,641543.7,16.78,-1,-0.03215769404497926,0.9998123783800484,0,0.5998874270280291,3,1.6666666666666667,0.3333333333333333,O4,de-protonated,0,-9999,C12 H20 O4,12,20,4,-9999,-9999,-9999,-9999,-9999,-9999
4,229.155518,229.15562987405823,229.15576612430908,924437.6,-9999,892741.3,14.72,-1,-0.5945748306990395,0.937868436186382,0,0.5627210617118291,2,2,0.2727272727272727,N2 O3,de-protonated,0,-9999,C11 H22 O3 N2,11,22,3,2,-9999,-9999,-9999,-9999,-9999
6,239.092453,239.09255755622192,239.09249716120908,793170.6,-9999,485994.1,12.18,-1,0.2526010374855979,0.9884890163307928,0,0.5930934097984756,5,1.3333333333333333,0.4166666666666667,O5,de-protonated,0,-9999,C12 H16 O5,12,16,5,-9999,-9999,-9999,-9999,-9999,-9999
8,239.128793,239.12889752946012,239.12888267055905,2687032.8,-9999,433966.1,46.02,-1,0.06213762596069629,0.9992996566338218,0,0.599579793980293,4,1.5384615384615383,0.3076923076923077,O4,de-protonated,0,-9999,C13 H20 O4,13,20,4,-9999,-9999,-9999,-9999,-9999,-9999
9,241.10804,241.10814307188735,241.1081472256691,1163883.6,-9999,383921.5,18.73,-1,-0.01722787782326775,0.9999461475209536,0,0.5999676885125722,4,1.5,0.4166666666666667,O5,de-protonated,0,-9999,C12 H18 O5,12,18,5,-9999,-9999,-9999,-9999,-9999,-9999
10,241.144341,241.1444440451543,241.14453273501908,1136337.8,-9999,842799.3,18.24,-1,-0.3677871680363204,0.975754664793069,0,0.5854527988758415,3,1.6923076923076923,0.3076923076923077,O4,de-protonated,0,-9999,C13 H22 O4,13,22,4,-9999,-9999,-9999,-9999,-9999,-9999
11,242.176084,242.17618628535,242.1761672165691,934337.9,-9999,420797.7,14.64,-1,0.07873929588497708,0.9988756730442144,0,0.5993254038265285,2,1.9230769230769231,0.2307692307692308,N1 O3,de-protonated,0,-9999,C13 H25 O3 N1,13,25,3,1,-9999,-9999,-9999,-9999,-9999
12,243.087114,243.08721561444207,243.0874117807791,935005,-9999,686502,14.59,-1,-0.8069785908802349,0.8885520903977543,0,0.5331312542386526,4,1.4545454545454546,0.5454545454545454,O6,de-protonated,0,-9999,C11 H16 O6,11,16,6,-9999,-9999,-9999,-9999,-9999,-9999
13,243.123575,243.12367658759115,243.12379729012903,1192419.1,-9999,639406.6,19.15,-1,-0.49646533683017663,0.9562622546715688,0,0.5737573528029412,3,1.6666666666666667,0.4166666666666667,O5,de-protonated,0,-9999,C12 H20 O5,12,20,5,-9999,-9999,-9999,-9999,-9999,-9999
14,243.159921,243.16002256082493,243.16018279947903,834153.4,-9999,728949.1,12.8,-1,-0.6589839351466196,0.924228563266249,0,0.5545371379597493,2,1.8461538461538465,0.3076923076923077,O4,de-protonated,0,-9999,C13 H24 O4,13,24,4,-9999,-9999,-9999,-9999,-9999,-9999
15,243.16019,243.16029156062683,243.16018279947903,807145.4,-9999,747068.6,12.32,-1,0.4472818967288073,0.9643501512398872,0,0.5786100907439323,2,1.8461538461538465,0.3076923076923077,O4,de-protonated,0,-9999,C13 H24 O4,13,24,4,-9999,-9999,-9999,-9999,-9999,-9999
16,243.171144,243.17124555256,243.1714161887691,1041963.3,-9999,838719.4,16.48,-1,-0.7017116228197656,0.9145298341103912,0,0.5487179004662348,2,2,0.25,N2 O3,de-protonated,0,-9999,C12 H24 O3 N2,12,24,3,2,-9999,-9999,-9999,-9999,-9999
17,243.171382,243.17148355238473,243.1714161887691,1205547.3,-9999,725340.3,19.38,-1,0.277021110037813,0.9861719990473043,0,0.5917031994283827,2,2,0.25,N2 O3,de-protonated,0,-9999,C12 H24 O3 N2,12,24,3,2,-9999,-9999,-9999,-9999,-9999
18,245.048677,245.0487771698923,245.0489182711491,820841.2,-9999,806268.2,12.56,-1,-0.575808527467132,0.9416135782754742,0,0.5649681469652845,4,1.4,0.5,S1 O5,de-protonated,0,-9999,C10 H14 O5 S1,10,14,5,-9999,-9999,1,-9999,-9999,-9999
18,245.048677,245.0487771698923,245.0485381486291,820841.2,-9999,806268.2,12.56,-1,0.9754037506936966,0.8414467526446422,0,0.5048680515867853,9,0.9166666666666666,0.16666666666666666,N2 P1 O2,de-protonated,0,-9999,C12 H11 O2 N2 P1,12,11,2,2,1,-9999,-9999,-9999,-9999
19,245.139213,245.13931310321908,245.13944735458907,882488.5,-9999,690901.5,13.65,-1,-0.5476530661797488,0.9470335164515692,0,0.5682201098709415,2,1.8333333333333333,0.4166666666666667,O5,de-protonated,0,-9999,C12 H22 O5,12,22,5,-9999,-9999,-9999,-9999,-9999,-9999
20,249.149387,249.14948415001496,249.14961811544907,1219541.1,-9999,737567.6,19.53,-1,-0.5376907060964953,0.9488933532161788,0,0.5693360119297073,5,1.4666666666666666,0.2,O3,de-protonated,0,-9999,C15 H22 O3,15,22,3,-9999,-9999,-9999,-9999,-9999,-9999
21,249.149623,249.1497201498412,249.14961811544907,1110933.3,-9999,809082.3,17.62,-1,0.4095305980634179,0.9700266605008944,0,0.5820159963005367,5,1.4666666666666666,0.2,O3,de-protonated,0,-9999,C15 H22 O3,15,22,3,-9999,-9999,-9999,-9999,-9999,-9999
22,249.185833,249.18593012317513,249.18600362479907,1201563.1,-9999,451182.4,19.22,-1,-0.2949669037401711,0.984336932940907,0,0.5906021597645441,4,1.625,0.125,O2,de-protonated,0,-9999,C16 H26 O2,16,26,2,-9999,-9999,-9999,-9999,-9999,-9999
23,251.078332,251.07842772948604,251.07857843043905,1184336.3,-9999,841333.6,18.83,-1,-0.6002142992702371,0.9367225018432342,0,0.5620335011059405,7,1.2,0.4,N4 O4,de-protonated,0,-9999,C10 H12 O4 N4,10,12,4,4,-9999,-9999,-9999,-9999,-9999
24,251.078547,251.0786427293277,251.07857843043905,1166352.4,-9999,735056,18.51,-1,0.2560906989652528,0.9881706744945176,0,0.5929024046967106,7,1.2,0.4,N4 O4,de-protonated,0,-9999,C10 H12 O4 N4,10,12,4,4,-9999,-9999,-9999,-9999,-9999
25,251.128777,251.12887269233696,251.12888267055905,1133464.5,-9999,562787.2,17.93,-1,-0.03973347067683408,0.9997135791501014,0,0.5998281474900609,5,1.4285714285714286,0.2857142857142857,O4,de-protonated,0,-9999,C14 H20 O4,14,20,4,-9999,-9999,-9999,-9999,-9999,-9999
26,251.201584,251.2016796387198,251.20165368925908,814212.3,-9999,495201.6,12.32,-1,0.10330131332242026,0.9980656051524815,0,0.5988393630914889,3,1.75,0.125,O2,de-protonated,0,-9999,C16 H28 O2,16,28,2,-9999,-9999,-9999,-9999,-9999,-9999
27,253.107934,253.10802823483047,253.1081472256691,1037206.2,-9999,530153.3,16.24,-1,-0.47011856362382154,0.9606912132748784,0,0.5764147279649271,5,1.3846153846153846,0.38461538461538464,O5,de-protonated,0,-9999,C13 H18 O5,13,18,5,-9999,-9999,-9999,-9999,-9999,-9999
29,253.144376,253.14447020799355,253.14453273501908,5987484,-9999,436298,103.25,-1,-0.24700128759865375,0.9221354705320688,0.995389606462425,0.9514371249042112,4,1.5714285714285714,0.2857142857142857,O4,de-protonated,0,-9999,C14 H22 O4,14,22,4,-9999,-9999,-9999,-9999,-9999,-9999
31,253.217117,253.21721115442503,253.21730375371908,2756007.5,-9999,483887.1,46.45,-1,-0.365691019722408,0.9760269125157204,0,0.58561614750943225,2,1.875,0.125,O2,de-protonated,0,-9999,C16 H30 O2,16,30,2,-9999,-9999,-9999,-9999,-9999,-9999
32,253.21732,253.21741415427556,253.21730375371908,3058215.5,-9999,606740.4,51.76,-1,0.4359913593708964,0.9660967424327171,0,0.5796580454596303,2,1.875,0.125,O2,de-protonated,0,-9999,C16 H30 O2,16,30,2,-9999,-9999,-9999,-9999,-9999,-9999
33,254.14803,254.14812346887476,254.14788757008907,943418.7,-9999,751328.7,14.52,-1,0.9281949495817008,0.8552800111007987,0.995389606462425,0.9113238492454492,4,1.6923076923076923,0.3076923076923077,13C1 O4,de-protonated,1,29,C13 H22 O4 13C1,13,22,4,-9999,-9999,-9999,1,-9999,-9999
34,255.08715,255.08724277728055,255.08741178077904,1254989.6,-9999,685418.3,19.97,-1,-0.6625317074836279,0.923442646508024,0,0.5540655879048144,5,1.3333333333333333,0.5,O6,de-protonated,0,-9999,C12 H16 O6,12,16,6,-9999,-9999,-9999,-9999,-9999,-9999
35,255.087479,255.08757177703828,255.08741178077904,1145741.6,-9999,589619.8,18.05,-1,0.6272213046377715,0.9311051133206586,0,0.5586630679923952,5,1.3333333333333333,0.5,O6,de-protonated,0,-9999,C12 H16 O6,12,16,6,-9999,-9999,-9999,-9999,-9999,-9999
36,255.12363,255.12372275041565,255.12379729012903,1383523.3,-9999,409218.6,22.21,-1,-0.29217075867243397,0.9846301990888652,0,0.5907781194533192,4,1.5384615384615383,0.38461538461538464,O5,de-protonated,0,-9999,C13 H20 O5,13,20,5,-9999,-9999,-9999,-9999,-9999,-9999
37,255.159984,255.1600767236436,255.16018279947903,876632.9,-9999,675904.2,13.35,-1,-0.4157225250099284,0.9691276822622054,0,0.5814766093573231,3,1.7142857142857142,0.2857142857142857,O4,de-protonated,0,-9999,C14 H24 O4,14,24,4,-9999,-9999,-9999,-9999,-9999,-9999
39,255.232944,255.2330366699138,255.2329538181791,2960100.3,-9999,440503.4,49.8,-1,0.324612215763197,0.9810618152977268,0,0.5886370891786361,1,2,0.125,O2,de-protonated,0,-9999,C16 H32 O2,16,32,2,-9999,-9999,-9999,-9999,-9999,-9999
40,257.102879,257.10297029284146,257.1030618452391,1510979.3,-9999,505416.5,24.44,-1,-0.3560922105614433,0.97725467052383,0,0.586352802314298,4,1.5,0.5,O6,de-protonated,0,-9999,C12 H18 O6,12,18,6,-9999,-9999,-9999,-9999,-9999,-9999
41,257.103185,257.10327629261616,257.1030618452391,1167811.4,-9999,1134503.4,18.43,-1,0.8340911054198872,0.8814074293280237,0,0.5288444575968142,4,1.5,0.5,O6,de-protonated,0,-9999,C12 H18 O6,12,18,6,-9999,-9999,-9999,-9999,-9999,-9999
42,257.139187,257.13927826610325,257.1394473545891,899144.8,-9999,728293.3,13.64,-1,-0.65757505348627,0.9245396784012938,0,0.5547238070407763,3,1.6923076923076923,0.38461538461538464,O5,de-protonated,0,-9999,C13 H22 O5,13,22,5,-9999,-9999,-9999,-9999,-9999,-9999
43,257.139439,257.13953026591764,257.1394473545891,945864.8,-9999,592945.9,14.45,-1,0.3224372199622863,0.9813123694116258,0,0.5887874216469755,3,1.6923076923076923,0.38461538461538464,O5,de-protonated,0,-9999,C13 H22 O5,13,22,5,-9999,-9999,-9999,-9999,-9999,-9999
44,257.17568,257.1757712392288,257.1758328639391,1545742.4,-9999,554029.3,24.87,-1,-0.23962092232215432,0.9896356296144958,0,0.5937813777686974,2,1.8571428571428572,0.2857142857142857,O4,de-protonated,0,-9999,C14 H26 O4,14,26,4,-9999,-9999,-9999,-9999,-9999,-9999
45,259.118485,259.118574808493,259.1187119096991,1091568.6,-9999,645773.5,16.97,-1,-0.5291057718450313,0.9504715119361982,0,0.5702829071617189,3,1.6666666666666667,0.5,O6,de-protonated,0,-9999,C12 H20 O6,12,20,6,-9999,-9999,-9999,-9999,-9999,-9999
46,259.118747,259.1188368083,259.1187119096991,1154864.8,-9999,526047.2,18.07,-1,0.4820130510661027,0.9587190892707034,0,0.575231453562422,3,1.6666666666666667,0.5,O6,de-protonated,0,-9999,C12 H20 O6,12,20,6,-9999,-9999,-9999,-9999,-9999,-9999
47,259.12982,259.1299098001455,259.12994529898907,1137586.4,-9999,546701.9,17.77,-1,-0.1369924402358901,0.9966005566804068,0,0.5979603340082441,3,1.818181818181818,0.4545454545454546,N2 O5,de-protonated,0,-9999,C11 H20 O5 N2,11,20,5,2,-9999,-9999,-9999,-9999,-9999
48,259.154913,259.1550027816664,259.15509741904907,863862,-9999,788725.6,13.02,-1,-0.36517662060396194,0.9760934964393668,0,0.58565609786362,2,1.8461538461538465,0.38461538461538464,O5,de-protonated,0,-9999,C13 H24 O5,13,24,5,-9999,-9999,-9999,-9999,-9999,-9999
50,262.975772,262.97585896787916,262.9759678045391,1538393.3,-9999,711608.2,24.55,-1,-0.41386542215989014,0.9693986352356504,0,0.5816391811413901,9,0.75,0.08333333333333333,S2 P1 O1,de-protonated,0,-9999,C12 H9 O1 P1 S2,12,9,1,-9999,1,2,-9999,-9999,-9999
51,262.97608,262.9761669676523,262.9759678045391,1290201.4,-9999,740281.5,20.27,-1,0.7573433986591418,0.901159198735285,0,0.540695519241171,9,0.75,0.08333333333333333,S2 P1 O1,de-protonated,0,-9999,C12 H9 O1 P1 S2,12,9,1,-9999,1,2,-9999,-9999,-9999
52,263.12879,263.1288768551924,263.12888267055905,888686.6,-9999,574169,13.34,-1,-0.02210082978977609,0.999911375919399,0,0.5999468255516394,6,1.3333333333333333,0.26666666666666666,O4,de-protonated,0,-9999,C15 H20 O4,15,20,4,-9999,-9999,-9999,-9999,-9999,-9999
53,263.201668,263.201754801523,263.2016536892591,841208.8,-9999,881637.2,12.52,-1,0.384162722719854,0.9735769835725426,0,0.5841461901435255,4,1.6470588235294117,0.1176470588235294,O2,de-protonated,0,-9999,C17 H28 O2,17,28,2,-9999,-9999,-9999,-9999,-9999,-9999
54,265.144366,265.14445137086597,265.1445327350191,883203.1,-9999,725888.3,13.14,-1,-0.3068671727031834,0.9830585852225232,0,0.5898351511335139,5,1.4666666666666666,0.26666666666666666,O4,de-protonated,0,-9999,C15 H22 O4,15,22,4,-9999,-9999,-9999,-9999,-9999,-9999
56,265.147757,265.14784236836874,265.14790403833905,4266883.5,-9999,487312,71.06,-1,-0.23258705563217932,0.990232235425932,0,0.5941393412555591,0,2.1666666666666665,0.3333333333333333,S1 O4,de-protonated,0,-9999,C12 H26 O4 S1,12,26,4,-9999,-9999,1,-9999,-9999,-9999
57,266.088852,266.0889366753201,266.0890094364491,901890.1,-9999,844627.6,13.46,-1,-0.27344657768636055,0.9865241550446616,0,0.591914493026797,1,2.1,0.3,N1 S2 O3,de-protonated,0,-9999,C10 H21 O3 N1 S2,10,21,3,1,-9999,2,-9999,-9999,-9999
60,267.073205,267.0732889504151,267.0730250193591,873156.8,-9999,541458.5,12.97,-1,0.9882355433610696,0.8376084686629294,0,0.5025650811977576,1,2,0.4,S2 O4,de-protonated,0,-9999,C10 H20 O4 S2,10,20,4,-9999,-9999,2,-9999,-9999,-9999
60,267.073205,267.0732889504151,267.07349305000906,873156.8,-9999,541458.5,12.97,-1,-0.7642076031419072,0.8994530353169234,0,0.539671821190154,7,1.2,0.5,N4 O5,de-protonated,0,-9999,C10 H12 O5 N4,10,12,5,4,-9999,-9999,-9999,-9999,-9999
61,267.087214,267.0872979400985,267.08741178077906,1143686.6,-9999,888702.8,17.6,-1,-0.42623004884576465,0.9675732410152708,0,0.5805439446091625,6,1.2307692307692308,0.4615384615384616,O6,de-protonated,0,-9999,C13 H16 O6,13,16,6,-9999,-9999,-9999,-9999,-9999,-9999
62,267.08739,267.0874739399689,267.08741178077906,1030118.7,-9999,587963.3,15.65,-1,0.23272976222856948,0.9902203043098956,0,0.5941321825859373,6,1.2307692307692308,0.4615384615384616,O6,de-protonated,0,-9999,C13 H16 O6,13,16,6,-9999,-9999,-9999,-9999,-9999,-9999
65,267.123645,267.1237289132697,267.12379729012906,1498251.5,-9999,599642,23.67,-1,-0.25597442105121077,0.9881813505436092,0,0.5929088103261656,5,1.4285714285714286,0.35714285714285715,O5,de-protonated,0,-9999,C14 H20 O5,14,20,5,-9999,-9999,-9999,-9999,-9999,-9999
66,267.12395,267.124033913045,267.12379729012906,1284107.5,-9999,787493.4,20,-1,0.8858174313327052,0.8672935326140434,0,0.520376119568426,5,1.4285714285714286,0.35714285714285715,O5,de-protonated,0,-9999,C14 H20 O5,14,20,5,-9999,-9999,-9999,-9999,-9999,-9999
67,267.196429,267.19651285966955,267.19656830882906,886549.1,-9999,691090.6,13.2,-1,-0.207521974757782,0.9922162963261054,0,0.5953297777956632,3,1.75,0.1875,O3,de-protonated,0,-9999,C16 H28 O3,16,28,3,-9999,-9999,-9999,-9999,-9999,-9999
69,269.066477,269.066559482514,269.0666763358891,994824.6,-9999,734081.8,14.93,-1,-0.4342915172909757,0.966356101687529,0,0.5798136610125173,6,1.1666666666666667,0.5833333333333334,O7,de-protonated,0,-9999,C12 H14 O7,12,14,7,-9999,-9999,-9999,-9999,-9999,-9999
70,269.102883,269.10296545570355,269.1030618452391,1822861.3,-9999,517169.9,28.99,-1,-0.35818817846828627,0.9769892368906632,0,0.5861935421343979,5,1.3846153846153846,0.4615384615384616,O6,de-protonated,0,-9999,C13 H18 O6,13,18,6,-9999,-9999,-9999,-9999,-9999,-9999
71,269.130992,269.1310744350033,269.1312051460991,2561425,-9999,574363.6,41.54,-1,-0.4856779640520213,0.9581023439671762,0,0.5748614063803057,4,1.6428571428571428,0.21428571428571427,P1 O3,de-protonated,0,-9999,C14 H23 O3 P1,14,23,3,-9999,1,-9999,-9999,-9999,-9999
73,269.139234,269.1393164289337,269.1394473545891,3282834,-9999,615614.9,53.79,-1,-0.4864602966944137,0.9579701367229368,0,0.5747820820337621,4,1.5714285714285714,0.35714285714285715,O5,de-protonated,0,-9999,C14 H22 O5,14,22,5,-9999,-9999,-9999,-9999,-9999,-9999
74,269.139527,269.1396094287179,269.1394473545891,2858130,-9999,651873.4,46.58,-1,0.6021938827710277,0.9363180221268608,0,0.5617908132761164,4,1.5714285714285714,0.35714285714285715,O5,de-protonated,0,-9999,C14 H22 O5,14,22,5,-9999,-9999,-9999,-9999,-9999,-9999
75,269.175662,269.17574440210706,269.1758328639391,1461910.6,-9999,520146.6,22.86,-1,-0.32863957768566177,0.9805935976102442,0,0.5883561585661465,3,1.7333333333333334,0.26666666666666666,O4,de-protonated,0,-9999,C15 H26 O4,15,26,4,-9999,-9999,-9999,-9999,-9999,-9999
77,269.212081,269.2121633752871,269.2122183732891,2320795.3,-9999,414342.1,37.45,-1,-0.2042923694838974,0.9924557731578036,0,0.5954734638946821,2,1.875,0.1875,O3,de-protonated,0,-9999,C16 H30 O3,16,30,3,-9999,-9999,-9999,-9999,-9999,-9999
78,269.21231,269.21239237511844,269.2122183732891,2376859.5,-9999,579721.5,38.4,-1,0.646337043696415,0.92700114864602,0,0.5562006891876119,2,1.875,0.1875,O3,de-protonated,0,-9999,C16 H30 O3,16,30,3,-9999,-9999,-9999,-9999,-9999,-9999
79,271.082166,271.08224699810427,271.0823264003491,1110537,-9999,578476.3,16.89,-1,-0.29290823146603545,0.9845531139807968,0,0.5907318683884781,5,1.3333333333333333,0.5833333333333334,O7,de-protonated,0,-9999,C12 H16 O7,12,16,7,-9999,-9999,-9999,-9999,-9999,-9999
80,271.118473,271.1185539713668,271.1187119096991,1465165.6,-9999,879516.9,22.91,-1,-0.582543090318963,0.940281686216792,0,0.5641690117300752,4,1.5384615384615383,0.4615384615384616,O6,de-protonated,0,-9999,C13 H20 O6,13,20,6,-9999,-9999,-9999,-9999,-9999,-9999
81,271.118709,271.11878997119305,271.1187119096991,1517709.6,-9999,577561.4,23.81,-1,0.28792366793897445,0.9850704642177804,0,0.5910422785306683,4,1.5384615384615383,0.4615384615384616,O6,de-protonated,0,-9999,C13 H20 O6,13,20,6,-9999,-9999,-9999,-9999,-9999,-9999
82,271.154963,271.1550439444946,271.15509741904907,969810.2,-9999,510032.4,14.5,-1,-0.19721021284827953,0.9929679629316096,0,0.5957807777589657,3,1.7142857142857142,0.35714285714285715,O5,de-protonated,0,-9999,C14 H24 O5,14,24,5,-9999,-9999,-9999,-9999,-9999,-9999
83,271.19134,271.19142091770556,271.19148292839907,1552278.8,-9999,418596.1,24.39,-1,-0.22866018077717623,0.9905577295057536,0,0.5943346377034522,2,1.8666666666666667,0.26666666666666666,O4,de-protonated,0,-9999,C15 H28 O4,15,28,4,-9999,-9999,-9999,-9999,-9999,-9999
84,273.09786,273.097939513691,273.0979764648091,1176291.6,-9999,415193.3,17.86,-1,-0.13530352208749197,0.9966837221181564,0,0.5980102332708938,4,1.5,0.5833333333333334,O7,de-protonated,0,-9999,C12 H18 O7,12,18,7,-9999,-9999,-9999,-9999,-9999,-9999
85,273.098088,273.0981675135231,273.0979764648091,1277123.8,-9999,578222.6,19.56,-1,0.69956107496568265,0.91503003241804,0,0.549018019450824,4,1.5,0.5833333333333334,O7,de-protonated,0,-9999,C12 H18 O7,12,18,7,-9999,-9999,-9999,-9999,-9999,-9999
86,273.134279,273.134358486871,273.13436197415905,1539016.1,-9999,444702.6,23.98,-1,-0.01276766502520842,0.9999704218937124,0,0.5999822531362274,3,1.6923076923076923,0.4615384615384616,O6,de-protonated,0,-9999,C13 H22 O6,13,22,6,-9999,-9999,-9999,-9999,-9999,-9999
87,275.113478,275.1135560293336,275.1136265292691,1105017,-9999,693192.5,16.66,-1,-0.2562575193553855,0.9881553496250214,0,0.5928932097750128,3,1.6666666666666667,0.5833333333333334,O7,de-protonated,0,-9999,C12 H20 O7,12,20,7,-9999,-9999,-9999,-9999,-9999,-9999
88,275.113761,275.11383902912524,275.1136265292691,866233.1,-9999,693693.9,12.63,-1,0.772407600605063,0.8973989674183791,0,0.5384393804510275,3,1.6666666666666667,0.5833333333333334,O7,de-protonated,0,-9999,C12 H20 O7,12,20,7,-9999,-9999,-9999,-9999,-9999,-9999
89,275.165024,275.1651019913737,275.1652681799091,848959.3,-9999,662065.8,12.34,-1,-0.6039589824964504,0.9359563917284917,0,0.561573835037095,6,1.411764705882353,0.17647058823529413,O3,de-protonated,0,-9999,C17 H24 O3,17,24,3,-9999,-9999,-9999,-9999,-9999,-9999
91,277.059486,277.059562596239,277.0594967558291,10213473,-9999,604889.8,170.15,-1,0.23763996780293,0.4949027068058901,0.9112932940309506,0.6614589416959142,4,1.6666666666666667,0.6666666666666666,N2 P1 O6,de-protonated,0,-9999,C9 H15 O6 N2 P1,9,15,6,2,1,-9999,-9999,-9999,-9999
92,277.071581,277.0716575873319,277.0717617163191,1113314.8,-9999,464270.3,16.79,-1,-0.3758195585505313,0.9746977322508876,0,0.5848186393505326,8,1,0.42857142857142855,O6,de-protonated,0,-9999,C14 H14 O6,14,14,6,-9999,-9999,-9999,-9999,-9999,-9999
93,277.144463,277.14453953365955,277.1445327350191,1461163.4,-9999,420701.1,22.66,-1,0.02453102864075509,0.9998908153372272,0,0.5999344892023363,6,1.375,0.25,O4,de-protonated,0,-9999,C16 H22 O4,16,22,4,-9999,-9999,-9999,-9999,-9999,-9999
94,277.155561,277.15563752548667,277.1557661243091,910444.7,-9999,704417.8,13.37,-1,-0.4639947572165134,0.9616888767473109,0,0.5770133260483864,6,1.4666666666666666,0.2,N2 O3,de-protonated,0,-9999,C15 H22 O3 N2,15,22,3,2,-9999,-9999,-9999,-9999,-9999
95,277.155927,277.15600352521716,277.1557661243091,987116.8,-9999,630362.9,14.67,-1,0.8565613171125612,0.8753526813649952,0,0.5252116088189971,6,1.4666666666666666,0.2,N2 O3,de-protonated,0,-9999,C15 H22 O3 N2,15,22,3,2,-9999,-9999,-9999,-9999,-9999
96,277.180962,277.1810385067807,277.1809182443691,1456751.8,-9999,593750.2,22.58,-1,0.4338769506961104,0.966419212462776,0,0.5798515274776657,5,1.5294117647058822,0.17647058823529413,O3,de-protonated,0,-9999,C17 H26 O3,17,26,3,-9999,-9999,-9999,-9999,-9999,-9999
100,279.038687,279.0387621387001,279.0387613109391,1461577.5,-9999,744988.5,22.48,-1,0.00296647327358033,0.9999984032594248,0,0.5999990419556549,4,1.625,0.875,N2 P1 O7,de-protonated,0,-9999,C8 H13 O7 N2 P1,8,13,7,2,1,-9999,-9999,-9999,-9999
101,279.038926,279.03900113852416,279.0387613109391,1235017.6,-9999,565792.5,18.69,-1,0.8594776723335311,0.8745581568606227,0,0.5247348941163735,4,1.625,0.875,N2 P1 O7,de-protonated,0,-9999,C8 H13 O7 N2 P1,8,13,7,2,1,-9999,-9999,-9999,-9999
102,279.05585,279.05592512606086,279.0557349852691,1190475.5,-9999,708957.5,17.94,-1,0.6813720984965057,0.91920987708984,0,0.551525926253904,8,1.0909090909090908,0.2727272727272727,N4 S1 O3,de-protonated,0,-9999,C11 H12 O3 N4 S1,11,12,3,4,-9999,1,-9999,-9999,-9999
103,279.056538,279.0566131255542,279.05638643394906,3734859.8,-9999,558207.8,60.48,-1,0.8123505360981534,0.4435753474448003,0.8295321147073604,0.5979580543498244,17,0.42105263157894735,0.05263157894736842,N2 O1,de-protonated,0,-9999,C19 H8 O1 N2,19,8,1,2,-9999,-9999,-9999,-9999,-9999
105,279.0985,279.0985750946522,279.0986451700691,844752.5,-9999,688366.2,12.17,-1,-0.25107759623923237,0.9886266533149584,0,0.5931759919889751,7,1.2307692307692308,0.38461538461538464,N2 O5,de-protonated,0,-9999,C13 H16 O5 N2,13,16,5,2,-9999,-9999,-9999,-9999,-9999
106,279.123579,279.1236540761833,279.12379729012906,948051.4,-9999,599185.1,13.89,-1,-0.5130839690215989,0.9533556044350456,0,0.5720133626610273,6,1.3333333333333333,0.3333333333333333,O5,de-protonated,0,-9999,C15 H20 O5,15,20,5,-9999,-9999,-9999,-9999,-9999,-9999
107,279.123952,279.1240270759086,279.12379729012906,941523.5,-9999,530538.2,13.78,-1,0.8232396584212235,0.8842883823697107,0,0.5305730294218264,6,1.3333333333333333,0.3333333333333333,O5,de-protonated,0,-9999,C15 H20 O5,15,20,5,-9999,-9999,-9999,-9999,-9999,-9999
108,279.160028,279.1601030493413,279.16018279947906,1300631.6,-9999,352915.3,19.79,-1,-0.28567877046897644,0.9853006504594846,0,0.5911803902756907,5,1.5,0.25,O4,de-protonated,0,-9999,C16 H24 O4,16,24,4,-9999,-9999,-9999,-9999,-9999,-9999
109,281.102899,281.1029726185568,281.1030618452391,1495735.9,-9999,587472.2,23.04,-1,-0.31741625902578585,0.9818845789181248,0,0.5891307473508748,6,1.2857142857142858,0.42857142857142855,O6,de-protonated,0,-9999,C14 H18 O6,14,18,6,-9999,-9999,-9999,-9999,-9999,-9999
110,281.139275,281.1393485917685,281.1394473545891,1817916,-9999,643688,28.43,-1,-0.3512947809856331,0.9778566213019616,0,0.586713972781177,5,1.4666666666666666,0.3333333333333333,O5,de-protonated,0,-9999,C15 H22 O5,15,22,5,-9999,-9999,-9999,-9999,-9999,-9999
111,281.139492,281.1395655916087,281.1394473545891,1639612.1,-9999,630740,25.45,-1,0.4205636053729893,0.9684160223432,0,0.5810496134059199,5,1.4666666666666666,0.3333333333333333,O5,de-protonated,0,-9999,C15 H22 O5,15,22,5,-9999,-9999,-9999,-9999,-9999,-9999
112,281.175731,281.17580456492124,281.1758328639391,1651648.3,-9999,435763.1,25.65,-1,-0.10064527085392962,0.9981637089258024,0,0.5988982253554813,4,1.625,0.25,O4,de-protonated,0,-9999,C16 H26 O4,16,26,4,-9999,-9999,-9999,-9999,-9999,-9999
114,283.08205,283.0821221610547,283.0823264003491,988313.2,-9999,621873.7,14.44,-1,-0.7214837357007972,0.9098722463390888,0,0.5459233478034532,6,1.2307692307692308,0.5384615384615384,O7,de-protonated,0,-9999,C13 H16 O7,13,16,7,-9999,-9999,-9999,-9999,-9999,-9999
115,283.082439,283.0825111607683,283.0823264003491,981721.3,-9999,594258.2,14.33,-1,0.6526738055118627,0.925617614215027,0,0.5553705685290161,6,1.2307692307692308,0.5384615384615384,O7,de-protonated,0,-9999,C13 H16 O7,13,16,7,-9999,-9999,-9999,-9999,-9999,-9999
116,283.118763,283.1188351340183,283.1187119096991,2103069.3,-9999,461116.4,32.92,-1,0.4352390500566723,0.9662116450008438,0,0.5797269870005063,5,1.4285714285714286,0.42857142857142855,O6,de-protonated,0,-9999,C14 H20 O6,14,20,6,-9999,-9999,-9999,-9999,-9999,-9999
117,283.154979,283.15505110734784,283.15509741904907,2284065.5,-9999,493924.3,35.92,-1,-0.1635559509543061,0.9951579089123614,0,0.5970947453474168,4,1.6,0.3333333333333333,O5,de-protonated,0,-9999,C15 H24 O5,15,24,5,-9999,-9999,-9999,-9999,-9999,-9999
120,283.191296,283.19136808060296,283.19148292839907,6295333.5,-9999,596361.2,102.43,-1,-0.4055481998426109,0.9155618627587012,0.9901365006145408,0.945391717901037,3,1.75,0.25,O4,de-protonated,0,-9999,C16 H28 O4,16,28,4,-9999,-9999,-9999,-9999,-9999,-9999
121,283.191586,283.19165808038935,283.19148292839907,6064421.5,-9999,636474.8,98.6,-1,0.618493142751506,0.8967347176730611,0.9946329596859512,0.9358940144782172,3,1.75,0.25,O4,de-protonated,0,-9999,C16 H28 O4,16,28,4,-9999,-9999,-9999,-9999,-9999,-9999
122,283.227767,283.2278390537447,283.2278684377491,846057.7,-9999,561223,12.08,-1,-0.10374686859475751,0.9980488987749532,0,0.5988293392649718,2,1.8823529411764703,0.17647058823529413,O3,de-protonated,0,-9999,C17 H32 O3,17,32,3,-9999,-9999,-9999,-9999,-9999,-9999
123,283.264345,283.2644170268076,283.26425394709906,2558509.8,-9999,535079.8,40.47,-1,0.575715807004844,0.9416318205696952,0,0.5649790923418172,1,2,0.1111111111111111,O2,de-protonated,0,-9999,C18 H36 O2,18,36,2,-9999,-9999,-9999,-9999,-9999,-9999
124,284.194637,284.1947083417146,284.1948377634691,1144470.6,-9999,591661.6,17.03,-1,0.90986156485823,0.860525573640126,0.9946329596859512,0.9141685280584562,3,1.8666666666666667,0.26666666666666666,13C1 O4,de-protonated,1,121,C15 H28 O4 13C1,15,28,4,-9999,-9999,-9999,1,-9999,-9999
124,284.194637,284.1947083417146,284.1948377634691,1144470.6,-9999,591661.6,17.03,-1,0.90986156485823,0.860525573640126,0.9901365006145408,0.912369944429892,3,1.8666666666666667,0.26666666666666666,13C1 O4,de-protonated,1,120,C15 H28 O4 13C1,15,28,4,-9999,-9999,-9999,1,-9999,-9999
125,284.195025,284.1950963414289,284.1948377634691,1004950.7,-9999,665823.4,14.71,-1,0.90986156485823,0.860525573640126,0.9946329596859512,0.9141685280584562,3,1.8666666666666667,0.26666666666666666,13C1 O4,de-protonated,1,121,C15 H28 O4 13C1,15,28,4,-9999,-9999,-9999,1,-9999,-9999
125,284.195025,284.1950963414289,284.1948377634691,1004950.7,-9999,665823.4,14.71,-1,0.90986156485823,0.860525573640126,0.9901365006145408,0.912369944429892,3,1.8666666666666667,0.26666666666666666,13C1 O4,de-protonated,1,120,C15 H28 O4 13C1,15,28,4,-9999,-9999,-9999,1,-9999,-9999
126,285.097746,285.0978166766399,285.0979764648091,1704572,-9999,580723.1,26.31,-1,-0.5604675668568705,0.9445965557167476,0,0.5667579334300484,5,1.3846153846153846,0.5384615384615384,O7,de-protonated,0,-9999,C13 H18 O7,13,18,7,-9999,-9999,-9999,-9999,-9999,-9999
127,285.098121,285.0981916763638,285.0979764648091,1260156,-9999,603456.6,18.94,-1,0.754868755498659,0.9017713068126648,0,0.5410627840875989,5,1.3846153846153846,0.5384615384615384,O7,de-protonated,0,-9999,C13 H18 O7,13,18,7,-9999,-9999,-9999,-9999,-9999,-9999
129,285.125928,285.12599865588595,285.1261197656691,2164287,-9999,330549.4,33.93,-1,-0.4247586410218408,0.9677930998204668,0,0.5806758598922801,4,1.6428571428571428,0.2857142857142857,P1 O4,de-protonated,0,-9999,C14 H23 O4 P1,14,23,4,-9999,1,-9999,-9999,-9999,-9999
131,285.134182,285.1342526498075,285.13436197415905,1854208,-9999,461744.9,28.79,-1,-0.3834134574760487,0.9736785859483492,0,0.5842071515690095,4,1.5714285714285714,0.42857142857142855,O6,de-protonated,0,-9999,C14 H22 O6,14,22,6,-9999,-9999,-9999,-9999,-9999,-9999
132,285.134519,285.1345896495593,285.13436197415905,1606144,-9999,710565.7,24.68,-1,0.7984846115261808,0.8907534231358275,0,0.5344520538814965,4,1.5714285714285714,0.42857142857142855,O6,de-protonated,0,-9999,C14 H22 O6,14,22,6,-9999,-9999,-9999,-9999,-9999,-9999
133,285.170623,285.17069362297127,285.17074748350905,935172.1,-9999,725636.1,13.55,-1,-0.1888711877037025,0.993548206169515,0,0.596128923701709,3,1.7333333333333334,0.3333333333333333,O5,de-protonated,0,-9999,C15 H26 O5,15,26,5,-9999,-9999,-9999,-9999,-9999,-9999
135,285.206956,285.20702659621463,285.2071329928591,2945032.3,-9999,662235.5,46.88,-1,-0.37305043303966273,0.9750645535644852,0,0.5850387321386911,2,1.875,0.25,O4,de-protonated,0,-9999,C16 H30 O4,16,30,4,-9999,-9999,-9999,-9999,-9999,-9999
136,285.207284,285.20735459597313,285.2071329928591,3027976.3,-9999,465730.8,48.25,-1,0.7769900833209729,0.896243591235613,0,0.5377461547413678,2,1.875,0.25,O4,de-protonated,0,-9999,C16 H30 O4,16,30,4,-9999,-9999,-9999,-9999,-9999,-9999
137,286.129675,286.12974491669866,286.1296109463591,865263.1,-9999,451641.1,12.39,-1,0.4682155723709572,0.9610025298994088,0,0.5766015179396452,4,1.6153846153846154,0.4615384615384616,N1 O6,de-protonated,0,-9999,C13 H21 O6 N1,13,21,6,1,-9999,-9999,-9999,-9999,-9999
138,286.17704,286.17710988181767,286.1772298449991,1021812.4,-9999,586870.3,14.99,-1,-0.4191919164351414,0.9686184499241048,0,0.5811710699544628,3,1.9230769230769231,0.3076923076923077,N3 O4,de-protonated,0,-9999,C13 H25 O4 N3,13,25,4,3,-9999,-9999,-9999,-9999,-9999
139,287.113467,287.11353619220677,287.1136265292691,1682268.5,-9999,452432.8,25.72,-1,-0.31463871432987794,0.9821974024028272,0,0.5893184414416963,4,1.5384615384615383,0.5384615384615384,O7,de-protonated,0,-9999,C13 H20 O7,13,20,7,-9999,-9999,-9999,-9999,-9999,-9999
140,287.149867,287.14993616540073,287.1500120386191,1359456.5,-9999,542927,20.41,-1,-0.2642285048544366,0.987411754233375,0,0.5924470525400249,3,1.7142857142857142,0.42857142857142855,O6,de-protonated,0,-9999,C14 H24 O6,14,24,6,-9999,-9999,-9999,-9999,-9999,-9999
142,287.222642,287.2227111118072,287.2227830573191,2206184.5,-9999,492160.4,34.33,-1,-0.2504867862887804,0.9886798117648564,0,0.5932078870589138,1,2,0.25,O4,de-protonated,0,-9999,C16 H32 O4,16,32,4,-9999,-9999,-9999,-9999,-9999,-9999
143,289.120989,289.1210567138115,289.12103438523906,1101626.5,-9999,577803.2,16.17,-1,0.07722915255046975,0.9989183633697808,0,0.5993510180218685,3,1.7692307692307692,0.38461538461538464,P1 O5,de-protonated,0,-9999,C13 H23 O5 P1,13,23,5,-9999,1,-9999,-9999,-9999,-9999
144,289.129094,289.12916170784274,289.12927659372906,1499835.4,-9999,626934.8,22.72,-1,-0.397351273701516,0.9717579030484365,0,0.5830547418290618,3,1.6923076923076923,0.5384615384615384,O7,de-protonated,0,-9999,C13 H22 O7,13,22,7,-9999,-9999,-9999,-9999,-9999,-9999
145,291.160164,291.1602302121061,291.16018279947906,1589658.6,-9999,568960.1,23.98,-1,0.16284035337107816,0.9952000852755036,0,0.5971200511653021,6,1.411764705882353,0.2352941176470588,O4,de-protonated,0,-9999,C17 H24 O4,17,24,4,-9999,-9999,-9999,-9999,-9999,-9999
146,291.196374,291.19644018544005,291.19656830882906,1267358.6,-9999,560664.3,18.73,-1,-0.439989350657971,0.9654830187954414,0,0.5792898112772649,5,1.5555555555555556,0.16666666666666666,O3,de-protonated,0,-9999,C18 H28 O3,18,28,3,-9999,-9999,-9999,-9999,-9999,-9999
147,292.122293,292.12235850356745,292.1224175656491,1158020.3,-9999,567594,16.94,-1,-0.2021826401085727,0.9926102130107648,0,0.5955661278064588,2,1.9166666666666667,0.4166666666666667,N1 S1 O5,de-protonated,0,-9999,C12 H23 O5 N1 S1,12,23,5,1,-9999,1,-9999,-9999,-9999
150,293.103005,293.1030697813438,293.1030618452391,1030511.7,-9999,493518.6,14.86,-1,0.02707615754718533,0.9998669854934036,0,0.5999201912960421,7,1.2,0.4,O6,de-protonated,0,-9999,C15 H18 O6,15,18,6,-9999,-9999,-9999,-9999,-9999,-9999
151,293.114164,293.114228773126,293.1142952345291,1319664.9,-9999,658838.9,19.58,-1,-0.22674227826614896,0.9907147259920328,0,0.5944288355952196,7,1.2857142857142858,0.35714285714285715,N2 O5,de-protonated,0,-9999,C14 H18 O5 N2,14,18,5,2,-9999,-9999,-9999,-9999,-9999
152,293.114402,293.11446677295066,293.1142952345291,1176689,-9999,549263.9,17.25,-1,0.5852270747536611,0.9397470902400789,0,0.5638482541440473,7,1.2857142857142858,0.35714285714285715,N2 O5,de-protonated,0,-9999,C14 H18 O5 N2,14,18,5,2,-9999,-9999,-9999,-9999,-9999
153,293.139281,293.13934575462906,293.1394473545891,1128435.6,-9999,601726.4,16.46,-1,-0.34659258912286306,0.9784390516531308,0,0.5870634309918785,6,1.375,0.3125,O5,de-protonated,0,-9999,C16 H22 O5,16,22,5,-9999,-9999,-9999,-9999,-9999,-9999
154,293.150417,293.1504817464282,293.1506807438791,1080820.9,-9999,661947.1,15.68,-1,-0.6788230897539891,0.9197883428879616,0,0.551873005732777,6,1.4666666666666666,0.26666666666666666,N2 O4,de-protonated,0,-9999,C15 H22 O4 N2,15,22,4,2,-9999,-9999,-9999,-9999,-9999
155,293.150822,293.15088674612997,293.1506807438791,989940.9,-9999,439689.5,14.2,-1,0.7027179686380178,0.9142953338994102,0,0.5485772003396461,6,1.4666666666666666,0.26666666666666666,N2 O4,de-protonated,0,-9999,C15 H22 O4 N2,15,22,4,2,-9999,-9999,-9999,-9999,-9999
157,293.17084,293.1709047313882,293.1709619587691,1645175.1,-9999,664147.7,24.88,-1,-0.19520139559123473,0.9931100002294054,0,0.5958660001376432,0,2.2142857142857144,0.14285714285714285,S1 P1 O2,de-protonated,0,-9999,C14 H31 O2 P1 S1,14,31,2,-9999,1,1,-9999,-9999,-9999
158,293.174926,293.17499072837916,293.17480129273906,12064632,-9999,557309.7,194.72,-1,0.6461525317319874,0.9371159921184686,0.9948609675157636,0.9602139822773866,1,2.4545454545454546,0.2727272727272727,N4 P1 O3,de-protonated,0,-9999,C11 H27 O3 N4 P1,11,27,3,4,1,-9999,-9999,-9999,-9999
159,293.175663,293.1757277278364,293.1758328639391,26906488,-9999,567373.3,436.63,-1,-0.358611082267478,0.938416343322658,0.971325989451202,0.9515802017740757,5,1.5294117647058822,0.2352941176470588,O4,de-protonated,0,-9999,C17 H26 O4,17,26,4,-9999,-9999,-9999,-9999,-9999,-9999
160,293.175981,293.1760457276022,293.1758328639391,25247608,-9999,659231.7,409.59,-1,0.7260614253250249,0.9043380509003278,0.9785329286135998,0.9340160019856364,5,1.5294117647058822,0.2352941176470588,O4,de-protonated,0,-9999,C17 H26 O4,17,26,4,-9999,-9999,-9999,-9999,-9999,-9999
161,293.212007,293.2120717010717,293.2122183732891,1148795.6,-9999,549967.7,16.79,-1,-0.5002254619913298,0.9556122059059756,0,0.5733673235435853,4,1.6666666666666667,0.16666666666666666,O3,de-protonated,0,-9999,C18 H30 O3,18,30,3,-9999,-9999,-9999,-9999,-9999,-9999
162,294.178253,294.1783169895011,294.1781561278091,1513445.5,-9999,481520.9,22.73,-1,0.5468172558067371,0.947190721673272,0.9948609675157636,0.9662588200102687,1,2.7,0.3,13C1 N4 P1 O3,de-protonated,1,158,C10 H27 O3 N4 P1 13C1,10,27,3,4,1,-9999,1,-9999,-9999
163,294.179041,294.1791049889208,294.1791876990091,4788709.5,-9999,582615.5,76.12,-1,0.7624254025546511,0.8998971864307042,0.9785329286135998,0.9313514833038624,5,1.625,0.25,13C1 O4,de-protonated,1,160,C16 H26 O4 13C1,16,26,4,-9999,-9999,-9999,1,-9999,-9999
163,294.179041,294.1791049889208,294.1791876990091,4788709.5,-9999,582615.5,76.12,-1,0.7624254025546511,0.8998971864307042,0.971325989451202,0.9284687076389032,5,1.625,0.25,13C1 O4,de-protonated,1,159,C16 H26 O4 13C1,16,26,4,-9999,-9999,-9999,1,-9999,-9999
164,294.179348,294.1794119886947,294.1791876990091,3901413.5,-9999,506752.7,61.66,-1,0.7624254025546511,0.8998971864307042,0.9785329286135998,0.9313514833038624,5,1.625,0.25,13C1 O4,de-protonated,1,160,C16 H26 O4 13C1,16,26,4,-9999,-9999,-9999,1,-9999,-9999
164,294.179348,294.1794119886947,294.1791876990091,3901413.5,-9999,506752.7,61.66,-1,0.7624254025546511,0.8998971864307042,0.971325989451202,0.9284687076389032,5,1.625,0.25,13C1 O4,de-protonated,1,159,C16 H26 O4 13C1,16,26,4,-9999,-9999,-9999,1,-9999,-9999
165,295.082176,295.08223932382697,295.0823264003491,1035592.5,-9999,572642.1,14.94,-1,-0.29509229905033185,0.9843237178067747,0,0.5905942306840648,7,1.1428571428571428,0.5,O7,de-protonated,0,-9999,C14 H16 O7,14,16,7,-9999,-9999,-9999,-9999,-9999,-9999
165,295.082176,295.08223932382697,295.0821642090191,1035592.5,-9999,572642.1,14.94,-1,0.2545555678912361,0.9883112411464888,0,0.5929867446878933,2,2.3333333333333335,0.1111111111111111,N4 S2 P1 O1,de-protonated,0,-9999,C9 H21 O1 N4 P1 S2,9,21,1,4,1,2,-9999,-9999,-9999
166,295.118557,295.118620297035,295.1187119096991,3206732.5,-9999,504395.2,50.33,-1,-0.310426483829586,0.982666749138034,0,0.5896000494828204,6,1.3333333333333333,0.4,O6,de-protonated,0,-9999,C15 H20 O6,15,20,6,-9999,-9999,-9999,-9999,-9999,-9999
167,295.15503,295.15509327017526,295.15509741904907,1338704.5,-9999,532702.6,19.88,-1,-0.01405658872122316,0.9999641486165336,0,0.59997848916992,5,1.5,0.3125,O5,de-protonated,0,-9999,C16 H24 O5,16,24,5,-9999,-9999,-9999,-9999,-9999,-9999
168,295.19129,295.19135324347235,295.19148292839907,1243988.5,-9999,681429.4,18.34,-1,-0.439324757722162,0.96558540024063,0,0.579351240144378,4,1.6470588235294117,0.2352941176470588,O4,de-protonated,0,-9999,C17 H28 O4,17,28,4,-9999,-9999,-9999,-9999,-9999,-9999
169,295.191626,295.1916892432249,295.19148292839907,1202260.5,-9999,572575.9,17.66,-1,0.6989186266455022,0.9151792152826064,0,0.5491075291695638,4,1.6470588235294117,0.2352941176470588,O4,de-protonated,0,-9999,C17 H28 O4,17,28,4,-9999,-9999,-9999,-9999,-9999,-9999
171,297.097763,297.09782483949243,297.0979764648091,1543333.6,-9999,456244.2,23.01,-1,-0.5103545923798073,0.9538389347827266,0,0.572303360869636,6,1.2857142857142858,0.5,O7,de-protonated,0,-9999,C14 H18 O7,14,18,7,-9999,-9999,-9999,-9999,-9999,-9999
172,297.098191,297.09825283917723,297.0979764648091,1271269.8,-9999,546951,18.61,-1,0.930246551712358,0.8546885121644654,0,0.5128131072986792,6,1.2857142857142858,0.5,O7,de-protonated,0,-9999,C14 H18 O7,14,18,7,-9999,-9999,-9999,-9999,-9999,-9999
173,297.134201,297.1342628126585,297.13436197415905,2815529.8,-9999,549759.2,43.56,-1,-0.3337261294331756,0.9799943153162096,0,0.5879965891897256,5,1.4666666666666666,0.4,O6,de-protonated,0,-9999,C15 H22 O6,15,22,6,-9999,-9999,-9999,-9999,-9999,-9999
175,297.152836,297.15289779893516,297.1529894187691,6284075.5,-9999,597295,99.6,-1,-0.30832546600809,0.9615510886330167,0.9996693335953576,0.976798386617953,4,1.625,0.1875,S1 O3,de-protonated,0,-9999,C16 H26 O3 S1,16,26,3,-9999,-9999,1,-9999,-9999,-9999
176,297.153126,297.1531877987216,297.1529894187691,5478444,-9999,485946.2,86.58,-1,0.6676020756037222,0.9312584449183984,0.9815357727910586,0.9513693760674624,4,1.625,0.1875,S1 O3,de-protonated,0,-9999,C16 H26 O3 S1,16,26,3,-9999,-9999,1,-9999,-9999,-9999
177,297.170482,297.17054378594014,297.17074748350905,1365549.6,-9999,688255.4,20.14,-1,-0.6854563264774067,0.9182792567223268,0,0.5509675540333961,4,1.625,0.3125,O5,de-protonated,0,-9999,C16 H26 O5,16,26,5,-9999,-9999,-9999,-9999,-9999,-9999
178,297.170883,297.17094478564485,297.17074748350905,1410861.8,-9999,500808.3,20.87,-1,0.6639352543054414,0.9231307476785044,0,0.5538784486071027,4,1.625,0.3125,O5,de-protonated,0,-9999,C16 H26 O5,16,26,5,-9999,-9999,-9999,-9999,-9999,-9999
179,297.207012,297.20707375903845,297.2071329928591,1901233.6,-9999,393197.8,28.79,-1,-0.1993014772348331,0.9928185729991116,0,0.595691143799467,3,1.7647058823529411,0.2352941176470588,O4,de-protonated,0,-9999,C17 H30 O4,17,30,4,-9999,-9999,-9999,-9999,-9999,-9999
180,298.156131,298.15619206008074,298.1563442538391,878810.1,-9999,658285.4,12.27,-1,0.5829357813384686,0.9402036045370932,0.9815357727910586,0.9567364718386794,4,1.7333333333333334,0.2,13C1 S1 O3,de-protonated,1,176,C15 H26 O3 S1 13C1,15,26,3,-9999,-9999,1,1,-9999,-9999
180,298.156131,298.15619206008074,298.1563442538391,878810.1,-9999,658285.4,12.27,-1,0.5829357813384686,0.9402036045370932,0.9996693335953576,0.963989896160399,4,1.7333333333333334,0.2,13C1 S1 O3,de-protonated,1,175,C15 H26 O3 S1 13C1,15,26,3,-9999,-9999,1,1,-9999,-9999
180,298.156131,298.15619206008074,298.1561004769391,878810.1,-9999,658285.4,12.27,-1,0.30716507721476155,0.9830259569348142,0,0.5898155741608885,9,1.2352941176470589,0.1176470588235294,N3 O2,de-protonated,0,-9999,C17 H21 O2 N3,17,21,2,3,-9999,-9999,-9999,-9999,-9999
181,298.156457,298.1565180598406,298.1563442538391,1090330.1,-9999,478689.3,15.69,-1,0.5829357813384686,0.9402036045370932,0.9815357727910586,0.9567364718386794,4,1.7333333333333334,0.2,13C1 S1 O3,de-protonated,1,176,C15 H26 O3 S1 13C1,15,26,3,-9999,-9999,1,1,-9999,-9999
181,298.156457,298.1565180598406,298.1563442538391,1090330.1,-9999,478689.3,15.69,-1,0.5829357813384686,0.9402036045370932,0.9996693335953576,0.963989896160399,4,1.7333333333333334,0.2,13C1 S1 O3,de-protonated,1,175,C15 H26 O3 S1 13C1,15,26,3,-9999,-9999,1,1,-9999,-9999
184,299.113476,299.11353635506515,299.1136265292691,2461443.8,-9999,507857.1,37.84,-1,-0.3014714006163082,0.9836442667403972,0,0.5901865600442383,5,1.4285714285714286,0.5,O7,de-protonated,0,-9999,C14 H20 O7,14,20,7,-9999,-9999,-9999,-9999,-9999,-9999
186,299.149831,299.1498913282923,299.1500120386191,2562055.8,-9999,533548.5,39.46,-1,-0.4035110209297764,0.9708884657001638,0,0.5825330794200982,4,1.6,0.4,O6,de-protonated,0,-9999,C15 H24 O6,15,24,6,-9999,-9999,-9999,-9999,-9999,-9999
188,299.186293,299.18635330144065,299.1863975479691,3114763.8,-9999,478995.8,48.39,-1,-0.14788950565566347,0.9960393444475096,0,0.5976236066685057,3,1.75,0.3125,O5,de-protonated,0,-9999,C16 H28 O5,16,28,5,-9999,-9999,-9999,-9999,-9999,-9999
189,299.222602,299.2226622747017,299.2227830573191,1114127.8,-9999,584300.7,16.07,-1,-0.4036544816296866,0.9708680664527656,0,0.5825208398716594,2,1.8823529411764703,0.2352941176470588,O4,de-protonated,0,-9999,C17 H32 O4,17,32,4,-9999,-9999,-9999,-9999,-9999,-9999
190,300.192949,300.1930085601111,300.19287990945907,1354875.1,-9999,395042.5,19.96,-1,0.42855997135825263,0.9672236501069988,0,0.5803341900641992,3,1.9285714285714288,0.2857142857142857,N3 O4,de-protonated,0,-9999,C14 H27 O4 N3,14,27,4,3,-9999,-9999,-9999,-9999,-9999
193,301.092701,301.0927598975086,301.0928910843791,1005151.1,-9999,587146.9,14.18,-1,-0.43570231784769936,0.9661409105112602,0,0.579684546306756,5,1.3846153846153846,0.6153846153846154,O8,de-protonated,0,-9999,C13 H18 O8,13,18,8,-9999,-9999,-9999,-9999,-9999,-9999
195,301.129102,301.12916087070187,301.12927659372906,2115043,-9999,687635.3,31.95,-1,-0.3842968325826376,0.9735587781065768,0,0.584135266863946,4,1.5714285714285714,0.5,O7,de-protonated,0,-9999,C14 H22 O7,14,22,7,-9999,-9999,-9999,-9999,-9999,-9999
196,301.12944,301.12949887045295,301.12927659372906,1754851.1,-9999,626298.8,26.18,-1,0.7381438510509473,0.905866379328866,0,0.5435198275973196,4,1.5714285714285714,0.5,O7,de-protonated,0,-9999,C14 H22 O7,14,22,7,-9999,-9999,-9999,-9999,-9999,-9999
197,301.165491,301.165549843904,301.1656621030791,1370087.1,-9999,508943.2,20.02,-1,-0.3727489194536743,0.9751043390759104,0,0.5850626034455462,3,1.7333333333333334,0.4,O6,de-protonated,0,-9999,C15 H26 O6,15,26,6,-9999,-9999,-9999,-9999,-9999,-9999
198,301.165899,301.16595784360356,301.1656621030791,1083111.1,-9999,681958,15.43,-1,0.9819862011656444,0.839481864373271,0,0.5036891186239626,3,1.7333333333333334,0.4,O6,de-protonated,0,-9999,C15 H26 O6,15,26,6,-9999,-9999,-9999,-9999,-9999,-9999
199,301.201877,301.20193581710834,301.2020476124291,2031595.1,-9999,665233.9,30.61,-1,-0.3711638804016912,0.9753129866670892,0,0.5851877920002535,2,1.875,0.3125,O5,de-protonated,0,-9999,C16 H30 O5,16,30,5,-9999,-9999,-9999,-9999,-9999,-9999
200,301.202102,301.2021608169427,301.2020476124291,1951819.3,-9999,315013.4,29.33,-1,0.37584244356646174,0.9746946899867244,0,0.5848168139920347,2,1.875,0.3125,O5,de-protonated,0,-9999,C16 H30 O5,16,30,5,-9999,-9999,-9999,-9999,-9999,-9999
201,301.217213,301.2172718058145,301.2173037537191,3267957,-9999,460168.3,50.4,-1,-0.10606264705298002,0.9979609137634384,0,0.5987765482580629,6,1.5,0.1,O2,de-protonated,0,-9999,C20 H30 O2,20,30,2,-9999,-9999,-9999,-9999,-9999,-9999
202,301.217368,301.21742680570037,301.2173037537191,3294573,-9999,427507.3,50.83,-1,0.4085156455397732,0.9701728088102278,0,0.5821036852861367,6,1.5,0.1,O2,de-protonated,0,-9999,C20 H30 O2,20,30,2,-9999,-9999,-9999,-9999,-9999,-9999
203,302.065241,302.065299181303,302.06551108666906,874955.4,-9999,410120.7,12.09,-1,-0.7015212207575874,0.9145741708366044,0,0.5487445025019626,0,2.4444444444444446,0.4444444444444444,N1 S2 P1 O4,de-protonated,0,-9999,C9 H22 O4 N1 P1 S2,9,22,4,1,1,2,-9999,-9999,-9999
207,303.108452,303.1085094130533,303.10854114883904,937408.3,-9999,666918.7,13.09,-1,-0.10470106061511524,0.9980128798143184,0,0.598807727888591,4,1.5384615384615383,0.6153846153846154,O8,de-protonated,0,-9999,C13 H20 O8,13,20,8,-9999,-9999,-9999,-9999,-9999,-9999
208,303.144766,303.14482338631063,303.1449266581891,1153476.4,-9999,770268.8,16.55,-1,-0.34066833839856303,0.9791621595795278,0,0.5874972957477167,3,1.7142857142857142,0.5,O7,de-protonated,0,-9999,C14 H24 O7,14,24,7,-9999,-9999,-9999,-9999,-9999,-9999
209,303.145102,303.1451593860632,303.1449266581891,1260740.4,-9999,529877,18.27,-1,0.7677115915211842,0.898577407894787,0,0.5391464447368722,3,1.7142857142857142,0.5,O7,de-protonated,0,-9999,C14 H24 O7,14,24,7,-9999,-9999,-9999,-9999,-9999,-9999
213,306.981299,306.9813535609806,306.9812498894591,1119864.1,-9999,639557.3,15.86,-1,0.33771287840008574,0.9795184353998418,0,0.5877110612399051,6,1.1428571428571428,0.8571428571428571,N4 S2 O6,de-protonated,0,-9999,C7 H8 O6 N4 S2,7,8,6,4,-9999,2,-9999,-9999,-9999
215,307.118692,307.1187464598006,307.1187119096991,925320,-9999,409908.7,12.77,-1,0.11249754636216425,0.9977062748519074,0,0.5986237649111444,7,1.25,0.375,O6,de-protonated,0,-9999,C16 H20 O6,16,20,6,-9999,-9999,-9999,-9999,-9999,-9999
216,307.15501,307.15506443305503,307.15509741904907,1317644.1,-9999,340049.5,18.99,-1,-0.10739197987111283,0.997909533600174,0,0.5987457201601043,6,1.411764705882353,0.29411764705882354,O5,de-protonated,0,-9999,C17 H24 O5,17,24,5,-9999,-9999,-9999,-9999,-9999,-9999
217,307.191313,307.19136740632047,307.19148292839907,2266256.3,-9999,719436.6,34.04,-1,-0.376058859121094,0.9746659116740974,0,0.5847995470044585,5,1.5555555555555556,0.2222222222222222,O4,de-protonated,0,-9999,C18 H28 O4,18,28,4,-9999,-9999,-9999,-9999,-9999,-9999
218,307.191671,307.19172540605683,307.19148292839907,2517136.5,-9999,472303.1,38.02,-1,0.7893371764496525,0.893104056129328,0,0.5358624336775968,5,1.5555555555555556,0.2222222222222222,O4,de-protonated,0,-9999,C18 H28 O4,18,28,4,-9999,-9999,-9999,-9999,-9999,-9999
220,309.097771,309.0978240023516,309.0979764648091,1373549.6,-9999,616334.4,19.88,-1,-0.4932496137192688,0.9568146436763943,0,0.5740887862058367,7,1.2,0.4666666666666667,O7,de-protonated,0,-9999,C15 H18 O7,15,18,7,-9999,-9999,-9999,-9999,-9999,-9999
220,309.097771,309.0978240023516,309.09781427347906,1373549.6,-9999,616334.4,19.88,-1,0.03147506098817706,0.9998202586680724,0,0.5998921552008435,2,2.3,0.1,N4 S2 P1 O1,de-protonated,0,-9999,C10 H23 O1 N4 P1 S2,10,23,1,4,1,2,-9999,-9999,-9999
222,309.134488,309.1345409753121,309.13436197415905,1452529.9,-9999,377591.9,21.13,-1,0.5790399744902196,0.9409761936748572,0,0.5645857162049143,6,1.375,0.375,O6,de-protonated,0,-9999,C16 H22 O6,16,22,6,-9999,-9999,-9999,-9999,-9999,-9999
223,309.169828,309.1698809492868,309.1697159123091,1265014,-9999,727880,18.15,-1,0.5338070619831436,0.949610100242288,0,0.5697660601453728,1,2.4545454545454546,0.3636363636363637,N4 P1 O4,de-protonated,0,-9999,C11 H27 O4 N4 P1,11,27,4,4,1,-9999,-9999,-9999,-9999
224,309.170674,309.1707269486638,309.17074748350905,2837366.3,-9999,483981,43.09,-1,-0.06641910793748868,0.9991998597845632,0,0.5995199158707378,5,1.5294117647058822,0.29411764705882354,O5,de-protonated,0,-9999,C17 H26 O5,17,26,5,-9999,-9999,-9999,-9999,-9999,-9999
226,309.173948,309.1740009462527,309.17411878682907,2373494.5,-9999,550716,35.74,-1,-0.381146315958529,0.9739848724233384,0,0.584390923454003,0,2.142857142857143,0.35714285714285715,S1 O5,de-protonated,0,-9999,C14 H30 O5 S1,14,30,5,-9999,-9999,1,-9999,-9999,-9999
226,309.173948,309.1740009462527,309.1737386643091,2373494.5,-9999,550716,35.74,-1,0.8483318950007432,0.8775839730201095,0,0.5265503838120656,5,1.6875,0.125,N2 P1 O2,de-protonated,0,-9999,C16 H27 O2 N2 P1,16,27,2,2,1,-9999,-9999,-9999,-9999
227,309.174354,309.1744069459537,309.17411878682907,1854710.6,-9999,509962.8,27.51,-1,0.9320286114734712,0.854173998329909,0,0.5125043989979454,0,2.142857142857143,0.35714285714285715,S1 O5,de-protonated,0,-9999,C14 H30 O5 S1,14,30,5,-9999,-9999,1,-9999,-9999,-9999
228,309.206955,309.20700792194543,309.2071329928591,2228218.5,-9999,476226.6,33.43,-1,-0.4044890958945375,0.9707492540445682,0,0.5824495524267409,4,1.6666666666666667,0.2222222222222222,O4,de-protonated,0,-9999,C18 H30 O4,18,30,4,-9999,-9999,-9999,-9999,-9999,-9999
229,309.207365,309.20741792164347,309.2071329928591,2099066.5,-9999,486841.3,31.38,-1,0.9214819257547552,0.8572091590617882,0,0.5143254954370728,4,1.6666666666666667,0.2222222222222222,O4,de-protonated,0,-9999,C18 H30 O4,18,30,4,-9999,-9999,-9999,-9999,-9999,-9999
230,311.077086,311.07713754472877,311.0772410199191,1052759.1,-9999,495244,14.78,-1,-0.3326350393734307,0.9801236087032076,0,0.5880741652219245,7,1.1428571428571428,0.5714285714285714,O8,de-protonated,0,-9999,C14 H16 O8,14,16,8,-9999,-9999,-9999,-9999,-9999,-9999
230,311.077086,311.07713754472877,311.0770788285891,1052759.1,-9999,495244,14.78,-1,0.18875109634456963,0.9935563816621824,0,0.5961338289973095,2,2.3333333333333335,0.2222222222222222,N4 S2 P1 O2,de-protonated,0,-9999,C9 H21 O2 N4 P1 S2,9,21,2,4,1,2,-9999,-9999,-9999
231,311.113511,311.11356251790437,311.1136265292691,2842203.5,-9999,392543.2,43.17,-1,-0.20574915161312143,0.9923482099127022,0,0.5954089259476213,6,1.3333333333333333,0.4666666666666667,O7,de-protonated,0,-9999,C15 H20 O7,15,20,7,-9999,-9999,-9999,-9999,-9999,-9999
231,311.113511,311.11356251790437,311.1134643379391,2842203.5,-9999,392543.2,43.17,-1,0.3155760728217059,0.9820921277928152,0,0.589255276675689,1,2.5,0.1,N4 S2 P1 O1,de-protonated,0,-9999,C10 H25 O1 N4 P1 S2,10,25,1,4,1,2,-9999,-9999,-9999
232,311.14905,311.14910149173244,311.1489804674191,999263.6,-9999,552886.9,13.94,-1,0.3889593761427296,0.9729220994713428,0,0.5837532596828056,1,2.5,0.5,N4 P1 O5,de-protonated,0,-9999,C10 H25 O5 N4 P1,10,25,5,4,1,-9999,-9999,-9999,-9999
233,311.14999,311.1500414910402,311.1500120386191,2171231.8,-9999,320353.1,32.52,-1,0.09465666074801991,0.998375561753624,0,0.5990253370521744,5,1.5,0.375,O6,de-protonated,0,-9999,C16 H24 O6,16,24,6,-9999,-9999,-9999,-9999,-9999,-9999
236,311.168479,311.1685304774244,311.16863948322913,21714786,-9999,561717.5,342.5,-1,-0.3503110240360221,0.965296654031222,0.9900802410934184,0.9752100888561006,4,1.6470588235294117,0.17647058823529413,S1 O3,de-protonated,0,-9999,C17 H28 O3 S1,17,28,3,-9999,-9999,1,-9999,-9999,-9999
237,311.168871,311.16892247713577,311.16863948322913,20737890,-9999,571426.6,327.01,-1,0.909455101604422,0.9261839714100614,0.9827251210579894,0.9488004312692326,4,1.6470588235294117,0.17647058823529413,S1 O3,de-protonated,0,-9999,C17 H28 O3 S1,17,28,3,-9999,-9999,1,-9999,-9999,-9999
238,311.1863,311.18635146430057,311.1863975479691,2499940,-9999,370026.7,37.74,-1,-0.14809024067572393,0.9960286067016604,0,0.5976171640209963,4,1.6470588235294117,0.29411764705882354,O5,de-protonated,0,-9999,C17 H28 O5,17,28,5,-9999,-9999,-9999,-9999,-9999,-9999
240,311.222665,311.2227164375203,311.2227830573191,2790248.5,-9999,496493.2,42.34,-1,-0.2140582321897965,0.9917203199650376,0,0.5950321919790226,3,1.7777777777777777,0.2222222222222222,O4,de-protonated,0,-9999,C18 H32 O4,18,32,4,-9999,-9999,-9999,-9999,-9999,-9999
242,312.171876,312.17192673849485,312.17199431829914,4132826,-9999,468571.9,63.03,-1,-0.2164825978141108,0.96981446017493,0.9827251210579894,0.9749787245281538,4,1.75,0.1875,13C1 S1 O3,de-protonated,1,237,C16 H28 O3 S1 13C1,16,28,3,-9999,-9999,1,1,-9999,-9999
242,312.171876,312.17192673849485,312.17199431829914,4132826,-9999,468571.9,63.03,-1,-0.2164825978141108,0.96981446017493,0.9900802410934184,0.9779207725423252,4,1.75,0.1875,13C1 S1 O3,de-protonated,1,236,C16 H28 O3 S1 13C1,16,28,3,-9999,-9999,1,1,-9999,-9999
242,312.171876,312.17192673849485,312.1717505413991,4132826,-9999,468571.9,63.03,-1,0.5644235759609304,0.4719170692987096,0.8370420509349343,0.6179670619531995,9,1.2777777777777777,0.1111111111111111,N3 O2,de-protonated,0,-9999,C18 H23 O2 N3,18,23,2,3,-9999,-9999,-9999,-9999,-9999
243,313.092812,313.09286206029185,313.0928910843791,1662153.3,-9999,438566.2,24.21,-1,-0.09270120176845166,0.9984419334379024,0,0.5990651600627414,6,1.2857142857142858,0.5714285714285714,O8,de-protonated,0,-9999,C14 H18 O8,14,18,8,-9999,-9999,-9999,-9999,-9999,-9999
245,313.129145,313.1291950335352,313.12927659372906,3383373.5,-9999,476196.3,51.25,-1,-0.2604681195436046,0.987765320222474,0,0.5926591921334844,5,1.4666666666666666,0.4666666666666667,O7,de-protonated,0,-9999,C15 H22 O7,15,22,7,-9999,-9999,-9999,-9999,-9999,-9999
246,313.164182,313.164232007733,313.1644353128291,1160529.9,-9999,762108.7,16.33,-1,-0.6491959914794706,0.9480964085092204,0.9827251210579894,0.961947893528728,4,1.6470588235294117,0.17647058823529413,34S1 O3,de-protonated,1,237,C17 H28 O3 34S1,17,28,3,-9999,-9999,-9999,-9999,-9999,1
246,313.164182,313.164232007733,313.1644353128291,1160529.9,-9999,762108.7,16.33,-1,-0.6491959914794706,0.9480964085092204,0.9900802410934184,0.9648899415428996,4,1.6470588235294117,0.17647058823529413,34S1 O3,de-protonated,1,236,C17 H28 O3 34S1,17,28,3,-9999,-9999,-9999,-9999,-9999,1
247,313.165537,313.1655870067351,313.1656621030791,2395730,-9999,513164.2,35.74,-1,-0.23979750366363403,0.9896204281528206,0,0.5937722568916923,4,1.625,0.375,O6,de-protonated,0,-9999,C16 H26 O6,16,26,6,-9999,-9999,-9999,-9999,-9999,-9999
249,313.20189,313.20193997996375,313.2020476124291,2185046.5,-9999,487930.7,32.43,-1,-0.343651857255271,0.9787994858052916,0,0.587279691483175,3,1.7647058823529411,0.29411764705882354,O5,de-protonated,0,-9999,C17 H30 O5,17,30,5,-9999,-9999,-9999,-9999,-9999,-9999
251,313.238255,313.23830495318356,313.23843312177905,7435355,-9999,511097.1,114.91,-1,-0.40917263637695944,0.9804623132670957,0.9733204461937838,0.9776055664377707,2,1.8888888888888888,0.2222222222222222,O4,de-protonated,0,-9999,C18 H34 O4,18,34,4,-9999,-9999,-9999,-9999,-9999,-9999
252,313.238692,313.2387419528618,313.23843312177905,6000731,-9999,587498,92.37,-1,0.9859297266624476,0.9145734864336073,0.9381740387716516,0.924013707368825,2,1.8888888888888888,0.2222222222222222,O4,de-protonated,0,-9999,C18 H34 O4,18,34,4,-9999,-9999,-9999,-9999,-9999,-9999
253,314.241668,314.24171721424227,314.24178795684907,1739989.4,-9999,558382.8,25.43,-1,-0.22512157677912747,0.9908463823798932,0.9381740387716516,0.9697774449365968,2,2,0.2352941176470588,13C1 O4,de-protonated,1,252,C17 H34 O4 13C1,17,34,4,-9999,-9999,-9999,1,-9999,-9999
253,314.241668,314.24171721424227,314.24178795684907,1739989.4,-9999,558382.8,25.43,-1,-0.22512157677912747,0.9908463823798932,0.9733204461937838,0.9838360079054496,2,2,0.2352941176470588,13C1 O4,de-protonated,1,251,C17 H34 O4 13C1,17,34,4,-9999,-9999,-9999,1,-9999,-9999
254,315.072035,315.0720836027368,315.0721556394891,1018811.8,-9999,524140.1,14.1,-1,-0.2286357298871187,0.9905597391817746,0,0.5943358435090648,6,1.2307692307692308,0.6923076923076923,O9,de-protonated,0,-9999,C13 H16 O9,13,16,9,-9999,-9999,-9999,-9999,-9999,-9999
255,315.108509,315.1085575758764,315.10854114883904,1814464.3,-9999,348385.8,26.6,-1,0.05213136171306863,0.999507002301806,0,0.5997042013810836,5,1.4285714285714286,0.5714285714285714,O8,de-protonated,0,-9999,C14 H20 O8,14,20,8,-9999,-9999,-9999,-9999,-9999,-9999
256,315.14481,315.1448585491433,315.1449266581891,2346692.8,-9999,362025.1,34.96,-1,-0.21611975963257107,0.9915607521100398,0,0.5949364512660239,4,1.6,0.4666666666666667,O7,de-protonated,0,-9999,C15 H24 O7,15,24,7,-9999,-9999,-9999,-9999,-9999,-9999
257,315.181419,315.18146752218337,315.1813121675391,2072137.3,-9999,316393.6,30.65,-1,0.49290563329867976,0.9568735380789168,0,0.57412412284735,3,1.75,0.375,O6,de-protonated,0,-9999,C16 H28 O6,16,28,6,-9999,-9999,-9999,-9999,-9999,-9999
258,315.196654,315.1967025109639,315.19656830882906,1102283.3,-9999,401333.2,15.41,-1,0.4257728298858271,0.9676416350649936,0,0.5805849810389961,7,1.4,0.15,O3,de-protonated,0,-9999,C20 H28 O3,20,28,3,-9999,-9999,-9999,-9999,-9999,-9999
259,315.217566,315.2176144955637,315.2176976768891,1955149.8,-9999,514801.3,28.81,-1,-0.2638853275723793,0.9874442259564856,0,0.5924665355738914,2,1.8823529411764703,0.29411764705882354,O5,de-protonated,0,-9999,C17 H32 O5,17,32,5,-9999,-9999,-9999,-9999,-9999,-9999
261,315.253912,315.2539604687975,315.2540831862391,948306.3,-9999,520764.5,12.99,-1,-0.3892651931103899,0.972880085954682,0,0.5837280515728093,1,2,0.2222222222222222,O4,de-protonated,0,-9999,C18 H36 O4,18,36,4,-9999,-9999,-9999,-9999,-9999,-9999
262,316.150495,316.1505428085287,316.1505608665091,922818.1,-9999,644778.4,12.59,-1,-0.05711829314118288,0.9994081989510762,0,0.5996449193706457,3,1.8666666666666667,0.13333333333333333,N1 S1 P1 O2,de-protonated,0,-9999,C15 H28 O2 N1 P1 S1,15,28,2,1,1,1,-9999,-9999,-9999
263,316.151255,316.15130280796905,316.1514090196791,1809986.1,-9999,391261.2,26.53,-1,-0.3359520375460682,0.9797292871535932,0,0.5878375722921559,4,1.7692307692307692,0.4615384615384616,N3 O6,de-protonated,0,-9999,C13 H23 O6 N3,13,23,6,3,-9999,-9999,-9999,-9999,-9999
264,316.187628,316.187675781183,316.1877945290291,1252230.8,-9999,443947.7,17.77,-1,-0.3755611322026986,0.9747320744621016,0,0.584839244677261,3,1.9285714285714288,0.35714285714285715,N3 O5,de-protonated,0,-9999,C14 H27 O5 N3,14,27,5,3,-9999,-9999,-9999,-9999,-9999
265,317.124061,317.12410809156756,317.12419121329907,1974588.8,-9999,574112.2,28.83,-1,-0.2621109767397084,0.9876114602592884,0,0.592566876155573,4,1.5714285714285714,0.5714285714285714,O8,de-protonated,0,-9999,C14 H22 O8,14,22,8,-9999,-9999,-9999,-9999,-9999,-9999
267,317.139254,317.139301080379,317.1394473545891,1212478.8,-9999,543399.1,16.97,-1,-0.46122994565078346,0.9621353567097544,0,0.5772812140258526,8,1.2222222222222223,0.2777777777777778,O5,de-protonated,0,-9999,C18 H22 O5,18,22,5,-9999,-9999,-9999,-9999,-9999,-9999
268,317.139702,317.1397490800491,317.1394473545891,917566.8,-9999,875217.2,12.39,-1,0.9513968146704326,0.8485389008269111,0,0.5091233404961466,8,1.2222222222222223,0.2777777777777778,O5,de-protonated,0,-9999,C18 H22 O5,18,22,5,-9999,-9999,-9999,-9999,-9999,-9999
269,317.160482,317.16052906474613,317.16057672264907,1890561.4,-9999,341624.1,27.52,-1,-0.1502642712787934,0.9959113876113264,0,0.5975468325667957,3,1.7333333333333334,0.4666666666666667,O7,de-protonated,0,-9999,C15 H26 O7,15,26,7,-9999,-9999,-9999,-9999,-9999,-9999
270,317.196764,317.196811038027,317.19696223199907,922438,-9999,663706.4,12.46,-1,-0.4766564313243801,0.9596128211972988,0,0.5757676927183792,2,1.875,0.375,O6,de-protonated,0,-9999,C16 H30 O6,16,30,6,-9999,-9999,-9999,-9999,-9999,-9999
271,317.211254,317.2113010273562,317.21118680208906,2500167.8,-9999,584657.5,37,-1,0.36009217808477867,0.9767468268693996,0,0.5860480961216398,2,2.2142857142857144,0.14285714285714285,N4 P1 O2,de-protonated,0,-9999,C14 H31 O2 N4 P1,14,31,2,4,1,-9999,-9999,-9999,-9999
272,317.212134,317.21218102670815,317.2122183732891,6387784,-9999,471569.3,97.48,-1,-0.1177337403030076,0.9889778348518026,0.9824175361816684,0.9863537153837488,6,1.5,0.15,O3,de-protonated,0,-9999,C20 H30 O3,20,30,3,-9999,-9999,-9999,-9999,-9999,-9999
273,318.215422,318.21546828785887,318.21557320835905,1551560,-9999,495849.9,22.25,-1,-0.32971516484845875,0.9804676121113888,0.9824175361816684,0.9812475817395006,6,1.5789473684210529,0.15789473684210523,13C1 O3,de-protonated,1,272,C19 H30 O3 13C1,19,30,3,-9999,-9999,-9999,1,-9999,-9999
274,319.131559,319.13160461319,319.1315990692691,1368894.3,-9999,434827,19.4,-1,0.01737189586526837,0.9999452434127628,0,0.5999671460476578,3,1.7857142857142858,0.42857142857142855,P1 O6,de-protonated,0,-9999,C14 H25 O6 P1,14,25,6,-9999,1,-9999,-9999,-9999,-9999
275,319.154906,319.15495159599664,319.15509741904907,1120321.3,-9999,523011,15.54,-1,-0.45690341032989895,0.9628290900162676,0,0.5776974540097606,7,1.3333333333333333,0.2777777777777778,O5,de-protonated,0,-9999,C18 H24 O5,18,24,5,-9999,-9999,-9999,-9999,-9999,-9999
276,319.227818,319.2278635423022,319.2278684377491,2043466.8,-9999,414201.2,29.9,-1,-0.01533527428129929,0.9999573295072174,0,0.5999743977043304,5,1.6,0.15,O3,de-protonated,0,-9999,C20 H32 O3,20,32,3,-9999,-9999,-9999,-9999,-9999,-9999
277,320.134936,320.1349808742752,320.1350902499591,1214913.3,-9999,630271.1,17,-1,-0.3416547802368532,0.9790425837229748,0,0.5874255502337848,3,1.7692307692307692,0.6153846153846154,N1 O8,de-protonated,0,-9999,C13 H23 O8 N1,13,23,8,1,-9999,-9999,-9999,-9999,-9999
279,321.008434,321.0084782310069,321.0087847918891,1760820.8,-9999,1360234.4,25.49,-1,-0.954992189454654,0.8474842438166588,0,0.5084905462899952,15,0.4,0.2,N4 S1 O3,de-protonated,0,-9999,C15 H6 O3 N4 S1,15,6,3,4,-9999,1,-9999,-9999,-9999
280,321.009059,321.0091032305466,321.0087847918891,6632501,-9999,503291.8,101.28,-1,0.9919935919495072,0.4182391027897552,0.8604105061749866,0.5951076641438477,15,0.4,0.2,N4 S1 O3,de-protonated,0,-9999,C15 H6 O3 N4 S1,15,6,3,4,-9999,1,-9999,-9999,-9999
281,321.134132,321.1341761384394,321.13436197415905,1087045.4,-9999,605873.4,15.01,-1,-0.5786852534871917,0.941046313535802,0,0.5646277881214813,7,1.2941176470588236,0.35294117647058826,O6,de-protonated,0,-9999,C17 H22 O6,17,22,6,-9999,-9999,-9999,-9999,-9999,-9999
282,321.134627,321.13467113807485,321.13436197415905,1175365.5,-9999,538332.4,16.39,-1,0.9627244929534172,0.8452070778915338,0,0.5071242467349203,7,1.2941176470588236,0.35294117647058826,O6,de-protonated,0,-9999,C17 H22 O6,17,22,6,-9999,-9999,-9999,-9999,-9999,-9999
283,321.147282,321.14732612875537,321.1472491337291,1146183.1,-9999,427520.7,15.93,-1,0.2397499168943494,0.9896245258622524,0,0.5937747155173515,2,1.9285714285714288,0.42857142857142855,P1 O6,de-protonated,0,-9999,C14 H27 O6 P1,14,27,6,-9999,1,-9999,-9999,-9999,-9999
284,321.170572,321.1706161116039,321.17074748350905,1378122.3,-9999,558607.9,19.54,-1,-0.4090406930149937,0.9700972470131632,0,0.5820583482078979,6,1.4444444444444444,0.2777777777777778,O5,de-protonated,0,-9999,C18 H26 O5,18,26,5,-9999,-9999,-9999,-9999,-9999,-9999
285,321.170994,321.17103811129317,321.17074748350905,1454922.4,-9999,515188.8,20.74,-1,0.9049011667531492,0.8619322970968378,0,0.5171593782581027,6,1.4444444444444444,0.2777777777777778,O5,de-protonated,0,-9999,C18 H26 O5,18,26,5,-9999,-9999,-9999,-9999,-9999,-9999
286,321.206926,321.2069700848318,321.20713299285904,937935.1,-9999,568316.4,12.69,-1,-0.5071743759332599,0.9543991563732368,0,0.5726394938239421,5,1.5789473684210529,0.21052631578947367,O4,de-protonated,0,-9999,C19 H30 O4,19,30,4,-9999,-9999,-9999,-9999,-9999,-9999
289,323.006952,323.00699475924245,323.00667679160904,5982530,-9999,484929.5,90.04,-1,0.9843995689668642,0.41937965509921743,0.8604105061749865,0.595791995529525,14,0.5333333333333333,0.06666666666666667,N4 S2 O1,de-protonated,0,-9999,C15 H8 O1 N4 S2,15,8,1,4,-9999,2,-9999,-9999,-9999
290,323.00743,323.0074727588904,323.0074611820191,5331778,-9999,518324.8,80.05,-1,0.03584087894888192,0.9997669438761568,0,0.5998601663256942,10,0.75,0.5833333333333334,N2 P1 O7,de-protonated,0,-9999,C12 H9 O7 N2 P1,12,9,7,2,1,-9999,-9999,-9999,-9999
291,323.077142,323.07718470755253,323.0772410199191,1059787.4,-9999,373366.4,14.41,-1,-0.17430001065729683,0.9945026652774984,0,0.5967015991664991,8,1.0666666666666669,0.5333333333333333,O8,de-protonated,0,-9999,C15 H16 O8,15,16,8,-9999,-9999,-9999,-9999,-9999,-9999
291,323.077142,323.07718470755253,323.0770788285891,1059787.4,-9999,373366.4,14.41,-1,0.327720443128911,0.9807009441047088,0,0.5884205664628253,3,2.1,0.2,N4 S2 P1 O2,de-protonated,0,-9999,C10 H21 O2 N4 P1 S2,10,21,2,4,1,2,-9999,-9999,-9999
292,323.113871,323.1139136805043,323.1136265292691,1573200.4,-9999,460407.2,22.29,-1,0.8887004807305616,0.8664888014021128,0,0.5198932808412676,7,1.25,0.4375,O7,de-protonated,0,-9999,C16 H20 O7,16,20,7,-9999,-9999,-9999,-9999,-9999,-9999
293,323.149842,323.1498846540142,323.1500120386191,2210133.3,-9999,581204.5,32.08,-1,-0.39419650354505265,0.9721983110098502,0,0.5833189866059101,6,1.411764705882353,0.35294117647058826,O6,de-protonated,0,-9999,C17 H24 O6,17,24,6,-9999,-9999,-9999,-9999,-9999,-9999
294,323.150289,323.15033165368504,323.1500120386191,1506133.4,-9999,572707.5,21.26,-1,0.9890609749496198,0.8373604505101152,0,0.5024162703060691,6,1.411764705882353,0.35294117647058826,O6,de-protonated,0,-9999,C17 H24 O6,17,24,6,-9999,-9999,-9999,-9999,-9999,-9999
296,323.16297,323.1630126443464,323.1628991981891,9467223,-9999,487851.9,143.59,-1,0.3510494477166465,0.9277891239423544,0.9869485438287646,0.9514528918969184,1,2.0714285714285716,0.42857142857142855,P1 O6,de-protonated,0,-9999,C14 H29 O6 P1,14,29,6,-9999,1,-9999,-9999,-9999,-9999
297,323.185396,323.18543862783133,323.18536597676905,963674.2,-9999,636411.9,12.93,-1,0.22479688108101065,0.9908726473104846,0,0.5945235883862907,1,2.4166666666666665,0.3333333333333333,N4 P1 O4,de-protonated,0,-9999,C12 H29 O4 N4 P1,12,29,4,4,1,-9999,-9999,-9999,-9999
298,323.186308,323.18635062715964,323.1863975479691,2580826.3,-9999,420848.2,37.78,-1,-0.14518188201817606,0.9961827689346971,0,0.5977096613608184,5,1.5555555555555556,0.2777777777777778,O5,de-protonated,0,-9999,C18 H28 O5,18,28,5,-9999,-9999,-9999,-9999,-9999,-9999
299,323.222641,323.22268360040306,323.2227830573191,1422175.4,-9999,525106,19.97,-1,-0.30770391578736034,0.9829668624392992,0,0.5897801174635795,4,1.6842105263157894,0.21052631578947367,O4,de-protonated,0,-9999,C19 H32 O4,19,32,4,-9999,-9999,-9999,-9999,-9999,-9999
301,324.166487,324.1665289053285,324.1662540332591,1599841.4,-9999,406214.4,22.7,-1,0.8479354836078491,0.8776910532866756,0.9869485438287646,0.9213940495035112,1,2.230769230769231,0.4615384615384616,13C1 P1 O6,de-protonated,1,296,C13 H29 O6 P1 13C1,13,29,6,-9999,1,-9999,1,-9999,-9999
301,324.166487,324.1665289053285,324.16639037887904,1599841.4,-9999,406214.4,22.7,-1,0.42733131371097527,0.9674082245908028,0,0.5804449347544817,1,2.076923076923077,0.6153846153846154,N1 O8,de-protonated,0,-9999,C13 H27 O8 N1,13,27,8,1,-9999,-9999,-9999,-9999,-9999
303,325.092734,325.09277522321435,325.0928910843791,2200674.5,-9999,612485.9,31.93,-1,-0.356394027522417,0.9772165399595564,0,0.5863299239757339,7,1.2,0.5333333333333333,O8,de-protonated,0,-9999,C15 H18 O8,15,18,8,-9999,-9999,-9999,-9999,-9999,-9999
303,325.092734,325.09277522321435,325.09272889304907,2200674.5,-9999,612485.9,31.93,-1,0.14251369273478384,0.9963215316906124,0,0.5977929190143675,2,2.3,0.2,N4 S2 P1 O2,de-protonated,0,-9999,C10 H23 O2 N4 P1 S2,10,23,2,4,1,2,-9999,-9999,-9999
305,325.128276,325.12831719704025,325.1282450225291,1136231.5,-9999,652383.8,15.58,-1,0.22198782254516847,0.9910983206234284,0,0.5946589923740571,2,2.3,0.6,N4 P1 O6,de-protonated,0,-9999,C10 H23 O6 N4 P1,10,23,6,4,1,-9999,-9999,-9999,-9999
306,325.129287,325.12932819629566,325.12927659372906,2228839.8,-9999,316656.8,32.36,-1,0.1587139956783283,0.9954397133913446,0,0.5972638280348067,6,1.375,0.4375,O7,de-protonated,0,-9999,C16 H22 O7,16,22,7,-9999,-9999,-9999,-9999,-9999,-9999
306,325.129287,325.12932819629566,325.12911440239907,2228839.8,-9999,316656.8,32.36,-1,0.6575661394844893,0.924541645041629,0,0.5547249870249773,1,2.4545454545454546,0.09090909090909093,N4 S2 P1 O1,de-protonated,0,-9999,C11 H27 O1 N4 P1 S2,11,27,1,4,1,2,-9999,-9999,-9999
307,325.16001,325.1600511736704,325.1597888763091,3015788,-9999,482676.6,44.46,-1,0.8066721971045347,0.4443159032168748,0.7939170211058493,0.5841563503724646,14,0.9166666666666666,0.04166666666666666,O1,de-protonated,0,-9999,C24 H22 O1,24,22,1,-9999,-9999,-9999,-9999,-9999,-9999
308,325.160453,325.1604941733442,325.1607911979091,2659692,-9999,643948.2,38.98,-1,-0.9134698060560084,0.8594989303333844,0,0.5156993582000307,0,2.2142857142857144,0.2857142857142857,S1 P1 O4,de-protonated,0,-9999,C14 H31 O4 P1 S1,14,31,4,-9999,1,1,-9999,-9999,-9999
309,325.165558,325.1655991695847,325.1656621030791,2481772.8,-9999,434282.8,36.25,-1,-0.19354286672854457,0.993226188854633,0,0.5959357133127797,5,1.5294117647058822,0.35294117647058826,O6,de-protonated,0,-9999,C17 H26 O6,17,26,6,-9999,-9999,-9999,-9999,-9999,-9999
311,325.184182,325.1842231558695,325.18428954768905,30000752,-9999,527408.5,459.08,-1,-0.20416674994477985,0.9803697661282764,0.9876591340814138,0.9832855133095316,4,1.6666666666666667,0.16666666666666666,S1 O3,de-protonated,0,-9999,C18 H30 O3 S1,18,30,3,-9999,-9999,1,-9999,-9999,-9999
312,325.184358,325.1843991557398,325.18428954768905,29451376,-9999,400579.7,450.64,-1,0.33706441020294137,0.9760801647733824,0.9898422018894236,0.981584979619799,4,1.6666666666666667,0.16666666666666666,S1 O3,de-protonated,0,-9999,C18 H30 O3 S1,18,30,3,-9999,-9999,1,-9999,-9999,-9999
313,325.20193,325.2019711427994,325.2020476124291,2668914,-9999,502813.1,39.13,-1,-0.23514498230815617,0.9900172896285108,0,0.5940103737771064,4,1.6666666666666667,0.2777777777777778,O5,de-protonated,0,-9999,C18 H30 O5,18,30,5,-9999,-9999,-9999,-9999,-9999,-9999
314,325.202236,325.202277142574,325.2020476124291,2698354,-9999,497192.7,39.58,-1,0.7058078096120296,0.9135736121514052,0,0.5481441672908431,4,1.6666666666666667,0.2777777777777778,O5,de-protonated,0,-9999,C18 H30 O5,18,30,5,-9999,-9999,-9999,-9999,-9999,-9999
316,326.18754,326.1875804169687,326.1876443827591,5351165.5,-9999,409558.2,80.34,-1,-0.1961012060000165,0.9805636133015012,0.9898422018894236,0.9842750487366702,4,1.7647058823529411,0.17647058823529413,13C1 S1 O3,de-protonated,1,312,C17 H30 O3 S1 13C1,17,30,3,-9999,-9999,1,1,-9999,-9999
316,326.18754,326.1875804169687,326.1876443827591,5351165.5,-9999,409558.2,80.34,-1,-0.1961012060000165,0.9805636133015012,0.9876591340814138,0.9834018216134662,4,1.7647058823529411,0.17647058823529413,13C1 S1 O3,de-protonated,1,311,C17 H30 O3 S1 13C1,17,30,3,-9999,-9999,1,1,-9999,-9999
316,326.18754,326.1875804169687,326.1874006058591,5351165.5,-9999,409558.2,80.34,-1,0.5512509349312997,0.4731771810579666,0.8295321147073604,0.6157191545177241,9,1.3157894736842106,0.10526315789473684,N3 O2,de-protonated,0,-9999,C19 H25 O2 N3,19,25,2,3,-9999,-9999,-9999,-9999,-9999
318,326.988326,326.98836582724743,326.98864048884906,5478256.5,-9999,475263,82.29,-1,-0.8399729153033068,0.43991703906635304,0.8524773804394659,0.6049411756155982,13,0.5625,0.25,S1 P1 O4,de-protonated,0,-9999,C16 H9 O4 P1 S1,16,9,4,-9999,1,1,-9999,-9999,-9999
319,326.988788,326.98882782690725,326.98864048884906,4353392.5,-9999,538195.3,65,-1,0.572919162931341,0.942180831209773,0,0.5653084987258638,13,0.5625,0.25,S1 P1 O4,de-protonated,0,-9999,C16 H9 O4 P1 S1,16,9,4,-9999,1,1,-9999,-9999,-9999
320,327.072029,327.0720687656062,327.0721556394891,1283964.5,-9999,534813.6,17.84,-1,-0.26561075707799153,0.987280547930105,0,0.592368328758063,7,1.1428571428571428,0.6428571428571429,O9,de-protonated,0,-9999,C14 H16 O9,14,16,9,-9999,-9999,-9999,-9999,-9999,-9999
320,327.072029,327.0720687656062,327.07199344815905,1283964.5,-9999,534813.6,17.84,-1,0.23027788584303585,0.9904242981819984,0,0.594254578909199,2,2.3333333333333335,0.3333333333333333,N4 S2 P1 O3,de-protonated,0,-9999,C9 H21 O3 N4 P1 S2,9,21,3,4,1,2,-9999,-9999,-9999
321,327.107485,327.10752473949543,327.10750957763906,1240705.6,-9999,580055.9,17.18,-1,0.04635129406633688,0.999610243912368,0,0.5997661463474209,2,2.3333333333333335,0.7777777777777778,N4 P1 O7,de-protonated,0,-9999,C9 H21 O7 N4 P1,9,21,7,4,1,-9999,-9999,-9999,-9999
322,327.108513,327.1085527387384,327.10854114883904,2166977.8,-9999,291802.8,31.41,-1,0.03543135661319342,0.9997722387025662,0,0.5998633432215397,6,1.3333333333333333,0.5333333333333333,O8,de-protonated,0,-9999,C15 H20 O8,15,20,8,-9999,-9999,-9999,-9999,-9999,-9999
322,327.108513,327.1085527387384,327.1083789575091,2166977.8,-9999,291802.8,31.41,-1,0.5312649888732986,0.9500767304618868,0,0.5700460382771321,1,2.5,0.2,N4 S2 P1 O2,de-protonated,0,-9999,C10 H25 O2 N4 P1 S2,10,25,2,4,1,2,-9999,-9999,-9999
323,327.144796,327.14483571201856,327.1449266581891,2833287,-9999,489922.5,41.65,-1,-0.2779996360008911,0.9860748213359132,0,0.5916448928015479,5,1.5,0.4375,O7,de-protonated,0,-9999,C16 H24 O7,16,24,7,-9999,-9999,-9999,-9999,-9999,-9999
324,327.179882,327.1799216861803,327.18008537728906,1620364.1,-9999,741985.5,23.01,-1,-0.5003089004157049,0.9680806719077903,0.9898422018894236,0.9767852839004436,4,1.6666666666666667,0.16666666666666666,34S1 O3,de-protonated,1,312,C18 H30 O3 34S1,18,30,3,-9999,-9999,-9999,-9999,-9999,1
324,327.179882,327.1799216861803,327.18008537728906,1620364.1,-9999,741985.5,23.01,-1,-0.5003089004157049,0.9680806719077903,0.9876591340814138,0.9759120567772398,4,1.6666666666666667,0.16666666666666666,34S1 O3,de-protonated,1,311,C18 H30 O3 34S1,18,30,3,-9999,-9999,-9999,-9999,-9999,1
325,327.181192,327.18123168521555,327.1813121675391,2386316.3,-9999,438598.3,34.78,-1,-0.24598692085030208,0.9890806723006588,0,0.5934484033803953,4,1.6470588235294117,0.35294117647058826,O6,de-protonated,0,-9999,C17 H28 O6,17,28,6,-9999,-9999,-9999,-9999,-9999,-9999
327,327.217609,327.217648658397,327.2176976768891,4080017.5,-9999,382611.5,60.8,-1,-0.14980391467709406,0.9942680815854964,0.980082314900169,0.9885937749113656,3,1.7777777777777777,0.2777777777777778,O5,de-protonated,0,-9999,C18 H32 O5,18,32,5,-9999,-9999,-9999,-9999,-9999,-9999
328,328.22108,328.22111891941296,328.2210525119591,913123.9,-9999,399645.3,12.14,-1,0.202325394271425,0.992599812702164,0.980082314900169,0.987592813581366,3,1.8823529411764703,0.29411764705882354,13C1 O5,de-protonated,1,327,C17 H32 O5 13C1,17,32,5,-9999,-9999,-9999,1,-9999,-9999
329,329.087737,329.0877752811826,329.0878057039491,1345444,-9999,369550.4,18.52,-1,-0.09244574231638432,0.9984505021791596,0,0.5990703013074957,6,1.2857142857142858,0.6428571428571429,O9,de-protonated,0,-9999,C14 H18 O9,14,18,9,-9999,-9999,-9999,-9999,-9999,-9999
331,329.124337,329.1243752542294,329.12419121329907,2099369.5,-9999,380013.3,29.94,-1,0.5591838437729514,0.9448429388657332,0,0.5669057633194399,5,1.4666666666666666,0.5333333333333333,O8,de-protonated,0,-9999,C15 H22 O8,15,22,8,-9999,-9999,-9999,-9999,-9999,-9999
333,329.152432,329.15247023353936,329.15233451415907,4973229.5,-9999,425956.6,73.47,-1,0.4123299945489443,0.9847075171340024,0.9625729061539312,0.975853672741974,4,1.6875,0.3125,P1 O5,de-protonated,0,-9999,C16 H27 O5 P1,16,27,5,-9999,1,-9999,-9999,-9999,-9999
334,329.160467,329.1605052276222,329.16057672264907,2961582.8,-9999,402417.2,43,-1,-0.21720410015328956,0.991476217815376,0,0.5948857306892257,4,1.625,0.4375,O7,de-protonated,0,-9999,C16 H26 O7,16,26,7,-9999,-9999,-9999,-9999,-9999,-9999
335,329.175847,329.1758852162959,329.17583286393904,926641.1,-9999,474565.8,12.17,-1,0.15904070605373666,0.995420962599484,0,0.5972525775596903,8,1.3,0.2,O4,de-protonated,0,-9999,C20 H26 O4,20,26,4,-9999,-9999,-9999,-9999,-9999,-9999
336,329.196834,329.1968722008406,329.19696223199907,1844660.3,-9999,360776.7,26.08,-1,-0.2734872092451801,0.9865201770983888,0,0.5919121062590332,3,1.7647058823529411,0.35294117647058826,O6,de-protonated,0,-9999,C17 H30 O6,17,30,6,-9999,-9999,-9999,-9999,-9999,-9999
338,329.233208,329.2332461740537,329.23334774134906,3918521.8,-9999,455681.6,57.49,-1,-0.3084963781971463,0.4914398856434312,0.8370420509349343,0.6296807517600325,2,1.8888888888888888,0.2777777777777778,O5,de-protonated,0,-9999,C18 H34 O5,18,34,5,-9999,-9999,-9999,-9999,-9999,-9999
339,330.155663,330.1557004947321,330.1556893492291,1128516.1,-9999,529766.8,15.23,-1,0.03375832492783249,0.9997932380094432,0.9625729061539312,0.9849051052672384,4,1.8,0.3333333333333333,13C1 P1 O5,de-protonated,1,333,C15 H27 O5 P1 13C1,15,27,5,-9999,1,-9999,1,-9999,-9999
339,330.155663,330.1557004947321,330.1558256948491,1128516.1,-9999,529766.8,15.23,-1,-0.37921522885095504,0.9742444014294036,0,0.5845466408576421,4,1.6666666666666667,0.4666666666666667,N1 O7,de-protonated,0,-9999,C15 H25 O7 N1,15,25,7,1,-9999,-9999,-9999,-9999,-9999
340,330.166984,330.167021486395,330.1670590841391,1985605.9,-9999,297763.6,28.21,-1,-0.11387490987448166,0.9976498310311732,0,0.5985898986187039,4,1.7857142857142858,0.42857142857142855,N3 O6,de-protonated,0,-9999,C14 H25 O6 N3,14,25,6,3,-9999,-9999,-9999,-9999,-9999
341,330.203432,330.2034694595537,330.20344459348905,1980619.4,-9999,372293.7,28.14,-1,0.07530528535619116,0.9989715543976642,0,0.5993829326385984,3,1.9333333333333331,0.3333333333333333,N3 O5,de-protonated,0,-9999,C15 H29 O5 N3,15,29,5,3,-9999,-9999,-9999,-9999,-9999
342,331.103279,331.1033157968812,331.1034557684091,1074644.3,-9999,549179.2,14.41,-1,-0.42274257630460466,0.9680931877123252,0,0.580855912627395,5,1.4285714285714286,0.6428571428571429,O9,de-protonated,0,-9999,C14 H20 O9,14,20,9,-9999,-9999,-9999,-9999,-9999,-9999
343,331.139721,331.1397577700443,331.1398412777591,1440729.9,-9999,503676.5,19.96,-1,-0.252182626177314,0.9885268991859064,0,0.5931161395115438,4,1.6,0.5333333333333333,O8,de-protonated,0,-9999,C15 H24 O8,15,24,8,-9999,-9999,-9999,-9999,-9999,-9999
346,331.149872,331.1499087625688,331.1502265138791,1412379.4,-9999,475646.4,19.53,-1,-0.9595382543078984,0.8461469079902646,0,0.5076881447941587,3,1.8125,0.1875,S1 P1 O3,de-protonated,0,-9999,C16 H29 O3 P1 S1,16,29,3,-9999,1,1,-9999,-9999,-9999
347,331.176122,331.17615874323764,331.1762267871091,2022367.5,-9999,491494.3,28.77,-1,-0.2054612196214412,0.9923695293906027,0,0.5954217176343616,3,1.75,0.4375,O7,de-protonated,0,-9999,C16 H28 O7,16,28,7,-9999,-9999,-9999,-9999,-9999,-9999
349,331.191395,331.1914317319901,331.19148292839907,2251233.8,-9999,542548.1,32.23,-1,-0.15458250464120696,0.9956735336577088,0,0.5974041201946253,7,1.4,0.2,O4,de-protonated,0,-9999,C20 H28 O4,20,28,4,-9999,-9999,-9999,-9999,-9999,-9999
351,332.146194,332.14623002884946,332.1463236392491,921077.1,-9999,604474,12.08,-1,-0.2818348208864517,0.9856907383812132,0,0.5914144430287278,4,1.7692307692307692,0.5384615384615384,N3 O7,de-protonated,0,-9999,C13 H23 O7 N3,13,23,7,3,-9999,-9999,-9999,-9999,-9999
352,333.111023,333.1110583183225,333.1108636243791,2580236,-9999,345610.2,37.21,-1,0.5844719120861682,0.9398977212013084,0,0.5639386327207849,4,1.6428571428571428,0.5,P1 O7,de-protonated,0,-9999,C14 H23 O7 P1,14,23,7,-9999,1,-9999,-9999,-9999,-9999
353,333.134351,333.1343863011431,333.13436197415905,1031695.6,-9999,568081.4,13.75,-1,0.07302454147443398,0.99903287766524,0,0.599419726599144,8,1.2222222222222223,0.3333333333333333,O6,de-protonated,0,-9999,C18 H22 O6,18,22,6,-9999,-9999,-9999,-9999,-9999,-9999
354,333.206098,333.20613324830657,333.20610142165907,2434331,-9999,376520.8,35,-1,0.09551640070447084,0.9983459436371264,0,0.5990075661822758,2,2.2142857142857144,0.21428571428571427,N4 P1 O3,de-protonated,0,-9999,C14 H31 O3 N4 P1,14,31,3,4,1,-9999,-9999,-9999,-9999
355,333.207026,333.2070612476232,333.20713299285904,11056923,-9999,361773.9,165.61,-1,-0.21531722689356905,0.9175616892616464,0.9489701667911136,0.9301250802734332,6,1.5,0.2,O4,de-protonated,0,-9999,C20 H30 O4,20,30,4,-9999,-9999,-9999,-9999,-9999,-9999
356,334.210335,334.21036950875845,334.21048782792906,2066874.1,-9999,530761.7,29.43,-1,0.968492957752024,0.8435003294422375,0.9489701667911136,0.885688264381788,6,1.5789473684210529,0.21052631578947367,13C1 O4,de-protonated,1,355,C19 H30 O4 13C1,19,30,4,-9999,-9999,-9999,1,-9999,-9999
357,334.210777,334.2108115084329,334.21048782792906,1605818.3,-9999,442102.3,22.45,-1,0.968492957752024,0.8435003294422375,0.9489701667911136,0.885688264381788,6,1.5789473684210529,0.21052631578947367,13C1 O4,de-protonated,1,355,C19 H30 O4 13C1,19,30,4,-9999,-9999,-9999,1,-9999,-9999
360,335.077328,335.07736187028064,335.0772410199191,932549.4,-9999,429970.5,12.25,-1,0.3606641895061417,0.9766737612986024,0,0.5860042567791615,9,1,0.5,O8,de-protonated,0,-9999,C16 H16 O8,16,16,8,-9999,-9999,-9999,-9999,-9999,-9999
360,335.077328,335.07736187028064,335.0770788285891,932549.4,-9999,429970.5,12.25,-1,0.8447062166570826,0.8785619765023147,0,0.5271371859013888,4,1.9090909090909092,0.18181818181818185,N4 S2 P1 O2,de-protonated,0,-9999,C11 H21 O2 N4 P1 S2,11,21,2,4,1,2,-9999,-9999,-9999
361,335.107921,335.10795484775105,335.1077533024991,1100618.3,-9999,506456.5,14.79,-1,0.6014341655254065,0.936473388677939,0,0.5618840332067634,17,0.6666666666666666,0.08333333333333333,O2,de-protonated,0,-9999,C24 H16 O2,24,16,2,-9999,-9999,-9999,-9999,-9999,-9999
362,335.113347,335.1133808437552,335.1136265292691,1046731.2,-9999,464065.3,13.98,-1,-0.7331409243114391,0.9070770580433676,0,0.5442462348260206,8,1.1764705882352942,0.4117647058823529,O7,de-protonated,0,-9999,C17 H20 O7,17,20,7,-9999,-9999,-9999,-9999,-9999,-9999
362,335.113347,335.1133808437552,335.1134643379391,1046731.2,-9999,464065.3,13.98,-1,-0.2491519822295986,0.9887994608604084,0,0.593279676516245,3,2.0833333333333335,0.08333333333333333,N4 S2 P1 O1,de-protonated,0,-9999,C12 H25 O1 N4 P1 S2,12,25,1,4,1,2,-9999,-9999,-9999
363,335.126575,335.1266088340137,335.1265136888391,1104973.3,-9999,444589.5,14.86,-1,0.28390822786461123,0.9854809641832764,0,0.5912885785099659,3,1.7857142857142858,0.5,P1 O7,de-protonated,0,-9999,C14 H25 O7 P1,14,25,7,-9999,1,-9999,-9999,-9999,-9999
364,335.150039,335.15007281673417,335.1500120386191,1484881.1,-9999,382479.9,20.32,-1,0.18134600298852205,0.9940505791711712,0,0.5964303475027026,7,1.3333333333333333,0.3333333333333333,O6,de-protonated,0,-9999,C18 H24 O6,18,24,6,-9999,-9999,-9999,-9999,-9999,-9999
365,335.150626,335.15065981630187,335.1508814184891,1192017.1,-9999,610436,15.94,-1,-0.6612012664709384,0.9237377872467109,0,0.5542426723480264,6,1.4736842105263157,0.05263157894736842,S2 O1,de-protonated,0,-9999,C19 H28 O1 S2,19,28,1,-9999,-9999,2,-9999,-9999,-9999
366,335.186306,335.1863397900262,335.1863975479691,1411671,-9999,438725.5,19.22,-1,-0.17231589145703818,0.9946267742329324,0,0.5967760645397594,6,1.4736842105263157,0.2631578947368421,O5,de-protonated,0,-9999,C19 H28 O5,19,28,5,-9999,-9999,-9999,-9999,-9999,-9999
367,335.221758,335.2217917639183,335.2217514861191,2121052.8,-9999,412238.5,29.81,-1,0.1201527019718526,0.9973839128047192,0,0.5984303476828314,1,2.357142857142857,0.21428571428571427,N4 P1 O3,de-protonated,0,-9999,C14 H33 O3 N4 P1,14,33,3,4,1,-9999,-9999,-9999,-9999
368,335.2227,335.2227337632246,335.2227830573191,7990365,-9999,438570.1,117.43,-1,-0.14704875972743006,0.9887908979296718,0.9665259234708764,0.9798849081461536,5,1.6,0.2,O4,de-protonated,0,-9999,C20 H32 O4,20,32,4,-9999,-9999,-9999,-9999,-9999,-9999
369,336.225997,336.2260300243687,336.2261378923891,2140928,-9999,447445.9,30.11,-1,-0.32081985377270644,0.981497635113069,0.9665259234708764,0.975508950456192,5,1.6842105263157894,0.21052631578947367,13C1 O4,de-protonated,1,368,C19 H32 O4 13C1,19,32,4,-9999,-9999,-9999,1,-9999,-9999
370,336.972725,336.97275747445735,336.9729904243891,1413754.9,-9999,503838.3,19.25,-1,-0.6913014940307772,0.9169393761738802,0,0.5501636257043281,15,0.4117647058823529,0.2352941176470588,S1 P1 O4,de-protonated,0,-9999,C17 H7 O4 P1 S1,17,7,4,-9999,1,1,-9999,-9999,-9999
371,336.973163,336.9731954741348,336.9729904243891,1127867,-9999,297550.1,14.98,-1,0.6085049886579361,0.9350207897113056,0,0.5610124738267833,15,0.4117647058823529,0.2352941176470588,S1 P1 O4,de-protonated,0,-9999,C17 H7 O4 P1 S1,17,7,4,-9999,1,1,-9999,-9999,-9999
372,337.092865,337.0928973859829,337.0928910843791,1250958.8,-9999,338264.1,16.82,-1,0.01869396816827285,0.9999365921457462,0,0.5999619552874477,8,1.125,0.5,O8,de-protonated,0,-9999,C16 H18 O8,16,18,8,-9999,-9999,-9999,-9999,-9999,-9999
372,337.092865,337.0928973859829,337.09272889304907,1250958.8,-9999,338264.1,16.82,-1,0.4998414957724754,0.955678790344486,0,0.5734072742066916,3,2.090909090909091,0.18181818181818185,N4 S2 P1 O2,de-protonated,0,-9999,C11 H23 O2 N4 P1 S2,11,23,2,4,1,2,-9999,-9999,-9999
373,337.12919,337.12922235923213,337.12927659372906,1770388.8,-9999,412421,24.57,-1,-0.1608715133759852,0.9953151807872088,0,0.5971891084723252,7,1.2941176470588236,0.4117647058823529,O7,de-protonated,0,-9999,C17 H22 O7,17,22,7,-9999,-9999,-9999,-9999,-9999,-9999
373,337.12919,337.12922235923213,337.12911440239907,1770388.8,-9999,412421,24.57,-1,0.32022399861187645,0.9815656629372712,0,0.5889393977623627,2,2.25,0.08333333333333333,N4 S2 P1 O1,de-protonated,0,-9999,C12 H27 O1 N4 P1 S2,12,27,1,4,1,2,-9999,-9999,-9999
374,337.165548,337.16558033245707,337.1656621030791,1909146.9,-9999,456676.8,26.64,-1,-0.2425235759059954,0.9893843562621248,0,0.5936306137572749,6,1.4444444444444444,0.3333333333333333,O6,de-protonated,0,-9999,C18 H26 O6,18,26,6,-9999,-9999,-9999,-9999,-9999,-9999
376,337.20188,337.2019123057012,337.20204761242906,1022816.8,-9999,478922,13.41,-1,-0.4012630670110092,0.9712072198452106,0,0.5827243319071264,5,1.5789473684210529,0.2631578947368421,O5,de-protonated,0,-9999,C19 H30 O5,19,30,5,-9999,-9999,-9999,-9999,-9999,-9999
377,337.202351,337.2023833053544,337.20204761242906,1151776.9,-9999,386837.6,15.34,-1,0.9955245755342802,0.8354137224556192,0,0.5012482334733714,5,1.5789473684210529,0.2631578947368421,O5,de-protonated,0,-9999,C19 H30 O5,19,30,5,-9999,-9999,-9999,-9999,-9999,-9999
378,337.205269,337.20530130320543,337.2054189157491,1402017.4,-9999,469712,19.07,-1,-0.34878604271976,0.9781682961438216,0,0.586900977686293,0,2.125,0.3125,S1 O5,de-protonated,0,-9999,C16 H34 O5 S1,16,34,5,-9999,-9999,1,-9999,-9999,-9999
378,337.205269,337.20530130320543,337.2050387932291,1402017.4,-9999,469712,19.07,-1,0.7784877036922571,0.8958648403459034,0,0.537518904207542,5,1.7222222222222223,0.1111111111111111,N2 P1 O2,de-protonated,0,-9999,C18 H31 O2 N2 P1,18,31,2,2,1,-9999,-9999,-9999,-9999
380,337.237382,337.23741427955656,337.23740155057914,1311654.8,-9999,429850.7,17.72,-1,0.03774485678509298,0.9997415281451044,0,0.5998449168870625,0,2.5,0.21428571428571427,N4 P1 O3,de-protonated,0,-9999,C14 H35 O3 N4 P1,14,35,3,4,1,-9999,-9999,-9999,-9999
381,337.23832,337.23835227886576,337.23843312177905,4806567,-9999,421512.5,69.9,-1,-0.23972034427789252,0.9725632769687208,0.9960461215660064,0.9819564148076352,4,1.7,0.2,O4,de-protonated,0,-9999,C20 H34 O4,20,34,4,-9999,-9999,-9999,-9999,-9999,-9999
382,338.241587,338.24161854003194,338.24178795684907,1067982.1,-9999,502227.3,14.08,-1,-0.5008748864330131,0.955499481970463,0.9960461215660064,0.9717181378086804,4,1.7894736842105263,0.21052631578947367,13C1 O4,de-protonated,1,381,C19 H34 O4 13C1,19,34,4,-9999,-9999,-9999,1,-9999,-9999
385,339.108484,339.10851490162474,339.10854114883904,2895072.5,-9999,451289.5,41.36,-1,-0.0774006287327393,0.9989135574144722,0,0.5993481344486833,7,1.25,0.5,O8,de-protonated,0,-9999,C16 H20 O8,16,20,8,-9999,-9999,-9999,-9999,-9999,-9999
385,339.108484,339.10851490162474,339.1083789575091,2895072.5,-9999,451289.5,41.36,-1,0.4008869260586149,0.9712603919464102,0,0.5827562351678461,2,2.272727272727273,0.18181818181818185,N4 S2 P1 O2,de-protonated,0,-9999,C11 H25 O2 N4 P1 S2,11,25,2,4,1,2,-9999,-9999,-9999
386,339.144805,339.144835874877,339.1449266581891,2499814.5,-9999,507535.4,35.46,-1,-0.2676829430522853,0.9870826022396614,0,0.5922495613437968,6,1.411764705882353,0.4117647058823529,O7,de-protonated,0,-9999,C17 H24 O7,17,24,7,-9999,-9999,-9999,-9999,-9999,-9999
386,339.144805,339.144835874877,339.14476446685904,2499814.5,-9999,507535.4,35.46,-1,0.21055320748171877,0.9919881655273546,0,0.5951928993164127,1,2.4166666666666665,0.08333333333333333,N4 S2 P1 O1,de-protonated,0,-9999,C12 H29 O1 N4 P1 S2,12,29,1,4,1,2,-9999,-9999,-9999
388,339.157809,339.15783986530045,339.15781381775906,1046248.8,-9999,554864.2,13.76,-1,0.07680065244336112,0.9989303264255178,0,0.5993581958553107,1,2.0714285714285716,0.5,P1 O7,de-protonated,0,-9999,C14 H29 O7 P1,14,29,7,-9999,1,-9999,-9999,-9999,-9999
389,339.180273,339.1803038487574,339.18028059633906,1112812.5,-9999,585030,14.75,-1,0.06855474697777608,0.9991475994316492,0,0.5994885596589896,1,2.4166666666666665,0.4166666666666667,N4 P1 O5,de-protonated,0,-9999,C12 H29 O5 N4 P1,12,29,5,4,1,-9999,-9999,-9999,-9999
390,339.181325,339.1813558479827,339.1813121675391,2943980.8,-9999,297346,42.09,-1,0.1287819877310498,0.9969952331365706,0,0.5981971398819423,5,1.5555555555555556,0.3333333333333333,O6,de-protonated,0,-9999,C18 H28 O6,18,28,6,-9999,-9999,-9999,-9999,-9999,-9999
393,339.199819,339.19984983436314,339.1999396121491,16641776,-9999,509200.8,246.57,-1,-0.2646751236089351,0.9918554534581008,0.992585589609942,0.9921475079188372,4,1.6842105263157894,0.15789473684210523,S1 O3,de-protonated,0,-9999,C19 H32 O3 S1,19,32,3,-9999,-9999,1,-9999,-9999,-9999
395,339.217698,339.21772882119654,339.2176976768891,2068722.9,-9999,388750,29.02,-1,0.09181215387591211,0.9984716525663,0,0.5990829915397801,4,1.6842105263157894,0.2631578947368421,O5,de-protonated,0,-9999,C19 H32 O5,19,32,5,-9999,-9999,-9999,-9999,-9999,-9999
396,340.203216,340.2032460954336,340.20329444721915,3600795,-9999,328185.3,51.89,-1,-0.14212615321661817,0.9963414737213476,0.992585589609942,0.9948391200767852,4,1.7777777777777777,0.16666666666666666,13C1 S1 O3,de-protonated,1,393,C18 H32 O3 S1 13C1,18,32,3,-9999,-9999,1,1,-9999,-9999
396,340.203216,340.2032460954336,340.2030506703191,3600795,-9999,328185.3,51.89,-1,0.5744366904204345,0.47094160831816906,0.8221557383861047,0.6114272603453433,9,1.35,0.1,N3 O2,de-protonated,0,-9999,C20 H27 O2 N3,20,27,2,3,-9999,-9999,-9999,-9999,-9999
398,341.087811,341.0878404439931,341.0878057039491,1737267.6,-9999,402500.9,24.07,-1,0.101850735975591,0.99811949927354,0,0.598871699564124,7,1.2,0.6,O9,de-protonated,0,-9999,C15 H18 O9,15,18,9,-9999,-9999,-9999,-9999,-9999,-9999
398,341.087811,341.0878404439931,341.0876435126191,1737267.6,-9999,402500.9,24.07,-1,0.5773629674959542,0.9413073651623388,0,0.5647844190974033,2,2.3,0.3,N4 S2 P1 O3,de-protonated,0,-9999,C10 H23 O3 N4 P1 S2,10,23,3,4,1,2,-9999,-9999,-9999
399,341.124061,341.1240904172976,341.12419121329907,3111482,-9999,443279.9,44.58,-1,-0.29548183343176593,0.9842826309488444,0,0.5905695785693067,6,1.375,0.5,O8,de-protonated,0,-9999,C16 H22 O8,16,22,8,-9999,-9999,-9999,-9999,-9999,-9999
399,341.124061,341.1240904172976,341.1240290219691,3111482,-9999,443279.9,44.58,-1,0.17997948933645308,0.994139641560814,0,0.5964837849364883,1,2.4545454545454546,0.18181818181818185,N4 S2 P1 O2,de-protonated,0,-9999,C11 H27 O2 N4 P1 S2,11,27,2,4,1,2,-9999,-9999,-9999
400,341.159621,341.15965039111023,341.1595451514491,1004608.1,-9999,603300.8,13.13,-1,0.3084763789674815,0.9828819718506752,0,0.5897291831104051,1,2.4545454545454546,0.5454545454545454,N4 P1 O6,de-protonated,0,-9999,C11 H27 O6 N4 P1,11,27,6,4,1,-9999,-9999,-9999,-9999
401,341.160458,341.16048739049387,341.16057672264907,2611008.3,-9999,375106.8,37.11,-1,-0.2618478256093653,0.9876361688378718,0,0.592581701302723,5,1.5294117647058822,0.4117647058823529,O7,de-protonated,0,-9999,C17 H26 O7,17,26,7,-9999,-9999,-9999,-9999,-9999,-9999
402,341.179012,341.1790413768302,341.17920416725906,1038787.5,-9999,392604.1,13.64,-1,-0.4771405375402028,0.9595324263389996,0,0.5757194558033998,4,1.6666666666666667,0.2222222222222222,S1 O4,de-protonated,0,-9999,C18 H30 O4 S1,18,30,4,-9999,-9999,1,-9999,-9999,-9999
402,341.179012,341.1790413768302,341.1788240447391,1038787.5,-9999,392604.1,13.64,-1,0.6370034591258187,0.9290181050293416,0,0.5574108630176049,9,1.35,0.05,N2 P1 O1,de-protonated,0,-9999,C20 H27 O1 N2 P1,20,27,1,2,1,-9999,-9999,-9999,-9999
405,341.196899,341.19692836365766,341.19696223199907,4033606.5,-9999,434782.4,58.35,-1,-0.09926331460494418,0.9936129084390029,0.9525390076536044,0.9771833481248434,4,1.6666666666666667,0.3333333333333333,O6,de-protonated,0,-9999,C18 H30 O6,18,30,6,-9999,-9999,-9999,-9999,-9999,-9999
406,341.233269,341.2332983368738,341.23334774134906,997324.9,-9999,381526.2,13.02,-1,-0.1447820840946688,0.9962037236607162,0,0.5977222341964297,3,1.7894736842105263,0.2631578947368421,O5,de-protonated,0,-9999,C19 H34 O5,19,34,5,-9999,-9999,-9999,-9999,-9999,-9999
407,342.167243,342.1672716490693,342.1670590841391,1659759.9,-9999,304054.6,22.57,-1,0.6212314263536737,0.9323693760028878,0,0.5594216256017327,5,1.6666666666666667,0.4,N3 O6,de-protonated,0,-9999,C15 H25 O6 N3,15,25,6,3,-9999,-9999,-9999,-9999,-9999
408,342.200204,342.20023262479583,342.2003170670691,1074933.6,-9999,533902.5,13.97,-1,-0.24676269727678724,0.989012070840905,0.9525390076536044,0.9744228455659848,4,1.7647058823529411,0.35294117647058826,13C1 O6,de-protonated,1,405,C17 H30 O6 13C1,17,30,6,-9999,-9999,-9999,1,-9999,-9999
409,342.23966,342.2396885957394,342.23983010283905,1014652.6,-9999,394018.3,13.08,-1,-0.4134734978902322,0.9694556719659444,0,0.5816734031795667,3,1.9411764705882353,0.2352941176470588,N3 O4,de-protonated,0,-9999,C17 H33 O4 N3,17,33,4,3,-9999,-9999,-9999,-9999,-9999
413,342.979821,342.97984905066414,342.9795323564191,3324287,-9999,349171.8,47.05,-1,0.9233619361120722,0.8566698672332324,0,0.5140019203399394,9,0.8181818181818182,0.6363636363636364,N2 S1 P1 O7,de-protonated,0,-9999,C11 H9 O7 N2 P1 S1,11,9,7,2,1,1,-9999,-9999,-9999
414,343.103396,343.10342395966006,343.1034557684091,2084116.9,-9999,311502.5,28.81,-1,-0.09270891478344456,0.998441674357724,0,0.5990650046146344,6,1.3333333333333333,0.6,O9,de-protonated,0,-9999,C15 H20 O9,15,20,9,-9999,-9999,-9999,-9999,-9999,-9999
414,343.103396,343.10342395966006,343.1032935770791,2084116.9,-9999,311502.5,28.81,-1,0.3800097037522949,0.9741377789875352,0,0.584482667392521,1,2.5,0.3,N4 S2 P1 O3,de-protonated,0,-9999,C10 H25 O3 N4 P1 S2,10,25,3,4,1,2,-9999,-9999,-9999
415,343.13973,343.1397579329027,343.1398412777591,2561435.3,-9999,326328.4,35.83,-1,-0.24288889366636895,0.989352522087406,0,0.5936115132524435,5,1.5,0.5,O8,de-protonated,0,-9999,C16 H24 O8,16,24,8,-9999,-9999,-9999,-9999,-9999,-9999
416,343.17612,343.1761479061041,343.1762267871091,2824609.8,-9999,411426.9,39.7,-1,-0.22985568003854456,0.990459211480716,0,0.5942755268884297,4,1.6470588235294117,0.4117647058823529,O7,de-protonated,0,-9999,C17 H28 O7,17,28,7,-9999,-9999,-9999,-9999,-9999,-9999
417,343.198507,343.1985348896177,343.1986935656891,984229.8,-9999,497848.6,12.63,-1,-0.4623446253802691,0.9619556470132442,0,0.5771733882079465,4,1.8666666666666667,0.3333333333333333,N4 O5,de-protonated,0,-9999,C15 H28 O5 N4,15,28,5,4,-9999,-9999,-9999,-9999,-9999
419,343.212489,343.21251687932096,343.2126122964591,3284392.3,-9999,295225.6,46.46,-1,-0.27801174759409786,0.9860736164431624,0,0.5916441698658974,3,1.7777777777777777,0.3333333333333333,O6,de-protonated,0,-9999,C18 H32 O6,18,32,6,-9999,-9999,-9999,-9999,-9999,-9999
420,344.181658,344.18168516559786,344.18186099542913,1216597,-9999,391313.5,16.05,-1,-0.5108631546398859,0.953749053162348,0,0.5722494318974088,3,1.8823529411764703,0.1176470588235294,N1 S1 P1 O2,de-protonated,0,-9999,C17 H32 O2 N1 P1 S1,17,32,2,1,1,1,-9999,-9999,-9999
421,344.182651,344.18267816486656,344.1827091485991,3718741.3,-9999,383039,52.85,-1,-0.09002117684996573,0.998530654454176,0,0.5991183926725056,4,1.8,0.4,N3 O6,de-protonated,0,-9999,C15 H27 O6 N3,15,27,6,3,-9999,-9999,-9999,-9999,-9999
422,344.218893,344.21892013817694,344.2190946579491,1174107.8,-9999,559733.9,15.42,-1,-0.5070020078874391,0.954429429760331,0,0.5726576578561986,3,1.9375,0.3125,N3 O5,de-protonated,0,-9999,C16 H31 O5 N3,16,31,5,3,-9999,-9999,-9999,-9999,-9999
427,345.118922,345.1189484753705,345.1191058328691,1468157.9,-9999,481792.7,19.74,-1,-0.4559512815973696,0.9629809469410212,0,0.5777885681646128,5,1.4666666666666666,0.6,O9,de-protonated,0,-9999,C15 H22 O9,15,22,9,-9999,-9999,-9999,-9999,-9999,-9999
428,345.119485,345.11951147495586,345.1195950902191,1040125.9,-9999,775783.1,13.45,-1,-0.24227909520498744,0.9894056343757468,0,0.5936433806254481,9,1.2777777777777777,0.05555555555555555,N2 S1 P1 O1,de-protonated,0,-9999,C18 H23 O1 N2 P1 S1,18,23,1,2,1,1,-9999,-9999,-9999
429,345.147454,345.1474804543587,345.1472491337291,983523,-9999,372517.5,12.62,-1,0.6702085274907497,0.921729921793718,0,0.5530379530762308,4,1.6875,0.375,P1 O6,de-protonated,0,-9999,C16 H27 O6 P1,16,27,6,-9999,1,-9999,-9999,-9999,-9999
430,345.155384,345.15541044851886,345.1554913422191,1986308.4,-9999,468300.9,27.36,-1,-0.23436886343667024,0.9900827513787308,0,0.5940496508272385,4,1.625,0.5,O8,de-protonated,0,-9999,C16 H26 O8,16,26,8,-9999,-9999,-9999,-9999,-9999,-9999
432,345.191758,345.191784421732,345.1918768515691,2088971,-9999,498541.5,28.87,-1,-0.2677636505381996,0.987074862335165,0,0.592244917401099,3,1.7647058823529411,0.4117647058823529,O7,de-protonated,0,-9999,C17 H30 O7,17,30,7,-9999,-9999,-9999,-9999,-9999,-9999
434,345.228102,345.22812839496726,345.2282623609191,2297361.5,-9999,447633.4,31.94,-1,-0.38805036094632417,0.973046796852052,0,0.5838280781112313,2,1.8888888888888888,0.3333333333333333,O6,de-protonated,0,-9999,C18 H34 O6,18,34,6,-9999,-9999,-9999,-9999,-9999,-9999
435,346.161851,346.1618767073284,346.1619737037091,1906875.5,-9999,424369.4,26.19,-1,-0.280205187379051,0.9858545662456626,0,0.5915127397473975,4,1.7857142857142858,0.5,N3 O7,de-protonated,0,-9999,C14 H25 O7 N3,14,25,7,3,-9999,-9999,-9999,-9999,-9999
439,347.077196,347.07722103324284,347.0772410199191,999779.7,-9999,669038.7,12.85,-1,-0.05758567225927891,0.9993984772478168,0,0.59963908634869,10,0.9411764705882352,0.4705882352941176,O8,de-protonated,0,-9999,C17 H16 O8,17,16,8,-9999,-9999,-9999,-9999,-9999,-9999
439,347.077196,347.07722103324284,347.0770788285891,999779.7,-9999,669038.7,12.85,-1,0.40972067133135015,0.9699992529942468,0,0.581999551796548,5,1.75,0.16666666666666666,N4 S2 P1 O2,de-protonated,0,-9999,C12 H21 O2 N4 P1 S2,12,21,2,4,1,2,-9999,-9999,-9999
440,347.090343,347.09036802356104,347.0901281794891,990566.1,-9999,619459.7,12.71,-1,0.6910138101177415,0.9170055418589728,0,0.5502033251153836,5,1.5,0.5714285714285714,P1 O8,de-protonated,0,-9999,C14 H21 O8 P1,14,21,8,-9999,1,-9999,-9999,-9999,-9999
441,347.134661,347.13468599092397,347.13475589732906,949102.3,-9999,428110.5,12.1,-1,-0.20138117517804985,0.9926684691976294,0,0.5956010815185776,4,1.6,0.6,O9,de-protonated,0,-9999,C15 H24 O9,15,24,9,-9999,-9999,-9999,-9999,-9999,-9999
442,347.185399,347.1854239535591,347.18536597676905,1181687.6,-9999,454804.8,15.52,-1,0.16699088078569807,0.9949529098095836,0,0.5969717458857501,3,2.0714285714285716,0.2857142857142857,N4 P1 O4,de-protonated,0,-9999,C14 H29 O4 N4 P1,14,29,4,4,1,-9999,-9999,-9999,-9999
443,347.186298,347.1863229528971,347.1863975479691,3149431.8,-9999,467943.9,44.46,-1,-0.21485597503691417,0.9916587508502832,0,0.5949952505101699,7,1.4,0.25,O5,de-protonated,0,-9999,C20 H28 O5,20,28,5,-9999,-9999,-9999,-9999,-9999,-9999
444,348.013488,348.01351234373124,348.0134755128591,1042961.3,-9999,509112.1,13.48,-1,0.10583174141000816,0.997969773550624,0,0.5987818641303744,6,1.3333333333333333,0.4166666666666667,N1 S2 P1 O5,de-protonated,0,-9999,C12 H16 O5 N1 P1 S2,12,16,5,1,1,2,-9999,-9999,-9999
447,349.092803,349.0928265488936,349.0928910843791,987355.3,-9999,418715,12.47,-1,-0.184866226678589,0.9938180836329544,0,0.5962908501797726,9,1.0588235294117647,0.4705882352941176,O8,de-protonated,0,-9999,C17 H18 O8,17,18,8,-9999,-9999,-9999,-9999,-9999,-9999
447,349.092803,349.0928265488936,349.09272889304907,987355.3,-9999,418715,12.47,-1,0.2797418463077601,0.9859009776436072,0,0.5915405865861644,4,1.9166666666666667,0.16666666666666666,N4 S2 P1 O2,de-protonated,0,-9999,C12 H23 O2 N4 P1 S2,12,23,2,4,1,2,-9999,-9999,-9999
448,349.104883,349.1049065399975,349.1049938535391,1555421.5,-9999,538027.3,20.7,-1,-0.25010682498361353,0.9887139343292763,0,0.5932283605975659,8,1.2941176470588236,0.1176470588235294,N2 S2 O2,de-protonated,0,-9999,C17 H22 O2 N2 S2,17,22,2,2,-9999,2,-9999,-9999,-9999
449,349.105822,349.105845539306,349.1057782439491,7109085.5,-9999,450766.8,101.13,-1,0.192764947249938,0.9767208004021932,0.9916826179597754,0.982705527425226,4,1.6428571428571428,0.5714285714285714,P1 O8,de-protonated,0,-9999,C14 H23 O8 P1,14,23,8,-9999,1,-9999,-9999,-9999,-9999
450,349.129203,349.1292265220876,349.12927659372906,1912034.1,-9999,465303.7,25.86,-1,-0.14341862688246748,0.9962747556590996,0,0.5977648533954598,8,1.2222222222222223,0.3888888888888889,O7,de-protonated,0,-9999,C18 H22 O7,18,22,7,-9999,-9999,-9999,-9999,-9999,-9999
450,349.129203,349.1292265220876,349.12911440239907,1912034.1,-9999,465303.7,25.86,-1,0.3211410447099884,0.9814609147623476,0,0.5888765488574085,3,2.076923076923077,0.07692307692307693,N4 S2 P1 O1,de-protonated,0,-9999,C13 H27 O1 N4 P1 S2,13,27,1,4,1,2,-9999,-9999,-9999
451,349.142318,349.1423415124293,349.1421637532991,1216228.6,-9999,401858.1,15.78,-1,0.5091310895063764,0.95405484050169,0,0.572432904301014,3,1.8,0.4666666666666667,P1 O7,de-protonated,0,-9999,C15 H27 O7 P1,15,27,7,-9999,1,-9999,-9999,-9999,-9999
452,349.165572,349.16559549530444,349.1656621030791,1535465,-9999,544868.2,20.41,-1,-0.19076267199030297,0.9934187621001528,0,0.5960512572600916,7,1.368421052631579,0.3157894736842105,O6,de-protonated,0,-9999,C19 H26 O6,19,26,6,-9999,-9999,-9999,-9999,-9999,-9999
453,349.201016,349.20103946920244,349.201016041229,3218415.5,-9999,527316.7,44.78,-1,0.0670902212222943,0.999183615143793,0,0.5995101690862757,2,2.2142857142857144,0.2857142857142857,N4 P1 O4,de-protonated,0,-9999,C14 H31 O4 N4 P1,14,31,4,4,1,-9999,-9999,-9999,-9999
454,349.201928,349.20195146853086,349.20204761242906,8212976,-9999,417761.3,117.12,-1,-0.2753245545027737,0.9875102604782346,0.998971264267824,0.9920946619940704,6,1.5,0.25,O5,de-protonated,0,-9999,C20 H30 O5,20,30,5,-9999,-9999,-9999,-9999,-9999,-9999
456,349.215065,349.21508845885637,349.2149347719991,1843186.3,-9999,518820.4,24.86,-1,0.44009245305842987,0.9654671228372712,0,0.5792802737023628,1,2.0588235294117645,0.29411764705882354,P1 O5,de-protonated,0,-9999,C17 H35 O5 P1,17,35,5,-9999,1,-9999,-9999,-9999,-9999
458,350.109276,350.1092988003345,350.1091330790191,998811.4,-9999,342510.7,12.63,-1,0.4733418804021929,0.9601612515364052,0.9916826179597754,0.9727697981057531,4,1.7692307692307692,0.6153846153846154,13C1 P1 O8,de-protonated,1,449,C13 H23 O8 P1 13C1,13,23,8,-9999,1,-9999,1,-9999,-9999
458,350.109276,350.1092988003345,350.1092694246391,998811.4,-9999,342510.7,12.63,-1,0.08390436353642153,0.998723427245504,0,0.5992340563473023,4,1.6153846153846154,0.7692307692307693,N1 O10,de-protonated,0,-9999,C13 H21 O10 N1,13,21,10,1,-9999,-9999,-9999,-9999,-9999
459,350.135691,350.13571378088176,350.1357589552191,1137952.4,-9999,391709.5,14.65,-1,-0.12901949083815514,0.996984156722132,0,0.5981904940332792,8,1.3125,0.375,N3 O6,de-protonated,0,-9999,C16 H21 O6 N3,16,21,6,3,-9999,-9999,-9999,-9999,-9999
460,350.172074,350.1720967540883,350.1721444645691,1131687.4,-9999,460381.5,14.56,-1,-0.1362486467941416,0.9966373087085592,0,0.5979823852251356,7,1.4705882352941178,0.29411764705882354,N3 O5,de-protonated,0,-9999,C17 H25 O5 N3,17,25,5,3,-9999,-9999,-9999,-9999,-9999
461,350.205292,350.20531472962557,350.20540244749907,1789101.6,-9999,437005.9,24.08,-1,-0.2504755006208108,0.9886808260078565,0.998971264267824,0.9927970013118436,6,1.5789473684210529,0.2631578947368421,13C1 O5,de-protonated,1,454,C19 H30 O5 13C1,19,30,5,-9999,-9999,-9999,1,-9999,-9999
462,351.044707,351.044729111457,351.04450159597906,1133901.8,-9999,581005.4,14.59,-1,0.6481100741103958,0.9266151869796808,0,0.5559691121878084,14,0.6666666666666666,0.2222222222222222,N2 S1 O4,de-protonated,0,-9999,C18 H12 O4 N2 S1,18,12,4,2,-9999,1,-9999,-9999,-9999
463,351.102896,351.10291806860494,351.1026679220691,2172249,-9999,422068.7,29.63,-1,0.7124597979508499,0.9120110569471372,0,0.5472066341682823,17,0.6666666666666666,0.125,O3,de-protonated,0,-9999,C24 H16 O3,24,16,3,-9999,-9999,-9999,-9999,-9999,-9999
464,351.108414,351.10843606454137,351.10854114883904,1671258,-9999,367759.5,22.37,-1,-0.29929291189721674,0.9838778829118032,0,0.5903267297470819,8,1.1764705882352942,0.4705882352941176,O8,de-protonated,0,-9999,C17 H20 O8,17,20,8,-9999,-9999,-9999,-9999,-9999,-9999
464,351.108414,351.10843606454137,351.1083789575091,1671258,-9999,367759.5,22.37,-1,0.16264787650951829,0.9952113983466504,0,0.5971268390079902,3,2.0833333333333335,0.16666666666666666,N4 S2 P1 O2,de-protonated,0,-9999,C12 H25 O2 N4 P1 S2,12,25,2,4,1,2,-9999,-9999,-9999
465,351.14477,351.1447920377678,351.1449266581891,2170721,-9999,447129.5,29.6,-1,-0.3833756693783885,0.9736837051420602,0,0.5842102230852361,7,1.3333333333333333,0.3888888888888889,O7,de-protonated,0,-9999,C18 H24 O7,18,24,7,-9999,-9999,-9999,-9999,-9999,-9999
465,351.14477,351.1447920377678,351.14476446685904,2170721,-9999,447129.5,29.6,-1,0.07851721435658328,0.9988820028110422,0,0.5993292016866253,2,2.230769230769231,0.07692307692307693,N4 S2 P1 O1,de-protonated,0,-9999,C13 H29 O1 N4 P1 S2,13,29,1,4,1,2,-9999,-9999,-9999
466,351.145454,351.145476037264,351.14579603805913,1473377.1,-9999,447584.7,19.5,-1,-0.9113046453187356,0.8601153183456622,0,0.5160691910073973,6,1.4736842105263157,0.10526315789473684,S2 O2,de-protonated,0,-9999,C19 H28 O2 S2,19,28,2,-9999,-9999,2,-9999,-9999,-9999
467,351.181172,351.1811940109603,351.1813121675391,2237800,-9999,511433.6,30.57,-1,-0.33645463090107114,0.9796692119352928,0,0.5878015271611756,6,1.4736842105263157,0.3157894736842105,O6,de-protonated,0,-9999,C19 H28 O6,19,28,6,-9999,-9999,-9999,-9999,-9999,-9999
468,351.181622,351.18164401062893,351.1813121675391,1558248,-9999,450044.6,20.73,-1,0.9449337944286712,0.8504280147405542,0,0.5102568088443324,6,1.4736842105263157,0.3157894736842105,O6,de-protonated,0,-9999,C19 H28 O6,19,28,6,-9999,-9999,-9999,-9999,-9999,-9999
470,351.216605,351.2166269848665,351.21666610568906,6051694.5,-9999,400504.1,85.81,-1,-0.11138657801070986,0.9929473135337786,0.9585924300846856,0.9792053601541412,1,2.357142857142857,0.2857142857142857,N4 P1 O4,de-protonated,0,-9999,C14 H33 O4 N4 P1,14,33,4,4,1,-9999,-9999,-9999,-9999
471,351.21761,351.21763198412634,351.2176976768891,21753710,-9999,535477,313.23,-1,-0.18704286025607592,0.9898240445528854,0.9847393637965935,0.9877901722503686,5,1.6,0.25,O5,de-protonated,0,-9999,C20 H32 O5,20,32,5,-9999,-9999,-9999,-9999,-9999,-9999
472,351.218016,351.21803798382734,351.2176976768891,20602736,-9999,511598.6,296.56,-1,0.9689344828197726,0.914672693313888,0.9761276223613272,0.9392546649328638,5,1.6,0.25,O5,de-protonated,0,-9999,C20 H32 O5,20,32,5,-9999,-9999,-9999,-9999,-9999,-9999
473,352.22009,352.22011124587215,352.22002094075907,1265200.1,-9999,548368,16.48,-1,0.2563883587170418,0.9881433233176904,0.9585924300846856,0.9763229660244884,1,2.5384615384615383,0.3076923076923077,13C1 N4 P1 O4,de-protonated,1,470,C13 H33 O4 N4 P1 13C1,13,33,4,4,1,-9999,1,-9999,-9999
474,352.220933,352.22095424525133,352.2210525119591,5206064.5,-9999,456866.3,73.56,-1,-0.2789915794801436,0.9859759712157904,0.9761276223613272,0.9820366316740052,5,1.6842105263157894,0.2631578947368421,13C1 O5,de-protonated,1,472,C19 H32 O5 13C1,19,32,5,-9999,-9999,-9999,1,-9999,-9999
474,352.220933,352.22095424525133,352.2210525119591,5206064.5,-9999,456866.3,73.56,-1,-0.2789915794801436,0.9859759712157904,0.9847393637965935,0.9854813282481116,5,1.6842105263157894,0.2631578947368421,13C1 O5,de-protonated,1,471,C19 H32 O5 13C1,19,32,5,-9999,-9999,-9999,1,-9999,-9999
475,353.087693,353.08771360694504,353.0878057039491,1627608.8,-9999,410879.6,21.73,-1,-0.2608331484139849,0.9877312153758576,0,0.5926387292255146,8,1.125,0.5625,O9,de-protonated,0,-9999,C16 H18 O9,16,18,9,-9999,-9999,-9999,-9999,-9999,-9999
475,353.087693,353.08771360694504,353.0876435126191,1627608.8,-9999,410879.6,21.73,-1,0.19851820716730845,0.9928747080082508,0,0.5957248248049504,3,2.090909090909091,0.2727272727272727,N4 S2 P1 O3,de-protonated,0,-9999,C11 H23 O3 N4 P1 S2,11,23,3,4,1,2,-9999,-9999,-9999
476,353.088285,353.0883056065091,353.0882949612991,1188312.8,-9999,380399.4,15.37,-1,0.03014886124284788,0.9998350851208132,0,0.5999010510724879,12,1,0.05263157894736842,N2 S1 P1 O1,de-protonated,0,-9999,C19 H19 O1 N2 P1 S1,19,19,1,2,1,1,-9999,-9999,-9999
477,353.124148,353.12416858009857,353.12419121329907,3005663.8,-9999,398868.1,41.69,-1,-0.06409416591813348,0.9992548752712168,0,0.5995529251627302,7,1.2941176470588236,0.4705882352941176,O8,de-protonated,0,-9999,C17 H22 O8,17,22,8,-9999,-9999,-9999,-9999,-9999,-9999
477,353.124148,353.12416858009857,353.1240290219691,3005663.8,-9999,398868.1,41.69,-1,0.3952099489706123,0.9720571943761644,0,0.5832343166256987,2,2.25,0.16666666666666666,N4 S2 P1 O2,de-protonated,0,-9999,C12 H27 O2 N4 P1 S2,12,27,2,4,1,2,-9999,-9999,-9999
478,353.160465,353.1604855533537,353.16057672264907,2786023,-9999,424648.7,38.51,-1,-0.25815252719833076,0.9879805819535288,0,0.5927883491721173,6,1.4444444444444444,0.3888888888888889,O7,de-protonated,0,-9999,C18 H26 O7,18,26,7,-9999,-9999,-9999,-9999,-9999,-9999
478,353.160465,353.1604855533537,353.1604145313191,2786023,-9999,424648.7,38.51,-1,0.20110417725577515,0.992688550368871,0,0.5956131302213226,1,2.3846153846153846,0.07692307692307693,N4 S2 P1 O1,de-protonated,0,-9999,C13 H31 O1 N4 P1 S2,13,31,1,4,1,2,-9999,-9999,-9999
480,353.196778,353.1967985266118,353.19696223199907,1773294,-9999,442850.7,23.84,-1,-0.46349602277689167,0.9617695975751464,0,0.5770617585450878,5,1.5789473684210529,0.3157894736842105,O6,de-protonated,0,-9999,C19 H30 O6,19,30,6,-9999,-9999,-9999,-9999,-9999,-9999
482,353.200241,353.20026152406155,353.2003335353191,2619630.8,-9999,386818.5,36.1,-1,-0.20388219009548328,0.9924859234380602,0,0.595491554062836,0,2.125,0.375,S1 O6,de-protonated,0,-9999,C16 H34 O6 S1,16,34,6,-9999,-9999,1,-9999,-9999,-9999
482,353.200241,353.20026152406155,353.19995341279906,2619630.8,-9999,386818.5,36.1,-1,0.8723423078258102,0.8710298591405944,0,0.5226179154843567,5,1.7222222222222223,0.16666666666666666,N2 P1 O3,de-protonated,0,-9999,C18 H31 O3 N2 P1,18,31,3,2,1,-9999,-9999,-9999,-9999
484,353.232276,353.2322965004701,353.2323161701491,2463477,-9999,487768.5,33.84,-1,-0.0556848229245183,0.9994375222534112,0,0.5996625133520467,0,2.5,0.2857142857142857,N4 P1 O4,de-protonated,0,-9999,C14 H35 O4 N4 P1,14,35,4,4,1,-9999,-9999,-9999,-9999
485,353.233286,353.2333064997263,353.23334774134906,7024885,-9999,374084.3,99.9,-1,-0.11675461278731356,0.9973148185121176,0.9761804540224996,0.9888610727162704,4,1.7,0.25,O5,de-protonated,0,-9999,C20 H34 O5,20,34,5,-9999,-9999,-9999,-9999,-9999,-9999
486,354.236638,354.2366577608299,354.2367025764191,1774521.9,-9999,459704.2,23.86,-1,-0.1265131162950872,0.9971000236833326,0.9761804540224996,0.9887321958189994,4,1.7894736842105263,0.2631578947368421,13C1 O5,de-protonated,1,485,C19 H34 O5 13C1,19,34,5,-9999,-9999,-9999,1,-9999,-9999
487,355.066973,355.06699214934804,355.0670702590591,1060062,-9999,431314.5,13.51,-1,-0.2199857931402355,0.991257458012686,0,0.5947544748076116,8,1.0666666666666669,0.6666666666666666,O10,de-protonated,0,-9999,C15 H16 O10,15,16,10,-9999,-9999,-9999,-9999,-9999,-9999
487,355.066973,355.06699214934804,355.06690806772906,1060062,-9999,431314.5,13.51,-1,0.23680499947713315,0.9898765636449566,0,0.5939259381869739,3,2.1,0.4,N4 S2 P1 O4,de-protonated,0,-9999,C10 H21 O4 N4 P1 S2,10,21,4,4,1,2,-9999,-9999,-9999
488,355.103365,355.10338412254794,355.1034557684091,2120293.3,-9999,434461.3,28.86,-1,-0.20176052923537577,0.992640923454657,0,0.5955845540727942,7,1.25,0.5625,O9,de-protonated,0,-9999,C16 H20 O9,16,20,9,-9999,-9999,-9999,-9999,-9999,-9999
488,355.103365,355.10338412254794,355.1032935770791,2120293.3,-9999,434461.3,28.86,-1,0.25498346667010663,0.988272142882042,0,0.5929632857292252,2,2.272727272727273,0.2727272727272727,N4 S2 P1 O3,de-protonated,0,-9999,C11 H25 O3 N4 P1 S2,11,25,3,4,1,2,-9999,-9999,-9999
489,355.139695,355.1397140957935,355.1398412777591,3338348.5,-9999,463192.4,46.5,-1,-0.3581179884624302,0.976998149801406,0,0.5861988898808435,6,1.411764705882353,0.4705882352941176,O8,de-protonated,0,-9999,C17 H24 O8,17,24,8,-9999,-9999,-9999,-9999,-9999,-9999
489,355.139695,355.1397140957935,355.13967908642906,3338348.5,-9999,463192.4,46.5,-1,0.0985791409088557,0.9982382631075174,0,0.5989429578645105,1,2.4166666666666665,0.16666666666666666,N4 S2 P1 O2,de-protonated,0,-9999,C12 H29 O2 N4 P1 S2,12,29,2,4,1,2,-9999,-9999,-9999
491,355.176159,355.1761780689404,355.1762267871091,3453555.8,-9999,375238.7,48.17,-1,-0.1371661869611773,0.996591942943128,0,0.5979551657658768,5,1.5555555555555556,0.3888888888888889,O7,de-protonated,0,-9999,C18 H28 O7,18,28,7,-9999,-9999,-9999,-9999,-9999,-9999
493,355.212486,355.2125050421882,355.2126122964591,3451515,-9999,408726.4,48.14,-1,-0.30194387024123254,0.983593383958188,0,0.5901560303749128,4,1.6842105263157894,0.3157894736842105,O6,de-protonated,0,-9999,C19 H32 O6,19,32,6,-9999,-9999,-9999,-9999,-9999,-9999
495,356.182652,356.1826703277309,356.1827091485991,1610556.3,-9999,458329.8,21.14,-1,-0.10899144516389432,0.997846867859836,0,0.5987081207159016,5,1.6875,0.375,N3 O6,de-protonated,0,-9999,C16 H27 O6 N3,16,27,6,3,-9999,-9999,-9999,-9999,-9999
498,356.977999,356.97801674201514,356.97807580481907,2741212,-9999,481559.8,37.26,-1,-0.1654521886098641,0.99504526164657,0,0.597027156987942,18,0.35,0.15,S1 P1 O3,de-protonated,0,-9999,C20 H7 O3 P1 S1,20,7,3,-9999,1,1,-9999,-9999,-9999
498,356.977999,356.97801674201514,356.9782725093091,2741212,-9999,481559.8,37.26,-1,-0.7164786028521953,0.9110612439314192,0,0.5466367463588515,10,0.6,0.9,N4 S1 O9,de-protonated,0,-9999,C10 H6 O9 N4 S1,10,6,9,4,-9999,1,-9999,-9999,-9999
500,357.082637,357.08265466495675,357.0827203235191,1102577.1,-9999,438688,13.9,-1,-0.18387493596766663,0.9938840006859526,0,0.5963304004115716,7,1.2,0.6666666666666666,O10,de-protonated,0,-9999,C15 H18 O10,15,18,10,-9999,-9999,-9999,-9999,-9999,-9999
500,357.082637,357.08265466495675,357.08255813218904,1102577.1,-9999,438688,13.9,-1,0.2703373926145723,0.9868268471854368,0,0.5920961083112621,2,2.3,0.4,N4 S2 P1 O4,de-protonated,0,-9999,C10 H23 O4 N4 P1 S2,10,23,4,4,1,2,-9999,-9999,-9999
501,357.119016,357.11903363816623,357.1191058328691,1948152.5,-9999,465783.8,25.95,-1,-0.20215861227582785,0.9926119628397352,0,0.5955671777038412,6,1.375,0.5625,O9,de-protonated,0,-9999,C16 H22 O9,16,22,9,-9999,-9999,-9999,-9999,-9999,-9999
501,357.119016,357.11903363816623,357.11894364153903,1948152.5,-9999,465783.8,25.95,-1,0.25200743001251213,0.988542743179976,0,0.5931256459079856,1,2.4545454545454546,0.2727272727272727,N4 S2 P1 O3,de-protonated,0,-9999,C11 H27 O3 N4 P1 S2,11,27,3,4,1,2,-9999,-9999,-9999
502,357.155419,357.1554366113581,357.1554913422191,2804223.8,-9999,444093.1,38.16,-1,-0.15324098977057565,0.99574814147204,0,0.597448884883224,5,1.5294117647058822,0.4705882352941176,O8,de-protonated,0,-9999,C17 H26 O8,17,26,8,-9999,-9999,-9999,-9999,-9999,-9999
503,357.191774,357.19179158458525,357.1918768515691,3924999.3,-9999,462897.2,54.14,-1,-0.23871478988411193,0.4948567319293658,0.8370420509349343,0.6317308595315932,4,1.6666666666666667,0.3888888888888889,O7,de-protonated,0,-9999,C18 H30 O7,18,30,7,-9999,-9999,-9999,-9999,-9999,-9999
505,357.214274,357.2142915680156,357.2143436301491,1886219.6,-9999,408830,25.07,-1,-0.14574480114129174,0.996153167281986,0,0.5976919003691915,4,1.875,0.3125,N4 O5,de-protonated,0,-9999,C16 H30 O5 N4,16,30,5,4,-9999,-9999,-9999,-9999,-9999
506,357.228131,357.2281485578109,357.2282623609191,1301006.5,-9999,491825.8,16.72,-1,-0.31857252110301787,0.9817535729654971,0,0.5890521437792984,3,1.7894736842105263,0.3157894736842105,O6,de-protonated,0,-9999,C19 H34 O6,19,34,6,-9999,-9999,-9999,-9999,-9999,-9999
508,358.186883,358.1868998517592,358.18712582376907,1319120.8,-9999,448166.5,16.98,-1,-0.6308769733807369,0.9303284143264328,0,0.5581970485958597,4,1.7058823529411764,0.4117647058823529,N1 O7,de-protonated,0,-9999,C17 H29 O7 N1,17,29,7,1,-9999,-9999,-9999,-9999,-9999
509,358.19728,358.19729684410254,358.1975110598891,2789586.8,-9999,448106.9,37.95,-1,-0.5980381771405792,0.9371658032668012,0,0.5622994819600806,3,1.8888888888888888,0.1111111111111111,N1 S1 P1 O2,de-protonated,0,-9999,C18 H34 O2 N1 P1 S1,18,34,2,1,1,1,-9999,-9999,-9999
510,358.198268,358.19828484337495,358.19835921305906,8668371,-9999,407224.4,121.76,-1,-0.2076215097062508,0.976886636372016,0.9637581374802062,0.9716352368152922,4,1.8125,0.375,N3 O6,de-protonated,0,-9999,C16 H29 O6 N3,16,29,6,3,-9999,-9999,-9999,-9999,-9999
511,358.19891,358.1989268429022,358.1992285929291,6388947,-9999,527785.2,89.26,-1,-0.8424083660866777,0.4395900998880455,0.8446892076502734,0.6016297429929367,3,1.9411764705882353,0.0588235294117647,N3 S2 O1,de-protonated,0,-9999,C17 H33 O1 N3 S2,17,33,1,3,-9999,2,-9999,-9999,-9999
515,359.134705,359.13472115375663,359.13475589732906,1542802.3,-9999,438016.5,20.17,-1,-0.09674243959243745,0.9983032447887072,0,0.5989819468732243,5,1.5,0.5625,O9,de-protonated,0,-9999,C16 H24 O9,16,24,9,-9999,-9999,-9999,-9999,-9999,-9999
516,359.135282,359.1352981533317,359.1356252771991,1045778.4,-9999,371311,13.08,-1,-0.9108644322181004,0.8602405152964234,0,0.516144309177854,4,1.6470588235294117,0.2352941176470588,S2 O4,de-protonated,0,-9999,C17 H28 O4 S2,17,28,4,-9999,-9999,2,-9999,-9999,-9999
516,359.135282,359.1352981533317,359.1352451546791,1045778.4,-9999,371311,13.08,-1,0.14757296388620272,0.9960562475862532,0,0.597633748551752,9,1.3157894736842106,0.05263157894736842,N2 S1 P1 O1,de-protonated,0,-9999,C19 H25 O1 N2 P1 S1,19,25,1,2,1,1,-9999,-9999,-9999
517,359.171096,359.17111212695727,359.17114140667906,2186137.8,-9999,475058.6,29.34,-1,-0.0815202515213397,0.9987949001439186,0,0.5992769400863511,4,1.6470588235294117,0.4705882352941176,O8,de-protonated,0,-9999,C17 H28 O8,17,28,8,-9999,-9999,-9999,-9999,-9999,-9999
518,359.171677,359.17169312652936,359.17201078654904,1632921.8,-9999,769448.1,21.45,-1,-0.8844230901500835,0.8676820572181523,0,0.5206092343308913,3,1.7777777777777777,0.16666666666666666,S2 O3,de-protonated,0,-9999,C18 H32 O3 S2,18,32,3,-9999,-9999,2,-9999,-9999,-9999
519,359.201531,359.2015471045441,359.2016536892591,1085407.9,-9999,480752.6,13.64,-1,-0.2967266824033584,0.9841509763857548,0,0.5904905858314529,12,1.12,0.08,O2,de-protonated,0,-9999,C25 H28 O2,25,28,2,-9999,-9999,-9999,-9999,-9999,-9999
519,359.201531,359.2015471045441,359.20171404812913,1085407.9,-9999,480752.6,13.64,-1,-0.46476277399035854,0.9615644157231584,0.9637581374802062,0.9624419044259774,4,1.9333333333333331,0.4,13C1 N3 O6,de-protonated,1,510,C15 H29 O6 N3 13C1,15,29,6,3,-9999,-9999,1,-9999,-9999
521,359.207422,359.20743810020576,359.2075269160291,2625441,-9999,445569.6,35.6,-1,-0.247254906123624,0.9889684355697054,0,0.5933810613418232,3,1.7777777777777777,0.3888888888888889,O7,de-protonated,0,-9999,C18 H32 O7,18,32,7,-9999,-9999,-9999,-9999,-9999,-9999
522,359.222688,359.2227040889635,359.2227830573191,1434788.3,-9999,588497.5,18.63,-1,-0.2198311446416655,0.991269691791789,0,0.5947618150750734,7,1.4545454545454546,0.18181818181818185,O4,de-protonated,0,-9999,C22 H32 O4,22,32,4,-9999,-9999,-9999,-9999,-9999,-9999
524,359.243656,359.243672073522,359.2439124253791,1023400.6,-9999,539616.9,12.76,-1,-0.6690492135679185,0.9219896289444418,0,0.5531937773666651,2,1.894736842105263,0.3157894736842105,O6,de-protonated,0,-9999,C19 H36 O6,19,36,6,-9999,-9999,-9999,-9999,-9999,-9999
525,360.177579,360.17759438575507,360.1776237681691,1625192.8,-9999,415947,21.34,-1,-0.08157756642339427,0.9987932060188012,0,0.5992759236112807,4,1.8,0.4666666666666667,N3 O7,de-protonated,0,-9999,C15 H27 O7 N3,15,27,7,3,-9999,-9999,-9999,-9999,-9999
526,361.129361,361.12937568483625,361.12927659372906,975406,-9999,483902.6,12.07,-1,0.2743923398366978,0.9864314131536112,0,0.5918588478921667,9,1.1578947368421053,0.3684210526315789,O7,de-protonated,0,-9999,C19 H22 O7,19,22,7,-9999,-9999,-9999,-9999,-9999,-9999
526,361.129361,361.12937568483625,361.12911440239907,975406,-9999,483902.6,12.07,-1,0.7235152934480568,0.9093877223181552,0,0.5456326333908932,4,1.9285714285714288,0.07142857142857142,N4 S2 P1 O1,de-protonated,0,-9999,C14 H27 O1 N4 P1 S2,14,27,1,4,1,2,-9999,-9999,-9999
527,361.142301,361.14231567530686,361.1421637532991,1114928.8,-9999,561410.4,14.06,-1,0.4206709241452601,0.9684001586236488,0,0.5810400951741892,4,1.6875,0.4375,P1 O7,de-protonated,0,-9999,C16 H27 O7 P1,16,27,7,-9999,1,-9999,-9999,-9999,-9999
528,361.150761,361.15077566907667,361.1508952191391,1455666.5,-9999,463021.6,18.92,-1,-0.33102524185550225,0.9803136263143688,0,0.5881881757886214,8,1.4210526315789471,0.05263157894736842,N2 S1 P1 O1,de-protonated,0,-9999,C19 H27 O1 N2 P1 S1,19,27,1,2,1,1,-9999,-9999,-9999
529,361.165606,361.16562065814446,361.16566210307906,1440821.5,-9999,432794.9,18.71,-1,-0.11475325299202584,0.9976134798959158,0,0.5985680879375495,8,1.3,0.3,O6,de-protonated,0,-9999,C20 H26 O6,20,26,6,-9999,-9999,-9999,-9999,-9999,-9999
530,361.186707,361.18672164260505,361.1867914711391,1129785.9,-9999,504665,14.27,-1,-0.1933308074563869,0.9932409742066032,0,0.5959445845239619,3,1.7647058823529411,0.4705882352941176,O8,de-protonated,0,-9999,C17 H30 O8,17,30,8,-9999,-9999,-9999,-9999,-9999,-9999
531,361.238233,361.2382476046599,361.23843312177905,1107780.6,-9999,505850.5,13.96,-1,-0.5135586420707954,0.953271309125173,0,0.5719627854751038,6,1.5454545454545454,0.18181818181818185,O4,de-protonated,0,-9999,C22 H34 O4,22,34,4,-9999,-9999,-9999,-9999,-9999,-9999
532,362.145419,362.1454329365828,362.1456549339891,1319682.1,-9999,442779.2,16.98,-1,-0.6130058535150558,0.9340884980682564,0,0.5604530988409537,4,1.6666666666666667,0.6,N1 O9,de-protonated,0,-9999,C15 H25 O9 N1,15,25,9,1,-9999,-9999,-9999,-9999,-9999
533,362.14602,362.1460339361402,362.1461441913391,980994.3,-9999,392982.9,12.15,-1,-0.3044494623095499,0.9833222559731316,0,0.5899933535838789,8,1.4444444444444444,0.05555555555555555,N3 S1 P1 O1,de-protonated,0,-9999,C18 H26 O1 N3 P1 S1,18,26,1,3,1,1,-9999,-9999,-9999
534,362.969684,362.969697329571,362.96936159555906,2065071.4,-9999,417793.5,27.16,-1,0.9249651552861098,0.856209375014668,0,0.5137256250088008,8,0.9,0.9,N2 S1 P1 O9,de-protonated,0,-9999,C10 H9 O9 N2 P1 S1,10,9,9,2,1,1,-9999,-9999,-9999
535,362.984881,362.9848943183795,362.9849978593691,1388722.5,-9999,493845.9,17.67,-1,-0.2852486748827833,0.9853445518402054,0,0.5912067311041233,7,1,0.75,S2 O9,de-protonated,0,-9999,C12 H12 O9 S2,12,12,9,-9999,-9999,2,-9999,-9999,-9999
535,362.984881,362.9848943183795,362.9846177368491,1388722.5,-9999,493845.9,17.67,-1,0.7619648791468144,0.900011822758045,0,0.540007093654827,12,0.6428571428571429,0.42857142857142855,N2 S1 P1 O6,de-protonated,0,-9999,C14 H9 O6 N2 P1 S1,14,9,6,2,1,1,-9999,-9999,-9999
537,363.108754,363.108767227156,363.10854114883904,1118156.6,-9999,326235,13.87,-1,0.622619110562313,0.9320774097436164,0,0.5592464458461698,9,1.1111111111111112,0.4444444444444444,O8,de-protonated,0,-9999,C18 H20 O8,18,20,8,-9999,-9999,-9999,-9999,-9999,-9999
538,363.145173,363.145186200336,363.1449266581891,1471188.4,-9999,313524.4,18.83,-1,0.714706795739476,0.911480533110773,0,0.5468883198664638,8,1.263157894736842,0.3684210526315789,O7,de-protonated,0,-9999,C19 H24 O7,19,24,7,-9999,-9999,-9999,-9999,-9999,-9999
539,363.157947,363.15796019092886,363.15781381775906,2651095,-9999,366921.7,35.38,-1,0.403056644326002,0.9709530302873308,0,0.5825718181723986,3,1.8125,0.4375,P1 O7,de-protonated,0,-9999,C16 H29 O7 P1,16,29,7,-9999,1,-9999,-9999,-9999,-9999
540,363.180236,363.18024917451464,363.18028059633906,1132763.8,-9999,540984.6,14.08,-1,-0.08651853114236188,0.9986426957721788,0,0.5991856174633073,3,2.0714285714285716,0.35714285714285715,N4 P1 O5,de-protonated,0,-9999,C14 H29 O5 N4 P1,14,29,5,4,1,-9999,-9999,-9999,-9999
541,363.181219,363.1812321737907,363.1813121675391,4409564,-9999,412626.4,60.05,-1,-0.2202584374507724,0.992223134523063,0.9825167872772296,0.9883405956247296,7,1.4,0.3,O6,de-protonated,0,-9999,C20 H28 O6,20,28,6,-9999,-9999,-9999,-9999,-9999,-9999
542,363.194229,363.1942421642098,363.19419932710906,1076446.8,-9999,317253.6,13.29,-1,0.1179454430426275,0.9974790271863468,0,0.598487416311808,2,1.9411764705882353,0.35294117647058826,P1 O6,de-protonated,0,-9999,C17 H33 O6 P1,17,33,6,-9999,1,-9999,-9999,-9999,-9999
543,363.217594,363.2176071470032,363.2176976768891,1120483.6,-9999,542240.7,13.91,-1,-0.2492441487849253,0.9887912193225514,0,0.5932747315935308,6,1.5238095238095235,0.23809523809523808,O5,de-protonated,0,-9999,C21 H32 O5,21,32,5,-9999,-9999,-9999,-9999,-9999,-9999
544,364.184584,364.1845964348847,364.1846670026091,1070384.5,-9999,356839.5,13.2,-1,-0.1937690703989151,0.993210399693081,0.9825167872772296,0.9889329547267404,7,1.4736842105263157,0.3157894736842105,13C1 O6,de-protonated,1,541,C19 H28 O6 13C1,19,28,6,-9999,-9999,-9999,1,-9999,-9999
545,364.187719,364.1877314325761,364.1877945290291,1606833.1,-9999,396238.1,20.73,-1,-0.17325251958598836,0.9945683621822062,0,0.5967410173093237,7,1.5,0.2777777777777778,N3 O5,de-protonated,0,-9999,C18 H27 O5 N3,18,27,5,3,-9999,-9999,-9999,-9999,-9999
546,365.060379,365.0603907899249,365.0601516604391,3336811.3,-9999,332683.5,45,-1,0.655041325978958,0.9250977734320048,0,0.5550586640592029,14,0.7368421052631579,0.21052631578947367,N2 S1 O4,de-protonated,0,-9999,C19 H14 O4 N2 S1,19,14,4,2,-9999,1,-9999,-9999,-9999
547,365.087678,365.0876897698211,365.0878057039491,1397361,-9999,425860.9,17.79,-1,-0.31755135655160144,0.9818692958742792,0,0.5891215775245674,9,1.0588235294117647,0.5294117647058824,O9,de-protonated,0,-9999,C17 H18 O9,17,18,9,-9999,-9999,-9999,-9999,-9999,-9999
547,365.087678,365.0876897698211,365.0876435126191,1397361,-9999,425860.9,17.79,-1,0.12670163685796149,0.9970913871708053,0,0.5982548323024831,4,1.9166666666666667,0.25,N4 S2 P1 O3,de-protonated,0,-9999,C12 H23 O3 N4 P1 S2,12,23,3,4,1,2,-9999,-9999,-9999
548,365.100885,365.1008967600951,365.1005599217891,1103923.9,-9999,374220.9,13.67,-1,0.9225904941641304,0.8568912517200589,0,0.5141347510320353,17,0.72,0.04,S1 O1,de-protonated,0,-9999,C25 H18 O1 S1,25,18,1,-9999,-9999,1,-9999,-9999,-9999
548,365.100885,365.1008967600951,365.1006928635191,1103923.9,-9999,374220.9,13.67,-1,0.5584666915078694,0.944980362818554,0,0.5669882176911324,4,1.6428571428571428,0.6428571428571429,P1 O9,de-protonated,0,-9999,C14 H23 O9 P1,14,23,9,-9999,1,-9999,-9999,-9999,-9999
549,365.124099,365.1241107429997,365.124191213299,1998968.9,-9999,514406.9,26.23,-1,-0.2203915854690933,0.9912253168124892,0,0.5947351900874935,8,1.2222222222222223,0.4444444444444444,O8,de-protonated,0,-9999,C18 H22 O8,18,22,8,-9999,-9999,-9999,-9999,-9999,-9999
549,365.124099,365.1241107429997,365.1240290219691,1998968.9,-9999,514406.9,26.23,-1,0.2238171801940345,0.9909516706481192,0,0.5945710023888715,3,2.076923076923077,0.15384615384615383,N4 S2 P1 O2,de-protonated,0,-9999,C13 H27 O2 N4 P1 S2,13,27,2,4,1,2,-9999,-9999,-9999
551,365.137327,365.1373387332582,365.1370783728691,1094779.6,-9999,406836.8,13.54,-1,0.7130483441464616,0.9118722308435198,0,0.5471233385061118,3,1.8,0.5333333333333333,P1 O8,de-protonated,0,-9999,C15 H27 O8 P1,15,27,8,-9999,1,-9999,-9999,-9999,-9999
552,365.160439,365.1604507162379,365.16057672264907,2398848.5,-9999,487708.7,31.84,-1,-0.345071234950115,0.9786258850280252,0,0.5871755310168152,7,1.368421052631579,0.3684210526315789,O7,de-protonated,0,-9999,C19 H26 O7,19,26,7,-9999,-9999,-9999,-9999,-9999,-9999
552,365.160439,365.1604507162379,365.1604145313191,2398848.5,-9999,487708.7,31.84,-1,0.0990932132472893,0.9982198573283442,0,0.5989319143970064,2,2.2142857142857144,0.07142857142857142,N4 S2 P1 O1,de-protonated,0,-9999,C14 H31 O1 N4 P1 S2,14,31,1,4,1,2,-9999,-9999,-9999
554,365.196893,365.1969046893921,365.19696223199907,9448072,-9999,400656.1,130.74,-1,-0.1575659518125051,0.9977080825190452,0.9807109363036266,0.9909092240328776,6,1.5,0.3,O6,de-protonated,0,-9999,C20 H30 O6,20,30,6,-9999,-9999,-9999,-9999,-9999,-9999
555,365.210054,365.2100656797001,365.2098493915691,1406859.3,-9999,317841.1,17.92,-1,0.5922297312562637,0.9383421825435,0,0.5630053095261001,1,2.0588235294117645,0.35294117647058826,P1 O6,de-protonated,0,-9999,C17 H35 O6 P1,17,35,6,-9999,1,-9999,-9999,-9999,-9999
556,365.23321,365.2332216626473,365.23334774134906,1089168.3,-9999,383934.9,13.46,-1,-0.34520041108623895,0.9786100518046736,0,0.5871660310828041,5,1.619047619047619,0.23809523809523808,O5,de-protonated,0,-9999,C21 H34 O5,21,34,5,-9999,-9999,-9999,-9999,-9999,-9999
557,366.200298,366.20030895045664,366.2003170670691,1780319.9,-9999,367773.2,23.16,-1,-0.02216440580830775,0.9999108653305412,0.9807109363036266,0.9922308937197752,6,1.5789473684210529,0.3157894736842105,13C1 O6,de-protonated,1,554,C19 H30 O6 13C1,19,30,6,-9999,-9999,-9999,1,-9999,-9999
558,367.067061,367.06707131214824,367.0670702590591,1004827.3,-9999,543367.9,12.27,-1,0.00286892838180975,0.9999985065423296,0,0.5999991039253977,9,1,0.625,O10,de-protonated,0,-9999,C16 H16 O10,16,16,10,-9999,-9999,-9999,-9999,-9999,-9999
558,367.067061,367.06707131214824,367.06690806772906,1004827.3,-9999,543367.9,12.27,-1,0.44472660323283014,0.9647490734121192,0,0.5788494440472715,4,1.9090909090909092,0.3636363636363637,N4 S2 P1 O4,de-protonated,0,-9999,C11 H21 O4 N4 P1 S2,11,21,4,4,1,2,-9999,-9999,-9999
559,367.103455,367.10346528534666,367.1034557684091,2042147.1,-9999,347686.3,26.83,-1,0.02592440197210564,0.9998780603787712,0,0.5999268362272626,8,1.1764705882352942,0.5294117647058824,O9,de-protonated,0,-9999,C17 H20 O9,17,20,9,-9999,-9999,-9999,-9999,-9999,-9999
559,367.103455,367.10346528534666,367.1032935770791,2042147.1,-9999,347686.3,26.83,-1,0.4677382920511384,0.961080427472809,0,0.5766482564836853,3,2.0833333333333335,0.25,N4 S2 P1 O3,de-protonated,0,-9999,C12 H25 O3 N4 P1 S2,12,25,3,4,1,2,-9999,-9999,-9999
560,367.112532,367.1125422786621,367.11283868292907,2653221,-9999,376093.8,35.4,-1,-0.8073928115381712,0.4442221418698246,0.7675537279851021,0.5735547763159357,21,0.5714285714285714,0.03571428571428571,O1,de-protonated,0,-9999,C28 H16 O1,28,16,1,-9999,-9999,-9999,-9999,-9999,-9999
560,367.112532,367.1125422786621,367.1121872342491,2653221,-9999,376093.8,35.4,-1,0.9671278299010128,0.8439048464684542,0,0.5063429078810725,12,1,0.15,N2 S1 O3,de-protonated,0,-9999,C20 H20 O3 N2 S1,20,20,3,2,-9999,1,-9999,-9999,-9999
561,367.139753,367.1397632586158,367.1398412777591,3133483,-9999,417208.3,42.14,-1,-0.21250524876507187,0.991839531871592,0,0.5951037191229552,7,1.3333333333333333,0.4444444444444444,O8,de-protonated,0,-9999,C18 H24 O8,18,24,8,-9999,-9999,-9999,-9999,-9999,-9999
561,367.139753,367.1397632586158,367.13967908642906,3133483,-9999,417208.3,42.14,-1,0.22926475001393237,0.9905079714910164,0,0.5943047828946099,2,2.230769230769231,0.15384615384615383,N4 S2 P1 O2,de-protonated,0,-9999,C13 H29 O2 N4 P1 S2,13,29,2,4,1,2,-9999,-9999,-9999
562,367.176138,367.1761482318208,367.1762267871091,2158643,-9999,350179.3,28.46,-1,-0.2139443747661017,0.9917290890186864,0,0.5950374534112117,6,1.4736842105263157,0.3684210526315789,O7,de-protonated,0,-9999,C19 H28 O7,19,28,7,-9999,-9999,-9999,-9999,-9999,-9999
562,367.176138,367.1761482318208,367.1760645957791,2158643,-9999,350179.3,28.46,-1,0.22778184578706415,0.9906297896661994,0,0.5943778737997196,1,2.357142857142857,0.07142857142857142,N4 S2 P1 O1,de-protonated,0,-9999,C14 H33 O1 N4 P1 S2,14,33,1,4,1,2,-9999,-9999,-9999
563,367.211512,367.2115222057705,367.211580725259,3751482.5,-9999,418185.1,50.81,-1,-0.15936177297577636,0.99540249848060125,0,0.5972414990883607,1,2.357142857142857,0.35714285714285715,N4 P1 O5,de-protonated,0,-9999,C14 H33 O5 N4 P1,14,33,5,4,1,-9999,-9999,-9999,-9999
564,367.212597,367.21260720497145,367.2126122964591,9730107,-9999,263396.9,134.69,-1,-0.01386523087865186,0.9990341573679128,0.9625981342530332,0.9844597481219608,5,1.6,0.3,O6,de-protonated,0,-9999,C20 H32 O6,20,32,6,-9999,-9999,-9999,-9999,-9999,-9999
565,368.12098,368.1209895360128,368.1209748146991,1202176.5,-9999,482561,15.04,-1,0.03999042363693082,0.9997098631925678,0,0.5998259179155406,16,0.8333333333333334,0.04166666666666666,N1 P1 O1,de-protonated,0,-9999,C24 H20 O1 N1 P1,24,20,1,1,1,-9999,-9999,-9999,-9999
565,368.12098,368.1209895360128,368.1207034885391,1202176.5,-9999,482561,15.04,-1,0.7770480470043593,0.8962289427075165,0,0.5377373656245099,2,1.9285714285714288,0.42857142857142855,N1 S2 O6,de-protonated,0,-9999,C14 H27 O6 N1 S2,14,27,6,1,-9999,2,-9999,-9999,-9999
566,368.21592,368.2159294660964,368.2159671315291,2668821.3,-9999,457079.8,35.61,-1,-0.1022916877335288,0.998103196662514,0.9625981342530332,0.9839011716987216,5,1.6842105263157894,0.3157894736842105,13C1 O6,de-protonated,1,564,C19 H32 O6 13C1,19,32,6,-9999,-9999,-9999,1,-9999,-9999
568,369.082641,369.0826498278189,369.0827203235191,1733842.9,-9999,412289.9,22.49,-1,-0.19100244026827495,0.9934022626093476,0,0.5960413575656085,8,1.125,0.625,O10,de-protonated,0,-9999,C16 H18 O10,16,18,10,-9999,-9999,-9999,-9999,-9999,-9999
568,369.082641,369.0826498278189,369.08255813218904,1733842.9,-9999,412289.9,22.49,-1,0.2484420566218087,0.9888628425743058,0,0.5933177055445834,3,2.090909090909091,0.3636363636363637,N4 S2 P1 O4,de-protonated,0,-9999,C11 H23 O4 N4 P1 S2,11,23,4,4,1,2,-9999,-9999,-9999
569,369.083332,369.08334082730994,369.08358970338907,1133651.1,-9999,774371.9,14.07,-1,-0.6743081677692858,0.9208085131054872,0,0.5524851078632923,7,1.2941176470588236,0.29411764705882354,S2 O5,de-protonated,0,-9999,C17 H22 O5 S2,17,22,5,-9999,-9999,2,-9999,-9999,-9999
569,369.083332,369.08334082730994,369.0832095808691,1133651.1,-9999,774371.9,14.07,-1,0.3556012233483142,0.977316634387812,0,0.5863899806326872,12,1,0.10526315789473684,N2 S1 P1 O2,de-protonated,0,-9999,C19 H19 O2 N2 P1 S1,19,19,2,2,1,1,-9999,-9999,-9999
570,369.110627,369.1106358072092,369.1108636243791,2535129,-9999,363891.8,33.74,-1,-0.6172052690712072,0.9332132990578992,0,0.5599279794347394,7,1.3529411764705883,0.4117647058823529,P1 O7,de-protonated,0,-9999,C17 H23 O7 P1,17,23,7,-9999,1,-9999,-9999,-9999,-9999
571,369.119058,369.1190668010004,369.1191058328691,3433435,-9999,374796.7,46.34,-1,-0.10574329015427449,0.9979731623071776,0,0.5987838973843065,7,1.2941176470588236,0.5294117647058824,O9,de-protonated,0,-9999,C17 H22 O9,17,22,9,-9999,-9999,-9999,-9999,-9999,-9999
571,369.119058,369.1190668010004,369.11894364153903,3433435,-9999,374796.7,46.34,-1,0.3336579264224288,0.9800024092295768,0,0.588001445537746,2,2.25,0.25,N4 S2 P1 O3,de-protonated,0,-9999,C12 H27 O3 N4 P1 S2,12,27,3,4,1,2,-9999,-9999,-9999
572,369.155374,369.1553827742562,369.1554913422191,2806243,-9999,453977.8,37.54,-1,-0.29409819276906324,0.9844283350818116,0,0.590657001049087,6,1.4444444444444444,0.4444444444444444,O8,de-protonated,0,-9999,C18 H26 O8,18,26,8,-9999,-9999,-9999,-9999,-9999,-9999
572,369.155374,369.1553827742562,369.1553291508891,2806243,-9999,453977.8,37.54,-1,0.14525963165754815,0.9961786871599104,0,0.5977072122959461,1,2.3846153846153846,0.15384615384615383,N4 S2 P1 O2,de-protonated,0,-9999,C13 H31 O2 N4 P1 S2,13,31,2,4,1,2,-9999,-9999,-9999
573,369.156001,369.1560097737945,369.156360722089,2394339,-9999,475820.6,31.76,-1,-0.9506765475314352,0.8487498609794224,0,0.5092499165876534,5,1.5789473684210529,0.15789473684210523,S2 O3,de-protonated,0,-9999,C19 H30 O3 S2,19,30,3,-9999,-9999,2,-9999,-9999,-9999
574,369.183817,369.18382575331,369.1836346430791,1758441.1,-9999,457445.7,22.84,-1,0.5176562907119819,0.95254069547946,0,0.571524417287676,5,1.631578947368421,0.2631578947368421,P1 O5,de-protonated,0,-9999,C19 H31 O5 P1,19,31,5,-9999,1,-9999,-9999,-9999,-9999
575,369.191852,369.1918607473928,369.1918768515691,2429547,-9999,344132.3,32.25,-1,-0.0436200720487332,0.9996548152356528,0,0.5997928891413916,5,1.5789473684210529,0.3684210526315789,O7,de-protonated,0,-9999,C19 H30 O7,19,30,7,-9999,-9999,-9999,-9999,-9999,-9999
575,369.191852,369.1918607473928,369.19171466023914,2429547,-9999,344132.3,32.25,-1,0.3956945615665479,0.9719895939714708,0,0.5831937563828825,0,2.5,0.07142857142857142,N4 S2 P1 O1,de-protonated,0,-9999,C14 H35 O1 N4 P1 S2,14,35,1,4,1,2,-9999,-9999,-9999
576,369.227186,369.2271947213719,369.2272307897191,1894130.6,-9999,407230.6,24.74,-1,-0.09768604311292864,0.9982700126324028,0,0.5989620075794417,0,2.5,0.35714285714285715,N4 P1 O5,de-protonated,0,-9999,C14 H35 O5 N4 P1,14,35,5,4,1,-9999,-9999,-9999,-9999
577,369.228185,369.22819372063617,369.2282623609191,7401971,-9999,443153.3,102.02,-1,-0.1859020283706161,0.995141390826,0.9950210783915198,0.995093265852208,4,1.7,0.3,O6,de-protonated,0,-9999,C20 H34 O6,20,34,6,-9999,-9999,-9999,-9999,-9999,-9999
578,370.231558,370.2315659817243,370.2316171959891,1546960,-9999,400230.4,19.87,-1,-0.13833033807336623,0.9965339488120208,0.9950210783915198,0.9959288006438204,4,1.7894736842105263,0.3157894736842105,13C1 O6,de-protonated,1,577,C19 H34 O6 13C1,19,34,6,-9999,-9999,-9999,1,-9999,-9999
579,371.098307,371.0983143434261,371.09837038797906,1484688.3,-9999,391201.3,18.68,-1,-0.1510234412398925,0.995870055656117,0,0.5975220333936702,7,1.25,0.625,O10,de-protonated,0,-9999,C16 H20 O10,16,20,10,-9999,-9999,-9999,-9999,-9999,-9999
579,371.098307,371.0983143434261,371.09820819664907,1484688.3,-9999,391201.3,18.68,-1,0.28603419448644735,0.9852643226338836,0,0.5911585935803301,2,2.272727272727273,0.3636363636363637,N4 S2 P1 O4,de-protonated,0,-9999,C11 H25 O4 N4 P1 S2,11,25,4,4,1,2,-9999,-9999,-9999
580,371.134697,371.1347043166275,371.13475589732906,2235544.3,-9999,417477.5,29.04,-1,-0.13898105923871637,0.9965013199844712,0,0.5979007919906827,6,1.411764705882353,0.5294117647058824,O9,de-protonated,0,-9999,C17 H24 O9,17,24,9,-9999,-9999,-9999,-9999,-9999,-9999
580,371.134697,371.1347043166275,371.13459370599907,2235544.3,-9999,417477.5,29.04,-1,0.29803373323940335,0.9840121667987388,0,0.5904073000792432,1,2.4166666666666665,0.25,N4 S2 P1 O3,de-protonated,0,-9999,C12 H29 O3 N4 P1 S2,12,29,3,4,1,2,-9999,-9999,-9999
581,371.135265,371.1352723162093,371.1356252771991,1656536.4,-9999,301145.9,21.05,-1,-0.9510296662956986,0.8486464488913699,0,0.5091878693348219,5,1.5555555555555556,0.2222222222222222,S2 O4,de-protonated,0,-9999,C18 H28 O4 S2,18,28,4,-9999,-9999,2,-9999,-9999,-9999
581,371.135265,371.1352723162093,371.1352451546791,1656536.4,-9999,301145.9,21.05,-1,0.07318499244592665,0.9990286251025116,0,0.5994171750615069,10,1.25,0.05,N2 S1 P1 O1,de-protonated,0,-9999,C20 H25 O1 N2 P1 S1,20,25,1,2,1,1,-9999,-9999,-9999
582,371.171171,371.17117828976706,371.17114140667906,3231136.5,-9999,325446.8,42.78,-1,0.09936949263045854,0.9982099260476044,0,0.5989259556285627,5,1.5555555555555556,0.4444444444444444,O8,de-protonated,0,-9999,C18 H28 O8,18,28,8,-9999,-9999,-9999,-9999,-9999,-9999
583,371.199506,371.1995132689004,371.19928470753905,1857702.8,-9999,390779.2,23.83,-1,0.6157376124940495,0.933519758812747,0,0.5601118552876482,4,1.736842105263158,0.2631578947368421,P1 O5,de-protonated,0,-9999,C19 H33 O5 P1,19,33,5,-9999,1,-9999,-9999,-9999,-9999
584,371.207403,371.2074102630848,371.2075269160291,2887080.5,-9999,438780.2,38.03,-1,-0.3142526372864829,0.9822406748819716,0,0.5893444049291829,4,1.6842105263157894,0.3684210526315789,O7,de-protonated,0,-9999,C19 H32 O7,19,32,7,-9999,-9999,-9999,-9999,-9999,-9999
585,371.230312,371.230319246214,371.2299936946091,1504493.5,-9999,313399.5,18.95,-1,0.876953937999207,0.8697558079048344,0,0.5218534847429006,4,1.8823529411764703,0.29411764705882354,N4 O5,de-protonated,0,-9999,C17 H32 O5 N4,17,32,5,4,-9999,-9999,-9999,-9999,-9999
586,371.243863,371.2438702362346,371.2439124253791,1597616.5,-9999,508224.8,20.24,-1,-0.1136426567071772,0.9976593965960812,0,0.5985956379576487,3,1.8,0.3,O6,de-protonated,0,-9999,C20 H36 O6,20,36,6,-9999,-9999,-9999,-9999,-9999,-9999
587,371.244654,371.2446612356522,371.2447818052491,1182640.8,-9999,464484.1,14.51,-1,-0.32477115603494194,0.9810434422480576,0,0.5886260653488344,2,1.9047619047619049,0.04761904761904761,S2 O1,de-protonated,0,-9999,C21 H40 O1 S2,21,40,1,-9999,-9999,2,-9999,-9999,-9999
588,372.212845,372.21285152264926,372.21316112434914,1891976.8,-9999,469631.9,24.3,-1,-0.8317860092514195,0.8820217764883118,0,0.5292130658929871,3,1.894736842105263,0.10526315789473684,N1 S1 P1 O2,de-protonated,0,-9999,C19 H36 O2 N1 P1 S1,19,36,2,1,1,1,-9999,-9999,-9999
589,372.214034,372.21404052177365,372.2140092775191,6651785,-9999,261093.4,89.98,-1,0.0839416405052871,0.9981954569690112,0.9790356422184816,0.9905315310687994,4,1.8235294117647056,0.35294117647058826,N3 O6,de-protonated,0,-9999,C17 H31 O6 N3,17,31,6,3,-9999,-9999,-9999,-9999,-9999
590,373.101924,373.1019298679066,373.10162255021913,3719504.3,-9999,380816.9,49.52,-1,0.823683599620396,0.4420855385187311,0.8077896627745539,0.5883671882210603,15,0.8181818181818182,0.09090909090909093,N2 S1 O2,de-protonated,0,-9999,C22 H18 O2 N2 S1,22,18,2,2,-9999,1,-9999,-9999,-9999
590,373.101924,373.1019298679066,373.10175549194906,3719504.3,-9999,380816.9,49.52,-1,0.467368365303382,0.9611407534095172,0,0.5766844520457103,2,2.090909090909091,0.9090909090909092,N2 P1 O10,de-protonated,0,-9999,C11 H23 O10 N2 P1,11,23,10,2,1,-9999,-9999,-9999,-9999
591,373.11403,373.1140358589915,373.1140204524391,1496146.9,-9999,466086.2,18.83,-1,0.04129180772750985,0.9996906754117928,0,0.5998144052470757,6,1.375,0.625,O10,de-protonated,0,-9999,C16 H22 O10,16,22,10,-9999,-9999,-9999,-9999,-9999,-9999
591,373.11403,373.1140358589915,373.11385826110904,1496146.9,-9999,466086.2,18.83,-1,0.47598843760158627,0.9597236310449232,0,0.575834178626954,1,2.4545454545454546,0.3636363636363637,N4 S2 P1 O4,de-protonated,0,-9999,C11 H27 O4 N4 P1 S2,11,27,4,4,1,2,-9999,-9999,-9999
592,373.150351,373.1503568322436,373.1504059617891,2008411.1,-9999,443882.1,25.9,-1,-0.13166150880314836,0.9968595733467834,0,0.59811574400807,5,1.5294117647058822,0.5294117647058824,O9,de-protonated,0,-9999,C17 H26 O9,17,26,9,-9999,-9999,-9999,-9999,-9999,-9999
593,373.151012,373.15101783175686,373.1512753416591,1516379.3,-9999,542430.4,19.11,-1,-0.6900951952438799,0.9172166656657588,0,0.5503299993994551,4,1.6666666666666667,0.2222222222222222,S2 O4,de-protonated,0,-9999,C18 H30 O4 S2,18,30,4,-9999,-9999,2,-9999,-9999,-9999
593,373.151012,373.15101783175686,373.1508952191391,1516379.3,-9999,542430.4,19.11,-1,0.32858722658690426,0.9805997194971998,0,0.5883598316983198,9,1.35,0.05,N2 S1 P1 O1,de-protonated,0,-9999,C20 H27 O1 N2 P1 S1,20,27,1,2,1,1,-9999,-9999,-9999
594,373.172776,373.17278181572925,373.1726760358791,2441568.3,-9999,540727.3,31.88,-1,0.28346086668783427,0.985526351659702,0,0.5913158109958213,13,1.08,0.04,P1 O1,de-protonated,0,-9999,C25 H27 O1 P1,25,27,1,-9999,1,-9999,-9999,-9999,-9999
594,373.172776,373.17278181572925,373.1728727403691,2441568.3,-9999,540727.3,31.88,-1,-0.2436528656742042,0.989285797205254,0,0.5935714783231524,5,1.7333333333333334,0.4666666666666667,N4 O7,de-protonated,0,-9999,C15 H26 O7 N4,15,26,7,4,-9999,-9999,-9999,-9999,-9999
596,373.186714,373.1867198054649,373.1867914711391,2626915.3,-9999,469280.7,34.44,-1,-0.19203700615353916,0.9933308351810508,0,0.5959985011086304,4,1.6666666666666667,0.4444444444444444,O8,de-protonated,0,-9999,C18 H30 O8,18,30,8,-9999,-9999,-9999,-9999,-9999,-9999
598,373.215193,373.2151987844922,373.2149347719991,1411689.6,-9999,341118.2,17.67,-1,0.7074006651966211,0.913200541298096,0,0.5479203247788575,3,1.8421052631578947,0.2631578947368421,P1 O5,de-protonated,0,-9999,C19 H35 O5 P1,19,35,5,-9999,1,-9999,-9999,-9999,-9999
599,373.217316,373.2173217829288,373.2173037537191,1423466.1,-9999,439414.5,17.83,-1,0.04830753961021503,0.9995766576446904,0,0.5997459945868143,12,1.1538461538461535,0.07692307692307693,O2,de-protonated,0,-9999,C26 H30 O2,26,30,2,-9999,-9999,-9999,-9999,-9999,-9999
599,373.217316,373.2173217829288,373.2173641125891,1423466.1,-9999,439414.5,17.83,-1,-0.1134182501032187,0.997668620528974,0.9790356422184816,0.990215429204777,4,1.9375,0.375,13C1 N3 O6,de-protonated,1,589,C16 H31 O6 N3 13C1,16,31,6,3,-9999,-9999,1,-9999,-9999
601,373.223142,373.2231477786383,373.2231769804891,1979499.5,-9999,403165.6,25.5,-1,-0.07824232935607076,0.9988898128778296,0,0.5993338877266977,3,1.7894736842105263,0.3684210526315789,O7,de-protonated,0,-9999,C19 H34 O7,19,34,7,-9999,-9999,-9999,-9999,-9999,-9999
602,373.259468,373.2594737518869,373.2595624898391,1036659.6,-9999,531017.4,12.49,-1,-0.23773792047242756,0.9897970507085444,0,0.5938782304251266,2,1.9,0.3,O6,de-protonated,0,-9999,C20 H38 O6,20,38,6,-9999,-9999,-9999,-9999,-9999,-9999
603,374.156863,374.1568680910201,374.15688832327913,3358782.3,-9999,386143.4,44.53,-1,-0.05407426580665006,0.9994695800056306,0,0.5996817480033784,5,1.6666666666666667,0.5333333333333333,N3 O8,de-protonated,0,-9999,C15 H25 O8 N3,15,25,8,3,-9999,-9999,-9999,-9999,-9999
604,375.099873,375.0998773965612,375.09964749166915,3951380,-9999,304765.7,52.71,-1,0.6129168438781821,0.9341069927246556,0,0.5604641956347933,1,2.272727272727273,0.7272727272727273,N2 S1 P1 O8,de-protonated,0,-9999,C11 H25 O8 N2 P1 S1,11,25,8,2,1,1,-9999,-9999,-9999
605,375.108532,375.10853639018455,375.10854114883904,1255190,-9999,396358.4,15.5,-1,-0.01268607339416967,0.9999707987174524,0,0.5999824792304715,10,1.0526315789473684,0.42105263157894735,O8,de-protonated,0,-9999,C19 H20 O8,19,20,8,-9999,-9999,-9999,-9999,-9999,-9999
605,375.108532,375.10853639018455,375.1083789575091,1255190,-9999,396358.4,15.5,-1,0.4196991703792284,0.9685436638368916,0,0.5811261983021349,5,1.7857142857142858,0.14285714285714285,N4 S2 P1 O2,de-protonated,0,-9999,C14 H25 O2 N4 P1 S2,14,25,2,4,1,2,-9999,-9999,-9999
606,375.129444,375.1294483747843,375.12967051689907,1010458.8,-9999,491204.7,12.12,-1,-0.5921742059083954,0.9383533797268612,0,0.5630120278361167,5,1.5,0.625,O10,de-protonated,0,-9999,C16 H24 O10,16,24,10,-9999,-9999,-9999,-9999,-9999,-9999
607,375.144927,375.1449313633822,375.1449266581891,1210142.4,-9999,539967.2,14.88,-1,0.01254233444280526,0.9999714566867128,0,0.5999828740120277,9,1.2,0.35,O7,de-protonated,0,-9999,C20 H24 O7,20,24,7,-9999,-9999,-9999,-9999,-9999,-9999
607,375.144927,375.1449313633822,375.14476446685904,1210142.4,-9999,539967.2,14.88,-1,0.44488565212978554,0.964724305235146,0,0.5788345831410876,4,1.9333333333333331,0.06666666666666667,N4 S2 P1 O1,de-protonated,0,-9999,C15 H29 O1 N4 P1 S2,15,29,1,4,1,2,-9999,-9999,-9999
608,375.158106,375.1581103536768,375.15781381775906,1518369.4,-9999,360483.4,19.13,-1,0.7904298053596852,0.8928243811584319,0,0.5356946286950591,4,1.7058823529411764,0.4117647058823529,P1 O7,de-protonated,0,-9999,C17 H29 O7 P1,17,29,7,-9999,1,-9999,-9999,-9999,-9999
609,375.158849,375.1588533531296,375.1586831976291,1003041.5,-9999,737079.3,12.02,-1,0.45355607683343385,0.9633616674066902,0,0.578017000444014,3,1.8333333333333333,0.1111111111111111,S2 P1 O2,de-protonated,0,-9999,C18 H33 O2 P1 S2,18,33,2,-9999,1,2,-9999,-9999,-9999
609,375.158849,375.1588533531296,375.1591512282791,1003041.5,-9999,737079.3,12.02,-1,-0.793996757022218,0.8919092853854381,0,0.5351455712312628,9,1.3888888888888888,0.16666666666666666,N4 P1 O3,de-protonated,0,-9999,C18 H25 O3 N4 P1,18,25,3,4,1,-9999,-9999,-9999,-9999
610,375.166319,375.1663233476285,375.1660560262491,1402403.3,-9999,346614.5,17.53,-1,0.7125414869040984,0.9119917937693752,0,0.5471950762616252,4,1.6470588235294117,0.5294117647058824,O9,de-protonated,0,-9999,C17 H28 O9,17,28,9,-9999,-9999,-9999,-9999,-9999,-9999
610,375.166319,375.1663233476285,375.16654528359913,1402403.3,-9999,346614.5,17.53,-1,-0.5915665279984583,0.9384758635222762,0,0.5630855181133657,8,1.45,0.05,N2 S1 P1 O1,de-protonated,0,-9999,C20 H29 O1 N2 P1 S1,20,29,1,2,1,1,-9999,-9999,-9999
611,375.202453,375.20245732101847,375.2024415355991,1352747.4,-9999,398861.9,16.85,-1,0.04207173942077056,0.99967888172304,0,0.5998073290338239,3,1.7777777777777777,0.4444444444444444,O8,de-protonated,0,-9999,C18 H32 O8,18,32,8,-9999,-9999,-9999,-9999,-9999,-9999
612,375.217703,375.2177073097879,375.2176976768891,1226414.9,-9999,430803.2,15.1,-1,0.02567282638566155,0.9998804154076972,0,0.5999282492446184,7,1.4545454545454546,0.2272727272727273,O5,de-protonated,0,-9999,C22 H32 O5,22,32,5,-9999,-9999,-9999,-9999,-9999,-9999
613,375.217969,375.217973309592,375.2176976768891,1211759,-9999,294686.2,14.9,-1,0.7345940893618401,0.9067260827257724,0,0.5440356496354634,7,1.4545454545454546,0.2272727272727273,O5,de-protonated,0,-9999,C22 H32 O5,22,32,5,-9999,-9999,-9999,-9999,-9999,-9999
614,376.252603,376.25260654765873,376.2527034617591,1013531.1,-9999,525648.8,12.16,-1,-0.25757715353609323,0.9880337788178132,0,0.5928202672906879,1,2.0526315789473686,0.21052631578947367,N1 S1 O4,de-protonated,0,-9999,C19 H39 O4 N1 S1,19,39,4,1,-9999,1,-9999,-9999,-9999
614,376.252603,376.25260654765873,376.2523233392391,1013531.1,-9999,525648.8,12.16,-1,0.7527087596150056,0.9023042870749924,0,0.5413825722449954,6,1.7142857142857142,0.04761904761904761,N3 P1 O1,de-protonated,0,-9999,C21 H36 O1 N3 P1,21,36,1,3,1,-9999,-9999,-9999,-9999
616,376.974105,376.97410801632446,376.9737782707291,1298880.5,-9999,317724.8,16.1,-1,0.8747175914418167,0.8703742475168434,0,0.522224548510106,8,0.9166666666666666,0.8333333333333334,S1 P1 O10,de-protonated,0,-9999,C12 H11 O10 P1 S1,12,11,10,-9999,1,1,-9999,-9999,-9999
618,376.985223,376.98522600813686,376.9850116600191,40453316,-9999,310821.8,556.42,-1,0.5685852517626019,0.6307162275844567,0.9403911535023296,0.7545861979516058,8,1,0.8181818181818182,N2 S1 P1 O9,de-protonated,0,-9999,C11 H11 O9 N2 P1 S1,11,11,9,2,1,1,-9999,-9999,-9999
619,377.060526,377.0605289526816,377.0608031091191,2298580.5,-9999,423474,29.89,-1,-0.7270881385585086,0.908532928026423,0,0.5451197568158538,24,0.35714285714285715,0.07142857142857142,O2,de-protonated,0,-9999,C28 H10 O2,28,10,2,-9999,-9999,-9999,-9999,-9999,-9999
620,377.087892,377.08789493252857,377.0878057039491,1093082.8,-9999,315325.9,13.26,-1,0.23662547064067885,0.9898918297638766,0,0.5939350978583259,10,1,0.5,O9,de-protonated,0,-9999,C18 H18 O9,18,18,9,-9999,-9999,-9999,-9999,-9999,-9999
620,377.087892,377.08789493252857,377.0876435126191,1093082.8,-9999,315325.9,13.26,-1,0.666741310181768,0.9225055191955576,0,0.5535033115173346,5,1.7692307692307692,0.2307692307692308,N4 S2 P1 O3,de-protonated,0,-9999,C13 H23 O3 N4 P1 S2,13,23,3,4,1,2,-9999,-9999,-9999
621,377.124197,377.1241999057925,377.124191213299,1524963,-9999,303313.7,19.22,-1,0.02304941887758249,0.9999036053665048,0,0.5999421632199028,9,1.1578947368421053,0.42105263157894735,O8,de-protonated,0,-9999,C19 H22 O8,19,22,8,-9999,-9999,-9999,-9999,-9999,-9999
621,377.124197,377.1241999057925,377.1240290219691,1524963,-9999,303313.7,19.22,-1,0.45312366832395984,0.9634302015176162,0,0.5780581209105696,4,1.9285714285714288,0.14285714285714285,N4 S2 P1 O2,de-protonated,0,-9999,C14 H27 O2 N4 P1 S2,14,27,2,4,1,2,-9999,-9999,-9999
622,377.160561,377.160563879013,377.16057672264907,1956587.4,-9999,343878.1,25.17,-1,-0.03405349564506243,0.9997896068785072,0,0.5998737641271044,8,1.3,0.35,O7,de-protonated,0,-9999,C20 H26 O7,20,26,7,-9999,-9999,-9999,-9999,-9999,-9999
622,377.160561,377.160563879013,377.1604145313191,1956587.4,-9999,343878.1,25.17,-1,0.3959792390197557,0.9719498468292784,0,0.5831699080975671,3,2.066666666666667,0.06666666666666667,N4 S2 P1 O1,de-protonated,0,-9999,C15 H31 O1 N4 P1 S2,15,31,1,4,1,2,-9999,-9999,-9999
623,377.172483,377.17248587023334,377.17267949180905,5435630,-9999,390235.9,73.18,-1,-0.5133499487953581,0.956474749599334,0.9918285869251772,0.9706162845296712,7,1.5,0.05,N2 S2 O1,de-protonated,0,-9999,C20 H30 O1 N2 S2,20,30,1,2,-9999,2,-9999,-9999,-9999
624,377.173572,377.1735748694314,377.1734638822191,25445614,-9999,508201.9,349.32,-1,0.29426039451106956,0.9719785125936394,0.9906439307274552,0.9794446798471655,3,1.8235294117647056,0.4117647058823529,P1 O7,de-protonated,0,-9999,C17 H31 O7 P1,17,31,7,-9999,1,-9999,-9999,-9999,-9999
625,377.174054,377.1740568690765,377.17433326208914,20233454,-9999,379158.5,277.39,-1,-0.7327991018486107,0.3023865117888081,0.7787153953035453,0.49291806519470294,2,1.9444444444444444,0.1111111111111111,S2 P1 O2,de-protonated,0,-9999,C18 H35 O2 P1 S2,18,35,2,-9999,1,2,-9999,-9999,-9999
626,377.181536,377.18153886356646,377.1817060907091,1095152.3,-9999,316691.9,13.29,-1,-0.44335963261124256,0.9649616083594836,0,0.5789769650156902,3,1.7647058823529411,0.5294117647058824,O9,de-protonated,0,-9999,C17 H30 O9,17,30,9,-9999,-9999,-9999,-9999,-9999,-9999
627,377.196854,377.19685685228586,377.19696223199907,1131251.8,-9999,436112.9,13.78,-1,-0.2793758268382914,0.9859375878853148,0,0.5915625527311889,7,1.4285714285714286,0.2857142857142857,O6,de-protonated,0,-9999,C21 H30 O6,21,30,6,-9999,-9999,-9999,-9999,-9999,-9999
628,377.233254,377.2332568254799,377.23334774134906,2547964.3,-9999,448690.3,33.34,-1,-0.24100697810547117,0.9895160127014504,0,0.5937096076208702,6,1.5454545454545454,0.2272727272727273,O5,de-protonated,0,-9999,C22 H34 O5,22,34,5,-9999,-9999,-9999,-9999,-9999,-9999
630,377.988567,377.98856926924634,377.9883664950892,3569066.3,-9999,407141,47.42,-1,0.5364560794660583,0.6327478097661869,0.9403911535023296,0.755805147260644,8,1.1,0.9,13C1 N2 S1 P1 O9,de-protonated,1,618,C10 H11 O9 N2 P1 S1 13C1,10,11,9,2,1,1,1,-9999,-9999
631,378.122832,378.12283417036986,378.1228114888191,1040073.3,-9999,505675,12.52,-1,0.05998461368978033,0.9993473327853808,0,0.5996083996712285,4,1.6666666666666667,0.5333333333333333,N1 S1 O8,de-protonated,0,-9999,C15 H25 O8 N1 S1,15,25,8,1,-9999,1,-9999,-9999,-9999
632,378.140783,378.1407851571502,378.1405695535591,1146573.4,-9999,445324,13.99,-1,0.5701678383368561,0.9427186464830218,0,0.565631187889813,4,1.6666666666666667,0.6666666666666666,N1 O10,de-protonated,0,-9999,C15 H25 O10 N1,15,25,10,1,-9999,-9999,-9999,-9999,-9999
632,378.140783,378.1407851571502,378.1410588109091,1146573.4,-9999,445324,13.99,-1,-0.7236816857238086,0.9093479890547952,0,0.5456087934328772,8,1.4444444444444444,0.1111111111111111,N3 S1 P1 O2,de-protonated,0,-9999,C18 H26 O2 N3 P1 S1,18,26,2,3,1,1,-9999,-9999,-9999
633,378.167208,378.1672101376901,378.1670590841391,1300051.5,-9999,321130,16.11,-1,0.3994360359511227,0.9714650529297,0,0.58287903175782,8,1.3888888888888888,0.3333333333333333,N3 O6,de-protonated,0,-9999,C18 H25 O6 N3,18,25,6,3,-9999,-9999,-9999,-9999,-9999
634,378.175852,378.17585413132446,378.1760343268791,1110741.5,-9999,403502.7,13.5,-1,-0.47648591742008417,0.9596411203764404,0.9918285869251772,0.9725161069959352,7,1.5789473684210529,0.05263157894736842,13C1 N2 S2 O1,de-protonated,1,623,C19 H30 O1 N2 S2 13C1,19,30,1,2,-9999,2,1,-9999,-9999
635,378.176997,378.1769991304812,378.1768187172891,5016022,-9999,341743.6,67.39,-1,0.47706042029608464,0.9595457364705046,0.9906439307274552,0.9719850141732848,3,1.9375,0.4375,13C1 P1 O7,de-protonated,1,624,C16 H31 O7 P1 13C1,16,31,7,-9999,1,-9999,1,-9999,-9999
635,378.176997,378.1769991304812,378.1769550629091,5016022,-9999,341743.6,67.39,-1,0.1165263285221781,0.4987696262257241,0.8524773804394659,0.6402527279112208,3,1.8125,0.5625,N1 O9,de-protonated,0,-9999,C16 H29 O9 N1,16,29,9,1,-9999,-9999,-9999,-9999,-9999
639,379.066929,379.0669304751105,379.0670702590591,1050532,-9999,534198.4,12.45,-1,-0.36875782566964616,0.975628094539024,0,0.5853768567234144,10,0.9411764705882352,0.5882352941176471,O10,de-protonated,0,-9999,C17 H16 O10,17,16,10,-9999,-9999,-9999,-9999,-9999,-9999
639,379.066929,379.0669304751105,379.06690806772906,1050532,-9999,534198.4,12.45,-1,0.0591119429305274,0.9993661789946978,0,0.5996197073968187,5,1.75,0.3333333333333333,N4 S2 P1 O4,de-protonated,0,-9999,C12 H21 O4 N4 P1 S2,12,21,4,4,1,2,-9999,-9999,-9999
640,379.076119,379.0761204683427,379.0764531735791,1512102.1,-9999,347442.8,18.71,-1,-0.8776731807836546,0.8695566663959473,0,0.5217339998375684,23,0.42857142857142855,0.07142857142857142,O2,de-protonated,0,-9999,C28 H12 O2,28,12,2,-9999,-9999,-9999,-9999,-9999,-9999
640,379.076119,379.0761204683427,379.07580172489907,1512102.1,-9999,347442.8,18.71,-1,0.8408435521136356,0.8796004881204745,0,0.5277602928722847,14,0.8,0.2,N2 S1 O4,de-protonated,0,-9999,C20 H16 O4 N2 S1,20,16,4,2,-9999,1,-9999,-9999,-9999
641,379.103368,379.10336944827577,379.1034557684091,2046124.5,-9999,421510.8,25.96,-1,-0.22769545363171495,0.990636862733794,0,0.5943821176402764,9,1.1111111111111112,0.5,O9,de-protonated,0,-9999,C18 H20 O9,18,20,9,-9999,-9999,-9999,-9999,-9999,-9999
641,379.103368,379.10336944827577,379.1032935770791,2046124.5,-9999,421510.8,25.96,-1,0.20013330915954303,0.99275871914808,0,0.595655231488848,4,1.9230769230769231,0.2307692307692308,N4 S2 P1 O3,de-protonated,0,-9999,C13 H25 O3 N4 P1 S2,13,25,3,4,1,2,-9999,-9999,-9999
642,379.104037,379.104038447783,379.10432514827903,1491372.6,-9999,791812.6,18.43,-1,-0.7562575179020716,0.9014279890577944,0,0.5408567934346767,8,1.263157894736842,0.21052631578947367,S2 O4,de-protonated,0,-9999,C19 H24 O4 S2,19,24,4,-9999,-9999,2,-9999,-9999,-9999
642,379.104037,379.104038447783,379.1039450257591,1491372.6,-9999,791812.6,18.43,-1,0.24642851961119483,0.9890416478781996,0,0.5934249887269197,13,1,0.04761904761904761,N2 S1 P1 O1,de-protonated,0,-9999,C21 H21 O1 N2 P1 S1,21,21,1,2,1,1,-9999,-9999,-9999
643,379.139855,379.13985642140574,379.1398412777591,2546869,-9999,300465.5,32.75,-1,0.03994211366527774,0.9997105636606308,0,0.5998263381963785,8,1.263157894736842,0.42105263157894735,O8,de-protonated,0,-9999,C19 H24 O8,19,24,8,-9999,-9999,-9999,-9999,-9999,-9999
643,379.139855,379.13985642140574,379.13967908642906,2546869,-9999,300465.5,32.75,-1,0.4677299329653409,0.9610817911189647,0,0.5766490746713788,3,2.0714285714285716,0.14285714285714285,N4 S2 P1 O2,de-protonated,0,-9999,C14 H29 O2 N4 P1 S2,14,29,2,4,1,2,-9999,-9999,-9999
644,379.169509,379.1695103995677,379.1697021116591,1724603.9,-9999,339541.5,21.6,-1,-0.5056102593101431,0.9546735237860704,0,0.5728041142716422,7,1.4736842105263157,0.21052631578947367,N2 S1 O4,de-protonated,0,-9999,C19 H28 O4 N2 S1,19,28,4,2,-9999,1,-9999,-9999,-9999
644,379.169509,379.1695103995677,379.1693219891391,1724603.9,-9999,339541.5,21.6,-1,0.4969031449465565,0.9561867962196232,0,0.5737120777317739,12,1.1904761904761905,0.04761904761904761,N4 P1 O1,de-protonated,0,-9999,C21 H25 O1 N4 P1,21,25,1,4,1,-9999,-9999,-9999,-9999
645,379.170641,379.170642398734,379.1703535603391,7704252,-9999,395973.7,102.73,-1,0.7617641838195258,0.8958476438256392,0.914544032136862,0.9033261991501282,16,0.8888888888888888,0.07407407407407407,O2,de-protonated,0,-9999,C27 H24 O2,27,24,2,-9999,-9999,-9999,-9999,-9999,-9999
646,379.174987,379.1749883955335,379.175195215909,1419581.1,-9999,393204,17.46,-1,-0.5454480625068487,0.9474477867614228,0,0.5684686720568537,3,2.0714285714285716,0.42857142857142855,N4 P1 O6,de-protonated,0,-9999,C14 H29 O6 N4 P1,14,29,6,4,1,-9999,-9999,-9999,-9999
647,379.176118,379.1761193947006,379.1762267871091,3696829.5,-9999,365925.7,48.36,-1,-0.28322558459126357,0.4927750972786544,0.8221557383861046,0.6245273537216345,7,1.4,0.35,O7,de-protonated,0,-9999,C20 H28 O7,20,28,7,-9999,-9999,-9999,-9999,-9999,-9999
647,379.176118,379.1761193947006,379.1760645957791,3696829.5,-9999,365925.7,48.36,-1,0.14452104606057137,0.9962173745796368,0,0.5977304247477822,2,2.2,0.06666666666666667,N4 S2 P1 O1,de-protonated,0,-9999,C15 H33 O1 N4 P1 S2,15,33,1,4,1,2,-9999,-9999,-9999
648,379.212497,379.2124983679101,379.2126122964591,1552581.9,-9999,361860.1,19.26,-1,-0.30043449325871047,0.9837556667008268,0,0.5902534000204961,6,1.5238095238095235,0.2857142857142857,O6,de-protonated,0,-9999,C21 H32 O6,21,32,6,-9999,-9999,-9999,-9999,-9999,-9999
649,379.248887,379.2488883411115,379.2489978058091,1947342.4,-9999,477967.5,24.62,-1,-0.2886354300375852,0.9849971170000402,0,0.5909982702000242,5,1.6363636363636365,0.2272727272727273,O5,de-protonated,0,-9999,C22 H36 O5,22,36,5,-9999,-9999,-9999,-9999,-9999,-9999
651,380.146264,380.146264680258,380.1463236392491,1365535.4,-9999,325964.8,16.72,-1,-0.1550955182508821,0.9956448322099466,0,0.5973868993259679,8,1.3529411764705883,0.4117647058823529,N3 O7,de-protonated,0,-9999,C17 H23 O7 N3,17,23,7,3,-9999,-9999,-9999,-9999,-9999
652,380.17401,380.1740106598251,380.1737083954091,1260069.9,-9999,374608.7,15.29,-1,0.7950692258090466,0.8916335236782117,0.914544032136862,0.9007977270616718,16,0.9230769230769232,0.07692307692307693,13C1 O2,de-protonated,1,645,C26 H24 O2 13C1,26,24,2,-9999,-9999,-9999,1,-9999,-9999
653,380.182685,380.1826856534366,380.1827091485991,1019303.9,-9999,482274.1,12.02,-1,-0.06179966090908242,0.9993072515851398,0,0.5995843509510839,7,1.5,0.3333333333333333,N3 O6,de-protonated,0,-9999,C18 H27 O6 N3,18,27,6,3,-9999,-9999,-9999,-9999,-9999
656,381.082706,381.082705990636,381.0827203235191,1874554.6,-9999,381644,23.63,-1,-0.03761094988799258,0.9997433586109437,0,0.5998460151665661,9,1.0588235294117647,0.5882352941176471,O10,de-protonated,0,-9999,C17 H18 O10,17,18,10,-9999,-9999,-9999,-9999,-9999,-9999
656,381.082706,381.082705990636,381.08255813218904,1874554.6,-9999,381644,23.63,-1,0.38799583921048453,0.9730542672970706,0,0.5838325603782423,4,1.9166666666666667,0.3333333333333333,N4 S2 P1 O4,de-protonated,0,-9999,C12 H23 O4 N4 P1 S2,12,23,4,4,1,2,-9999,-9999,-9999
657,381.119041,381.11904096387786,381.1191058328691,2726019,-9999,449874.9,35.18,-1,-0.17020661054256706,0.994757170744,0,0.5968543024463999,8,1.2222222222222223,0.5,O9,de-protonated,0,-9999,C18 H22 O9,18,22,9,-9999,-9999,-9999,-9999,-9999,-9999
657,381.119041,381.11904096387786,381.11894364153903,2726019,-9999,449874.9,35.18,-1,0.2553594893539445,0.9882377317475792,0,0.5929426390485475,3,2.076923076923077,0.2307692307692308,N4 S2 P1 O3,de-protonated,0,-9999,C13 H27 O3 N4 P1 S2,13,27,3,4,1,2,-9999,-9999,-9999
658,381.119676,381.11967596341026,381.11997521273906,1906563.3,-9999,716323.8,24.06,-1,-0.7851840582161124,0.8941643747373869,0,0.536498624842432,7,1.368421052631579,0.21052631578947367,S2 O4,de-protonated,0,-9999,C19 H26 O4 S2,19,26,4,-9999,-9999,2,-9999,-9999,-9999
658,381.119676,381.11967596341026,381.1195950902191,1906563.3,-9999,716323.8,24.06,-1,0.21219898480154345,0.9918629408712936,0,0.5951177645227761,12,1.0952380952380951,0.04761904761904761,N2 S1 P1 O1,de-protonated,0,-9999,C21 H23 O1 N2 P1 S1,21,23,1,2,1,1,-9999,-9999,-9999
659,381.154305,381.15430493790853,381.15445977101905,1150091.4,-9999,504857.5,13.8,-1,-0.4062214321383927,0.9705019088007444,0,0.5823011452804465,3,2.076923076923077,0.5384615384615384,N4 P1 O7,de-protonated,0,-9999,C13 H27 O7 N4 P1,13,27,7,4,1,-9999,-9999,-9999,-9999
660,381.155484,381.15548393704023,381.1554913422191,2677643.8,-9999,306233,34.52,-1,-0.01942823602700318,0.9999315133855388,0,0.5999589080313231,7,1.368421052631579,0.42105263157894735,O8,de-protonated,0,-9999,C19 H26 O8,19,26,8,-9999,-9999,-9999,-9999,-9999,-9999
660,381.155484,381.15548393704023,381.1553291508891,2677643.8,-9999,306233,34.52,-1,0.40609730286977214,0.9705196651983512,0,0.5823117991190108,2,2.2142857142857144,0.14285714285714285,N4 S2 P1 O2,de-protonated,0,-9999,C14 H31 O2 N4 P1 S2,14,31,2,4,1,2,-9999,-9999,-9999
661,381.190705,381.1907049111025,381.19084528036905,2263700,-9999,434477.6,28.9,-1,-0.3682388186500539,0.975695810639328,0,0.5854174863835968,2,2.2142857142857144,0.42857142857142855,N4 P1 O6,de-protonated,0,-9999,C14 H31 O6 N4 P1,14,31,6,4,1,-9999,-9999,-9999,-9999
662,381.191802,381.19180191029466,381.1918768515691,8070292,-9999,380768.4,107.69,-1,-0.19659724923532895,0.9961918284126128,0.9900177440866736,0.9937221946822372,6,1.5,0.35,O7,de-protonated,0,-9999,C20 H30 O7,20,30,7,-9999,-9999,-9999,-9999,-9999,-9999
662,381.191802,381.19180191029466,381.19171466023914,8070292,-9999,380768.4,107.69,-1,0.22888759686829543,0.974529561695803,0.9517629762977916,0.9654229275365984,1,2.3333333333333335,0.06666666666666667,N4 S2 P1 O1,de-protonated,0,-9999,C15 H35 O1 N4 P1 S2,15,35,1,4,1,2,-9999,-9999,-9999
663,381.204841,381.2048409006924,381.2047640111391,2815127.3,-9999,472131.3,36.39,-1,0.201701449008843,0.9926452167593262,0,0.5955871300555957,1,2.0588235294117645,0.4117647058823529,P1 O7,de-protonated,0,-9999,C17 H35 O7 P1,17,35,7,-9999,1,-9999,-9999,-9999,-9999
664,381.205549,381.205548900171,381.2056333910091,1732759.5,-9999,432075.6,21.7,-1,-0.22164110575670024,0.9911259818451752,0,0.5946755891071052,0,2.1666666666666665,0.1111111111111111,S2 P1 O2,de-protonated,0,-9999,C18 H39 O2 P1 S2,18,39,2,-9999,1,2,-9999,-9999,-9999
665,381.228206,381.2282058834857,381.2282623609191,1892508.8,-9999,408299.1,23.87,-1,-0.14814597693089,0.9960256226871596,0,0.5976153736122957,5,1.619047619047619,0.2857142857142857,O6,de-protonated,0,-9999,C21 H34 O6,21,34,6,-9999,-9999,-9999,-9999,-9999,-9999
666,381.228828,381.2288278830277,381.22913174078906,1343516.9,-9999,354733.6,16.42,-1,-0.7970475917699472,0.8911240782388539,0,0.5346744469433123,4,1.7272727272727273,0.04545454545454545,S2 O1,de-protonated,0,-9999,C22 H38 O1 S2,22,38,1,-9999,-9999,2,-9999,-9999,-9999
667,381.23157200000003,381.23157188100697,381.2316336642391,1428637.5,-9999,379886.8,17.57,-1,-0.16206218653201757,0.9952457415027052,0,0.5971474449016231,0,2.111111111111111,0.3333333333333333,S1 O6,de-protonated,0,-9999,C18 H38 O6 S1,18,38,6,-9999,-9999,1,-9999,-9999,-9999
667,381.23157200000003,381.23157188100697,381.2312535417191,1428637.5,-9999,379886.8,17.57,-1,0.8350293552447321,0.8811570058717157,0,0.5286942035230294,5,1.75,0.15,N2 P1 O3,de-protonated,0,-9999,C20 H35 O3 N2 P1,20,35,3,2,1,-9999,-9999,-9999,-9999
668,382.100412,382.1004112411689,382.1002393698091,4069226,-9999,344402.3,53.4,-1,0.4498069932275781,0.4819769307678092,0.7939170211058493,0.6067529669030253,17,0.75,0.08333333333333333,N1 P1 O2,de-protonated,0,-9999,C24 H18 O2 N1 P1,24,18,2,1,1,-9999,-9999,-9999,-9999
669,382.195255,382.1952541713238,382.1952316866391,1866368.3,-9999,342691.1,23.51,-1,0.05883036435413005,0.9993722011092584,0.9900177440866736,0.9956304183002246,6,1.5789473684210529,0.3684210526315789,13C1 O7,de-protonated,1,662,C19 H30 O7 13C1,19,30,7,-9999,-9999,-9999,1,-9999,-9999
669,382.195255,382.1952541713238,382.1950694953091,1866368.3,-9999,342691.1,23.51,-1,0.4831983179945341,0.95852009584743,0.9517629762977916,0.9558172480275746,1,2.5,0.07142857142857142,13C1 N4 S2 P1 O1,de-protonated,1,662,C14 H35 O1 N4 P1 S2 13C1,14,35,1,4,1,2,1,-9999,-9999
672,383.062046,383.0620445329948,383.06198487862906,1060301.1,-9999,411605.8,12.57,-1,0.1557303205975119,0.9956091865930023,0,0.5973655119558015,9,1,0.6875,O11,de-protonated,0,-9999,C16 H16 O11,16,16,11,-9999,-9999,-9999,-9999,-9999,-9999
672,383.062046,383.0620445329948,383.061822687299,1060301.1,-9999,411605.8,12.57,-1,0.5791380987772475,0.9409567901853838,0,0.5645740741112303,4,1.9090909090909092,0.4545454545454546,N4 S2 P1 O5,de-protonated,0,-9999,C11 H21 O5 N4 P1 S2,11,21,5,4,1,2,-9999,-9999,-9999
673,383.098317,383.0983155062838,383.09837038797906,2292053.8,-9999,368134.4,29.28,-1,-0.14325744893933598,0.996283108454335,0,0.597769865072601,8,1.1764705882352942,0.5882352941176471,O10,de-protonated,0,-9999,C17 H20 O10,17,20,10,-9999,-9999,-9999,-9999,-9999,-9999
673,383.098317,383.0983155062838,383.09820819664907,2292053.8,-9999,368134.4,29.28,-1,0.2801099886682821,0.9858641080879644,0,0.5915184648527786,3,2.0833333333333335,0.3333333333333333,N4 S2 P1 O4,de-protonated,0,-9999,C12 H25 O4 N4 P1 S2,12,25,4,4,1,2,-9999,-9999,-9999
674,383.134676,383.134674479508,383.13475589732906,3305054.5,-9999,429914.3,43.03,-1,-0.21250439899540088,0.9918395968688852,0,0.5951037581213312,7,1.3333333333333333,0.5,O9,de-protonated,0,-9999,C18 H24 O9,18,24,9,-9999,-9999,-9999,-9999,-9999,-9999
674,383.134676,383.134674479508,383.13459370599907,3305054.5,-9999,429914.3,43.03,-1,0.2108228029577821,0.991967718119935,0,0.5951806308719609,2,2.230769230769231,0.2307692307692308,N4 S2 P1 O3,de-protonated,0,-9999,C13 H29 O3 N4 P1 S2,13,29,3,4,1,2,-9999,-9999,-9999
675,383.135486,383.1354844789115,383.1356252771991,2184286.5,-9999,470471.2,27.82,-1,-0.3674894170623848,0.975793426868051,0,0.5854760561208306,6,1.4736842105263157,0.21052631578947367,S2 O4,de-protonated,0,-9999,C19 H28 O4 S2,19,28,4,-9999,-9999,2,-9999,-9999,-9999
675,383.135486,383.1354844789115,383.1352451546791,2184286.5,-9999,470471.2,27.82,-1,0.6246468718515114,0.9316497660534224,0,0.5589898596320535,11,1.1904761904761905,0.04761904761904761,N2 S1 P1 O1,de-protonated,0,-9999,C21 H25 O1 N2 P1 S1,21,25,1,2,1,1,-9999,-9999,-9999
676,383.171092,383.17109045269024,383.17114140667906,2843239,-9999,400126.4,36.76,-1,-0.13297971405527045,0.996796475491234,0,0.5980778852947404,6,1.4736842105263157,0.42105263157894735,O8,de-protonated,0,-9999,C19 H28 O8,19,28,8,-9999,-9999,-9999,-9999,-9999,-9999
676,383.171092,383.17109045269024,383.1709792153491,2843239,-9999,400126.4,36.76,-1,0.29030732270971044,0.9848241374883776,0,0.5908944824930266,1,2.357142857142857,0.14285714285714285,N4 S2 P1 O2,de-protonated,0,-9999,C14 H33 O2 N4 P1 S2,14,33,2,4,1,2,-9999,-9999,-9999
677,383.171765,383.1717634521946,383.17201078654904,2111079.3,-9999,545381.6,26.83,-1,-0.6454917046388029,0.9271848502756558,0,0.5563109101653935,5,1.6,0.15,S2 O3,de-protonated,0,-9999,C20 H32 O3 S2,20,32,3,-9999,-9999,2,-9999,-9999,-9999
678,383.206351,383.2063494267245,383.2064953448291,1960303.4,-9999,462615.3,24.78,-1,-0.38078191876044154,0.9740339412954934,0,0.584420364777296,1,2.357142857142857,0.42857142857142855,N4 P1 O6,de-protonated,0,-9999,C14 H33 O6 N4 P1,14,33,6,4,1,-9999,-9999,-9999,-9999
679,383.207459,383.20745742590856,383.2075269160291,7872111.5,-9999,454429.9,104.99,-1,-0.18133808881902605,0.9970097872723256,0.98874968244081,0.9937057453397192,5,1.6,0.35,O7,de-protonated,0,-9999,C20 H32 O7,20,32,7,-9999,-9999,-9999,-9999,-9999,-9999
679,383.207459,383.20745742590856,383.20736472469906,7872111.5,-9999,454429.9,104.99,-1,0.2419087367040146,0.97977327630456,0.972995549770308,0.9770621856908592,0,2.466666666666667,0.06666666666666667,N4 S2 P1 O1,de-protonated,0,-9999,C15 H37 O1 N4 P1 S2,15,37,1,4,1,2,-9999,-9999,-9999
680,383.243908,383.2439063990665,383.2439124253791,1467256.3,-9999,393484.2,18.09,-1,-0.01572448364482565,0.9999551361156652,0,0.599973081669399,4,1.7142857142857142,0.2857142857142857,O6,de-protonated,0,-9999,C21 H36 O6,21,36,6,-9999,-9999,-9999,-9999,-9999,-9999
681,384.210879,384.2108766869621,384.2108817510991,1573598,-9999,264645.9,19.53,-1,-0.01318061846419836,0.9999684776518878,0.98874968244081,0.9954809595674567,5,1.6842105263157894,0.3684210526315789,13C1 O7,de-protonated,1,679,C19 H32 O7 13C1,19,32,7,-9999,-9999,-9999,1,-9999,-9999
681,384.210879,384.2108766869621,384.2107195597691,1573598,-9999,264645.9,19.53,-1,0.4089609815835631,0.9701087244911996,0.972995549770308,0.9712634546028428,0,2.642857142857143,0.07142857142857142,13C1 N4 S2 P1 O1,de-protonated,1,679,C14 H37 O1 N4 P1 S2 13C1,14,37,1,4,1,2,1,-9999,-9999
684,385.077582,385.0775790486978,385.0776349430891,1221932.6,-9999,448437.8,14.76,-1,-0.14515096747901404,0.9961843913131168,0,0.59771063478787,8,1.125,0.6875,O11,de-protonated,0,-9999,C16 H18 O11,16,18,11,-9999,-9999,-9999,-9999,-9999,-9999
684,385.077582,385.0775790486978,385.07747275175905,1221932.6,-9999,448437.8,14.76,-1,0.2760403978506665,0.9862690596250672,0,0.5917614357750403,3,2.090909090909091,0.4545454545454546,N4 S2 P1 O5,de-protonated,0,-9999,C11 H23 O5 N4 P1 S2,11,23,5,4,1,2,-9999,-9999,-9999
685,385.11397,385.11396702190063,385.1140204524391,2377781.3,-9999,376003.6,30.44,-1,-0.13873953068460507,0.996513448591084,0,0.5979080691546504,7,1.2941176470588236,0.5882352941176471,O10,de-protonated,0,-9999,C17 H22 O10,17,22,10,-9999,-9999,-9999,-9999,-9999,-9999
685,385.11397,385.11396702190063,385.11385826110904,2377781.3,-9999,376003.6,30.44,-1,0.2824120432375393,0.9856324886447316,0,0.5913794931868389,2,2.25,0.3333333333333333,N4 S2 P1 O4,de-protonated,0,-9999,C12 H27 O4 N4 P1 S2,12,27,4,4,1,2,-9999,-9999,-9999
686,385.150403,385.1503999950704,385.1504059617891,2805566,-9999,316586.3,36.24,-1,-0.01549191858344971,0.9999564533466814,0,0.5999738720080088,6,1.4444444444444444,0.5,O9,de-protonated,0,-9999,C18 H26 O9,18,26,9,-9999,-9999,-9999,-9999,-9999,-9999
686,385.150403,385.1503999950704,385.1502437704591,2805566,-9999,316586.3,36.24,-1,0.4056199205029324,0.9705879060707776,0,0.5823527436424665,1,2.3846153846153846,0.2307692307692308,N4 S2 P1 O3,de-protonated,0,-9999,C13 H31 O3 N4 P1 S2,13,31,3,4,1,2,-9999,-9999,-9999
687,385.178656,385.1786529742641,385.1785492626491,2544708.8,-9999,463072.2,32.7,-1,0.269255946874179,0.9869313406410196,0,0.5921588043846117,5,1.631578947368421,0.3157894736842105,P1 O6,de-protonated,0,-9999,C19 H31 O6 P1,19,31,6,-9999,1,-9999,-9999,-9999,-9999
688,385.179206,385.17920297385905,385.1794186425191,1960517,-9999,375405.5,24.78,-1,-0.5599174037794767,0.9447022090462528,0,0.5668213254277518,4,1.75,0.05,S2 P1 O1,de-protonated,0,-9999,C20 H35 O1 P1 S2,20,35,1,-9999,1,2,-9999,-9999,-9999
689,385.186767,385.1867639682909,385.1867914711391,3092038.8,-9999,493638,40.13,-1,-0.07140132733709988,0.9990753751915472,0,0.5994452251149284,5,1.5789473684210529,0.42105263157894735,O8,de-protonated,0,-9999,C19 H30 O8,19,30,8,-9999,-9999,-9999,-9999,-9999,-9999
689,385.186767,385.1867639682909,385.1866292798091,3092038.8,-9999,493638,40.13,-1,0.34967070898236907,0.978058632657006,0,0.5868351795942036,0,2.5,0.14285714285714285,N4 S2 P1 O2,de-protonated,0,-9999,C14 H35 O2 N4 P1 S2,14,35,2,4,1,2,-9999,-9999,-9999
690,385.187285,385.1872819679094,385.187660851009,2474759,-9999,362409.4,31.76,-1,-0.9836324943682124,0.8389890945425751,0,0.503393456725545,4,1.7,0.15,S2 O3,de-protonated,0,-9999,C20 H34 O3 S2,20,34,3,-9999,-9999,2,-9999,-9999,-9999
691,385.221883,385.2218799424305,385.2221454092891,1380687.1,-9999,469000,16.91,-1,-0.6891266812068851,0.917439006102726,0,0.5504634036616355,0,2.5,0.42857142857142855,N4 P1 O6,de-protonated,0,-9999,C14 H35 O6 N4 P1,14,35,6,4,1,-9999,-9999,-9999,-9999
692,385.223142,385.22313894150335,385.2231769804891,4549711.5,-9999,367035.1,59.91,-1,-0.09874531961880852,0.4991161618504655,0.8221557383861047,0.6283319924647212,4,1.7,0.35,O7,de-protonated,0,-9999,C20 H34 O7,20,34,7,-9999,-9999,-9999,-9999,-9999,-9999
693,385.25954,385.25953691469886,385.2595624898391,1135448.1,-9999,498886.6,13.58,-1,-0.066384180220066,0.9992007007640612,0,0.5995204204584367,3,1.8095238095238095,0.2857142857142857,O6,de-protonated,0,-9999,C21 H38 O6,21,38,6,-9999,-9999,-9999,-9999,-9999,-9999
694,386.181996,386.1819922353765,386.1820404433391,1242677.3,-9999,520119,15.04,-1,-0.12483222289299745,0.997176463600908,0,0.5983058781605447,5,1.6111111111111112,0.4444444444444444,N1 O8,de-protonated,0,-9999,C18 H29 O8 N1,18,29,8,1,-9999,-9999,-9999,-9999,-9999
696,387.129712,387.129707537452,387.12967051689907,1378841.3,-9999,389782.7,16.57,-1,0.09562830161221728,0.998342069009965,0,0.599005241405979,6,1.411764705882353,0.5882352941176471,O10,de-protonated,0,-9999,C17 H24 O10,17,24,10,-9999,-9999,-9999,-9999,-9999,-9999
696,387.129712,387.129707537452,387.129508325569,1378841.3,-9999,389782.7,16.57,-1,0.514587182478323,0.9530884128928232,0,0.5718530477356938,1,2.4166666666666665,0.3333333333333333,N4 S2 P1 O4,de-protonated,0,-9999,C12 H29 O4 N4 P1 S2,12,29,4,4,1,2,-9999,-9999,-9999
697,387.14822,387.14821552382216,387.1482979615091,1604637.8,-9999,397856.2,19.58,-1,-0.2129356822437159,0.9918065759591524,0,0.5950839455754914,5,1.5555555555555556,0.3888888888888889,S1 O7,de-protonated,0,-9999,C18 H28 O7 S1,18,28,7,-9999,-9999,1,-9999,-9999,-9999
697,387.14822,387.14821552382216,387.1479178389891,1604637.8,-9999,397856.2,19.58,-1,0.7689175618803215,0.8982753139554336,0,0.5389651883732601,10,1.25,0.2,N2 P1 O4,de-protonated,0,-9999,C20 H25 O4 N2 P1,20,25,4,2,1,-9999,-9999,-9999,-9999
698,387.165964,387.165959510755,387.1660560262491,2240034,-9999,436408.9,28.04,-1,-0.24928707626406804,0.9887873797282608,0,0.5932724278369566,5,1.5555555555555556,0.5,O9,de-protonated,0,-9999,C18 H28 O9,18,28,9,-9999,-9999,-9999,-9999,-9999,-9999
699,387.188423,387.1884184942156,387.1883261003391,2714151.5,-9999,413132.3,34.36,-1,0.23862774321678495,0.4948604628604744,0.7805128205128199,0.6091214059214126,13,1.1153846153846154,0.03846153846153846,P1 O1,de-protonated,0,-9999,C26 H29 O1 P1,26,29,1,-9999,1,-9999,-9999,-9999,-9999
699,387.188423,387.1884184942156,387.1885228048291,2714151.5,-9999,413132.3,34.36,-1,-0.26940523132134847,0.986916940463656,0,0.5921501642781937,5,1.75,0.4375,N4 O7,de-protonated,0,-9999,C16 H28 O7 N4,16,28,7,4,-9999,-9999,-9999,-9999,-9999
700,387.194329,387.1943244898662,387.19419932710906,3742761,-9999,394642.9,48.06,-1,0.3232557650206671,0.9472162059270968,0.9489738010569976,0.947919243979057,4,1.736842105263158,0.3157894736842105,P1 O6,de-protonated,0,-9999,C19 H33 O6 P1,19,33,6,-9999,1,-9999,-9999,-9999,-9999
701,387.202392,387.2023874839283,387.2024415355991,3180586.8,-9999,426683.3,40.57,-1,-0.13959537688971876,0.9964703769902836,0,0.5978822261941702,4,1.6842105263157894,0.42105263157894735,O8,de-protonated,0,-9999,C19 H32 O8,19,32,8,-9999,-9999,-9999,-9999,-9999,-9999
702,387.225014,387.22500946726893,387.2249083141791,1571120.3,-9999,441417.9,19.13,-1,0.26122567955604287,0.9876944889982652,0,0.5926166933989592,4,1.8823529411764703,0.35294117647058826,N4 O6,de-protonated,0,-9999,C17 H32 O6 N4,17,32,6,4,-9999,-9999,-9999,-9999,-9999
703,387.238781,387.23877645713054,387.2388270449491,1717811.6,-9999,423956.4,21.09,-1,-0.13063725805528387,0.9969081693929908,0,0.5981449016357944,3,1.8,0.35,O7,de-protonated,0,-9999,C20 H36 O7,20,36,7,-9999,-9999,-9999,-9999,-9999,-9999
704,388.172474,388.17246876953294,388.17253838773905,2074901.3,-9999,365946,25.84,-1,-0.1793486123493205,0.99418053428287,0,0.596508320569722,5,1.6875,0.5,N3 O8,de-protonated,0,-9999,C16 H27 O8 N3,16,27,8,3,-9999,-9999,-9999,-9999,-9999
705,388.173351,388.1733457688871,388.17340776760904,1734677.5,-9999,436138.1,21.31,-1,-0.159719137648097,0.9953819035419612,0,0.5972291421251767,4,1.8235294117647056,0.17647058823529413,N3 S2 O3,de-protonated,0,-9999,C17 H31 O3 N3 S2,17,31,3,3,-9999,2,-9999,-9999,-9999
706,388.197834,388.1978287508571,388.1975541621791,1064859.5,-9999,376953.2,12.39,-1,0.7073426277651457,0.9132141466271912,0.9489738010569976,0.9275180083991136,4,1.8333333333333333,0.3333333333333333,13C1 P1 O6,de-protonated,1,700,C18 H33 O6 P1 13C1,18,33,6,-9999,1,-9999,1,-9999,-9999
706,388.197834,388.1978287508571,388.1976905077991,1064859.5,-9999,376953.2,12.39,-1,0.35611509650423534,0.9772517802687456,0,0.5863510681612474,4,1.7222222222222223,0.4444444444444444,N1 O8,de-protonated,0,-9999,C18 H31 O8 N1,18,31,8,1,-9999,-9999,-9999,-9999,-9999
708,389.124159,389.12415306868553,389.124191213299,1167100.3,-9999,307560.4,13.74,-1,-0.09802683668096956,0.9982579314338328,0,0.5989547588602997,10,1.1,0.4,O8,de-protonated,0,-9999,C20 H22 O8,20,22,8,-9999,-9999,-9999,-9999,-9999,-9999
708,389.124159,389.12415306868553,389.12402902196914,1167100.3,-9999,307560.4,13.74,-1,0.31878451892487475,0.9817295035701138,0,0.5890377021420683,5,1.8,0.13333333333333333,N4 S2 P1 O2,de-protonated,0,-9999,C15 H27 O2 N4 P1 S2,15,27,2,4,1,2,-9999,-9999,-9999
709,389.160519,389.16051304190904,389.16057672264907,1239045.1,-9999,605715.5,14.7,-1,-0.16363615390652397,0.9951531704442376,0,0.5970919022665424,9,1.238095238095238,0.3333333333333333,O7,de-protonated,0,-9999,C21 H26 O7,21,26,7,-9999,-9999,-9999,-9999,-9999,-9999
709,389.160519,389.16051304190904,389.1604145313191,1239045.1,-9999,605715.5,14.7,-1,0.2531362036991927,0.9884404731047532,0,0.5930642838628518,4,1.9375,0.0625,N4 S2 P1 O1,de-protonated,0,-9999,C16 H31 O1 N4 P1 S2,16,31,1,4,1,2,-9999,-9999,-9999
710,389.181718,389.1817120262975,389.1817060907091,1502154.3,-9999,282578,18.21,-1,0.01525145782411636,0.9999577946623062,0,0.5999746767973837,4,1.6666666666666667,0.5,O9,de-protonated,0,-9999,C18 H30 O9,18,30,9,-9999,-9999,-9999,-9999,-9999,-9999
712,389.196922,389.1969160151008,389.19696223199907,1137933.9,-9999,557174.8,13.36,-1,-0.11874938082378124,0.9974445873322142,0,0.59846675239932845,8,1.3636363636363635,0.2727272727272727,O6,de-protonated,0,-9999,C22 H30 O6,22,30,6,-9999,-9999,-9999,-9999,-9999,-9999
713,389.210012,389.21000600546097,389.2098493915691,1269649.1,-9999,305553.4,15.11,-1,0.40238933346506767,0.9710477276399097,0,0.5826286365839457,3,1.8421052631578947,0.3157894736842105,P1 O6,de-protonated,0,-9999,C19 H35 O6 P1,19,35,6,-9999,1,-9999,-9999,-9999,-9999
714,389.217998,389.2179919995799,389.21809160005904,1137043,-9999,403220.2,13.34,-1,-0.25589889391412785,0.9881882825270584,0,0.592912969516235,3,1.7894736842105263,0.42105263157894735,O8,de-protonated,0,-9999,C19 H34 O8,19,34,8,-9999,-9999,-9999,-9999,-9999,-9999
716,391.066971,391.0669636379446,391.0670702590591,1265366.4,-9999,495929.4,15.05,-1,-0.2726415048322041,0.986602855411394,0,0.5919617132468364,11,0.8888888888888888,0.5555555555555556,O10,de-protonated,0,-9999,C18 H16 O10,18,16,10,-9999,-9999,-9999,-9999,-9999,-9999
716,391.066971,391.0669636379446,391.06690806772906,1265366.4,-9999,495929.4,15.05,-1,0.14209899732265072,0.9963428690899624,0,0.5978057214539774,6,1.6153846153846154,0.3076923076923077,N4 S2 P1 O4,de-protonated,0,-9999,C13 H21 O4 N4 P1 S2,13,21,4,4,1,2,-9999,-9999,-9999
717,391.103505,391.1034976110398,391.1034557684091,1210719.4,-9999,497368.8,14.32,-1,0.10698609318720484,0.997925289151136,0,0.5987551734906816,10,1.0526315789473684,0.47368421052631576,O9,de-protonated,0,-9999,C19 H20 O9,19,20,9,-9999,-9999,-9999,-9999,-9999,-9999
717,391.103505,391.1034976110398,391.1032935770791,1210719.4,-9999,497368.8,14.32,-1,0.5216881680794817,0.9518166946120908,0,0.5710900167672545,5,1.7857142857142858,0.21428571428571427,N4 S2 P1 O3,de-protonated,0,-9999,C14 H25 O3 N4 P1 S2,14,25,3,4,1,2,-9999,-9999,-9999
718,391.103991,391.103983610682,391.10432514827903,1147743.4,-9999,489609.8,13.48,-1,-0.8732646893996946,0.8707754219888945,0,0.5224652531933367,9,1.2,0.2,S2 O4,de-protonated,0,-9999,C20 H24 O4 S2,20,24,4,-9999,-9999,2,-9999,-9999,-9999
718,391.103991,391.103983610682,391.1039450257591,1147743.4,-9999,489609.8,13.48,-1,0.0986564400111296,0.9982355015941238,0,0.5989413009564742,14,0.9545454545454546,0.04545454545454545,N2 S1 P1 O1,de-protonated,0,-9999,C22 H21 O1 N2 P1 S1,22,21,1,2,1,1,-9999,-9999,-9999
719,391.139735,391.1397275843591,391.1398412777591,1679848.3,-9999,445045.7,20.57,-1,-0.290672000169294,0.9847862780853582,0,0.5908717668512149,9,1.2,0.4,O8,de-protonated,0,-9999,C20 H24 O8,20,24,8,-9999,-9999,-9999,-9999,-9999,-9999
719,391.139735,391.1397275843591,391.13967908642906,1679848.3,-9999,445045.7,20.57,-1,0.12399133258843278,0.9972143222338896,0,0.5983285933403337,4,1.9333333333333331,0.13333333333333333,N4 S2 P1 O2,de-protonated,0,-9999,C15 H29 O2 N4 P1 S2,15,29,2,4,1,2,-9999,-9999,-9999
720,391.14034,391.1403325839136,391.1407106576291,1254120.4,-9999,383451.8,14.9,-1,-0.9665925975545662,0.8440633445925714,0,0.5064380067555428,8,1.3333333333333333,0.14285714285714285,S2 O3,de-protonated,0,-9999,C21 H28 O3 S2,21,28,3,-9999,-9999,2,-9999,-9999,-9999
721,391.152975,391.1529675746089,391.152728437329,1354731.5,-9999,385060.1,16.24,-1,0.611365490890554,0.9344289642739264,0,0.5606573785643559,4,1.7058823529411764,0.4705882352941176,P1 O8,de-protonated,0,-9999,C17 H29 O8 P1,17,29,8,-9999,1,-9999,-9999,-9999,-9999
722,391.17622,391.17621255749054,391.1762267871091,1252337.1,-9999,478601.7,14.87,-1,-0.03637649116387107,0.9997599270095708,0,0.5998559562057424,8,1.3333333333333333,0.3333333333333333,O7,de-protonated,0,-9999,C21 H28 O7,21,28,7,-9999,-9999,-9999,-9999,-9999,-9999
722,391.17622,391.17621255749054,391.1760645957791,1252337.1,-9999,478601.7,14.87,-1,0.3782483766921156,0.9743738724122932,0,0.584624323447376,3,2.0625,0.0625,N4 S2 P1 O1,de-protonated,0,-9999,C16 H33 O1 N4 P1 S2,16,33,1,4,1,2,-9999,-9999,-9999
723,391.189264,391.18925654788455,391.1891139466791,1756916.4,-9999,413874.7,21.59,-1,0.3645326528733326,0.9761767260251558,0,0.5857060356150935,3,1.8333333333333333,0.3888888888888889,P1 O7,de-protonated,0,-9999,C18 H33 O7 P1,18,33,7,-9999,1,-9999,-9999,-9999,-9999
724,391.19006,391.1900525472984,391.18998332654905,1269748.5,-9999,539994.7,15.1,-1,0.17694918648384425,0.9943347658403088,0,0.5966008595041852,2,1.9473684210526316,0.10526315789473684,S2 P1 O2,de-protonated,0,-9999,C19 H37 O2 P1 S2,19,37,2,-9999,1,2,-9999,-9999,-9999
725,391.197252,391.1972445420019,391.1973561551691,1397750.3,-9999,507374.7,16.81,-1,-0.28531166012476344,0.9853381267251268,0,0.5912028760350759,3,1.7777777777777777,0.5,O9,de-protonated,0,-9999,C18 H32 O9,18,32,9,-9999,-9999,-9999,-9999,-9999,-9999
726,391.212554,391.2125465307331,391.2126122964591,1819642,-9999,422904.6,22.43,-1,-0.16810737657269165,0.9948853682831488,0,0.5969312209698893,7,1.4545454545454546,0.2727272727272727,O6,de-protonated,0,-9999,C22 H32 O6,22,32,6,-9999,-9999,-9999,-9999,-9999,-9999
727,391.213173,391.2131655302773,391.21348167632914,1417722.3,-9999,400659.3,17.08,-1,-0.80811645466633,0.8882558442756272,0,0.5329535065653763,6,1.565217391304348,0.04347826086956521,S2 O1,de-protonated,0,-9999,C23 H36 O1 S2,23,36,1,-9999,-9999,2,-9999,-9999,-9999
728,392.182677,392.1826688163075,392.1827091485991,4537064.5,-9999,376106.5,58.62,-1,-0.1028405654686036,0.9730908602572246,0.939732010435162,0.9597473203283996,8,1.4210526315789471,0.3157894736842105,N3 O6,de-protonated,0,-9999,C19 H27 O6 N3,19,27,6,3,-9999,-9999,-9999,-9999,-9999
729,393.055397,393.0553881736122,393.0557177286891,2569151.3,-9999,389514.4,32.41,-1,-0.8384436660050205,0.4401219682445364,0.7675537279851021,0.5710946721407627,24,0.35714285714285715,0.10714285714285714,O3,de-protonated,0,-9999,C28 H10 O3,28,10,3,-9999,-9999,-9999,-9999,-9999,-9999
729,393.055397,393.0553881736122,393.0550662800091,2569151.3,-9999,389514.4,32.41,-1,0.8189529424787909,0.8854186308783607,0,0.5312511785270164,15,0.7,0.25,N2 S1 O5,de-protonated,0,-9999,C20 H14 O5 N2 S1,20,14,5,2,-9999,1,-9999,-9999,-9999
730,393.082624,393.0826151535614,393.0827203235191,1434566,-9999,531115.7,17.29,-1,-0.26755171940751743,0.9870951818277408,0,0.5922571090966444,10,1,0.5555555555555556,O10,de-protonated,0,-9999,C18 H18 O10,18,18,10,-9999,-9999,-9999,-9999,-9999,-9999
730,393.082624,393.0826151535614,393.08255813218904,1434566,-9999,531115.7,17.29,-1,0.14506207710474725,0.9961890543219862,0,0.5977134325931918,5,1.7692307692307692,0.3076923076923077,N4 S2 P1 O4,de-protonated,0,-9999,C13 H23 O4 N4 P1 S2,13,23,4,4,1,2,-9999,-9999,-9999
731,393.119133,393.1191241266752,393.1191058328691,1860047,-9999,386438.5,22.96,-1,0.04653502159381263,0.9996071485619524,0,0.5997642891371714,9,1.1578947368421053,0.47368421052631576,O9,de-protonated,0,-9999,C19 H22 O9,19,22,9,-9999,-9999,-9999,-9999,-9999,-9999
731,393.119133,393.1191241266752,393.11894364153903,1860047,-9999,386438.5,22.96,-1,0.45911075781606414,0.962475909884966,0,0.5774855459309796,4,1.9285714285714288,0.21428571428571427,N4 S2 P1 O3,de-protonated,0,-9999,C14 H27 O3 N4 P1 S2,14,27,3,4,1,2,-9999,-9999,-9999
732,393.155448,393.15543909993175,393.155491342219,2248664,-9999,375556.9,28.14,-1,-0.1328794546132166,0.9968012965041836,0,0.5980807779025102,8,1.3,0.4,O8,de-protonated,0,-9999,C20 H26 O8,20,26,8,-9999,-9999,-9999,-9999,-9999,-9999
732,393.155448,393.15543909993175,393.1553291508891,2248664,-9999,375556.9,28.14,-1,0.2796580244868441,0.9859093658368284,0,0.5915456195020969,3,2.066666666666667,0.13333333333333333,N4 S2 P1 O2,de-protonated,0,-9999,C15 H31 O2 N4 P1 S2,15,31,2,4,1,2,-9999,-9999,-9999
733,393.168497,393.1684880903221,393.16837850178905,3291611.3,-9999,437837.7,42.03,-1,0.27873180819321414,0.9860018912679024,0,0.5916011347607415,3,1.8235294117647056,0.4705882352941176,P1 O8,de-protonated,0,-9999,C17 H31 O8 P1,17,31,8,-9999,1,-9999,-9999,-9999,-9999
734,393.169122,393.16911308986187,393.16924788165915,2404315.5,-9999,320872.8,30.21,-1,-0.34283402887081316,0.97889920148964,0,0.587339520893784,2,1.9444444444444444,0.16666666666666666,S2 P1 O3,de-protonated,0,-9999,C18 H35 O3 P1 S2,18,35,3,-9999,1,2,-9999,-9999,-9999
735,393.186286,393.1862770772218,393.186003624799,1360863.6,-9999,494296.9,16.31,-1,0.695478527239435,0.9159761201359546,0,0.5495856720815727,16,0.9285714285714286,0.07142857142857142,O2,de-protonated,0,-9999,C28 H26 O2,28,26,2,-9999,-9999,-9999,-9999,-9999,-9999
735,393.186286,393.1862770772218,393.1860639836691,1360863.6,-9999,494296.9,16.31,-1,0.5419661890938717,0.9480989146584236,0.939732010435162,0.9447521529691189,8,1.5,0.3333333333333333,13C1 N3 O6,de-protonated,1,728,C18 H27 O6 N3 13C1,18,27,6,3,-9999,-9999,1,-9999,-9999
736,393.19192,393.1919110730728,393.1918768515691,1976801,-9999,399086.6,24.52,-1,0.08703512388104331,0.998626449920376,0,0.5991758699522256,7,1.4285714285714286,0.3333333333333333,O7,de-protonated,0,-9999,C21 H30 O7,21,30,7,-9999,-9999,-9999,-9999,-9999,-9999
736,393.19192,393.1919110730728,393.19171466023914,1976801,-9999,399086.6,24.52,-1,0.4995345179515708,0.9557319906080952,0,0.573439194364857,2,2.1875,0.0625,N4 S2 P1 O1,de-protonated,0,-9999,C16 H35 O1 N4 P1 S2,16,35,1,4,1,2,-9999,-9999,-9999
737,393.228212,393.2282030463463,393.2282623609191,3454954,-9999,377103.3,44.2,-1,-0.15084005507635523,0.4979400293922928,0.8077896627745539,0.6218798827451972,6,1.5454545454545454,0.2727272727272727,O6,de-protonated,0,-9999,C22 H34 O6,22,34,6,-9999,-9999,-9999,-9999,-9999,-9999
738,394.16202,394.162010358664,394.1619737037091,1461457,-9999,342544.6,17.65,-1,0.09299465027715773,0.9984320613593258,0,0.5990592368155955,8,1.3888888888888888,0.3888888888888889,N3 O7,de-protonated,0,-9999,C18 H25 O7 N3,18,25,7,3,-9999,-9999,-9999,-9999,-9999
739,394.995733,394.9957227446945,394.9954434023191,1445279.9,-9999,512850.9,17.43,-1,0.7072040450134472,0.9132466299647054,0,0.5479479779788232,20,0.3636363636363637,0.09090909090909093,N2 S2 O2,de-protonated,0,-9999,C22 H8 O2 N2 S2,22,8,2,2,-9999,2,-9999,-9999,-9999
739,394.995733,394.9957227446945,394.9955763440491,1445279.9,-9999,512850.9,17.43,-1,0.37063869616150313,0.9753819333232322,0,0.5852291599939393,7,1.181818181818182,0.9090909090909092,N2 S1 P1 O10,de-protonated,0,-9999,C11 H13 O10 N2 P1 S1,11,13,10,2,1,1,-9999,-9999,-9999
740,394.996245,394.99623474431746,394.99622779272903,1297312,-9999,243251.9,15.46,-1,0.01759912612545352,0.9999438016154092,0,0.5999662809692455,16,0.47368421052631576,0.42105263157894735,P1 O8,de-protonated,0,-9999,C19 H9 O8 P1,19,9,8,-9999,1,-9999,-9999,-9999,-9999
741,395.053331,395.0533207022778,395.05360972840913,2176430.3,-9999,395302.9,27.17,-1,-0.7316124298308857,0.9074456234786196,0,0.5444673740871718,23,0.42857142857142855,0.03571428571428571,S1 O1,de-protonated,0,-9999,C28 H12 O1 S1,28,12,1,-9999,-9999,1,-9999,-9999,-9999
741,395.053331,395.0533207022778,395.052958279729,2176430.3,-9999,395302.9,27.17,-1,0.91740244236593,0.8583767637485941,0,0.5150260582491564,14,0.8,0.15,N2 S2 O3,de-protonated,0,-9999,C20 H16 O3 N2 S2,20,16,3,2,-9999,2,-9999,-9999,-9999
743,395.098358,395.09834766911865,395.09837038797906,2104761.3,-9999,376465.5,25.58,-1,-0.05750178211278775,0.9994002280288324,0,0.5996401368172996,9,1.1111111111111112,0.5555555555555556,O10,de-protonated,0,-9999,C18 H20 O10,18,20,10,-9999,-9999,-9999,-9999,-9999,-9999
743,395.098358,395.09834766911865,395.09820819664907,2104761.3,-9999,376465.5,25.58,-1,0.3530070921374963,0.9776426660155892,0,0.5865855996093534,4,1.9230769230769231,0.3076923076923077,N4 S2 P1 O4,de-protonated,0,-9999,C13 H25 O4 N4 P1 S2,13,25,4,4,1,2,-9999,-9999,-9999
744,395.134674,395.1346636423745,395.13475589732906,2847682.5,-9999,447090.4,35.24,-1,-0.23347719524852217,0.9901576973008548,0,0.5940946183805128,8,1.263157894736842,0.47368421052631576,O9,de-protonated,0,-9999,C19 H24 O9,19,24,9,-9999,-9999,-9999,-9999,-9999,-9999
744,395.134674,395.1346636423745,395.13459370599907,2847682.5,-9999,447090.4,35.24,-1,0.1769938055368541,0.994331916531657,0,0.5965991499189942,3,2.0714285714285716,0.21428571428571427,N4 S2 P1 O3,de-protonated,0,-9999,C14 H29 O3 N4 P1 S2,14,29,3,4,1,2,-9999,-9999,-9999
745,395.135305,395.1352946419098,395.1356252771991,2010306.5,-9999,291096.9,24.36,-1,-0.8367640580517987,0.8806934516323537,0,0.5284160709794122,7,1.4,0.2,S2 O4,de-protonated,0,-9999,C20 H28 O4 S2,20,28,4,-9999,-9999,2,-9999,-9999,-9999
745,395.135305,395.1352946419098,395.1352451546791,2010306.5,-9999,291096.9,24.36,-1,0.12524124661095787,0.9971579565197712,0,0.5982947739118627,12,1.1363636363636365,0.04545454545454545,N2 S1 P1 O1,de-protonated,0,-9999,C22 H25 O1 N2 P1 S1,22,25,1,2,1,1,-9999,-9999,-9999
746,395.169934,395.1699236164081,395.1701098354791,1295563.1,-9999,516233.9,15.06,-1,-0.4712377438533206,0.9605075804973632,0,0.5763045482984178,3,2.0714285714285716,0.5,N4 P1 O7,de-protonated,0,-9999,C14 H29 O7 N4 P1,14,29,7,4,1,-9999,-9999,-9999,-9999
747,395.171105,395.1710946155457,395.17114140667906,3435467.5,-9999,446374.6,42.88,-1,-0.11840726318346093,0.9974592717444174,0,0.5984755630466504,7,1.4,0.4,O8,de-protonated,0,-9999,C20 H28 O8,20,28,8,-9999,-9999,-9999,-9999,-9999,-9999
747,395.171105,395.1710946155457,395.1709792153491,3435467.5,-9999,446374.6,42.88,-1,0.2920259904222902,0.9846453090300236,0,0.590787185418014,2,2.2,0.13333333333333333,N4 S2 P1 O2,de-protonated,0,-9999,C15 H33 O2 N4 P1 S2,15,33,2,4,1,2,-9999,-9999,-9999
748,395.17178,395.1717696150486,395.17201078654904,2802379.8,-9999,384962.5,34.65,-1,-0.6102949951844926,0.934650726261671,0,0.5607904357570026,6,1.5238095238095235,0.14285714285714285,S2 O3,de-protonated,0,-9999,C21 H32 O3 S2,21,32,3,-9999,-9999,2,-9999,-9999,-9999
749,395.207503,395.2074925887411,395.2075269160291,2381780.5,-9999,432248.3,29.18,-1,-0.0868588921292174,0.998632002910438,0,0.5991792017462628,6,1.5238095238095235,0.3333333333333333,O7,de-protonated,0,-9999,C21 H32 O7,21,32,7,-9999,-9999,-9999,-9999,-9999,-9999
749,395.207503,395.2074925887411,395.20736472469906,2381780.5,-9999,432248.3,29.18,-1,0.32353658740206037,0.9811859275447224,0,0.5887115565268334,1,2.3125,0.0625,N4 S2 P1 O1,de-protonated,0,-9999,C16 H37 O1 N4 P1 S2,16,37,1,4,1,2,-9999,-9999,-9999
750,395.208212,395.2082015882191,395.2083962958991,1633492.6,-9999,686034.2,19.46,-1,-0.4926709095531204,0.9569137046605758,0,0.5741482227963455,5,1.6363636363636365,0.09090909090909093,S2 O2,de-protonated,0,-9999,C22 H36 O2 S2,22,36,2,-9999,-9999,2,-9999,-9999,-9999
751,395.243996,395.24398556186674,395.2439124253791,2706909.5,-9999,393446.5,33.41,-1,0.1850414018522102,0.9938063987594716,0,0.5962838392556828,5,1.6363636363636365,0.2727272727272727,O6,de-protonated,0,-9999,C22 H36 O6,22,36,6,-9999,-9999,-9999,-9999,-9999,-9999
752,397.077575,397.077563211568,397.0776349430891,1495719.1,-9999,461156.1,17.66,-1,-0.18064860561905263,0.9940961151488212,0,0.5964576690892927,9,1.0588235294117647,0.6470588235294118,O11,de-protonated,0,-9999,C17 H18 O11,17,18,11,-9999,-9999,-9999,-9999,-9999,-9999
752,397.077575,397.077563211568,397.07747275175905,1495719.1,-9999,461156.1,17.66,-1,0.22781400401885105,0.9906271561465984,0,0.5943762936879591,4,1.9166666666666667,0.4166666666666667,N4 S2 P1 O5,de-protonated,0,-9999,C12 H23 O5 N4 P1 S2,12,23,5,4,1,2,-9999,-9999,-9999
753,397.11396,397.11394818477305,397.1140204524391,2910128.3,-9999,418044.2,36.05,-1,-0.1819821570623209,0.9940088908336576,0,0.5964053345001945,8,1.2222222222222223,0.5555555555555556,O10,de-protonated,0,-9999,C18 H22 O10,18,22,10,-9999,-9999,-9999,-9999,-9999,-9999
753,397.11396,397.11394818477305,397.11385826110904,2910128.3,-9999,418044.2,36.05,-1,0.22644302669360103,0.9907391052257196,0,0.5944434631354318,3,2.076923076923077,0.3076923076923077,N4 S2 P1 O4,de-protonated,0,-9999,C13 H27 O4 N4 P1 S2,13,27,4,4,1,2,-9999,-9999,-9999
754,397.150366,397.1503541579627,397.1504059617891,3402681.3,-9999,456050.7,42.45,-1,-0.13043881016200673,0.9969175412268506,0,0.5981505247361103,7,1.368421052631579,0.47368421052631576,O9,de-protonated,0,-9999,C19 H26 O9,19,26,9,-9999,-9999,-9999,-9999,-9999,-9999
754,397.150366,397.1503541579627,397.1502437704591,3402681.3,-9999,456050.7,42.45,-1,0.27794897602074303,0.9860798605693044,0,0.5916479163415826,2,2.2142857142857144,0.21428571428571427,N4 S2 P1 O3,de-protonated,0,-9999,C14 H31 O3 N4 P1 S2,14,31,3,4,1,2,-9999,-9999,-9999
755,397.15117,397.15115815737056,397.151275341659,1896377.5,-9999,366256.7,22.87,-1,-0.2950620978244703,0.9843269011443728,0,0.5905961406866236,6,1.5,0.2,S2 O4,de-protonated,0,-9999,C20 H30 O4 S2,20,30,4,-9999,-9999,2,-9999,-9999,-9999
755,397.15117,397.15115815737056,397.1508952191391,1896377.5,-9999,366256.7,22.87,-1,0.6620612835657383,0.9235470608497096,0,0.5541282365098258,11,1.2272727272727273,0.04545454545454545,N2 S1 P1 O1,de-protonated,0,-9999,C22 H27 O1 N2 P1 S1,22,27,1,2,1,1,-9999,-9999,-9999
756,397.185595,397.185583132019,397.18575989993906,1743810.1,-9999,470882.6,20.88,-1,-0.4450510010301808,0.964698547263792,0,0.5788191283582752,2,2.2142857142857144,0.5,N4 P1 O7,de-protonated,0,-9999,C14 H31 O7 N4 P1,14,31,7,4,1,-9999,-9999,-9999,-9999
757,397.186829,397.1868171311103,397.1867914711391,5308354.5,-9999,342344.1,67.22,-1,0.06460429132359942,0.990888409200504,0.9917613293407506,0.9912375772566026,6,1.5,0.4,O8,de-protonated,0,-9999,C20 H30 O8,20,30,8,-9999,-9999,-9999,-9999,-9999,-9999
757,397.186829,397.1868171311103,397.1866292798091,5308354.5,-9999,342344.1,67.22,-1,0.47295474538320376,0.9353504604786228,0.9535065615518686,0.942612900907921,1,2.3333333333333335,0.13333333333333333,N4 S2 P1 O2,de-protonated,0,-9999,C15 H35 O2 N4 P1 S2,15,35,2,4,1,2,-9999,-9999,-9999
758,397.223213,397.2232011043161,397.2231769804891,2768843.5,-9999,389042.6,34.21,-1,0.06073116665626009,0.9993309913046288,0,0.5995985947827772,5,1.619047619047619,0.3333333333333333,O7,de-protonated,0,-9999,C21 H34 O7,21,34,7,-9999,-9999,-9999,-9999,-9999,-9999
758,397.223213,397.2232011043161,397.2230147891591,2768843.5,-9999,389042.6,34.21,-1,0.4690442144980602,0.9608671124120975,0,0.5765202674472586,0,2.4375,0.0625,N4 S2 P1 O1,de-protonated,0,-9999,C16 H39 O1 N4 P1 S2,16,39,1,4,1,2,-9999,-9999,-9999
759,397.223907,397.223895103805,397.22404636035907,1995467.8,-9999,466184,24.16,-1,-0.3807839819280019,0.9740336635993504,0,0.5844201981596101,4,1.7272727272727273,0.09090909090909093,S2 O2,de-protonated,0,-9999,C22 H38 O2 S2,22,38,2,-9999,-9999,2,-9999,-9999,-9999
760,397.226488,397.2264761019043,397.2265482838091,1905612.4,-9999,385760.8,22.99,-1,-0.18171470435657328,0.9940264350703942,0,0.5964158610422365,0,2.111111111111111,0.3888888888888889,S1 O7,de-protonated,0,-9999,C18 H38 O7 S1,18,38,7,-9999,-9999,1,-9999,-9999,-9999
760,397.226488,397.2264761019043,397.2261681612891,1905612.4,-9999,385760.8,22.99,-1,0.7752274143195814,0.8966886435264491,0,0.5380131861158695,5,1.75,0.2,N2 P1 O4,de-protonated,0,-9999,C20 H35 O4 N2 P1,20,35,4,2,1,-9999,-9999,-9999,-9999
762,397.259626,397.25961407750054,397.2595624898391,1319124.6,-9999,359395.5,15.36,-1,0.12985882866263654,0.996944850075042,0,0.5981669100450252,4,1.7272727272727273,0.2727272727272727,O6,de-protonated,0,-9999,C22 H38 O6,22,38,6,-9999,-9999,-9999,-9999,-9999,-9999
763,398.190283,398.1902703921387,398.19014630620904,1213630,-9999,367694.9,13.99,-1,0.31162481257702795,0.9825338467157144,0.9917613293407506,0.9862248397657288,6,1.5789473684210529,0.42105263157894735,13C1 O8,de-protonated,1,757,C19 H30 O8 13C1,19,30,8,-9999,-9999,-9999,1,-9999,-9999
763,398.190283,398.1902703921387,398.1899841148791,1213630,-9999,367694.9,13.99,-1,0.718946410175545,0.9104758427507,0.9535065615518686,0.9276881302711676,1,2.5,0.14285714285714285,13C1 N4 S2 P1 O2,de-protonated,1,757,C14 H35 O2 N4 P1 S2 13C1,14,35,2,4,1,2,1,-9999,-9999
764,399.093309,399.0932957271252,399.093285007549,1641889.3,-9999,316650.3,19.55,-1,0.02685982575704039,0.99986910236961,0,0.599921461421766,8,1.1764705882352942,0.6470588235294118,O11,de-protonated,0,-9999,C17 H20 O11,17,20,11,-9999,-9999,-9999,-9999,-9999,-9999
764,399.093309,399.0932957271252,399.0931228162191,1641889.3,-9999,316650.3,19.55,-1,0.4332595482161033,0.9665130974851496,0,0.5799078584910896,3,2.0833333333333335,0.4166666666666667,N4 S2 P1 O5,de-protonated,0,-9999,C12 H25 O5 N4 P1 S2,12,25,5,4,1,2,-9999,-9999,-9999
765,399.129671,399.1296577003472,399.12967051689907,2515370.3,-9999,318826.3,30.91,-1,-0.03211124809771992,0.99981291990869,0,0.599887751945214,7,1.3333333333333333,0.5555555555555556,O10,de-protonated,0,-9999,C18 H24 O10,18,24,10,-9999,-9999,-9999,-9999,-9999,-9999
765,399.129671,399.1296577003472,399.129508325569,2515370.3,-9999,318826.3,30.91,-1,0.37425140226232206,0.9749057794269425,0,0.58494346765616545,2,2.230769230769231,0.3076923076923077,N4 S2 P1 O4,de-protonated,0,-9999,C13 H29 O4 N4 P1 S2,13,29,4,4,1,2,-9999,-9999,-9999
766,399.166153,399.1661396734808,399.1660560262491,2850739.5,-9999,331372.1,35.27,-1,0.20955497199145484,0.9920636523223336,0,0.5952381913934002,6,1.4736842105263157,0.47368421052631576,O9,de-protonated,0,-9999,C19 H28 O9,19,28,9,-9999,-9999,-9999,-9999,-9999,-9999
766,399.166153,399.1661396734808,399.16589383491913,2850739.5,-9999,331372.1,35.27,-1,0.6158806788828294,0.9334899129494448,0,0.5600939477696669,1,2.357142857142857,0.21428571428571427,N4 S2 P1 O3,de-protonated,0,-9999,C14 H33 O3 N4 P1 S2,14,33,3,4,1,2,-9999,-9999,-9999
767,399.18886,399.1888466567587,399.1885228048291,1177273.3,-9999,330460.6,13.51,-1,0.8112756533192171,0.8874316695423331,0,0.5324590017253998,6,1.6470588235294117,0.4117647058823529,N4 O7,de-protonated,0,-9999,C17 H28 O7 N4,17,28,7,4,-9999,-9999,-9999,-9999,-9999
768,399.201323,399.2013096475807,399.2014099643991,1309116.4,-9999,663313.4,15.23,-1,-0.2512937477533561,0.9886071743890664,0,0.5931643046334399,1,2.357142857142857,0.5,N4 P1 O7,de-protonated,0,-9999,C14 H33 O7 N4 P1,14,33,7,4,1,-9999,-9999,-9999,-9999
769,399.202401,399.2023876467868,399.2024415355991,5129660.5,-9999,358938.6,64.89,-1,-0.13499118920738462,0.997422950822014,0.9784422214522764,0.9898306590741188,5,1.6,0.4,O8,de-protonated,0,-9999,C20 H32 O8,20,32,8,-9999,-9999,-9999,-9999,-9999,-9999
769,399.202401,399.2023876467868,399.2022793442691,5129660.5,-9999,358938.6,64.89,-1,0.2712973430631729,0.985043450014205,0.9401874536633944,0.9671010514738808,0,2.466666666666667,0.13333333333333333,N4 S2 P1 O2,de-protonated,0,-9999,C15 H37 O2 N4 P1 S2,15,37,2,4,1,2,-9999,-9999,-9999
770,399.217735,399.2177216354944,399.2176976768891,9355713,-9999,393974.3,119.82,-1,0.06001388578375929,0.99205980013364925,0.9800075284255612,0.987238891450414,9,1.3333333333333333,0.20833333333333337,O5,de-protonated,0,-9999,C24 H32 O5,24,32,5,-9999,-9999,-9999,-9999,-9999,-9999
771,399.238906,399.2388926199035,399.2388270449491,1869765.9,-9999,444281.1,22.51,-1,0.16424994244150315,0.9951168310567482,0,0.5970700986340489,4,1.7142857142857142,0.3333333333333333,O7,de-protonated,0,-9999,C21 H36 O7,21,36,7,-9999,-9999,-9999,-9999,-9999,-9999
772,399.239423,399.23940961952275,399.2396964248191,1774534,-9999,383137.6,21.28,-1,-0.7183787056329205,0.9106106557559792,0,0.5463663934535875,3,1.818181818181818,0.09090909090909093,S2 O2,de-protonated,0,-9999,C22 H40 O2 S2,22,40,2,-9999,-9999,2,-9999,-9999,-9999
773,400.197732,400.1977179137973,400.1976905077991,2542264,-9999,390455.3,31.25,-1,0.06848115016494634,0.9991494278569808,0,0.5994896567141885,5,1.631578947368421,0.42105263157894735,N1 O8,de-protonated,0,-9999,C19 H31 O8 N1,19,31,8,1,-9999,-9999,-9999,-9999,-9999
774,400.198568,400.1985539131816,400.1985598876691,1935544.1,-9999,513493,23.37,-1,-0.01492880800578566,0.9999595614744176,0,0.5999757368846506,4,1.75,0.15,N1 S2 O3,de-protonated,0,-9999,C20 H35 O3 N1 S2,20,35,3,1,-9999,2,-9999,-9999,-9999
775,400.20577,400.2057559078778,400.2057963706691,1277626,-9999,397419.2,14.81,-1,-0.10110496060459236,0.9981469119609948,0.9784422214522764,0.9902650357575076,5,1.6842105263157894,0.42105263157894735,13C1 O8,de-protonated,1,769,C19 H32 O8 13C1,19,32,8,-9999,-9999,-9999,1,-9999,-9999
775,400.20577,400.2057559078778,400.2056341793391,1277626,-9999,397419.2,14.81,-1,0.3041649799989238,0.9833531485431471,0.9401874536633944,0.966086870591246,0,2.642857142857143,0.14285714285714285,13C1 N4 S2 P1 O2,de-protonated,1,769,C14 H37 O2 N4 P1 S2 13C1,14,37,2,4,1,2,1,-9999,-9999
777,400.221183,400.2211688965273,400.2210525119591,2139070,-9999,343621.5,26.01,-1,0.2908007148614736,0.9847729044237216,0.9800075284255612,0.9828667540244576,9,1.391304347826087,0.21739130434782608,13C1 O5,de-protonated,1,770,C23 H32 O5 13C1,23,32,5,-9999,-9999,-9999,1,-9999,-9999
779,401.1089,401.1088852427877,401.10893507200905,1371038.8,-9999,447799.6,16.03,-1,-0.12422864954673858,0.9972036635022484,0,0.598322198101349,7,1.2941176470588236,0.6470588235294118,O11,de-protonated,0,-9999,C17 H22 O11,17,22,11,-9999,-9999,-9999,-9999,-9999,-9999
779,401.1089,401.1088852427877,401.10877288067906,1371038.8,-9999,447799.6,16.03,-1,0.2801287736972544,0.9858622254990698,0,0.5915173352994418,2,2.25,0.4166666666666667,N4 S2 P1 O5,de-protonated,0,-9999,C12 H27 O5 N4 P1 S2,12,27,5,4,1,2,-9999,-9999,-9999
780,401.14534,401.14532521595225,401.14532058135904,1750184,-9999,391338.1,20.95,-1,0.01155340215317215,0.9999757803228204,0,0.5999854681936923,6,1.4444444444444444,0.5555555555555556,O10,de-protonated,0,-9999,C18 H26 O10,18,26,10,-9999,-9999,-9999,-9999,-9999,-9999
780,401.14534,401.14532521595225,401.14515839002905,1750184,-9999,391338.1,20.95,-1,0.4158742034217396,0.9691055020139818,0,0.5814633012083891,1,2.3846153846153846,0.3076923076923077,N4 S2 P1 O4,de-protonated,0,-9999,C13 H31 O4 N4 P1 S2,13,31,4,4,1,2,-9999,-9999,-9999
781,401.146223,401.146208215302,401.146189961229,1222824.1,-9999,505290.5,14.1,-1,0.04550478962694569,0.9996243473426276,0,0.5997746084055765,5,1.5789473684210529,0.2631578947368421,S2 O5,de-protonated,0,-9999,C19 H30 O5 S2,19,30,5,-9999,-9999,2,-9999,-9999,-9999
781,401.146223,401.146208215302,401.1458098387091,1222824.1,-9999,505290.5,14.1,-1,0.9930967322282462,0.8361459033968013,0,0.5016875420380807,10,1.2857142857142858,0.09523809523809525,N2 S1 P1 O2,de-protonated,0,-9999,C21 H27 O2 N2 P1 S1,21,27,2,2,1,1,-9999,-9999,-9999
782,401.173565,401.17355019516657,401.1734638822191,1928111.1,-9999,466945.1,23.27,-1,0.21515118831260513,0.9916359094539606,0,0.5949815456723764,5,1.631578947368421,0.3684210526315789,P1 O7,de-protonated,0,-9999,C19 H31 O7 P1,19,31,7,-9999,1,-9999,-9999,-9999,-9999
783,401.174159,401.17414419472914,401.17433326208914,1765551.3,-9999,416405.3,21.15,-1,-0.4712847864916469,0.9604998530458428,0,0.5762999118275056,4,1.75,0.1,S2 P1 O2,de-protonated,0,-9999,C20 H35 O2 P1 S2,20,35,2,-9999,1,2,-9999,-9999,-9999
784,401.181722,401.1817071891595,401.18170609070904,2623921.3,-9999,429245,32.31,-1,0.00273803728257146,0.999998639707675,0,0.5999991838246049,5,1.5789473684210529,0.47368421052631576,O9,de-protonated,0,-9999,C19 H30 O9,19,30,9,-9999,-9999,-9999,-9999,-9999,-9999
784,401.181722,401.1817071891595,401.1815438993792,2623921.3,-9999,429245,32.31,-1,0.4070221644768169,0.9703872433492312,0,0.5822323460095387,0,2.5,0.21428571428571427,N4 S2 P1 O3,de-protonated,0,-9999,C14 H35 O3 N4 P1 S2,14,35,3,4,1,2,-9999,-9999,-9999
785,401.182483,401.1824681885991,401.1825754705791,1616561.4,-9999,437200.4,19.22,-1,-0.26741435580281575,0.9871083435789404,0,0.5922650061473642,4,1.7,0.2,S2 O4,de-protonated,0,-9999,C20 H34 O4 S2,20,34,4,-9999,-9999,2,-9999,-9999,-9999
785,401.182483,401.1824681885991,401.1821953480591,1616561.4,-9999,437200.4,19.22,-1,0.6800913479108689,0.919500753006235,0,0.5517004518037409,9,1.4090909090909092,0.04545454545454545,N2 S1 P1 O1,de-protonated,0,-9999,C22 H31 O1 N2 P1 S1,22,31,1,2,1,1,-9999,-9999,-9999
786,401.204184,401.2041691726179,401.2039761647991,2188727,-9999,391144.1,26.65,-1,0.48107155039085847,0.958876838049249,0,0.5753261028295493,13,1.148148148148148,0.03703703703703703,P1 O1,de-protonated,0,-9999,C27 H31 O1 P1,27,31,1,-9999,1,-9999,-9999,-9999,-9999
786,401.204184,401.2041691726179,401.2041728692891,2188727,-9999,391144.1,26.65,-1,-0.00921393998821186,0.999984595725755,0,0.599990757435453,5,1.7647058823529411,0.4117647058823529,N4 O7,de-protonated,0,-9999,C17 H30 O7 N4,17,30,7,4,-9999,-9999,-9999,-9999,-9999
787,401.210194,401.210179168192,401.2098493915691,1333048.4,-9999,327199.2,15.53,-1,0.8219554514706818,0.8846274477286952,0,0.5307764686372171,4,1.75,0.3,P1 O6,de-protonated,0,-9999,C20 H35 O6 P1,20,35,6,-9999,1,-9999,-9999,-9999,-9999
788,401.218073,401.2180581623897,401.21809160005904,3288506.5,-9999,403939.7,40.95,-1,-0.08334038281061613,0.9987405202941372,0,0.5992443121764823,4,1.7,0.4,O8,de-protonated,0,-9999,C20 H34 O8,20,34,8,-9999,-9999,-9999,-9999,-9999,-9999
789,401.240559,401.2405441458304,401.2405583786391,1151424.1,-9999,559915.5,13.17,-1,-0.03547200906384921,0.9997717158149332,0,0.5998630294889599,4,1.8888888888888888,0.3333333333333333,N4 O6,de-protonated,0,-9999,C18 H34 O6 N4,18,34,6,4,-9999,-9999,-9999,-9999,-9999
790,401.254487,401.25447213557334,401.2544771094091,1427779.6,-9999,423316.8,16.76,-1,-0.01239571404489586,0.9999721201217976,0,0.5999832720730786,3,1.8095238095238095,0.3333333333333333,O7,de-protonated,0,-9999,C21 H38 O7,21,38,7,-9999,-9999,-9999,-9999,-9999,-9999
791,402.268368,402.2683523889231,402.2683535262191,3953349.5,-9999,335509.6,49.59,-1,-0.00282720712042963,0.49999927483176937,0.8149093904448104,0.6259633210769857,2,1.9523809523809523,0.1904761904761905,N1 S1 O4,de-protonated,0,-9999,C21 H41 O4 N1 S1,21,41,4,1,-9999,1,-9999,-9999,-9999
791,402.268368,402.2683523889231,402.2679734036991,3953349.5,-9999,335509.6,49.59,-1,0.9421212949436968,0.4256236900023673,0.8007932653391622,0.5756915201370854,7,1.6521739130434785,0.04347826086956521,N3 P1 O1,de-protonated,0,-9999,C23 H38 O1 N3 P1,23,38,1,3,1,-9999,-9999,-9999,-9999
792,403.161015,403.160998731553,403.1609706458191,1203241.3,-9999,364562.7,13.84,-1,0.06966382151805654,0.9991198084066985,0,0.599471885044019,5,1.5555555555555556,0.5555555555555556,O10,de-protonated,0,-9999,C18 H28 O10,18,28,10,-9999,-9999,-9999,-9999,-9999,-9999
793,403.183393,403.1833767150732,403.1832407199091,1563055,-9999,431002.2,18.52,-1,0.3373036136150054,0.9795675370501248,0,0.5877405222300748,13,1.1153846153846154,0.07692307692307693,P1 O2,de-protonated,0,-9999,C26 H29 O2 P1,26,29,2,-9999,1,-9999,-9999,-9999,-9999
793,403.183393,403.1833767150732,403.1834374243991,1563055,-9999,431002.2,18.52,-1,-0.1505749499422852,0.9958944981138514,0,0.5975366988683108,5,1.75,0.5,N4 O8,de-protonated,0,-9999,C16 H28 O8 N4,16,28,8,4,-9999,-9999,-9999,-9999,-9999
794,403.189239,403.189222710768,403.1891139466791,2118064.5,-9999,384095.8,25.73,-1,0.2697594879042136,0.9868827372981908,0,0.5921296423789144,4,1.736842105263158,0.3684210526315789,P1 O7,de-protonated,0,-9999,C19 H33 O7 P1,19,33,7,-9999,1,-9999,-9999,-9999,-9999
795,403.194839,403.194822706644,403.1948542317191,2195378,-9999,403050.1,26.73,-1,-0.07818818805952384,0.9988913479255448,0,0.599334808755327,8,1.391304347826087,0.17391304347826086,S1 O4,de-protonated,0,-9999,C23 H32 O4 S1,23,32,4,-9999,-9999,1,-9999,-9999,-9999
795,403.194839,403.194822706644,403.1944741091991,2195378,-9999,403050.1,26.73,-1,0.8645888455037907,0.8731609201746972,0,0.5238965521048182,13,1.16,0.04,N2 P1 O1,de-protonated,0,-9999,C25 H29 O1 N2 P1,25,29,1,2,1,-9999,-9999,-9999,-9999
797,403.197262,403.19724570485965,403.1973561551691,1726130.5,-9999,248522,20.63,-1,-0.2739360954009657,0.9864761915904088,0,0.5918857149542452,4,1.6842105263157894,0.47368421052631576,O9,de-protonated,0,-9999,C19 H32 O9,19,32,9,-9999,-9999,-9999,-9999,-9999,-9999
798,403.233746,403.2337296779918,403.2337416645191,1413563.9,-9999,342472.4,16.57,-1,-0.02972600267563309,0.9998396784002992,0,0.5999038070401794,3,1.8,0.4,O8,de-protonated,0,-9999,C20 H36 O8,20,36,8,-9999,-9999,-9999,-9999,-9999,-9999
799,405.082687,405.0826693163801,405.0827203235191,1196950.3,-9999,476329,13.41,-1,-0.12591783467338608,0.99712721082521,0,0.598276326495126,11,0.9473684210526316,0.5263157894736842,O10,de-protonated,0,-9999,C19 H18 O10,19,18,10,-9999,-9999,-9999,-9999,-9999,-9999
799,405.082687,405.0826693163801,405.08255813218904,1196950.3,-9999,476329,13.41,-1,0.2744729162227223,0.9864234973956816,0,0.591854098437409,6,1.6428571428571428,0.2857142857142857,N4 S2 P1 O4,de-protonated,0,-9999,C14 H23 O4 N4 P1 S2,14,23,4,4,1,2,-9999,-9999,-9999
800,405.119082,405.11906428957775,405.11910583286914,1286047.6,-9999,329611.9,14.54,-1,-0.10254587056039316,0.9980937672850976,0,0.5988562603710585,10,1.1,0.45,O9,de-protonated,0,-9999,C20 H22 O9,20,22,9,-9999,-9999,-9999,-9999,-9999,-9999
800,405.119082,405.11906428957775,405.11894364153915,1286047.6,-9999,329611.9,14.54,-1,0.29780892870286146,0.9840360832225352,0,0.5904216499335212,5,1.8,0.2,N4 S2 P1 O3,de-protonated,0,-9999,C15 H27 O3 N4 P1 S2,15,27,3,4,1,2,-9999,-9999,-9999
801,405.15561,405.15559226267754,405.155491342219,1670569.1,-9999,424651.5,19.42,-1,0.2490906841402535,0.9888049404887772,0,0.5932829642932663,9,1.238095238095238,0.380952380952381,O8,de-protonated,0,-9999,C21 H26 O8,21,26,8,-9999,-9999,-9999,-9999,-9999,-9999
801,405.15561,405.15559226267754,405.1553291508891,1670569.1,-9999,424651.5,19.42,-1,0.6494096696385375,0.9263317157503946,0,0.5557990294502367,4,1.9375,0.125,N4 S2 P1 O2,de-protonated,0,-9999,C16 H31 O2 N4 P1 S2,16,31,2,4,1,2,-9999,-9999,-9999
802,405.19186,405.191842235982,405.1918768515691,1467314.4,-9999,413537.9,16.84,-1,-0.0854301111659104,0.9986766088016438,0,0.5992059652809862,8,1.3636363636363635,0.3181818181818182,O7,de-protonated,0,-9999,C22 H30 O7,22,30,7,-9999,-9999,-9999,-9999,-9999,-9999
802,405.19186,405.191842235982,405.19171466023914,1467314.4,-9999,413537.9,16.84,-1,0.31485279248263776,0.9821733859135118,0,0.5893040315481071,3,2.0588235294117645,0.0588235294117647,N4 S2 P1 O1,de-protonated,0,-9999,C17 H35 O1 N4 P1 S2,17,35,1,4,1,2,-9999,-9999,-9999
803,405.192604,405.1925862354341,405.1927462314391,1136562.6,-9999,477300.3,12.65,-1,-0.3948639419795493,0.9721054123550344,0,0.5832632474130206,7,1.4782608695652173,0.08695652173913043,S2 O2,de-protonated,0,-9999,C23 H34 O2 S2,23,34,2,-9999,-9999,2,-9999,-9999,-9999
804,405.204933,405.2049152263547,405.2047640111391,1999285.8,-9999,351170.9,23.58,-1,0.37318222537674456,0.9750471536251832,0,0.5850282921751099,3,1.8421052631578947,0.3684210526315789,P1 O7,de-protonated,0,-9999,C19 H35 O7 P1,19,35,7,-9999,1,-9999,-9999,-9999,-9999
805,406.198377,406.1983584947547,406.1983592130591,3889846.3,-9999,329196.7,47.55,-1,-0.00176835860424602,0.9874694522182592,0.9255993122933144,0.9627213962482812,8,1.45,0.3,N3 O6,de-protonated,0,-9999,C20 H29 O6 N3,20,29,6,3,-9999,-9999,-9999,-9999,-9999
806,406.975689,406.9756699223205,406.97596780453904,1434495.8,-9999,548132,16.42,-1,-0.7319405618808925,0.9073665533180942,0,0.5444199319908565,21,0.375,0.04166666666666666,S2 P1 O1,de-protonated,0,-9999,C24 H9 O1 P1 S2,24,9,1,-9999,1,2,-9999,-9999,-9999
806,406.975689,406.9756699223205,406.97529512915906,1434495.8,-9999,548132,16.42,-1,0.9209236184917138,0.8573691663151028,0,0.5144214997890617,14,0.3076923076923077,0.9230769230769232,N4 O12,de-protonated,0,-9999,C13 H4 O12 N4,13,4,12,4,-9999,-9999,-9999,-9999,-9999
807,407.098475,407.09845583189747,407.09837038797906,1282207.6,-9999,310603.6,14.49,-1,0.2098851889942832,0.9920387203089314,0,0.5952232321853588,10,1.0526315789473684,0.5263157894736842,O10,de-protonated,0,-9999,C19 H20 O10,19,20,10,-9999,-9999,-9999,-9999,-9999,-9999
807,407.098475,407.09845583189747,407.0988596453291,1282207.6,-9999,310603.6,14.49,-1,-0.9919296556418538,0.8364974580237617,0,0.501898474814257,14,0.9545454545454546,0.09090909090909093,N2 S1 P1 O2,de-protonated,0,-9999,C22 H21 O2 N2 P1 S1,22,21,2,2,1,1,-9999,-9999,-9999
807,407.098475,407.09845583189747,407.09820819664907,1282207.6,-9999,310603.6,14.49,-1,0.608293633854381,0.9350644228104316,0,0.5610386536862588,5,1.7857142857142858,0.2857142857142857,N4 S2 P1 O4,de-protonated,0,-9999,C14 H25 O4 N4 P1 S2,14,25,4,4,1,2,-9999,-9999,-9999
808,407.107442,407.1074228252939,407.1077533024991,1130146,-9999,424474.2,12.56,-1,-0.8117683891900128,0.8873029033877916,0,0.532381742032675,23,0.5333333333333333,0.06666666666666667,O2,de-protonated,0,-9999,C30 H16 O2,30,16,2,-9999,-9999,-9999,-9999,-9999,-9999
808,407.107442,407.1074228252939,407.1071018538191,1130146,-9999,424474.2,12.56,-1,0.7884202299988455,0.8933385314265039,0,0.5360031188559023,14,0.9090909090909092,0.18181818181818185,N2 S1 O4,de-protonated,0,-9999,C22 H20 O4 N2 S1,22,20,4,2,-9999,1,-9999,-9999,-9999
809,407.134766,407.1347468051718,407.13475589732906,2235305,-9999,380716.6,26.57,-1,-0.02233205867275867,0.9999095118522172,0,0.5999457071113303,9,1.2,0.45,O9,de-protonated,0,-9999,C20 H24 O9,20,24,9,-9999,-9999,-9999,-9999,-9999,-9999
809,407.134766,407.1347468051718,407.13459370599907,2235305,-9999,380716.6,26.57,-1,0.37604068802254415,0.9746683286184692,0,0.5848009971710815,4,1.9333333333333331,0.2,N4 S2 P1 O3,de-protonated,0,-9999,C15 H29 O3 N4 P1 S2,15,29,3,4,1,2,-9999,-9999,-9999
810,407.135467,407.13544780465554,407.1356252771991,1608617.3,-9999,402258.4,18.62,-1,-0.43590521815533995,0.9661099084182656,0,0.5796659450509594,8,1.3333333333333333,0.1904761904761905,S2 O4,de-protonated,0,-9999,C21 H28 O4 S2,21,28,4,-9999,-9999,2,-9999,-9999,-9999
810,407.135467,407.13544780465554,407.1352451546791,1608617.3,-9999,402258.4,18.62,-1,0.4977460900950083,0.9560413398298592,0,0.5736248038979156,13,1.0869565217391304,0.04347826086956521,N2 S1 P1 O1,de-protonated,0,-9999,C23 H25 O1 N2 P1 S1,23,25,1,2,1,1,-9999,-9999,-9999
811,407.171136,407.1711167783879,407.17114140667906,2217906.5,-9999,414420,26.35,-1,-0.06048633769201858,0.9993363726700932,0,0.5996018236020558,8,1.3333333333333333,0.380952380952381,O8,de-protonated,0,-9999,C21 H28 O8,21,28,8,-9999,-9999,-9999,-9999,-9999,-9999
811,407.171136,407.1711167783879,407.1709792153491,2217906.5,-9999,414420,26.35,-1,0.3378507943814752,0.9795018760358036,0,0.5877011256214821,3,2.0625,0.125,N4 S2 P1 O2,de-protonated,0,-9999,C16 H33 O2 N4 P1 S2,16,33,2,4,1,2,-9999,-9999,-9999
812,407.184173,407.18415376878704,407.1840285662491,1304245.9,-9999,429821.3,14.77,-1,0.30748391187987617,0.982991002378189,0,0.5897946014269134,3,1.8333333333333333,0.4444444444444444,P1 O8,de-protonated,0,-9999,C18 H33 O8 P1,18,33,8,-9999,1,-9999,-9999,-9999,-9999
813,407.201581,407.2015617559673,407.2016536892591,1312186.5,-9999,534538.6,14.87,-1,-0.22576846377188667,0.9907939441859698,0,0.5944763665115819,16,0.9655172413793104,0.06896551724137931,O2,de-protonated,0,-9999,C29 H28 O2,29,28,2,-9999,-9999,-9999,-9999,-9999,-9999
813,407.201581,407.2015617559673,407.20171404812913,1312186.5,-9999,534538.6,14.87,-1,-0.3739968584977071,0.9749394718431208,0.9255993122933144,0.955203408023198,8,1.5263157894736843,0.3157894736842105,13C1 N3 O6,de-protonated,1,805,C19 H29 O6 N3 13C1,19,29,6,3,-9999,-9999,1,-9999,-9999
814,407.202487,407.2024677553002,407.2026560108591,1221306.8,-9999,350870.3,13.71,-1,-0.4623141723597301,0.9619605619945206,0,0.5771763371967124,2,1.9473684210526316,0.2631578947368421,S1 P1 O5,de-protonated,0,-9999,C19 H37 O5 P1 S1,19,37,5,-9999,1,1,-9999,-9999,-9999
815,407.207618,407.2075987515216,407.2075269160291,2358716,-9999,398766.6,28.14,-1,0.17641003103986624,0.9943691393896188,0,0.5966214836337713,7,1.4545454545454546,0.3181818181818182,O7,de-protonated,0,-9999,C22 H32 O7,22,32,7,-9999,-9999,-9999,-9999,-9999,-9999
815,407.207618,407.2075987515216,407.20736472469906,2358716,-9999,398766.6,28.14,-1,0.5747116648280348,0.9418292150134996,0,0.5650975290080996,2,2.176470588235294,0.0588235294117647,N4 S2 P1 O1,de-protonated,0,-9999,C17 H37 O1 N4 P1 S2,17,37,1,4,1,2,-9999,-9999,-9999
816,407.208435,407.2084157509198,407.2083962958991,1373244.3,-9999,449758.3,15.64,-1,0.0477765706619265,0.99958591085943,0,0.599751546515658,6,1.565217391304348,0.08695652173913043,S2 O2,de-protonated,0,-9999,C23 H36 O2 S2,23,36,2,-9999,-9999,2,-9999,-9999,-9999
817,408.141288,408.14126806394086,408.1412382588191,1129391.1,-9999,373210.6,12.55,-1,0.07302648926801976,0.999032826097137,0,0.5994196956582821,9,1.2777777777777777,0.4444444444444444,N3 O8,de-protonated,0,-9999,C18 H23 O8 N3,18,23,8,3,-9999,-9999,-9999,-9999,-9999
818,408.177794,408.1777740370569,408.1776237681691,3957432.8,-9999,319150.7,48.4,-1,0.368145824270303,0.4878539671307275,0.8295321147073604,0.6245252261613807,8,1.4210526315789471,0.3684210526315789,N3 O7,de-protonated,0,-9999,C19 H27 O7 N3,19,27,7,3,-9999,-9999,-9999,-9999,-9999
819,409.011544,409.01152342306005,409.01187785718906,4248466.5,-9999,355938.7,52.09,-1,-0.8665619464767612,0.4363099597847616,0.8221557383861047,0.5906482712252988,16,0.55,0.4,P1 O8,de-protonated,0,-9999,C20 H11 O8 P1,20,11,8,-9999,1,-9999,-9999,-9999,-9999
819,409.011544,409.01152342306005,409.01122640850906,4248466.5,-9999,355938.7,52.09,-1,0.7261770137776006,0.90875123589586,0,0.545250741537516,7,1.25,0.8333333333333334,N2 S1 P1 O10,de-protonated,0,-9999,C12 H15 O10 N2 P1 S1,12,15,10,2,1,1,-9999,-9999,-9999
820,409.077617,409.0775963744021,409.0776349430891,1279652,-9999,525110.3,14.45,-1,-0.09428207203565872,0.99838838288184,0,0.599033029729104,10,1,0.6111111111111112,O11,de-protonated,0,-9999,C18 H18 O11,18,18,11,-9999,-9999,-9999,-9999,-9999,-9999
820,409.077617,409.0775963744021,409.07747275175905,1279652,-9999,525110.3,14.45,-1,0.30219860842198354,0.98356591787195,0,0.5901395507231699,5,1.7692307692307692,0.38461538461538464,N4 S2 P1 O5,de-protonated,0,-9999,C13 H23 O5 N4 P1 S2,13,23,5,4,1,2,-9999,-9999,-9999
821,409.114106,409.11408534753053,409.1140204524391,2323885.5,-9999,337824.3,27.69,-1,0.15862348439993135,0.9954449013199492,0,0.5972669407919696,9,1.1578947368421053,0.5263157894736842,O10,de-protonated,0,-9999,C19 H22 O10,19,22,10,-9999,-9999,-9999,-9999,-9999,-9999
821,409.114106,409.11408534753053,409.11385826110904,2323885.5,-9999,337824.3,27.69,-1,0.5550690031730527,0.945629316013029,0,0.5673775896078174,4,1.9285714285714288,0.2857142857142857,N4 S2 P1 O4,de-protonated,0,-9999,C14 H27 O4 N4 P1 S2,14,27,4,4,1,2,-9999,-9999,-9999
822,409.150477,409.15045632074595,409.1504059617891,3020727,-9999,354373.4,36.52,-1,0.12308177169433714,0.9972549860789456,0,0.5983529916473674,8,1.3,0.45,O9,de-protonated,0,-9999,C20 H26 O9,20,26,9,-9999,-9999,-9999,-9999,-9999,-9999
822,409.150477,409.15045632074595,409.1502437704591,3020727,-9999,354373.4,36.52,-1,0.5194920205543865,0.9522116832921124,0,0.5713270099752674,3,2.066666666666667,0.2,N4 S2 P1 O3,de-protonated,0,-9999,C15 H31 O3 N4 P1 S2,15,31,3,4,1,2,-9999,-9999,-9999
823,409.186847,409.1868262939621,409.1867914711391,2209728.5,-9999,394482.9,26.24,-1,0.08510250985591702,0.998686732378962,0,0.5992120394273772,7,1.4285714285714286,0.380952380952381,O8,de-protonated,0,-9999,C21 H30 O8,21,30,8,-9999,-9999,-9999,-9999,-9999,-9999
823,409.186847,409.1868262939621,409.1866292798091,2209728.5,-9999,394482.9,26.24,-1,0.4814774941092216,0.958808856672803,0,0.5752853140036818,2,2.1875,0.125,N4 S2 P1 O2,de-protonated,0,-9999,C16 H35 O2 N4 P1 S2,16,35,2,4,1,2,-9999,-9999,-9999
824,409.187621,409.18760029339205,409.187660851009,1473984.9,-9999,382401.7,16.91,-1,-0.14799472910005562,0.996033717622164,0,0.5976202305732984,6,1.5454545454545454,0.13636363636363635,S2 O3,de-protonated,0,-9999,C22 H34 O3 S2,22,34,3,-9999,-9999,2,-9999,-9999,-9999
825,409.223279,409.2232582671325,409.2231769804891,2926026.3,-9999,324950.3,35.32,-1,0.19863646047970204,0.9928662470527432,0,0.5957197482316459,6,1.5454545454545454,0.3181818181818182,O7,de-protonated,0,-9999,C22 H34 O7,22,34,7,-9999,-9999,-9999,-9999,-9999,-9999
825,409.223279,409.2232582671325,409.2230147891591,2926026.3,-9999,324950.3,35.32,-1,0.5949762467257851,0.9377871803178466,0,0.5626723081907079,1,2.2941176470588234,0.0588235294117647,N4 S2 P1 O1,de-protonated,0,-9999,C17 H39 O1 N4 P1 S2,17,39,1,4,1,2,-9999,-9999,-9999
826,411.093338,411.0933158899689,411.093285007549,1907382.6,-9999,398506.5,22.4,-1,0.07512265694352707,0.9989765341172968,0,0.599385920470378,9,1.1111111111111112,0.6111111111111112,O11,de-protonated,0,-9999,C18 H20 O11,18,20,11,-9999,-9999,-9999,-9999,-9999,-9999
826,411.093338,411.0933158899689,411.0931228162191,1907382.6,-9999,398506.5,22.4,-1,0.4696594009896036,0.960766435546664,0,0.5764598613279983,4,1.9230769230769231,0.38461538461538464,N4 S2 P1 O5,de-protonated,0,-9999,C13 H25 O5 N4 P1 S2,13,25,5,4,1,2,-9999,-9999,-9999
827,411.129608,411.1295858632586,411.12967051689907,2827712.3,-9999,431999.4,34.07,-1,-0.20590496505878383,0.9923366606891948,0,0.5954019964135168,8,1.263157894736842,0.5263157894736842,O10,de-protonated,0,-9999,C19 H24 O10,19,24,10,-9999,-9999,-9999,-9999,-9999,-9999
827,411.129608,411.1295858632586,411.129508325569,2827712.3,-9999,431999.4,34.07,-1,0.18859675123205225,0.9935668815195372,0,0.5961401289117222,3,2.0714285714285716,0.2857142857142857,N4 S2 P1 O4,de-protonated,0,-9999,C14 H29 O4 N4 P1 S2,14,29,4,4,1,2,-9999,-9999,-9999
828,411.130329,411.1303068627277,411.1305398967691,2246592.5,-9999,414960.7,26.7,-1,-0.5668127731787354,0.9433713865221172,0,0.5660228319132703,7,1.4,0.25,S2 O5,de-protonated,0,-9999,C20 H28 O5 S2,20,28,5,-9999,-9999,2,-9999,-9999,-9999
828,411.130329,411.1303068627277,411.13015977424914,2246592.5,-9999,414960.7,26.7,-1,0.35776620862427133,0.9770427946354024,0,0.5862256767812414,12,1.1363636363636365,0.09090909090909093,N2 S1 P1 O2,de-protonated,0,-9999,C22 H25 O2 N2 P1 S1,22,25,2,2,1,1,-9999,-9999,-9999
829,411.166053,411.16603083641945,411.1660560262491,3574218,-9999,356614.8,43.53,-1,-0.0612643706887783,0.499659598151696,0.8221557383861046,0.6286580542454594,7,1.4,0.45,O9,de-protonated,0,-9999,C20 H28 O9,20,28,9,-9999,-9999,-9999,-9999,-9999,-9999
829,411.166053,411.16603083641945,411.16589383491913,3574218,-9999,356614.8,43.53,-1,0.3332024916817919,0.9800564167245888,0,0.5880338500347533,2,2.2,0.2,N4 S2 P1 O3,de-protonated,0,-9999,C15 H33 O3 N4 P1 S2,15,33,3,4,1,2,-9999,-9999,-9999
830,411.179244,411.17922182670526,411.17894318581904,1304141.4,-9999,356681,14.75,-1,0.6776633162758279,0.9200509414455336,0,0.5520305648673202,2,1.9411764705882353,0.5294117647058824,P1 O9,de-protonated,0,-9999,C17 H33 O9 P1,17,33,9,-9999,1,-9999,-9999,-9999,-9999
831,411.202484,411.2024618095907,411.2024415355991,3344851.5,-9999,382977,40.63,-1,0.04930416151996918,0.9995590135892772,0,0.5997354081535663,6,1.5238095238095235,0.380952380952381,O8,de-protonated,0,-9999,C21 H32 O8,21,32,8,-9999,-9999,-9999,-9999,-9999,-9999
831,411.202484,411.2024618095907,411.2022793442691,3344851.5,-9999,382977,40.63,-1,0.4437361629757819,0.9649031264925494,0,0.5789418758955296,1,2.3125,0.125,N4 S2 P1 O2,de-protonated,0,-9999,C16 H37 O2 N4 P1 S2,16,37,2,4,1,2,-9999,-9999,-9999
832,411.203249,411.20322680902734,411.2033109154691,2207443.8,-9999,405223.2,26.2,-1,-0.204537365164036,0.99243773625579,0,0.595462641753474,5,1.6363636363636365,0.13636363636363635,S2 O3,de-protonated,0,-9999,C22 H36 O3 S2,22,36,3,-9999,-9999,2,-9999,-9999,-9999
833,411.238879,411.2388567827884,411.2388270449491,3298781.3,-9999,330584.2,40.04,-1,0.07231281998314967,0.996106910651796,0.9393569437443712,0.9734069238888262,5,1.6363636363636365,0.3181818181818182,O7,de-protonated,0,-9999,C22 H36 O7,22,36,7,-9999,-9999,-9999,-9999,-9999,-9999
833,411.238879,411.2388567827884,411.2386648536191,3298781.3,-9999,330584.2,40.04,-1,0.4667099318832331,0.9612480189440566,0,0.576748811366434,0,2.411764705882353,0.0588235294117647,N4 S2 P1 O1,de-protonated,0,-9999,C17 H41 O1 N4 P1 S2,17,41,1,4,1,2,-9999,-9999,-9999
834,412.146138,412.1461151146576,412.1460488571591,1268045.9,-9999,372862.1,14.29,-1,0.16076218286737917,0.9953215314455972,0,0.5971929188673584,3,1.8,0.8,N1 O12,de-protonated,0,-9999,C15 H27 O12 N1,15,27,12,1,-9999,-9999,-9999,-9999,-9999
835,412.14741,412.1473871137208,412.1471895631891,5196494,-9999,383655.6,64.1,-1,0.4793203416441692,0.4795847510324996,0.7805128205128198,0.5999559788246276,16,0.9230769230769232,0.07692307692307693,N1 P1 O2,de-protonated,0,-9999,C26 H24 O2 N1 P1,26,24,2,1,1,-9999,-9999,-9999,-9999
836,412.242285,412.2422620438522,412.24218188001913,1116391.4,-9999,455956.2,12.37,-1,0.19445810392722016,0.9931621926123386,0.9393569437443712,0.9716400930651516,5,1.7142857142857142,0.3333333333333333,13C1 O7,de-protonated,1,833,C21 H36 O7 13C1,21,36,7,-9999,-9999,-9999,1,-9999,-9999
837,412.981581,412.981557499414,412.9816403566991,1794476.4,-9999,392089.9,20.96,-1,-0.2006318852177283,0.9927227267252534,0,0.5956336360351521,16,0.4117647058823529,0.5294117647058824,N2 P1 O9,de-protonated,0,-9999,C17 H7 O9 N2 P1,17,7,9,2,1,-9999,-9999,-9999,-9999
838,412.982879,412.98285549845815,412.98250973656906,7307181,-9999,317073.5,90.86,-1,0.8372313135342284,0.4402842335261145,0.8370420509349343,0.5989873604896425,15,0.6111111111111112,0.2222222222222222,N2 S2 P1 O4,de-protonated,0,-9999,C18 H11 O4 N2 P1 S2,18,11,4,2,1,2,-9999,-9999,-9999
839,413.108927,413.1089034056328,413.10893507200905,2417614.5,-9999,485584.9,28.86,-1,-0.0766538158391871,0.9989344105952744,0,0.5993606463571647,8,1.2222222222222223,0.6111111111111112,O11,de-protonated,0,-9999,C18 H22 O11,18,22,11,-9999,-9999,-9999,-9999,-9999,-9999
839,413.108927,413.1089034056328,413.10877288067906,2417614.5,-9999,485584.9,28.86,-1,0.31595783563417373,0.9820491655590428,0,0.5892294993354257,3,2.076923076923077,0.38461538461538464,N4 S2 P1 O5,de-protonated,0,-9999,C13 H27 O5 N4 P1 S2,13,27,5,4,1,2,-9999,-9999,-9999
840,413.109927,413.1099034048965,413.11007577803906,1183694.8,-9999,502006,13.22,-1,-0.4172571736323693,0.9689029177037832,0,0.58134175062227,21,0.6551724137931034,0.03448275862068965,P1 O1,de-protonated,0,-9999,C29 H19 O1 P1,29,19,1,-9999,1,-9999,-9999,-9999,-9999
840,413.109927,413.1099034048965,413.1098044518791,1183694.8,-9999,502006,13.22,-1,0.23953199921811208,0.989643280638852,0,0.5937859683833112,7,1.368421052631579,0.3157894736842105,S2 O6,de-protonated,0,-9999,C19 H26 O6 S2,19,26,6,-9999,-9999,2,-9999,-9999,-9999
840,413.109927,413.1099034048965,413.1102724825291,1183694.8,-9999,502006,13.22,-1,-0.8934118981489749,0.8651697167347464,0,0.5191018300408479,13,0.9473684210526316,0.3684210526315789,N4 O7,de-protonated,0,-9999,C19 H18 O7 N4,19,18,7,4,-9999,-9999,-9999,-9999,-9999
841,413.145271,413.1452473788681,413.14532058135904,2787288,-9999,456154.4,33.55,-1,-0.17718339605939015,0.9943198016329288,0,0.5965918809797573,7,1.368421052631579,0.5263157894736842,O10,de-protonated,0,-9999,C19 H26 O10,19,26,10,-9999,-9999,-9999,-9999,-9999,-9999
841,413.145271,413.1452473788681,413.14515839002905,2787288,-9999,456154.4,33.55,-1,0.2153936388157812,0.9916171273852068,0,0.594970276431124,2,2.2142857142857144,0.2857142857142857,N4 S2 P1 O4,de-protonated,0,-9999,C14 H31 O4 N4 P1 S2,14,31,4,4,1,2,-9999,-9999,-9999
842,413.146021,413.1459973783158,413.146189961229,1531352.4,-9999,390932,17.63,-1,-0.4661374541990573,0.9613411682211312,0,0.5768047009326788,6,1.5,0.25,S2 O5,de-protonated,0,-9999,C20 H30 O5 S2,20,30,5,-9999,-9999,2,-9999,-9999,-9999
842,413.146021,413.1459973783158,413.1458098387091,1531352.4,-9999,390932,17.63,-1,0.4539307969423349,0.9633022276335844,0,0.5779813365801506,11,1.2272727272727273,0.09090909090909093,N2 S1 P1 O2,de-protonated,0,-9999,C22 H27 O2 N2 P1 S1,22,27,2,2,1,1,-9999,-9999,-9999
843,413.180569,413.1805453528737,413.180674519509,1105889.6,-9999,475099.6,12.23,-1,-0.3126153844633251,0.9824236129322342,0,0.5894541677593406,2,2.2142857142857144,0.5714285714285714,N4 P1 O8,de-protonated,0,-9999,C14 H31 O8 N4 P1,14,31,8,4,1,-9999,-9999,-9999,-9999
844,413.181777,413.18175335198407,413.18170609070904,4088290,-9999,267533.4,50.05,-1,0.1143837549725786,0.4988144029127467,0.8221557383861046,0.6281509371020899,6,1.5,0.45,O9,de-protonated,0,-9999,C20 H30 O9,20,30,9,-9999,-9999,-9999,-9999,-9999,-9999
844,413.181777,413.18175335198407,413.1815438993792,4088290,-9999,267533.4,50.05,-1,0.5069263329858544,0.95444271776588685,0,0.5726656306595321,1,2.3333333333333335,0.2,N4 S2 P1 O3,de-protonated,0,-9999,C15 H35 O3 N4 P1 S2,15,35,3,4,1,2,-9999,-9999,-9999
845,413.204285,413.2042613354086,413.2039761647991,2081255.9,-9999,410323,24.6,-1,0.6901448823473607,0.9172052520991614,0,0.5503231512594968,14,1.1071428571428572,0.03571428571428571,P1 O1,de-protonated,0,-9999,C28 H31 O1 P1,28,31,1,-9999,1,-9999,-9999,-9999,-9999
845,413.204285,413.2042613354086,413.2041728692891,2081255.9,-9999,410323,24.6,-1,0.21409783665298832,0.9917172686390536,0,0.5950303611834321,6,1.6666666666666667,0.3888888888888889,N4 O7,de-protonated,0,-9999,C18 H30 O7 N4,18,30,7,4,-9999,-9999,-9999,-9999,-9999
846,413.205084,413.20506033482013,413.20504224915913,1282280.1,-9999,466710.8,14.47,-1,0.04376921660687879,0.9996524511185052,0,0.59979147067110306,5,1.7894736842105263,0.10526315789473684,N4 S2 O2,de-protonated,0,-9999,C19 H34 O2 N4 S2,19,34,2,4,-9999,2,-9999,-9999,-9999
847,413.218116,413.21809232522304,413.21809160005904,3994603.5,-9999,310041.9,48.86,-1,0.00175491832206935,0.49999972059284215,0.8149093904448101,0.6259635885336293,5,1.619047619047619,0.380952380952381,O8,de-protonated,0,-9999,C21 H34 O8,21,34,8,-9999,-9999,-9999,-9999,-9999,-9999
847,413.218116,413.21809232522304,413.2179294087291,3994603.5,-9999,310041.9,48.86,-1,0.3942628873041243,0.972189077904314,0,0.5833134467425884,0,2.4375,0.125,N4 S2 P1 O2,de-protonated,0,-9999,C16 H39 O2 N4 P1 S2,16,39,2,4,1,2,-9999,-9999,-9999
848,413.254415,413.25439129849144,413.2544771094091,1876981.3,-9999,262427.8,22.01,-1,-0.2076466739176869,0.99220697567563,0,0.595324185405378,4,1.7272727272727273,0.3181818181818182,O7,de-protonated,0,-9999,C22 H38 O7,22,38,7,-9999,-9999,-9999,-9999,-9999,-9999
849,415.124601,415.1245759212342,415.1245851364691,1831915.6,-9999,371146.7,20.89,-1,-0.02219872102077522,0.9999105891303997,0,0.5999463534782397,7,1.3333333333333333,0.6111111111111112,O11,de-protonated,0,-9999,C18 H24 O11,18,24,11,-9999,-9999,-9999,-9999,-9999,-9999
849,415.124601,415.1245759212342,415.12442294513903,1831915.6,-9999,371146.7,20.89,-1,0.3685066132910995,0.9756608821479178,0,0.5853965292887506,2,2.230769230769231,0.38461538461538464,N4 S2 P1 O5,de-protonated,0,-9999,C13 H29 O5 N4 P1 S2,13,29,5,4,1,2,-9999,-9999,-9999
850,415.160948,415.1609228944673,415.1609706458191,2175477.5,-9999,377735.4,25.14,-1,-0.11501888456366818,0.9976024317147144,0,0.5985614590288286,6,1.4736842105263157,0.5263157894736842,O10,de-protonated,0,-9999,C19 H28 O10,19,28,10,-9999,-9999,-9999,-9999,-9999,-9999
850,415.160948,415.1609228944673,415.1608084544891,2175477.5,-9999,377735.4,25.14,-1,0.2756521711656089,0.9863073897464216,0,0.5917844338478528,1,2.357142857142857,0.2857142857142857,N4 S2 P1 O4,de-protonated,0,-9999,C14 H33 O4 N4 P1 S2,14,33,4,4,1,2,-9999,-9999,-9999
851,415.17408,415.17405488479653,415.1737248636591,1242617,-9999,408209.6,13.61,-1,0.7948989005113275,0.8916773382389728,0,0.5350064029433836,14,1.037037037037037,0.07407407407407407,S1 O2,de-protonated,0,-9999,C27 H28 O2 S1,27,28,2,-9999,-9999,1,-9999,-9999,-9999
851,415.17408,415.17405488479653,415.17385780538905,1242617,-9999,408209.6,13.61,-1,0.4746912739804892,0.9599384030109428,0,0.5759630418065655,1,2.0625,0.625,P1 O10,de-protonated,0,-9999,C16 H33 O10 P1,16,33,10,-9999,1,-9999,-9999,-9999,-9999
852,415.183477,415.1834518778763,415.1832407199091,1179387.5,-9999,549711.7,12.83,-1,0.5085898139617141,0.9541502070300024,0,0.5724901242180014,14,1.0740740740740742,0.07407407407407407,P1 O2,de-protonated,0,-9999,C27 H29 O2 P1,27,29,2,-9999,1,-9999,-9999,-9999,-9999
852,415.183477,415.1834518778763,415.1834374243991,1179387.5,-9999,549711.7,12.83,-1,0.03481226827315498,0.9997801275971814,0,0.5998680765583088,6,1.6470588235294117,0.4705882352941176,N4 O8,de-protonated,0,-9999,C17 H28 O8 N4,17,28,8,4,-9999,-9999,-9999,-9999,-9999
853,415.197383,415.1973578676355,415.1973561551691,4004863.3,-9999,331923.8,47.75,-1,0.00412446384754882,0.4999984566722514,0.8221557383861047,0.6288613693577927,5,1.6,0.45,O9,de-protonated,0,-9999,C20 H32 O9,20,32,9,-9999,-9999,-9999,-9999,-9999,-9999
853,415.197383,415.1973578676355,415.1971939638391,4004863.3,-9999,331923.8,47.75,-1,0.3947613299398552,0.972119704247565,0,0.5832718225485389,0,2.466666666666667,0.2,N4 S2 P1 O3,de-protonated,0,-9999,C15 H37 O3 N4 P1 S2,15,37,3,4,1,2,-9999,-9999,-9999
854,415.219801,415.2197758511263,415.21962622925906,4952581.5,-9999,380303.9,59.47,-1,0.3603439187357051,0.4883573422641032,0.7675537279851021,0.6000358965525028,13,1.1785714285714286,0.03571428571428571,P1 O1,de-protonated,0,-9999,C28 H33 O1 P1,28,33,1,-9999,1,-9999,-9999,-9999,-9999
854,415.219801,415.2197758511263,415.21982293374913,4952581.5,-9999,380303.9,59.47,-1,-0.11339204010340434,0.4988348483361879,0.8370420509349343,0.6341177293756866,5,1.7777777777777777,0.3888888888888889,N4 O7,de-protonated,0,-9999,C18 H32 O7 N4,18,32,7,4,-9999,-9999,-9999,-9999,-9999
855,415.233847,415.23382184078247,415.2337416645191,2507785,-9999,277113.6,29.25,-1,0.19308706241963355,0.9932579490255136,0,0.595954769415308,4,1.7142857142857142,0.380952380952381,O8,de-protonated,0,-9999,C21 H36 O8,21,36,8,-9999,-9999,-9999,-9999,-9999,-9999
856,415.270275,415.2702498139559,415.270127173869,1116691,-9999,482891.2,12.05,-1,0.2953260511746444,0.9842990686677932,0,0.590579441200676,3,1.818181818181818,0.3181818181818182,O7,de-protonated,0,-9999,C22 H40 O7,22,40,7,-9999,-9999,-9999,-9999,-9999,-9999
857,416.976581,416.9765545573845,416.97693509878906,4274658,-9999,470443.2,51.08,-1,-0.912619793925242,0.8597410374387336,0,0.5158446224632401,10,0.7142857142857143,0.9285714285714286,S1 O13,de-protonated,0,-9999,C14 H10 O13 S1,14,10,13,-9999,-9999,1,-9999,-9999,-9999
857,416.976581,416.9765545573845,416.9765549762691,4274658,-9999,470443.2,51.08,-1,-0.00100457593011996,0.999999816886938,0,0.5999998901321628,15,0.4375,0.625,N2 P1 O10,de-protonated,0,-9999,C16 H7 O10 N2 P1,16,7,10,2,1,-9999,-9999,-9999,-9999
858,416.977208,416.97718155692274,416.97693509878906,3736034,-9999,341168.8,44.42,-1,0.5910593918814128,0.9385779980303096,0,0.5631467988181857,10,0.7142857142857143,0.9285714285714286,S1 O13,de-protonated,0,-9999,C14 H10 O13 S1,14,10,13,-9999,-9999,1,-9999,-9999,-9999
858,416.977208,416.97718155692274,416.97742435613907,3736034,-9999,341168.8,44.42,-1,-0.5822838411415899,0.9403332093771712,0,0.5641999256263027,14,0.6470588235294118,0.29411764705882354,N2 S2 P1 O5,de-protonated,0,-9999,C17 H11 O5 N2 P1 S2,17,11,5,2,1,2,-9999,-9999,-9999
859,417.168644,417.1686174159439,417.16837850178905,2834454.3,-9999,331478.1,33.28,-1,0.5727043735226417,0.9422228992787908,0,0.5653337395672744,5,1.631578947368421,0.42105263157894735,P1 O8,de-protonated,0,-9999,C19 H31 O8 P1,19,31,8,-9999,1,-9999,-9999,-9999,-9999
860,417.176871,417.17684440988535,417.17662071027905,1611416.5,-9999,317503.6,18.16,-1,0.5362227775705419,0.949164814283684,0,0.5694988885702104,5,1.5789473684210529,0.5263157894736842,O10,de-protonated,0,-9999,C19 H30 O10,19,30,10,-9999,-9999,-9999,-9999,-9999,-9999
860,417.176871,417.17684440988535,417.1771099676291,1611416.5,-9999,317503.6,18.16,-1,-0.6365587598854023,0.929113579415698,0,0.5574681476494188,9,1.4090909090909092,0.09090909090909093,N2 S1 P1 O2,de-protonated,0,-9999,C22 H31 O2 N2 P1 S1,22,31,2,2,1,1,-9999,-9999,-9999
860,417.176871,417.17684440988535,417.1764585189491,1611416.5,-9999,317503.6,18.16,-1,0.9250065010842122,0.8561974919831921,0,0.5137184951899152,0,2.5,0.2857142857142857,N4 S2 P1 O4,de-protonated,0,-9999,C14 H35 O4 N4 P1 S2,14,35,4,4,1,2,-9999,-9999,-9999
861,417.199195,417.1991683934453,417.1988907843691,2742814.5,-9999,333587.6,32.14,-1,0.6654118271281757,0.46140101125189914,0.7739790330151771,0.5864322199572103,13,1.148148148148148,0.07407407407407407,P1 O2,de-protonated,0,-9999,C27 H31 O2 P1,27,31,2,-9999,1,-9999,-9999,-9999,-9999
861,417.199195,417.1991683934453,417.1990874888591,2742814.5,-9999,333587.6,32.14,-1,0.19392320983065675,0.9931996302402374,0,0.5959197781441424,5,1.7647058823529411,0.4705882352941176,N4 O8,de-protonated,0,-9999,C17 H30 O8 N4,17,30,8,4,-9999,-9999,-9999,-9999,-9999
862,417.20916,417.2091333861068,417.2089834676291,3527713.3,-9999,375514.7,41.85,-1,0.35933664826621853,0.9768431646636674,0,0.5861058987982004,0,2.2666666666666666,0.7333333333333333,N2 O11,de-protonated,0,-9999,C15 H34 O11 N2,15,34,11,2,-9999,-9999,-9999,-9999,-9999
862,417.20916,417.2091333861068,417.2094727249791,3527713.3,-9999,375514.7,41.85,-1,-0.8133537094670912,0.8868882098815466,0,0.5321329259289279,4,1.9444444444444444,0.16666666666666666,N4 S1 P1 O3,de-protonated,0,-9999,C18 H35 O3 N4 P1 S1,18,35,3,4,1,1,-9999,-9999,-9999
863,417.210529,417.21050238509866,417.21050429617907,16612386,-9999,350614.8,203.58,-1,-0.00458061430280775,0.9998732509392898,0.9944115286928248,0.9976885620407036,8,1.4166666666666667,0.16666666666666666,S1 O4,de-protonated,0,-9999,C24 H34 O4 S1,24,34,4,-9999,-9999,1,-9999,-9999,-9999
863,417.210529,417.21050238509866,417.2101241736591,16612386,-9999,350614.8,203.58,-1,0.9065250761033676,0.8557920461418818,0.9810073280997952,0.9058781589250472,13,1.1923076923076923,0.03846153846153846,N2 P1 O1,de-protonated,0,-9999,C26 H31 O1 N2 P1,26,31,1,2,1,-9999,-9999,-9999,-9999
865,417.22833,417.2283033719895,417.2282623609191,3304998.5,-9999,386280.2,39.09,-1,0.09829408536339512,0.4991242140423092,0.7939170211058493,0.6170413368677252,8,1.4166666666666667,0.25,O6,de-protonated,0,-9999,C24 H34 O6,24,34,6,-9999,-9999,-9999,-9999,-9999,-9999
866,417.249501,417.2494743563986,417.2493917289791,1172012.4,-9999,344486.7,12.73,-1,0.1980288554656662,0.9929096680354648,0,0.5957458008212788,3,1.8095238095238095,0.380952380952381,O8,de-protonated,0,-9999,C21 H38 O8,21,38,8,-9999,-9999,-9999,-9999,-9999,-9999
867,418.213902,418.2138746461867,418.2138591312491,4165940.3,-9999,290373.7,49.73,-1,0.03709809546868543,0.9997503090326384,0.9944115286928248,0.9976147968967132,8,1.4782608695652173,0.17391304347826086,13C1 S1 O4,de-protonated,1,863,C23 H34 O4 S1 13C1,23,34,4,-9999,-9999,1,1,-9999,-9999
867,418.213902,418.2138746461867,418.2134790087291,4165940.3,-9999,290373.7,49.73,-1,0.9460179489695572,0.8501117270773898,0.9810073280997952,0.902469967486352,13,1.24,0.04,13C1 N2 P1 O1,de-protonated,1,863,C25 H31 O1 N2 P1 13C1,25,31,1,2,1,-9999,1,-9999,-9999
867,418.213902,418.2138746461867,418.2136153543491,4165940.3,-9999,290373.7,49.73,-1,0.6199985561092656,0.4663141498361804,0.787157861234881,0.5946516343956607,13,1.16,0.12,N3 O3,de-protonated,0,-9999,C25 H29 O3 N3,25,29,3,3,-9999,-9999,-9999,-9999,-9999
869,419.09837,419.0983419948398,419.09837038797906,1150503.6,-9999,384359.9,12.46,-1,-0.06774814996221216,0.9991675313686772,0,0.5995005188212064,11,1,0.5,O10,de-protonated,0,-9999,C20 H20 O10,20,20,10,-9999,-9999,-9999,-9999,-9999,-9999
869,419.09837,419.0983419948398,419.09820819664907,1150503.6,-9999,384359.9,12.46,-1,0.3192525955220907,0.98167630539016,0,0.5890057832340959,6,1.6666666666666667,0.26666666666666666,N4 S2 P1 O4,de-protonated,0,-9999,C15 H25 O4 N4 P1 S2,15,25,4,4,1,2,-9999,-9999,-9999
870,419.134728,419.1346999680647,419.13475589732906,1344561.6,-9999,486948.2,14.85,-1,-0.1334398150455161,0.9967743050305996,0,0.5980645830183596,10,1.1428571428571428,0.42857142857142855,O9,de-protonated,0,-9999,C21 H24 O9,21,24,9,-9999,-9999,-9999,-9999,-9999,-9999
870,419.134728,419.1346999680647,419.13459370599907,1344561.6,-9999,486948.2,14.85,-1,0.25352730908165366,0.9884049337152532,0,0.5930429602291519,5,1.8125,0.1875,N4 S2 P1 O3,de-protonated,0,-9999,C16 H29 O3 N4 P1 S2,16,29,3,4,1,2,-9999,-9999,-9999
871,419.135567,419.1355389674469,419.1356252771991,1241649.9,-9999,539288.9,13.58,-1,-0.20592320715854368,0.9923353079830988,0,0.5954011847898592,9,1.2727272727272727,0.18181818181818185,S2 O4,de-protonated,0,-9999,C22 H28 O4 S2,22,28,4,-9999,-9999,2,-9999,-9999,-9999
871,419.135567,419.1355389674469,419.1352451546791,1241649.9,-9999,539288.9,13.58,-1,0.7009975209099162,0.914696067781654,0,0.5488176406689924,14,1.0416666666666667,0.04166666666666666,N2 S1 P1 O1,de-protonated,0,-9999,C24 H25 O1 N2 P1 S1,24,25,1,2,1,1,-9999,-9999,-9999
872,419.156835,419.1568069517846,419.1570259714191,1379383.8,-9999,478045.5,15.28,-1,-0.5225240684457212,0.9516659589375362,0,0.5709995753625218,18,0.8620689655172413,0.03448275862068965,P1 O1,de-protonated,0,-9999,C29 H25 O1 P1,29,25,1,-9999,1,-9999,-9999,-9999,-9999
872,419.156835,419.1568069517846,419.156754645259,1379383.8,-9999,478045.5,15.28,-1,0.12478989047445312,0.9971783755767516,0,0.598307025346051,4,1.6842105263157894,0.3157894736842105,S2 O6,de-protonated,0,-9999,C19 H32 O6 S2,19,32,6,-9999,-9999,2,-9999,-9999,-9999
872,419.156835,419.1568069517846,419.1572226759091,1379383.8,-9999,478045.5,15.28,-1,-0.9918095216935958,0.8365336304937244,0,0.5019201782962346,10,1.263157894736842,0.3684210526315789,N4 O7,de-protonated,0,-9999,C19 H24 O7 N4,19,24,7,4,-9999,-9999,-9999,-9999,-9999
873,419.157648,419.15761995118584,419.1572226759091,1329719.9,-9999,297219.6,14.67,-1,0.947795374225406,0.8495926573177296,0,0.5097555943906378,10,1.263157894736842,0.3684210526315789,N4 O7,de-protonated,0,-9999,C19 H24 O7 N4,19,24,7,4,-9999,-9999,-9999,-9999,-9999
874,419.171332,419.1713039411086,419.17114140667906,1828155.8,-9999,353720.7,20.83,-1,0.38775195493993586,0.9730876716208654,0,0.5838526029725192,9,1.2727272727272727,0.3636363636363637,O8,de-protonated,0,-9999,C22 H28 O8,22,28,8,-9999,-9999,-9999,-9999,-9999,-9999
874,419.171332,419.1713039411086,419.1709792153491,1828155.8,-9999,353720.7,20.83,-1,0.7746856904961784,0.8968252633957778,0,0.5380951580374667,4,1.9411764705882353,0.1176470588235294,N4 S2 P1 O2,de-protonated,0,-9999,C17 H33 O2 N4 P1 S2,17,33,2,4,1,2,-9999,-9999,-9999
875,419.184286,419.1842579315689,419.1840285662491,2341439.3,-9999,307087.8,27.18,-1,0.5471709420351185,0.9471242239456432,0,0.568274534367386,4,1.736842105263158,0.42105263157894735,P1 O8,de-protonated,0,-9999,C19 H33 O8 P1,19,33,8,-9999,1,-9999,-9999,-9999,-9999
876,419.207733,419.2077049143018,419.2075269160291,1134661.8,-9999,375175.5,12.26,-1,0.4246065762957297,0.96781578093516,0,0.5806894685610959,8,1.391304347826087,0.30434782608695654,O7,de-protonated,0,-9999,C23 H32 O7,23,32,7,-9999,-9999,-9999,-9999,-9999,-9999
876,419.207733,419.2077049143018,419.20736472469906,1134661.8,-9999,375175.5,12.26,-1,0.8115067420937805,0.8873712867610523,0,0.5324227720566314,3,2.0555555555555554,0.05555555555555555,N4 S2 P1 O1,de-protonated,0,-9999,C18 H37 O1 N4 P1 S2,18,37,1,4,1,2,-9999,-9999,-9999
877,419.220717,419.2206889047401,419.2204140755991,2304585.3,-9999,328521,26.72,-1,0.6555719420576175,0.9249810470486832,0,0.5549886282292099,3,1.85,0.35,P1 O7,de-protonated,0,-9999,C20 H37 O7 P1,20,37,7,-9999,1,-9999,-9999,-9999,-9999
880,421.077696,421.0776665372089,421.0776349430891,1116236.5,-9999,381807,12.02,-1,0.07503157900230088,0.9989790130255154,0,0.5993874078153092,11,0.9473684210526316,0.5789473684210527,O11,de-protonated,0,-9999,C19 H18 O11,19,18,11,-9999,-9999,-9999,-9999,-9999,-9999
880,421.077696,421.0776665372089,421.07747275175905,1116236.5,-9999,381807,12.02,-1,0.4602132919013288,0.9622989134956564,0,0.5773793480973938,6,1.6428571428571428,0.35714285714285715,N4 S2 P1 O5,de-protonated,0,-9999,C14 H23 O5 N4 P1 S2,14,23,5,4,1,2,-9999,-9999,-9999
881,421.114256,421.1142265102851,421.1140204524391,1605846.6,-9999,240387.7,18.08,-1,0.4893160427030849,0.957485890913108,0,0.5744915345478647,10,1.1,0.5,O10,de-protonated,0,-9999,C20 H22 O10,20,22,10,-9999,-9999,-9999,-9999,-9999,-9999
881,421.114256,421.1142265102851,421.1145097097891,1605846.6,-9999,240387.7,18.08,-1,-0.6724999910168813,0.9212154862292274,0,0.5527292917375365,14,1,0.08695652173913043,N2 S1 P1 O2,de-protonated,0,-9999,C23 H23 O2 N2 P1 S1,23,23,2,2,1,1,-9999,-9999,-9999
881,421.114256,421.1142265102851,421.1138582611091,1605846.6,-9999,240387.7,18.08,-1,0.874464634164673,0.8704441285839594,0,0.5222664771503756,5,1.8,0.26666666666666666,N4 S2 P1 O4,de-protonated,0,-9999,C15 H27 O4 N4 P1 S2,15,27,4,4,1,2,-9999,-9999,-9999
882,421.121876,421.1218465046735,421.1221004695991,1462616.8,-9999,352898.6,16.31,-1,-0.6030671990898426,0.9361392135083244,0,0.5616835281049946,5,1.7333333333333334,0.4,N4 S2 O6,de-protonated,0,-9999,C15 H26 O6 N4 S2,15,26,6,4,-9999,2,-9999,-9999,-9999
883,421.123128,421.1230985037515,421.1234033669591,6533209,-9999,388300.7,78.98,-1,-0.7239284379623315,0.8736615668236456,0.912026763311458,0.8890076454187706,23,0.5806451612903226,0.06451612903225806,O2,de-protonated,0,-9999,C31 H18 O2,31,18,2,-9999,-9999,-9999,-9999,-9999,-9999
883,421.123128,421.1230985037515,421.1227519182791,6533209,-9999,388300.7,78.98,-1,0.8230034374426752,0.8899903816200447,0.9993231636143088,0.9337234944177504,14,0.9565217391304348,0.17391304347826086,N2 S1 O4,de-protonated,0,-9999,C23 H22 O4 N2 S1,23,22,4,2,-9999,1,-9999,-9999,-9999
884,421.15039,421.15036048367506,421.1504059617891,2084448.8,-9999,289496.9,23.99,-1,-0.10798544507664556,0.9978863897608456,0,0.5987318338565074,9,1.238095238095238,0.42857142857142855,O9,de-protonated,0,-9999,C21 H26 O9,21,26,9,-9999,-9999,-9999,-9999,-9999,-9999
884,421.15039,421.15036048367506,421.1502437704591,2084448.8,-9999,289496.9,23.99,-1,0.27712964122851164,0.9861612372051026,0,0.5916967423230616,4,1.9375,0.1875,N4 S2 P1 O3,de-protonated,0,-9999,C16 H31 O3 N4 P1 S2,16,31,3,4,1,2,-9999,-9999,-9999
885,421.154135,421.1541054809171,421.1537772651091,1575009.8,-9999,916844.2,17.7,-1,0.7793253336780734,0.8956527541226535,0,0.5373916524735921,4,1.6666666666666667,0.5,S1 O9,de-protonated,0,-9999,C18 H30 O9 S1,18,30,9,-9999,-9999,1,-9999,-9999,-9999
885,421.154135,421.1541054809171,421.15426652245907,1575009.8,-9999,916844.2,17.7,-1,-0.382381361792856,0.973818233386986,0,0.5842909400321915,8,1.4761904761904765,0.04761904761904761,N2 S2 P1 O1,de-protonated,0,-9999,C21 H31 O1 N2 P1 S2,21,31,1,2,1,2,-9999,-9999,-9999
886,421.155276,421.15524648007687,421.1551146756291,7008354,-9999,355723.9,84.86,-1,0.31295939001318623,0.4911926260147543,0.8295321147073604,0.6265284214917968,9,1.368421052631579,0.2631578947368421,N4 S1 O5,de-protonated,0,-9999,C19 H26 O5 N4 S1,19,26,5,4,-9999,1,-9999,-9999,-9999
887,421.186874,421.1868444568072,421.1867914711391,2381931,-9999,389350.9,27.67,-1,0.12580087784911334,0.997132537382781,0,0.5982795224296685,8,1.3636363636363635,0.3636363636363637,O8,de-protonated,0,-9999,C22 H30 O8,22,30,8,-9999,-9999,-9999,-9999,-9999,-9999
887,421.186874,421.1868444568072,421.1866292798091,2381931,-9999,389350.9,27.67,-1,0.5108827846886111,0.9537455821875864,0,0.572247349312552,3,2.0588235294117645,0.1176470588235294,N4 S2 P1 O2,de-protonated,0,-9999,C17 H35 O2 N4 P1 S2,17,35,2,4,1,2,-9999,-9999,-9999
888,421.187704,421.187674456196,421.187660851009,1484139.1,-9999,475784.4,16.57,-1,0.03230195981059616,0.9998106913484188,0,0.5998864148090514,7,1.4782608695652173,0.13043478260869565,S2 O3,de-protonated,0,-9999,C23 H34 O3 S2,23,34,3,-9999,-9999,2,-9999,-9999,-9999
889,421.199918,421.19988844720126,421.1996786307091,2569326.5,-9999,326293.6,29.99,-1,0.498140199980704,0.9559732562915392,0,0.5735839537749235,3,1.8421052631578947,0.42105263157894735,P1 O8,de-protonated,0,-9999,C19 H35 O8 P1,19,35,8,-9999,1,-9999,-9999,-9999,-9999
890,421.226641,421.2266114275216,421.2265482838091,3511926,-9999,286941.2,41.64,-1,0.14990439887190662,0.9959309081902046,0,0.5975585449141227,2,1.9,0.35,S1 O7,de-protonated,0,-9999,C20 H38 O7 S1,20,38,7,-9999,-9999,1,-9999,-9999,-9999
891,422.126466,422.1264357648654,422.1267582020291,1632113.9,-9999,455619.6,18.4,-1,0.9868180208092528,0.8380340808531856,0.912026763311458,0.8676311538364946,23,0.6,0.06666666666666667,13C1 O2,de-protonated,1,883,C30 H18 O2 13C1,30,18,2,-9999,-9999,-9999,1,-9999,-9999
891,422.126466,422.1264357648654,422.1261067533491,1632113.9,-9999,455619.6,18.4,-1,0.7794152292588175,0.8956299821762767,0.9993231636143088,0.9371072547514896,14,1,0.18181818181818185,13C1 N2 S1 O4,de-protonated,1,883,C22 H22 O4 N2 S1 13C1,22,22,4,2,-9999,1,1,-9999,-9999
892,422.127205,422.1271747643212,422.1267582020291,1273458,-9999,425605.9,13.96,-1,0.9868180208092528,0.8380340808531856,0.912026763311458,0.8676311538364946,23,0.6,0.06666666666666667,13C1 O2,de-protonated,1,883,C30 H18 O2 13C1,30,18,2,-9999,-9999,-9999,1,-9999,-9999
892,422.127205,422.1271747643212,422.1275167467291,1273458,-9999,425605.9,13.96,-1,-0.8101400509329267,0.8877282086480955,0,0.5326369251888573,14,1,0.18181818181818185,N3 P1 O4,de-protonated,0,-9999,C22 H22 O4 N3 P1,22,22,4,3,1,-9999,-9999,-9999,-9999
892,422.127205,422.1271747643212,422.12724542056907,1273458,-9999,425605.9,13.96,-1,-0.16738139660941742,0.9949293365244544,0,0.5969576019146726,0,2.4166666666666665,0.75,N3 S2 O9,de-protonated,0,-9999,C12 H29 O9 N3 S2,12,29,9,3,-9999,2,-9999,-9999,-9999
893,422.156792,422.15676174253247,422.15688832327913,1284986.4,-9999,450601.3,14.11,-1,-0.2998429024085277,0.9838190578325718,0,0.590291434699543,9,1.3157894736842106,0.42105263157894735,N3 O8,de-protonated,0,-9999,C19 H25 O8 N3,19,25,8,3,-9999,-9999,-9999,-9999,-9999
894,422.159191,422.1591607407658,422.1594114734291,1547643,-9999,284048.6,17.35,-1,-0.5939288725421105,0.9379990926573576,0,0.5627994555944146,3,1.8888888888888888,0.2222222222222222,N1 S2 P1 O4,de-protonated,0,-9999,C18 H34 O4 N1 P1 S2,18,34,4,1,1,2,-9999,-9999,-9999
895,422.193339,422.19330871561823,422.19327383262913,3801988.5,-9999,287259,45.22,-1,0.08262327057341823,0.9686285201497284,0.9285981376837624,0.952616367163342,8,1.45,0.35,N3 O7,de-protonated,0,-9999,C20 H29 O7 N3,20,29,7,3,-9999,-9999,-9999,-9999,-9999
899,422.977032,422.97700113848487,422.9767556508791,1951329.1,-9999,322939.2,22.34,-1,0.5803808423821225,0.9407107952770496,0,0.5644264771662297,12,0.7647058823529411,0.4117647058823529,S2 P1 O7,de-protonated,0,-9999,C17 H13 O7 P1 S2,17,13,7,-9999,1,2,-9999,-9999,-9999
900,423.093336,423.0933050528354,423.093285007549,1748609.9,-9999,316297.9,19.83,-1,0.04737793535330095,0.999592790734802,0,0.5997556744408811,10,1.0526315789473684,0.5789473684210527,O11,de-protonated,0,-9999,C19 H20 O11,19,20,11,-9999,-9999,-9999,-9999,-9999,-9999
900,423.093336,423.0933050528354,423.0931228162191,1748609.9,-9999,316297.9,19.83,-1,0.4307246004943069,0.966897266780661,0,0.5801383600683966,5,1.7857142857142858,0.35714285714285715,N4 S2 P1 O5,de-protonated,0,-9999,C14 H25 O5 N4 P1 S2,14,25,5,4,1,2,-9999,-9999,-9999
901,423.121129,423.1210980323678,423.12142830840907,7862922,-9999,368145.7,95.41,-1,-0.7805703497183137,0.945071653252574,0.9942078141420588,0.964726117608368,9,1.25,0.4,P1 O8,de-protonated,0,-9999,C20 H25 O8 P1,20,25,8,-9999,1,-9999,-9999,-9999,-9999
901,423.121129,423.1210980323678,423.12077685972906,7862922,-9999,368145.7,95.41,-1,0.7590566483605994,0.45036724683356927,0.8851212310995797,0.6242688405399734,0,2.4166666666666665,0.8333333333333334,N2 S1 P1 O10,de-protonated,0,-9999,C12 H29 O10 N2 P1 S1,12,29,10,2,1,1,-9999,-9999,-9999
902,423.129743,423.1297120260242,423.12967051689907,3658380.3,-9999,334762.8,43.44,-1,0.09810024687957862,0.4991276617697222,0.8221557383861046,0.6283388924162752,9,1.2,0.5,O10,de-protonated,0,-9999,C20 H24 O10,20,24,10,-9999,-9999,-9999,-9999,-9999,-9999
902,423.129743,423.1297120260242,423.129508325569,3658380.3,-9999,334762.8,43.44,-1,0.4814139670715042,0.9588194986963474,0,0.5752916992178084,4,1.9333333333333331,0.26666666666666666,N4 S2 P1 O4,de-protonated,0,-9999,C15 H29 O4 N4 P1 S2,15,29,4,4,1,2,-9999,-9999,-9999
903,423.152361,423.1523300093677,423.1519405909891,3420306.5,-9999,342047.2,40.5,-1,0.920280261578786,0.4287767324956748,0.7675537279851021,0.5642875306914458,17,0.8928571428571429,0.07142857142857142,P1 O2,de-protonated,0,-9999,C28 H25 O2 P1,28,25,2,-9999,1,-9999,-9999,-9999,-9999
903,423.152361,423.1523300093677,423.1521372954791,3420306.5,-9999,342047.2,40.5,-1,0.4554245898364993,0.9630648242497098,0,0.5778388945498258,9,1.3333333333333333,0.4444444444444444,N4 O8,de-protonated,0,-9999,C18 H24 O8 N4,18,24,8,4,-9999,-9999,-9999,-9999,-9999
904,423.166158,423.1661269992072,423.1660560262491,2704534.5,-9999,330366,31.65,-1,0.16771892979465636,0.9949089175964888,0,0.5969453505578932,8,1.3333333333333333,0.42857142857142855,O9,de-protonated,0,-9999,C21 H28 O9,21,28,9,-9999,-9999,-9999,-9999,-9999,-9999
904,423.166158,423.1661269992072,423.16654528359913,2704534.5,-9999,330366,31.65,-1,-0.9884628088664468,0.8375401953289957,0,0.5025241171973974,12,1.2083333333333333,0.04166666666666666,N2 S1 P1 O1,de-protonated,0,-9999,C24 H29 O1 N2 P1 S1,24,29,1,2,1,1,-9999,-9999,-9999
904,423.166158,423.1661269992072,423.16589383491913,2704534.5,-9999,330366,31.65,-1,0.5509997176769376,0.9464019118788968,0,0.567841147127338,3,2.0625,0.1875,N4 S2 P1 O3,de-protonated,0,-9999,C16 H33 O3 N4 P1 S2,16,33,3,4,1,2,-9999,-9999,-9999
905,423.179512,423.1794809893729,423.179812565689,1151642.3,-9999,352867.8,12.46,-1,-0.783535287526397,0.8945841130526097,0,0.5367504678315658,2,1.9473684210526316,0.21052631578947367,S2 P1 O4,de-protonated,0,-9999,C19 H37 O4 P1 S2,19,37,4,-9999,1,2,-9999,-9999,-9999
906,423.19691,423.1968789765606,423.19656830882906,1262239.1,-9999,251194.2,13.82,-1,0.734097945943577,0.9068459764973636,0,0.5441075858984181,16,0.9655172413793104,0.10344827586206896,O3,de-protonated,0,-9999,C29 H28 O3,29,28,3,-9999,-9999,-9999,-9999,-9999,-9999
906,423.19691,423.1968789765606,423.19662866769914,1262239.1,-9999,251194.2,13.82,-1,0.591471775725083,0.9384949519341568,0.9285981376837624,0.934536226233999,8,1.5263157894736843,0.3684210526315789,13C1 N3 O7,de-protonated,1,895,C19 H29 O7 N3 13C1,19,29,7,3,-9999,-9999,1,-9999,-9999
907,423.202434,423.2024029724925,423.2024415355991,2657952.8,-9999,411538.4,31.07,-1,-0.09112212697506604,0.998494522013176,0,0.5990967132079055,7,1.4545454545454546,0.3636363636363637,O8,de-protonated,0,-9999,C22 H32 O8,22,32,8,-9999,-9999,-9999,-9999,-9999,-9999
907,423.202434,423.2024029724925,423.2022793442691,2657952.8,-9999,411538.4,31.07,-1,0.2921256086475614,0.9846349123250095,0,0.5907809473950058,2,2.176470588235294,0.1176470588235294,N4 S2 P1 O2,de-protonated,0,-9999,C17 H37 O2 N4 P1 S2,17,37,2,4,1,2,-9999,-9999,-9999
908,423.203103,423.20307197199986,423.2033109154691,1899936.9,-9999,319831,21.7,-1,-0.5646068050009426,0.9437987110332128,0,0.5662792266199276,6,1.565217391304348,0.13043478260869565,S2 O3,de-protonated,0,-9999,C23 H36 O3 S2,23,36,3,-9999,-9999,2,-9999,-9999,-9999
909,423.238867,423.2388359456623,423.2388270449491,1193387,-9999,439177.9,12.97,-1,0.02103000150367456,0.9999197555489706,0,0.5999518533293824,6,1.565217391304348,0.30434782608695654,O7,de-protonated,0,-9999,C23 H36 O7,23,36,7,-9999,-9999,-9999,-9999,-9999,-9999
909,423.238867,423.2388359456623,423.2386648536191,1193387,-9999,439177.9,12.97,-1,0.4042448324510799,0.9707840503244664,0,0.5824704301946798,1,2.2777777777777777,0.05555555555555555,N4 S2 P1 O1,de-protonated,0,-9999,C18 H41 O1 N4 P1 S2,18,41,1,4,1,2,-9999,-9999,-9999
910,423.325582,423.3255508818029,423.3258226337391,3374275.5,-9999,390108.3,39.93,-1,-0.6419450968860281,0.46397667096242784,0.8007932653391622,0.5987033087131216,4,1.9565217391304348,0.04347826086956521,N4 P1 O1,de-protonated,0,-9999,C23 H45 O1 N4 P1,23,45,1,4,1,-9999,-9999,-9999,-9999
911,423.326904,423.32687288082934,423.3268542049391,15987396,-9999,379892,195.84,-1,0.04411695141602003,0.9988444035279208,0.9949167889733348,0.9972733577060864,8,1.5172413793103448,0.06896551724137931,O2,de-protonated,0,-9999,C29 H44 O2,29,44,2,-9999,-9999,-9999,-9999,-9999,-9999
912,424.124743,424.1247112932784,424.12478314347914,1633957.9,-9999,300402.5,17.94,-1,-0.1694081637131013,0.994806116401482,0.9942078141420588,0.9945667954977128,9,1.3157894736842106,0.42105263157894735,13C1 P1 O8,de-protonated,1,901,C19 H25 O8 P1 13C1,19,25,8,-9999,1,-9999,1,-9999,-9999
912,424.124743,424.1247112932784,424.12491948909906,1633957.9,-9999,300402.5,17.94,-1,-0.4908832540889887,0.9572190406407288,0,0.5743314243844373,9,1.2105263157894737,0.5263157894736842,N1 O10,de-protonated,0,-9999,C19 H23 O10 N1,19,23,10,1,-9999,-9999,-9999,-9999,-9999
913,424.330285,424.3302531419115,424.3302090400091,4875232.5,-9999,284266.3,56.98,-1,0.10393297842357148,0.9980418992625084,0.9949167889733348,0.996791855146839,8,1.5714285714285714,0.07142857142857142,13C1 O2,de-protonated,1,911,C28 H44 O2 13C1,28,44,2,-9999,-9999,-9999,1,-9999,-9999
917,425.072436,425.0724035953708,425.0725495626591,1317043.9,-9999,519040,14.12,-1,-0.34339382404338803,0.9788309716803824,0,0.5872985830082295,10,1,0.6666666666666666,O12,de-protonated,0,-9999,C18 H18 O12,18,18,12,-9999,-9999,-9999,-9999,-9999,-9999
917,425.072436,425.0724035953708,425.0720364984091,1317043.9,-9999,519040,14.12,-1,0.8636111769399573,0.8734286522162236,0,0.5240571913297342,28,0.3225806451612903,0.03225806451612903,N2 O1,de-protonated,0,-9999,C31 H10 O1 N2,31,10,1,2,-9999,-9999,-9999,-9999,-9999
917,425.072436,425.0724035953708,425.07238737132906,1317043.9,-9999,519040,14.12,-1,0.03816771505291358,0.9997357051177856,0,0.5998414230706713,5,1.7692307692307692,0.4615384615384616,N4 S2 P1 O6,de-protonated,0,-9999,C13 H23 O6 N4 P1 S2,13,23,6,4,1,2,-9999,-9999,-9999
918,425.109001,425.10896856844334,425.10893507200905,2404542.3,-9999,358894.2,27.22,-1,0.0787949429776436,0.9988740841961936,0,0.5993244505177162,9,1.1578947368421053,0.5789473684210527,O11,de-protonated,0,-9999,C19 H22 O11,19,22,11,-9999,-9999,-9999,-9999,-9999,-9999
918,425.109001,425.10896856844334,425.10877288067906,2404542.3,-9999,358894.2,27.22,-1,0.46032398476192665,0.9622811216583136,0,0.5773686729949882,4,1.9285714285714288,0.35714285714285715,N4 S2 P1 O5,de-protonated,0,-9999,C14 H27 O5 N4 P1 S2,14,27,5,4,1,2,-9999,-9999,-9999
919,425.145338,425.1453055416838,425.14532058135904,2837704.8,-9999,356458,32.43,-1,-0.03537537524073467,0.9997729577758424,0,0.5998637746655054,8,1.3,0.5,O10,de-protonated,0,-9999,C20 H26 O10,20,26,10,-9999,-9999,-9999,-9999,-9999,-9999
919,425.145338,425.1453055416838,425.14515839002905,2837704.8,-9999,356458,32.43,-1,0.3461209703086776,0.97849705396302,0,0.587098232377812,3,2.066666666666667,0.26666666666666666,N4 S2 P1 O4,de-protonated,0,-9999,C15 H31 O4 N4 P1 S2,15,31,4,4,1,2,-9999,-9999,-9999
920,425.181723,425.1816905148888,425.18170609070904,2514131,-9999,466677,28.54,-1,-0.03663332638947138,0.9997565253984256,0,0.5998539152390554,7,1.4285714285714286,0.42857142857142855,O9,de-protonated,0,-9999,C21 H30 O9,21,30,9,-9999,-9999,-9999,-9999,-9999,-9999
920,425.181723,425.1816905148888,425.1815438993792,2514131,-9999,466677,28.54,-1,0.34483037132570915,0.9786553927340242,0,0.5871932356404145,2,2.1875,0.1875,N4 S2 P1 O3,de-protonated,0,-9999,C16 H35 O3 N4 P1 S2,16,35,3,4,1,2,-9999,-9999,-9999
921,425.18236,425.1823275144198,425.1825754705791,2283475.3,-9999,385176.6,25.76,-1,-0.5831757310622088,0.9401558708422272,0,0.5640935225053362,6,1.5454545454545454,0.18181818181818185,S2 O4,de-protonated,0,-9999,C22 H34 O4 S2,22,34,4,-9999,-9999,2,-9999,-9999,-9999
921,425.18236,425.1823275144198,425.1821953480591,2283475.3,-9999,385176.6,25.76,-1,0.31084641391844214,0.9826202324043136,0,0.5895721394425882,11,1.2916666666666667,0.04166666666666666,N2 S1 P1 O1,de-protonated,0,-9999,C24 H31 O1 N2 P1 S1,24,31,1,2,1,1,-9999,-9999,-9999
922,425.218109,425.2180764880932,425.21809160005904,3317981.5,-9999,411903.5,38.22,-1,-0.03553932936304709,0.49988542429852817,0.8077896627745539,0.6230471196889384,6,1.5454545454545454,0.3636363636363637,O8,de-protonated,0,-9999,C22 H34 O8,22,34,8,-9999,-9999,-9999,-9999,-9999,-9999
922,425.218109,425.2180764880932,425.2179294087291,3317981.5,-9999,411903.5,38.22,-1,0.34589172740334057,0.9785252202479656,0,0.5871151321487794,1,2.2941176470588234,0.1176470588235294,N4 S2 P1 O2,de-protonated,0,-9999,C17 H39 O2 N4 P1 S2,17,39,2,4,1,2,-9999,-9999,-9999
923,425.218929,425.2188964874893,425.218960979929,1872861.6,-9999,329123.9,20.81,-1,-0.15166877688300504,0.9958347588252212,0,0.5975008552951327,5,1.6521739130434785,0.13043478260869565,S2 O3,de-protonated,0,-9999,C23 H38 O3 S2,23,38,3,-9999,-9999,2,-9999,-9999,-9999
924,425.231034,425.2310014785749,425.23097875962907,1541345.1,-9999,550013.2,16.82,-1,0.05342730651726107,0.9994821929917668,0,0.5996893157950601,1,2.0526315789473686,0.42105263157894735,P1 O8,de-protonated,0,-9999,C19 H39 O8 P1,19,39,8,-9999,1,-9999,-9999,-9999,-9999
925,425.254534,425.2545014612688,425.2544771094091,1275111.9,-9999,310019.5,13.62,-1,0.05726420529302849,0.9994051724061886,0,0.5996431034437132,5,1.6521739130434785,0.30434782608695654,O7,de-protonated,0,-9999,C23 H38 O7,23,38,7,-9999,-9999,-9999,-9999,-9999,-9999
925,425.254534,425.2545014612688,425.2543149180792,1275111.9,-9999,310019.5,13.62,-1,0.4386626615404624,0.965687253938169,0,0.5794123523629013,0,2.388888888888889,0.05555555555555555,N4 S2 P1 O1,de-protonated,0,-9999,C18 H43 O1 N4 P1 S2,18,43,1,4,1,2,-9999,-9999,-9999
926,425.306219,425.30618642320655,425.30611876004906,4320502.5,-9999,294539.2,50.29,-1,0.1590928380997724,0.9875918875635952,0.9717219892727708,0.9812439282472654,8,1.5,0.10714285714285714,O3,de-protonated,0,-9999,C28 H42 O3,28,42,3,-9999,-9999,-9999,-9999,-9999,-9999
928,426.216896,426.2168627525586,426.21671187557905,1366779.9,-9999,339849.6,14.72,-1,0.3539912334325698,0.9775192469081976,0,0.5865115481449186,1,2.0555555555555554,0.4444444444444444,N1 S1 O8,de-protonated,0,-9999,C18 H37 O8 N1 S1,18,37,8,1,-9999,1,-9999,-9999,-9999
929,426.30965,426.3096166842519,426.3094735951191,1523734.5,-9999,427192.6,16.61,-1,0.3356461484224821,0.9797658080612764,0.9717219892727708,0.976548280545874,8,1.5555555555555556,0.1111111111111111,13C1 O3,de-protonated,1,926,C27 H42 O3 13C1,27,42,3,-9999,-9999,-9999,1,-9999,-9999
934,426.967708,426.9676741996397,426.96764751844904,1315796.4,-9999,401462.8,14.1,-1,0.06248995857068218,0.9992916947679852,0,0.5995750168607911,7,1.181818181818182,0.9090909090909092,N2 S2 P1 O10,de-protonated,0,-9999,C11 H13 O10 N2 P1 S2,11,13,10,2,1,2,-9999,-9999,-9999
936,426.982119,426.982085189027,426.9820342798691,31536856,-9999,407069.7,378.07,-1,0.1192302106523674,0.6620254258981307,0.9255011868133762,0.7674157302642289,12,0.6428571428571429,0.8571428571428571,N2 P1 O12,de-protonated,0,-9999,C14 H9 O12 N2 P1,14,9,12,2,1,-9999,-9999,-9999,-9999
937,426.982824,426.9827901885078,426.9829036597391,23475928,-9999,340054.3,280.98,-1,-0.2657512287808665,0.32908905890581314,0.7989013330709023,0.5170139685718488,11,0.8666666666666667,0.4666666666666667,N2 S2 P1 O7,de-protonated,0,-9999,C15 H13 O7 N2 P1 S2,15,13,7,2,1,2,-9999,-9999,-9999
938,427.088294,427.0882601108368,427.0881996271191,1437431.3,-9999,449513.8,15.56,-1,0.141618798477701,0.9963674997302332,0,0.59782049983814,9,1.1111111111111112,0.6666666666666666,O12,de-protonated,0,-9999,C18 H20 O12,18,20,12,-9999,-9999,-9999,-9999,-9999,-9999
938,427.088294,427.0882601108368,427.0880374357891,1437431.3,-9999,449513.8,15.56,-1,0.5213797347346135,0.951872258640857,0,0.5711233551845142,4,1.9230769230769231,0.4615384615384616,N4 S2 P1 O6,de-protonated,0,-9999,C13 H25 O6 N4 P1 S2,13,25,6,4,1,2,-9999,-9999,-9999
939,427.124724,427.1246900840087,427.1245851364691,2477825.8,-9999,339061.5,28.09,-1,0.245707091742854,0.9891053655801468,0,0.593463219348088,8,1.263157894736842,0.5789473684210527,O11,de-protonated,0,-9999,C19 H24 O11,19,24,11,-9999,-9999,-9999,-9999,-9999,-9999
939,427.124724,427.1246900840087,427.12507439381915,2477825.8,-9999,339061.5,28.09,-1,-0.8997594228996986,0.86338473847317,0,0.518030843083902,12,1.1363636363636365,0.13636363636363635,N2 S1 P1 O3,de-protonated,0,-9999,C22 H25 O3 N2 P1 S1,22,25,3,2,1,1,-9999,-9999,-9999
939,427.124724,427.1246900840087,427.12442294513903,2477825.8,-9999,339061.5,28.09,-1,0.6254357169089148,0.9314830804586988,0,0.5588898482752193,3,2.0714285714285716,0.35714285714285715,N4 S2 P1 O5,de-protonated,0,-9999,C14 H29 O5 N4 P1 S2,14,29,5,4,1,2,-9999,-9999,-9999
940,427.161093,427.16105905722554,427.1609706458191,3133196.3,-9999,325481,35.99,-1,0.20697444884167537,0.9922571559715848,0,0.5953542935829508,7,1.4,0.5,O10,de-protonated,0,-9999,C20 H28 O10,20,28,10,-9999,-9999,-9999,-9999,-9999,-9999
940,427.161093,427.16105905722554,427.16145990316915,3133196.3,-9999,325481,35.99,-1,-0.9383944508783644,0.4261652841767219,0.8007932653391621,0.576016476641698,11,1.2608695652173914,0.08695652173913043,N2 S1 P1 O2,de-protonated,0,-9999,C23 H29 O2 N2 P1 S1,23,29,2,2,1,1,-9999,-9999,-9999
940,427.161093,427.16105905722554,427.1608084544891,3133196.3,-9999,325481,35.99,-1,0.5866707139266844,0.9394586561729744,0,0.5636751937037846,2,2.2,0.26666666666666666,N4 S2 P1 O4,de-protonated,0,-9999,C15 H33 O4 N4 P1 S2,15,33,4,4,1,2,-9999,-9999,-9999
941,427.174242,427.17420804754227,427.17385780538905,1336592.1,-9999,341787.2,14.35,-1,0.8199054010863954,0.8851678880557595,0,0.5311007328334557,2,1.9411764705882353,0.5882352941176471,P1 O10,de-protonated,0,-9999,C17 H33 O10 P1,17,33,10,-9999,1,-9999,-9999,-9999,-9999
942,427.197414,427.19738003047775,427.1973561551691,3233046.8,-9999,368196,37.19,-1,0.05588824070780995,0.999433406428798,0,0.5996600438572788,6,1.5238095238095235,0.42857142857142855,O9,de-protonated,0,-9999,C21 H32 O9,21,32,9,-9999,-9999,-9999,-9999,-9999,-9999
942,427.197414,427.19738003047775,427.1971939638391,3233046.8,-9999,368196,37.19,-1,0.4355521087006282,0.9661638530162466,0,0.579698311809748,1,2.3125,0.1875,N4 S2 P1 O3,de-protonated,0,-9999,C16 H37 O3 N4 P1 S2,16,37,3,4,1,2,-9999,-9999,-9999
943,427.198227,427.198193029879,427.1982255350391,1985303,-9999,362710.6,22.16,-1,-0.07608917397996086,0.9989500430996324,0,0.5993700258597794,5,1.6363636363636365,0.18181818181818185,S2 O4,de-protonated,0,-9999,C22 H36 O4 S2,22,36,4,-9999,-9999,2,-9999,-9999,-9999
943,427.198227,427.198193029879,427.1978454125191,1985303,-9999,362710.6,22.16,-1,0.8137151524848789,0.8867935762923627,0,0.5320761457754176,10,1.375,0.04166666666666666,N2 S1 P1 O1,de-protonated,0,-9999,C24 H33 O1 N2 P1 S1,24,33,1,2,1,1,-9999,-9999,-9999
944,427.218445,427.2184110149899,427.21848552322905,1704220.9,-9999,405284.6,18.78,-1,-0.17440312551206635,0.9944961769098426,0,0.5966977061459056,1,2,0.6111111111111112,O11,de-protonated,0,-9999,C18 H36 O11,18,36,11,-9999,-9999,-9999,-9999,-9999,-9999
945,427.219968,427.21993401386834,427.21962622925906,1302813.4,-9999,448173.6,13.94,-1,0.7204364930353859,0.9101215807998037,0,0.5460729484798822,14,1.137931034482759,0.03448275862068965,P1 O1,de-protonated,0,-9999,C29 H33 O1 P1,29,33,1,-9999,1,-9999,-9999,-9999,-9999
945,427.219968,427.21993401386834,427.21982293374913,1302813.4,-9999,448173.6,13.94,-1,0.26000694080261183,0.9878083417933168,0,0.5926850050759901,6,1.6842105263157894,0.3684210526315789,N4 O7,de-protonated,0,-9999,C19 H32 O7 N4,19,32,7,4,-9999,-9999,-9999,-9999,-9999
946,427.233798,427.2337640036835,427.2337416645191,3545889.3,-9999,389590.9,40.96,-1,0.05228792173190685,0.49975201873316466,0.8077896627745538,0.6229670763497204,5,1.6363636363636365,0.3636363636363637,O8,de-protonated,0,-9999,C22 H36 O8,22,36,8,-9999,-9999,-9999,-9999,-9999,-9999
946,427.233798,427.2337640036835,427.23357947318914,3545889.3,-9999,389590.9,40.96,-1,0.4319194540079968,0.9667164495356452,0,0.5800298697213871,0,2.411764705882353,0.1176470588235294,N4 S2 P1 O2,de-protonated,0,-9999,C17 H41 O2 N4 P1 S2,17,41,2,4,1,2,-9999,-9999,-9999
947,427.234569,427.2345350031158,427.23461104438906,2355489.5,-9999,332541.9,26.62,-1,-0.1779848150884445,0.9942684490326058,0,0.5965610694195634,4,1.7391304347826086,0.13043478260869565,S2 O3,de-protonated,0,-9999,C23 H40 O3 S2,23,40,3,-9999,-9999,2,-9999,-9999,-9999
948,427.27019,427.2701559768835,427.270127173869,1168939.9,-9999,350533,12.33,-1,0.06741172052564412,0.9991757753251106,0,0.5995054651950663,4,1.7391304347826086,0.30434782608695654,O7,de-protonated,0,-9999,C23 H40 O7,23,40,7,-9999,-9999,-9999,-9999,-9999,-9999
949,427.985531,427.9854964500864,427.9853891149391,2565115.5,-9999,304427.2,29.14,-1,0.25079161580460707,0.6591015998954106,0.9255011868133762,0.7656614346625968,12,0.6923076923076923,0.9230769230769232,13C1 N2 P1 O12,de-protonated,1,936,C13 H9 O12 N2 P1 13C1,13,9,12,2,1,-9999,1,-9999,-9999
951,429.072963,429.0729276492711,429.0728243447491,1662776.9,-9999,383212.7,18.27,-1,0.24076221127113284,0.9895371852381372,0,0.5937223111428823,18,0.6086956521739131,0.30434782608695654,N2 O7,de-protonated,0,-9999,C23 H14 O7 N2,23,14,7,2,-9999,-9999,-9999,-9999,-9999
952,429.103791,429.1037556265685,429.1038496915791,1354049.9,-9999,482425.3,14.55,-1,-0.2192126933424055,0.9913185311273532,0,0.5947911186764119,8,1.2222222222222223,0.6666666666666666,O12,de-protonated,0,-9999,C18 H22 O12,18,22,12,-9999,-9999,-9999,-9999,-9999,-9999
952,429.103791,429.1037556265685,429.1033366273291,1354049.9,-9999,482425.3,14.55,-1,0.9764529977641716,0.8411341263647584,0,0.504680475818855,26,0.4516129032258064,0.03225806451612903,N2 O1,de-protonated,0,-9999,C31 H14 O1 N2,31,14,1,2,-9999,-9999,-9999,-9999,-9999
952,429.103791,429.1037556265685,429.10368750024907,1354049.9,-9999,482425.3,14.55,-1,0.15876423675272977,0.9954368324060948,0,0.5972620994436569,3,2.076923076923077,0.4615384615384616,N4 S2 P1 O6,de-protonated,0,-9999,C13 H27 O6 N4 P1 S2,13,27,6,4,1,2,-9999,-9999,-9999
953,429.128279,429.1282436085349,429.1284887473891,1294921.1,-9999,393302.9,13.84,-1,-0.5712481474414401,0.9425077451481496,0,0.5655046470888897,25,0.5454545454545454,0.0303030303030303,O1,de-protonated,0,-9999,C33 H18 O1,33,18,1,-9999,-9999,-9999,-9999,-9999,-9999
953,429.128279,429.1282436085349,429.1278372987091,1294921.1,-9999,393302.9,13.84,-1,0.9468270068248358,0.849875535656859,0,0.5099253213941154,16,0.88,0.12,N2 S1 O3,de-protonated,0,-9999,C25 H22 O3 N2 S1,25,22,3,2,-9999,1,-9999,-9999,-9999
953,429.128279,429.1282436085349,429.1279702404391,1294921.1,-9999,393302.9,13.84,-1,0.6370316426852909,0.9290120522641434,0,0.557407231358486,3,1.9285714285714288,0.7857142857142857,N2 P1 O11,de-protonated,0,-9999,C14 H27 O11 N2 P1,14,27,11,2,1,-9999,-9999,-9999,-9999
954,429.140278,429.14024259969847,429.1402352009291,1934156.6,-9999,369247.6,21.54,-1,0.01724091275650326,0.9999460660007458,0,0.5999676396004474,7,1.368421052631579,0.5789473684210527,O11,de-protonated,0,-9999,C19 H26 O11,19,26,11,-9999,-9999,-9999,-9999,-9999,-9999
954,429.140278,429.14024259969847,429.14007300959906,1934156.6,-9999,369247.6,21.54,-1,0.3951858846793266,0.9720605491567016,0,0.5832363294940208,2,2.2142857142857144,0.35714285714285715,N4 S2 P1 O5,de-protonated,0,-9999,C14 H31 O5 N4 P1 S2,14,31,5,4,1,2,-9999,-9999,-9999
955,429.155494,429.15545858849293,429.155491342219,1359953.1,-9999,372331.1,14.62,-1,-0.0763213491367562,0.998943629129914,0,0.5993661774779484,11,1.1304347826086956,0.34782608695652173,O8,de-protonated,0,-9999,C23 H26 O8,23,26,8,-9999,-9999,-9999,-9999,-9999,-9999
955,429.155494,429.15545858849293,429.1553291508891,1359953.1,-9999,372331.1,14.62,-1,0.3016101515084822,0.98362933190555,0,0.5901775991433299,6,1.7222222222222223,0.1111111111111111,N4 S2 P1 O2,de-protonated,0,-9999,C18 H31 O2 N4 P1 S2,18,31,2,4,1,2,-9999,-9999,-9999
956,429.176672,429.1766365728969,429.17662071027905,2649943.3,-9999,308450.6,30.16,-1,0.03696058234204597,0.9997521564536874,0,0.5998512938722125,6,1.5,0.5,O10,de-protonated,0,-9999,C20 H30 O10,20,30,10,-9999,-9999,-9999,-9999,-9999,-9999
956,429.176672,429.1766365728969,429.1764585189491,2649943.3,-9999,308450.6,30.16,-1,0.41487351933992367,0.9692516940765769,0,0.5815510164459461,1,2.3333333333333335,0.26666666666666666,N4 S2 P1 O4,de-protonated,0,-9999,C15 H35 O4 N4 P1 S2,15,35,4,4,1,2,-9999,-9999,-9999
957,429.199132,429.1990965563567,429.1988907843691,1725789.9,-9999,385738.4,19.03,-1,0.4794327106655402,0.9591507521931838,0,0.5754904513159103,14,1.1071428571428572,0.07142857142857142,P1 O2,de-protonated,0,-9999,C28 H31 O2 P1,28,31,2,-9999,1,-9999,-9999,-9999,-9999
957,429.199132,429.1990965563567,429.1990874888591,1725789.9,-9999,385738.4,19.03,-1,0.02112655380520552,0.999919017055663,0,0.5999514102333978,6,1.6666666666666667,0.4444444444444444,N4 O8,de-protonated,0,-9999,C18 H30 O8 N4,18,30,8,4,-9999,-9999,-9999,-9999,-9999
958,429.199882,429.1998465558044,429.1999568687291,1359454.1,-9999,339117,14.62,-1,-0.25701988760805244,0.9880851910777944,0,0.5928511146466766,5,1.7894736842105263,0.15789473684210523,N4 S2 O3,de-protonated,0,-9999,C19 H34 O3 N4 S2,19,34,3,4,-9999,2,-9999,-9999,-9999
959,429.213026,429.2129905461248,429.2130062196291,3201378,-9999,360935.4,36.8,-1,-0.03651684383941231,0.9997580710963448,0,0.5998548426578069,5,1.619047619047619,0.42857142857142855,O9,de-protonated,0,-9999,C21 H34 O9,21,34,9,-9999,-9999,-9999,-9999,-9999,-9999
959,429.213026,429.2129905461248,429.2128440282991,3201378,-9999,360935.4,36.8,-1,0.3413640288447987,0.9790778628395228,0,0.5874467177037137,0,2.4375,0.1875,N4 S2 P1 O3,de-protonated,0,-9999,C16 H39 O3 N4 P1 S2,16,39,3,4,1,2,-9999,-9999,-9999
960,429.213925,429.2138895454628,429.21387559949903,2212962.3,-9999,497458.3,24.9,-1,0.03249187538160127,0.9998084589825164,0,0.5998850753895097,4,1.7272727272727273,0.18181818181818185,S2 O4,de-protonated,0,-9999,C22 H38 O4 S2,22,38,4,-9999,-9999,2,-9999,-9999,-9999
960,429.213925,429.2138895454628,429.2134954769791,2212962.3,-9999,497458.3,24.9,-1,0.918117645005894,0.8581723226019736,0,0.5149033935611842,9,1.4583333333333333,0.04166666666666666,N2 S1 P1 O1,de-protonated,0,-9999,C24 H35 O1 N2 P1 S1,24,35,1,2,1,1,-9999,-9999,-9999
961,429.235542,429.2355065295434,429.2352762937191,4616552.5,-9999,392210.8,53.84,-1,0.5363860731066785,0.4745673246099914,0.7612342259156645,0.5892340851322606,13,1.206896551724138,0.03448275862068965,P1 O1,de-protonated,0,-9999,C29 H35 O1 P1,29,35,1,-9999,1,-9999,-9999,-9999,-9999
961,429.235542,429.2355065295434,429.2354729982091,4616552.5,-9999,392210.8,53.84,-1,0.07811873992477171,0.4994466577050254,0.8295321147073605,0.6314808405059595,5,1.7894736842105263,0.3684210526315789,N4 O7,de-protonated,0,-9999,C19 H34 O7 N4,19,34,7,4,-9999,-9999,-9999,-9999,-9999
962,429.249472,429.249436519285,429.2493917289791,2559852.5,-9999,395711.6,29.07,-1,0.1043456478715998,0.9980263343659987,0,0.5988158006195993,4,1.7272727272727273,0.3636363636363637,O8,de-protonated,0,-9999,C22 H38 O8,22,38,8,-9999,-9999,-9999,-9999,-9999,-9999
963,429.250531,429.2504955185051,429.2502611088491,1268077,-9999,372153,13.52,-1,0.5460908873922793,0.9473271684105974,0,0.5683963010463584,3,1.826086956521739,0.13043478260869565,S2 O3,de-protonated,0,-9999,C23 H42 O3 S2,23,42,3,-9999,-9999,2,-9999,-9999,-9999
963,429.250531,429.2504955185051,429.25072913949907,1268077,-9999,372153,13.52,-1,-0.5442529927662705,0.9476716903464096,0,0.5686030142078458,9,1.4782608695652173,0.17391304347826086,N4 O4,de-protonated,0,-9999,C23 H34 O4 N4,23,34,4,4,-9999,-9999,-9999,-9999,-9999
964,430.194406,430.1943698234092,430.1941397565691,1600642.6,-9999,444532.5,17.52,-1,0.5347977084202069,0.9494277135134152,0,0.5696566281080492,14,1.1111111111111112,0.07407407407407407,N1 P1 O2,de-protonated,0,-9999,C27 H30 O2 N1 P1,27,30,2,1,1,-9999,-9999,-9999,-9999
965,431.126401,431.126364137062,431.1265136888391,1151510.5,-9999,394402.9,12.11,-1,-0.3468860586176212,0.9784029210138704,0,0.5870417526083221,11,1.1363636363636365,0.3181818181818182,P1 O7,de-protonated,0,-9999,C22 H25 O7 P1,22,25,7,-9999,1,-9999,-9999,-9999,-9999
966,431.144017,431.1439801240891,431.1441388118491,1521435.8,-9999,273608.6,16.56,-1,-0.3680619673657853,0.9757188641399416,0,0.5854313184839649,24,0.6060606060606061,0.0303030303030303,O1,de-protonated,0,-9999,C33 H20 O1,33,20,1,-9999,-9999,-9999,-9999,-9999,-9999
966,431.144017,431.1439801240891,431.14362030489906,1521435.8,-9999,273608.6,16.56,-1,0.8345692087754578,0.8812798474970363,0,0.5287679084982218,2,2.0714285714285716,0.7857142857142857,N2 P1 O11,de-protonated,0,-9999,C14 H29 O11 N2 P1,14,29,11,2,1,-9999,-9999,-9999,-9999
967,431.155883,431.1558461153507,431.1558852653891,1206175.3,-9999,597092.9,12.76,-1,-0.09080251418981944,0.998505056599265,0,0.599103033959559,6,1.4736842105263157,0.5789473684210527,O11,de-protonated,0,-9999,C19 H28 O11,19,28,11,-9999,-9999,-9999,-9999,-9999,-9999
967,431.155883,431.1558461153507,431.1557230740591,1206175.3,-9999,597092.9,12.76,-1,0.28537552679181755,0.9853316102903248,0,0.5911989661741948,1,2.357142857142857,0.35714285714285715,N4 S2 P1 O5,de-protonated,0,-9999,C14 H33 O5 N4 P1 S2,14,33,5,4,1,2,-9999,-9999,-9999
968,431.178454,431.17841709872874,431.17815533947913,2181542,-9999,407308.4,24.51,-1,0.6070791072537379,0.9353149010750466,0,0.5611889406450279,14,1.0740740740740742,0.1111111111111111,P1 O3,de-protonated,0,-9999,C27 H29 O3 P1,27,29,3,-9999,1,-9999,-9999,-9999,-9999
968,431.178454,431.17841709872874,431.17835204396914,2181542,-9999,407308.4,24.51,-1,0.1508766831497976,0.9958780618036932,0,0.5975268370822159,6,1.6470588235294117,0.5294117647058824,N4 O9,de-protonated,0,-9999,C17 H28 O9 N4,17,28,9,4,-9999,-9999,-9999,-9999,-9999
969,431.179234,431.1791970981544,431.17922142383907,1659046.3,-9999,400311.4,18.22,-1,-0.05641664416328907,0.999422645007153,0,0.5996535870042918,5,1.7777777777777777,0.2222222222222222,N4 S2 O4,de-protonated,0,-9999,C18 H32 O4 N4 S2,18,32,4,4,-9999,2,-9999,-9999,-9999
970,431.192234,431.1921970885808,431.1922707747391,1986986,-9999,313819.1,22.17,-1,-0.1708893301449551,0.9947151386859852,0,0.5968290832115911,5,1.6,0.5,O10,de-protonated,0,-9999,C20 H32 O10,20,32,10,-9999,-9999,-9999,-9999,-9999,-9999
970,431.192234,431.1921970885808,431.19210858340904,1986986,-9999,313819.1,22.17,-1,0.2052569376156548,0.9923846373069388,0,0.5954307823841632,0,2.466666666666667,0.26666666666666666,N4 S2 P1 O4,de-protonated,0,-9999,C15 H37 O4 N4 P1 S2,15,37,4,4,1,2,-9999,-9999,-9999
971,431.214836,431.214799071936,431.2145408488291,2409904.8,-9999,413779.4,27.26,-1,0.5988274570174934,0.9370051796248984,0,0.562203107774939,13,1.1785714285714286,0.07142857142857142,P1 O2,de-protonated,0,-9999,C28 H33 O2 P1,28,33,2,-9999,1,-9999,-9999,-9999,-9999
971,431.214836,431.214799071936,431.21473755331914,2409904.8,-9999,413779.4,27.26,-1,0.14266353049356414,0.9963138068813462,0,0.5977882841288077,5,1.7777777777777777,0.4444444444444444,N4 O8,de-protonated,0,-9999,C18 H32 O8 N4,18,32,8,4,-9999,-9999,-9999,-9999,-9999
972,431.215616,431.2155790713616,431.2156069331891,1924401,-9999,433392.7,21.41,-1,-0.06461228920457555,0.9992427843075214,0,0.5995456705845128,4,1.894736842105263,0.15789473684210523,N4 S2 O3,de-protonated,0,-9999,C19 H36 O3 N4 S2,19,36,3,4,-9999,2,-9999,-9999,-9999
973,431.226137,431.22610006361367,431.2261543606391,2063796.1,-9999,455511.8,23.09,-1,-0.12591310819075793,0.9971274261785444,0,0.5982764557071266,8,1.44,0.16,S1 O4,de-protonated,0,-9999,C25 H36 O4 S1,25,36,4,-9999,-9999,1,-9999,-9999,-9999
973,431.226137,431.22610006361367,431.2257742381191,2063796.1,-9999,455511.8,23.09,-1,0.7555798239905582,0.9015955851501214,0,0.5409573510900728,13,1.2222222222222223,0.03703703703703703,N2 P1 O1,de-protonated,0,-9999,C27 H33 O1 N2 P1,27,33,1,2,1,-9999,-9999,-9999,-9999
974,431.228755,431.2287180616857,431.22865628408914,2528693,-9999,321486,28.69,-1,0.1432594881075541,0.996283002835852,0,0.5977698017015112,4,1.7142857142857142,0.42857142857142855,O9,de-protonated,0,-9999,C21 H36 O9,21,36,9,-9999,-9999,-9999,-9999,-9999,-9999
974,431.228755,431.2287180616857,431.2291455414391,2528693,-9999,321486,28.69,-1,-0.9913053368907684,0.836685410389071,0,0.5020112462334425,8,1.5416666666666667,0.04166666666666666,N2 S1 P1 O1,de-protonated,0,-9999,C24 H37 O1 N2 P1 S1,24,37,1,2,1,1,-9999,-9999,-9999
975,433.114142,433.11410367323407,433.1140204524391,1270120.6,-9999,309794.7,13.53,-1,0.19214523438906364,0.9933233410036362,0,0.5959940046021817,11,1.0476190476190477,0.47619047619047616,O10,de-protonated,0,-9999,C21 H22 O10,21,22,10,-9999,-9999,-9999,-9999,-9999,-9999
975,433.114142,433.11410367323407,433.1145097097891,1270120.6,-9999,309794.7,13.53,-1,-0.9374808415135492,0.8525956587083299,0,0.5115573952249979,15,0.9583333333333334,0.08333333333333333,N2 S1 P1 O2,de-protonated,0,-9999,C24 H23 O2 N2 P1 S1,24,23,2,2,1,1,-9999,-9999,-9999
975,433.114142,433.11410367323407,433.1138582611091,1270120.6,-9999,309794.7,13.53,-1,0.5666226565774641,0.9434082725460664,0,0.5660449635276399,6,1.6875,0.25,N4 S2 P1 O4,de-protonated,0,-9999,C16 H27 O4 N4 P1 S2,16,27,4,4,1,2,-9999,-9999,-9999
976,433.141889,433.1418506528004,433.1421637532991,1731825,-9999,280061.8,19.09,-1,-0.7228585089602216,0.9095444853948322,0,0.5457266912368993,10,1.2272727272727273,0.3181818181818182,P1 O7,de-protonated,0,-9999,C22 H27 O7 P1,22,27,7,-9999,1,-9999,-9999,-9999,-9999
976,433.141889,433.1418506528004,433.1415123046191,1731825,-9999,280061.8,19.09,-1,0.7811492820074454,0.8951903192322943,0,0.5371141915393766,1,2.2142857142857144,0.6428571428571429,N2 S1 P1 O9,de-protonated,0,-9999,C14 H31 O9 N2 P1 S1,14,31,9,2,1,1,-9999,-9999,-9999
977,433.150438,433.1503996465047,433.1504059617891,1324019.5,-9999,376444.7,14.18,-1,-0.01457988797439481,0.9999614296280652,0,0.5999768577768391,10,1.181818181818182,0.4090909090909091,O9,de-protonated,0,-9999,C22 H26 O9,22,26,9,-9999,-9999,-9999,-9999,-9999,-9999
977,433.150438,433.1503996465047,433.1502437704591,1324019.5,-9999,376444.7,14.18,-1,0.35986599993469875,0.9767756871248066,0,0.586065412274884,5,1.8235294117647056,0.17647058823529413,N4 S2 P1 O3,de-protonated,0,-9999,C17 H31 O3 N4 P1 S2,17,31,3,4,1,2,-9999,-9999,-9999
978,433.163539,433.1635006368568,433.1631601796291,1364983.5,-9999,338949.1,14.67,-1,0.7859791852255338,0.8939617092554696,0,0.5363770255532817,18,0.8666666666666667,0.03333333333333333,S1 O1,de-protonated,0,-9999,C30 H26 O1 S1,30,26,1,-9999,-9999,1,-9999,-9999,-9999
978,433.163539,433.1635006368568,433.1632931213591,1364983.5,-9999,338949.1,14.67,-1,0.47906990495059215,0.9592112753850328,0,0.5755267652310196,5,1.631578947368421,0.47368421052631576,P1 O9,de-protonated,0,-9999,C19 H31 O9 P1,19,31,9,-9999,1,-9999,-9999,-9999,-9999
979,433.172468,433.1724296302811,433.1726760358791,1666810.1,-9999,494983.6,18.3,-1,-0.5688391986661689,0.9429775447697624,0,0.5657865268618574,18,0.9,0.03333333333333333,P1 O1,de-protonated,0,-9999,C30 H27 O1 P1,30,27,1,-9999,1,-9999,-9999,-9999,-9999
979,433.172468,433.1724296302811,433.1724047097191,1666810.1,-9999,494983.6,18.3,-1,0.05753035462065252,0.9993996320090278,0,0.5996397792054167,4,1.7,0.3,S2 O6,de-protonated,0,-9999,C20 H34 O6 S2,20,34,6,-9999,-9999,2,-9999,-9999,-9999
979,433.172468,433.1724296302811,433.17202458719913,1666810.1,-9999,494983.6,18.3,-1,0.9350628827235742,0.8532963975922916,0,0.5119778385553749,9,1.4090909090909092,0.13636363636363635,N2 S1 P1 O3,de-protonated,0,-9999,C22 H31 O3 N2 P1 S1,22,31,3,2,1,1,-9999,-9999,-9999
980,433.173033,433.17299462986506,433.1726760358791,1573882.4,-9999,406313,17.19,-1,0.7354895717246335,0.9065095232674998,0,0.5439057139604998,18,0.9,0.03333333333333333,P1 O1,de-protonated,0,-9999,C30 H27 O1 P1,30,27,1,-9999,1,-9999,-9999,-9999,-9999
980,433.173033,433.17299462986506,433.1728727403691,1573882.4,-9999,406313,17.19,-1,0.2813876483098338,0.9857357847265552,0,0.591441470835933,10,1.3,0.35,N4 O7,de-protonated,0,-9999,C20 H26 O7 N4,20,26,7,4,-9999,-9999,-9999,-9999,-9999
981,433.199881,433.1998426100934,433.1996786307091,2146818.5,-9999,422047.5,24.09,-1,0.37853071560918616,0.9743360968524596,0,0.5846016581114757,4,1.75,0.4,P1 O8,de-protonated,0,-9999,C20 H35 O8 P1,20,35,8,-9999,1,-9999,-9999,-9999,-9999
982,433.200775,433.2007366094351,433.2005480105791,1228290.8,-9999,330505.2,13.02,-1,0.4353615361144585,0.9661929499131612,0,0.5797157699478966,3,1.8571428571428572,0.14285714285714285,S2 P1 O3,de-protonated,0,-9999,C21 H39 O3 P1 S2,21,39,3,-9999,1,2,-9999,-9999,-9999
982,433.200775,433.2007366094351,433.2010160412291,1228290.8,-9999,330505.2,13.02,-1,-0.6450395627176226,0.9272830220075198,0,0.5563698132045118,9,1.4761904761904765,0.1904761904761905,N4 P1 O4,de-protonated,0,-9999,C21 H31 O4 N4 P1,21,31,4,4,1,-9999,-9999,-9999,-9999
983,433.244217,433.2441785774432,433.24430634854906,1151759.8,-9999,462622.7,12.1,-1,-0.2949169878646811,0.9843421919509272,0,0.5906053151705563,3,1.8095238095238095,0.42857142857142855,O9,de-protonated,0,-9999,C21 H38 O9,21,38,9,-9999,-9999,-9999,-9999,-9999,-9999
984,435.093335,435.0932952157011,435.093285007549,1220160.3,-9999,371572.5,12.58,-1,0.02346198481994674,0.9999001238855252,0,0.599940074331315,11,1,0.55,O11,de-protonated,0,-9999,C20 H20 O11,20,20,11,-9999,-9999,-9999,-9999,-9999,-9999
984,435.093335,435.0932952157011,435.0931228162191,1220160.3,-9999,371572.5,12.58,-1,0.39623582400848417,0.9719139989048486,0,0.5831483993429092,6,1.6666666666666667,0.3333333333333333,N4 S2 P1 O5,de-protonated,0,-9999,C15 H25 O5 N4 P1 S2,15,25,5,4,1,2,-9999,-9999,-9999
985,435.129729,435.12968918889953,435.12967051689907,1849419.3,-9999,336181,19.96,-1,0.04291134742138456,0.9996659391505872,0,0.5997995634903523,10,1.1428571428571428,0.47619047619047616,O10,de-protonated,0,-9999,C21 H24 O10,21,24,10,-9999,-9999,-9999,-9999,-9999,-9999
985,435.129729,435.12968918889953,435.129508325569,1849419.3,-9999,336181,19.96,-1,0.4156540226589824,0.9691376970169208,0,0.5814826182101525,5,1.8125,0.25,N4 S2 P1 O4,de-protonated,0,-9999,C16 H29 O4 N4 P1 S2,16,29,4,4,1,2,-9999,-9999,-9999
986,435.166086,435.16604616212527,435.1660560262491,2069078.4,-9999,335938.2,22.53,-1,-0.02266749374665413,0.9999067732396364,0,0.5999440639437819,9,1.2727272727272727,0.4090909090909091,O9,de-protonated,0,-9999,C22 H28 O9,22,28,9,-9999,-9999,-9999,-9999,-9999,-9999
986,435.166086,435.16604616212527,435.16589383491913,2069078.4,-9999,335938.2,22.53,-1,0.3500439907991864,0.9780122808936356,0,0.5868073685361814,4,1.9411764705882353,0.17647058823529413,N4 S2 P1 O3,de-protonated,0,-9999,C17 H33 O3 N4 P1 S2,17,33,3,4,1,2,-9999,-9999,-9999
987,435.179208,435.17916815246184,435.1788102440891,1692506.4,-9999,330091.2,18.12,-1,0.8224397978701656,0.8844996140912508,0,0.5306997684547504,17,0.9333333333333332,0.03333333333333333,S1 O1,de-protonated,0,-9999,C30 H28 O1 S1,30,28,1,-9999,-9999,1,-9999,-9999,-9999
987,435.179208,435.17916815246184,435.17894318581904,1692506.4,-9999,330091.2,18.12,-1,0.516952040825624,0.9526666369712364,0,0.5715999821827419,4,1.736842105263158,0.47368421052631576,P1 O9,de-protonated,0,-9999,C19 H33 O9 P1,19,33,9,-9999,1,-9999,-9999,-9999,-9999
988,435.202617,435.2025771352228,435.2024415355991,1418465.6,-9999,280411.3,14.9,-1,0.3115782696041529,0.9825390178546174,0,0.5895234107127704,8,1.391304347826087,0.34782608695652173,O8,de-protonated,0,-9999,C23 H32 O8,23,32,8,-9999,-9999,-9999,-9999,-9999,-9999
988,435.202617,435.2025771352228,435.2022793442691,1418465.6,-9999,280411.3,14.9,-1,0.6842587179416864,0.9185526188495334,0,0.55113157130972,3,2.0555555555555554,0.1111111111111111,N4 S2 P1 O2,de-protonated,0,-9999,C18 H37 O2 N4 P1 S2,18,37,2,4,1,2,-9999,-9999,-9999
989,435.215653,435.21561312562267,435.21532869516903,4955237.5,-9999,295172.7,56.38,-1,0.6535396041431395,0.4627138468426401,0.8221557383861046,0.6064906034600259,3,1.85,0.4,P1 O8,de-protonated,0,-9999,C20 H37 O8 P1,20,37,8,-9999,1,-9999,-9999,-9999,-9999
990,436.983286,436.98324482388847,436.9833578897391,1685892.5,-9999,274430.7,18.03,-1,-0.2587417772645059,0.9879259820816982,0,0.5927555892490189,18,0.3333333333333333,0.4444444444444444,N4 S1 O8,de-protonated,0,-9999,C18 H6 O8 N4 S1,18,6,8,4,-9999,1,-9999,-9999,-9999
991,437.109076,437.1090347312532,437.1089350720091,1674667.4,-9999,302893.2,17.9,-1,0.22799635534605797,0.9906122160329064,0,0.5943673296197439,10,1.1,0.55,O11,de-protonated,0,-9999,C20 H22 O11,20,22,11,-9999,-9999,-9999,-9999,-9999,-9999
991,437.109076,437.1090347312532,437.1094243293591,1674667.4,-9999,302893.2,17.9,-1,-0.8913056645338091,0.8657600255834256,0,0.5194560153500554,14,1,0.13043478260869565,N2 S1 P1 O3,de-protonated,0,-9999,C23 H23 O3 N2 P1 S1,23,23,3,2,1,1,-9999,-9999,-9999
991,437.109076,437.1090347312532,437.1087728806791,1674667.4,-9999,302893.2,17.9,-1,0.5990512895711095,0.9369595946873188,0,0.5621757568123912,5,1.8,0.3333333333333333,N4 S2 P1 O5,de-protonated,0,-9999,C15 H27 O5 N4 P1 S2,15,27,5,4,1,2,-9999,-9999,-9999
992,437.145447,437.14540570446854,437.14532058135904,3068086.8,-9999,351438.7,34.24,-1,0.19472497014634232,0.99314347642164,0,0.5958860858529841,9,1.238095238095238,0.47619047619047616,O10,de-protonated,0,-9999,C21 H26 O10,21,26,10,-9999,-9999,-9999,-9999,-9999,-9999
992,437.145447,437.14540570446854,437.1458098387091,3068086.8,-9999,351438.7,34.24,-1,-0.9244838483471244,0.4281738392881144,0.7939170211058493,0.5744711120152084,13,1.125,0.08333333333333333,N2 S1 P1 O2,de-protonated,0,-9999,C24 H27 O2 N2 P1 S1,24,27,2,2,1,1,-9999,-9999,-9999
992,437.145447,437.14540570446854,437.14515839002905,3068086.8,-9999,351438.7,34.24,-1,0.5657490074968671,0.943577635533528,0,0.5661465813201169,4,1.9375,0.25,N4 S2 P1 O4,de-protonated,0,-9999,C16 H31 O4 N4 P1 S2,16,31,4,4,1,2,-9999,-9999,-9999
993,437.181819,437.1817776776832,437.18170609070904,2195650,-9999,383879.5,24.01,-1,0.16374649985395204,0.9951466473389488,0,0.5970879884033693,8,1.3636363636363635,0.4090909090909091,O9,de-protonated,0,-9999,C22 H30 O9,22,30,9,-9999,-9999,-9999,-9999,-9999,-9999
993,437.181819,437.1817776776832,437.1821953480591,2195650,-9999,383879.5,24.01,-1,-0.9553691352029344,0.8473735173466403,0,0.5084241104079842,12,1.24,0.04,N2 S1 P1 O1,de-protonated,0,-9999,C25 H31 O1 N2 P1 S1,25,31,1,2,1,1,-9999,-9999,-9999
993,437.181819,437.1817776776832,437.1815438993792,2195650,-9999,383879.5,24.01,-1,0.5347396460634971,0.9494384116662108,0,0.5696630469997265,3,2.0588235294117645,0.17647058823529413,N4 S2 P1 O3,de-protonated,0,-9999,C17 H35 O3 N4 P1 S2,17,35,3,4,1,2,-9999,-9999,-9999
994,437.19471,437.1946686681899,437.1944603085491,1529029.9,-9999,380724.8,16.19,-1,0.4765834421762639,0.9596249359096471,0,0.5757749615457883,16,1,0.03333333333333333,S1 O1,de-protonated,0,-9999,C30 H30 O1 S1,30,30,1,-9999,-9999,1,-9999,-9999,-9999
994,437.19471,437.1946686681899,437.194593250279,1529029.9,-9999,380724.8,16.19,-1,0.17250421659250542,0.994615054646468,0,0.5967690327878807,3,1.8421052631578947,0.47368421052631576,P1 O9,de-protonated,0,-9999,C19 H35 O9 P1,19,35,9,-9999,1,-9999,-9999,-9999,-9999
995,437.2126,437.2125586550152,437.2122183732891,1600971.4,-9999,269908,17.04,-1,0.7782987569796279,0.8959126566821316,0,0.537547594009279,16,1,0.1,O3,de-protonated,0,-9999,C30 H30 O3,30,30,3,-9999,-9999,-9999,-9999,-9999,-9999
996,437.218238,437.2181966508632,437.21809160005904,1439181.1,-9999,436439.8,15.14,-1,0.24027094528805343,0.989579616599304,0,0.5937477699595823,7,1.4782608695652173,0.34782608695652173,O8,de-protonated,0,-9999,C23 H34 O8,23,34,8,-9999,-9999,-9999,-9999,-9999,-9999
996,437.218238,437.2181966508632,437.2179294087291,1439181.1,-9999,436439.8,15.14,-1,0.6112332457677279,0.9344563781280496,0,0.5606738268768298,2,2.1666666666666665,0.1111111111111111,N4 S2 P1 O2,de-protonated,0,-9999,C18 H39 O2 N4 P1 S2,18,39,2,4,1,2,-9999,-9999,-9999
997,439.088215,439.08817227375994,439.0881996271191,1511700,-9999,421016.2,15.98,-1,-0.06229581930731336,0.9992960874071436,0,0.5995776524442861,10,1.0526315789473684,0.631578947368421,O12,de-protonated,0,-9999,C19 H20 O12,19,20,12,-9999,-9999,-9999,-9999,-9999,-9999
997,439.088215,439.08817227375994,439.0880374357891,1511700,-9999,421016.2,15.98,-1,0.30708641400228315,0.9830345755723304,0,0.5898207453433981,5,1.7857142857142858,0.42857142857142855,N4 S2 P1 O6,de-protonated,0,-9999,C14 H25 O6 N4 P1 S2,14,25,6,4,1,2,-9999,-9999,-9999
998,439.12463,439.12458724694295,439.1245851364691,2870559.5,-9999,310045.7,31.92,-1,0.00480609363161014,0.9999958088097708,0,0.5999974852858625,9,1.2,0.55,O11,de-protonated,0,-9999,C20 H24 O11,20,24,11,-9999,-9999,-9999,-9999,-9999,-9999
998,439.12463,439.12458724694295,439.12442294513903,2870559.5,-9999,310045.7,31.92,-1,0.37415774512928696,0.9749181787844292,0,0.5849509072706575,4,1.9333333333333331,0.3333333333333333,N4 S2 P1 O5,de-protonated,0,-9999,C15 H29 O5 N4 P1 S2,15,29,5,4,1,2,-9999,-9999,-9999
999,439.161081,439.16103822009944,439.1609706458191,2214186.8,-9999,231239.8,24.22,-1,0.15387132482585175,0.99571316593457,0,0.597427899560742,8,1.3333333333333333,0.47619047619047616,O10,de-protonated,0,-9999,C21 H28 O10,21,28,10,-9999,-9999,-9999,-9999,-9999,-9999
999,439.161081,439.16103822009944,439.16145990316915,2214186.8,-9999,231239.8,24.22,-1,-0.960200537169692,0.8459517280577873,0,0.5075710368346723,12,1.2083333333333333,0.08333333333333333,N2 S1 P1 O2,de-protonated,0,-9999,C24 H29 O2 N2 P1 S1,24,29,2,2,1,1,-9999,-9999,-9999
999,439.161081,439.16103822009944,439.1608084544891,2214186.8,-9999,231239.8,24.22,-1,0.5231924295910649,0.9515452787490531,0,0.5709271672494318,3,2.0625,0.25,N4 S2 P1 O4,de-protonated,0,-9999,C16 H33 O4 N4 P1 S2,16,33,4,4,1,2,-9999,-9999,-9999
1000,439.189711,439.18966819901544,439.18998332654905,1299251.8,-9999,300811.7,13.49,-1,-0.7175198560403936,0.910814442542868,0,0.5464886655257208,6,1.608695652173913,0.08695652173913043,S2 P1 O2,de-protonated,0,-9999,C23 H37 O2 P1 S2,23,37,2,-9999,1,2,-9999,-9999,-9999
1001,439.197433,439.1973901933288,439.1973561551691,2416950.3,-9999,370123.9,26.6,-1,0.07750083013938192,0.9989107441507206,0,0.5993464464904323,7,1.4545454545454546,0.4090909090909091,O9,de-protonated,0,-9999,C22 H32 O9,22,32,9,-9999,-9999,-9999,-9999,-9999,-9999
1001,439.197433,439.1973901933288,439.1971939638391,2416950.3,-9999,370123.9,26.6,-1,0.4467913101116148,0.9644269041128344,0,0.5786561424677007,2,2.176470588235294,0.17647058823529413,N4 S2 P1 O3,de-protonated,0,-9999,C17 H37 O3 N4 P1 S2,17,37,3,4,1,2,-9999,-9999,-9999
1002,439.233888,439.2338451664823,439.2337416645191,1626433.8,-9999,393320,17.33,-1,0.2356421044335782,0.9899752484365408,0,0.5939851490619245,6,1.565217391304348,0.34782608695652173,O8,de-protonated,0,-9999,C23 H36 O8,23,36,8,-9999,-9999,-9999,-9999,-9999,-9999
1002,439.233888,439.2338451664823,439.23357947318914,1626433.8,-9999,393320,17.33,-1,0.6049020511530306,0.9357628011513396,0,0.5614576806908037,1,2.2777777777777777,0.1111111111111111,N4 S2 P1 O2,de-protonated,0,-9999,C18 H41 O2 N4 P1 S2,18,41,2,4,1,2,-9999,-9999,-9999
1003,439.24692,439.24687715688515,439.2466288240891,5521734,-9999,320129.4,63.01,-1,0.5653607330179137,0.956927538803632,0.9820742900560552,0.9669862393046011,1,2.05,0.4,P1 O8,de-protonated,0,-9999,C20 H41 O8 P1,20,41,8,-9999,1,-9999,-9999,-9999,-9999
1004,439.321845,439.3218021017083,439.3217688245091,9717085,-9999,313750.6,112.21,-1,0.07574675679827463,0.9972114600330046,0.9875409710063424,0.9933432644223396,8,1.5172413793103448,0.10344827586206896,O3,de-protonated,0,-9999,C29 H44 O3,29,44,3,-9999,-9999,-9999,-9999,-9999,-9999
1005,440.250207,440.2501634180366,440.2499836591591,1344130,-9999,340505.8,14.01,-1,0.4083109237151276,0.970202246485813,0.9820742900560552,0.9749510639139098,1,2.1578947368421053,0.42105263157894735,13C1 P1 O8,de-protonated,1,1003,C19 H41 O8 P1 13C1,19,41,8,-9999,1,-9999,1,-9999,-9999
1005,440.250207,440.2501634180366,440.2501200047791,1344130,-9999,340505.8,14.01,-1,0.0986104387992926,0.9982371452490392,0,0.5989422871494235,1,2.0526315789473686,0.5263157894736842,N1 O10,de-protonated,0,-9999,C19 H39 O10 N1,19,39,10,1,-9999,-9999,-9999,-9999,-9999
1006,440.325237,440.3251933627824,440.32512365957905,2842265.8,-9999,333344.1,31.58,-1,0.15829940116690758,0.9954634530862922,0.9875409710063424,0.9922944602543122,8,1.5714285714285714,0.10714285714285714,13C1 O3,de-protonated,1,1004,C28 H44 O3 13C1,28,44,3,-9999,-9999,-9999,1,-9999,-9999
1008,441.103955,441.1039107893127,441.1038496915791,1486737,-9999,322646.6,15.68,-1,0.13851099616965762,0.9965249053999736,0,0.5979149432399841,9,1.1578947368421053,0.631578947368421,O12,de-protonated,0,-9999,C19 H22 O12,19,22,12,-9999,-9999,-9999,-9999,-9999,-9999
1008,441.103955,441.1039107893127,441.104338948929,1486737,-9999,322646.6,15.68,-1,-0.9706538306556132,0.8428592469688194,0,0.5057155481812916,13,1.0454545454545454,0.18181818181818185,N2 S1 P1 O4,de-protonated,0,-9999,C22 H23 O4 N2 P1 S1,22,23,4,2,1,1,-9999,-9999,-9999
1008,441.103955,441.1039107893127,441.10368750024907,1486737,-9999,322646.6,15.68,-1,0.5062053889158888,0.9545692205150952,0,0.5727415323090571,4,1.9285714285714288,0.42857142857142855,N4 S2 P1 O6,de-protonated,0,-9999,C14 H27 O6 N4 P1 S2,14,27,6,4,1,2,-9999,-9999,-9999
1009,441.140318,441.140273762534,441.14023520092906,2739100.5,-9999,432085.7,30.37,-1,0.08741348407442695,0.9986144900288866,0,0.599168694017332,8,1.3,0.55,O11,de-protonated,0,-9999,C20 H26 O11,20,26,11,-9999,-9999,-9999,-9999,-9999,-9999
1009,441.140318,441.140273762534,441.14007300959906,2739100.5,-9999,432085.7,30.37,-1,0.4550775302414168,0.96312004557391,0,0.5778720273443461,3,2.066666666666667,0.3333333333333333,N4 S2 P1 O5,de-protonated,0,-9999,C15 H31 O5 N4 P1 S2,15,31,5,4,1,2,-9999,-9999,-9999
1010,441.141169,441.1411247619073,441.141375906959,1200028.9,-9999,372240.5,12.32,-1,-0.5693074045954515,0.9428863711287028,0,0.5657318226772217,21,0.7419354838709677,0.03225806451612903,P1 O1,de-protonated,0,-9999,C31 H23 O1 P1,31,23,1,-9999,1,-9999,-9999,-9999,-9999
1010,441.141169,441.1411247619073,441.14110458079904,1200028.9,-9999,372240.5,12.32,-1,0.04574751263300187,0.999620329947454,0,0.5997721979684725,7,1.4285714285714286,0.2857142857142857,S2 O6,de-protonated,0,-9999,C21 H30 O6 S2,21,30,6,-9999,-9999,2,-9999,-9999,-9999
1010,441.141169,441.1411247619073,441.14072445827907,1200028.9,-9999,372240.5,12.32,-1,0.907428414633906,0.8612162665501814,0,0.5167297599301088,12,1.173913043478261,0.13043478260869565,N2 S1 P1 O3,de-protonated,0,-9999,C23 H27 O3 N2 P1 S1,23,27,3,2,1,1,-9999,-9999,-9999
1011,441.176775,441.1767307356861,441.17662071027905,2598312.3,-9999,407230.5,28.72,-1,0.24939083772859,0.9887780962455868,0,0.593266857747352,7,1.4285714285714286,0.47619047619047616,O10,de-protonated,0,-9999,C21 H30 O10,21,30,10,-9999,-9999,-9999,-9999,-9999,-9999
1011,441.176775,441.1767307356861,441.1771099676291,2598312.3,-9999,407230.5,28.72,-1,-0.8595911584600325,0.8745271990046648,0,0.5247163194027988,11,1.2916666666666667,0.08333333333333333,N2 S1 P1 O2,de-protonated,0,-9999,C24 H31 O2 N2 P1 S1,24,31,2,2,1,1,-9999,-9999,-9999
1011,441.176775,441.1767307356861,441.1764585189491,2598312.3,-9999,407230.5,28.72,-1,0.6170246206554348,0.9332510539948528,0,0.5599506323969117,2,2.1875,0.25,N4 S2 P1 O4,de-protonated,0,-9999,C16 H35 O4 N4 P1 S2,16,35,4,4,1,2,-9999,-9999,-9999
1012,441.177612,441.1775677350697,441.1774900901491,1289128.5,-9999,354758.4,13.37,-1,0.17599474671049578,0.9943955448998116,0,0.5966373269398869,6,1.5454545454545454,0.2272727272727273,S2 O5,de-protonated,0,-9999,C22 H34 O5 S2,22,34,5,-9999,-9999,2,-9999,-9999,-9999
1012,441.177612,441.1775677350697,441.1779581207991,1289128.5,-9999,354758.4,13.37,-1,-0.8848713363279482,0.8675572039537897,0,0.5205343223722738,12,1.181818181818182,0.2727272727272727,N4 O6,de-protonated,0,-9999,C22 H26 O6 N4,22,26,6,4,-9999,-9999,-9999,-9999,-9999
1013,441.213092,441.2130477089413,441.2130062196291,2927539.8,-9999,318889.3,32.58,-1,0.09403465345287712,0.9983968235415518,0,0.599038094124931,6,1.5454545454545454,0.4090909090909091,O9,de-protonated,0,-9999,C22 H34 O9,22,34,9,-9999,-9999,-9999,-9999,-9999,-9999
1013,441.213092,441.2130477089413,441.2128440282991,2927539.8,-9999,318889.3,32.58,-1,0.4616380617358054,0.9620696062997148,0,0.5772417637798289,1,2.2941176470588234,0.17647058823529413,N4 S2 P1 O3,de-protonated,0,-9999,C17 H39 O3 N4 P1 S2,17,39,3,4,1,2,-9999,-9999,-9999
1014,441.235667,441.2356226923163,441.2352762937191,1410107,-9999,271629,14.78,-1,0.7850655100380098,0.8941945771816923,0,0.5365167463090154,14,1.1666666666666667,0.03333333333333333,P1 O1,de-protonated,0,-9999,C30 H35 O1 P1,30,35,1,-9999,1,-9999,-9999,-9999,-9999
1014,441.235667,441.2356226923163,441.2354729982091,1410107,-9999,271629,14.78,-1,0.33926127064240735,0.979332150259274,0,0.5875992901555643,6,1.7,0.35,N4 O7,de-protonated,0,-9999,C20 H34 O7 N4,20,34,7,4,-9999,-9999,-9999,-9999,-9999
1015,441.243863,441.2438186862806,441.24351850220904,1799357.5,-9999,296319.4,19.35,-1,0.6803138379305197,0.9194502551658896,0,0.5516701530995338,14,1.1333333333333333,0.1,O3,de-protonated,0,-9999,C30 H34 O3,30,34,3,-9999,-9999,-9999,-9999,-9999,-9999
1016,441.249465,441.2494206821551,441.2493917289791,1984447.4,-9999,384857.1,21.52,-1,0.06561635337263,0.9992190767026916,0,0.599531446021615,5,1.6521739130434785,0.34782608695652173,O8,de-protonated,0,-9999,C23 H38 O8,23,38,8,-9999,-9999,-9999,-9999,-9999,-9999
1016,441.249465,441.2494206821551,441.2492295376492,1984447.4,-9999,384857.1,21.52,-1,0.4331894384223404,0.9665237508218476,0,0.5799142504931085,0,2.388888888888889,0.1111111111111111,N4 S2 P1 O2,de-protonated,0,-9999,C18 H43 O2 N4 P1 S2,18,43,2,4,1,2,-9999,-9999,-9999
1017,441.25296,441.2529156795813,441.25276303229913,1195648.5,-9999,254451.8,12.27,-1,0.34594068287482765,0.9785192067570608,0,0.5871115240542365,0,2.1,0.4,S1 O8,de-protonated,0,-9999,C20 H42 O8 S1,20,42,8,-9999,-9999,1,-9999,-9999,-9999
1019,443.119698,443.11965230486334,443.1194997560391,1670679.5,-9999,345829.8,17.83,-1,0.3442611402351053,0.9787250497057328,0,0.5872350298234398,8,1.263157894736842,0.631578947368421,O12,de-protonated,0,-9999,C19 H24 O12,19,24,12,-9999,-9999,-9999,-9999,-9999,-9999
1019,443.119698,443.11965230486334,443.1199890133891,1670679.5,-9999,345829.8,17.83,-1,-0.7598585803243637,0.9005354383921693,0,0.5403212630353016,12,1.1363636363636365,0.18181818181818185,N2 S1 P1 O4,de-protonated,0,-9999,C22 H25 O4 N2 P1 S1,22,25,4,2,1,1,-9999,-9999,-9999
1019,443.119698,443.11965230486334,443.11933756470904,1670679.5,-9999,345829.8,17.83,-1,0.7102830493122102,0.9125236947790574,0,0.5475142168674344,3,2.0714285714285716,0.42857142857142855,N4 S2 P1 O6,de-protonated,0,-9999,C14 H29 O6 N4 P1 S2,14,29,6,4,1,2,-9999,-9999,-9999
1020,443.134897,443.1348512936704,443.13475589732906,1376284.4,-9999,416155.6,14.38,-1,0.21527614361377,0.9916262320586712,0,0.5949757392352026,12,1.0434782608695652,0.391304347826087,O9,de-protonated,0,-9999,C23 H24 O9,23,24,9,-9999,-9999,-9999,-9999,-9999,-9999
1020,443.134897,443.1348512936704,443.1352451546791,1376284.4,-9999,416155.6,14.38,-1,-0.8888054223266362,0.8664594743676387,0,0.5198756846205832,16,0.9615384615384616,0.03846153846153846,N2 S1 P1 O1,de-protonated,0,-9999,C26 H25 O1 N2 P1 S1,26,25,1,2,1,1,-9999,-9999,-9999
1020,443.134897,443.1348512936704,443.13459370599907,1376284.4,-9999,416155.6,14.38,-1,0.5812854040303296,0.9405314507635608,0,0.5643188704581364,7,1.6111111111111112,0.16666666666666666,N4 S2 P1 O3,de-protonated,0,-9999,C18 H29 O3 N4 P1 S2,18,29,3,4,1,2,-9999,-9999,-9999
1021,443.156065,443.15601927808166,443.1558852653891,1633699.3,-9999,305762.5,17.4,-1,0.30240530934049403,0.98354361474589,0,0.5901261688475339,7,1.4,0.55,O11,de-protonated,0,-9999,C20 H28 O11,20,28,11,-9999,-9999,-9999,-9999,-9999,-9999
1021,443.156065,443.15601927808166,443.1563745227391,1633699.3,-9999,305762.5,17.4,-1,-0.8016237108725518,0.8899419617091812,0,0.5339651770255087,11,1.2608695652173914,0.13043478260869565,N2 S1 P1 O3,de-protonated,0,-9999,C23 H29 O3 N2 P1 S1,23,29,3,2,1,1,-9999,-9999,-9999
1021,443.156065,443.15601927808166,443.1557230740591,1633699.3,-9999,305762.5,17.4,-1,0.6683971505692161,0.9221355372982396,0,0.5532813223789437,2,2.2,0.3333333333333333,N4 S2 P1 O5,de-protonated,0,-9999,C15 H33 O5 N4 P1 S2,15,33,5,4,1,2,-9999,-9999,-9999
1022,443.168845,443.1687992686701,443.16863948322913,1348647.4,-9999,415769,14.06,-1,0.3605522294435896,0.9766880711547442,0,0.5860128426928465,15,1,0.10714285714285714,S1 O3,de-protonated,0,-9999,C28 H28 O3 S1,28,28,3,-9999,-9999,1,-9999,-9999,-9999
1022,443.168845,443.1687992686701,443.16877242495906,1348647.4,-9999,415769,14.06,-1,0.0605722079829658,0.9993344877041848,0,0.5996006926225108,2,1.9411764705882353,0.6470588235294118,P1 O11,de-protonated,0,-9999,C17 H33 O11 P1,17,33,11,-9999,1,-9999,-9999,-9999,-9999
1023,443.171228,443.1711822669152,443.17114140667906,2324648.3,-9999,211798.5,25.5,-1,0.09219967710592704,0.9984587335262056,0,0.5990752401157233,11,1.1666666666666667,0.3333333333333333,O8,de-protonated,0,-9999,C24 H28 O8,24,28,8,-9999,-9999,-9999,-9999,-9999,-9999
1023,443.171228,443.1711822669152,443.1709792153491,2324648.3,-9999,211798.5,25.5,-1,0.458178842022619,0.9626252101297772,0,0.5775751260778663,6,1.736842105263158,0.10526315789473684,N4 S2 P1 O2,de-protonated,0,-9999,C19 H33 O2 N4 P1 S2,19,33,2,4,1,2,-9999,-9999,-9999
1024,443.19249,443.1924442512573,443.1922707747391,2239023,-9999,322479.5,24.5,-1,0.39142496308541663,0.9725824859649668,0,0.5835494915789801,6,1.5238095238095235,0.47619047619047616,O10,de-protonated,0,-9999,C21 H32 O10,21,32,10,-9999,-9999,-9999,-9999,-9999,-9999
1024,443.19249,443.1924442512573,443.1927600320891,2239023,-9999,322479.5,24.5,-1,-0.7125135161523776,0.9119983897913644,0,0.5471990338748186,10,1.375,0.08333333333333333,N2 S1 P1 O2,de-protonated,0,-9999,C24 H33 O2 N2 P1 S1,24,33,2,2,1,1,-9999,-9999,-9999
1024,443.19249,443.1924442512573,443.19210858340904,2239023,-9999,322479.5,24.5,-1,0.7573867895547514,0.9011484517500068,0,0.5406890710500041,1,2.3125,0.25,N4 S2 P1 O4,de-protonated,0,-9999,C16 H37 O4 N4 P1 S2,16,37,4,4,1,2,-9999,-9999,-9999
1025,443.214806,443.21476023482313,443.2145408488291,1836086.3,-9999,440391.2,19.77,-1,0.4949882592692344,0.9565163895288968,0,0.5739098337173381,14,1.137931034482759,0.06896551724137931,P1 O2,de-protonated,0,-9999,C29 H33 O2 P1,29,33,2,-9999,1,-9999,-9999,-9999,-9999
1025,443.214806,443.21476023482313,443.21473755331914,1836086.3,-9999,440391.2,19.77,-1,0.05117497698187014,0.99952492086431,0,0.5997149525185861,6,1.6842105263157894,0.42105263157894735,N4 O8,de-protonated,0,-9999,C19 H32 O8 N4,19,32,8,4,-9999,-9999,-9999,-9999,-9999
1026,443.215589,443.2155432342465,443.2156069331891,1483574.5,-9999,405625.5,15.64,-1,-0.1437199900017486,0.996259112975852,0,0.5977554677855111,5,1.8,0.15,N4 S2 O3,de-protonated,0,-9999,C20 H36 O3 N4 S2,20,36,3,4,-9999,2,-9999,-9999,-9999
1027,443.228768,443.2287222245412,443.22865628408914,3105338.8,-9999,364947.5,34.66,-1,0.14877298905904832,0.9959919768851856,0,0.5975951861311113,5,1.6363636363636365,0.4090909090909091,O9,de-protonated,0,-9999,C22 H36 O9,22,36,9,-9999,-9999,-9999,-9999,-9999,-9999
1027,443.228768,443.2287222245412,443.2291455414391,3105338.8,-9999,364947.5,34.66,-1,-0.9550745978257305,0.4237300195740034,0.787157861234881,0.5691011562383544,9,1.48,0.04,N2 S1 P1 O1,de-protonated,0,-9999,C25 H37 O1 N2 P1 S1,25,37,1,2,1,1,-9999,-9999,-9999
1027,443.228768,443.2287222245412,443.2284940927591,3105338.8,-9999,364947.5,34.66,-1,0.514704684071298,0.9530674975711636,0,0.57184049854269825,0,2.411764705882353,0.17647058823529413,N4 S2 P1 O3,de-protonated,0,-9999,C17 H41 O3 N4 P1 S2,17,41,3,4,1,2,-9999,-9999,-9999
1028,443.25125,443.2512042079848,443.2509263581791,2977346,-9999,360846.3,33.16,-1,0.6268454034012503,0.4655923798013113,0.7550179348240813,0.5813626018104193,13,1.2333333333333334,0.03333333333333333,P1 O1,de-protonated,0,-9999,C30 H37 O1 P1,30,37,1,-9999,1,-9999,-9999,-9999,-9999
1028,443.25125,443.2512042079848,443.25112306266914,2977346,-9999,360846.3,33.16,-1,0.1830684942545306,0.9939373677470824,0,0.5963624206482495,5,1.8,0.35,N4 O7,de-protonated,0,-9999,C20 H36 O7 N4,20,36,7,4,-9999,-9999,-9999,-9999,-9999
1029,443.265448,443.26540219752894,443.265041793439,1505606.6,-9999,285150.5,15.9,-1,0.8130668018833146,0.8869633057365724,0,0.5321779834419434,4,1.7391304347826086,0.34782608695652173,O8,de-protonated,0,-9999,C23 H40 O8,23,40,8,-9999,-9999,-9999,-9999,-9999,-9999
1030,444.20281,444.2027635072294,444.2027758882291,1275766.9,-9999,489744,13.2,-1,-0.02787240504605992,0.999859047719027,0,0.5999154286314162,10,1.2916666666666667,0.2916666666666667,N1 O7,de-protonated,0,-9999,C24 H31 O7 N1,24,31,7,1,-9999,-9999,-9999,-9999,-9999
1031,444.210146,444.210099501827,444.2097898210291,2200441.3,-9999,365631.4,24.04,-1,0.6971498715111529,0.915589354892874,0,0.5493536129357244,14,1.1428571428571428,0.07142857142857142,N1 P1 O2,de-protonated,0,-9999,C28 H32 O2 N1 P1,28,32,2,1,1,-9999,-9999,-9999,-9999
1032,444.224455,444.2244084912894,444.22477463615905,1286270,-9999,412493.3,13.32,-1,-0.8242333398552639,0.8840257497123162,0,0.5304154498273896,4,1.7727272727272727,0.18181818181818185,N1 S2 O4,de-protonated,0,-9999,C22 H39 O4 N1 S2,22,39,4,1,-9999,2,-9999,-9999,-9999
1032,444.224455,444.2244084912894,444.22439451363914,1286270,-9999,412493.3,13.32,-1,0.03146529196022472,0.9998203702146656,0,0.5998922221287994,9,1.5,0.04166666666666666,N3 S1 P1 O1,de-protonated,0,-9999,C24 H36 O1 N3 P1 S1,24,36,1,3,1,1,-9999,-9999,-9999
1033,444.24649899999997,444.2464524750556,444.2461753303791,1697669.1,-9999,444387.3,18.14,-1,0.6238538267259082,0.9318171570941688,0,0.5590902942565011,13,1.2413793103448276,0.03448275862068965,N1 P1 O1,de-protonated,0,-9999,C29 H36 O1 N1 P1,29,36,1,1,1,-9999,-9999,-9999,-9999
1034,445.171659,445.17161179374193,445.17153532984906,1335731.6,-9999,399997.5,13.52,-1,0.17176276288765832,0.9946611225366584,0,0.5967966735219951,6,1.5,0.55,O11,de-protonated,0,-9999,C20 H30 O11,20,30,11,-9999,-9999,-9999,-9999,-9999,-9999
1034,445.171659,445.17161179374193,445.17202458719913,1335731.6,-9999,399997.5,13.52,-1,-0.9272672908498898,0.855547170420099,0,0.5133283022520594,10,1.3478260869565215,0.13043478260869565,N2 S1 P1 O3,de-protonated,0,-9999,C23 H31 O3 N2 P1 S1,23,31,3,2,1,1,-9999,-9999,-9999
1034,445.171659,445.17161179374193,445.17137313851913,1335731.6,-9999,399997.5,13.52,-1,0.5360974159663537,0.949187966351229,0,0.5695127798107374,1,2.3333333333333335,0.3333333333333333,N4 S2 P1 O5,de-protonated,0,-9999,C15 H35 O5 N4 P1 S2,15,35,5,4,1,2,-9999,-9999,-9999
1035,445.186865,445.1868177825438,445.1867914711391,2541496.8,-9999,431857.7,27.28,-1,0.0591019439148384,0.9993663933352126,0,0.5996198360011276,10,1.25,0.3333333333333333,O8,de-protonated,0,-9999,C24 H30 O8,24,30,8,-9999,-9999,-9999,-9999,-9999,-9999
1035,445.186865,445.1868177825438,445.1866292798091,2541496.8,-9999,431857.7,27.28,-1,0.4234240705311796,0.967991897762637,0,0.5807951386575823,5,1.8421052631578947,0.10526315789473684,N4 S2 P1 O2,de-protonated,0,-9999,C19 H35 O2 N4 P1 S2,19,35,2,4,1,2,-9999,-9999,-9999
1036,445.187488,445.18744078208505,445.187660851009,2353080.8,-9999,284284.9,25.13,-1,-0.4943284447774684,0.9566296893322048,0,0.5739778135993229,9,1.36,0.12,S2 O3,de-protonated,0,-9999,C25 H34 O3 S2,25,34,3,-9999,-9999,2,-9999,-9999,-9999
1037,445.194045,445.1939977772563,445.19380540393905,2973883,-9999,364914.9,32.22,-1,0.432111397131824,0.48334367961746744,0.7675537279851021,0.5970276989645213,14,1.1071428571428572,0.10714285714285714,P1 O3,de-protonated,0,-9999,C28 H31 O3 P1,28,31,3,-9999,1,-9999,-9999,-9999,-9999
1037,445.194045,445.1939977772563,445.19400210842906,2973883,-9999,364914.9,32.22,-1,-0.00972873116073643,0.9999828263541028,0,0.5999896958124616,6,1.6666666666666667,0.5,N4 O9,de-protonated,0,-9999,C18 H30 O9 N4,18,30,9,4,-9999,-9999,-9999,-9999,-9999
1038,445.19487,445.1948227766487,445.1948714882991,1964603.3,-9999,284862.9,20.7,-1,-0.10941646793071556,0.9978300606883028,0,0.5986980364129817,5,1.7894736842105263,0.21052631578947367,N4 S2 O4,de-protonated,0,-9999,C19 H34 O4 N4 S2,19,34,4,4,-9999,2,-9999,-9999,-9999
1039,445.208053,445.2080057669404,445.20792083919906,1916607.6,-9999,341792.3,20.15,-1,0.19075972678282335,0.9934189646454504,0,0.5960513787872702,5,1.619047619047619,0.47619047619047616,O10,de-protonated,0,-9999,C21 H34 O10,21,34,10,-9999,-9999,-9999,-9999,-9999,-9999
1039,445.208053,445.2080057669404,445.20841009654913,1916607.6,-9999,341792.3,20.15,-1,-0.908180527496796,0.8610029043019845,0,0.5166017425811906,9,1.4583333333333333,0.08333333333333333,N2 S1 P1 O2,de-protonated,0,-9999,C24 H35 O2 N2 P1 S1,24,35,2,2,1,1,-9999,-9999,-9999
1039,445.208053,445.2080057669404,445.207758647869,1916607.6,-9999,341792.3,20.15,-1,0.5550646109195306,0.9456301526510568,0,0.567378091590634,0,2.4375,0.25,N4 S2 P1 O4,de-protonated,0,-9999,C16 H39 O4 N4 P1 S2,16,39,4,4,1,2,-9999,-9999,-9999
1040,445.230547,445.2304997503752,445.2301909132891,3892423,-9999,266594.6,42.7,-1,0.693657106813831,0.45819837133270375,0.7612342259156646,0.579412713165888,13,1.206896551724138,0.06896551724137931,P1 O2,de-protonated,0,-9999,C29 H35 O2 P1,29,35,2,-9999,1,-9999,-9999,-9999,-9999
1040,445.230547,445.2304997503752,445.23038761777906,3892423,-9999,266594.6,42.7,-1,0.25185297154464203,0.4942783514112653,0.8295321147073604,0.6283798567297033,5,1.7894736842105263,0.42105263157894735,N4 O8,de-protonated,0,-9999,C19 H34 O8 N4,19,34,8,4,-9999,-9999,-9999,-9999,-9999
1041,445.244421,445.244373740158,445.24430634854906,2121419.5,-9999,395535.4,22.49,-1,0.15135872140699838,0.9958517360327516,0,0.597511041619651,4,1.7272727272727273,0.4090909090909091,O9,de-protonated,0,-9999,C22 H38 O9,22,38,9,-9999,-9999,-9999,-9999,-9999,-9999
1041,445.244421,445.244373740158,445.2447956058991,2121419.5,-9999,395535.4,22.49,-1,-0.9474916839209354,0.8496813919556072,0,0.5098088351733643,8,1.56,0.04,N2 S1 P1 O1,de-protonated,0,-9999,C25 H39 O1 N2 P1 S1,25,39,1,2,1,1,-9999,-9999,-9999
1042,445.245385,445.2453377394481,445.2451757284191,1269451.9,-9999,514018.2,12.77,-1,0.36386925183713664,0.9762623210525364,0,0.5857573926315217,3,1.826086956521739,0.17391304347826086,S2 O4,de-protonated,0,-9999,C23 H42 O4 S2,23,42,4,-9999,-9999,2,-9999,-9999,-9999
1042,445.245385,445.2453377394481,445.2456437590691,1269451.9,-9999,514018.2,12.77,-1,-0.68730514334414,0.9178564736578104,0,0.5507138841946863,9,1.4782608695652173,0.21739130434782608,N4 O5,de-protonated,0,-9999,C23 H34 O5 N4,23,34,5,4,-9999,-9999,-9999,-9999,-9999
1043,447.129846,447.1297973516784,447.12967051689907,1251642.9,-9999,497417.8,12.56,-1,0.28366442153220023,0.9855057084142468,0,0.5913034250485479,11,1.0909090909090908,0.4545454545454546,O10,de-protonated,0,-9999,C22 H24 O10,22,24,10,-9999,-9999,-9999,-9999,-9999,-9999
1043,447.129846,447.1297973516784,447.13015977424914,1251642.9,-9999,497417.8,12.56,-1,-0.8105527278997505,0.8876204831716819,0,0.5325722899030091,15,1,0.08,N2 S1 P1 O2,de-protonated,0,-9999,C25 H25 O2 N2 P1 S1,25,25,2,2,1,1,-9999,-9999,-9999
1043,447.129846,447.1297973516784,447.129508325569,1251642.9,-9999,497417.8,12.56,-1,0.6464035676546205,0.926986683587782,0,0.5561920101526693,6,1.7058823529411764,0.2352941176470588,N4 S2 P1 O4,de-protonated,0,-9999,C17 H29 O4 N4 P1 S2,17,29,4,4,1,2,-9999,-9999,-9999
1044,447.13458,447.1345313481922,447.1343792307391,1642236.5,-9999,349209.8,17.01,-1,0.3402052271872475,0.9792181833897176,0,0.5875309100338305,11,1.2,0.3,N4 S1 O6,de-protonated,0,-9999,C20 H24 O6 N4 S1,20,24,6,4,-9999,1,-9999,-9999,-9999
1045,447.135066,447.13501734783426,447.13503067941906,1746492.6,-9999,345808.1,18.2,-1,-0.02981556773990281,0.9998387109182568,0,0.5999032265509541,20,0.7142857142857143,0.14285714285714285,N2 O4,de-protonated,0,-9999,C28 H20 O4 N2,28,20,4,2,-9999,-9999,-9999,-9999,-9999
1046,447.166361,447.1663123247877,447.1660560262491,1281351.1,-9999,387082.1,12.89,-1,0.5731618828130607,0.9421332760315144,0,0.5652799656189086,10,1.2173913043478262,0.391304347826087,O9,de-protonated,0,-9999,C23 H28 O9,23,28,9,-9999,-9999,-9999,-9999,-9999,-9999
1046,447.166361,447.1663123247877,447.16654528359913,1281351.1,-9999,387082.1,12.89,-1,-0.5209665478477237,0.9519466475207948,0,0.5711679885124769,14,1.1153846153846154,0.03846153846153846,N2 S1 P1 O1,de-protonated,0,-9999,C26 H29 O1 N2 P1 S1,26,29,1,2,1,1,-9999,-9999,-9999
1046,447.166361,447.1663123247877,447.16589383491913,1281351.1,-9999,387082.1,12.89,-1,0.935871618035322,0.8530621586415057,0,0.5118372951849034,5,1.8333333333333333,0.16666666666666666,N4 S2 P1 O3,de-protonated,0,-9999,C18 H33 O3 N4 P1 S2,18,33,3,4,1,2,-9999,-9999,-9999
1047,447.179245,447.1791963152996,447.1788102440891,1347915.4,-9999,321430.6,13.65,-1,0.8633486239214664,0.8735005140627028,0,0.5241003084376217,18,0.9032258064516128,0.03225806451612903,S1 O1,de-protonated,0,-9999,C31 H28 O1 S1,31,28,1,-9999,-9999,1,-9999,-9999,-9999
1047,447.179245,447.1791963152996,447.17894318581904,1347915.4,-9999,321430.6,13.65,-1,0.5660585866083769,0.9435176478744408,0,0.5661105887246645,5,1.65,0.45,P1 O9,de-protonated,0,-9999,C20 H33 O9 P1,20,33,9,-9999,1,-9999,-9999,-9999,-9999
1048,449.109046,449.10899589414026,449.1089350720091,1690067,-9999,424424.5,17.55,-1,0.13542845935835987,0.996677605076504,0,0.5980065630459024,11,1.0476190476190477,0.5238095238095238,O11,de-protonated,0,-9999,C21 H22 O11,21,22,11,-9999,-9999,-9999,-9999,-9999,-9999
1048,449.109046,449.10899589414026,449.1094243293591,1690067,-9999,424424.5,17.55,-1,-0.953966217677079,0.847785471243565,0,0.5086712827461389,15,0.9583333333333334,0.125,N2 S1 P1 O3,de-protonated,0,-9999,C24 H23 O3 N2 P1 S1,24,23,3,2,1,1,-9999,-9999,-9999
1048,449.109046,449.10899589414026,449.1087728806791,1690067,-9999,424424.5,17.55,-1,0.4965689263245103,0.9562444059655918,0,0.573746643579355,6,1.6875,0.3125,N4 S2 P1 O5,de-protonated,0,-9999,C16 H27 O5 N4 P1 S2,16,27,5,4,1,2,-9999,-9999,-9999
1049,449.145381,449.14533086738214,449.14532058135904,1409247.4,-9999,311743.3,14.35,-1,0.02290132531013931,0.999904840008301,0,0.5999429040049806,10,1.181818181818182,0.4545454545454546,O10,de-protonated,0,-9999,C22 H26 O10,22,26,10,-9999,-9999,-9999,-9999,-9999,-9999
1049,449.145381,449.14533086738214,449.14515839002905,1409247.4,-9999,311743.3,14.35,-1,0.3840124954431453,0.9735973698420012,0,0.5841584219052007,5,1.8235294117647056,0.2352941176470588,N4 S2 P1 O4,de-protonated,0,-9999,C17 H31 O4 N4 P1 S2,17,31,4,4,1,2,-9999,-9999,-9999
1050,449.148659,449.14860886496814,449.14869188467907,1275872.4,-9999,371831.5,12.82,-1,-0.1848379221137125,0.9938199706331388,0,0.5962919823798833,5,1.5789473684210529,0.5263157894736842,S1 O10,de-protonated,0,-9999,C19 H30 O10 S1,19,30,10,-9999,-9999,1,-9999,-9999,-9999
1050,449.148659,449.14860886496814,449.1483117621591,1275872.4,-9999,371831.5,12.82,-1,0.6614804091708427,0.9236759044971338,0,0.5542055426982803,10,1.2857142857142858,0.3333333333333333,N2 P1 O7,de-protonated,0,-9999,C21 H27 O7 N2 P1,21,27,7,2,1,-9999,-9999,-9999,-9999
1051,449.150099,449.1500488639077,449.1500292951991,5377505,-9999,347420.3,59.63,-1,0.04356831205869976,0.49982781690382266,0.8221557383861047,0.6287589854967355,10,1.3,0.3,N4 S1 O6,de-protonated,0,-9999,C20 H26 O6 N4 S1,20,26,6,4,-9999,1,-9999,-9999,-9999
1052,449.150997,449.1509468632464,449.1506807438791,3812833.3,-9999,417928.9,41.77,-1,0.5924946320554305,0.4691443751572848,0.7675537279851021,0.5885081162884118,19,0.7857142857142857,0.14285714285714285,N2 O4,de-protonated,0,-9999,C28 H22 O4 N2,28,22,4,2,-9999,-9999,-9999,-9999,-9999
1053,449.173809,449.173758846447,449.1734638822191,6145513,-9999,303416.3,68.39,-1,0.6566822210949349,0.9340056024828414,0.9503032868642416,0.9405246762354016,9,1.3478260869565215,0.30434782608695654,P1 O7,de-protonated,0,-9999,C23 H31 O7 P1,23,31,7,-9999,1,-9999,-9999,-9999,-9999
1054,449.181691,449.1816408406424,449.18170609070904,1230827.6,-9999,287358.1,12.31,-1,-0.14526430109038824,0.9961784419505364,0,0.5977070651703218,9,1.3043478260869563,0.391304347826087,O9,de-protonated,0,-9999,C23 H30 O9,23,30,9,-9999,-9999,-9999,-9999,-9999,-9999
1054,449.181691,449.1816408406424,449.1815438993792,1230827.6,-9999,287358.1,12.31,-1,0.2158175566126447,0.9915842375026688,0,0.5949505425016013,4,1.9444444444444444,0.16666666666666666,N4 S2 P1 O3,de-protonated,0,-9999,C18 H35 O3 N4 P1 S2,18,35,3,4,1,2,-9999,-9999,-9999
1055,449.194935,449.1948848308892,449.1944603085491,2447856,-9999,259555.6,26.2,-1,0.94507474514613,0.4251934540517987,0.7489023467070351,0.5546770111138933,17,0.967741935483871,0.03225806451612903,S1 O1,de-protonated,0,-9999,C31 H30 O1 S1,31,30,1,-9999,-9999,1,-9999,-9999,-9999
1055,449.194935,449.1948848308892,449.194593250279,2447856,-9999,259555.6,26.2,-1,0.649118699315178,0.9263952247669738,0,0.5558371348601843,4,1.75,0.45,P1 O9,de-protonated,0,-9999,C20 H35 O9 P1,20,35,9,-9999,1,-9999,-9999,-9999,-9999
1056,449.204253,449.2042028240272,449.2039761647991,1218803.3,-9999,425438.5,12.17,-1,0.5045797457345585,0.954853869783848,0,0.5729123218703088,17,1,0.03225806451612903,P1 O1,de-protonated,0,-9999,C31 H31 O1 P1,31,31,1,-9999,1,-9999,-9999,-9999,-9999
1056,449.204253,449.2042028240272,449.2041728692891,1218803.3,-9999,425438.5,12.17,-1,0.06668401559236761,0.999193467036952,0,0.5995160802221713,9,1.4285714285714286,0.3333333333333333,N4 O7,de-protonated,0,-9999,C21 H30 O7 N4,21,30,7,4,-9999,-9999,-9999,-9999,-9999
1057,449.218207,449.2181568137511,449.21809160005904,1233400,-9999,313037.6,12.34,-1,0.1451715620069877,0.9961833105614676,0,0.5977099863368805,8,1.4166666666666667,0.3333333333333333,O8,de-protonated,0,-9999,C24 H34 O8,24,34,8,-9999,-9999,-9999,-9999,-9999,-9999
1057,449.218207,449.2181568137511,449.2179294087291,1233400,-9999,313037.6,12.34,-1,0.5062242779874174,0.9545659081669642,0,0.5727395449001785,3,2.0526315789473686,0.10526315789473684,N4 S2 P1 O2,de-protonated,0,-9999,C19 H39 O2 N4 P1 S2,19,39,2,4,1,2,-9999,-9999,-9999
1058,449.231434,449.2313838040103,449.23097875962907,1321724.5,-9999,285484.4,13.35,-1,0.9016394692041548,0.862854338858757,0,0.5177126033152541,3,1.8571428571428572,0.380952380952381,P1 O8,de-protonated,0,-9999,C21 H39 O8 P1,21,39,8,-9999,1,-9999,-9999,-9999,-9999
1059,450.177125,450.1770741075771,450.1768187172891,2036541.6,-9999,393281,21.5,-1,0.5673110594701075,0.9432746581948038,0.9503032868642416,0.9460861096625788,9,1.4090909090909092,0.3181818181818182,13C1 P1 O7,de-protonated,1,1053,C22 H31 O7 P1 13C1,22,31,7,-9999,1,-9999,1,-9999,-9999
1059,450.177125,450.1770741075771,450.17695506290914,2036541.6,-9999,393281,21.5,-1,0.2644397199842894,0.9873917484319265,0,0.5924350490591559,9,1.318181818181818,0.4090909090909091,N1 O9,de-protonated,0,-9999,C22 H29 O9 N1,22,29,9,1,-9999,-9999,-9999,-9999,-9999
1059,450.177125,450.1770741075771,450.1774443202591,2036541.6,-9999,393281,21.5,-1,-0.8223705711720514,0.8845178885875479,0,0.5307107331525287,13,1.2,0.04,N3 S1 P1 O1,de-protonated,0,-9999,C25 H30 O1 N3 P1 S1,25,30,1,3,1,1,-9999,-9999,-9999
1060,450.178153,450.17810210682006,450.177824442779,1270078,-9999,631667.4,12.75,-1,0.6167874691230583,0.9333006034408234,0,0.5599803620644941,8,1.434782608695652,0.17391304347826086,N1 S2 O4,de-protonated,0,-9999,C23 H33 O4 N1 S2,23,33,4,1,-9999,2,-9999,-9999,-9999
1061,451.124717,451.12466540974384,451.1245851364691,1982081.9,-9999,276290.2,20.88,-1,0.17794036815192207,0.9942713030634344,0,0.5965627818380607,10,1.1428571428571428,0.5238095238095238,O11,de-protonated,0,-9999,C21 H24 O11,21,24,11,-9999,-9999,-9999,-9999,-9999,-9999
1061,451.124717,451.12466540974384,451.12507439381915,1982081.9,-9999,276290.2,20.88,-1,-0.9065868835961236,0.8614548483361463,0,0.5168729090016877,14,1.0416666666666667,0.125,N2 S1 P1 O3,de-protonated,0,-9999,C24 H25 O3 N2 P1 S1,24,25,3,2,1,1,-9999,-9999,-9999
1061,451.124717,451.12466540974384,451.12442294513903,1982081.9,-9999,276290.2,20.88,-1,0.5374672539936883,0.9489347186343792,0,0.5693608311806275,5,1.8125,0.3125,N4 S2 P1 O5,de-protonated,0,-9999,C16 H29 O5 N4 P1 S2,16,29,5,4,1,2,-9999,-9999,-9999
1062,451.161215,451.16116338286577,451.1609706458191,2071694.5,-9999,295725.4,21.9,-1,0.427202393888077,0.9674275628262196,0,0.5804565376957317,9,1.2727272727272727,0.4545454545454546,O10,de-protonated,0,-9999,C22 H28 O10,22,28,10,-9999,-9999,-9999,-9999,-9999,-9999
1062,451.161215,451.16116338286577,451.16145990316915,2071694.5,-9999,295725.4,21.9,-1,-0.6572376626390183,0.924614099153262,0,0.5547684594919572,13,1.16,0.08,N2 S1 P1 O2,de-protonated,0,-9999,C25 H29 O2 N2 P1 S1,25,29,2,2,1,1,-9999,-9999,-9999
1062,451.161215,451.16116338286577,451.1608084544891,2071694.5,-9999,295725.4,21.9,-1,0.7867003738556495,0.8937777518943756,0,0.5362666511366253,4,1.9411764705882353,0.2352941176470588,N4 S2 P1 O4,de-protonated,0,-9999,C17 H33 O4 N4 P1 S2,17,33,4,4,1,2,-9999,-9999,-9999
1064,451.197513,451.1974613561349,451.1973561551691,1946778.9,-9999,324992.4,20.47,-1,0.23315953517598773,0.9901843294115884,0,0.5941105976469531,8,1.391304347826087,0.391304347826087,O9,de-protonated,0,-9999,C23 H32 O9,23,32,9,-9999,-9999,-9999,-9999,-9999,-9999
1064,451.197513,451.1974613561349,451.1978454125191,1946778.9,-9999,324992.4,20.47,-1,-0.8511928593687718,0.8768100622507737,0,0.5260860373504642,12,1.2692307692307692,0.03846153846153846,N2 S1 P1 O1,de-protonated,0,-9999,C26 H33 O1 N2 P1 S1,26,33,1,2,1,1,-9999,-9999,-9999
1064,451.197513,451.1974613561349,451.1971939638391,1946778.9,-9999,324992.4,20.47,-1,0.5926284547031228,0.938261749481404,0,0.5629570496888424,3,2.0555555555555554,0.16666666666666666,N4 S2 P1 O3,de-protonated,0,-9999,C18 H37 O3 N4 P1 S2,18,37,3,4,1,2,-9999,-9999,-9999
1065,451.210582,451.2105303465105,451.2101103730091,2506911.5,-9999,387715.3,26.86,-1,0.9307714781318036,0.4272685131313364,0.7489023467070351,0.5559220465616159,16,1.032258064516129,0.03225806451612903,S1 O1,de-protonated,0,-9999,C31 H32 O1 S1,31,32,1,-9999,-9999,1,-9999,-9999,-9999
1065,451.210582,451.2105303465105,451.2102433147391,2506911.5,-9999,387715.3,26.86,-1,0.6361375337672881,0.9292039618074548,0,0.5575223770844728,3,1.85,0.45,P1 O9,de-protonated,0,-9999,C20 H37 O9 P1,20,37,9,-9999,1,-9999,-9999,-9999,-9999
1066,451.211504,451.2114523458315,451.2111126946091,1587103.8,-9999,427443.7,16.37,-1,0.7527545595899559,0.902292998488856,0,0.5413757990933136,2,1.9523809523809523,0.1904761904761905,S2 P1 O4,de-protonated,0,-9999,C21 H41 O4 P1 S2,21,41,4,-9999,1,2,-9999,-9999,-9999
1066,451.211504,451.2114523458315,451.211580725259,1587103.8,-9999,427443.7,16.37,-1,-0.2845215704763137,0.9854186239668232,0,0.5912511743800939,8,1.5714285714285714,0.23809523809523808,N4 P1 O5,de-protonated,0,-9999,C21 H33 O5 N4 P1,21,33,5,4,1,-9999,-9999,-9999,-9999
1067,451.233808,451.2337563294062,451.2337416645191,1292455.4,-9999,427515.9,13.01,-1,0.032499535811115,0.9998083686633952,0,0.5998850211980371,7,1.5,0.3333333333333333,O8,de-protonated,0,-9999,C24 H36 O8,24,36,8,-9999,-9999,-9999,-9999,-9999,-9999
1067,451.233808,451.2337563294062,451.23357947318914,1292455.4,-9999,427515.9,13.01,-1,0.3919393970799896,0.9725113715136602,0,0.5835068229081961,2,2.1578947368421053,0.10526315789473684,N4 S2 P1 O2,de-protonated,0,-9999,C19 H41 O2 N4 P1 S2,19,41,2,4,1,2,-9999,-9999,-9999
1068,453.103942,453.1038889521874,453.1038496915791,1789742.9,-9999,335572.3,18.67,-1,0.08664814545771475,0.9986386287141776,0,0.5991831772285067,10,1.1,0.6,O12,de-protonated,0,-9999,C20 H22 O12,20,22,12,-9999,-9999,-9999,-9999,-9999,-9999
1068,453.103942,453.1038889521874,453.104338948929,1789742.9,-9999,335572.3,18.67,-1,-0.9931415415773268,0.8361324003314574,0,0.5016794401988744,14,1,0.17391304347826086,N2 S1 P1 O4,de-protonated,0,-9999,C23 H23 O4 N2 P1 S1,23,23,4,2,1,1,-9999,-9999,-9999
1068,453.103942,453.1038889521874,453.1036875002491,1789742.9,-9999,335572.3,18.67,-1,0.4446044996418552,0.9647680826363974,0,0.5788608495818384,5,1.8,0.4,N4 S2 P1 O6,de-protonated,0,-9999,C15 H27 O6 N4 P1 S2,15,27,6,4,1,2,-9999,-9999,-9999
1069,453.140369,453.1403159253615,453.14023520092906,2521403.8,-9999,335993.2,27.02,-1,0.17814448194995844,0.9942581906772976,0,0.5965549144063786,9,1.238095238095238,0.5238095238095238,O11,de-protonated,0,-9999,C21 H26 O11,21,26,11,-9999,-9999,-9999,-9999,-9999,-9999
1069,453.140369,453.1403159253615,453.14072445827907,2521403.8,-9999,335993.2,27.02,-1,-0.9015586009165836,0.8628771695332296,0,0.5177263017199377,13,1.125,0.125,N2 S1 P1 O3,de-protonated,0,-9999,C24 H27 O3 N2 P1 S1,24,27,3,2,1,1,-9999,-9999,-9999
1069,453.140369,453.1403159253615,453.14007300959906,2521403.8,-9999,335993.2,27.02,-1,0.5360721262822573,0.9491926363201522,0,0.5695155817920913,4,1.9375,0.3125,N4 S2 P1 O5,de-protonated,0,-9999,C16 H31 O5 N4 P1 S2,16,31,5,4,1,2,-9999,-9999,-9999
1070,453.17679,453.17673689854,453.17662071027905,2683208.5,-9999,390415,28.87,-1,0.25638626454012514,0.98814351585447,0,0.5928861095126821,8,1.3636363636363635,0.4545454545454546,O10,de-protonated,0,-9999,C22 H30 O10,22,30,10,-9999,-9999,-9999,-9999,-9999,-9999
1070,453.17679,453.17673689854,453.1771099676291,2683208.5,-9999,390415,28.87,-1,-0.8232302137549522,0.8842908774743586,0,0.5305745264846151,12,1.24,0.08,N2 S1 P1 O2,de-protonated,0,-9999,C25 H31 O2 N2 P1 S1,25,31,2,2,1,1,-9999,-9999,-9999
1070,453.17679,453.17673689854,453.1764585189491,2683208.5,-9999,390415,28.87,-1,0.6142851987615842,0.9338224161779994,0,0.5602934497067996,3,2.0588235294117645,0.2352941176470588,N4 S2 P1 O4,de-protonated,0,-9999,C17 H35 O4 N4 P1 S2,17,35,4,4,1,2,-9999,-9999,-9999
1071,453.189892,453.18983888889136,453.1895078698491,1438028.9,-9999,468948.7,14.66,-1,0.7304207986499167,0.9077325311675092,0,0.5446395187005055,3,1.8421052631578947,0.5263157894736842,P1 O10,de-protonated,0,-9999,C19 H35 O10 P1,19,35,10,-9999,1,-9999,-9999,-9999,-9999
1072,453.213236,453.2131828717002,453.2130062196291,1934677.1,-9999,381169.7,20.33,-1,0.3897771438156678,0.9728096836893888,0,0.5836858102136333,7,1.4782608695652173,0.391304347826087,O9,de-protonated,0,-9999,C23 H34 O9,23,34,9,-9999,-9999,-9999,-9999,-9999,-9999
1072,453.213236,453.2131828717002,453.2134954769791,1934677.1,-9999,381169.7,20.33,-1,-0.6897528030979919,0.9172952976839178,0,0.5503771786103506,11,1.3461538461538465,0.03846153846153846,N2 S1 P1 O1,de-protonated,0,-9999,C26 H35 O1 N2 P1 S1,26,35,1,2,1,1,-9999,-9999,-9999
1072,453.213236,453.2131828717002,453.2128440282991,1934677.1,-9999,381169.7,20.33,-1,0.7476473925232424,0.9035484243154848,0,0.542129054589291,2,2.1666666666666665,0.16666666666666666,N4 S2 P1 O3,de-protonated,0,-9999,C18 H39 O3 N4 P1 S2,18,39,3,4,1,2,-9999,-9999,-9999
1073,453.2262,453.22614686215314,453.2257604374691,1397593.6,-9999,355446.1,14.2,-1,0.852609709737492,0.876426083229214,0,0.5258556499375284,15,1.096774193548387,0.03225806451612903,S1 O1,de-protonated,0,-9999,C31 H34 O1 S1,31,34,1,-9999,-9999,1,-9999,-9999,-9999
1073,453.2262,453.22614686215314,453.22589337919914,1397593.6,-9999,355446.1,14.2,-1,0.559286125773261,0.944823326387102,0,0.5668939958322612,2,1.95,0.45,P1 O9,de-protonated,0,-9999,C20 H39 O9 P1,20,39,9,-9999,1,-9999,-9999,-9999,-9999
1074,453.234136,453.2340828563088,453.2341355876891,1298780.4,-9999,401039.6,13.07,-1,-0.11634467954754604,0.99754690901449,0,0.598528145408694,2,1.9,0.55,O11,de-protonated,0,-9999,C20 H38 O11,20,38,11,-9999,-9999,-9999,-9999,-9999,-9999
1075,453.249483,453.2494298450069,453.2493917289791,1359201.8,-9999,387886.5,13.76,-1,0.08409504453110159,0.9987176221019514,0,0.5992305732611708,6,1.5833333333333333,0.3333333333333333,O8,de-protonated,0,-9999,C24 H38 O8,24,38,8,-9999,-9999,-9999,-9999,-9999,-9999
1075,453.249483,453.2494298450069,453.2492295376492,1359201.8,-9999,387886.5,13.76,-1,0.44193645496106143,0.965182236633127,0,0.5791093419798762,1,2.263157894736842,0.10526315789473684,N4 S2 P1 O2,de-protonated,0,-9999,C19 H43 O2 N4 P1 S2,19,43,2,4,1,2,-9999,-9999,-9999
1076,454.96287,454.9628155832209,454.96321358669906,1981116.1,-9999,277664.9,20.85,-1,-0.8748036462459987,0.8703504709980403,0,0.5222102825988242,17,0.45,0.45,S1 P1 O9,de-protonated,0,-9999,C20 H9 O9 P1 S1,20,9,9,-9999,1,1,-9999,-9999,-9999
1076,454.96287,454.9628155832209,454.96256213801905,1981116.1,-9999,277664.9,20.85,-1,0.5570682577889976,0.9452478870637476,0,0.5671487322382486,8,1.0833333333333333,0.9166666666666666,N2 S2 P1 O11,de-protonated,0,-9999,C12 H13 O11 N2 P1 S2,12,13,11,2,1,2,-9999,-9999,-9999
1077,455.119654,455.1195994677608,455.1194997560391,1794547.6,-9999,375507.9,18.72,-1,0.21908910023847047,0.9913282751138738,0,0.5947969650683242,9,1.2,0.6,O12,de-protonated,0,-9999,C20 H24 O12,20,24,12,-9999,-9999,-9999,-9999,-9999,-9999
1077,455.119654,455.1195994677608,455.1199890133891,1794547.6,-9999,375507.9,18.72,-1,-0.8559185219559573,0.8755275364755309,0,0.5253165218853185,13,1.0869565217391304,0.17391304347826086,N2 S1 P1 O4,de-protonated,0,-9999,C23 H25 O4 N2 P1 S1,23,25,4,2,1,1,-9999,-9999,-9999
1077,455.119654,455.1195994677608,455.11933756470904,1794547.6,-9999,375507.9,18.72,-1,0.5754601708470377,0.9416821023388025,0,0.5650092614032814,4,1.9333333333333331,0.4,N4 S2 P1 O6,de-protonated,0,-9999,C15 H29 O6 N4 P1 S2,15,29,6,4,1,2,-9999,-9999,-9999
1078,455.155987,455.1559324410041,455.1558852653891,2228224.5,-9999,416740.8,23.67,-1,0.10364716031652052,0.9980526436206544,0,0.5988315861723926,8,1.3333333333333333,0.5238095238095238,O11,de-protonated,0,-9999,C21 H28 O11,21,28,11,-9999,-9999,-9999,-9999,-9999,-9999
1078,455.155987,455.1559324410041,455.1563745227391,2228224.5,-9999,416740.8,23.67,-1,-0.971274400948304,0.8426749638474299,0,0.505604978308458,12,1.2083333333333333,0.125,N2 S1 P1 O3,de-protonated,0,-9999,C24 H29 O3 N2 P1 S1,24,29,3,2,1,1,-9999,-9999,-9999
1078,455.155987,455.1559324410041,455.1557230740591,2228224.5,-9999,416740.8,23.67,-1,0.4599897010774145,0.962334839552129,0,0.5774009037312774,3,2.0625,0.3125,N4 S2 P1 O5,de-protonated,0,-9999,C16 H33 O5 N4 P1 S2,16,33,5,4,1,2,-9999,-9999,-9999
1079,455.192716,455.1926614139559,455.1922707747391,2150925.5,-9999,273290.5,22.79,-1,0.8581850832491039,0.8749105507657712,0,0.5249463304594627,7,1.4545454545454546,0.4545454545454546,O10,de-protonated,0,-9999,C22 H32 O10,22,32,10,-9999,-9999,-9999,-9999,-9999,-9999
1079,455.192716,455.1926614139559,455.1927600320891,2150925.5,-9999,273290.5,22.79,-1,-0.21665136592981987,0.991519360484202,0,0.5949116162905213,11,1.32,0.08,N2 S1 P1 O2,de-protonated,0,-9999,C25 H33 O2 N2 P1 S1,25,33,2,2,1,1,-9999,-9999,-9999
1080,455.205597,455.2055424044699,455.20515793430906,1651218.1,-9999,405949.3,17.08,-1,0.8446085335240695,0.8785882829912699,0,0.5271529697947619,2,1.9473684210526316,0.5263157894736842,P1 O10,de-protonated,0,-9999,C19 H37 O10 P1,19,37,10,-9999,1,-9999,-9999,-9999,-9999
1081,455.228828,455.228773387362,455.22865628408914,2071578.4,-9999,346281.9,21.88,-1,0.25724055651662203,0.9880648455943049,0,0.5928389073565828,6,1.565217391304348,0.391304347826087,O9,de-protonated,0,-9999,C23 H36 O9,23,36,9,-9999,-9999,-9999,-9999,-9999,-9999
1081,455.228828,455.228773387362,455.2291455414391,2071578.4,-9999,346281.9,21.88,-1,-0.8175093372529495,0.8857982516904412,0,0.5314789510142647,10,1.4230769230769231,0.03846153846153846,N2 S1 P1 O1,de-protonated,0,-9999,C26 H37 O1 N2 P1 S1,26,37,1,2,1,1,-9999,-9999,-9999
1081,455.228828,455.228773387362,455.2284940927591,2071578.4,-9999,346281.9,21.88,-1,0.6135261884976038,0.9339803350917654,0,0.5603882010550592,1,2.2777777777777777,0.16666666666666666,N4 S2 P1 O3,de-protonated,0,-9999,C18 H41 O3 N4 P1 S2,18,41,3,4,1,2,-9999,-9999,-9999
1082,455.251641,455.2515863705619,455.2519924425391,1846562.5,-9999,302600,19.31,-1,-0.8919718836585907,0.8655734131460682,0,0.5193440478876409,5,1.818181818181818,0.09090909090909093,N4 S2 O2,de-protonated,0,-9999,C22 H40 O2 N4 S2,22,40,2,4,-9999,2,-9999,-9999,-9999
1083,455.265269,455.2652143605258,455.265041793439,1786919.3,-9999,367732.1,18.63,-1,0.3790475238619198,0.974266881230445,0,0.584560128738267,5,1.6666666666666667,0.3333333333333333,O8,de-protonated,0,-9999,C24 H40 O8,24,40,8,-9999,-9999,-9999,-9999,-9999,-9999
1083,455.265269,455.2652143605258,455.2648796021091,1786919.3,-9999,367732.1,18.63,-1,0.7353047241856772,0.9065542433422672,0,0.5439325460053603,0,2.3684210526315788,0.10526315789473684,N4 S2 P1 O2,de-protonated,0,-9999,C19 H45 O2 N4 P1 S2,19,45,2,4,1,2,-9999,-9999,-9999
1084,455.31688,455.31682532251807,455.31668344407905,2312761.8,-9999,339802.8,24.63,-1,0.3116038664577897,0.9825361740183652,0,0.589521704411019,8,1.5172413793103448,0.13793103448275862,O4,de-protonated,0,-9999,C29 H44 O4,29,44,4,-9999,-9999,-9999,-9999,-9999,-9999
1085,456.210168,456.2101126646758,456.2097898210291,1549175.9,-9999,409954.4,15.92,-1,0.70766488116447,0.9131385913602784,0,0.547883154816167,15,1.103448275862069,0.06896551724137931,N1 P1 O2,de-protonated,0,-9999,C29 H32 O2 N1 P1,29,32,2,1,1,-9999,-9999,-9999,-9999
1086,457.135316,457.135259983371,457.13514982049907,1615043.9,-9999,401196.1,16.12,-1,0.2409853452814566,0.989517884807317,0,0.5937107308843902,8,1.3,0.6,O12,de-protonated,0,-9999,C20 H26 O12,20,26,12,-9999,-9999,-9999,-9999,-9999,-9999
1086,457.135316,457.135259983371,457.1356390778491,1615043.9,-9999,401196.1,16.12,-1,-0.8292822647921851,0.8826876235623494,0,0.5296125741374096,12,1.173913043478261,0.17391304347826086,N2 S1 P1 O4,de-protonated,0,-9999,C23 H27 O4 N2 P1 S1,23,27,4,2,1,1,-9999,-9999,-9999
1086,457.135316,457.135259983371,457.1349876291691,1615043.9,-9999,401196.1,16.12,-1,0.5957850728593108,0.9376233100867404,0,0.5625739860520442,3,2.066666666666667,0.4,N4 S2 P1 O6,de-protonated,0,-9999,C15 H31 O6 N4 P1 S2,15,31,6,4,1,2,-9999,-9999,-9999
1087,457.150552,457.1504959721508,457.1504059617891,1620681.4,-9999,330461.5,16.18,-1,0.1968944148991439,0.992990387020614,0,0.5957942322123684,12,1.0833333333333333,0.375,O9,de-protonated,0,-9999,C24 H26 O9,24,26,9,-9999,-9999,-9999,-9999,-9999,-9999
1087,457.150552,457.1504959721508,457.1508952191391,1620681.4,-9999,330461.5,16.18,-1,-0.8733374307784085,0.8707553481471494,0,0.5224532088882896,16,1,0.03703703703703703,N2 S1 P1 O1,de-protonated,0,-9999,C27 H27 O1 N2 P1 S1,27,27,1,2,1,1,-9999,-9999,-9999
1087,457.150552,457.1504959721508,457.1502437704591,1620681.4,-9999,330461.5,16.18,-1,0.5516822863618278,0.9462726720338474,0,0.5677636032203084,7,1.631578947368421,0.15789473684210523,N4 S2 P1 O3,de-protonated,0,-9999,C19 H31 O3 N4 P1 S2,19,31,3,4,1,2,-9999,-9999,-9999
1088,457.17154,457.1714839566946,457.17153532984906,1565905,-9999,354973.8,15.58,-1,-0.11237172591211836,0.9977113968450816,0,0.5986268381070489,7,1.4285714285714286,0.5238095238095238,O11,de-protonated,0,-9999,C21 H30 O11,21,30,11,-9999,-9999,-9999,-9999,-9999,-9999
1088,457.17154,457.1714839566946,457.17137313851913,1565905,-9999,354973.8,15.58,-1,0.2423996382600989,0.9893951456660792,0,0.5936370873996475,2,2.1875,0.3125,N4 S2 P1 O5,de-protonated,0,-9999,C16 H35 O5 N4 P1 S2,16,35,5,4,1,2,-9999,-9999,-9999
1089,457.194709,457.1946529396323,457.1948714882991,1390041.3,-9999,251319.8,13.64,-1,-0.4780208187432452,0.9593860474227244,0,0.5756316284536347,6,1.7,0.2,N4 S2 O4,de-protonated,0,-9999,C20 H34 O4 N4 S2,20,34,4,4,-9999,2,-9999,-9999,-9999
1090,457.207984,457.2079279298563,457.20792083919906,2120414,-9999,356183.3,21.7,-1,0.01550860537908621,0.9999563594874752,0,0.5999738156924851,6,1.5454545454545454,0.4545454545454546,O10,de-protonated,0,-9999,C22 H34 O10,22,34,10,-9999,-9999,-9999,-9999,-9999,-9999
1090,457.207984,457.2079279298563,457.207758647869,2120414,-9999,356183.3,21.7,-1,0.37025178162443656,0.9754326684664248,0,0.5852596010798549,1,2.2941176470588234,0.2352941176470588,N4 S2 P1 O4,de-protonated,0,-9999,C17 H39 O4 N4 P1 S2,17,39,4,4,1,2,-9999,-9999,-9999
1091,457.244446,457.2443899030046,457.24430634854906,1710827.3,-9999,412966.4,17.18,-1,0.1827348189949591,0.9939593812572108,0,0.5963756287543265,5,1.6521739130434785,0.391304347826087,O9,de-protonated,0,-9999,C23 H38 O9,23,38,9,-9999,-9999,-9999,-9999,-9999,-9999
1091,457.244446,457.2443899030046,457.2447956058991,1710827.3,-9999,412966.4,17.18,-1,-0.887277227450233,0.8668863004408798,0,0.5201317802645279,9,1.5,0.03846153846153846,N2 S1 P1 O1,de-protonated,0,-9999,C26 H39 O1 N2 P1 S1,26,39,1,2,1,1,-9999,-9999,-9999
1091,457.244446,457.2443899030046,457.2441441572192,1710827.3,-9999,412966.4,17.18,-1,0.5374498253832087,0.9489379443689604,0,0.5693627666213762,0,2.388888888888889,0.16666666666666666,N4 S2 P1 O3,de-protonated,0,-9999,C18 H43 O3 N4 P1 S2,18,43,3,4,1,2,-9999,-9999,-9999
1092,457.24516,457.2451039024788,457.2451757284191,1413611.5,-9999,252497.8,13.9,-1,-0.1570840854756352,0.9955326875457658,0,0.5973196125274595,4,1.75,0.16666666666666666,S2 O4,de-protonated,0,-9999,C24 H42 O4 S2,24,42,4,-9999,-9999,2,-9999,-9999,-9999
1092,457.24516,457.2451039024788,457.2447956058991,1413611.5,-9999,252497.8,13.9,-1,0.6742484171851777,0.9208219759756708,0,0.5524931855854024,9,1.5,0.03846153846153846,N2 S1 P1 O1,de-protonated,0,-9999,C26 H39 O1 N2 P1 S1,26,39,1,2,1,1,-9999,-9999,-9999
1093,457.267158,457.2671018862789,457.2667731271291,2373363.5,-9999,304006.5,24.49,-1,0.7189657527267734,0.910471247943713,0,0.5462827487662278,5,1.8095238095238095,0.3333333333333333,N4 O7,de-protonated,0,-9999,C21 H38 O7 N4,21,38,7,4,-9999,-9999,-9999,-9999,-9999
1094,457.26812,457.2680638855704,457.26842689740914,1423731.8,-9999,344008.1,14.01,-1,-0.7938703338388468,0.8919417734090936,0,0.5351650640454562,0,2.263157894736842,0.42105263157894735,N2 P1 O8,de-protonated,0,-9999,C19 H43 O8 N2 P1,19,43,8,2,1,-9999,-9999,-9999,-9999
1094,457.26812,457.2680638855704,457.2676425069991,1423731.8,-9999,344008.1,14.01,-1,0.9215140808231358,0.8571999415834071,0,0.5143199649500442,4,1.9090909090909092,0.09090909090909093,N4 S2 O2,de-protonated,0,-9999,C22 H42 O2 N4 S2,22,42,2,4,-9999,2,-9999,-9999,-9999
1095,457.280946,457.28088987612495,457.28069185789906,1548536.4,-9999,441011.5,15.38,-1,0.4330343034670333,0.9665473182071144,0,0.5799283909242685,4,1.75,0.3333333333333333,O8,de-protonated,0,-9999,C24 H42 O8,24,42,8,-9999,-9999,-9999,-9999,-9999,-9999
1096,458.203296,458.2032391968808,458.20316981139905,2357830.3,-9999,314465.3,24.32,-1,0.15142951048813144,0.9958478629842508,0,0.5975087177905505,6,1.5714285714285714,0.47619047619047616,N1 O10,de-protonated,0,-9999,C21 H33 O10 N1,21,33,10,1,-9999,-9999,-9999,-9999,-9999
1096,458.203296,458.2032391968808,458.2036590687491,2357830.3,-9999,314465.3,24.32,-1,-0.9163433334710238,0.8586793074023255,0,0.5152075844413952,10,1.4166666666666667,0.08333333333333333,N3 S1 P1 O2,de-protonated,0,-9999,C24 H34 O2 N3 P1 S1,24,34,2,3,1,1,-9999,-9999,-9999
1097,458.225902,458.225845180233,458.2254398854891,2710606.5,-9999,325100,28.21,-1,0.8844876531276421,0.43383203840768875,0.7612342259156646,0.5647929134108791,14,1.1724137931034482,0.06896551724137931,N1 P1 O2,de-protonated,0,-9999,C29 H34 O2 N1 P1,29,34,2,1,1,-9999,-9999,-9999,-9999
1098,458.226793,458.2267361795769,458.2271574185291,1724878.8,-9999,313353,17.33,-1,-0.9192797620623664,0.8578398949230278,0,0.5147039369538167,14,1.1785714285714286,0.03571428571428571,N3 S1 O1,de-protonated,0,-9999,C28 H33 O1 N3 S1,28,33,1,3,-9999,1,-9999,-9999,-9999
1099,458.262173,458.2621161535221,458.2618253948391,1595483.6,-9999,308476.9,15.9,-1,0.6344815711601389,0.9295587863850024,0,0.5577352718310015,13,1.2666666666666666,0.03333333333333333,N1 P1 O1,de-protonated,0,-9999,C30 H38 O1 N1 P1,30,38,1,1,1,-9999,-9999,-9999,-9999
1100,459.166205,459.16614748776766,459.1660560262491,8289189.5,-9999,318323.1,89.79,-1,0.1991905049081706,0.9859782504925996,0.9755112864027656,0.981791464856666,11,1.1666666666666667,0.375,O9,de-protonated,0,-9999,C24 H28 O9,24,28,9,-9999,-9999,-9999,-9999,-9999,-9999
1100,459.166205,459.16614748776766,459.16654528359913,8289189.5,-9999,318323.1,89.79,-1,-0.8663432376791058,0.8911816323129372,0.995449274493438,0.9328886891851376,15,1.0740740740740742,0.03703703703703703,N2 S1 P1 O1,de-protonated,0,-9999,C27 H29 O1 N2 P1 S1,27,29,1,2,1,1,-9999,-9999,-9999
1100,459.166205,459.16614748776766,459.16589383491913,8289189.5,-9999,318323.1,89.79,-1,0.5524209265837966,0.9312949820795546,0.9398961928012546,0.9347354663682346,6,1.736842105263158,0.15789473684210523,N4 S2 P1 O3,de-protonated,0,-9999,C19 H33 O3 N4 P1 S2,19,33,3,4,1,2,-9999,-9999,-9999
1101,459.20995,459.2098924555526,459.2094554683991,3449781.5,-9999,306378.7,36.37,-1,0.9516074817946456,0.4242385889632902,0.7612342259156645,0.5590368437442399,14,1.137931034482759,0.10344827586206896,P1 O3,de-protonated,0,-9999,C29 H33 O3 P1,29,33,3,-9999,1,-9999,-9999,-9999,-9999
1101,459.20995,459.2098924555526,459.2096521728891,3449781.5,-9999,306378.7,36.37,-1,0.5232526415531317,0.9515343999734024,0,0.5709206399840413,6,1.6842105263157894,0.47368421052631576,N4 O9,de-protonated,0,-9999,C19 H32 O9 N4,19,32,9,4,-9999,-9999,-9999,-9999,-9999
1102,459.223666,459.22360844545176,459.2235709036591,2509242.5,-9999,403138.7,25.98,-1,0.08175057867984065,0.998788084884155,0,0.599272850930493,5,1.6363636363636365,0.4545454545454546,O10,de-protonated,0,-9999,C22 H36 O10,22,36,10,-9999,-9999,-9999,-9999,-9999,-9999
1102,459.223666,459.22360844545176,459.2240601610091,2509242.5,-9999,403138.7,25.98,-1,-0.9836495874983368,0.8389839754020175,0,0.5033903852412105,9,1.48,0.08,N2 S1 P1 O2,de-protonated,0,-9999,C25 H37 O2 N2 P1 S1,25,37,2,2,1,1,-9999,-9999,-9999
1102,459.223666,459.22360844545176,459.2234087123291,2509242.5,-9999,403138.7,25.98,-1,0.4349367189626801,0.9662577689264168,0,0.57975466135585,0,2.411764705882353,0.2352941176470588,N4 S2 P1 O4,de-protonated,0,-9999,C17 H41 O4 N4 P1 S2,17,41,4,4,1,2,-9999,-9999,-9999
1103,459.246169,459.24611142887994,459.2458409777491,4295618.5,-9999,317259.4,45.7,-1,0.5889027329752822,0.4695057414776164,0.7550179348240812,0.5837106188162023,13,1.2333333333333334,0.06666666666666667,P1 O2,de-protonated,0,-9999,C30 H37 O2 P1,30,37,2,-9999,1,-9999,-9999,-9999,-9999
1103,459.246169,459.24611142887994,459.2460376822391,4295618.5,-9999,317259.4,45.7,-1,0.16058198612470168,0.4976659945811035,0.8221557383861047,0.627461892103104,5,1.8,0.4,N4 O8,de-protonated,0,-9999,C20 H36 O8 N4,20,36,8,4,-9999,-9999,-9999,-9999,-9999
1104,459.260057,459.25999941865246,459.2599564130091,1978567.9,-9999,375096,20.12,-1,0.09364117807873652,0.998410201376524,0,0.5990461208259145,4,1.7391304347826086,0.391304347826087,O9,de-protonated,0,-9999,C23 H40 O9,23,40,9,-9999,-9999,-9999,-9999,-9999,-9999
1104,459.260057,459.25999941865246,459.2604456703591,1978567.9,-9999,375096,20.12,-1,-0.9716745930453704,0.8425560826444911,0,0.5055336495866947,8,1.5769230769230769,0.03846153846153846,N2 S1 P1 O1,de-protonated,0,-9999,C26 H41 O1 N2 P1 S1,26,41,1,2,1,1,-9999,-9999,-9999
1105,460.169626,460.1695677488204,460.16941086131914,2483990.3,-9999,327986.2,25.7,-1,0.34093422453795846,0.979129961629488,0.9755112864027656,0.9776824915387992,11,1.2173913043478262,0.391304347826087,13C1 O9,de-protonated,1,1100,C23 H28 O9 13C1,23,28,9,-9999,-9999,-9999,1,-9999,-9999
1105,460.169626,460.1695677488204,460.16990011866915,2483990.3,-9999,327986.2,25.7,-1,-0.7222763780892232,0.909683333493368,0.995449274493438,0.943989709893396,15,1.1153846153846154,0.03846153846153846,13C1 N2 S1 P1 O1,de-protonated,1,1100,C26 H29 O1 N2 P1 S1 13C1,26,29,1,2,1,1,1,-9999,-9999
1105,460.169626,460.1695677488204,460.16924866998914,2483990.3,-9999,327986.2,25.7,-1,0.693394511175435,0.9164573090776188,0.9398961928012546,0.9258328625670732,6,1.8333333333333333,0.16666666666666666,13C1 N4 S2 P1 O3,de-protonated,1,1100,C18 H33 O3 N4 P1 S2 13C1,18,33,3,4,1,2,1,-9999,-9999
1106,460.205033,460.2049747227457,460.2047044405991,2488611.5,-9999,384615.6,25.75,-1,0.5873085260147285,0.9393310254699924,0,0.5635986152819954,14,1.1428571428571428,0.10714285714285714,N1 P1 O3,de-protonated,0,-9999,C28 H32 O3 N1 P1,28,32,3,1,1,-9999,-9999,-9999,-9999
1107,460.206026,460.20596772201446,460.2064219736391,1493283.8,-9999,515512.4,14.76,-1,-0.9870605949218878,0.8379612757977586,0,0.5027767654786551,14,1.148148148148148,0.07407407407407407,N3 S1 O2,de-protonated,0,-9999,C27 H31 O2 N3 S1,27,31,2,3,-9999,1,-9999,-9999,-9999
1108,460.966701,460.9666421618321,460.9663842154091,3403837.5,-9999,244532.2,35.85,-1,0.5595775133240796,0.9447674356621282,0,0.5668604613972769,16,0.4117647058823529,0.7058823529411765,N2 P1 O12,de-protonated,0,-9999,C17 H7 O12 N2 P1,17,7,12,2,1,-9999,-9999,-9999,-9999
1109,461.118139,461.11808005030895,461.1183179865291,1444469.9,-9999,339195.8,14.22,-1,-0.5159981958916717,0.9528369668286416,0,0.5717021800971849,25,0.5454545454545454,0.09090909090909093,O3,de-protonated,0,-9999,C33 H18 O3,33,18,3,-9999,-9999,-9999,-9999,-9999,-9999
1109,461.118139,461.11808005030895,461.1176665378491,1444469.9,-9999,339195.8,14.22,-1,0.8967612603827517,0.8642289627360785,0,0.5185373776416471,16,0.88,0.2,N2 S1 O5,de-protonated,0,-9999,C25 H22 O5 N2 S1,25,22,5,2,-9999,1,-9999,-9999,-9999
1109,461.118139,461.11808005030895,461.1177994795791,1444469.9,-9999,339195.8,14.22,-1,0.6084578174140434,0.9350305291065591,0,0.5610183174639355,3,1.9285714285714288,0.9285714285714286,N2 P1 O13,de-protonated,0,-9999,C14 H27 O13 N2 P1,14,27,13,2,1,-9999,-9999,-9999,-9999
1110,461.145418,461.14535903021994,461.14532058135904,1482880,-9999,454342.5,14.64,-1,0.08337688614746663,0.998739417436609,0,0.5992436504619654,11,1.1304347826086956,0.43478260869565216,O10,de-protonated,0,-9999,C23 H26 O10,23,26,10,-9999,-9999,-9999,-9999,-9999,-9999
1110,461.145418,461.14535903021994,461.1458098387091,1482880,-9999,454342.5,14.64,-1,-0.977583401081872,0.8407970734195981,0,0.5044782440517588,15,1.0384615384615383,0.07692307692307693,N2 S1 P1 O2,de-protonated,0,-9999,C26 H27 O2 N2 P1 S1,26,27,2,2,1,1,-9999,-9999,-9999
1110,461.145418,461.14535903021994,461.14515839002905,1482880,-9999,454342.5,14.64,-1,0.435091179496353,0.9662342080065528,0,0.5797405248039316,6,1.7222222222222223,0.2222222222222222,N4 S2 P1 O4,de-protonated,0,-9999,C18 H31 O4 N4 P1 S2,18,31,4,4,1,2,-9999,-9999,-9999
1111,461.181854,461.18179500338744,461.18170609070904,2991245.5,-9999,356198.1,31.3,-1,0.1927931598736994,0.49663919440269433,0.7939170211058493,0.6155503250839564,10,1.25,0.375,O9,de-protonated,0,-9999,C24 H30 O9,24,30,9,-9999,-9999,-9999,-9999,-9999,-9999
1111,461.181854,461.18179500338744,461.1821953480591,2991245.5,-9999,356198.1,31.3,-1,-0.868083537728538,0.4361010524464531,0.7739790330151772,0.5712522446739428,14,1.148148148148148,0.03703703703703703,N2 S1 P1 O1,de-protonated,0,-9999,C27 H31 O1 N2 P1 S1,27,31,1,2,1,1,-9999,-9999,-9999
1111,461.181854,461.18179500338744,461.1815438993792,2991245.5,-9999,356198.1,31.3,-1,0.5444797425060703,0.9476292410899928,0,0.5685775446539957,5,1.8421052631578947,0.15789473684210523,N4 S2 P1 O3,de-protonated,0,-9999,C19 H35 O3 N4 P1 S2,19,35,3,4,1,2,-9999,-9999,-9999
1112,461.18906,461.1890009980808,461.18872002350906,2142864.3,-9999,298661.8,21.93,-1,0.6092399043935676,0.9348689680645652,0,0.5609213808387391,14,1.1071428571428572,0.14285714285714285,P1 O4,de-protonated,0,-9999,C28 H31 O4 P1,28,31,4,-9999,1,-9999,-9999,-9999,-9999
1112,461.18906,461.1890009980808,461.188916727999,2142864.3,-9999,298661.8,21.93,-1,0.18272356214449256,0.993960123212014,0,0.5963760739272083,6,1.6666666666666667,0.5555555555555556,N4 O10,de-protonated,0,-9999,C18 H30 O10 N4,18,30,10,4,-9999,-9999,-9999,-9999,-9999
1113,461.20289,461.202830987896,461.2028354587691,1426069.4,-9999,432709.8,14.02,-1,-0.00969394100820416,0.9999829489600988,0,0.5999897693760592,5,1.619047619047619,0.5238095238095238,O11,de-protonated,0,-9999,C21 H34 O11,21,34,11,-9999,-9999,-9999,-9999,-9999,-9999
1113,461.20289,461.202830987896,461.2026732674391,1426069.4,-9999,432709.8,14.02,-1,0.3419764586234079,0.9790035184802386,0,0.5874021110881431,0,2.4375,0.3125,N4 S2 P1 O5,de-protonated,0,-9999,C16 H39 O5 N4 P1 S2,16,39,5,4,1,2,-9999,-9999,-9999
1114,461.239347,461.239287961048,461.239220968119,1448610.9,-9999,467352.5,14.27,-1,0.14524551668365793,0.996179428342396,0,0.5977076570054375,4,1.7272727272727273,0.4545454545454546,O10,de-protonated,0,-9999,C22 H38 O10,22,38,10,-9999,-9999,-9999,-9999,-9999,-9999
1114,461.239347,461.239287961048,461.23971022546914,1448610.9,-9999,467352.5,14.27,-1,-0.9154988431018424,0.8589203692797465,0,0.5153522215678479,8,1.56,0.08,N2 S1 P1 O2,de-protonated,0,-9999,C25 H39 O2 N2 P1 S1,25,39,2,2,1,1,-9999,-9999,-9999
1117,462.979911,462.9798506792481,462.979912478939,3708207.8,-9999,280304.9,39.2,-1,-0.1334824455715708,0.9967722469816488,0,0.5980633481889893,14,0.631578947368421,0.5263157894736842,S2 O10,de-protonated,0,-9999,C19 H12 O10 S2,19,12,10,-9999,-9999,2,-9999,-9999,-9999
1117,462.979911,462.9798506792481,462.9795323564191,3708207.8,-9999,280304.9,39.2,-1,0.6875527032102683,0.4588998953027175,0.8149093904448103,0.6013036933595546,19,0.42857142857142855,0.3333333333333333,N2 S1 P1 O7,de-protonated,0,-9999,C21 H9 O7 N2 P1 S1,21,9,7,2,1,1,-9999,-9999,-9999
1118,463.124654,463.1245935726554,463.1245851364691,1617766.4,-9999,365732.8,16.13,-1,0.01821580309031077,0.9999397943290866,0,0.599963876597452,11,1.0909090909090908,0.5,O11,de-protonated,0,-9999,C22 H24 O11,22,24,11,-9999,-9999,-9999,-9999,-9999,-9999
1118,463.124654,463.1245935726554,463.12442294513903,1617766.4,-9999,365732.8,16.13,-1,0.3684269449931056,0.975671275817522,0,0.5854027654905133,6,1.7058823529411764,0.29411764705882354,N4 S2 P1 O5,de-protonated,0,-9999,C17 H29 O5 N4 P1 S2,17,29,5,4,1,2,-9999,-9999,-9999
1119,463.161162,463.1611015457698,463.1609706458191,1994612.3,-9999,386763.2,20.29,-1,0.2826230166200423,0.9856111696263604,0,0.5913667017758162,10,1.2173913043478262,0.43478260869565216,O10,de-protonated,0,-9999,C23 H28 O10,23,28,10,-9999,-9999,-9999,-9999,-9999,-9999
1119,463.161162,463.1611015457698,463.16145990316915,1994612.3,-9999,386763.2,20.29,-1,-0.7737202474460204,0.8970685577621076,0,0.5382411346572645,14,1.1153846153846154,0.07692307692307693,N2 S1 P1 O2,de-protonated,0,-9999,C26 H29 O2 N2 P1 S1,26,29,2,2,1,1,-9999,-9999,-9999
1119,463.161162,463.1611015457698,463.1608084544891,1994612.3,-9999,386763.2,20.29,-1,0.6328067387091738,0.9299168507615012,0,0.5579501104569007,5,1.8333333333333333,0.2222222222222222,N4 S2 P1 O4,de-protonated,0,-9999,C18 H33 O4 N4 P1 S2,18,33,4,4,1,2,-9999,-9999,-9999
1120,463.197667,463.1976065188865,463.1973561551691,1469314,-9999,372452.5,14.49,-1,0.5405119742468673,0.948369757412362,0,0.5690218544474172,9,1.3333333333333333,0.375,O9,de-protonated,0,-9999,C24 H32 O9,24,32,9,-9999,-9999,-9999,-9999,-9999,-9999
1120,463.197667,463.1976065188865,463.1978454125191,1469314,-9999,372452.5,14.49,-1,-0.5157485833237611,0.9528814936961616,0,0.571728896217697,13,1.2222222222222223,0.03703703703703703,N2 S1 P1 O1,de-protonated,0,-9999,C27 H33 O1 N2 P1 S1,27,33,1,2,1,1,-9999,-9999,-9999
1120,463.197667,463.1976065188865,463.1971939638391,1469314,-9999,372452.5,14.49,-1,0.8906682786704628,0.8659384687357164,0,0.5195630812414298,4,1.9473684210526316,0.15789473684210523,N4 S2 P1 O3,de-protonated,0,-9999,C19 H37 O3 N4 P1 S2,19,37,3,4,1,2,-9999,-9999,-9999
1121,463.210602,463.2105415093608,463.2101103730091,1599878.9,-9999,399625.8,15.93,-1,0.9307576454187,0.8545410189282228,0,0.5127246113569336,17,1,0.03125,S1 O1,de-protonated,0,-9999,C32 H32 O1 S1,32,32,1,-9999,-9999,1,-9999,-9999,-9999
1121,463.210602,463.2105415093608,463.2102433147391,1599878.9,-9999,399625.8,15.93,-1,0.643756536003844,0.9275612822772418,0,0.556536769366345,4,1.761904761904762,0.42857142857142855,P1 O9,de-protonated,0,-9999,C21 H37 O9 P1,21,37,9,-9999,1,-9999,-9999,-9999,-9999
1122,463.219994,463.21993350244423,463.21962622925906,1388938.5,-9999,312282.2,13.6,-1,0.6633423278563231,0.9232625765808424,0,0.5539575459485055,17,1.03125,0.03125,P1 O1,de-protonated,0,-9999,C32 H33 O1 P1,32,33,1,-9999,1,-9999,-9999,-9999,-9999
1122,463.219994,463.21993350244423,463.21982293374913,1388938.5,-9999,312282.2,13.6,-1,0.23869594873146924,0.9897150791963704,0,0.5938290475178222,9,1.4545454545454546,0.3181818181818182,N4 O7,de-protonated,0,-9999,C22 H32 O7 N4,22,32,7,4,-9999,-9999,-9999,-9999,-9999
1124,465.10372,465.10365811521586,465.1038496915791,1758809,-9999,452100.8,17.67,-1,-0.4119001882626048,0.9696841254414212,0,0.5818104752648527,11,1.0476190476190477,0.5714285714285714,O12,de-protonated,0,-9999,C21 H22 O12,21,22,12,-9999,-9999,-9999,-9999,-9999,-9999
1124,465.10372,465.10365811521586,465.1033366273291,1758809,-9999,452100.8,17.67,-1,0.6912181905562697,0.9169585378470546,0,0.5501751227082328,29,0.4117647058823529,0.02941176470588235,N2 O1,de-protonated,0,-9999,C34 H14 O1 N2,34,14,1,2,-9999,-9999,-9999,-9999,-9999
1124,465.10372,465.10365811521586,465.1036875002491,1758809,-9999,452100.8,17.67,-1,-0.06317953189353429,0.9992759819891438,0,0.5995655891934862,6,1.6875,0.375,N4 S2 P1 O6,de-protonated,0,-9999,C16 H27 O6 N4 P1 S2,16,27,6,4,1,2,-9999,-9999,-9999
1125,465.105017,465.1049551142607,465.1049903976091,2979929.5,-9999,274425.2,31.15,-1,-0.07586104021694302,0.49947816321463806,0.7428850341668535,0.5968409115955242,24,0.59375,0.0625,P1 O2,de-protonated,0,-9999,C32 H19 O2 P1,32,19,2,-9999,1,-9999,-9999,-9999,-9999
1125,465.105017,465.1049551142607,465.1047190714491,2979929.5,-9999,274425.2,31.15,-1,0.507504658444985,0.9543411220484156,0,0.5726046732290493,10,1.181818181818182,0.3181818181818182,S2 O7,de-protonated,0,-9999,C22 H26 O7 S2,22,26,7,-9999,-9999,2,-9999,-9999,-9999
1125,465.105017,465.1049551142607,465.10518710209914,2979929.5,-9999,274425.2,31.15,-1,-0.4987857475689396,0.9558616302878146,0,0.5735169781726888,16,0.8181818181818182,0.3636363636363637,N4 O8,de-protonated,0,-9999,C22 H18 O8 N4,22,18,8,4,-9999,-9999,-9999,-9999,-9999
1126,465.140588,465.1405260880652,465.14023520092906,2049383.1,-9999,296230.3,20.88,-1,0.6253751323402515,0.9314958885803724,0,0.5588975331482234,10,1.181818181818182,0.5,O11,de-protonated,0,-9999,C22 H26 O11,22,26,11,-9999,-9999,-9999,-9999,-9999,-9999
1126,465.140588,465.1405260880652,465.14072445827907,2049383.1,-9999,296230.3,20.88,-1,-0.4264735453920055,0.9675367890963452,0,0.5805220734578072,14,1.08,0.12,N2 S1 P1 O3,de-protonated,0,-9999,C25 H27 O3 N2 P1 S1,25,27,3,2,1,1,-9999,-9999,-9999
1126,465.140588,465.1405260880652,465.14007300959906,2049383.1,-9999,296230.3,20.88,-1,0.9740688717817866,0.8418441655971841,0,0.5051064993583104,5,1.8235294117647056,0.29411764705882354,N4 S2 P1 O5,de-protonated,0,-9999,C17 H31 O5 N4 P1 S2,17,31,5,4,1,2,-9999,-9999,-9999
1127,465.162661,465.16259907181006,465.1625052750191,1759343.6,-9999,251903.2,17.68,-1,0.2016430600056556,0.9926494586162948,0,0.5955896751697769,18,0.9,0.1,P1 O3,de-protonated,0,-9999,C30 H27 O3 P1,30,27,3,-9999,1,-9999,-9999,-9999,-9999
1127,465.162661,465.16259907181006,465.16223394885907,1759343.6,-9999,251903.2,17.68,-1,0.7849367905385414,0.894227366957986,0,0.5365364201747915,4,1.7,0.4,S2 O8,de-protonated,0,-9999,C20 H34 O8 S2,20,34,8,-9999,-9999,2,-9999,-9999,-9999
1127,465.162661,465.16259907181006,465.1627019795091,1759343.6,-9999,251903.2,17.68,-1,-0.22122947219744235,0.9911587670178532,0,0.5946952602107118,10,1.3,0.45,N4 O9,de-protonated,0,-9999,C20 H26 O9 N4,20,26,9,4,-9999,-9999,-9999,-9999,-9999
1128,465.168757,465.1686950673208,465.16837850178905,9134194,-9999,298499.5,99.09,-1,0.6805396634681351,0.9264700852828912,0.971671186003905,0.9445505255712968,9,1.3478260869565215,0.34782608695652173,P1 O8,de-protonated,0,-9999,C23 H31 O8 P1,23,31,8,-9999,1,-9999,-9999,-9999,-9999
1129,465.176724,465.17666206145367,465.17662071027905,1872501,-9999,321443.3,18.93,-1,0.08889349286916426,0.9985672102751758,0,0.5991403261651055,9,1.3043478260869563,0.43478260869565216,O10,de-protonated,0,-9999,C23 H30 O10,23,30,10,-9999,-9999,-9999,-9999,-9999,-9999
1129,465.176724,465.17666206145367,465.1771099676291,1872501,-9999,321443.3,18.93,-1,-0.9628723465853388,0.8451634159446065,0,0.5070980495667639,13,1.1923076923076923,0.07692307692307693,N2 S1 P1 O2,de-protonated,0,-9999,C26 H31 O2 N2 P1 S1,26,31,2,2,1,1,-9999,-9999,-9999
1129,465.176724,465.17666206145367,465.1764585189491,1872501,-9999,321443.3,18.93,-1,0.4375597707558488,0.9658566000694754,0,0.5795139600416852,4,1.9444444444444444,0.2222222222222222,N4 S2 P1 O4,de-protonated,0,-9999,C18 H35 O4 N4 P1 S2,18,35,4,4,1,2,-9999,-9999,-9999
1130,465.190275,465.1902130514743,465.19037724971906,1496186.3,-9999,275587.1,14.77,-1,-0.3529699942024794,0.9776473119743286,0,0.5865883871845972,3,1.8571428571428572,0.23809523809523808,S2 P1 O5,de-protonated,0,-9999,C21 H39 O5 P1 S2,21,39,5,-9999,1,2,-9999,-9999,-9999
1131,465.213405,465.2133430344407,465.2130062196291,1427459.1,-9999,255503.5,14.02,-1,0.7240012792924347,0.9092716516828246,0,0.5455629910096947,8,1.4166666666666667,0.375,O9,de-protonated,0,-9999,C24 H34 O9,24,34,9,-9999,-9999,-9999,-9999,-9999,-9999
1131,465.213405,465.2133430344407,465.2134954769791,1427459.1,-9999,255503.5,14.02,-1,-0.32768296673916597,0.9807053148734942,0,0.5884231889240965,12,1.2962962962962965,0.03703703703703703,N2 S1 P1 O1,de-protonated,0,-9999,C27 H35 O1 N2 P1 S1,27,35,1,2,1,1,-9999,-9999,-9999
1132,465.226563,465.22650102475086,465.2267627590691,1273992.1,-9999,368766.5,12.32,-1,-0.5625951454417274,0.9441871106313304,0,0.5665122663787983,2,1.9545454545454544,0.18181818181818185,S2 P1 O4,de-protonated,0,-9999,C22 H43 O4 P1 S2,22,43,4,-9999,1,2,-9999,-9999,-9999
1133,465.304586,465.3045239672925,465.3044046829391,1449638.3,-9999,287811.8,14.26,-1,0.2563576707808611,0.9881461445859128,0,0.5928876867515477,5,1.7037037037037035,0.14814814814814814,S1 O4,de-protonated,0,-9999,C27 H46 O4 S1,27,46,4,-9999,-9999,1,-9999,-9999,-9999
1134,466.172083,466.1720203284435,466.1717333368591,2690549.5,-9999,323117.2,27.95,-1,0.6156348913494889,0.9335411843454304,0.971671186003905,0.9487931850088204,9,1.4090909090909092,0.3636363636363637,13C1 P1 O8,de-protonated,1,1128,C22 H31 O8 P1 13C1,22,31,8,-9999,1,-9999,1,-9999,-9999
1134,466.172083,466.1720203284435,466.1718696824791,2690549.5,-9999,323117.2,27.95,-1,0.3231554158926839,0.9812298142293784,0,0.588737888537627,9,1.318181818181818,0.4545454545454546,N1 O10,de-protonated,0,-9999,C22 H29 O10 N1,22,29,10,1,-9999,-9999,-9999,-9999,-9999
1134,466.172083,466.1720203284435,466.1723589398291,2690549.5,-9999,323117.2,27.95,-1,-0.7263652146962223,0.9087061606008524,0,0.5452236963605114,13,1.2,0.08,N3 S1 P1 O2,de-protonated,0,-9999,C25 H30 O2 N3 P1 S1,25,30,2,3,1,1,-9999,-9999,-9999
1135,467.102908,467.102844642958,467.1030791018191,3266399.8,-9999,308263.8,34.31,-1,-0.5019424439196281,0.4776569458500006,0.8077896627745539,0.6097100326198219,15,0.9090909090909092,0.2727272727272727,N4 S1 O6,de-protonated,0,-9999,C22 H20 O6 N4 S1,22,20,6,4,-9999,1,-9999,-9999,-9999
1136,467.119667,467.1196036306162,467.1194997560391,1846118.3,-9999,337391,18.63,-1,0.22237259882189175,0.991067573287726,0,0.5946405439726355,10,1.1428571428571428,0.5714285714285714,O12,de-protonated,0,-9999,C21 H24 O12,21,24,12,-9999,-9999,-9999,-9999,-9999,-9999
1136,467.119667,467.1196036306162,467.1199890133891,1846118.3,-9999,337391,18.63,-1,-0.8250188002108946,0.883817981535117,0,0.5302907889210702,14,1.0416666666666667,0.16666666666666666,N2 S1 P1 O4,de-protonated,0,-9999,C24 H25 O4 N2 P1 S1,24,25,4,2,1,1,-9999,-9999,-9999
1136,467.119667,467.1196036306162,467.11933756470904,1846118.3,-9999,337391,18.63,-1,0.5695887234223517,0.9428315581407358,0,0.5656989348844415,5,1.8125,0.375,N4 S2 P1 O6,de-protonated,0,-9999,C16 H29 O6 N4 P1 S2,16,29,6,4,1,2,-9999,-9999,-9999
1137,467.156148,467.15608460375057,467.1558852653891,1835892.6,-9999,237779.9,18.52,-1,0.4267063046200763,0.9675019263987052,0,0.5805011558392231,9,1.2727272727272727,0.5,O11,de-protonated,0,-9999,C22 H28 O11,22,28,11,-9999,-9999,-9999,-9999,-9999,-9999
1137,467.156148,467.15608460375057,467.1563745227391,1835892.6,-9999,237779.9,18.52,-1,-0.6206037300134464,0.9325012581743268,0,0.559500754904596,13,1.16,0.12,N2 S1 P1 O3,de-protonated,0,-9999,C25 H29 O3 N2 P1 S1,25,29,3,2,1,1,-9999,-9999,-9999
1137,467.156148,467.15608460375057,467.1557230740591,1835892.6,-9999,237779.9,18.52,-1,0.7738954563063372,0.897024422270138,0,0.5382146533620827,4,1.9411764705882353,0.29411764705882354,N4 S2 P1 O5,de-protonated,0,-9999,C17 H33 O5 N4 P1 S2,17,33,5,4,1,2,-9999,-9999,-9999
1138,467.165722,467.1656585967,467.1652681799091,2991480.3,-9999,375917.4,31.27,-1,0.8357145051825218,0.4404870015808086,0.7369636471990461,0.5590776598281035,22,0.7272727272727273,0.09090909090909093,O3,de-protonated,0,-9999,C33 H24 O3,33,24,3,-9999,-9999,-9999,-9999,-9999,-9999
1139,467.192457,467.1923935770116,467.1922707747391,1956226.8,-9999,389761.7,19.84,-1,0.2628516784426822,0.9875417821462062,0,0.5925250692877237,8,1.391304347826087,0.43478260869565216,O10,de-protonated,0,-9999,C23 H32 O10,23,32,10,-9999,-9999,-9999,-9999,-9999,-9999
1139,467.192457,467.1923935770116,467.1927600320891,1956226.8,-9999,389761.7,19.84,-1,-0.7843766188879443,0.8943700154662132,0,0.5366220092797279,12,1.2692307692307692,0.07692307692307693,N2 S1 P1 O2,de-protonated,0,-9999,C26 H33 O2 N2 P1 S1,26,33,2,2,1,1,-9999,-9999,-9999
1139,467.192457,467.1923935770116,467.19210858340904,1956226.8,-9999,389761.7,19.84,-1,0.6100137338384692,0.934708936110072,0,0.5608253616660432,3,2.0555555555555554,0.2222222222222222,N4 S2 P1 O4,de-protonated,0,-9999,C18 H37 O4 N4 P1 S2,18,37,4,4,1,2,-9999,-9999,-9999
1140,467.193211,467.1931475764564,467.1931401546091,1439683.1,-9999,333416.1,14.14,-1,0.01588603648892426,0.9999542095410614,0,0.5999725257246368,7,1.5,0.20833333333333337,S2 O5,de-protonated,0,-9999,C24 H36 O5 S2,24,36,5,-9999,-9999,2,-9999,-9999,-9999
1140,467.193211,467.1931475764564,467.1927600320891,1439683.1,-9999,333416.1,14.14,-1,0.8295170654463451,0.8826252445242914,0,0.5295751467145748,12,1.2692307692307692,0.07692307692307693,N2 S1 P1 O2,de-protonated,0,-9999,C26 H33 O2 N2 P1 S1,26,33,2,2,1,1,-9999,-9999,-9999
1140,467.193211,467.1931475764564,467.1936081852591,1439683.1,-9999,333416.1,14.14,-1,-0.9859056173753472,0.8383078216892459,0,0.5029846930135475,13,1.1666666666666667,0.25,N4 O6,de-protonated,0,-9999,C24 H28 O6 N4,24,28,6,4,-9999,-9999,-9999,-9999,-9999
1141,467.205617,467.20555356732024,467.20515793430906,1767047.9,-9999,306855.4,17.76,-1,0.8468078839920147,0.8779954427810357,0,0.5267972656686214,3,1.85,0.5,P1 O10,de-protonated,0,-9999,C20 H37 O10 P1,20,37,10,-9999,1,-9999,-9999,-9999,-9999
1142,467.228826,467.2287625502285,467.22865628408914,1807761,-9999,348230.9,18.21,-1,0.2274392590002309,0.9906578223290547,0,0.5943946933974328,7,1.5,0.375,O9,de-protonated,0,-9999,C24 H36 O9,24,36,9,-9999,-9999,-9999,-9999,-9999,-9999
1142,467.228826,467.2287625502285,467.2291455414391,1807761,-9999,348230.9,18.21,-1,-0.8197074481342406,0.8852200189965933,0,0.531132011397956,11,1.3703703703703705,0.03703703703703703,N2 S1 P1 O1,de-protonated,0,-9999,C27 H37 O1 N2 P1 S1,27,37,1,2,1,1,-9999,-9999,-9999
1142,467.228826,467.2287625502285,467.2284940927591,1807761,-9999,348230.9,18.21,-1,0.5745742666692564,0.9418562011809852,0,0.5651137207085911,2,2.1578947368421053,0.15789473684210523,N4 S2 P1 O3,de-protonated,0,-9999,C19 H41 O3 N4 P1 S2,19,41,3,4,1,2,-9999,-9999,-9999
1143,468.978561,468.9784962616747,468.9788636511591,7073346.5,-9999,277140.6,73.47,-1,-0.7833817529948467,0.4473115822241618,0.8149093904448101,0.5943507055124211,17,0.5238095238095238,0.42857142857142855,S1 P1 O9,de-protonated,0,-9999,C21 H11 O9 P1 S1,21,11,9,-9999,1,1,-9999,-9999,-9999
1143,468.978561,468.9784962616747,468.9782122024791,7073346.5,-9999,277140.6,73.47,-1,0.6056980650428786,0.4677995968660866,0.8767281105990777,0.6313710023592831,8,1.1538461538461535,0.8461538461538461,N2 S2 P1 O11,de-protonated,0,-9999,C13 H15 O11 N2 P1 S2,13,15,11,2,1,2,-9999,-9999,-9999
1144,469.135851,469.135786145842,469.13601920036905,1428097,-9999,252843.4,13.48,-1,-0.4967738939059588,0.9562090795928238,0,0.5737254477556942,8,1.3636363636363635,0.3181818181818182,S2 O7,de-protonated,0,-9999,C22 H30 O7 S2,22,30,7,-9999,-9999,2,-9999,-9999,-9999
1144,469.135851,469.135786145842,469.1356390778491,1428097,-9999,252843.4,13.48,-1,0.3134871467668858,0.9823263214857716,0,0.5893957928914628,13,1.125,0.16666666666666666,N2 S1 P1 O4,de-protonated,0,-9999,C24 H27 O4 N2 P1 S1,24,27,4,2,1,1,-9999,-9999,-9999
1145,469.171733,469.1716681194175,469.17153532984906,2073743.3,-9999,338013.4,20.34,-1,0.28302989089185787,0.985570011023021,0,0.5913420066138125,8,1.3636363636363635,0.5,O11,de-protonated,0,-9999,C22 H30 O11,22,30,11,-9999,-9999,-9999,-9999,-9999,-9999
1145,469.171733,469.1716681194175,469.17202458719913,2073743.3,-9999,338013.4,20.34,-1,-0.7597805558163743,0.9005548129061369,0,0.5403328877436822,12,1.24,0.12,N2 S1 P1 O3,de-protonated,0,-9999,C25 H31 O3 N2 P1 S1,25,31,3,2,1,1,-9999,-9999,-9999
1145,469.171733,469.1716681194175,469.17137313851913,2073743.3,-9999,338013.4,20.34,-1,0.6287274017066674,0.930785589766777,0,0.5584713538600662,3,2.0588235294117645,0.29411764705882354,N4 S2 P1 O5,de-protonated,0,-9999,C17 H35 O5 N4 P1 S2,17,35,5,4,1,2,-9999,-9999,-9999
1146,469.208159,469.2080940925924,469.20792083919906,1809565.8,-9999,379123.8,17.54,-1,0.3692465230779051,0.9755642501298072,0,0.5853385500778843,7,1.4782608695652173,0.43478260869565216,O10,de-protonated,0,-9999,C23 H34 O10,23,34,10,-9999,-9999,-9999,-9999,-9999,-9999
1146,469.208159,469.2080940925924,469.20841009654913,1809565.8,-9999,379123.8,17.54,-1,-0.673483147143115,0.9209943168349458,0,0.5525965901009675,11,1.3461538461538465,0.07692307692307693,N2 S1 P1 O2,de-protonated,0,-9999,C26 H35 O2 N2 P1 S1,26,35,2,2,1,1,-9999,-9999,-9999
1146,469.208159,469.2080940925924,469.207758647869,1809565.8,-9999,379123.8,17.54,-1,0.7149172561181644,0.9114307729740916,0,0.5468584637844549,2,2.1666666666666665,0.2222222222222222,N4 S2 P1 O4,de-protonated,0,-9999,C18 H39 O4 N4 P1 S2,18,39,4,4,1,2,-9999,-9999,-9999
1147,469.244739,469.24467406565384,469.24430634854906,1951020.3,-9999,269526.8,19.04,-1,0.7836367960246484,0.8945582911742382,0,0.5367349747045429,6,1.5833333333333333,0.375,O9,de-protonated,0,-9999,C24 H38 O9,24,38,9,-9999,-9999,-9999,-9999,-9999,-9999
1147,469.244739,469.24467406565384,469.2447956058991,1951020.3,-9999,269526.8,19.04,-1,-0.259012452405801,0.98790086062948,0,0.5927405163776879,10,1.4444444444444444,0.03703703703703703,N2 S1 P1 O1,de-protonated,0,-9999,C27 H39 O1 N2 P1 S1,27,39,1,2,1,1,-9999,-9999,-9999
1148,469.280825,469.2807600390791,469.28069185789906,1332154.6,-9999,459770.8,12.46,-1,0.145288696559305,0.9961771607260836,0,0.5977062964356502,5,1.68,0.32,O8,de-protonated,0,-9999,C25 H42 O8,25,42,8,-9999,-9999,-9999,-9999,-9999,-9999
1148,469.280825,469.2807600390791,469.2805296665691,1332154.6,-9999,459770.8,12.46,-1,0.4909057491448111,0.9572152047208672,0,0.5743291228325202,0,2.35,0.1,N4 S2 P1 O2,de-protonated,0,-9999,C20 H47 O2 N4 P1 S2,20,47,2,4,1,2,-9999,-9999,-9999
1149,469.977956,469.9778905256924,469.9774839266791,1659344.8,-9999,406203.1,15.94,-1,0.8651457298212212,0.8730083201445481,0,0.5238049920867288,12,0.8235294117647058,0.5294117647058824,N1 S2 P1 O9,de-protonated,0,-9999,C17 H14 O9 N1 P1 S2,17,14,9,1,1,2,-9999,-9999,-9999
1149,469.977956,469.9778905256924,469.97833207984905,1659344.8,-9999,406203.1,15.94,-1,-0.9395202427080186,0.8520036701389713,0,0.5112022020833827,13,0.6,0.8666666666666667,N3 S1 O13,de-protonated,0,-9999,C15 H9 O13 N3 S1,15,9,13,3,-9999,1,-9999,-9999,-9999
1150,469.978749,469.9786835251084,469.97833207984905,1359441.1,-9999,253767.5,12.75,-1,0.7477903455668715,0.903513376691516,0,0.5421080260149096,13,0.6,0.8666666666666667,N3 S1 O13,de-protonated,0,-9999,C15 H9 O13 N3 S1,15,9,13,3,-9999,1,-9999,-9999,-9999
1151,470.225813,470.2257473431636,470.2254398854891,1723956,-9999,359799.8,16.62,-1,0.6538516389039292,0.9253591939654224,0,0.5552155163792534,15,1.1333333333333333,0.06666666666666667,N1 P1 O2,de-protonated,0,-9999,C30 H34 O2 N1 P1,30,34,2,1,1,-9999,-9999,-9999,-9999
1152,470.22676,470.2266943424662,470.2271574185291,1595444.4,-9999,387811.3,15.26,-1,-0.9847922553598571,0.8386416323846814,0,0.5031849794308088,15,1.137931034482759,0.03448275862068965,N3 S1 O1,de-protonated,0,-9999,C29 H33 O1 N3 S1,29,33,1,3,-9999,1,-9999,-9999,-9999
1153,471.151004,471.15093766182713,471.1507998849591,1335976.3,-9999,348545.6,12.49,-1,0.2924262636582609,0.9846035134826658,0,0.5907621080895995,8,1.3333333333333333,0.5714285714285714,O12,de-protonated,0,-9999,C21 H28 O12,21,28,12,-9999,-9999,-9999,-9999,-9999,-9999
1153,471.151004,471.15093766182713,471.1512891423091,1335976.3,-9999,348545.6,12.49,-1,-0.7460034389831889,0.9039510863082374,0,0.5423706517849424,12,1.2083333333333333,0.16666666666666666,N2 S1 P1 O4,de-protonated,0,-9999,C24 H29 O4 N2 P1 S1,24,29,4,2,1,1,-9999,-9999,-9999
1153,471.151004,471.15093766182713,471.1506376936291,1335976.3,-9999,348545.6,12.49,-1,0.6366715314018496,0.9290893733971785,0,0.557453624038307,3,2.0625,0.375,N4 S2 P1 O6,de-protonated,0,-9999,C16 H33 O6 N4 P1 S2,16,33,6,4,1,2,-9999,-9999,-9999
1154,471.18738,471.1873136350388,471.1871853943091,1444791,-9999,299385.4,13.65,-1,0.27216514733820696,0.9866493156916748,0,0.5919895894150049,7,1.4545454545454546,0.5,O11,de-protonated,0,-9999,C22 H32 O11,22,32,11,-9999,-9999,-9999,-9999,-9999,-9999
1154,471.18738,471.1873136350388,471.18767465165905,1444791,-9999,299385.4,13.65,-1,-0.7661843457276716,0.8989594458078771,0,0.5393756674847262,11,1.32,0.12,N2 S1 P1 O3,de-protonated,0,-9999,C25 H33 O3 N2 P1 S1,25,33,3,2,1,1,-9999,-9999,-9999
1154,471.18738,471.1873136350388,471.18702320297905,1444791,-9999,299385.4,13.65,-1,0.6163838252817265,0.9333849013347858,0,0.5600309408008715,2,2.176470588235294,0.29411764705882354,N4 S2 P1 O5,de-protonated,0,-9999,C17 H37 O5 N4 P1 S2,17,37,5,4,1,2,-9999,-9999,-9999
1155,471.210132,471.2100656182836,471.21052155275913,2001600.1,-9999,297534.5,19.57,-1,-0.967581271426317,0.843770523677125,0,0.506262314206275,6,1.7142857142857142,0.1904761904761905,N4 S2 O4,de-protonated,0,-9999,C21 H36 O4 N4 S2,21,36,4,4,-9999,2,-9999,-9999,-9999
1155,471.210132,471.2100656182836,471.2096521728891,2001600.1,-9999,297534.5,19.57,-1,0.8774128301048448,0.8696287649973427,0,0.5217772589984055,7,1.6,0.45,N4 O9,de-protonated,0,-9999,C20 H32 O9 N4,20,32,9,4,-9999,-9999,-9999,-9999,-9999
1156,471.223711,471.2236446082836,471.2235709036591,1974725.6,-9999,386716.6,19.28,-1,0.15641115826385646,0.99557079559446,0,0.597342477356676,6,1.565217391304348,0.43478260869565216,O10,de-protonated,0,-9999,C23 H36 O10,23,36,10,-9999,-9999,-9999,-9999,-9999,-9999
1156,471.223711,471.2236446082836,471.2240601610091,1974725.6,-9999,386716.6,19.28,-1,-0.8818580387071618,0.8683956474167672,0,0.5210373884500603,10,1.4230769230769231,0.07692307692307693,N2 S1 P1 O2,de-protonated,0,-9999,C26 H37 O2 N2 P1 S1,26,37,2,2,1,1,-9999,-9999,-9999
1156,471.223711,471.2236446082836,471.2234087123291,1974725.6,-9999,386716.6,19.28,-1,0.5006032174044266,0.9555466531343836,0,0.5733279918806301,1,2.2777777777777777,0.2222222222222222,N4 S2 P1 O4,de-protonated,0,-9999,C18 H41 O4 N4 P1 S2,18,41,4,4,1,2,-9999,-9999,-9999
1157,471.244842,471.2447755927222,471.244700271719,1459918.1,-9999,371002.3,13.81,-1,0.1598341648829855,0.9953752647950694,0,0.5972251588770416,1,2,0.6,O12,de-protonated,0,-9999,C20 H40 O12,20,40,12,-9999,-9999,-9999,-9999,-9999,-9999
1157,471.244842,471.2447755927222,471.2451895290691,1459918.1,-9999,371002.3,13.81,-1,-0.8783884824409184,0.8693584994487648,0,0.5216150996692588,5,1.7826086956521738,0.17391304347826086,N2 S1 P1 O4,de-protonated,0,-9999,C23 H41 O4 N2 P1 S1,23,41,4,2,1,1,-9999,-9999,-9999
1158,471.260205,471.26013858140846,471.2599564130091,2117588.5,-9999,359633.1,20.8,-1,0.386556075651227,0.973251181271898,0,0.5839507087631387,5,1.6666666666666667,0.375,O9,de-protonated,0,-9999,C24 H40 O9,24,40,9,-9999,-9999,-9999,-9999,-9999,-9999
1158,471.260205,471.26013858140846,471.2604456703591,2117588.5,-9999,359633.1,20.8,-1,-0.6516331966118557,0.9258455992179636,0,0.5555073595307781,9,1.5185185185185186,0.03703703703703703,N2 S1 P1 O1,de-protonated,0,-9999,C27 H41 O1 N2 P1 S1,27,41,1,2,1,1,-9999,-9999,-9999
1158,471.260205,471.26013858140846,471.2597942216791,2117588.5,-9999,359633.1,20.8,-1,0.7307216392663378,0.907660133690227,0,0.5445960802141362,0,2.3684210526315788,0.15789473684210523,N4 S2 P1 O3,de-protonated,0,-9999,C19 H45 O3 N4 P1 S2,19,45,3,4,1,2,-9999,-9999,-9999
1159,471.282801,471.28273456476813,471.2824231915891,2497501.5,-9999,306342.5,24.84,-1,0.6606933840992572,0.923850322598992,0,0.5543101935593951,5,1.818181818181818,0.3181818181818182,N4 O7,de-protonated,0,-9999,C22 H40 O7 N4,22,40,7,4,-9999,-9999,-9999,-9999,-9999
1160,471.296675,471.2966085545509,471.2963419223591,1433059.1,-9999,323693.5,13.53,-1,0.565742120417361,0.9435789697245802,0,0.5661473818347481,4,1.76,0.32,O8,de-protonated,0,-9999,C25 H44 O8,25,44,8,-9999,-9999,-9999,-9999,-9999,-9999
1161,472.218974,472.2189068753442,472.2188198758591,1960281.4,-9999,277105.4,19.12,-1,0.18423553119484504,0.9938600629849236,0,0.5963160377909541,6,1.5909090909090908,0.4545454545454546,N1 O10,de-protonated,0,-9999,C22 H35 O10 N1,22,35,10,1,-9999,-9999,-9999,-9999,-9999
1161,472.218974,472.2189068753442,472.2193091332091,1960281.4,-9999,277105.4,19.12,-1,-0.851845439540938,0.8766332656731284,0,0.525979959403877,10,1.44,0.08,N3 S1 P1 O2,de-protonated,0,-9999,C25 H36 O2 N3 P1 S1,25,36,2,3,1,1,-9999,-9999,-9999
1162,472.23985,472.2397828599705,472.2399492439191,1328993.9,-9999,441909,12.42,-1,-0.35232925314875474,0.9777274815927128,0,0.5866364889556277,1,2.0526315789473686,0.631578947368421,N1 O12,de-protonated,0,-9999,C19 H39 O12 N1,19,39,12,1,-9999,-9999,-9999,-9999,-9999
1162,472.23985,472.2397828599705,472.2394361796691,1328993.9,-9999,441909,12.42,-1,0.7341197596611461,0.9068407065504586,0,0.5441044239302751,19,0.96875,0.03125,N3 O1,de-protonated,0,-9999,C32 H31 O1 N3,32,31,1,3,-9999,-9999,-9999,-9999,-9999
1163,472.2416,472.24153285868175,472.2410899499491,4922210.5,-9999,266662.4,50.6,-1,0.937886901518722,0.4262389295836029,0.7550179348240813,0.5577505316797943,14,1.2,0.06666666666666667,N1 P1 O2,de-protonated,0,-9999,C30 H36 O2 N1 P1,30,36,2,1,1,-9999,-9999,-9999,-9999
1164,473.145611,473.1455431929428,473.14532058135904,8258772,-9999,277668.3,86.05,-1,0.47049304741735776,0.970211462606018,0.9919497375443712,0.9789067725813592,12,1.0833333333333333,0.4166666666666667,O10,de-protonated,0,-9999,C24 H26 O10,24,26,10,-9999,-9999,-9999,-9999,-9999,-9999
1164,473.145611,473.1455431929428,473.1458098387091,8258772,-9999,277668.3,86.05,-1,-0.5635593949519263,0.9298766139152737,0.9881122743649564,0.9531708780951468,16,1,0.07407407407407407,N2 S1 P1 O2,de-protonated,0,-9999,C27 H27 O2 N2 P1 S1,27,27,2,2,1,1,-9999,-9999,-9999
1164,473.145611,473.1455431929428,473.14515839002905,8258772,-9999,277668.3,86.05,-1,0.8132872268044682,0.9034983320863276,0.9563346439428602,0.9246328568289408,7,1.631578947368421,0.21052631578947367,N4 S2 P1 O4,de-protonated,0,-9999,C19 H31 O4 N4 P1 S2,19,31,4,4,1,2,-9999,-9999,-9999
1165,473.203023,473.202955150663,473.2028354587691,1400299.5,-9999,362967.4,13.17,-1,0.25293993391340125,0.9884582877660746,0,0.5930749726596447,6,1.5454545454545454,0.5,O11,de-protonated,0,-9999,C22 H34 O11,22,34,11,-9999,-9999,-9999,-9999,-9999,-9999
1165,473.203023,473.202955150663,473.2033247161191,1400299.5,-9999,362967.4,13.17,-1,-0.7809866008541191,0.8952315988122448,0,0.5371389592873469,10,1.4,0.12,N2 S1 P1 O3,de-protonated,0,-9999,C25 H35 O3 N2 P1 S1,25,35,3,2,1,1,-9999,-9999,-9999
1165,473.203023,473.202955150663,473.2026732674391,1400299.5,-9999,362967.4,13.17,-1,0.595692374207415,0.9376421009105426,0,0.5625852605463255,1,2.2941176470588234,0.29411764705882354,N4 S2 P1 O5,de-protonated,0,-9999,C17 H39 O5 N4 P1 S2,17,39,5,4,1,2,-9999,-9999,-9999
1166,473.225544,473.2254761340779,473.2251055328591,3971316.8,-9999,304081.9,40.49,-1,0.7831393865205889,0.4473423990381072,0.7550179348240813,0.5704126133524969,14,1.1666666666666667,0.1,P1 O3,de-protonated,0,-9999,C30 H35 O3 P1,30,35,3,-9999,1,-9999,-9999,-9999,-9999
1166,473.225544,473.2254761340779,473.2253022373491,3971316.8,-9999,304081.9,40.49,-1,0.36747132497473795,0.4878978905928691,0.8221557383861047,0.6216010297101633,6,1.7,0.45,N4 O9,de-protonated,0,-9999,C20 H34 O9 N4,20,34,9,4,-9999,-9999,-9999,-9999,-9999
1167,473.239463,473.2393951238276,473.239220968119,1782522.5,-9999,316386.4,17.23,-1,0.3680077660613357,0.9757259274586167,0,0.58543555647517,5,1.6521739130434785,0.43478260869565216,O10,de-protonated,0,-9999,C23 H38 O10,23,38,10,-9999,-9999,-9999,-9999,-9999,-9999
1167,473.239463,473.2393951238276,473.23971022546914,1782522.5,-9999,316386.4,17.23,-1,-0.6658393933110935,0.9227067202203004,0,0.5536240321321803,9,1.5,0.07692307692307693,N2 S1 P1 O2,de-protonated,0,-9999,C26 H39 O2 N2 P1 S1,26,39,2,2,1,1,-9999,-9999,-9999
1167,473.239463,473.2393951238276,473.23905877678914,1782522.5,-9999,316386.4,17.23,-1,0.7107338927708537,0.9124176235100022,0,0.5474505741060013,0,2.388888888888889,0.2222222222222222,N4 S2 P1 O4,de-protonated,0,-9999,C18 H43 O4 N4 P1 S2,18,43,4,4,1,2,-9999,-9999,-9999
1168,473.265112,473.26504410493897,473.26486234552914,2668293,-9999,207133.8,26.64,-1,0.3840543093062067,0.48679584816979943,0.7675537279851021,0.5990990000959205,8,1.5357142857142858,0.07142857142857142,S1 P1 O2,de-protonated,0,-9999,C28 H43 O2 P1 S1,28,43,2,-9999,1,1,-9999,-9999,-9999
1168,473.265112,473.26504410493897,473.26505905001915,2668293,-9999,207133.8,26.64,-1,-0.03157866801196909,0.9998190735121876,0,0.5998914441073124,0,2.3333333333333335,0.4444444444444444,N4 S1 O8,de-protonated,0,-9999,C18 H42 O8 N4 S1,18,42,8,4,-9999,1,-9999,-9999,-9999
1170,474.148903,474.1488344540906,474.14867541642906,2250353,-9999,297298.6,22.2,-1,0.3354172853211344,0.979793111761841,0.9919497375443712,0.9846557620748532,12,1.1304347826086956,0.43478260869565216,13C1 O10,de-protonated,1,1164,C23 H26 O10 13C1,23,26,10,-9999,-9999,-9999,1,-9999,-9999
1170,474.148903,474.1488344540906,474.1491646737791,2250353,-9999,297298.6,22.2,-1,-0.6964468423111818,0.91575213586715,0.9881122743649564,0.9446961912662726,16,1.0384615384615383,0.07692307692307693,13C1 N2 S1 P1 O2,de-protonated,1,1164,C26 H27 O2 N2 P1 S1 13C1,26,27,2,2,1,1,1,-9999,-9999
1170,474.148903,474.1488344540906,474.1493010193991,2250353,-9999,297298.6,22.2,-1,-0.984005053886556,0.8388775053780706,0,0.5033265032268424,16,0.9615384615384616,0.15384615384615383,N3 S1 O4,de-protonated,0,-9999,C26 H25 O4 N3 S1,26,25,4,3,-9999,1,-9999,-9999,-9999
1170,474.148903,474.1488344540906,474.1485132250991,2250353,-9999,297298.6,22.2,-1,0.6774860249932845,0.9200910511727868,0.9563346439428602,0.934588488280816,7,1.7222222222222223,0.2222222222222222,13C1 N4 S2 P1 O4,de-protonated,1,1164,C18 H31 O4 N4 P1 S2 13C1,18,31,4,4,1,2,1,-9999,-9999
1171,474.220774,474.2207054011628,474.2203545050591,2352270.5,-9999,334274.1,23.28,-1,0.7399431516070253,0.9054293436454042,0,0.5432576061872425,14,1.1724137931034482,0.10344827586206896,N1 P1 O3,de-protonated,0,-9999,C29 H34 O3 N1 P1,29,34,3,1,1,-9999,-9999,-9999,-9999
1172,474.274245,474.2741763617853,474.2738466304691,1343652.6,-9999,305779.5,12.56,-1,0.6952340266513914,0.91603263577731,0,0.5496195814663859,4,1.9090909090909092,0.2727272727272727,N3 P1 O6,de-protonated,0,-9999,C22 H42 O6 N3 P1,22,42,6,3,1,-9999,-9999,-9999,-9999
1173,474.281081,474.281012356751,474.2812406857891,1968807.5,-9999,505207.7,19.21,-1,-0.48142118754836666,0.9588182891897796,0,0.5752909735138677,3,1.9166666666666667,0.16666666666666666,N1 S1 P1 O4,de-protonated,0,-9999,C24 H46 O4 N1 P1 S1,24,46,4,1,1,1,-9999,-9999,-9999
1175,474.286238,474.2861693529533,474.2861115909591,25204394,-9999,320272.8,266.12,-1,0.12178723523685318,0.6624771327871398,0.8868126539962037,0.7522113412707654,8,1.5185185185185186,0.2222222222222222,N1 O6,de-protonated,0,-9999,C27 H41 O6 N1,27,41,6,1,-9999,-9999,-9999,-9999,-9999
1176,474.292301,474.2922323484883,474.2924740750792,1758892.1,-9999,272426.2,16.98,-1,-0.509657234841898,0.9539620516647112,0,0.5723772309988266,3,2,0.13043478260869565,N3 S1 P1 O3,de-protonated,0,-9999,C23 H46 O3 N3 P1 S1,23,46,3,3,1,1,-9999,-9999,-9999
1177,475.161179,475.1611097086223,475.1609706458191,15095829,-9999,308026,158.7,-1,0.29266461642475716,0.9775311426121068,0.9980494623418216,0.9857384705039928,11,1.1666666666666667,0.4166666666666667,O10,de-protonated,0,-9999,C24 H28 O10,24,28,10,-9999,-9999,-9999,-9999,-9999,-9999
1177,475.161179,475.1611097086223,475.16145990316915,15095829,-9999,308026,158.7,-1,-0.7370011594072021,0.9192652575988868,0.9820125495675062,0.9443641743863344,15,1.0740740740740742,0.07407407407407407,N2 S1 P1 O2,de-protonated,0,-9999,C27 H29 O2 N2 P1 S1,27,29,2,2,1,1,-9999,-9999,-9999
1177,475.161179,475.1611097086223,475.1608084544891,15095829,-9999,308026,158.7,-1,0.6340045892785987,0.6111251280428315,0.9309001147828634,0.7390351227388443,6,1.736842105263158,0.21052631578947367,N4 S2 P1 O4,de-protonated,0,-9999,C19 H33 O4 N4 P1 S2,19,33,4,4,1,2,-9999,-9999,-9999
1178,475.204733,475.2046636765479,475.20437008796904,1949734.8,-9999,320807.4,19,-1,0.6178154018571771,0.9330857128741404,0,0.5598514277244842,14,1.137931034482759,0.13793103448275862,P1 O4,de-protonated,0,-9999,C29 H33 O4 P1,29,33,4,-9999,1,-9999,-9999,-9999,-9999
1178,475.204733,475.2046636765479,475.2045667924591,1949734.8,-9999,320807.4,19,-1,0.20387869893354865,0.9924861798001487,0,0.5954917078800893,6,1.6842105263157894,0.5263157894736842,N4 O10,de-protonated,0,-9999,C19 H32 O10 N4,19,32,10,4,-9999,-9999,-9999,-9999,-9999
1179,475.218647,475.21857766630126,475.2184855232291,1607980.5,-9999,349996.6,15.37,-1,0.193896228700852,0.99320151597451,0,0.595920909584706,5,1.6363636363636365,0.5,O11,de-protonated,0,-9999,C22 H36 O11,22,36,11,-9999,-9999,-9999,-9999,-9999,-9999
1179,475.218647,475.21857766630126,475.2189747805791,1607980.5,-9999,349996.6,15.37,-1,-0.8356448267726648,0.8809926192988299,0,0.5285955715792979,9,1.48,0.12,N2 S1 P1 O3,de-protonated,0,-9999,C25 H37 O3 N2 P1 S1,25,37,3,2,1,1,-9999,-9999,-9999
1179,475.218647,475.21857766630126,475.2183233318991,1607980.5,-9999,349996.6,15.37,-1,0.5351948560402103,0.9493545100357388,0,0.5696127060214433,0,2.411764705882353,0.29411764705882354,N4 S2 P1 O5,de-protonated,0,-9999,C17 H41 O5 N4 P1 S2,17,41,5,4,1,2,-9999,-9999,-9999
1180,475.262094,475.2620246343057,475.26188496537907,1650750.6,-9999,332107.1,15.82,-1,0.29387781978157307,0.9844514802855018,0,0.5906708881713011,8,1.5185185185185186,0.18518518518518515,P1 O5,de-protonated,0,-9999,C27 H41 O5 P1,27,41,5,-9999,1,-9999,-9999,-9999,-9999
1180,475.262094,475.2620246343057,475.2620816698691,1650750.6,-9999,332107.1,15.82,-1,-0.12000865549616244,0.997390173510822,0,0.5984341041064931,0,2.3529411764705883,0.6470588235294118,N4 O11,de-protonated,0,-9999,C17 H40 O11 N4,17,40,11,4,-9999,-9999,-9999,-9999,-9999
1181,475.289647,475.2895776140149,475.2894664260291,3990090,-9999,279496.1,40.68,-1,0.2339374079348826,0.6600793671759287,0.8868126539962037,0.7507726819040388,8,1.5769230769230769,0.2307692307692308,13C1 N1 O6,de-protonated,1,1175,C26 H41 O6 N1 13C1,26,41,6,1,-9999,-9999,1,-9999,-9999
1183,476.164589,476.1645189696831,476.1643254808891,3965367.8,-9999,285633.9,40.41,-1,0.4063487827017157,0.9704836863026172,0.9980494623418216,0.9815099967182992,11,1.2173913043478262,0.43478260869565216,13C1 O10,de-protonated,1,1177,C23 H28 O10 13C1,23,28,10,-9999,-9999,-9999,1,-9999,-9999
1183,476.164589,476.1645189696831,476.1648147382392,3965367.8,-9999,285633.9,40.41,-1,-0.621147440735993,0.9323870284498792,0.9820125495675062,0.95223723689693,15,1.1153846153846154,0.07692307692307693,13C1 N2 S1 P1 O2,de-protonated,1,1177,C26 H29 O2 N2 P1 S1 13C1,26,29,2,2,1,1,1,-9999,-9999
1183,476.164589,476.1645189696831,476.1649510838591,3965367.8,-9999,285633.9,40.41,-1,-0.9074884133766696,0.4305996252131342,0.7805128205128199,0.5705649033330085,15,1.0384615384615383,0.15384615384615383,N3 S1 O4,de-protonated,0,-9999,C26 H27 O4 N3 S1,26,27,4,3,-9999,1,-9999,-9999,-9999
1183,476.164589,476.1645189696831,476.1641632895591,3965367.8,-9999,285633.9,40.41,-1,0.7469695357990481,0.6024763605981318,0.9309001147828634,0.7338458622720244,6,1.8333333333333333,0.2222222222222222,13C1 N4 S2 P1 O4,de-protonated,1,1177,C18 H33 O4 N4 P1 S2 13C1,18,33,4,4,1,2,1,-9999,-9999
1184,476.977489,476.9774183710409,476.97742435613907,2367245.3,-9999,371682,23.43,-1,-0.01254796943401614,0.9999714310335692,0,0.5999828586201416,19,0.5,0.2272727272727273,N2 S2 P1 O5,de-protonated,0,-9999,C22 H11 O5 N2 P1 S2,22,11,5,2,1,2,-9999,-9999,-9999
1186,477.014803,477.01473234356183,477.0144613141691,1636381.1,-9999,267944.2,15.66,-1,0.5681785662429195,0.9431060769607194,0,0.5658636461764316,27,0.3548387096774194,0.06451612903225806,S1 P1 O2,de-protonated,0,-9999,C31 H11 O2 P1 S1,31,11,2,-9999,1,1,-9999,-9999,-9999
1186,477.014803,477.01473234356183,477.0146580186591,1636381.1,-9999,267944.2,15.66,-1,0.15581261813582375,0.9956045548284972,0,0.5973627328970984,19,0.47619047619047616,0.380952380952381,N4 S1 O8,de-protonated,0,-9999,C21 H10 O8 N4 S1,21,10,8,4,-9999,1,-9999,-9999,-9999
1187,477.140676,477.1406052508654,477.14023520092906,1420370.1,-9999,318800.1,13.37,-1,0.7755580205776136,0.896605229693008,0,0.5379631378158048,11,1.1304347826086956,0.4782608695652174,O11,de-protonated,0,-9999,C23 H26 O11,23,26,11,-9999,-9999,-9999,-9999,-9999,-9999
1187,477.140676,477.1406052508654,477.14072445827907,1420370.1,-9999,318800.1,13.37,-1,-0.2498370135906076,0.9887381341028524,0,0.5932428804617114,15,1.0384615384615383,0.1153846153846154,N2 S1 P1 O3,de-protonated,0,-9999,C26 H27 O3 N2 P1 S1,26,27,3,2,1,1,-9999,-9999,-9999
1188,477.172815,477.1727442271974,477.1725979582791,4630368,-9999,305762.7,47.48,-1,0.3065325187752576,0.4915476010284947,0.8295321147073604,0.626741406500041,6,1.5789473684210529,0.631578947368421,N2 O12,de-protonated,0,-9999,C19 H30 O12 N2,19,30,12,2,-9999,-9999,-9999,-9999,-9999
1188,477.172815,477.1727442271974,477.1730872156291,4630368,-9999,305762.7,47.48,-1,-0.718792490310351,0.45525620135370243,0.8077896627745539,0.596269585922043,10,1.4090909090909092,0.18181818181818185,N4 S1 P1 O4,de-protonated,0,-9999,C22 H31 O4 N4 P1 S1,22,31,4,4,1,1,-9999,-9999,-9999
1189,477.213261,477.2131901974118,477.2130062196291,1362288.8,-9999,403479.1,12.75,-1,0.3855254996935566,0.9733917061814582,0,0.584035023708875,9,1.36,0.36,O9,de-protonated,0,-9999,C25 H34 O9,25,34,9,-9999,-9999,-9999,-9999,-9999,-9999
1189,477.213261,477.2131901974118,477.2134954769791,1362288.8,-9999,403479.1,12.75,-1,-0.6397127705352684,0.9284352037224528,0,0.5570611222334717,13,1.25,0.03571428571428571,N2 S1 P1 O1,de-protonated,0,-9999,C28 H35 O1 N2 P1 S1,28,35,1,2,1,1,-9999,-9999,-9999
1189,477.213261,477.2131901974118,477.2128440282991,1362288.8,-9999,403479.1,12.75,-1,0.7253977276729794,0.90893777923598,0,0.545362667541588,4,1.95,0.15,N4 S2 P1 O3,de-protonated,0,-9999,C20 H39 O3 N4 P1 S2,20,39,3,4,1,2,-9999,-9999,-9999
1190,477.304585,477.3045141301583,477.3044046829391,1533847.4,-9999,445991.8,14.57,-1,0.22930276384259285,0.9905048385226184,0,0.5943029031135709,6,1.6428571428571428,0.14285714285714285,S1 O4,de-protonated,0,-9999,C28 H46 O4 S1,28,46,4,-9999,-9999,1,-9999,-9999,-9999
1191,479.148124,479.1480517725247,479.14851243676907,3667623.3,-9999,269658.2,37.24,-1,-0.9614226746298148,0.422795659717664,0.7939170211058494,0.5712442042729382,9,1.375,0.16666666666666666,S2 P1 O4,de-protonated,0,-9999,C24 H33 O4 P1 S2,24,33,4,-9999,1,2,-9999,-9999,-9999
1191,479.148124,479.1480517725247,479.1476430568991,3667623.3,-9999,269658.2,37.24,-1,0.8530056059609513,0.4381593538937717,0.8007932653391621,0.5832129184719278,10,1.2608695652173914,0.391304347826087,P1 O9,de-protonated,0,-9999,C23 H29 O9 P1,23,29,9,-9999,1,-9999,-9999,-9999,-9999
1192,479.156009,479.1559367667179,479.1558852653891,1973418.5,-9999,326378.2,19.23,-1,0.1074834525732331,0.9979059746451664,0,0.5987435847870998,10,1.2173913043478262,0.4782608695652174,O11,de-protonated,0,-9999,C23 H28 O11,23,28,11,-9999,-9999,-9999,-9999,-9999,-9999
1192,479.156009,479.1559367667179,479.1563745227391,1973418.5,-9999,326378.2,19.23,-1,-0.91359740664705,0.8594625725671307,0,0.5156775435402784,14,1.1153846153846154,0.1153846153846154,N2 S1 P1 O3,de-protonated,0,-9999,C26 H29 O3 N2 P1 S1,26,29,3,2,1,1,-9999,-9999,-9999
1192,479.156009,479.1559367667179,479.1557230740591,1973418.5,-9999,326378.2,19.23,-1,0.44597747364791585,0.9645540574943084,0,0.578732434496585,5,1.8333333333333333,0.2777777777777778,N4 S2 P1 O5,de-protonated,0,-9999,C18 H33 O5 N4 P1 S2,18,33,5,4,1,2,-9999,-9999,-9999
1193,479.165224,479.1651517599318,479.1652681799091,1626286.4,-9999,331655.1,15.54,-1,-0.24296414000362823,0.9893459592183887,0,0.5936075755310333,23,0.7058823529411765,0.08823529411764706,O3,de-protonated,0,-9999,C34 H24 O3,34,24,3,-9999,-9999,-9999,-9999,-9999,-9999
1193,479.165224,479.1651517599318,479.1656190528291,1626286.4,-9999,331655.1,15.54,-1,-0.9752220916710312,0.841500856146483,0,0.5049005136878898,0,2.3125,0.5,N2 S2 P1 O8,de-protonated,0,-9999,C16 H37 O8 N2 P1 S2,16,37,8,2,1,2,-9999,-9999,-9999
1193,479.165224,479.1651517599318,479.1647496729591,1626286.4,-9999,331655.1,15.54,-1,0.839141387147649,0.8800570072732274,0,0.5280342043639364,1,2.2,0.8666666666666667,N2 P1 O13,de-protonated,0,-9999,C15 H33 O13 N2 P1,15,33,13,2,1,-9999,-9999,-9999,-9999
1194,479.192413,479.192340739909,479.1922707747391,1961146,-9999,278583.4,19.1,-1,0.1460064658696139,0.996139368686725,0,0.597683621212035,9,1.3333333333333333,0.4166666666666667,O10,de-protonated,0,-9999,C24 H32 O10,24,32,10,-9999,-9999,-9999,-9999,-9999,-9999
1194,479.192413,479.192340739909,479.1927600320891,1961146,-9999,278583.4,19.1,-1,-0.8749969011542503,0.8702970694613972,0,0.5221782416768382,13,1.2222222222222223,0.07407407407407407,N2 S1 P1 O2,de-protonated,0,-9999,C27 H33 O2 N2 P1 S1,27,33,2,2,1,1,-9999,-9999,-9999
1194,479.192413,479.192340739909,479.19210858340904,1961146,-9999,278583.4,19.1,-1,0.48447479793104703,0.958305288539946,0,0.5749831731239675,4,1.9473684210526316,0.21052631578947367,N4 S2 P1 O4,de-protonated,0,-9999,C19 H37 O4 N4 P1 S2,19,37,4,4,1,2,-9999,-9999,-9999
1195,479.205572,479.2054997302184,479.2050249925791,1628863.6,-9999,322480.8,15.57,-1,0.9906775065969698,0.8368743431243076,0,0.5021246058745845,17,1,0.0625,S1 O2,de-protonated,0,-9999,C32 H32 O2 S1,32,32,2,-9999,-9999,1,-9999,-9999,-9999
1195,479.205572,479.2054997302184,479.20515793430906,1628863.6,-9999,322480.8,15.57,-1,0.7132559066172675,0.9118232487703763,0,0.5470939492622259,4,1.761904761904762,0.47619047619047616,P1 O10,de-protonated,0,-9999,C21 H37 O10 P1,21,37,10,-9999,1,-9999,-9999,-9999,-9999
1196,479.215092,479.2150197232076,479.2145408488291,2497219.8,-9999,286478.3,24.8,-1,0.9992901669501816,0.41713792280051987,0.7428850341668536,0.5474367673470533,17,1.03125,0.0625,P1 O2,de-protonated,0,-9999,C32 H33 O2 P1,32,33,2,-9999,1,-9999,-9999,-9999,-9999
1196,479.215092,479.2150197232076,479.21473755331914,2497219.8,-9999,286478.3,24.8,-1,0.5888172177366054,0.9390286428351332,0,0.56341718570108,9,1.4545454545454546,0.3636363636363637,N4 O8,de-protonated,0,-9999,C22 H32 O8 N4,22,32,8,4,-9999,-9999,-9999,-9999,-9999
1197,479.22874,479.2286677131568,479.22865628408914,1360329.6,-9999,400528.1,12.72,-1,0.02384888201800467,0.9998968029058388,0,0.5999380817435033,8,1.44,0.36,O9,de-protonated,0,-9999,C25 H36 O9,25,36,9,-9999,-9999,-9999,-9999,-9999,-9999
1197,479.22874,479.2286677131568,479.2291455414391,1360329.6,-9999,400528.1,12.72,-1,-0.9970768404150776,0.8349449956013443,0,0.5009669973608065,12,1.3214285714285714,0.03571428571428571,N2 S1 P1 O1,de-protonated,0,-9999,C28 H37 O1 N2 P1 S1,28,37,1,2,1,1,-9999,-9999,-9999
1197,479.22874,479.2286677131568,479.2284940927591,1360329.6,-9999,400528.1,12.72,-1,0.36229147434868847,0.9764652967356476,0,0.5858791780413886,3,2.05,0.15,N4 S2 P1 O3,de-protonated,0,-9999,C20 H41 O3 N4 P1 S2,20,41,3,4,1,2,-9999,-9999,-9999
1198,479.242238,479.2421657032166,479.24241282352904,2212559.3,-9999,304917.8,21.77,-1,-0.5156478347822764,0.952899460101826,0,0.5717396760610957,2,1.9565217391304348,0.17391304347826086,S2 P1 O4,de-protonated,0,-9999,C23 H45 O4 P1 S2,23,45,4,-9999,1,2,-9999,-9999,-9999
1199,480.972984,480.97291042864686,480.9731871288791,5879224.5,-9999,273289.3,60.73,-1,-0.5752924271851735,0.470857542809104,0.8295321147073604,0.6143273715684066,19,0.3157894736842105,0.5263157894736842,N4 S1 O10,de-protonated,0,-9999,C19 H6 O10 N4 S1,19,6,10,4,-9999,1,-9999,-9999,-9999
1200,481.098936,481.09886233589225,481.09876431114907,1437167,-9999,367332.3,13.53,-1,0.20375180826242145,0.992495494668213,0,0.5954972968009278,11,1.0476190476190477,0.6190476190476191,O13,de-protonated,0,-9999,C21 H22 O13,21,22,13,-9999,-9999,-9999,-9999,-9999,-9999
1200,481.098936,481.09886233589225,481.0992535684991,1437167,-9999,367332.3,13.53,-1,-0.813205599319368,0.8869269790887792,0,0.5321561874532674,15,0.9583333333333334,0.20833333333333337,N2 S1 P1 O5,de-protonated,0,-9999,C24 H23 O5 N2 P1 S1,24,23,5,2,1,1,-9999,-9999,-9999
1200,481.098936,481.09886233589225,481.09860211981913,1437167,-9999,367332.3,13.53,-1,0.5408788800657611,0.9483014837526418,0,0.568980890251585,6,1.6875,0.4375,N4 S2 P1 O7,de-protonated,0,-9999,C16 H27 O7 N4 P1 S2,16,27,7,4,1,2,-9999,-9999,-9999
1201,481.135388,481.135314309048,481.13514982049907,1813502.8,-9999,363559.5,17.52,-1,0.34187597599980446,0.979015725064454,0,0.5874094350386724,10,1.181818181818182,0.5454545454545454,O12,de-protonated,0,-9999,C22 H26 O12,22,26,12,-9999,-9999,-9999,-9999,-9999,-9999
1201,481.135388,481.135314309048,481.1356390778491,1813502.8,-9999,363559.5,17.52,-1,-0.675004665422927,0.9206515063155613,0,0.5523909037893368,14,1.08,0.16,N2 S1 P1 O4,de-protonated,0,-9999,C25 H27 O4 N2 P1 S1,25,27,4,2,1,1,-9999,-9999,-9999
1201,481.135388,481.135314309048,481.1349876291691,1813502.8,-9999,363559.5,17.52,-1,0.6789775994754355,0.9197533302125432,0,0.5518519981275258,5,1.8235294117647056,0.35294117647058826,N4 S2 P1 O6,de-protonated,0,-9999,C17 H31 O6 N4 P1 S2,17,31,6,4,1,2,-9999,-9999,-9999
1202,481.145248,481.1451743017868,481.1455350566191,2653699,-9999,216331.1,26.45,-1,-0.7497831861698467,0.9030242385269834,0,0.54181454311619,9,1.3478260869565215,0.30434782608695654,S1 P1 O7,de-protonated,0,-9999,C23 H31 O7 P1 S1,23,31,7,-9999,1,1,-9999,-9999,-9999
1202,481.145248,481.1451743017868,481.1448836079391,2653699,-9999,216331.1,26.45,-1,0.6041711293632097,0.9359128656365432,0,0.5615477193819259,0,2.3333333333333335,0.6,N2 S2 P1 O9,de-protonated,0,-9999,C15 H35 O9 N2 P1 S2,15,35,9,2,1,2,-9999,-9999,-9999
1203,481.151182,481.1511082974169,481.151275341659,2461189.5,-9999,253711.3,24.41,-1,-0.3471761391467739,0.978367178869376,0,0.5870203073216256,13,1.1111111111111112,0.14814814814814814,S2 O4,de-protonated,0,-9999,C27 H30 O4 S2,27,30,4,-9999,-9999,2,-9999,-9999,-9999
1203,481.151182,481.1511082974169,481.1514082833891,2461189.5,-9999,253711.3,24.41,-1,-0.6234752035533649,0.9318970101166884,0,0.559138206070013,0,2.1875,0.75,S1 P1 O12,de-protonated,0,-9999,C16 H35 O12 P1 S1,16,35,12,-9999,1,1,-9999,-9999,-9999
1203,481.151182,481.1511082974169,481.1508952191391,2461189.5,-9999,253711.3,24.41,-1,0.4428512550066636,0.4825202476493991,0.7612342259156646,0.5940058389559053,18,0.9310344827586208,0.03448275862068965,N2 S1 P1 O1,de-protonated,0,-9999,C29 H27 O1 N2 P1 S1,29,27,1,2,1,1,-9999,-9999,-9999
1204,481.161958,481.1618842894812,481.16163935107903,8997386,-9999,277529.5,90.3,-1,0.5090563796353169,0.4770340044946506,0.7871578612348809,0.6010835471907428,14,1.04,0.32,N2 O8,de-protonated,0,-9999,C25 H26 O8 N2,25,26,8,2,-9999,-9999,-9999,-9999,-9999
1205,481.163699,481.163625288199,481.1631601796291,45376012,-9999,371182.1,462.19,-1,0.9666337916496074,0.6690748279196229,0.9245764534784092,0.7712754781431375,22,0.7647058823529411,0.02941176470588235,S1 O1,de-protonated,0,-9999,C34 H26 O1 S1,34,26,1,-9999,-9999,1,-9999,-9999,-9999
1205,481.163699,481.163625288199,481.1632931213591,45376012,-9999,371182.1,462.19,-1,0.6903411890125123,0.944165469612108,0.9623506949621794,0.9514395597521366,9,1.3478260869565215,0.391304347826087,P1 O9,de-protonated,0,-9999,C23 H31 O9 P1,23,31,9,-9999,1,-9999,-9999,-9999,-9999
1206,481.164516,481.16444228759735,481.1641625012291,43786764,-9999,411346.6,445.95,-1,0.5814779862213535,0.18809864729460996,0.7119592070468842,0.39764287119551966,8,1.4583333333333333,0.16666666666666666,S2 P1 O4,de-protonated,0,-9999,C24 H35 O4 P1 S2,24,35,4,-9999,1,2,-9999,-9999,-9999
1206,481.164516,481.16444228759735,481.1646305318791,43786764,-9999,411346.6,445.95,-1,-0.3912263491237734,0.324203306136073,0.7740753177657881,0.5041521107879591,14,1.125,0.20833333333333337,N4 P1 O5,de-protonated,0,-9999,C24 H27 O5 N4 P1,24,27,5,4,1,-9999,-9999,-9999,-9999
1206,481.164516,481.16444228759735,481.1643592057191,43786764,-9999,411346.6,445.95,-1,0.1726683962665715,0.2486512068286828,0.7927364816375635,0.4662853167522351,0,2.4285714285714284,0.7142857142857143,N4 S2 O10,de-protonated,0,-9999,C14 H34 O10 N4 S2,14,34,10,4,-9999,2,-9999,-9999,-9999
1207,481.208113,481.2080392554913,481.20792083919906,1865758.3,-9999,369331.2,17.39,-1,0.2460813447256247,0.9890723337438652,0,0.5934434002463191,8,1.4166666666666667,0.4166666666666667,O10,de-protonated,0,-9999,C24 H34 O10,24,34,10,-9999,-9999,-9999,-9999,-9999,-9999
1207,481.208113,481.2080392554913,481.20841009654913,1865758.3,-9999,369331.2,17.39,-1,-0.770645421058188,0.8978418387220422,0,0.5387051032332253,12,1.2962962962962965,0.07407407407407407,N2 S1 P1 O2,de-protonated,0,-9999,C27 H35 O2 N2 P1 S1,27,35,2,2,1,1,-9999,-9999,-9999
1207,481.208113,481.2080392554913,481.207758647869,1865758.3,-9999,369331.2,17.39,-1,0.5831319574576357,0.940164580100128,0,0.5640987480600768,3,2.0526315789473686,0.21052631578947367,N4 S2 P1 O4,de-protonated,0,-9999,C19 H39 O4 N4 P1 S2,19,39,4,4,1,2,-9999,-9999,-9999
1208,481.244798,481.24472422847543,481.2451757284191,1474350.3,-9999,374302,13.39,-1,-0.9381911059819272,0.8523895855498183,0,0.5114337513298909,6,1.6153846153846154,0.15384615384615383,S2 O4,de-protonated,0,-9999,C26 H42 O4 S2,26,42,4,-9999,-9999,2,-9999,-9999,-9999
1208,481.244798,481.24472422847543,481.24430634854906,1474350.3,-9999,374302,13.39,-1,0.8683321981402146,0.8721337744387151,0,0.5232802646632291,7,1.52,0.36,O9,de-protonated,0,-9999,C25 H38 O9,25,38,9,-9999,-9999,-9999,-9999,-9999,-9999
1208,481.244798,481.24472422847543,481.2447956058991,1474350.3,-9999,374302,13.39,-1,-0.1483183285221069,0.996016388258414,0,0.5976098329550484,11,1.3928571428571428,0.03571428571428571,N2 S1 P1 O1,de-protonated,0,-9999,C28 H39 O1 N2 P1 S1,28,39,1,2,1,1,-9999,-9999,-9999
1209,481.280944,481.2808702018565,481.28069185789906,1365565.9,-9999,318755.6,12.28,-1,0.3705612139585227,0.9753920974042044,0,0.5852352584425226,6,1.6153846153846154,0.3076923076923077,O8,de-protonated,0,-9999,C26 H42 O8,26,42,8,-9999,-9999,-9999,-9999,-9999,-9999
1209,481.280944,481.2808702018565,481.2805296665691,1365565.9,-9999,318755.6,12.28,-1,0.7075609054871622,0.91316297248942,0,0.547897783493652,1,2.238095238095238,0.09523809523809525,N4 S2 P1 O2,de-protonated,0,-9999,C21 H47 O2 N4 P1 S2,21,47,2,4,1,2,-9999,-9999,-9999
1210,482.167066,482.16699154929154,482.1665150146991,13431743,-9999,293172.5,135.63,-1,0.9883195485621584,0.6674578493677505,0.9245764534784092,0.770305291012014,22,0.7878787878787878,0.0303030303030303,13C1 S1 O1,de-protonated,1,1205,C33 H26 O1 S1 13C1,33,26,1,-9999,-9999,1,1,-9999,-9999
1210,482.167066,482.16699154929154,482.1666479564291,13431743,-9999,293172.5,135.63,-1,0.7126018855104252,0.9428698190772768,0.9623506949621794,0.9506621694312378,9,1.4090909090909092,0.4090909090909091,13C1 P1 O9,de-protonated,1,1205,C22 H31 O9 P1 13C1,22,31,9,-9999,1,-9999,1,-9999,-9999
1210,482.167066,482.16699154929154,482.1667843020491,13431743,-9999,293172.5,135.63,-1,0.4298248016582423,0.4835165624978815,0.8077896627745539,0.6132258026085504,9,1.318181818181818,0.5,N1 O11,de-protonated,0,-9999,C22 H29 O11 N1,22,29,11,1,-9999,-9999,-9999,-9999,-9999
1210,482.167066,482.16699154929154,482.1672735593991,13431743,-9999,293172.5,135.63,-1,-0.5848802335771194,0.4699081475944067,0.7871578612348809,0.5968080330505964,13,1.2,0.12,N3 S1 P1 O3,de-protonated,0,-9999,C25 H30 O3 N3 P1 S1,25,30,3,3,1,1,-9999,-9999,-9999
1211,483.150678,483.1506028249322,483.1507998849591,1441901.6,-9999,341220,13.05,-1,-0.4078644326757306,0.9702664009212624,0,0.5821598405527574,9,1.2727272727272727,0.5454545454545454,O12,de-protonated,0,-9999,C22 H28 O12,22,28,12,-9999,-9999,-9999,-9999,-9999,-9999
1211,483.150678,483.1506028249322,483.1502868207091,1441901.6,-9999,341220,13.05,-1,0.6540495405733052,0.9253157351020794,0,0.5551894410612477,27,0.5714285714285714,0.02857142857142857,N2 O1,de-protonated,0,-9999,C35 H20 O1 N2,35,20,1,2,-9999,-9999,-9999,-9999,-9999
1211,483.150678,483.1506028249322,483.1506376936291,1441901.6,-9999,341220,13.05,-1,-0.07216941090454193,0.9990553847611124,0,0.5994332308566673,4,1.9411764705882353,0.35294117647058826,N4 S2 P1 O6,de-protonated,0,-9999,C17 H33 O6 N4 P1 S2,17,33,6,4,1,2,-9999,-9999,-9999
1212,483.160807,483.1607318174729,483.1611851210791,15103346,-9999,282494.8,152.71,-1,-0.9382036888859432,0.8784377442086733,0.9592063646893932,0.9107451924009612,8,1.434782608695652,0.30434782608695654,S1 P1 O7,de-protonated,0,-9999,C23 H33 O7 P1 S1,23,33,7,-9999,1,1,-9999,-9999,-9999
1213,483.167355,483.1672798126508,483.16692540611905,1523573,-9999,374384,13.89,-1,0.7335074342219647,0.906988589565602,0,0.5441931537393612,12,1.1851851851851851,0.14814814814814814,S2 O4,de-protonated,0,-9999,C27 H32 O4 S2,27,32,4,-9999,-9999,2,-9999,-9999,-9999
1213,483.167355,483.1672798126508,483.1675381146491,1523573,-9999,374384,13.89,-1,-0.5346013089430688,0.9522414057117844,0.9623506949621794,0.9562851214119426,9,1.3478260869565215,0.34782608695652173,P1 O8 18O1,de-protonated,1,1205,C23 H31 O8 P1 18O1,23,31,8,-9999,1,-9999,-9999,1,-9999
1213,483.167355,483.1672798126508,483.1673934367691,1523573,-9999,374384,13.89,-1,-0.23516512047026297,0.990015588252227,0,0.5940093529513362,18,0.8888888888888888,0.18518518518518515,N4 O5,de-protonated,0,-9999,C27 H24 O5 N4,27,24,5,4,-9999,-9999,-9999,-9999,-9999
1214,483.170028,483.16995281068233,483.1698698497691,1535350.1,-9999,391445.4,14.01,-1,0.1717013382027521,0.7067282734942402,0.9245764534784092,0.7938675454879077,22,0.8125,0.03125,13C2 S1 O1,de-protonated,1,1205,C32 H26 O1 S1 13C2,32,26,1,-9999,-9999,1,2,-9999,-9999
1214,483.170028,483.16995281068233,483.1700027914991,1535350.1,-9999,391445.4,14.01,-1,-0.10344354257488332,0.9643905015826572,0.9623506949621794,0.963574578934466,9,1.4761904761904765,0.42857142857142855,13C2 P1 O9,de-protonated,1,1205,C21 H31 O9 P1 13C2,21,31,9,-9999,1,-9999,2,-9999,-9999
1214,483.170028,483.16995281068233,483.1699165869191,1535350.1,-9999,391445.4,14.01,-1,0.07497106501896632,0.998980658401696,0,0.5993883950410176,12,1.2692307692307692,0.03846153846153846,N2 S2 P1 O1,de-protonated,0,-9999,C26 H33 O1 N2 P1 S2,26,33,1,2,1,2,-9999,-9999,-9999
1215,483.187376,483.18730079790674,483.1871853943091,1695101.8,-9999,388120.4,15.64,-1,0.2388382828339492,0.9897028731556764,0,0.5938217238934057,8,1.391304347826087,0.4782608695652174,O11,de-protonated,0,-9999,C23 H32 O11,23,32,11,-9999,-9999,-9999,-9999,-9999,-9999
1215,483.187376,483.18730079790674,483.18767465165905,1695101.8,-9999,388120.4,15.64,-1,-0.7737236935466438,0.8970676897572967,0,0.5382406138543779,12,1.2692307692307692,0.1153846153846154,N2 S1 P1 O3,de-protonated,0,-9999,C26 H33 O3 N2 P1 S1,26,33,3,2,1,1,-9999,-9999,-9999
1215,483.187376,483.18730079790674,483.18702320297905,1695101.8,-9999,388120.4,15.64,-1,0.5745082429057236,0.941869166789666,0,0.5651215000737996,3,2.0555555555555554,0.2777777777777778,N4 S2 P1 O5,de-protonated,0,-9999,C18 H37 O5 N4 P1 S2,18,37,5,4,1,2,-9999,-9999,-9999
1216,483.196777,483.1967017909837,483.19656830882906,1662849.9,-9999,314233.6,15.31,-1,0.27624814275538234,0.9862485271582524,0,0.5917491162949514,21,0.8235294117647058,0.08823529411764706,O3,de-protonated,0,-9999,C34 H28 O3,34,28,3,-9999,-9999,-9999,-9999,-9999,-9999
1217,483.223865,483.2237897710352,483.2235709036591,2030477.8,-9999,288565.6,19.07,-1,0.4529319124987254,0.9634605742830412,0,0.5780763445698247,7,1.5,0.4166666666666667,O10,de-protonated,0,-9999,C24 H36 O10,24,36,10,-9999,-9999,-9999,-9999,-9999,-9999
1217,483.223865,483.2237897710352,483.2240601610091,2030477.8,-9999,288565.6,19.07,-1,-0.5595540374946022,0.9447719394908364,0,0.5668631636945018,11,1.3703703703703705,0.07407407407407407,N2 S1 P1 O2,de-protonated,0,-9999,C27 H37 O2 N2 P1 S1,27,37,2,2,1,1,-9999,-9999,-9999
1217,483.223865,483.2237897710352,483.2234087123291,2030477.8,-9999,288565.6,19.07,-1,0.7885766692070781,0.8932985427875447,0,0.5359791256725268,2,2.1578947368421053,0.21052631578947367,N4 S2 P1 O4,de-protonated,0,-9999,C19 H41 O4 N4 P1 S2,19,41,4,4,1,2,-9999,-9999,-9999
1218,483.2602,483.2601247442771,483.2599564130091,1773981.8,-9999,341344,16.45,-1,0.3483244697544963,0.9782254074489266,0,0.586935244469356,6,1.6,0.36,O9,de-protonated,0,-9999,C25 H40 O9,25,40,9,-9999,-9999,-9999,-9999,-9999,-9999
1218,483.2602,483.2601247442771,483.2604456703591,1773981.8,-9999,341344,16.45,-1,-0.6640851425263391,0.923097406461198,0,0.5538584438767187,10,1.4642857142857142,0.03571428571428571,N2 S1 P1 O1,de-protonated,0,-9999,C28 H41 O1 N2 P1 S1,28,41,1,2,1,1,-9999,-9999,-9999
1218,483.2602,483.2601247442771,483.2597942216791,1773981.8,-9999,341344,16.45,-1,0.6839439200500251,0.9186244077128476,0,0.5511746446277086,1,2.25,0.15,N4 S2 P1 O3,de-protonated,0,-9999,C20 H45 O3 N4 P1 S2,20,45,3,4,1,2,-9999,-9999,-9999
1219,484.164075,484.1639990786384,484.1642961792491,3574571.8,-9999,346505.2,34.85,-1,-0.6136359353257534,0.4669787558502943,0.7939170211058493,0.5977540619525163,13,1.1666666666666667,0.25,N3 P1 O6,de-protonated,0,-9999,C24 H28 O6 N3 P1,24,28,6,3,1,-9999,-9999,-9999,-9999
1220,484.164976,484.1649000779749,484.1645399561491,2842924.3,-9999,286219.4,27.37,-1,0.7438004977095584,0.9044895545763122,0.9592063646893932,0.9263762786215446,8,1.5,0.3181818181818182,13C1 S1 P1 O7,de-protonated,1,1212,C22 H33 O7 P1 S1 13C1,22,33,7,-9999,1,1,1,-9999,-9999
1220,484.164976,484.1649000779749,484.16467630176913,2842924.3,-9999,286219.4,27.37,-1,0.4621902768017224,0.961980555104284,0,0.5771883330625704,8,1.4090909090909092,0.4090909090909091,N1 S1 O9,de-protonated,0,-9999,C22 H31 O9 N1 S1,22,31,9,1,-9999,1,-9999,-9999,-9999
1220,484.164976,484.1649000779749,484.1651655591191,2842924.3,-9999,286219.4,27.37,-1,-0.5483276432961263,0.47345324055457905,0.7871578612348809,0.5989350888266998,12,1.28,0.04,N3 S2 P1 O1,de-protonated,0,-9999,C25 H32 O1 N3 P1 S2,25,32,1,3,1,2,-9999,-9999,-9999
1221,484.241538,484.2414620215925,484.2410899499491,1443917.9,-9999,346439.8,13.07,-1,0.7683603292539006,0.8984149462784546,0,0.5390489677670728,15,1.1612903225806452,0.06451612903225806,N1 P1 O2,de-protonated,0,-9999,C31 H36 O2 N1 P1,31,36,2,1,1,-9999,-9999,-9999,-9999
1222,485.130346,485.1302693670494,485.130064440069,1535191.6,-9999,367347.1,14,-1,0.422416575224536,0.9681415870463344,0,0.5808849522278007,9,1.238095238095238,0.6190476190476191,O13,de-protonated,0,-9999,C21 H26 O13,21,26,13,-9999,-9999,-9999,-9999,-9999,-9999
1222,485.130346,485.1302693670494,485.1305536974191,1535191.6,-9999,367347.1,14,-1,-0.5860904194594095,0.9395746717513794,0,0.5637448030508276,13,1.125,0.20833333333333337,N2 S1 P1 O5,de-protonated,0,-9999,C24 H27 O5 N2 P1 S1,24,27,5,2,1,1,-9999,-9999,-9999
1222,485.130346,485.1302693670494,485.1299022487391,1535191.6,-9999,367347.1,14,-1,0.7567422840605668,0.901308031633034,0,0.5407848189798203,4,1.9375,0.4375,N4 S2 P1 O7,de-protonated,0,-9999,C16 H31 O7 N4 P1 S2,16,31,7,4,1,2,-9999,-9999,-9999
1223,485.19438,485.19430331989304,485.1944603085491,1925876.1,-9999,371394.2,17.99,-1,-0.3235582202335915,0.9811834353276274,0,0.5887100611965764,20,0.8823529411764706,0.02941176470588235,S1 O1,de-protonated,0,-9999,C34 H30 O1 S1,34,30,1,-9999,-9999,1,-9999,-9999,-9999
1223,485.19438,485.19430331989304,485.194593250279,1925876.1,-9999,371394.2,17.99,-1,-0.5975548575047711,0.9372640709790228,0,0.5623584425874136,7,1.5217391304347827,0.391304347826087,P1 O9,de-protonated,0,-9999,C23 H35 O9 P1,23,35,9,-9999,1,-9999,-9999,-9999,-9999
1224,485.195445,485.1953683191087,485.19546263014905,1744628.5,-9999,402526.5,16.14,-1,-0.1943774161563692,0.9931678465223422,0,0.5959007079134053,6,1.625,0.16666666666666666,S2 P1 O4,de-protonated,0,-9999,C24 H39 O4 P1 S2,24,39,4,-9999,1,2,-9999,-9999,-9999
1225,485.203116,485.2030393134596,485.2028354587691,2071288,-9999,378567.6,19.48,-1,0.42014323833635486,0.9684781239668594,0,0.5810868743801156,7,1.4782608695652173,0.4782608695652174,O11,de-protonated,0,-9999,C23 H34 O11,23,34,11,-9999,-9999,-9999,-9999,-9999,-9999
1225,485.203116,485.2030393134596,485.2033247161191,2071288,-9999,378567.6,19.48,-1,-0.5882124975933305,0.939149926573592,0,0.5634899559441552,11,1.3461538461538465,0.1153846153846154,N2 S1 P1 O3,de-protonated,0,-9999,C26 H35 O3 N2 P1 S1,26,35,3,2,1,1,-9999,-9999,-9999
1225,485.203116,485.2030393134596,485.2026732674391,2071288,-9999,378567.6,19.48,-1,0.7544188041380988,0.9018824325256136,0,0.5411294595153682,2,2.1666666666666665,0.2777777777777778,N4 S2 P1 O5,de-protonated,0,-9999,C18 H39 O5 N4 P1 S2,18,39,5,4,1,2,-9999,-9999,-9999
1226,485.239522,485.2394452866492,485.239220968119,1984776.1,-9999,292703.9,18.59,-1,0.4622844164736948,0.96196536417295,0,0.57717921850377,6,1.5833333333333333,0.4166666666666667,O10,de-protonated,0,-9999,C24 H38 O10,24,38,10,-9999,-9999,-9999,-9999,-9999,-9999
1226,485.239522,485.2394452866492,485.23971022546914,1984776.1,-9999,292703.9,18.59,-1,-0.5459957509038698,0.9473450276157108,0,0.5684070165694265,10,1.4444444444444444,0.07407407407407407,N2 S1 P1 O2,de-protonated,0,-9999,C27 H39 O2 N2 P1 S1,27,39,2,2,1,1,-9999,-9999,-9999
1226,485.239522,485.2394452866492,485.23905877678914,1984776.1,-9999,292703.9,18.59,-1,0.7965349306881544,0.891256186234719,0,0.5347537117408314,1,2.263157894736842,0.21052631578947367,N4 S2 P1 O4,de-protonated,0,-9999,C19 H43 O4 N4 P1 S2,19,43,4,4,1,2,-9999,-9999,-9999
1227,485.275876,485.27579925987703,485.2756064774691,1636120.4,-9999,307966.9,15.03,-1,0.3972637514317222,0.9717701658583024,0,0.5830620995149814,5,1.68,0.36,O9,de-protonated,0,-9999,C25 H42 O9,25,42,9,-9999,-9999,-9999,-9999,-9999,-9999
1227,485.275876,485.27579925987703,485.27609573481914,1636120.4,-9999,307966.9,15.03,-1,-0.610940750450546,0.9345169929596152,0,0.5607101957757692,9,1.5357142857142858,0.03571428571428571,N2 S1 P1 O1,de-protonated,0,-9999,C28 H43 O1 N2 P1 S1,28,43,1,2,1,1,-9999,-9999,-9999
1227,485.275876,485.27579925987703,485.27544428613913,1636120.4,-9999,307966.9,15.03,-1,0.7314891822336618,0.9074753151396396,0,0.5444851890837837,0,2.35,0.15,N4 S2 P1 O3,de-protonated,0,-9999,C20 H47 O3 N4 P1 S2,20,47,3,4,1,2,-9999,-9999,-9999
1228,486.257238,486.2571605371747,486.2567400144091,4989646,-9999,266818.4,49.31,-1,0.8648163222740797,0.436549297290529,0.748902346707035,0.5614905170571314,14,1.2258064516129032,0.06451612903225806,N1 P1 O2,de-protonated,0,-9999,C31 H38 O2 N1 P1,31,38,2,1,1,-9999,-9999,-9999,-9999
1229,487.124769,487.1246908983007,487.1245851364691,1408082.5,-9999,378630.4,12.69,-1,0.2171145428345569,0.9914832153848124,0,0.5948899292308875,13,1,0.4583333333333333,O11,de-protonated,0,-9999,C24 H24 O11,24,24,11,-9999,-9999,-9999,-9999,-9999,-9999
1229,487.124769,487.1246908983007,487.12507439381915,1408082.5,-9999,378630.4,12.69,-1,-0.7872629405090149,0.8936341642496968,0,0.5361804985498181,17,0.925925925925926,0.1111111111111111,N2 S1 P1 O3,de-protonated,0,-9999,C27 H25 O3 N2 P1 S1,27,25,3,2,1,1,-9999,-9999,-9999
1229,487.124769,487.1246908983007,487.12442294513914,1408082.5,-9999,378630.4,12.69,-1,0.5500712937362061,0.946577474224938,0,0.5679464845349627,8,1.5263157894736843,0.2631578947368421,N4 S2 P1 O5,de-protonated,0,-9999,C19 H29 O5 N4 P1 S2,19,29,5,4,1,2,-9999,-9999,-9999
1230,487.218716,487.21863782911544,487.2184855232291,1358972.8,-9999,429160,12.19,-1,0.3126028483253103,0.9824250100992644,0,0.5894550060595586,6,1.565217391304348,0.4782608695652174,O11,de-protonated,0,-9999,C23 H36 O11,23,36,11,-9999,-9999,-9999,-9999,-9999,-9999
1230,487.218716,487.21863782911544,487.2189747805791,1358972.8,-9999,429160,12.19,-1,-0.6915811598510238,0.9168750327845312,0,0.5501250196707186,10,1.4230769230769231,0.1153846153846154,N2 S1 P1 O3,de-protonated,0,-9999,C26 H37 O3 N2 P1 S1,26,37,3,2,1,1,-9999,-9999,-9999
1230,487.218716,487.21863782911544,487.2183233318991,1358972.8,-9999,429160,12.19,-1,0.6454954611969043,0.9271840343849252,0,0.556310420630955,1,2.2777777777777777,0.2777777777777778,N4 S2 P1 O5,de-protonated,0,-9999,C18 H41 O5 N4 P1 S2,18,41,5,4,1,2,-9999,-9999,-9999
1231,487.241296,487.2412178124869,487.24075559731904,4212871,-9999,273063.1,41.36,-1,0.9486381477248876,0.42467315435809655,0.7489023467070351,0.554364831297672,14,1.1935483870967742,0.0967741935483871,P1 O3,de-protonated,0,-9999,C31 H37 O3 P1,31,37,3,-9999,1,-9999,-9999,-9999,-9999
1231,487.241296,487.2412178124869,487.2409523018091,4212871,-9999,273063.1,41.36,-1,0.544926850892759,0.4737727464040852,0.8149093904448101,0.6102274040203752,6,1.7142857142857142,0.42857142857142855,N4 O9,de-protonated,0,-9999,C21 H36 O9 N4,21,36,9,4,-9999,-9999,-9999,-9999,-9999
1232,487.255016,487.2549378023831,487.25487103257905,1706637.1,-9999,356462.8,15.74,-1,0.1370326046521162,0.996598566436804,0,0.5979591398620824,5,1.6666666666666667,0.4166666666666667,O10,de-protonated,0,-9999,C24 H40 O10,24,40,10,-9999,-9999,-9999,-9999,-9999,-9999
1232,487.255016,487.2549378023831,487.2553602899291,1706637.1,-9999,356462.8,15.74,-1,-0.8670762404951533,0.8724787588838856,0,0.5234872553303314,9,1.5185185185185186,0.07407407407407407,N2 S1 P1 O2,de-protonated,0,-9999,C27 H41 O2 N2 P1 S1,27,41,2,2,1,1,-9999,-9999,-9999
1232,487.255016,487.2549378023831,487.25470884124906,1706637.1,-9999,356462.8,15.74,-1,0.4699003004874472,0.9607269786423384,0,0.576436187185403,0,2.3684210526315788,0.21052631578947367,N4 S2 P1 O4,de-protonated,0,-9999,C19 H45 O4 N4 P1 S2,19,45,4,4,1,2,-9999,-9999,-9999
1233,487.291538,487.29145977548734,487.29125654192904,1459357.5,-9999,340509.8,13.21,-1,0.4170679353813451,0.968930675472468,0,0.5813584052834808,4,1.76,0.36,O9,de-protonated,0,-9999,C25 H44 O9,25,44,9,-9999,-9999,-9999,-9999,-9999,-9999
1233,487.291538,487.29145977548734,487.2917457992791,1459357.5,-9999,340509.8,13.21,-1,-0.5869662152882454,0.9393995393496932,0,0.563639723609816,8,1.6071428571428572,0.03571428571428571,N2 S1 P1 O1,de-protonated,0,-9999,C28 H45 O1 N2 P1 S1,28,45,1,2,1,1,-9999,-9999,-9999
1234,487.305807,487.3057287649792,487.3054811120191,1413795.9,-9999,407053.8,12.75,-1,0.5082088540469626,0.9542172726724316,0,0.5725303636034589,4,1.9565217391304348,0.21739130434782608,N4 P1 O5,de-protonated,0,-9999,C23 H45 O5 N4 P1,23,45,5,4,1,-9999,-9999,-9999,-9999
1235,487.379607,487.3795287106309,487.37928370191906,2764485,-9999,280319.3,26.55,-1,0.5027064546348065,0.47759042566548093,0.7489023467070351,0.5861151940821026,6,1.6774193548387095,0.12903225806451613,O4,de-protonated,0,-9999,C31 H52 O4,31,52,4,-9999,-9999,-9999,-9999,-9999,-9999
1236,488.199959,488.1998801065007,488.1996190601691,1542711,-9999,428938.6,14.06,-1,0.534712280436603,0.949443453499113,0,0.5696660720994677,15,1.103448275862069,0.13793103448275862,N1 P1 O4,de-protonated,0,-9999,C29 H32 O4 N1 P1,29,32,4,1,1,-9999,-9999,-9999,-9999
1238,488.23643,488.2363510796425,488.23600456951914,2377799.5,-9999,314613.4,22.6,-1,0.7097184969828165,0.4563282205641952,0.7550179348240813,0.5758041062681496,14,1.2,0.1,N1 P1 O3,de-protonated,0,-9999,C30 H36 O3 N1 P1,30,36,3,1,1,-9999,-9999,-9999,-9999
1241,489.140534,489.140454413835,489.14023520092906,5508065,-9999,254590.7,54.59,-1,0.4481596282317325,0.48210631709762863,0.7939170211058493,0.6068305987009169,12,1.0833333333333333,0.4583333333333333,O11,de-protonated,0,-9999,C24 H26 O11,24,26,11,-9999,-9999,-9999,-9999,-9999,-9999
1241,489.140534,489.140454413835,489.14072445827907,5508065,-9999,254590.7,54.59,-1,-0.5520792494833205,0.9640638913860128,0.971822527399529,0.9671673457914192,16,1,0.1111111111111111,N2 S1 P1 O3,de-protonated,0,-9999,C27 H27 O3 N2 P1 S1,27,27,3,2,1,1,-9999,-9999,-9999
1241,489.140534,489.140454413835,489.14007300959906,5508065,-9999,254590.7,54.59,-1,0.7797444065572339,0.44777328949048,0.8295321147073604,0.6004768195772322,7,1.631578947368421,0.2631578947368421,N4 S2 P1 O5,de-protonated,0,-9999,C19 H31 O5 N4 P1 S2,19,31,5,4,1,2,-9999,-9999,-9999
1242,489.211115,489.2110353618572,489.2115066177791,2728961.3,-9999,233771.3,26.18,-1,-0.9632968880494204,0.84503802191647015,0,0.5070228131498821,0,2.15,0.35,S2 P1 O7,de-protonated,0,-9999,C20 H43 O7 P1 S2,20,43,7,-9999,1,2,-9999,-9999,-9999
1242,489.211115,489.2110353618572,489.2106372379091,2728961.3,-9999,233771.3,26.18,-1,0.8138088541249833,0.8867690379651153,0,0.5320614227790692,1,2.0526315789473686,0.631578947368421,P1 O12,de-protonated,0,-9999,C19 H39 O12 P1,19,39,12,-9999,1,-9999,-9999,-9999,-9999
1243,489.226472,489.2263923505479,489.2267627590691,1567752.3,-9999,304728.9,14.31,-1,-0.7571305362483572,0.9012119130821724,0,0.5407271478493035,4,1.7916666666666667,0.16666666666666666,S2 P1 O4,de-protonated,0,-9999,C24 H43 O4 P1 S2,24,43,4,-9999,1,2,-9999,-9999,-9999
1244,489.277903,489.27782331267264,489.2775350298391,2521631.8,-9999,270131.7,24.06,-1,0.5892010421441934,0.4694758029085871,0.7675537279851021,0.5887069729391932,8,1.5357142857142858,0.17857142857142858,P1 O5,de-protonated,0,-9999,C28 H43 O5 P1,28,43,5,-9999,1,-9999,-9999,-9999,-9999
1244,489.277903,489.27782331267264,489.2777317343291,2521631.8,-9999,270131.7,24.06,-1,0.1871704710620968,0.9936635079176166,0,0.5961981047505699,0,2.3333333333333335,0.6111111111111112,N4 O11,de-protonated,0,-9999,C18 H42 O11 N4,18,42,11,4,-9999,-9999,-9999,-9999,-9999
1245,490.144315,490.1442346746227,490.1440792933491,1358506.5,-9999,282682.2,12.17,-1,0.31701142615986105,0.9819303385241498,0.971822527399529,0.9778872140743016,16,1.0384615384615383,0.1153846153846154,13C1 N2 S1 P1 O3,de-protonated,1,1241,C26 H27 O3 N2 P1 S1 13C1,26,27,3,2,1,1,1,-9999,-9999
1245,490.144315,490.1442346746227,490.1442156389691,1358506.5,-9999,282682.2,12.17,-1,0.03883684221512037,0.9997263583363104,0,0.5998358150017863,16,0.9615384615384616,0.19230769230769232,N3 S1 O5,de-protonated,0,-9999,C26 H25 O5 N3 S1,26,25,5,3,-9999,1,-9999,-9999,-9999
1245,490.144315,490.1442346746227,490.14434858069905,1358506.5,-9999,282682.2,12.17,-1,-0.2323929199524412,0.9902484547987273,0,0.5941490728792362,3,2,0.8666666666666667,N3 P1 O13,de-protonated,0,-9999,C15 H30 O13 N3 P1,15,30,13,3,1,-9999,-9999,-9999,-9999
1248,491.156114,491.15603292950567,491.1558852653891,2238329.8,-9999,309099,21.16,-1,0.30064613091728093,0.9837329595973074,0,0.5902397757583845,11,1.1666666666666667,0.4583333333333333,O11,de-protonated,0,-9999,C24 H28 O11,24,28,11,-9999,-9999,-9999,-9999,-9999,-9999
1248,491.156114,491.15603292950567,491.1563745227391,2238329.8,-9999,309099,21.16,-1,-0.695487732926449,0.9159739919465526,0,0.5495843951679316,15,1.0740740740740742,0.1111111111111111,N2 S1 P1 O3,de-protonated,0,-9999,C27 H29 O3 N2 P1 S1,27,29,3,2,1,1,-9999,-9999,-9999
1248,491.156114,491.15603292950567,491.1557230740591,2238329.8,-9999,309099,21.16,-1,0.6308700723965112,0.9303298841790436,0,0.558197930507426,6,1.736842105263158,0.2631578947368421,N4 S2 P1 O5,de-protonated,0,-9999,C19 H33 O5 N4 P1 S2,19,33,5,4,1,2,-9999,-9999,-9999
1250,493.127391,493.1273084778022,493.12777699187905,1690375.6,-9999,259460.8,15.55,-1,-0.9500865671911078,0.8489225812325427,0,0.5093535487395257,10,1.2916666666666667,0.20833333333333337,S2 P1 O5,de-protonated,0,-9999,C24 H31 O5 P1 S2,24,31,5,-9999,1,2,-9999,-9999,-9999
1250,493.127391,493.1273084778022,493.12690761200906,1690375.6,-9999,259460.8,15.55,-1,0.8129059415856719,0.8870054008724859,0,0.5322032405234915,11,1.173913043478261,0.43478260869565216,P1 O10,de-protonated,0,-9999,C23 H27 O10 P1,23,27,10,-9999,1,-9999,-9999,-9999,-9999
1251,493.171922,493.1718394450084,493.17153532984906,1454620.3,-9999,312945.8,13.14,-1,0.6166518899646618,0.9333289234050396,0,0.5599973540430238,10,1.25,0.4583333333333333,O11,de-protonated,0,-9999,C24 H30 O11,24,30,11,-9999,-9999,-9999,-9999,-9999,-9999
1251,493.171922,493.1718394450084,493.17202458719913,1454620.3,-9999,312945.8,13.14,-1,-0.3754109752786017,0.9747520184819902,0,0.5848512110891941,14,1.148148148148148,0.1111111111111111,N2 S1 P1 O3,de-protonated,0,-9999,C27 H31 O3 N2 P1 S1,27,31,3,2,1,1,-9999,-9999,-9999
1251,493.171922,493.1718394450084,493.17137313851913,1454620.3,-9999,312945.8,13.14,-1,0.9455262707259974,0.8502551980261182,0,0.5101531188156708,5,1.8421052631578947,0.2631578947368421,N4 S2 P1 O5,de-protonated,0,-9999,C19 H35 O5 N4 P1 S2,19,35,5,4,1,2,-9999,-9999,-9999
1252,493.230858,493.23077540160625,493.23125699764904,1581111.6,-9999,273031.1,14.43,-1,-0.9764102253385254,0.8411468748351485,0,0.504688124901089,8,1.5833333333333333,0.125,N4 S2 O3,de-protonated,0,-9999,C24 H38 O3 N4 S2,24,38,3,4,-9999,2,-9999,-9999,-9999
1252,493.230858,493.23077540160625,493.23038761777906,1581111.6,-9999,273031.1,14.43,-1,0.7862123602445102,0.8939022463975475,0,0.5363413478385285,9,1.4782608695652173,0.34782608695652173,N4 O8,de-protonated,0,-9999,C23 H34 O8 N4,23,34,8,4,-9999,-9999,-9999,-9999,-9999
1253,493.255972,493.2558893831116,493.2555397378391,1470275.3,-9999,438714,13.29,-1,0.7088521958917505,0.9128599715898849,0,0.5477159829539309,8,1.52,0.32,N2 O8,de-protonated,0,-9999,C25 H38 O8 N2,25,38,8,2,-9999,-9999,-9999,-9999,-9999
1254,493.257701,493.2576183818383,493.258062887989,5807940,-9999,320096.1,57.64,-1,-0.9011634764857188,0.8667538545988757,0.9702636000602068,0.9081577527834082,2,1.9583333333333333,0.16666666666666666,S2 P1 O4,de-protonated,0,-9999,C24 H47 O4 P1 S2,24,47,4,-9999,1,2,-9999,-9999,-9999
1254,493.257701,493.2576183818383,493.2571935081191,5807940,-9999,320096.1,57.64,-1,0.8613634526115072,0.870816409504969,0.963387355826894,0.907844788033739,3,1.8695652173913044,0.391304347826087,P1 O9,de-protonated,0,-9999,C23 H43 O9 P1,23,43,9,-9999,1,-9999,-9999,-9999,-9999
1255,494.261069,494.26098564293017,494.2614177230591,1792278.9,-9999,258476.8,16.58,-1,-0.8741935207229203,0.8705190091943558,0.9702636000602068,0.9104168455406962,2,2.0434782608695654,0.17391304347826086,13C1 S2 P1 O4,de-protonated,1,1254,C23 H47 O4 P1 S2 13C1,23,47,4,-9999,1,2,1,-9999,-9999
1255,494.261069,494.26098564293017,494.2605483431891,1792278.9,-9999,258476.8,16.58,-1,0.8847555050295173,0.867589471626754,0.963387355826894,0.90590862530681,3,1.9545454545454544,0.4090909090909091,13C1 P1 O9,de-protonated,1,1254,C22 H43 O9 P1 13C1,22,43,9,-9999,1,-9999,1,-9999,-9999
1255,494.261069,494.26098564293017,494.2606846888091,1792278.9,-9999,258476.8,16.58,-1,0.6088975522637394,0.9349397121824292,0,0.5609638273094576,3,1.8636363636363635,0.5,N1 O11,de-protonated,0,-9999,C22 H41 O11 N1,22,41,11,1,-9999,-9999,-9999,-9999,-9999
1255,494.261069,494.26098564293017,494.2611739461591,1792278.9,-9999,258476.8,16.58,-1,-0.3809792046194215,0.9740073807641292,0,0.5844044284584774,7,1.68,0.12,N3 S1 P1 O3,de-protonated,0,-9999,C25 H42 O3 N3 P1 S1,25,42,3,3,1,1,-9999,-9999,-9999
1256,495.143088,495.1430039933867,495.1434270563391,5226163,-9999,232667.9,49.68,-1,-0.8544250600442705,0.4379667101756587,0.7939170211058493,0.580346834547735,9,1.375,0.20833333333333337,S2 P1 O5,de-protonated,0,-9999,C24 H33 O5 P1 S2,24,33,5,-9999,1,2,-9999,-9999,-9999
1256,495.143088,495.1430039933867,495.1425576764691,5226163,-9999,232667.9,49.68,-1,0.9013907422614574,0.9008543925752576,0.9739216870661987,0.930081310371634,10,1.2608695652173914,0.43478260869565216,P1 O10,de-protonated,0,-9999,C23 H29 O10 P1,23,29,10,-9999,1,-9999,-9999,-9999,-9999
1257,495.151057,495.1509729875181,495.1507998849591,1814198.9,-9999,328724.6,16.15,-1,0.3495956364358036,0.9780679489805394,0,0.5868407693883236,10,1.2173913043478262,0.5217391304347826,O12,de-protonated,0,-9999,C23 H28 O12,23,28,12,-9999,-9999,-9999,-9999,-9999,-9999
1257,495.151057,495.1509729875181,495.1512891423091,1814198.9,-9999,328724.6,16.15,-1,-0.6385013993231085,0.9286960876437346,0,0.5572176525862407,14,1.1153846153846154,0.15384615384615383,N2 S1 P1 O4,de-protonated,0,-9999,C26 H29 O4 N2 P1 S1,26,29,4,2,1,1,-9999,-9999,-9999
1257,495.151057,495.1509729875181,495.1506376936291,1814198.9,-9999,328724.6,16.15,-1,0.677155320996156,0.9201658450517624,0,0.5520995070310574,5,1.8333333333333333,0.3333333333333333,N4 S2 P1 O6,de-protonated,0,-9999,C18 H33 O6 N4 P1 S2,18,33,6,4,1,2,-9999,-9999,-9999
1258,495.183399,495.1833149637006,495.1831626423091,4682438,-9999,327330.1,44.34,-1,0.30760616059931045,0.49148879534505535,0.8295321147073604,0.6267061230899773,5,1.6842105263157894,0.6842105263157895,N2 O13,de-protonated,0,-9999,C19 H32 O13 N2,19,32,13,2,-9999,-9999,-9999,-9999,-9999
1258,495.183399,495.1833149637006,495.1836518996591,4682438,-9999,327330.1,44.34,-1,-0.6804262564166629,0.4597123673395861,0.8077896627745539,0.5989432855135732,9,1.5,0.2272727272727273,N4 S1 P1 O5,de-protonated,0,-9999,C22 H33 O5 N4 P1 S1,22,33,5,4,1,1,-9999,-9999,-9999
1259,495.187535,495.1874509606547,495.1871853943091,1446600,-9999,250676,12.54,-1,0.5362948667430949,0.9491514984948716,0,0.5694908990969229,9,1.3333333333333333,0.4583333333333333,O11,de-protonated,0,-9999,C24 H32 O11,24,32,11,-9999,-9999,-9999,-9999,-9999,-9999
1259,495.187535,495.1874509606547,495.18767465165905,1446600,-9999,250676,12.54,-1,-0.451729749752088,0.9636507171680356,0,0.5781904303008214,13,1.2222222222222223,0.1111111111111111,N2 S1 P1 O3,de-protonated,0,-9999,C27 H33 O3 N2 P1 S1,27,33,3,2,1,1,-9999,-9999,-9999
1259,495.187535,495.1874509606547,495.18702320297905,1446600,-9999,250676,12.54,-1,0.8638305440343383,0.8733685983158223,0,0.5240211589894933,4,1.9473684210526316,0.2631578947368421,N4 S2 P1 O5,de-protonated,0,-9999,C19 H37 O5 N4 P1 S2,19,37,5,4,1,2,-9999,-9999,-9999
1260,495.254743,495.2546589111609,495.2550855078391,1899239.4,-9999,262749.1,16.99,-1,-0.8613675876329402,0.8740422176347107,0,0.5244253305808264,2,1.9565217391304348,0.30434782608695654,S1 P1 O7,de-protonated,0,-9999,C23 H45 O7 P1 S1,23,45,7,-9999,1,1,-9999,-9999,-9999
1261,496.14629,496.1462052546008,496.1459125115391,1519754.3,-9999,259433.6,13.25,-1,0.590034210262501,0.9387842304961768,0.9739216870661987,0.9528392131241856,10,1.318181818181818,0.4545454545454546,13C1 P1 O10,de-protonated,1,1256,C22 H29 O10 P1 13C1,22,29,10,-9999,1,-9999,1,-9999,-9999
1261,496.14629,496.1462052546008,496.1460488571591,1519754.3,-9999,259433.6,13.25,-1,0.3152246038150195,0.9821316366054674,0,0.5892789819632804,10,1.2272727272727273,0.5454545454545454,N1 O12,de-protonated,0,-9999,C22 H27 O12 N1,22,27,12,1,-9999,-9999,-9999,-9999,-9999
1261,496.14629,496.1462052546008,496.1465381145091,1519754.3,-9999,259433.6,13.25,-1,-0.6708903171854373,0.921577012912947,0,0.5529462077477681,14,1.12,0.16,N3 S1 P1 O4,de-protonated,0,-9999,C25 H28 O4 N3 P1 S1,25,28,4,3,1,1,-9999,-9999,-9999
1263,497.140224,497.14013852264,497.1404496761891,1786463,-9999,284592.1,15.87,-1,-0.6258866066808341,0.9313877248714728,0,0.5588326349228837,9,1.3478260869565215,0.34782608695652173,S1 P1 O8,de-protonated,0,-9999,C23 H31 O8 P1 S1,23,31,8,-9999,1,1,-9999,-9999,-9999
1263,497.140224,497.14013852264,497.1397982275091,1786463,-9999,284592.1,15.87,-1,0.6845059118673514,0.9184962276795432,0,0.5510977366077259,0,2.3333333333333335,0.6666666666666666,N2 S2 P1 O10,de-protonated,0,-9999,C15 H35 O10 N2 P1 S2,15,35,10,2,1,2,-9999,-9999,-9999
1264,497.158752,497.15866650899545,497.1590771207991,10151528,-9999,262741.7,98.08,-1,-0.8259163365513629,0.5887438262425935,0.933670062972206,0.7267143209344384,8,1.4583333333333333,0.20833333333333337,S2 P1 O5,de-protonated,0,-9999,C24 H35 O5 P1 S2,24,35,5,-9999,1,2,-9999,-9999,-9999
1264,497.158752,497.15866650899545,497.1582077409291,10151528,-9999,262741.7,98.08,-1,0.9227808356317224,0.857841907566093,0.9932446769057796,0.9120030153019676,9,1.3478260869565215,0.43478260869565216,P1 O10,de-protonated,0,-9999,C23 H31 O10 P1,23,31,10,-9999,1,-9999,-9999,-9999,-9999
1265,497.166519,497.1664335032757,497.1664499494191,1630059.5,-9999,332590.7,14.33,-1,-0.03307975313990186,0.9998014658442426,0,0.5998808795065456,9,1.3043478260869563,0.5217391304347826,O12,de-protonated,0,-9999,C23 H30 O12,23,30,12,-9999,-9999,-9999,-9999,-9999,-9999
1265,497.166519,497.1664335032757,497.1659368851691,1630059.5,-9999,332590.7,14.33,-1,0.9988980935331908,0.834394449281884,0,0.5006366695691303,27,0.6111111111111112,0.02777777777777777,N2 O1,de-protonated,0,-9999,C36 H22 O1 N2,36,22,1,2,-9999,-9999,-9999,-9999,-9999
1265,497.166519,497.1664335032757,497.16628775808914,1630059.5,-9999,332590.7,14.33,-1,0.29315178862591407,0.9845276145579314,0,0.5907165687347588,4,1.9444444444444444,0.3333333333333333,N4 S2 P1 O6,de-protonated,0,-9999,C18 H35 O6 N4 P1 S2,18,35,6,4,1,2,-9999,-9999,-9999
1266,497.203055,497.2029694763695,497.2028354587691,1669756.8,-9999,324507.3,14.72,-1,0.26954311374122975,0.986903633237324,0,0.5921421799423943,8,1.4166666666666667,0.4583333333333333,O11,de-protonated,0,-9999,C24 H34 O11,24,34,11,-9999,-9999,-9999,-9999,-9999,-9999
1266,497.203055,497.2029694763695,497.2033247161191,1669756.8,-9999,324507.3,14.72,-1,-0.714475812855407,0.9115351317420202,0,0.546921079045212,12,1.2962962962962965,0.1111111111111111,N2 S1 P1 O3,de-protonated,0,-9999,C27 H35 O3 N2 P1 S1,27,35,3,2,1,1,-9999,-9999,-9999
1266,497.203055,497.2029694763695,497.2026732674391,1669756.8,-9999,324507.3,14.72,-1,0.5957508805721949,0.937630241457536,0,0.5625781448745216,3,2.0526315789473686,0.2631578947368421,N4 S2 P1 O5,de-protonated,0,-9999,C19 H39 O5 N4 P1 S2,19,39,5,4,1,2,-9999,-9999,-9999
1267,497.239753,497.2396674493441,497.2400903479891,1821326.1,-9999,323052.8,16.21,-1,-0.8504918513650628,0.8769998675917248,0,0.5261999205550348,6,1.6153846153846154,0.19230769230769232,S2 O5,de-protonated,0,-9999,C26 H42 O5 S2,26,42,5,-9999,-9999,2,-9999,-9999,-9999
1267,497.239753,497.2396674493441,497.239220968119,1821326.1,-9999,323052.8,16.21,-1,0.8979203695093171,0.863902816457899,0,0.5183416898747394,7,1.52,0.4,O10,de-protonated,0,-9999,C25 H38 O10,25,38,10,-9999,-9999,-9999,-9999,-9999,-9999
1267,497.239753,497.2396674493441,497.23971022546914,1821326.1,-9999,323052.8,16.21,-1,-0.08602716991913911,0.9986580586410012,0,0.5991948351846008,11,1.3928571428571428,0.07142857142857142,N2 S1 P1 O2,de-protonated,0,-9999,C28 H39 O2 N2 P1 S1,28,39,2,2,1,1,-9999,-9999,-9999
1268,497.275943,497.2758574226927,497.2756064774691,1491359.3,-9999,232609.9,12.97,-1,0.5046401238226758,0.9548433124686228,0,0.5729059874811737,6,1.6153846153846154,0.34615384615384615,O9,de-protonated,0,-9999,C26 H42 O9,26,42,9,-9999,-9999,-9999,-9999,-9999,-9999
1268,497.275943,497.2758574226927,497.27609573481914,1491359.3,-9999,232609.9,12.97,-1,-0.4792350334727989,0.9591837338787356,0,0.5755102403272413,10,1.4827586206896552,0.03448275862068965,N2 S1 P1 O1,de-protonated,0,-9999,C29 H43 O1 N2 P1 S1,29,43,1,2,1,1,-9999,-9999,-9999
1268,497.275943,497.2758574226927,497.27544428613913,1491359.3,-9999,232609.9,12.97,-1,0.8308002302652673,0.8822841146382188,0,0.5293704687829313,1,2.238095238095238,0.14285714285714285,N4 S2 P1 O3,de-protonated,0,-9999,C21 H47 O3 N4 P1 S2,21,47,3,4,1,2,-9999,-9999,-9999
1269,498.162105,498.1620187700983,498.1624319558691,2419267.3,-9999,252695.7,22.08,-1,-0.8294197721575483,0.5884340625686036,0.933670062972206,0.7265284627300446,8,1.5217391304347827,0.21739130434782608,13C1 S2 P1 O5,de-protonated,1,1264,C23 H35 O5 P1 S2 13C1,23,35,5,-9999,1,2,1,-9999,-9999
1269,498.162105,498.1620187700983,498.1615625759991,2419267.3,-9999,252695.7,22.08,-1,0.9157553161467112,0.8588471747580688,0.9932446769057796,0.9126061756171532,9,1.4090909090909092,0.4545454545454546,13C1 P1 O10,de-protonated,1,1264,C22 H31 O10 P1 13C1,22,31,10,-9999,1,-9999,1,-9999,-9999
1269,498.162105,498.1620187700983,498.1616989216191,2419267.3,-9999,252695.7,22.08,-1,0.642057548555287,0.9279290307411816,0,0.5567574184447089,9,1.318181818181818,0.5454545454545454,N1 O12,de-protonated,0,-9999,C22 H29 O12 N1,22,29,12,1,-9999,-9999,-9999,-9999,-9999
1269,498.162105,498.1620187700983,498.1621881789691,2419267.3,-9999,252695.7,22.08,-1,-0.3400677024086546,0.979234806072896,0,0.5875408836437377,13,1.2,0.16,N3 S1 P1 O4,de-protonated,0,-9999,C25 H30 O4 N3 P1 S1,25,30,4,3,1,1,-9999,-9999,-9999
1271,499.155734,499.1556470383622,499.15609974064904,3435036.3,-9999,304571.3,32.06,-1,-0.9069352995692946,0.4306780440202379,0.8007932653391621,0.5787241325478076,8,1.434782608695652,0.34782608695652173,S1 P1 O8,de-protonated,0,-9999,C23 H33 O8 P1 S1,23,33,8,-9999,1,1,-9999,-9999,-9999
1272,499.218874,499.21878699186414,499.2184855232291,1589306.4,-9999,336145.8,13.92,-1,0.6038811537874238,0.9359723564898234,0,0.561583413893894,7,1.5,0.4583333333333333,O11,de-protonated,0,-9999,C24 H36 O11,24,36,11,-9999,-9999,-9999,-9999,-9999,-9999
1272,499.218874,499.21878699186414,499.2189747805791,1589306.4,-9999,336145.8,13.92,-1,-0.376165018695945,0.974651789136334,0,0.5847910734818005,11,1.3703703703703705,0.1111111111111111,N2 S1 P1 O3,de-protonated,0,-9999,C27 H37 O3 N2 P1 S1,27,37,3,2,1,1,-9999,-9999,-9999
1272,499.218874,499.21878699186414,499.2183233318991,1589306.4,-9999,336145.8,13.92,-1,0.928771928735718,0.8551137524638407,0,0.5130682514783044,2,2.1578947368421053,0.2631578947368421,N4 S2 P1 O5,de-protonated,0,-9999,C19 H41 O5 N4 P1 S2,19,41,5,4,1,2,-9999,-9999,-9999
1273,499.255162,499.25507496514064,499.25487103257905,1553483.8,-9999,339164,13.57,-1,0.40847385458232965,0.9701788192059684,0,0.5821072915235811,6,1.6,0.4,O10,de-protonated,0,-9999,C25 H40 O10,25,40,10,-9999,-9999,-9999,-9999,-9999,-9999
1273,499.255162,499.25507496514064,499.2553602899291,1553483.8,-9999,339164,13.57,-1,-0.571500701190173,0.9424583900526776,0,0.5654750340316066,10,1.4642857142857142,0.07142857142857142,N2 S1 P1 O2,de-protonated,0,-9999,C28 H41 O2 N2 P1 S1,28,41,2,2,1,1,-9999,-9999,-9999
1273,499.255162,499.25507496514064,499.25470884124906,1553483.8,-9999,339164,13.57,-1,0.7333408881227023,0.9070287950178088,0,0.5442172770106853,1,2.25,0.2,N4 S2 P1 O4,de-protonated,0,-9999,C20 H45 O4 N4 P1 S2,20,45,4,4,1,2,-9999,-9999,-9999
1274,499.291535,499.29144793835457,499.29125654192904,1442909.1,-9999,316139.6,12.48,-1,0.38333622512541177,0.9736890481873832,0,0.58421342891243,5,1.6923076923076923,0.34615384615384615,O9,de-protonated,0,-9999,C26 H44 O9,26,44,9,-9999,-9999,-9999,-9999,-9999,-9999
1274,499.291535,499.29144793835457,499.2917457992791,1442909.1,-9999,316139.6,12.48,-1,-0.5965668911081201,0.9374647274007634,0,0.562478836440458,9,1.5517241379310345,0.03448275862068965,N2 S1 P1 O1,de-protonated,0,-9999,C29 H45 O1 N2 P1 S1,29,45,1,2,1,1,-9999,-9999,-9999
1274,499.291535,499.29144793835457,499.2910943505992,1442909.1,-9999,316139.6,12.48,-1,0.7081795758013939,0.9130178580797732,0,0.5478107148478639,0,2.3333333333333335,0.14285714285714285,N4 S2 P1 O3,de-protonated,0,-9999,C21 H49 O3 N4 P1 S2,21,49,3,4,1,2,-9999,-9999,-9999
1275,500.236588,500.2365002423911,500.23600456951914,1770017.1,-9999,327308.5,15.69,-1,0.990878040464436,0.8368140049166016,0,0.5020884029499609,15,1.1612903225806452,0.0967741935483871,N1 P1 O3,de-protonated,0,-9999,C31 H36 O3 N1 P1,31,36,3,1,1,-9999,-9999,-9999,-9999
1276,500.272838,500.2727502156956,500.2723900788691,2526258.5,-9999,431471.3,23.13,-1,0.7198814759431164,0.45512680188134746,0.7428850341668535,0.5702300947955499,14,1.25,0.0625,N1 P1 O2,de-protonated,0,-9999,C32 H40 O2 N1 P1,32,40,2,1,1,-9999,-9999,-9999,-9999
1279,500.985987,500.9858986905128,500.985666564629,2318729,-9999,286567.8,21.08,-1,0.4633383731405656,0.9617950967276117,0,0.577077058036567,21,0.4166666666666667,0.2916666666666667,N2 S2 O7,de-protonated,0,-9999,C24 H10 O7 N2 S2,24,10,7,2,-9999,2,-9999,-9999,-9999
1280,500.98677,500.9866816899361,500.98645095503906,2078217.3,-9999,257058.6,18.72,-1,0.4605611521411077,0.9622429880758856,0,0.5773457928455312,17,0.5238095238095238,0.6190476190476191,P1 O13,de-protonated,0,-9999,C21 H11 O13 P1,21,11,13,-9999,1,-9999,-9999,-9999,-9999
1281,501.211037,501.21094852477967,501.21050429617907,1395189.1,-9999,360139.4,12.01,-1,0.8863114336030858,0.8671557768791629,0,0.5202934661274977,15,1.096774193548387,0.12903225806451613,S1 O4,de-protonated,0,-9999,C31 H34 O4 S1,31,34,4,-9999,-9999,1,-9999,-9999,-9999
1281,501.211037,501.21094852477967,501.2106372379091,1395189.1,-9999,360139.4,12.01,-1,0.6210699602689131,0.9324033117970394,0,0.5594419870782236,2,1.95,0.6,P1 O12,de-protonated,0,-9999,C20 H39 O12 P1,20,39,12,-9999,1,-9999,-9999,-9999,-9999
1282,501.234546,501.234457507467,501.2341355876891,1485824.5,-9999,301300.1,12.9,-1,0.6422542981203323,0.9278864862921544,0,0.5567318917752926,6,1.5833333333333333,0.4583333333333333,O11,de-protonated,0,-9999,C24 H38 O11,24,38,11,-9999,-9999,-9999,-9999,-9999,-9999
1282,501.234546,501.234457507467,501.2346248450391,1485824.5,-9999,301300.1,12.9,-1,-0.33385078330181095,0.9799795180605944,0,0.5879877108363567,10,1.4444444444444444,0.1111111111111111,N2 S1 P1 O3,de-protonated,0,-9999,C27 H39 O3 N2 P1 S1,27,39,3,2,1,1,-9999,-9999,-9999
1282,501.234546,501.234457507467,501.23397339635915,1485824.5,-9999,301300.1,12.9,-1,0.9658385775410352,0.8442865337996932,0,0.5065719202798159,1,2.263157894736842,0.2631578947368421,N4 S2 P1 O5,de-protonated,0,-9999,C19 H43 O5 N4 P1 S2,19,43,5,4,1,2,-9999,-9999,-9999
1283,501.257264,501.25717549073687,501.2574717461391,1884427.4,-9999,276707.1,16.81,-1,-0.5910244114973773,0.938585040073214,0,0.56315102404392825,5,1.826086956521739,0.17391304347826086,N4 S2 O4,de-protonated,0,-9999,C23 H42 O4 N4 S2,23,42,4,4,-9999,2,-9999,-9999,-9999
1284,501.270957,501.27086848065295,501.2705210970391,1529874,-9999,283127.9,13.33,-1,0.6930062695702383,0.9165468204351728,0,0.5499280922611036,5,1.68,0.4,O10,de-protonated,0,-9999,C25 H42 O10,25,42,10,-9999,-9999,-9999,-9999,-9999,-9999
1284,501.270957,501.27086848065295,501.27101035438915,1529874,-9999,283127.9,13.33,-1,-0.283028009333789,0.985570201490061,0,0.5913421208940366,9,1.5357142857142858,0.07142857142857142,N2 S1 P1 O2,de-protonated,0,-9999,C28 H43 O2 N2 P1 S1,28,43,2,2,1,1,-9999,-9999,-9999
1285,501.982564,501.9824749566057,501.98256930710915,4295529,-9999,291092.7,40.51,-1,-0.18795573634333987,0.4968051990160458,0.8149093904448103,0.6240468755875516,16,0.6666666666666666,0.380952380952381,N1 S2 P1 O8,de-protonated,0,-9999,C21 H14 O8 N1 P1 S2,21,14,8,1,1,2,-9999,-9999,-9999
1287,502.252123,502.25203375809485,502.25165463397906,2656235.3,-9999,345104.3,24.39,-1,0.7548489134831,0.4508881041785536,0.7489023467070351,0.5700938011899462,14,1.2258064516129032,0.0967741935483871,N1 P1 O3,de-protonated,0,-9999,C31 H38 O3 N1 P1,31,38,3,1,1,-9999,-9999,-9999,-9999
1288,502.253289,502.2531997572362,502.2533721670191,1517803.9,-9999,527206.3,13.21,-1,-0.34327252433523725,0.97884576515984,0,0.587307459095904,14,1.2333333333333334,0.06666666666666667,N3 S1 O2,de-protonated,0,-9999,C30 H37 O2 N3 S1,30,37,2,3,-9999,1,-9999,-9999,-9999
1288,502.253289,502.2531997572362,502.2535051087491,1517803.9,-9999,527206.3,13.21,-1,-0.6079629306731597,0.9351326684297948,0,0.5610796010578768,1,2.210526315789474,0.5263157894736842,N3 P1 O10,de-protonated,0,-9999,C19 H42 O10 N3 P1,19,42,10,3,1,-9999,-9999,-9999,-9999
1289,503.119842,503.1197521190824,503.1194997560391,2255247.5,-9999,230270.6,20.45,-1,0.5015966255582938,0.9553740500517596,0,0.5732244300310556,13,1,0.5,O12,de-protonated,0,-9999,C24 H24 O12,24,24,12,-9999,-9999,-9999,-9999,-9999,-9999
1289,503.119842,503.1197521190824,503.1199890133891,2255247.5,-9999,230270.6,20.45,-1,-0.47085051648578946,0.9605711613919804,0,0.5763426968351882,17,0.925925925925926,0.14814814814814814,N2 S1 P1 O4,de-protonated,0,-9999,C27 H25 O4 N2 P1 S1,27,25,4,2,1,1,-9999,-9999,-9999
1289,503.119842,503.1197521190824,503.1193375647091,2255247.5,-9999,230270.6,20.45,-1,0.8239682761377574,0.8840958301131765,0,0.5304574980679059,8,1.5263157894736843,0.3157894736842105,N4 S2 P1 O6,de-protonated,0,-9999,C19 H29 O6 N4 P1 S2,19,29,6,4,1,2,-9999,-9999,-9999
1290,503.162049,503.161959088,503.1617584921591,3152292,-9999,310657.6,29.26,-1,0.3986706809947611,0.9715727314163024,0,0.5829436388497814,3,1.7777777777777777,0.8888888888888888,O16,de-protonated,0,-9999,C18 H32 O16,18,32,16,-9999,-9999,-9999,-9999,-9999,-9999
1290,503.162049,503.161959088,503.16224774950905,3152292,-9999,310657.6,29.26,-1,-0.5736946886161385,0.942028823216344,0,0.5652172939298064,7,1.5714285714285714,0.380952380952381,N2 S1 P1 O8,de-protonated,0,-9999,C21 H33 O8 N2 P1 S1,21,33,8,2,1,1,-9999,-9999,-9999
1291,503.226906,503.22681604023745,503.227156682239,1780675.4,-9999,326296,15.78,-1,-0.676914981821519,0.9202201824123042,0,0.5521321094473824,0,2.142857142857143,0.3333333333333333,S2 P1 O7,de-protonated,0,-9999,C21 H45 O7 P1 S2,21,45,7,-9999,1,2,-9999,-9999,-9999
1292,503.265479,503.2653890118313,503.265041793439,1467862.1,-9999,343473.9,12.71,-1,0.6899314742465391,0.9172542690150384,0,0.5503525614090229,9,1.4285714285714286,0.2857142857142857,O8,de-protonated,0,-9999,C28 H40 O8,28,40,8,-9999,-9999,-9999,-9999,-9999,-9999
1293,504.15145,504.15135935937747,504.1511342375891,1432452.9,-9999,251039.6,12.36,-1,0.4465363124293259,0.9644667679515404,0,0.5786800607709242,12,1.125,0.4583333333333333,N1 O11,de-protonated,0,-9999,C24 H27 O11 N1,24,27,11,1,-9999,-9999,-9999,-9999,-9999
1293,504.15145,504.15135935937747,504.1516234949391,1432452.9,-9999,251039.6,12.36,-1,-0.5239208787842401,0.9514135907558764,0,0.5708481544535259,16,1.037037037037037,0.1111111111111111,N3 S1 P1 O3,de-protonated,0,-9999,C27 H28 O3 N3 P1 S1,27,28,3,3,1,1,-9999,-9999,-9999
1295,505.135555,505.1354636346551,505.13514982049907,4423013,-9999,226350.7,41.74,-1,0.6212479098459854,0.46618295559643513,0.7939170211058494,0.5972765818002008,12,1.0833333333333333,0.5,O12,de-protonated,0,-9999,C24 H26 O12,24,26,12,-9999,-9999,-9999,-9999,-9999,-9999
1295,505.135555,505.1354636346551,505.1356390778491,4423013,-9999,226350.7,41.74,-1,-0.3473189781581077,0.4891747842629426,0.7739790330151772,0.6030964837638364,16,1,0.14814814814814814,N2 S1 P1 O4,de-protonated,0,-9999,C27 H27 O4 N2 P1 S1,27,27,4,2,1,1,-9999,-9999,-9999
1295,505.135555,505.1354636346551,505.1349876291691,4423013,-9999,226350.7,41.74,-1,0.9423332330259636,0.4255928468650608,0.8295321147073605,0.5871685540019806,7,1.631578947368421,0.3157894736842105,N4 S2 P1 O6,de-protonated,0,-9999,C19 H31 O6 N4 P1 S2,19,31,6,4,1,2,-9999,-9999,-9999
1296,505.206271,505.2061795825779,505.2064212373491,1930119.6,-9999,335484.4,17.24,-1,-0.4783287803330836,0.9593347791300147,0,0.5756008674780089,0,2.15,0.4,S2 P1 O8,de-protonated,0,-9999,C20 H43 O8 P1 S2,20,43,8,-9999,1,2,-9999,-9999,-9999
1298,507.151101,507.1510081503507,507.1507998849591,1487426,-9999,283162.1,12.88,-1,0.410657720874513,0.9698639611223429,0,0.5819183766734057,11,1.1666666666666667,0.5,O12,de-protonated,0,-9999,C24 H28 O12,24,28,12,-9999,-9999,-9999,-9999,-9999,-9999
1298,507.151101,507.1510081503507,507.1512891423091,1487426,-9999,283162.1,12.88,-1,-0.5540594382915859,0.9458214636077454,0,0.5674928781646472,15,1.0740740740740742,0.14814814814814814,N2 S1 P1 O4,de-protonated,0,-9999,C27 H29 O4 N2 P1 S1,27,29,4,2,1,1,-9999,-9999,-9999
1298,507.151101,507.1510081503507,507.1506376936291,1487426,-9999,283162.1,12.88,-1,0.7304668358430392,0.9077214538468336,0,0.5446328723081002,6,1.736842105263158,0.3157894736842105,N4 S2 P1 O6,de-protonated,0,-9999,C19 H33 O6 N4 P1 S2,19,33,6,4,1,2,-9999,-9999,-9999
1299,509.122432,509.1223376986076,509.12269161144906,2029840.4,-9999,329295,17.49,-1,-0.6951425409262624,0.9160537782394386,0,0.5496322669436631,10,1.2916666666666667,0.25,S2 P1 O6,de-protonated,0,-9999,C24 H31 O6 P1 S2,24,31,6,-9999,1,2,-9999,-9999,-9999
1300,509.166876,509.16678166587775,509.1664499494191,1618726.5,-9999,347599.5,13.61,-1,0.6514892305014287,0.9258771162473948,0,0.5555262697484369,10,1.25,0.5,O12,de-protonated,0,-9999,C24 H30 O12,24,30,12,-9999,-9999,-9999,-9999,-9999,-9999
1300,509.166876,509.16678166587775,509.1669392067691,1618726.5,-9999,347599.5,13.61,-1,-0.3094091136047179,0.9827791942220442,0,0.5896675165332265,14,1.148148148148148,0.14814814814814814,N2 S1 P1 O4,de-protonated,0,-9999,C27 H31 O4 N2 P1 S1,27,31,4,2,1,1,-9999,-9999,-9999
1300,509.166876,509.16678166587775,509.16628775808914,1618726.5,-9999,347599.5,13.61,-1,0.9700323852625344,0.8430437122753549,0,0.5058262273652129,5,1.8421052631578947,0.3157894736842105,N4 S2 P1 O6,de-protonated,0,-9999,C19 H35 O6 N4 P1 S2,19,35,6,4,1,2,-9999,-9999,-9999
1301,509.203318,509.20322363904086,509.20370483863906,1669176.5,-9999,294662.9,14.08,-1,-0.9450041184414244,0.8504075060783922,0,0.5102445036470353,8,1.4615384615384617,0.2307692307692308,S2 O6,de-protonated,0,-9999,C26 H38 O6 S2,26,38,6,-9999,-9999,2,-9999,-9999,-9999
1301,509.203318,509.20322363904086,509.2028354587691,1669176.5,-9999,294662.9,14.08,-1,0.7623293602332141,0.8999210983887266,0,0.539952659033236,9,1.36,0.44,O11,de-protonated,0,-9999,C25 H34 O11,25,34,11,-9999,-9999,-9999,-9999,-9999,-9999
1301,509.203318,509.20322363904086,509.2033247161191,1669176.5,-9999,294662.9,14.08,-1,-0.19850042865217632,0.9928759796211732,0,0.5957255877727039,13,1.25,0.10714285714285714,N2 S1 P1 O3,de-protonated,0,-9999,C28 H35 O3 N2 P1 S1,28,35,3,2,1,1,-9999,-9999,-9999
1302,509.239557,509.2394626123534,509.239220968119,1541450.5,-9999,422991.7,12.88,-1,0.47452007698198095,0.95996670797883,0,0.5759800247872979,8,1.4615384615384617,0.38461538461538464,O10,de-protonated,0,-9999,C26 H38 O10,26,38,10,-9999,-9999,-9999,-9999,-9999,-9999
1302,509.239557,509.2394626123534,509.23971022546914,1541450.5,-9999,422991.7,12.88,-1,-0.4862407835843364,0.9580072521167632,0,0.5748043512700579,12,1.3448275862068966,0.06896551724137931,N2 S1 P1 O2,de-protonated,0,-9999,C29 H39 O2 N2 P1 S1,29,39,2,2,1,1,-9999,-9999,-9999
1302,509.239557,509.2394626123534,509.23905877678914,1541450.5,-9999,422991.7,12.88,-1,0.793017655088401,0.892160789165797,0,0.5352964734994782,3,2.047619047619047,0.1904761904761905,N4 S2 P1 O4,de-protonated,0,-9999,C21 H43 O4 N4 P1 S2,21,43,4,4,1,2,-9999,-9999,-9999
1303,511.137968,511.13787221431056,511.1383416759091,3417851.5,-9999,247907.8,30.58,-1,-0.918462890081718,0.4290367972464214,0.7939170211058493,0.5749888867901927,9,1.375,0.25,S2 P1 O6,de-protonated,0,-9999,C24 H33 O6 P1 S2,24,33,6,-9999,1,2,-9999,-9999,-9999
1303,511.137968,511.13787221431056,511.1374722960391,3417851.5,-9999,247907.8,30.58,-1,0.7824084382987905,0.44743529395115617,0.8007932653391623,0.5887784825063587,10,1.2608695652173914,0.4782608695652174,P1 O11,de-protonated,0,-9999,C23 H29 O11 P1,23,29,11,-9999,1,-9999,-9999,-9999,-9999
1304,511.182339,511.18224318163453,511.18210001387905,1543953.6,-9999,374871.1,12.89,-1,0.2800719263801828,0.9858679222197984,0,0.591520753331879,9,1.3333333333333333,0.5,O12,de-protonated,0,-9999,C24 H32 O12,24,32,12,-9999,-9999,-9999,-9999,-9999,-9999
1304,511.182339,511.18224318163453,511.1825892712291,1543953.6,-9999,374871.1,12.89,-1,-0.6770371328174126,0.9201925677724938,0,0.5521155406634962,13,1.2222222222222223,0.14814814814814814,N2 S1 P1 O4,de-protonated,0,-9999,C27 H33 O4 N2 P1 S1,27,33,4,2,1,1,-9999,-9999,-9999
1304,511.182339,511.18224318163453,511.18193782254906,1543953.6,-9999,374871.1,12.89,-1,0.5973589105555556,0.9373038908725192,0,0.5623823345235114,4,1.9473684210526316,0.3157894736842105,N4 S2 P1 O6,de-protonated,0,-9999,C19 H37 O6 N4 P1 S2,19,37,6,4,1,2,-9999,-9999,-9999
1305,511.218753,511.21865715481823,511.2184855232291,1488419.8,-9999,252162.7,12.37,-1,0.3357304047667638,0.9797557516584628,0,0.5878534509950776,8,1.44,0.44,O11,de-protonated,0,-9999,C25 H36 O11,25,36,11,-9999,-9999,-9999,-9999,-9999,-9999
1305,511.218753,511.21865715481823,511.2189747805791,1488419.8,-9999,252162.7,12.37,-1,-0.6213105861769008,0.9323527359826196,0,0.5594116415895717,12,1.3214285714285714,0.10714285714285714,N2 S1 P1 O3,de-protonated,0,-9999,C28 H37 O3 N2 P1 S1,28,37,3,2,1,1,-9999,-9999,-9999
1305,511.218753,511.21865715481823,511.2183233318992,1488419.8,-9999,252162.7,12.37,-1,0.6529948239817659,0.9255472208195432,0,0.5553283324917259,3,2.05,0.25,N4 S2 P1 O5,de-protonated,0,-9999,C20 H41 O5 N4 P1 S2,20,41,5,4,1,2,-9999,-9999,-9999
1306,512.272987,512.2728903784508,512.272390078869,1870643.4,-9999,314939.6,15.97,-1,0.976628043103344,0.8410819496864761,0,0.5046491698118857,15,1.2121212121212122,0.06060606060606061,N1 P1 O2,de-protonated,0,-9999,C33 H40 O2 N1 P1,33,40,2,1,1,-9999,-9999,-9999,-9999
1308,513.135152,513.1350547435285,513.135231354029,1457636,-9999,298518.2,12.07,-1,-0.3441792527536579,0.9787350612393791,0,0.5872410367436275,22,0.7647058823529411,0.02941176470588235,S2 O1,de-protonated,0,-9999,C34 H26 O1 S2,34,26,1,-9999,-9999,2,-9999,-9999,-9999
1308,513.135152,513.1350547435285,513.135364295759,1457636,-9999,298518.2,12.07,-1,-0.6032564739672742,0.9361004304463936,0,0.5616602582678362,9,1.3478260869565215,0.391304347826087,S1 P1 O9,de-protonated,0,-9999,C23 H31 O9 P1 S1,23,31,9,-9999,1,1,-9999,-9999,-9999
1308,513.135152,513.1350547435285,513.1347128470791,1457636,-9999,298518.2,12.07,-1,0.6662898471944932,0.9226062608236216,0,0.553563756494173,0,2.3333333333333335,0.7333333333333333,N2 S2 P1 O11,de-protonated,0,-9999,C15 H35 O11 N2 P1 S2,15,35,11,2,1,2,-9999,-9999,-9999
1309,513.153827,513.1537297297757,513.1539917403691,1513709.3,-9999,242134,12.6,-1,-0.5105886294902644,0.9537975819011798,0,0.5722785491407079,8,1.4583333333333333,0.25,S2 P1 O6,de-protonated,0,-9999,C24 H35 O6 P1 S2,24,35,6,-9999,1,2,-9999,-9999,-9999
1309,513.153827,513.1537297297757,513.1541884448591,1513709.3,-9999,242134,12.6,-1,-0.8939127726088499,0.8650291921849471,0,0.5190175153109683,0,2.4285714285714284,0.8571428571428571,N4 S2 O12,de-protonated,0,-9999,C14 H34 O12 N4 S2,14,34,12,4,-9999,2,-9999,-9999,-9999
1310,513.234555,513.2344576703254,513.234135587689,1484053.9,-9999,292003.2,12.32,-1,0.6275549773429848,0.9310343801661748,0,0.5586206280997049,7,1.52,0.44,O11,de-protonated,0,-9999,C25 H38 O11,25,38,11,-9999,-9999,-9999,-9999,-9999,-9999
1310,513.234555,513.2344576703254,513.2346248450391,1484053.9,-9999,292003.2,12.32,-1,-0.32572766069402437,0.9809326903564108,0,0.5885596142138465,11,1.3928571428571428,0.10714285714285714,N2 S1 P1 O3,de-protonated,0,-9999,C28 H39 O3 N2 P1 S1,28,39,3,2,1,1,-9999,-9999,-9999
1310,513.234555,513.2344576703254,513.2339733963591,1484053.9,-9999,292003.2,12.32,-1,0.9435734797589072,0.8508245215535039,0,0.5104947129321022,2,2.15,0.25,N4 S2 P1 O5,de-protonated,0,-9999,C20 H43 O5 N4 P1 S2,20,43,5,4,1,2,-9999,-9999,-9999
1311,513.271059,513.2709616434429,513.271390476909,2107176.3,-9999,323198.9,18.2,-1,-0.8354906859671871,0.8810337973264065,0,0.5286202783958439,5,1.7037037037037035,0.18518518518518515,S2 O5,de-protonated,0,-9999,C27 H46 O5 S2,27,46,5,-9999,-9999,2,-9999,-9999,-9999
1311,513.271059,513.2709616434429,513.270521097039,2107176.3,-9999,323198.9,18.2,-1,0.8583123046378752,0.8748758840933346,0,0.5249255304560008,6,1.6153846153846154,0.38461538461538464,O10,de-protonated,0,-9999,C26 H42 O10,26,42,10,-9999,-9999,-9999,-9999,-9999,-9999
1311,513.271059,513.2709616434429,513.2710103543891,2107176.3,-9999,323198.9,18.2,-1,-0.09490297566038862,0.9983671034649524,0,0.5990202620789715,10,1.4827586206896552,0.06896551724137931,N2 S1 P1 O2,de-protonated,0,-9999,C29 H43 O2 N2 P1 S1,29,43,2,2,1,1,-9999,-9999,-9999
1312,513.307365,513.3072676167061,513.3077759862591,1658170.5,-9999,329884.2,13.96,-1,-0.9903796061548118,0.8369639632355782,0,0.5021783779413469,4,1.7857142857142858,0.14285714285714285,S2 O4,de-protonated,0,-9999,C28 H50 O4 S2,28,50,4,-9999,-9999,2,-9999,-9999,-9999
1312,513.307365,513.3072676167061,513.306906606389,1658170.5,-9999,329884.2,13.96,-1,0.70330305794114,0.9141588687068138,0,0.5484953212240883,5,1.7037037037037035,0.3333333333333333,O9,de-protonated,0,-9999,C27 H46 O9,27,46,9,-9999,-9999,-9999,-9999,-9999,-9999
1312,513.307365,513.3072676167061,513.307395863739,1658170.5,-9999,329884.2,13.96,-1,-0.24984450625391935,0.9887374624196756,0,0.5932424774518055,9,1.5666666666666669,0.03333333333333333,N2 S1 P1 O1,de-protonated,0,-9999,C30 H47 O1 N2 P1 S1,30,47,1,2,1,1,-9999,-9999,-9999
1314,514.288642,514.2885438940663,514.288040143329,1733928.6,-9999,357281.1,14.67,-1,0.979510892623287,0.8402217651355389,0,0.5041330590813233,14,1.2727272727272727,0.06060606060606061,N1 P1 O2,de-protonated,0,-9999,C33 H42 O2 N1 P1,33,42,2,1,1,-9999,-9999,-9999,-9999
1316,514.929887,514.9297884218356,514.930199380669,1667692.3,-9999,318025.2,14.04,-1,-0.7980864861051319,0.8908561643148616,0,0.534513698588917,18,0.42857142857142855,0.47619047619047616,S2 P1 O10,de-protonated,0,-9999,C21 H9 O10 P1 S2,21,9,10,-9999,1,2,-9999,-9999,-9999
1317,515.020628,515.0205293550114,515.020595522379,3528858.3,-9999,247519.5,31.61,-1,-0.12847518766908883,0.4985047556600467,0.7311359101322861,0.5915572174489424,29,0.35294117647058826,0.0588235294117647,S2 O2,de-protonated,0,-9999,C34 H12 O2 S2,34,12,2,-9999,-9999,2,-9999,-9999,-9999
1317,515.020628,515.0205293550114,515.0207284641091,3528858.3,-9999,247519.5,31.61,-1,-0.3866040466000901,0.4866223157584017,0.8007932653391622,0.6122906955907059,16,0.7391304347826086,0.43478260869565216,S1 P1 O10,de-protonated,0,-9999,C23 H17 O10 P1 S1,23,17,10,-9999,1,1,-9999,-9999,-9999
1317,515.020628,515.0205293550114,515.0200770154291,3528858.3,-9999,247519.5,31.61,-1,0.8782950460110718,0.8693843916494821,0,0.5216306349896892,7,1.4,0.8,N2 S2 P1 O12,de-protonated,0,-9999,C15 H21 O12 N2 P1 S2,15,21,12,2,1,2,-9999,-9999,-9999
1318,515.271481,515.2713821702762,515.271784400079,1549337,-9999,242241.3,12.92,-1,-0.7806167832353605,0.8953254133893571,0,0.5371952480336143,0,2.0869565217391304,0.34782608695652173,S2 O8,de-protonated,0,-9999,C23 H48 O8 S2,23,48,8,-9999,-9999,2,-9999,-9999,-9999
1318,515.271481,515.2713821702762,515.270915020209,1549337,-9999,242241.3,12.92,-1,0.9066105878180836,0.861448130096922,0,0.5168688780581532,1,2,0.5909090909090909,O13,de-protonated,0,-9999,C22 H44 O13,22,44,13,-9999,-9999,-9999,-9999,-9999,-9999
1318,515.271481,515.2713821702762,515.2714042775591,1549337,-9999,242241.3,12.92,-1,-0.04290415251607189,0.9996660511458278,0,0.5997996306874966,5,1.8,0.2,N2 S1 P1 O5,de-protonated,0,-9999,C25 H45 O5 N2 P1 S1,25,45,5,2,1,1,-9999,-9999,-9999
1320,516.232883,516.232783462273,516.233288170809,1778815.9,-9999,329403.7,15.08,-1,-0.97767530221815,0.8407696600104234,0,0.5044617960062541,24,0.8157894736842105,0.02631578947368421,N1 O1,de-protonated,0,-9999,C38 H31 O1 N1,38,31,1,1,-9999,-9999,-9999,-9999,-9999
1320,516.232883,516.232783462273,516.2326367221291,1778815.9,-9999,329403.7,15.08,-1,0.2842519699070541,0.9854460422858622,0,0.5912676253715173,15,1.1666666666666667,0.1,N3 S1 O3,de-protonated,0,-9999,C30 H35 O3 N3 S1,30,35,3,3,-9999,1,-9999,-9999,-9999
1320,516.232883,516.232783462273,516.232769663859,1778815.9,-9999,329403.7,15.08,-1,0.02672905479689352,0.9998703737726627,0,0.5999222242635976,2,2.1052631578947367,0.5789473684210527,N3 P1 O11,de-protonated,0,-9999,C19 H40 O11 N3 P1,19,40,11,3,1,-9999,-9999,-9999,-9999
1322,517.265836,517.2657357015776,517.265435716609,1468172.5,-9999,371574.9,12.15,-1,0.5799439666338381,0.9407973254246208,0,0.5644783952547725,5,1.68,0.44,O11,de-protonated,0,-9999,C25 H42 O11,25,42,11,-9999,-9999,-9999,-9999,-9999,-9999
1322,517.265836,517.2657357015776,517.265924973959,1468172.5,-9999,371574.9,12.15,-1,-0.3659092399828699,0.97599863910178275,0,0.58559918346106965,9,1.5357142857142858,0.10714285714285714,N2 S1 P1 O3,de-protonated,0,-9999,C28 H43 O3 N2 P1 S1,28,43,3,2,1,1,-9999,-9999,-9999
1322,517.265836,517.2657357015776,517.265273525279,1468172.5,-9999,371574.9,12.15,-1,0.8934995682846383,0.865145124178148,0,0.5190870745068888,0,2.35,0.25,N4 S2 P1 O5,de-protonated,0,-9999,C20 H47 O5 N4 P1 S2,20,47,5,4,1,2,-9999,-9999,-9999
1323,519.114832,519.1147303399252,519.114414375609,1545403.3,-9999,332007.4,12.87,-1,0.6086602634233845,0.9349887256835064,0,0.5609932354101039,13,1,0.5416666666666666,O13,de-protonated,0,-9999,C24 H24 O13,24,24,13,-9999,-9999,-9999,-9999,-9999,-9999
1323,519.114832,519.1147303399252,519.114903632959,1545403.3,-9999,332007.4,12.87,-1,-0.33382403884214906,0.9799826932552732,0,0.5879896159531638,17,0.925925925925926,0.18518518518518515,N2 S1 P1 O5,de-protonated,0,-9999,C27 H25 O5 N2 P1 S1,27,25,5,2,1,1,-9999,-9999,-9999
1323,519.114832,519.1147303399252,519.114252184279,1545403.3,-9999,332007.4,12.87,-1,0.9210990532049508,0.8573188950911576,0,0.5143913370546945,8,1.5263157894736843,0.3684210526315789,N4 S2 P1 O7,de-protonated,0,-9999,C19 H29 O7 N4 P1 S2,19,29,7,4,1,2,-9999,-9999,-9999
1324,519.187579,519.1874772863524,519.187185394309,1609952.5,-9999,366237,13.48,-1,0.5622096453649071,0.9442614006738632,0,0.566556840404318,11,1.2307692307692308,0.4230769230769231,O11,de-protonated,0,-9999,C26 H32 O11,26,32,11,-9999,-9999,-9999,-9999,-9999,-9999
1324,519.187579,519.1874772863524,519.187674651659,1609952.5,-9999,366237,13.48,-1,-0.38014251148878286,0.9741199349068894,0,0.5844719609441337,15,1.137931034482759,0.10344827586206896,N2 S1 P1 O3,de-protonated,0,-9999,C29 H33 O3 N2 P1 S1,29,33,3,2,1,1,-9999,-9999,-9999
1324,519.187579,519.1874772863524,519.187023202979,1609952.5,-9999,366237,13.48,-1,0.8746046281522981,0.8704054561530089,0,0.5222432736918053,6,1.761904761904762,0.23809523809523808,N4 S2 P1 O5,de-protonated,0,-9999,C21 H37 O5 N4 P1 S2,21,37,5,4,1,2,-9999,-9999,-9999
1325,519.248654,519.248552241375,519.248071575039,1775103.8,-9999,302945.7,15.04,-1,0.9256969111712549,0.855999009863357,0,0.5135994059180141,0,2.0952380952380953,0.5714285714285714,S1 O12,de-protonated,0,-9999,C21 H44 O12 S1,21,44,12,-9999,-9999,1,-9999,-9999,-9999
1325,519.248654,519.248552241375,519.248560832389,1775103.8,-9999,302945.7,15.04,-1,-0.01654508960453412,0.9999503314719418,0,0.599970198883165,4,1.875,0.16666666666666666,N2 S2 P1 O4,de-protonated,0,-9999,C24 H45 O4 N2 P1 S2,24,45,4,2,1,2,-9999,-9999,-9999
1326,520.146453,520.1463505802108,520.146048857159,5117643.5,-9999,269960.7,46.59,-1,0.5800737165980643,0.4703858161823892,0.7939170211058493,0.5997982981517733,12,1.125,0.5,N1 O12,de-protonated,0,-9999,C24 H27 O12 N1,24,27,12,1,-9999,-9999,-9999,-9999,-9999
1326,520.146453,520.1463505802108,520.1465381145091,5117643.5,-9999,269960.7,46.59,-1,-0.360541279412827,0.488344735237222,0.7739790330151772,0.6025984543484041,16,1.037037037037037,0.14814814814814814,N3 S1 P1 O4,de-protonated,0,-9999,C27 H28 O4 N3 P1 S1,27,28,4,3,1,1,-9999,-9999,-9999
1328,520.964418,520.9643149778385,520.964262414479,2531183,-9999,223810.4,22.16,-1,0.100896286605189,0.99815454631593,0,0.598892727789558,20,0.4166666666666667,0.4166666666666667,S2 O10,de-protonated,0,-9999,C24 H10 O10 S2,24,10,10,-9999,-9999,2,-9999,-9999,-9999
1329,520.970872,520.9707689730856,520.9712763472791,3791986.3,-9999,206680.7,34.07,-1,-0.9739005133771048,0.4209471315100374,0.7675537279851021,0.5595897701000633,24,0.3928571428571429,0.17857142857142858,S2 P1 O5,de-protonated,0,-9999,C28 H11 O5 P1 S2,28,11,5,-9999,1,2,-9999,-9999,-9999
1329,520.970872,520.9707689730856,520.9706036718991,3791986.3,-9999,206680.7,34.07,-1,0.3172946521733437,0.981898330457626,0,0.5891389982745756,17,0.35294117647058826,0.9411764705882352,N4 O16,de-protonated,0,-9999,C17 H6 O16 N4,17,6,16,4,-9999,-9999,-9999,-9999,-9999
1330,520.976975,520.9768719685912,520.9771495740491,4965493.5,-9999,285220.8,45.15,-1,-0.5328553432883982,0.4748925172248096,0.8149093904448103,0.6108992665128099,15,0.7142857142857143,0.47619047619047616,S2 P1 O10,de-protonated,0,-9999,C21 H15 O10 P1 S2,21,15,10,-9999,1,2,-9999,-9999,-9999
1331,520.985675,520.9855719621843,520.9853917825391,76381304,-9999,232119.8,719.37,-1,0.3458439488990167,0.282584937055047,0.8214222462591567,0.4981198607366909,15,0.6666666666666666,0.5714285714285714,S2 O12,de-protonated,0,-9999,C21 H14 O12 S2,21,14,12,-9999,-9999,2,-9999,-9999,-9999
1332,521.203088,521.2029848020752,521.2028354587691,1559273.5,-9999,300207.4,12.99,-1,0.2865358666030438,0.9852129722297004,0,0.5911277833378201,10,1.3076923076923077,0.4230769230769231,O11,de-protonated,0,-9999,C26 H34 O11,26,34,11,-9999,-9999,-9999,-9999,-9999,-9999
1332,521.203088,521.2029848020752,521.203324716119,1559273.5,-9999,300207.4,12.99,-1,-0.6521716721696635,0.9257276640509916,0,0.555436598430595,14,1.206896551724138,0.10344827586206896,N2 S1 P1 O3,de-protonated,0,-9999,C29 H35 O3 N2 P1 S1,29,35,3,2,1,1,-9999,-9999,-9999
1332,521.203088,521.2029848020752,521.2026732674391,1559273.5,-9999,300207.4,12.99,-1,0.5977226367096719,0.9372299662368986,0,0.5623379797421392,5,1.8571428571428572,0.23809523809523808,N4 S2 P1 O5,de-protonated,0,-9999,C21 H39 O5 N4 P1 S2,21,39,5,4,1,2,-9999,-9999,-9999
1333,521.225742,521.2256387853922,521.2253022373491,1866997.3,-9999,410749.3,15.89,-1,0.645686312054636,0.9271425779867852,0,0.5562855467920711,10,1.4166666666666667,0.375,N4 O9,de-protonated,0,-9999,C24 H34 O9 N4,24,34,9,4,-9999,-9999,-9999,-9999,-9999
1334,521.24632,521.246216770238,521.246234900919,2067711.8,-9999,265702,17.79,-1,-0.03478333238279503,0.9997804929202068,0,0.599868295752124,13,1.2580645161290325,0.16129032258064516,P1 O5,de-protonated,0,-9999,C31 H39 O5 P1,31,39,5,-9999,1,-9999,-9999,-9999,-9999
1334,521.24632,521.246216770238,521.246431605409,2067711.8,-9999,265702,17.79,-1,-0.4121566269309008,0.9696469448360776,0,0.5817881669016466,5,1.8095238095238095,0.5238095238095238,N4 O11,de-protonated,0,-9999,C21 H38 O11 N4,21,38,11,4,-9999,-9999,-9999,-9999,-9999
1335,521.26766,521.2675567545226,521.267364268979,1540106.8,-9999,287093,12.81,-1,0.3692645210528966,0.9755618973037566,0,0.585337138382254,8,1.5357142857142858,0.25,P1 O7,de-protonated,0,-9999,C28 H43 O7 P1,28,43,7,-9999,1,-9999,-9999,-9999,-9999
1335,521.26766,521.2675567545226,521.267560973469,1540106.8,-9999,287093,12.81,-1,-0.00809362929326642,0.9999881139414596,0,0.5999928683648758,0,2.3333333333333335,0.7222222222222222,N4 O13,de-protonated,0,-9999,C18 H42 O13 N4,18,42,13,4,-9999,-9999,-9999,-9999,-9999
1336,521.988876,521.988772223399,521.9887466176091,9260670,-9999,301297.3,85.69,-1,0.04905429490766364,0.28558956314437084,0.8214222462591567,0.4999226363902852,15,0.7,0.6,13C1 S2 O12,de-protonated,1,1331,C20 H14 O12 S2 13C1,20,14,12,-9999,-9999,2,1,-9999,-9999
1336,521.988876,521.988772223399,521.988502840709,9260670,-9999,301297.3,85.69,-1,0.5160701596975746,0.47641206301426303,0.8077896627745539,0.6089631029183794,20,0.4090909090909091,0.5,N3 S1 O11,de-protonated,0,-9999,C22 H9 O11 N3 S1,22,9,11,3,-9999,1,-9999,-9999,-9999
1339,523.255395,523.2552902906991,523.255740412449,1654538.8,-9999,372908.7,13.88,-1,-0.8602327983926918,0.8743521099291408,0,0.5246112659574844,7,1.5714285714285714,0.17857142857142858,S2 O5,de-protonated,0,-9999,C28 H44 O5 S2,28,44,5,-9999,-9999,2,-9999,-9999,-9999
1339,523.255395,523.2552902906991,523.254871032579,1654538.8,-9999,372908.7,13.88,-1,0.8012502956828137,0.8900386180750826,0,0.5340231708450495,8,1.4814814814814814,0.3703703703703703,O10,de-protonated,0,-9999,C27 H40 O10,27,40,10,-9999,-9999,-9999,-9999,-9999,-9999
1339,523.255395,523.2552902906991,523.2553602899291,1654538.8,-9999,372908.7,13.88,-1,-0.13377642208426926,0.996758037068358,0,0.5980548222410148,12,1.3666666666666667,0.06666666666666667,N2 S1 P1 O2,de-protonated,0,-9999,C30 H41 O2 N2 P1 S1,30,41,2,2,1,1,-9999,-9999,-9999
1342,525.1134,525.1132939224123,525.113232606099,6416588,-9999,232383.3,56.38,-1,0.11676779297940114,0.4987645281226054,0.7141928963326545,0.5849358754066251,29,0.4864864864864865,0.10810810810810811,O4,de-protonated,0,-9999,C37 H18 O4,37,18,4,-9999,-9999,-9999,-9999,-9999,-9999
1342,525.1134,525.1132939224123,525.113583479019,6416588,-9999,232383.3,56.38,-1,-0.5514170949692851,0.473161450585469,0.8295321147073605,0.6157097162342255,6,1.631578947368421,0.47368421052631576,N2 S2 P1 O9,de-protonated,0,-9999,C19 H31 O9 N2 P1 S2,19,31,9,2,1,2,-9999,-9999,-9999
1343,525.190125,525.1900188659099,525.1903772497191,2808051.8,-9999,273696.8,23.73,-1,-0.6823883770185645,0.4594893713014354,0.7805128205128199,0.5878987509859892,8,1.5,0.19230769230769232,S2 P1 O5,de-protonated,0,-9999,C26 H39 O5 P1 S2,26,39,5,-9999,1,2,-9999,-9999,-9999
1343,525.190125,525.1900188659099,525.1895078698491,2808051.8,-9999,273696.8,23.73,-1,0.972974618053104,0.8421696747246962,0,0.5053018048348177,9,1.4,0.4,P1 O10,de-protonated,0,-9999,C25 H35 O10 P1,25,35,10,-9999,1,-9999,-9999,-9999,-9999
1344,525.270974,525.2708678063705,525.271390476909,1841949.8,-9999,346668.9,14.99,-1,-0.9950485558891508,0.835557369198157,0,0.5013344215188942,6,1.6428571428571428,0.17857142857142858,S2 O5,de-protonated,0,-9999,C28 H46 O5 S2,28,46,5,-9999,-9999,2,-9999,-9999,-9999
1344,525.270974,525.2708678063705,525.270521097039,1841949.8,-9999,346668.9,14.99,-1,0.6600586126827046,0.9239908713901926,0,0.5543945228341156,7,1.5555555555555556,0.3703703703703703,O10,de-protonated,0,-9999,C27 H42 O10,27,42,10,-9999,-9999,-9999,-9999,-9999,-9999
1344,525.270974,525.2708678063705,525.2710103543891,1841949.8,-9999,346668.9,14.99,-1,-0.27137994638942936,0.9867257256317542,0,0.5920354353790525,11,1.4333333333333331,0.06666666666666667,N2 S1 P1 O2,de-protonated,0,-9999,C30 H43 O2 N2 P1 S1,30,43,2,2,1,1,-9999,-9999,-9999
1344,525.270974,525.2708678063705,525.270358905709,1841949.8,-9999,346668.9,14.99,-1,0.9688356725287568,0.843398716494203,0,0.5060392298965217,2,2.136363636363636,0.18181818181818185,N4 S2 P1 O4,de-protonated,0,-9999,C22 H47 O4 N4 P1 S2,22,47,4,4,1,2,-9999,-9999,-9999
1345,526.14906800000006,526.1489611597176,526.149240712569,5192421.5,-9999,278343,45.3,-1,-0.531318549607588,0.47503345965642346,0.7939170211058493,0.6025868842361939,9,1.4166666666666667,0.25,N1 S2 P1 O6,de-protonated,0,-9999,C24 H34 O6 N1 P1 S2,24,34,6,1,1,2,-9999,-9999,-9999
1346,526.288564,526.2884570569887,526.288040143329,1593134,-9999,392791,12.73,-1,0.7921777200030998,0.892376354013473,0,0.5354258124080838,15,1.2352941176470589,0.0588235294117647,N1 P1 O2,de-protonated,0,-9999,C34 H42 O2 N1 P1,34,42,2,1,1,-9999,-9999,-9999,-9999
1348,526.976141,526.9760335506379,526.9761645090291,7581843.5,-9999,288653.5,66.91,-1,-0.24850913573701408,0.4944284306781264,0.7939170211058494,0.6142238668492156,23,0.3333333333333333,0.2916666666666667,N4 S2 O7,de-protonated,0,-9999,C24 H8 O7 N4 S2,24,8,7,4,-9999,2,-9999,-9999,-9999
1349,527.111377,527.1112694510463,527.111124605819,5843162,-9999,289028.5,51.18,-1,0.2747906855330514,0.9847036164166764,0.9521896368279086,0.9716980245811694,28,0.5405405405405406,0.05405405405405406,S1 O2,de-protonated,0,-9999,C37 H20 O2 S1,37,20,2,-9999,-9999,1,-9999,-9999,-9999
1349,527.111377,527.1112694510463,527.111257547549,5843162,-9999,289028.5,51.18,-1,0.02258251378266125,0.9996739947144112,0.981490438991926,0.992400572425417,15,0.9615384615384616,0.38461538461538464,P1 O10,de-protonated,0,-9999,C26 H25 O10 P1,26,25,10,-9999,1,-9999,-9999,-9999,-9999
1349,527.111377,527.1112694510463,527.110986221389,5843162,-9999,289028.5,51.18,-1,0.5373245192647332,0.9459244401957504,0.90952587906528,0.931365015743562,1,2,0.9375,S2 O15,de-protonated,0,-9999,C16 H32 O15 S2,16,32,15,-9999,-9999,2,-9999,-9999,-9999
1350,527.28676599999994,527.2866583218849,527.287040541369,1747509.3,-9999,244198,14.12,-1,-0.7248793440904143,0.9090617787048696,0,0.5454370672229216,5,1.7142857142857142,0.17857142857142858,S2 O5,de-protonated,0,-9999,C28 H48 O5 S2,28,48,5,-9999,-9999,2,-9999,-9999,-9999
1350,527.28676599999994,527.2866583218849,527.286171161499,1747509.3,-9999,244198,14.12,-1,0.923901313046488,0.8565150036789144,0,0.5139090022073486,6,1.6296296296296295,0.3703703703703703,O10,de-protonated,0,-9999,C27 H44 O10,27,44,10,-9999,-9999,-9999,-9999,-9999,-9999
1350,527.28676599999994,527.2866583218849,527.286660418849,1747509.3,-9999,244198,14.12,-1,-0.00397689572804994,0.9999971302661964,0,0.5999982781597178,10,1.5,0.06666666666666667,N2 S1 P1 O2,de-protonated,0,-9999,C30 H45 O2 N2 P1 S1,30,45,2,2,1,1,-9999,-9999,-9999
1351,527.323142,527.3230342950966,527.323426050719,1595208.3,-9999,376225.5,12.74,-1,-0.742913367947756,0.9047060376236816,0,0.5428236225742089,4,1.793103448275862,0.13793103448275862,S2 O4,de-protonated,0,-9999,C29 H52 O4 S2,29,52,4,-9999,-9999,2,-9999,-9999,-9999
1351,527.323142,527.3230342950966,527.322556670849,1595208.3,-9999,376225.5,12.74,-1,0.905753492800817,0.8616909691794135,0,0.517014581507648,5,1.7142857142857142,0.32142857142857145,O9,de-protonated,0,-9999,C28 H48 O9,28,48,9,-9999,-9999,-9999,-9999,-9999,-9999
1351,527.323142,527.3230342950966,527.323045928199,1595208.3,-9999,376225.5,12.74,-1,-0.02206067515385481,0.9999116976519222,0,0.5999470185911533,9,1.5806451612903225,0.03225806451612903,N2 S1 P1 O1,de-protonated,0,-9999,C31 H49 O1 N2 P1 S1,31,49,1,2,1,1,-9999,-9999,-9999
1352,527.447499,527.4473912035166,527.4469693401891,2084233,-9999,353410.2,17.17,-1,0.7998213130351893,0.4452040914121404,0.725399618712417,0.5572823023322511,6,1.7142857142857142,0.08571428571428572,O3,de-protonated,0,-9999,C35 H60 O3,35,60,3,-9999,-9999,-9999,-9999,-9999,-9999
1353,528.11475,528.1146417121344,528.1144794408891,1824996.8,-9999,335021.3,14.82,-1,0.3072652834973932,0.9830149748698984,0.9521896368279086,0.9706848396531026,28,0.5555555555555556,0.05555555555555555,13C1 S1 O2,de-protonated,1,1349,C36 H20 O2 S1 13C1,36,20,2,-9999,-9999,1,1,-9999,-9999
1353,528.11475,528.1146417121344,528.114612382619,1824996.8,-9999,335021.3,14.82,-1,0.05553626926147869,0.9994405185213706,0.981490438991926,0.9922604867095928,15,1,0.4,13C1 P1 O10,de-protonated,1,1349,C25 H25 O10 P1 13C1,25,25,10,-9999,1,-9999,1,-9999,-9999
1353,528.11475,528.1146417121344,528.114341056459,1824996.8,-9999,335021.3,14.82,-1,0.5693003426961744,0.9428877467825176,0.90952587906528,0.9295429996956226,1,2.1333333333333333,1,13C1 S2 O15,de-protonated,1,1349,C15 H32 O15 S2 13C1,15,32,15,-9999,-9999,2,1,-9999,-9999
1353,528.11475,528.1146417121344,528.1147487282391,1824996.8,-9999,335021.3,14.82,-1,-0.2026379777854652,0.9925770142772936,0,0.5955462085663762,15,0.92,0.48,N1 O12,de-protonated,0,-9999,C25 H23 O12 N1,25,23,12,1,-9999,-9999,-9999,-9999,-9999
1353,528.11475,528.1146417121344,528.114235663989,1824996.8,-9999,335021.3,14.82,-1,0.7688642303690342,0.8982886812995887,0,0.5389732087797532,33,0.3947368421052632,0.02631578947368421,N3 O1,de-protonated,0,-9999,C38 H15 O1 N3,38,15,1,3,-9999,-9999,-9999,-9999,-9999
1354,528.145964,528.1458556891477,528.146130390689,1600757.1,-9999,402822.4,12.79,-1,-0.5201241200804417,0.9520981508654852,0,0.571258890519291,22,0.7941176470588235,0.02941176470588235,N1 S2 O1,de-protonated,0,-9999,C34 H27 O1 N1 S2,34,27,1,1,-9999,2,-9999,-9999,-9999
1354,528.145964,528.1458556891477,528.146263332419,1600757.1,-9999,402822.4,12.79,-1,-0.7718378405542955,0.8975422463663887,0,0.5385253478198332,9,1.391304347826087,0.391304347826087,N1 S1 P1 O9,de-protonated,0,-9999,C23 H32 O9 N1 P1 S1,23,32,9,1,1,1,-9999,-9999,-9999
1354,528.145964,528.1458556891477,528.145611883739,1600757.1,-9999,402822.4,12.79,-1,0.4616253608599216,0.962071653310294,0,0.5772429919861765,0,2.4,0.7333333333333333,N3 S2 P1 O11,de-protonated,0,-9999,C15 H36 O11 N3 P1 S2,15,36,11,3,1,2,-9999,-9999,-9999
1356,528.945588,528.9454791002821,528.945849445129,5616790.5,-9999,258990.7,49.12,-1,-0.7001564476416877,0.4574458401773064,0.8077896627745539,0.5975833692162054,18,0.5,0.4545454545454546,S2 P1 O10,de-protonated,0,-9999,C22 H11 O10 P1 S2,22,11,10,-9999,1,2,-9999,-9999,-9999
1356,528.945588,528.9454791002821,528.9449800652591,5616790.5,-9999,258990.7,49.12,-1,0.9434535572650334,0.4254297291121229,0.8149093904448101,0.5812215936451978,19,0.3333333333333333,0.7142857142857143,P1 O15,de-protonated,0,-9999,C21 H7 O15 P1,21,7,15,-9999,1,-9999,-9999,-9999,-9999
1357,529.263222,529.2631128663676,529.262933793159,1820988.5,-9999,218721.4,14.78,-1,0.33834451100681706,0.9794425430983986,0,0.5876655258590392,10,1.4,0.2,S1 O6,de-protonated,0,-9999,C30 H42 O6 S1,30,42,6,-9999,-9999,1,-9999,-9999,-9999
1358,529.463141,529.4630317191416,529.462619404649,4928933,-9999,256796.5,42.9,-1,0.7787414587037634,0.44790030443454687,0.7253996187124169,0.5589000301456949,5,1.7714285714285714,0.08571428571428572,O3,de-protonated,0,-9999,C35 H62 O3,35,62,3,-9999,-9999,-9999,-9999,-9999,-9999
1359,529.945053,529.9449433642483,529.945317873819,1704097,-9999,315789,13.72,-1,-0.7066947439970053,0.9133659636753232,0,0.548019578205194,14,0.5625,0.875,N3 S2 O14,de-protonated,0,-9999,C16 H9 O14 N3 S2,16,9,14,3,-9999,2,-9999,-9999,-9999
1360,530.133492,530.1333822254765,530.133770096019,2842371.8,-9999,344031,24.02,-1,-0.7316465474317423,0.907437403472271,0,0.5444624420833626,9,1.318181818181818,0.5454545454545454,N1 S1 O12,de-protonated,0,-9999,C22 H29 O12 N1 S1,22,29,12,1,-9999,1,-9999,-9999,-9999
1360,530.133492,530.1333822254765,530.133257031769,2842371.8,-9999,344031,24.02,-1,0.2361551663537029,0.494965884003106,0.7253996187124169,0.5871393778868303,27,0.6,0.02857142857142857,N3 S1 O1,de-protonated,0,-9999,C35 H21 O1 N3 S1,35,21,1,3,-9999,1,-9999,-9999,-9999
1360,530.133492,530.1333822254765,530.133389973499,2842371.8,-9999,344031,24.02,-1,-0.01461523210297474,0.9999612424027456,0,0.5999767454416473,14,1.0833333333333333,0.375,N3 P1 O9,de-protonated,0,-9999,C24 H26 O9 N3 P1,24,26,9,3,1,-9999,-9999,-9999,-9999
1361,530.134588,530.1344782246694,530.134910802049,2157316.3,-9999,350344.3,17.82,-1,-0.8159760296282972,0.4431004527812316,0.7369636471990461,0.5606457305483574,22,0.7878787878787878,0.06060606060606061,N1 S1 P1 O2,de-protonated,0,-9999,C33 H26 O2 N1 P1 S1,33,26,2,1,1,1,-9999,-9999,-9999
1361,530.134588,530.1344782246694,530.134259353369,2157316.3,-9999,350344.3,17.82,-1,0.41286013215424033,0.9695448333279802,0,0.5817268999967882,13,1.2,0.16,N3 S2 P1 O4,de-protonated,0,-9999,C25 H30 O4 N3 P1 S2,25,30,4,3,1,2,-9999,-9999,-9999
1363,530.28357,530.2834601149549,530.2829547628991,1939794.3,-9999,261367.3,15.85,-1,0.9529856679079352,0.848073159975389,0,0.5088438959852334,14,1.2727272727272727,0.09090909090909093,N1 P1 O3,de-protonated,0,-9999,C33 H42 O3 N1 P1,33,42,3,1,1,-9999,-9999,-9999,-9999
1364,531.131958,531.1318474901783,531.131877307289,1969422.9,-9999,308818.2,16.11,-1,-0.0561388083295337,0.9994283159992507,0,0.5996569895995504,22,0.7741935483870968,0.03225806451612903,N4 S2 O1,de-protonated,0,-9999,C31 H24 O1 N4 S2,31,24,1,4,-9999,2,-9999,-9999,-9999
1364,531.131958,531.1318474901783,531.1320102490191,1969422.9,-9999,308818.2,16.11,-1,-0.3064376420076895,0.9831055761684526,0,0.5898633457010716,9,1.45,0.45,N4 S1 P1 O9,de-protonated,0,-9999,C20 H29 O9 N4 P1 S1,20,29,9,4,1,1,-9999,-9999,-9999
1365,531.242702,531.2425914086233,531.242198348269,1641544.9,-9999,294449.2,13.14,-1,0.7398891796412882,0.9054424654113804,0,0.5432654792468282,10,1.3793103448275863,0.2413793103448276,S1 O7,de-protonated,0,-9999,C29 H40 O7 S1,29,40,7,-9999,-9999,1,-9999,-9999,-9999
1366,532.226396,532.2262846842035,532.2258338086591,2571085.3,-9999,376794.5,21.55,-1,0.847150806595845,0.4389514521751808,0.748902346707035,0.5629318099879225,15,1.1612903225806452,0.16129032258064516,N1 P1 O5,de-protonated,0,-9999,C31 H36 O5 N1 P1,31,36,5,1,1,-9999,-9999,-9999,-9999
1367,534.125819,534.1257062854154,534.126182792139,2591540.5,-9999,263698.9,21.73,-1,-0.892123881976142,0.8655308235035234,0,0.5193184941021141,12,1.16,0.32,N1 S2 O8,de-protonated,0,-9999,C25 H29 O8 N1 S2,25,29,8,1,-9999,2,-9999,-9999,-9999
1367,534.125819,534.1257062854154,534.1253134122691,2591540.5,-9999,263698.9,21.73,-1,0.735544892667357,0.9064961377423976,0,0.5438976826454385,13,1.0416666666666667,0.5416666666666666,N1 O13,de-protonated,0,-9999,C24 H25 O13 N1,24,25,13,1,-9999,-9999,-9999,-9999,-9999
1367,534.125819,534.1257062854154,534.125802669619,2591540.5,-9999,263698.9,21.73,-1,-0.18045225141372476,0.9941089046534884,0,0.596465342792093,17,0.9629629629629628,0.18518518518518515,N3 S1 P1 O5,de-protonated,0,-9999,C27 H26 O5 N3 P1 S1,27,26,5,3,1,1,-9999,-9999,-9999
1368,535.107513,535.1073995624686,535.1078293933291,1923386.1,-9999,299572.6,15.68,-1,-0.8032602718839693,0.8895179402133897,0,0.5337107641280338,3,1.8333333333333333,0.6666666666666666,S2 P1 O12,de-protonated,0,-9999,C18 H33 O12 P1 S2,18,33,12,-9999,1,2,-9999,-9999,-9999
1368,535.107513,535.1073995624686,535.1073163290789,1923386.1,-9999,299572.6,15.68,-1,0.1555452282556105,0.9956195948606504,0,0.5973717569163903,21,0.8064516129032258,0.03225806451612903,N2 S2 P1 O1,de-protonated,0,-9999,C31 H25 O1 N2 P1 S2,31,25,1,2,1,2,-9999,-9999,-9999
1370,537.207189,537.2070740162085,537.207132992859,2131855.3,-9999,278653.6,17.55,-1,-0.10978381872682898,0.4989077408171934,0.7141928963326545,0.5850218030233778,23,0.8108108108108109,0.10810810810810811,O4,de-protonated,0,-9999,C37 H30 O4,37,30,4,-9999,-9999,-9999,-9999,-9999,-9999
1370,537.207189,537.2070740162085,537.2074838657791,2131855.3,-9999,278653.6,17.55,-1,-0.7629260255985935,0.8997725062610853,0,0.5398635037566512,0,2.263157894736842,0.47368421052631576,N2 S2 P1 O9,de-protonated,0,-9999,C19 H43 O9 N2 P1 S2,19,43,9,2,1,2,-9999,-9999,-9999
1370,537.207189,537.2070740162085,537.2066144859091,2131855.3,-9999,278653.6,17.55,-1,0.8554070017074995,0.8756666129224325,0,0.5253999677534595,1,2.1666666666666665,0.7777777777777778,N2 P1 O14,de-protonated,0,-9999,C18 H39 O14 N2 P1,18,39,14,2,1,-9999,-9999,-9999,-9999
1371,539.138915,539.1387985936316,539.1391295222489,4746638.5,-9999,270692.4,41.2,-1,-0.6138093105061728,0.4669607243600476,0.8370420509349343,0.6149932549900023,1,2.0555555555555554,0.6666666666666666,S2 P1 O12,de-protonated,0,-9999,C18 H37 O12 P1 S2,18,37,12,-9999,1,2,-9999,-9999,-9999
1371,539.138915,539.1387985936316,539.138616457999,4746638.5,-9999,270692.4,41.2,-1,0.33782709499764707,0.4897523610231371,0.7489023467070351,0.5934123552966963,19,0.935483870967742,0.03225806451612903,N2 S2 P1 O1,de-protonated,0,-9999,C31 H29 O1 N2 P1 S2,31,29,1,2,1,2,-9999,-9999,-9999
1372,539.205277,539.2051605447608,539.2050249925791,1662449.6,-9999,192932.7,13.3,-1,0.2513926530038271,0.98859825588303,0,0.5931589535298178,22,0.8648648648648649,0.05405405405405406,S1 O2,de-protonated,0,-9999,C37 H32 O2 S1,37,32,2,-9999,-9999,1,-9999,-9999,-9999
1372,539.205277,539.2051605447608,539.205157934309,1662449.6,-9999,192932.7,13.3,-1,0.00484129607661684,0.9999957471879332,0,0.5999974483127599,9,1.4230769230769231,0.38461538461538464,P1 O10,de-protonated,0,-9999,C26 H37 O10 P1,26,37,10,-9999,1,-9999,-9999,-9999,-9999
1373,540.128414,540.1282968649369,540.128505267679,1790875.6,-9999,352543.5,13.83,-1,-0.38583918456422767,0.9733489710287364,0,0.5840093826172418,10,1.3333333333333333,0.2916666666666667,N1 S2 P1 O7,de-protonated,0,-9999,C24 H32 O7 N1 P1 S2,24,32,7,1,1,2,-9999,-9999,-9999
1375,540.982612,540.9824942358816,540.982234954479,3575137.8,-9999,233373.6,29.27,-1,0.47927895931608305,0.47958820304837646,0.7939170211058493,0.6053197302713655,18,0.625,0.375,S2 P1 O9,de-protonated,0,-9999,C24 H15 O9 P1 S2,24,15,9,-9999,1,2,-9999,-9999,-9999
1376,540.985116,540.9849982340376,540.984603936199,3912035,-9999,294214.1,32.19,-1,0.7288522365373901,0.4540548084918612,0.7489023467070351,0.5719938237779307,27,0.3225806451612903,0.1935483870967742,S2 O6,de-protonated,0,-9999,C31 H10 O6 S2,31,10,6,-9999,-9999,2,-9999,-9999,-9999
1376,540.985116,540.9849982340376,540.984736877929,3912035,-9999,294214.1,32.19,-1,0.48311179736645016,0.47926731842806314,0.8221557383861047,0.6164226864112798,14,0.75,0.7,S1 P1 O14,de-protonated,0,-9999,C20 H15 O14 P1 S1,20,15,14,-9999,1,1,-9999,-9999,-9999
1377,540.989847,540.9897292305536,540.989607783099,9212262,-9999,262950.1,78.07,-1,0.22449128939992052,0.4954486664524595,0.8007932653391622,0.6175865060071406,19,0.43478260869565216,0.6956521739130435,O16,de-protonated,0,-9999,C23 H10 O16,23,10,16,-9999,-9999,-9999,-9999,-9999,-9999
1377,540.989847,540.9897292305536,540.9900970404491,9212262,-9999,262950.1,78.07,-1,-0.6798828619549436,0.4597740299573201,0.7805128205128198,0.58806954617952,23,0.4230769230769231,0.3076923076923077,N2 S1 P1 O8,de-protonated,0,-9999,C26 H11 O8 N2 P1 S1,26,11,8,2,1,1,-9999,-9999,-9999
1377,540.989847,540.9897292305536,540.9894455917689,9212262,-9999,262950.1,78.07,-1,0.5242963370533246,0.3171152171745614,0.7787153953035453,0.5017552884261549,14,0.8333333333333334,0.5555555555555556,N4 S2 P1 O10,de-protonated,0,-9999,C18 H15 O10 N4 P1 S2,18,15,10,4,1,2,-9999,-9999,-9999
1378,540.991847,540.9917292290808,540.9916178689989,47707496,-9999,298105.9,411.33,-1,0.20584437573822603,0.1984682305442408,0.6363304386909548,0.3736131138029264,31,0.3142857142857143,0.02857142857142857,S2 P1 O1,de-protonated,0,-9999,C35 H11 O1 P1 S2,35,11,1,-9999,1,2,-9999,-9999,-9999
1378,540.991847,540.9917292290808,540.991814573489,47707496,-9999,298105.9,411.33,-1,-0.1577554520478817,0.1990989012615928,0.7046392394839742,0.4013150365505454,23,0.4,0.28,N4 S2 O7,de-protonated,0,-9999,C25 H10 O7 N4 S2,25,10,7,4,-9999,2,-9999,-9999,-9999
1379,541.108383,541.1082651432604,541.1081472256691,1670052.6,-9999,360246.1,12.78,-1,0.2179187134794113,0.9914202798271844,0,0.5948521678963106,29,0.4864864864864865,0.13513513513513514,O5,de-protonated,0,-9999,C37 H18 O5,37,18,5,-9999,-9999,-9999,-9999,-9999,-9999
1379,541.108383,541.1082651432604,541.1084980985889,1670052.6,-9999,360246.1,12.78,-1,-0.4305150064633219,0.9669289364972926,0,0.5801573618983755,6,1.631578947368421,0.5263157894736842,N2 S2 P1 O10,de-protonated,0,-9999,C19 H31 O10 N2 P1 S2,19,31,10,2,1,2,-9999,-9999,-9999
1380,541.136026,541.1359081229033,541.136290526529,2017971.4,-9999,299115.2,15.79,-1,-0.7066678624779064,0.45668613014816073,0.7087183895694521,0.5574990339166772,28,0.6052631578947368,0.05263157894736842,P1 O2,de-protonated,0,-9999,C38 H23 O2 P1,38,23,2,-9999,1,-9999,-9999,-9999,-9999
1380,541.136026,541.1359081229033,541.136019200369,2017971.4,-9999,299115.2,15.79,-1,-0.20526718193281565,0.9923838800288536,0,0.5954303280173121,14,1.0714285714285714,0.25,S2 O7,de-protonated,0,-9999,C28 H30 O7 S2,28,30,7,-9999,-9999,2,-9999,-9999,-9999
1380,541.136026,541.1359081229033,541.136152142099,2017971.4,-9999,299115.2,15.79,-1,-0.4509386312143696,0.9637755909904446,0,0.5782653545942668,1,2.0588235294117645,0.8823529411764706,S1 P1 O15,de-protonated,0,-9999,C17 H35 O15 P1 S1,17,35,15,-9999,1,1,-9999,-9999,-9999
1380,541.136026,541.1359081229033,541.1356390778491,2017971.4,-9999,299115.2,15.79,-1,0.49718598218538657,0.956138015589618,0,0.5736828093537707,19,0.9,0.13333333333333333,N2 S1 P1 O4,de-protonated,0,-9999,C30 H27 O4 N2 P1 S1,30,27,4,2,1,1,-9999,-9999,-9999
1381,541.18518099999994,541.1850630867041,541.185291869289,8662478,-9999,263738.1,73.31,-1,-0.4227435378934922,0.6414328376658194,0.9347168430746716,0.7587464398293602,8,1.5,0.2307692307692308,S2 P1 O6,de-protonated,0,-9999,C26 H39 O6 P1 S2,26,39,6,-9999,1,2,-9999,-9999,-9999
1381,541.18518099999994,541.1850630867041,541.185488573779,8662478,-9999,263738.1,73.31,-1,-0.7862130155604756,0.589476379449886,0.9191600100046188,0.721349831671779,0,2.375,0.75,N4 S2 O12,de-protonated,0,-9999,C16 H38 O12 N4 S2,16,38,12,4,-9999,2,-9999,-9999,-9999
1382,541.30242,541.3023020003661,541.3026906058291,1615884,-9999,284610.4,12.31,-1,-0.7179078724138521,0.9107223990321088,0,0.5464334394192653,5,1.7241379310344829,0.1724137931034483,S2 O5,de-protonated,0,-9999,C29 H50 O5 S2,29,50,5,-9999,-9999,2,-9999,-9999,-9999
1382,541.30242,541.3023020003661,541.3018212259591,1615884,-9999,284610.4,12.31,-1,0.8881817651172288,0.8666337256540373,0,0.5199802353924223,6,1.6428571428571428,0.35714285714285715,O10,de-protonated,0,-9999,C28 H46 O10,28,46,10,-9999,-9999,-9999,-9999,-9999,-9999
1382,541.30242,541.3023020003661,541.302310483309,1615884,-9999,284610.4,12.31,-1,-0.0156713591512744,0.999955438738265,0,0.599973263242959,10,1.5161290322580645,0.06451612903225806,N2 S1 P1 O2,de-protonated,0,-9999,C31 H47 O2 N2 P1 S1,31,47,2,2,1,1,-9999,-9999,-9999
1383,541.995228,541.9951094901629,541.995241991419,5085053,-9999,203741.5,42.34,-1,-0.24446940823449984,0.49460712708591825,0.8007932653391622,0.6170815823872158,18,0.6086956521739131,0.4782608695652174,N1 S1 P1 O11,de-protonated,0,-9999,C23 H14 O11 N1 P1 S1,23,14,11,1,1,1,-9999,-9999,-9999
1383,541.995228,541.9951094901629,541.994590542739,5085053,-9999,203741.5,42.34,-1,0.9574771278636304,0.42337688190721023,0.8604105061749867,0.5981903316143209,9,1.2,0.8666666666666667,N3 S2 P1 O13,de-protonated,0,-9999,C15 H18 O13 N3 P1 S2,15,18,13,3,1,2,-9999,-9999,-9999
1384,542.144009,542.1438903805964,542.144155332139,2604492.3,-9999,263739.5,20.86,-1,-0.4887105025189792,0.9575887880183696,0,0.5745532728110218,9,1.4166666666666667,0.2916666666666667,N1 S2 P1 O7,de-protonated,0,-9999,C24 H34 O7 N1 P1 S2,24,34,7,1,1,2,-9999,-9999,-9999
1385,542.188496,542.188377347835,542.188646704359,2413540,-9999,314845.9,19.21,-1,-0.49679484386728434,0.637470312065232,0.9347168430746716,0.7563689244690078,8,1.56,0.24,13C1 S2 P1 O6,de-protonated,1,1381,C25 H39 O6 P1 S2 13C1,25,39,6,-9999,1,2,1,-9999,-9999
1385,542.188496,542.188377347835,542.188783049979,2413540,-9999,314845.9,19.21,-1,-0.7482673133246909,0.9033964004524516,0,0.5420378402714708,8,1.48,0.32,N1 S2 O8,de-protonated,0,-9999,C25 H37 O8 N1 S2,25,37,8,1,-9999,2,-9999,-9999,-9999
1385,542.188496,542.188377347835,542.187913670109,2413540,-9999,314845.9,19.21,-1,0.8551974588221787,0.8757235675823116,0,0.525434140549387,9,1.375,0.5416666666666666,N1 O13,de-protonated,0,-9999,C24 H33 O13 N1,24,33,13,1,-9999,-9999,-9999,-9999,-9999
1385,542.188496,542.188377347835,542.188402927459,2413540,-9999,314845.9,19.21,-1,-0.04717847883768695,0.9995962114499344,0,0.5997577268699605,13,1.2592592592592593,0.18518518518518515,N3 S1 P1 O5,de-protonated,0,-9999,C27 H34 O5 N3 P1 S1,27,34,5,3,1,1,-9999,-9999,-9999
1385,542.188496,542.188377347835,542.188843408849,2413540,-9999,314845.9,19.21,-1,-0.8595916713525544,0.5830180393906893,0.9191600100046188,0.717474827636261,0,2.533333333333333,0.8,13C1 N4 S2 O12,de-protonated,1,1381,C15 H38 O12 N4 S2 13C1,15,38,12,4,-9999,2,1,-9999,-9999
1386,542.283582,542.283463277811,542.2829547628991,1863190.9,-9999,340420.8,14.45,-1,0.9377298466025722,0.8525234255107743,0,0.5115140553064645,15,1.2352941176470589,0.08823529411764706,N1 P1 O3,de-protonated,0,-9999,C34 H42 O3 N1 P1,34,42,3,1,1,-9999,-9999,-9999,-9999
1388,543.182099,543.181979616118,543.182181547409,2278902.5,-9999,305293.6,18.04,-1,-0.3717561027898357,0.4876175639644149,0.719752637322661,0.5804715933077134,21,0.8888888888888888,0.02777777777777777,S2 O1,de-protonated,0,-9999,C36 H32 O1 S2,36,32,1,-9999,-9999,2,-9999,-9999,-9999
1388,543.182099,543.181979616118,543.182314489139,2278902.5,-9999,305293.6,18.04,-1,-0.616502069431071,0.9333602118856114,0,0.5600161271313668,8,1.48,0.36,S1 P1 O9,de-protonated,0,-9999,C25 H37 O9 P1 S1,25,37,9,-9999,1,1,-9999,-9999,-9999
1389,543.183553,543.1834336150472,543.1831626423091,1788919.3,-9999,336757,13.8,-1,0.49886070990024006,0.955848659520766,0,0.5735091957124596,9,1.391304347826087,0.5652173913043478,N2 O13,de-protonated,0,-9999,C23 H32 O13 N2,23,32,13,2,-9999,-9999,-9999,-9999,-9999
1389,543.183553,543.1834336150472,543.183651899659,1788919.3,-9999,336757,13.8,-1,-0.4018615270721824,0.9711225234569156,0,0.5826735140741494,13,1.2692307692307692,0.19230769230769232,N4 S1 P1 O5,de-protonated,0,-9999,C26 H33 O5 N4 P1 S1,26,33,5,4,1,1,-9999,-9999,-9999
1390,543.279227,543.2791075445903,543.2785838576191,1721898.5,-9999,257113.7,13.22,-1,0.9639381833524308,0.844848537223744,0,0.5069091223342463,10,1.4193548387096775,0.1935483870967742,S1 O6,de-protonated,0,-9999,C31 H44 O6 S1,31,44,6,-9999,-9999,1,-9999,-9999,-9999
1393,545.237702,545.2375811023146,545.237721366269,1915460.1,-9999,291851.5,14.88,-1,-0.25725284394843617,0.988063712202792,0,0.5928382273216752,1,2.0434782608695654,0.34782608695652173,S2 P1 O8,de-protonated,0,-9999,C23 H47 O8 P1 S2,23,47,8,-9999,1,2,-9999,-9999,-9999
1393,545.237702,545.2375811023146,545.2380564551889,1915460.1,-9999,291851.5,14.88,-1,-0.8718262944128693,0.8711721155320842,0,0.5227032693192505,20,1,0.02941176470588235,N4 S1 O1,de-protonated,0,-9999,C34 H34 O1 N4 S1,34,34,1,4,-9999,1,-9999,-9999,-9999
1394,547.25346,547.2533376178542,547.2533714307291,1593730.4,-9999,273229.6,12.09,-1,-0.06178650816743383,0.9993075463251478,0,0.5995845277950886,0,2.130434782608696,0.34782608695652173,S2 P1 O8,de-protonated,0,-9999,C23 H49 O8 P1 S2,23,49,8,-9999,1,2,-9999,-9999,-9999
1394,547.25346,547.2533376178542,547.253706519649,1593730.4,-9999,273229.6,12.09,-1,-0.67409647553128,0.9208562066472468,0,0.5525137239883481,19,1.0588235294117647,0.02941176470588235,N4 S1 O1,de-protonated,0,-9999,C34 H36 O1 N4 S1,34,36,1,4,-9999,1,-9999,-9999,-9999
1394,547.25346,547.2533376178542,547.253839461379,1593730.4,-9999,273229.6,12.09,-1,-0.9170214782306856,0.8584856174281184,0,0.515091370456871,6,1.7826086956521738,0.391304347826087,N4 P1 O9,de-protonated,0,-9999,C23 H41 O9 N4 P1,23,41,9,4,1,-9999,-9999,-9999,-9999
1395,547.268932,547.2688096064601,547.268627572019,1593738.8,-9999,214251.3,12.09,-1,0.33262356347608024,0.9801249664292044,0,0.5880749798575227,4,1.8148148148148149,0.18518518518518515,S2 P1 O5,de-protonated,0,-9999,C27 H49 O5 P1 S2,27,49,5,-9999,1,2,-9999,-9999,-9999
1395,547.268932,547.2688096064601,547.269095602669,1593738.8,-9999,214251.3,12.09,-1,-0.5225879028374556,0.9516544389162548,0,0.5709926633497527,10,1.5185185185185186,0.2222222222222222,N4 P1 O6,de-protonated,0,-9999,C27 H41 O6 N4 P1,27,41,6,4,1,-9999,-9999,-9999,-9999
1397,548.973664,548.9735403510479,548.973401604139,1603878.9,-9999,284283.4,12.17,-1,0.25273885486733283,0.988476524948194,0,0.5930859149689164,21,0.4782608695652174,0.30434782608695654,N4 S2 P1 O7,de-protonated,0,-9999,C23 H11 O7 N4 P1 S2,23,11,7,4,1,2,-9999,-9999,-9999
1400,550.120872,550.1207475062118,550.1210974117091,2506903.8,-9999,241104,19.98,-1,-0.6360517691828697,0.9292223580406924,0,0.5575334148244153,12,1.16,0.36,N1 S2 O9,de-protonated,0,-9999,C25 H29 O9 N1 S2,25,29,9,1,-9999,2,-9999,-9999,-9999
1400,550.120872,550.1207475062118,550.120228031839,2506903.8,-9999,241104,19.98,-1,0.9442924407288829,0.8506150057389609,0,0.5103690034433765,13,1.0416666666666667,0.5833333333333334,N1 O14,de-protonated,0,-9999,C24 H25 O14 N1,24,25,14,1,-9999,-9999,-9999,-9999,-9999
1400,550.120872,550.1207475062118,550.120717289189,2506903.8,-9999,241104,19.98,-1,0.05492798565517165,0.9994527039639544,0,0.5996716223783726,17,0.9629629629629628,0.2222222222222222,N3 S1 P1 O6,de-protonated,0,-9999,C27 H26 O6 N3 P1 S1,27,26,6,3,1,1,-9999,-9999,-9999
1402,556.123342,556.1232130858253,556.123419887249,1685133,-9999,282635.2,12.84,-1,-0.3718624612914814,0.9752211326201452,0,0.5851326795720871,10,1.3333333333333333,0.3333333333333333,N1 S2 P1 O8,de-protonated,0,-9999,C24 H32 O8 N1 P1 S2,24,32,8,1,1,2,-9999,-9999,-9999
1404,556.962423,556.9622934679027,556.961893432759,2269027.8,-9999,362548.6,17.89,-1,0.7182450871437553,0.910642373605278,0,0.5463854241631667,14,0.75,0.65,S2 P1 O13,de-protonated,0,-9999,C20 H15 O13 P1 S2,20,15,13,-9999,1,2,-9999,-9999,-9999
1404,556.962423,556.9622934679027,556.962741585929,2269027.8,-9999,362548.6,17.89,-1,-0.8045745126644976,0.88917695021253,0,0.533506170127518,15,0.5555555555555556,0.9444444444444444,N2 S1 O17,de-protonated,0,-9999,C18 H10 O17 N2 S1,18,10,17,2,-9999,1,-9999,-9999,-9999
1404,556.962423,556.9622934679027,556.962361463409,2269027.8,-9999,362548.6,17.89,-1,-0.12208276727604812,0.9972993055692396,0,0.5983795833415438,20,0.35,0.7,N4 P1 O14,de-protonated,0,-9999,C20 H7 O14 N4 P1,20,7,14,4,1,-9999,-9999,-9999,-9999
1405,557.294821,557.2946912231155,557.2942339220791,1899550.9,-9999,277761.7,14.04,-1,0.8205737804687533,0.8849917999403331,0,0.5309950799641998,10,1.4375,0.1875,S1 O6,de-protonated,0,-9999,C32 H46 O6 S1,32,46,6,-9999,-9999,1,-9999,-9999,-9999
1407,559.297688,559.2975567481484,559.297999148569,1673356.6,-9999,239878.1,12.16,-1,-0.7909923177124777,0.8926802809217393,0,0.5356081685530436,0,2.08,0.36,S2 O9,de-protonated,0,-9999,C25 H52 O9 S2,25,52,9,-9999,-9999,2,-9999,-9999,-9999
1407,559.297688,559.2975567481484,559.297129768699,1673356.6,-9999,239878.1,12.16,-1,0.7634214921154155,0.8996490467691878,0,0.5397894280615126,1,2,0.5833333333333334,O14,de-protonated,0,-9999,C24 H48 O14,24,48,14,-9999,-9999,-9999,-9999,-9999,-9999
1407,559.297688,559.2975567481484,559.2976190260491,1673356.6,-9999,239878.1,12.16,-1,-0.11135019818766362,0.9977527707459805,0,0.5986516624475883,5,1.8148148148148149,0.2222222222222222,N2 S1 P1 O6,de-protonated,0,-9999,C27 H49 O6 N2 P1 S1,27,49,6,2,1,1,-9999,-9999,-9999
1408,560.10563,560.1054981531573,560.105718673409,1772633.5,-9999,376194.9,12.98,-1,-0.3937118374647214,0.9722656772115456,0,0.5833594063269274,28,0.5555555555555556,0.1111111111111111,N1 P1 O4,de-protonated,0,-9999,C36 H20 O4 N1 P1,36,20,4,1,1,-9999,-9999,-9999,-9999
1408,560.10563,560.1054981531573,560.1054473472491,1772633.5,-9999,376194.9,12.98,-1,0.09070775598690552,0.9985081727811131,0,0.599104903668668,14,1.0384615384615383,0.34615384615384615,N1 S2 O9,de-protonated,0,-9999,C26 H27 O9 N1 S2,26,27,9,1,-9999,2,-9999,-9999,-9999
1408,560.10563,560.1054981531573,560.105067224729,1772633.5,-9999,376194.9,12.98,-1,0.769370701121932,0.898161706919685,0,0.538897024151811,19,0.8571428571428571,0.21428571428571427,N3 S1 P1 O6,de-protonated,0,-9999,C28 H24 O6 N3 P1 S1,28,24,6,3,1,1,-9999,-9999,-9999
1409,562.10368,562.1035466817376,562.1036106731291,3549909.8,-9999,268940.6,27.68,-1,-0.11384269778027652,0.49882557943876105,0.719752637322661,0.5871964025923211,27,0.6111111111111112,0.05555555555555555,N1 S1 P1 O2,de-protonated,0,-9999,C36 H22 O2 N1 P1 S1,36,22,2,1,1,1,-9999,-9999,-9999
1411,562.965702,562.9655680469205,562.965715510149,1695945.4,-9999,489941.2,12.33,-1,-0.2619399805770533,0.9876275186996438,0,0.5925765112197863,22,0.36,0.56,P1 O14,de-protonated,0,-9999,C25 H9 O14 P1,25,9,14,-9999,1,-9999,-9999,-9999,-9999
1411,562.965702,562.9655680469205,562.965064061469,1695945.4,-9999,489941.2,12.33,-1,0.8952339739121452,0.8646582498385822,0,0.5187949499031493,13,0.7647058823529411,0.9411764705882352,N2 S1 P1 O16,de-protonated,0,-9999,C17 H13 O16 N2 P1 S1,17,13,16,2,1,1,-9999,-9999,-9999
1412,562.972128,562.9719940421883,562.972458116789,3439821.3,-9999,222055.9,26.76,-1,-0.8243291372587666,0.8840004175845535,0,0.530400250550732,12,0.8947368421052632,0.7368421052631579,S2 P1 O14,de-protonated,0,-9999,C19 H17 O14 P1 S2,19,17,14,-9999,1,2,-9999,-9999,-9999
1413,562.973412,562.9732780412427,562.9737955273091,3273933.8,-9999,191260.3,25.39,-1,-0.919200983313292,0.8578624390769432,0,0.5147174634461659,17,0.65,0.5,N4 S2 P1 O10,de-protonated,0,-9999,C20 H13 O10 N4 P1 S2,20,13,10,4,1,2,-9999,-9999,-9999
1413,562.973412,562.9732780412427,562.972926147439,3273933.8,-9999,191260.3,25.39,-1,0.62506345744871,0.9315617626222416,0,0.558937057573345,18,0.47368421052631576,0.7894736842105263,N4 P1 O15,de-protonated,0,-9999,C19 H9 O15 N4 P1,19,9,15,4,1,-9999,-9999,-9999,-9999
1415,562.981856,562.9817220350243,562.981841031309,6184147,-9999,249181.6,49.47,-1,-0.21136789161222683,0.49596314867824054,0.7550179348240813,0.5995850631365769,25,0.43333333333333335,0.2,S2 P1 O6,de-protonated,0,-9999,C30 H13 O6 P1 S2,30,13,6,-9999,1,2,-9999,-9999,-9999
1415,562.981856,562.9817220350243,562.982037735799,6184147,-9999,249181.6,49.47,-1,-0.5607652706520756,0.4722696731701817,0.8221557383861047,0.6122240992565509,17,0.6,0.6,N4 S2 O12,de-protonated,0,-9999,C20 H12 O12 N4 S2,20,12,12,4,-9999,2,-9999,-9999,-9999
1415,562.981856,562.9817220350243,562.9811683559291,6184147,-9999,249181.6,49.47,-1,0.9834771149381446,0.4195178128722638,0.8295321147073604,0.5835235336063025,18,0.42105263157894735,0.8947368421052632,N4 O17,de-protonated,0,-9999,C19 H8 O17 N4,19,8,17,4,-9999,-9999,-9999,-9999,-9999
1416,562.989656,562.9895220292801,562.990083239799,73123032,-9999,235635.3,603.46,-1,-0.996839083981595,0.3660869955764146,0.7329222628960665,0.5128211025042754,25,0.4,0.26666666666666666,S2 O8,de-protonated,0,-9999,C30 H12 O8 S2,30,12,8,-9999,-9999,2,-9999,-9999,-9999
1416,562.989656,562.9895220292801,562.989051668599,73123032,-9999,235635.3,603.46,-1,0.8354703874120116,0.11012990244651262,0.6899577363135967,0.34206103599334625,21,0.5416666666666666,0.2916666666666667,N4 S2 P1 O7,de-protonated,0,-9999,C24 H13 O7 N4 P1 S2,24,13,7,4,1,2,-9999,-9999,-9999
1417,562.997885,562.9977510232201,562.998078267499,4914780,-9999,189381.7,38.97,-1,-0.5812529234299448,0.4702689474146852,0.8149093904448103,0.6081251246267352,17,0.6190476190476191,0.7142857142857143,N2 P1 O15,de-protonated,0,-9999,C21 H13 O15 N2 P1,21,13,15,2,1,-9999,-9999,-9999,-9999
1417,562.997885,562.9977510232201,562.9972938770891,4914780,-9999,189381.7,38.97,-1,0.811986373592944,0.4436229593847764,0.7939170211058493,0.5837405840732056,21,0.5,0.375,N4 S2 O9,de-protonated,0,-9999,C24 H12 O9 N4 S2,24,12,9,4,-9999,2,-9999,-9999,-9999
1418,562.998476,562.9983420227848,562.998458390019,4910300.5,-9999,205422.9,38.93,-1,-0.2066919233847014,0.4961390990696178,0.8295321147073604,0.6294963053247149,12,0.8421052631578947,0.9473684210526316,S1 O18,de-protonated,0,-9999,C19 H16 O18 S1,19,16,18,-9999,-9999,1,-9999,-9999,-9999
1418,562.998476,562.9983420227848,562.998078267499,4910300.5,-9999,205422.9,38.93,-1,0.46848345666137814,0.480479388049141,0.8149093904448103,0.6142513890074086,17,0.6190476190476191,0.7142857142857143,N2 P1 O15,de-protonated,0,-9999,C21 H13 O15 N2 P1,21,13,15,2,1,-9999,-9999,-9999,-9999
1419,563.248387,563.2482528387434,563.248286050299,1866605.8,-9999,351244.1,13.74,-1,-0.05896432618226761,0.9993693396520712,0,0.5996216037912427,0,2.130434782608696,0.391304347826087,S2 P1 O9,de-protonated,0,-9999,C23 H49 O9 P1 S2,23,49,9,-9999,1,2,-9999,-9999,-9999
1419,563.248387,563.2482528387434,563.248621139219,1866605.8,-9999,351244.1,13.74,-1,-0.6538861558361293,0.9253516149069284,0,0.555210968944157,19,1.0588235294117647,0.0588235294117647,N4 S1 O2,de-protonated,0,-9999,C34 H36 O2 N4 S1,34,36,2,4,-9999,1,-9999,-9999,-9999
1419,563.248387,563.2482528387434,563.248754080949,1866605.8,-9999,351244.1,13.74,-1,-0.8899126752705914,0.8661498904064066,0,0.5196899342438439,6,1.7826086956521738,0.43478260869565216,N4 P1 O10,de-protonated,0,-9999,C23 H41 O10 N4 P1,23,41,10,4,1,-9999,-9999,-9999,-9999
1420,563.990383,563.9902482923168,563.9903360588991,1950238.5,-9999,327459.7,14.43,-1,-0.15561717403885705,0.9956155506027524,0,0.5973693303616515,17,0.5238095238095238,0.8571428571428571,N1 O18,de-protonated,0,-9999,C21 H11 O18 N1,21,11,18,1,-9999,-9999,-9999,-9999,-9999
1421,563.992764,563.9926292905633,563.992346144799,7962400,-9999,256571.7,64.19,-1,0.5020383100548544,0.4776486041082514,0.7369636471990461,0.5813746213445692,29,0.3636363636363637,0.09090909090909093,N1 S2 P1 O3,de-protonated,0,-9999,C33 H12 O3 N1 P1 S2,33,12,3,1,1,2,-9999,-9999,-9999
1423,564.986541,564.9864055587183,564.985879069399,24676710,-9999,240458.7,202.51,-1,0.9318627930918842,0.36883057872873376,0.7329222628960665,0.5144672523956669,25,0.4,0.26666666666666666,S1 34S1 O8,de-protonated,1,1416,C30 H12 O8 S1 34S1,30,12,8,-9999,-9999,1,-9999,-9999,1
1423,564.986541,564.9864055587183,564.986454410969,24676710,-9999,240458.7,202.51,-1,-0.08646623361548128,0.3328814450176212,0.7595243993404504,0.5035386267467529,16,0.6666666666666666,0.6190476190476191,N2 S2 O13,de-protonated,0,-9999,C21 H14 O13 N2 S2,21,14,13,2,-9999,2,-9999,-9999,-9999
1423,564.986541,564.9864055587183,564.986074288449,24676710,-9999,240458.7,202.51,-1,0.5863335121812527,0.3131753611942278,0.7730942766721136,0.4971429273853821,21,0.4782608695652174,0.43478260869565216,N4 S1 P1 O10,de-protonated,0,-9999,C23 H11 O10 N4 P1 S1,23,11,10,4,1,1,-9999,-9999,-9999
1425,565.989859,565.9897228198469,565.989233904469,2635190.5,-9999,254912.1,20.09,-1,0.8638245192892378,0.3715660567495699,0.7329222628960665,0.5161085392081686,25,0.41379310344827586,0.27586206896551724,13C1 S1 34S1 O8,de-protonated,1,1416,C29 H12 O8 S1 13C1 34S1,29,12,8,-9999,-9999,1,1,-9999,1
1425,565.989859,565.9897228198469,565.989368764649,2635190.5,-9999,254912.1,20.09,-1,0.6255509685462651,0.46572935614452093,0.7428850341668535,0.5765916273534539,29,0.3125,0.1875,N1 S1 P1 O6,de-protonated,0,-9999,C32 H10 O6 N1 P1 S1,32,10,6,1,1,1,-9999,-9999,-9999
1426,566.443334,566.4431974858953,566.4434816154289,5319875.5,-9999,247216.6,42.31,-1,-0.5016026185009989,0.47768650392193784,0.7311359101322861,0.5790662664060771,3,1.911764705882353,0.02941176470588235,N1 S2 O1,de-protonated,0,-9999,C34 H65 O1 N1 S2,34,65,1,1,-9999,2,-9999,-9999,-9999
1429,567.437104,567.4369667540552,567.437013054589,4176147.3,-9999,225524.4,32.83,-1,-0.08159589999006307,0.9984809233602384,0.9266891653223616,0.9697642201450876,3,1.911764705882353,0.0588235294117647,S1 P1 O2,de-protonated,0,-9999,C34 H65 O2 P1 S1,34,65,2,-9999,1,1,-9999,-9999,-9999
1431,568.440563,568.44042501508,568.4403678896591,2172268.8,-9999,300207.5,16.25,-1,0.10049501074817156,0.9981691828595772,0.9266891653223616,0.9695771758446908,3,1.9696969696969695,0.06060606060606061,13C1 S1 P1 O2,de-protonated,1,1429,C33 H65 O2 P1 S1 13C1,33,65,2,-9999,1,1,1,-9999,-9999
1431,568.440563,568.44042501508,568.440504235279,2172268.8,-9999,300207.5,16.25,-1,-0.13936409958557397,0.4982410211315291,0.7369636471990461,0.5937300715585359,3,1.9090909090909092,0.12121212121212122,N1 S1 O4,de-protonated,0,-9999,C33 H63 O4 N1 S1,33,63,4,1,-9999,1,-9999,-9999,-9999
1431,568.440563,568.44042501508,568.4401241127589,2172268.8,-9999,300207.5,16.25,-1,0.5293474340333596,0.47521369963940147,0.725399618712417,0.5752880672686077,8,1.7142857142857142,0.02857142857142857,N3 P1 O1,de-protonated,0,-9999,C35 H60 O1 N3 P1,35,60,1,3,1,-9999,-9999,-9999,-9999
1435,569.294715,569.2945763860587,569.2942339220791,1903983.9,-9999,346918.2,14.02,-1,0.6015588410312601,0.9364479035040546,0,0.5618687421024328,11,1.393939393939394,0.18181818181818185,S1 O6,de-protonated,0,-9999,C33 H46 O6 S1,33,46,6,-9999,-9999,1,-9999,-9999,-9999
1442,573.25333,573.25318847082406,573.2527630322991,1776876.3,-9999,320617,12.95,-1,0.742148232717965,0.9048925848326472,0,0.5429355508995883,11,1.3548387096774193,0.25806451612903225,S1 O8,de-protonated,0,-9999,C31 H42 O8 S1,31,42,8,-9999,-9999,1,-9999,-9999,-9999
1443,573.289703,573.289561444038,573.2891485416491,2375938.8,-9999,305422.7,17.91,-1,0.7202340912377121,0.45508486803279224,0.7428850341668535,0.5702049344864167,10,1.4375,0.21875,S1 O7,de-protonated,0,-9999,C32 H46 O7 S1,32,46,7,-9999,-9999,1,-9999,-9999,-9999
1445,574.98764,574.9874971936298,574.987714258079,4998442.5,-9999,241678.4,39.6,-1,-0.3775114560189112,0.48723617143409614,0.7939170211058493,0.6099085113027974,17,0.7083333333333334,0.4583333333333333,S2 P1 O11,de-protonated,0,-9999,C24 H17 O11 P1 S2,24,17,11,-9999,1,2,-9999,-9999,-9999
1447,576.968705,576.9685607347182,576.968316223709,8265236.5,-9999,264489.4,63.63,-1,0.4237858513628921,0.48396903228976373,0.7939170211058493,0.6079482278161981,22,0.4583333333333333,0.3333333333333333,N4 S2 P1 O8,de-protonated,0,-9999,C24 H11 O8 N4 P1 S2,24,11,8,4,1,2,-9999,-9999,-9999
1448,578.9659,578.965754263928,578.9657189660791,2504988.8,-9999,251538.2,18.09,-1,0.06096707941587663,0.999325785380876,0,0.5995954712285255,17,0.5714285714285714,0.6666666666666666,N2 S2 O14,de-protonated,0,-9999,C21 H12 O14 N2 S2,21,12,14,2,-9999,2,-9999,-9999,-9999
1448,578.9659,578.965754263928,578.965338843559,2504988.8,-9999,251538.2,18.09,-1,0.7175220019643538,0.9108139336076402,0,0.5464883601645841,22,0.391304347826087,0.4782608695652174,N4 S1 P1 O11,de-protonated,0,-9999,C23 H9 O11 N4 P1 S1,23,9,11,4,1,1,-9999,-9999,-9999
1449,579.027586,579.0274402185008,579.027527921649,3524421,-9999,277167.1,26.15,-1,-0.15146628438425727,0.4979229251415981,0.7311359101322861,0.5912081191378733,29,0.38235294117647056,0.2352941176470588,P1 O8,de-protonated,0,-9999,C34 H13 O8 P1,34,13,8,-9999,1,-9999,-9999,-9999,-9999
1449,579.027586,579.0274402185008,579.027256595489,3524421,-9999,277167.1,26.15,-1,0.3171232610035657,0.4909588515422552,0.7939170211058493,0.6121421193676928,15,0.8333333333333334,0.5416666666666666,S2 O13,de-protonated,0,-9999,C24 H20 O13 S2,24,20,13,-9999,-9999,2,-9999,-9999,-9999
1449,579.027586,579.0274402185008,579.0268764729691,3524421,-9999,277167.1,26.15,-1,0.9736085743886302,0.42099056006474184,0.7805128205128199,0.5647994642439731,20,0.6538461538461539,0.38461538461538464,N2 S1 P1 O10,de-protonated,0,-9999,C26 H17 O10 N2 P1 S1,26,17,10,2,1,1,-9999,-9999,-9999
1449,579.027586,579.0274402185008,579.027724626139,3524421,-9999,277167.1,26.15,-1,-0.4911813823812015,0.47858409497326215,0.7939170211058493,0.6047172654262971,21,0.5,0.5833333333333334,N4 O14,de-protonated,0,-9999,C24 H12 O14 N4,24,12,14,4,-9999,-9999,-9999,-9999,-9999
1450,581.295731,581.2955835481755,581.295571332599,1969942,-9999,301164.2,13.85,-1,0.0210143979725819,0.9999198745772204,0,0.5999519247463322,17,1.2,0.05714285714285714,N4 S1 O2,de-protonated,0,-9999,C35 H42 O2 N4 S1,35,42,2,4,-9999,1,-9999,-9999,-9999
1450,581.295731,581.2955835481755,581.2957042743291,1969942,-9999,301164.2,13.85,-1,-0.20768457891667255,0.9922041413706136,0,0.595322484822368,4,1.9583333333333333,0.4166666666666667,N4 P1 O10,de-protonated,0,-9999,C24 H47 O10 N4 P1,24,47,10,4,1,-9999,-9999,-9999,-9999
1451,581.434974,581.434826445633,581.4353730849589,2445170.5,-9999,305828.5,17.61,-1,-0.940154918637632,0.4259096303556168,0.725399618712417,0.5457056256983368,9,1.6857142857142855,0.02857142857142857,N4 P1 O1,de-protonated,0,-9999,C35 H59 O1 N4 P1,35,59,1,4,1,-9999,-9999,-9999,-9999
1452,583.023869,583.0237202755264,583.023311921089,2455447.5,-9999,268621.1,17.68,-1,0.7004084212730003,0.45741654892569006,0.7311359101322861,0.5669042934083284,27,0.5,0.1176470588235294,S2 P1 O4,de-protonated,0,-9999,C34 H17 O4 P1 S2,34,17,4,-9999,1,2,-9999,-9999,-9999
1452,583.023869,583.0237202755264,583.024160074259,2455447.5,-9999,268621.1,17.68,-1,-0.7543404934439113,0.45095088388007254,0.7428850341668535,0.5677245439947849,28,0.375,0.25,N2 S1 O8,de-protonated,0,-9999,C32 H12 O8 N2 S1,32,12,8,2,-9999,1,-9999,-9999,-9999
1452,583.023869,583.0237202755264,583.024293015989,2455447.5,-9999,268621.1,17.68,-1,-0.9823612315837276,0.839369657123403,0,0.5036217942740417,15,0.8095238095238095,0.7619047619047619,N2 P1 O16,de-protonated,0,-9999,C21 H17 O16 N2 P1,21,17,16,2,1,-9999,-9999,-9999,-9999
1452,583.023869,583.0237202755264,583.023508625579,2455447.5,-9999,268621.1,17.68,-1,0.36302129215773016,0.9763715125604326,0,0.5858229075362595,19,0.6666666666666666,0.4166666666666667,N4 S2 O10,de-protonated,0,-9999,C24 H16 O10 N4 S2,24,16,10,4,-9999,2,-9999,-9999,-9999
1453,585.325924,585.3257735802289,585.3255340509991,1769394,-9999,348122.9,12.25,-1,0.4092239546740859,0.9700708515921046,0,0.5820425109552627,10,1.4705882352941178,0.17647058823529413,S1 O6,de-protonated,0,-9999,C34 H50 O6 S1,34,50,6,-9999,-9999,1,-9999,-9999,-9999
1455,586.170448,586.1702969582977,586.170370080629,2227703.3,-9999,267547.8,15.86,-1,-0.12474586744602888,0.997180363226308,0,0.5983082179357847,9,1.4615384615384617,0.3076923076923077,N1 S2 P1 O8,de-protonated,0,-9999,C26 H38 O8 N1 P1 S2,26,38,8,1,1,2,-9999,-9999,-9999
1456,587.305369,587.3052171225104,587.304798606109,1745674.8,-9999,294105.9,12.05,-1,0.7126051113313093,0.9119767891628148,0,0.5471860734976889,10,1.4545454545454546,0.21212121212121213,S1 O7,de-protonated,0,-9999,C33 H48 O7 S1,33,48,7,-9999,-9999,1,-9999,-9999,-9999
1458,588.912603,588.9124499388982,588.9119658592291,1944947.9,-9999,254855.4,13.61,-1,0.8219898681178487,0.8846183660122727,0,0.5307710196073636,20,0.3181818181818182,0.7272727272727273,S1 P1 O16,de-protonated,0,-9999,C22 H7 O16 P1 S1,22,7,16,-9999,1,1,-9999,-9999,-9999
1463,597.430053,597.4298936664104,597.4298196738789,2442733.8,-9999,230113.1,16.21,-1,0.12385141996731085,0.49861029835029186,0.725399618712417,0.5893260264951419,3,1.9142857142857144,0.02857142857142857,S2 P1 O1,de-protonated,0,-9999,C35 H67 O1 P1 S2,35,67,1,-9999,1,2,-9999,-9999,-9999
1463,597.430053,597.4298936664104,597.430287704529,2442733.8,-9999,230113.1,16.21,-1,-0.6595549751201659,0.4620511520366241,0.725399618712417,0.5673905387069413,9,1.6857142857142855,0.05714285714285714,N4 P1 O2,de-protonated,0,-9999,C35 H59 O2 N4 P1,35,59,2,4,1,-9999,-9999,-9999,-9999
1465,600.912031,600.9118691021845,600.9119658592291,3674242.8,-9999,274059.3,25.21,-1,-0.16101700434284752,0.4976533615255932,0.8007932653391622,0.6189093230510208,21,0.30434782608695654,0.6956521739130435,S1 P1 O16,de-protonated,0,-9999,C23 H7 O16 P1 S1,23,7,16,-9999,1,1,-9999,-9999,-9999
1466,601.284717,601.2845548277282,601.284063161219,2216874.3,-9999,286317.6,14.53,-1,0.8176942303022336,0.44287482960068975,0.7369636471990461,0.5605103566400322,11,1.393939393939394,0.24242424242424243,S1 O8,de-protonated,0,-9999,C33 H46 O8 S1,33,46,8,-9999,-9999,1,-9999,-9999,-9999
1468,602.910133,602.9099696307264,602.909857858949,3280063.3,-9999,254471.5,22.31,-1,0.1853872117469611,0.4968916498974793,0.8007932653391622,0.6184522960741524,20,0.391304347826087,0.6086956521739131,S2 P1 O14,de-protonated,0,-9999,C23 H9 O14 P1 S2,23,9,14,-9999,1,2,-9999,-9999,-9999
1469,603.324193,603.3240293258011,603.324485223219,2200077.5,-9999,266926.8,14.4,-1,-0.7556421610870289,0.45079008697028333,0.7141928963326545,0.5561512107152318,14,1.3243243243243243,0.13513513513513514,P1 O5,de-protonated,0,-9999,C37 H49 O5 P1,37,49,5,-9999,1,-9999,-9999,-9999,-9999
1469,603.324193,603.3240293258011,603.324213897059,2200077.5,-9999,266926.8,14.4,-1,-0.30592383610840373,0.9831617033628256,0,0.5898970220176952,0,2.074074074074074,0.3703703703703703,S2 O10,de-protonated,0,-9999,C27 H56 O10 S2,27,56,10,-9999,-9999,2,-9999,-9999,-9999
1469,603.324193,603.3240293258011,603.323833774539,2200077.5,-9999,266926.8,14.4,-1,0.32412321733062444,0.981118287898138,0,0.5886709727388827,5,1.827586206896552,0.2413793103448276,N2 S1 P1 O7,de-protonated,0,-9999,C29 H53 O7 N2 P1 S1,29,53,7,2,1,1,-9999,-9999,-9999
1473,606.939181,606.939014663623,606.939504217589,7496626,-9999,238437.3,53.16,-1,-0.8065943354727194,0.44432603020408096,0.7871578612348809,0.581458762616401,23,0.32,0.52,N2 S2 O13,de-protonated,0,-9999,C25 H8 O13 N2 S2,25,8,13,2,-9999,2,-9999,-9999,-9999
1475,611.16058,611.160410554867,611.1603972747389,8335826,-9999,223088.4,59.28,-1,0.0217293662125492,0.33330477662877533,0.6430949433786466,0.4572208433287238,29,0.6904761904761905,0.0238095238095238,S1 P1 O1,de-protonated,0,-9999,C42 H29 O1 P1 S1,42,29,1,-9999,1,1,-9999,-9999,-9999
1475,611.16058,611.160410554867,611.160258890309,8335826,-9999,223088.4,59.28,-1,0.2481584097708165,0.4944440584775948,0.8149093904448101,0.6226301912644809,2,1.9523809523809523,0.6666666666666666,S2 P1 O14,de-protonated,0,-9999,C21 H41 O14 P1 S2,21,41,14,-9999,1,2,-9999,-9999,-9999
1475,611.16058,611.160410554867,611.160593979229,8335826,-9999,223088.4,59.28,-1,-0.30012465437414243,0.4918944410743923,0.7428850341668536,0.5922906783113768,21,0.875,0.21875,N4 S1 O7,de-protonated,0,-9999,C32 H28 O7 N4 S1,32,28,7,4,-9999,1,-9999,-9999,-9999
1475,611.16058,611.160410554867,611.1607269209591,8335826,-9999,223088.4,59.28,-1,-0.5176479412755106,0.4762710947608254,0.8149093904448101,0.6117264130344193,8,1.5714285714285714,0.7142857142857143,N4 P1 O15,de-protonated,0,-9999,C21 H33 O15 N4 P1,21,33,15,4,1,-9999,-9999,-9999,-9999
1477,612.158993,612.1588228196078,612.1590175502589,5553470.5,-9999,233772.8,38.9,-1,-0.31810468436681805,0.49090331736436416,0.7087183895694522,0.5780293462463995,24,0.8421052631578947,0.02631578947368421,N1 S2 P1 O1,de-protonated,0,-9999,C38 H32 O1 N1 P1 S2,38,32,1,1,1,2,-9999,-9999,-9999
1481,625.321658,625.3214781262539,625.3217860810889,2449714.3,-9999,319638.6,14.84,-1,-0.4924741819882677,0.4784736778953085,0.7141928963326544,0.5727613652702468,17,1.2432432432432432,0.08108108108108109,N4 S1 O3,de-protonated,0,-9999,C37 H46 O3 N4 S1,37,46,3,4,-9999,1,-9999,-9999,-9999
1481,625.321658,625.3214781262539,625.3219190228191,2449714.3,-9999,319638.6,14.84,-1,-0.705071342975412,0.9137458708689362,0,0.5482475225213617,4,1.9615384615384617,0.4230769230769231,N4 P1 O11,de-protonated,0,-9999,C26 H51 O11 N4 P1,26,51,11,4,1,-9999,-9999,-9999,-9999
1482,626.165784,626.1656035046159,626.165284700199,2162801.5,-9999,287796.1,12.9,-1,0.509137802264301,0.9540536572139622,0,0.5724321943283773,11,1.3571428571428572,0.32142857142857145,N1 S2 P1 O9,de-protonated,0,-9999,C28 H38 O9 N1 P1 S2,28,38,9,1,1,2,-9999,-9999,-9999
1482,626.165784,626.1656035046159,626.166132853369,2162801.5,-9999,287796.1,12.9,-1,-0.8453806831575219,0.8783802782549317,0,0.527028166952959,12,1.2692307692307692,0.5,N3 S1 O13,de-protonated,0,-9999,C26 H33 O13 N3 S1,26,33,13,3,-9999,1,-9999,-9999,-9999
1483,634.955118,634.954931031905,634.9555482052191,3382113.5,-9999,196407,21.08,-1,-0.9719945213244224,0.4212305107422775,0.8007932653391622,0.5730556125810313,19,0.5217391304347826,0.6956521739130435,N2 S2 O16,de-protonated,0,-9999,C23 H12 O16 N2 S2,23,12,16,2,-9999,2,-9999,-9999,-9999
1483,634.955118,634.954931031905,634.9546788253491,3382113.5,-9999,196407,21.08,-1,0.39720402770938745,0.4858892661656683,0.8077896627745539,0.6146494248092226,20,0.3636363636363637,0.9545454545454546,N2 O21,de-protonated,0,-9999,C22 H8 O21 N2,22,8,21,2,-9999,-9999,-9999,-9999,-9999
1483,634.955118,634.954931031905,634.9551680826991,3382113.5,-9999,196407,21.08,-1,-0.3733346951534977,0.4875135082288374,0.7871578612348809,0.6073712494312548,24,0.36,0.52,N4 S1 P1 O13,de-protonated,0,-9999,C25 H9 O13 N4 P1 S1,25,9,13,4,1,1,-9999,-9999,-9999
1485,634.980552,634.9803650131747,634.9807003252789,2276732.5,-9999,329696.9,13.61,-1,-0.5280666074204597,0.9506609932104764,0,0.5703965959262858,18,0.64,0.64,S2 O16,de-protonated,0,-9999,C25 H16 O16 S2,25,16,16,-9999,-9999,2,-9999,-9999,-9999
1485,634.980552,634.9803650131747,634.979830945409,2276732.5,-9999,329696.9,13.61,-1,0.8410783140549202,0.8795374711905433,0,0.527722482714326,19,0.5,0.875,O21,de-protonated,0,-9999,C24 H12 O21,24,12,21,-9999,-9999,-9999,-9999,-9999,-9999
1485,634.980552,634.9803650131747,634.980320202759,2276732.5,-9999,329696.9,13.61,-1,0.07056977088910835,0.9990967768984442,0,0.5994580661390665,23,0.48148148148148145,0.48148148148148145,N2 S1 P1 O13,de-protonated,0,-9999,C27 H13 O13 N2 P1 S1,27,13,13,2,1,1,-9999,-9999,-9999
1492,653.302587,653.3023865203166,653.3026090722991,5958246.5,-9999,210655.6,35.42,-1,-0.3406568095244564,0.9703604115268024,0.9450065172075622,0.9602188537991064,5,1.7241379310344829,0.5517241379310345,O16,de-protonated,0,-9999,C29 H50 O16,29,50,16,-9999,-9999,-9999,-9999,-9999,-9999
1492,653.302587,653.3023865203166,653.302096008049,5958246.5,-9999,210655.6,35.42,-1,0.4446828953806712,0.973211776698392,0.9813939270651338,0.9764846368450888,23,1,0.11904761904761904,N2 O5,de-protonated,0,-9999,C42 H42 O5 N2,42,42,5,2,-9999,-9999,-9999,-9999,-9999
1492,653.302587,653.3023865203166,653.3024468809691,5958246.5,-9999,210655.6,35.42,-1,-0.09239312168100446,0.994975183356098,0.9123237220173774,0.9619145988206098,0,2.2916666666666665,0.4166666666666667,N4 S2 P1 O10,de-protonated,0,-9999,C24 H55 O10 N4 P1 S2,24,55,10,4,1,2,-9999,-9999,-9999
1493,654.305861,654.3056597814777,654.305963907369,2478319.3,-9999,253301,13.69,-1,-0.4648068457844212,0.9615572679090576,0.9450065172075622,0.9549369676284596,5,1.7857142857142858,0.5714285714285714,13C1 O16,de-protonated,1,1492,C28 H50 O16 13C1,28,50,16,-9999,-9999,-9999,1,-9999,-9999
1493,654.305861,654.3056597814777,654.305741357169,2478319.3,-9999,253301,13.69,-1,-0.1246751879753802,0.4985917764807917,0.7369636471990461,0.5939405247680934,8,1.6363636363636365,0.18181818181818185,N1 S2 P1 O6,de-protonated,0,-9999,C33 H54 O6 N1 P1 S2,33,54,6,1,1,2,-9999,-9999,-9999
1493,654.305861,654.3056597814777,654.305450843119,2478319.3,-9999,253301,13.69,-1,0.3193284702535411,0.9816676749403336,0.9813939270651338,0.9815581757902536,23,1.024390243902439,0.12195121951219512,13C1 N2 O5,de-protonated,1,1492,C41 H42 O5 N2 13C1,41,42,5,2,-9999,-9999,1,-9999,-9999
1493,654.305861,654.3056597814777,654.305801716039,2478319.3,-9999,253301,13.69,-1,-0.21692389231162,0.9914981024347468,0.9123237220173774,0.959828350267799,0,2.391304347826087,0.43478260869565216,13C1 N4 S2 P1 O10,de-protonated,1,1492,C23 H55 O10 N4 P1 S2 13C1,23,55,10,4,1,2,1,-9999,-9999
1494,654.985442,654.9852402810153,654.985785705709,9579012,-9999,218382.4,58,-1,-0.832727527159214,0.29392366657258284,0.7182238920063835,0.46364375674610314,21,0.5714285714285714,0.5357142857142857,S2 O15,de-protonated,0,-9999,C28 H16 O15 S2,28,16,15,-9999,-9999,2,-9999,-9999,-9999
1494,654.985442,654.9852402810153,654.984916325839,9579012,-9999,218382.4,58,-1,0.4945994453497578,0.47829158561667634,0.7739790330151771,0.5965665645760767,22,0.4444444444444444,0.7407407407407407,O20,de-protonated,0,-9999,C27 H12 O20,27,12,20,-9999,-9999,-9999,-9999,-9999,-9999
1494,654.985442,654.9852402810153,654.985405583189,9579012,-9999,218382.4,58,-1,-0.2523753542171346,0.4942547286292957,0.7550179348240813,0.59856001110721,26,0.43333333333333335,0.4,N2 S1 P1 O12,de-protonated,0,-9999,C30 H13 O12 N2 P1 S1,30,13,12,2,1,1,-9999,-9999,-9999
1494,654.985442,654.9852402810153,654.984754134509,9579012,-9999,218382.4,58,-1,0.7422256827351782,0.301624569593615,0.7533358885005607,0.4823090971563933,17,0.7727272727272727,0.6363636363636364,N4 S2 P1 O14,de-protonated,0,-9999,C22 H17 O14 N4 P1 S2,22,17,14,4,1,2,-9999,-9999,-9999
1495,659.058089,659.0578842818043,659.057962126629,25164976,-9999,214305.1,155.23,-1,-0.11811529371669044,0.3324905901181964,0.6976611809416156,0.4785588264475641,28,0.4705882352941176,0.38235294117647056,N2 O13,de-protonated,0,-9999,C34 H16 O13 N2,34,16,13,2,-9999,-9999,-9999,-9999,-9999
1495,659.058089,659.0578842818043,659.0584513839789,25164976,-9999,214305.1,155.23,-1,-0.8604732606387007,0.4376805620941377,0.6860516715266544,0.5370290058671443,32,0.4594594594594595,0.13513513513513514,N4 S1 P1 O5,de-protonated,0,-9999,C37 H17 O5 N4 P1 S1,37,17,5,4,1,1,-9999,-9999,-9999
1495,659.058089,659.0578842818043,659.057310677949,25164976,-9999,214305.1,155.23,-1,0.8703398718038244,0.174316311378006,0.7169518097527294,0.39137051072789536,19,0.7692307692307693,0.5769230769230769,N4 S1 O15,de-protonated,0,-9999,C26 H20 O15 N4 S1,26,20,15,4,-9999,1,-9999,-9999,-9999
1496,660.057626,660.0574205457174,660.057233850829,5620048.5,-9999,276283.3,33.26,-1,0.28284651513508197,0.4927942840357617,0.7087183895694522,0.5791639262492378,32,0.3947368421052632,0.2894736842105263,N1 O11,de-protonated,0,-9999,C38 H15 O11 N1,38,15,11,1,-9999,-9999,-9999,-9999,-9999
1496,660.057626,660.0574205457174,660.0577231081788,5620048.5,-9999,276283.3,33.26,-1,-0.45838788164131217,0.4812958723579372,0.6927871148459346,0.5658923693531361,36,0.3902439024390244,0.07317073170731707,N3 S1 P1 O3,de-protonated,0,-9999,C41 H16 O3 N3 P1 S1,41,16,3,3,1,1,-9999,-9999,-9999
1496,660.057626,660.0574205457174,660.0575847237491,5620048.5,-9999,276283.3,33.26,-1,-0.24873289163792528,0.4944184491920333,0.8221557383861046,0.6255133648696618,9,1.4,0.8,N3 S2 P1 O16,de-protonated,0,-9999,C20 H28 O16 N3 P1 S2,20,28,16,3,1,2,-9999,-9999,-9999
1497,660.061844,660.061638542611,660.0617458601789,3605845.3,-9999,224168.1,20.69,-1,-0.16258716484368918,0.4976074820012686,0.667769152885588,0.5656721503549964,40,0.34782608695652173,0.0217391304347826,N1 S1 P1 O1,de-protonated,0,-9999,C46 H16 O1 N1 P1 S1,46,16,1,1,1,1,-9999,-9999,-9999
1497,660.061844,660.061638542611,660.061607475749,3605845.3,-9999,224168.1,20.69,-1,0.04706660960326944,0.4997990618578219,0.7871578612348809,0.6147425816086455,13,1.12,0.56,N1 S2 P1 O14,de-protonated,0,-9999,C25 H28 O14 N1 P1 S2,25,28,14,1,1,2,-9999,-9999,-9999
1497,660.061844,660.061638542611,660.061094411499,3605845.3,-9999,224168.1,20.69,-1,0.8243647696733287,0.4419954972914304,0.7087183895694521,0.5486846542026391,31,0.5263157894736842,0.07894736842105263,N3 S2 P1 O3,de-protonated,0,-9999,C38 H20 O3 N3 P1 S2,38,20,3,3,1,2,-9999,-9999,-9999
1498,661.055017,661.0548108112108,661.0550059731789,8893940,-9999,187673.5,53.68,-1,-0.2952280314932085,0.3281031357116005,0.6762014122115458,0.4673424463115786,26,0.6388888888888888,0.19444444444444445,S2 P1 O7,de-protonated,0,-9999,C36 H23 O7 P1 S2,36,23,7,-9999,1,2,-9999,-9999,-9999
1498,661.055017,661.0548108112108,661.0542472135791,8893940,-9999,187673.5,53.68,-1,0.8525739515768026,0.4382178898965051,0.6860516715266544,0.5373514025485648,32,0.4594594594594595,0.13513513513513514,N4 34S1 P1 O5,de-protonated,1,1495,C37 H17 O5 N4 P1 34S1,37,17,5,4,1,-9999,-9999,-9999,1
1498,661.055017,661.0548108112108,661.0552026776691,8893940,-9999,187673.5,53.68,-1,-0.5927893111755277,0.3127430957019213,0.7295584795690508,0.4794692492487731,18,0.8461538461538461,0.5,N4 S2 O13,de-protonated,0,-9999,C26 H22 O13 N4 S2,26,22,13,4,-9999,2,-9999,-9999,-9999
1498,661.055017,661.0548108112108,661.0543332977991,8893940,-9999,187673.5,53.68,-1,0.7223512314878927,0.4548327423833195,0.787157861234881,0.5877627899239442,19,0.72,0.72,N4 O18,de-protonated,0,-9999,C25 H18 O18 N4,25,18,18,4,-9999,-9999,-9999,-9999,-9999
1499,665.216076,665.2158667468908,665.2155896766089,13537664,-9999,187043.9,74.86,-1,0.4165120092910932,0.6401011402350344,0.8413343871512022,0.7205944390015016,30,0.7391304347826086,0.06521739130434782,S1 O3,de-protonated,0,-9999,C46 H34 O3 S1,46,34,3,-9999,-9999,1,-9999,-9999,-9999
1499,665.216076,665.2158667468908,665.2157226183391,13537664,-9999,187043.9,74.86,-1,0.21666437940313388,0.6575098435261064,0.9140501676765777,0.7601259731862948,17,1.1142857142857143,0.3142857142857143,P1 O11,de-protonated,0,-9999,C35 H39 O11 P1,35,39,11,-9999,1,-9999,-9999,-9999,-9999
1499,665.216076,665.2158667468908,665.215451292179,13537664,-9999,187043.9,74.86,-1,0.624541584307732,0.612982924425102,0.9341976157877584,0.7414688009701645,3,1.84,0.64,S2 O16,de-protonated,0,-9999,C25 H46 O16 S2,25,46,16,-9999,-9999,2,-9999,-9999,-9999
1499,665.216076,665.2158667468908,665.2159193228291,13537664,-9999,187043.9,74.86,-1,-0.07903589912824972,0.9993530621016808,0.9893264665788528,0.9953424238925496,9,1.52,0.68,N4 O17,de-protonated,0,-9999,C25 H38 O17 N4,25,38,17,4,-9999,-9999,-9999,-9999,-9999
1500,666.219504,666.2192940079384,666.218944511679,3896897.8,-9999,219692.9,20.34,-1,0.524596699516081,0.634194179562601,0.8413343871512022,0.7170502625980415,30,0.7555555555555555,0.06666666666666667,13C1 S1 O3,de-protonated,1,1499,C45 H34 O3 S1 13C1,45,34,3,-9999,-9999,1,1,-9999,-9999
1500,666.219504,666.2192940079384,666.219077453409,3896897.8,-9999,219692.9,20.34,-1,0.32505002743199146,0.654007456396778,0.9140501676765777,0.7580245409086979,17,1.1470588235294117,0.3235294117647059,13C1 P1 O11,de-protonated,1,1499,C34 H39 O11 P1 13C1,34,39,11,-9999,1,-9999,1,-9999,-9999
1500,666.219504,666.2192940079384,666.2188061272491,3896897.8,-9999,219692.9,20.34,-1,0.7323129951199208,0.6048511821805208,0.9341976157877584,0.7365897556234158,3,1.9166666666666667,0.6666666666666666,13C1 S2 O16,de-protonated,1,1499,C24 H46 O16 S2 13C1,24,46,16,-9999,-9999,2,1,-9999,-9999
1500,666.219504,666.2192940079384,666.219213799029,3896897.8,-9999,219692.9,20.34,-1,0.12039417012516594,0.4986867005461188,0.7311359101322861,0.5916663843805856,17,1.088235294117647,0.38235294117647056,N1 O13,de-protonated,0,-9999,C34 H37 O13 N1,34,37,13,1,-9999,-9999,-9999,-9999,-9999
1500,666.219504,666.2192940079384,666.2187007347791,3896897.8,-9999,219692.9,20.34,-1,0.8905081149335108,0.43299164701894466,0.6629808336683964,0.5249873216787253,35,0.6170212765957447,0.0425531914893617,N3 O2,de-protonated,0,-9999,C47 H29 O2 N3,47,29,2,3,-9999,-9999,-9999,-9999,-9999
1500,666.219504,666.2192940079384,666.2197030563789,3896897.8,-9999,219692.9,20.34,-1,-0.6139843036728145,0.46694252013578214,0.7141928963326545,0.5658426706145311,21,1.027027027027027,0.13513513513513514,N3 S1 P1 O5,de-protonated,0,-9999,C37 H38 O5 N3 P1 S1,37,38,5,3,1,1,-9999,-9999,-9999
1500,666.219504,666.2192940079384,666.2192741578991,3896897.8,-9999,219692.9,20.34,-1,0.02979505404573519,0.9998389327641288,0.9893264665788528,0.9956339462900184,9,1.5833333333333333,0.7083333333333334,13C1 N4 O17,de-protonated,1,1499,C24 H38 O17 N4 13C1,24,38,17,4,-9999,-9999,1,-9999,-9999
1503,669.34825,669.3480377038425,669.348652278259,3792180.5,-9999,283171.6,19.73,-1,-0.9181678553520448,0.42907898289323176,0.6629808336683964,0.5226397232032977,26,0.9787234042553192,0.0425531914893617,N2 O2,de-protonated,0,-9999,C47 H46 O2 N2,47,46,2,2,-9999,-9999,-9999,-9999,-9999
1503,669.34825,669.3480377038425,669.3480008295791,3792180.5,-9999,283171.6,19.73,-1,0.05508982376167686,0.49972473751502205,0.7033271719038787,0.5811657112705647,17,1.2820512820512822,0.10256410256410256,N4 S1 O4,de-protonated,0,-9999,C39 H50 O4 N4 S1,39,50,4,4,-9999,1,-9999,-9999,-9999
1503,669.34825,669.3480377038425,669.3481337713091,3792180.5,-9999,283171.6,19.73,-1,-0.14352391796741398,0.49813464703948185,0.7675537279851021,0.60590227941773,4,1.9642857142857144,0.42857142857142855,N4 P1 O12,de-protonated,0,-9999,C28 H55 O12 N4 P1,28,55,12,4,1,-9999,-9999,-9999,-9999
1505,671.268978,671.2687642893648,671.268413096759,17114742,-9999,197795.2,95.04,-1,0.5231776125775194,0.4798870298671353,0.9153872166809508,0.6540871045926615,18,1.1282051282051282,0.20512820512820512,S1 O8,de-protonated,0,-9999,C39 H44 O8 S1,39,44,8,-9999,-9999,1,-9999,-9999,-9999
1505,671.268978,671.2687642893648,671.269415418359,17114742,-9999,197795.2,95.04,-1,-0.9699965160156528,0.4386878049639384,0.7510397405486171,0.56362857919781,4,1.827586206896552,0.3793103448275862,S2 P1 O11,de-protonated,0,-9999,C29 H53 O11 P1 S2,29,53,11,-9999,1,2,-9999,-9999,-9999
1505,671.268978,671.2687642893648,671.268546038489,17114742,-9999,197795.2,95.04,-1,0.32513198630668616,0.9859039077996936,0.9487099483217792,0.9710263240085278,5,1.75,0.5714285714285714,P1 O16,de-protonated,0,-9999,C28 H49 O16 P1,28,49,16,-9999,1,-9999,-9999,-9999,-9999
1506,672.272267,672.2720525505148,672.2717679318291,6779729.5,-9999,223047.2,36.6,-1,0.4233684935844408,0.4840000819167543,0.9153872166809508,0.656554935822433,18,1.1578947368421053,0.21052631578947367,13C1 S1 O8,de-protonated,1,1505,C38 H44 O8 S1 13C1,38,44,8,-9999,-9999,1,1,-9999,-9999
1506,672.272267,672.2720525505148,672.271900873559,6779729.5,-9999,223047.2,36.6,-1,0.2256184670834461,0.9908061164255316,0.9487099483217792,0.9739676491840306,5,1.8148148148148149,0.5925925925925926,13C1 P1 O16,de-protonated,1,1505,C27 H49 O16 P1 13C1,27,49,16,-9999,1,-9999,1,-9999,-9999
1506,672.272267,672.2720525505148,672.272037219179,6779729.5,-9999,223047.2,36.6,-1,0.02280525586085501,0.4999528183375428,0.7739790330151772,0.6095633042085966,5,1.7407407407407407,0.6666666666666666,N1 O18,de-protonated,0,-9999,C27 H47 O18 N1,27,47,18,1,-9999,-9999,-9999,-9999,-9999
1506,672.272267,672.2720525505148,672.2723935347991,6779729.5,-9999,223047.2,36.6,-1,-0.5072114928418756,0.4771963181131751,0.6927871148459346,0.5634326368062789,22,1.048780487804878,0.04878048780487805,N3 S2 O2,de-protonated,0,-9999,C41 H43 O2 N3 S2,41,43,2,3,-9999,2,-9999,-9999,-9999
1506,672.272267,672.2720525505148,672.271524154929,6779729.5,-9999,223047.2,36.6,-1,0.7859853746432311,0.44698006552252734,0.6980173569463055,0.5473949820920385,23,0.975,0.175,N3 O7,de-protonated,0,-9999,C40 H39 O7 N3,40,39,7,3,-9999,-9999,-9999,-9999,-9999
1506,672.272267,672.2720525505148,672.272526476529,6779729.5,-9999,223047.2,36.6,-1,-0.7049611512987998,0.4568858159514381,0.7550179348240813,0.5761386635004955,9,1.6,0.3333333333333333,N3 S1 P1 O10,de-protonated,0,-9999,C30 H48 O10 N3 P1 S1,30,48,10,3,1,1,-9999,-9999,-9999
1507,673.265907,673.2656918187705,673.266305096479,5042213,-9999,211999.4,26.77,-1,-0.9108991550753672,0.43011532081215226,0.7033271719038788,0.5394000612488429,17,1.1794871794871795,0.15384615384615383,S2 O6,de-protonated,0,-9999,C39 H46 O6 S2,39,46,6,-9999,-9999,2,-9999,-9999,-9999
1507,673.265907,673.2656918187705,673.265435716609,5042213,-9999,211999.4,26.77,-1,0.38038810243790505,0.48704346084070577,0.7087183895694522,0.5757134323322044,18,1.105263157894737,0.2894736842105263,O11,de-protonated,0,-9999,C38 H42 O11,38,42,11,-9999,-9999,-9999,-9999,-9999,-9999
1507,673.265907,673.2656918187705,673.265211247959,5042213,-9999,211999.4,26.77,-1,0.7137912422980555,0.45584843139491,0.7510397405486171,0.5739249550563928,4,1.827586206896552,0.3793103448275862,S1 34S1 P1 O11,de-protonated,1,1505,C29 H53 O11 P1 S1 34S1,29,53,11,-9999,1,1,-9999,-9999,1
1507,673.265907,673.2656918187705,673.2659249739589,5042213,-9999,211999.4,26.77,-1,-0.34630475088188883,0.4892372302934948,0.6927871148459346,0.5706571841144708,22,1.048780487804878,0.07317073170731707,N2 S1 P1 O3,de-protonated,0,-9999,C41 H43 O3 N2 P1 S1,41,43,3,2,1,1,-9999,-9999,-9999
1507,673.265907,673.2656918187705,673.265273525279,5042213,-9999,211999.4,26.77,-1,0.6212907571044742,0.4661784521907304,0.7369636471990461,0.5744925301940567,13,1.4242424242424243,0.15151515151515152,N4 S2 P1 O5,de-protonated,0,-9999,C33 H47 O5 N4 P1 S2,33,47,5,4,1,2,-9999,-9999,-9999
1508,679.195275,679.1950554522184,679.194854231719,3119423.8,-9999,303701.6,15.86,-1,0.29626328612574393,0.4921000237698238,0.6677691528855879,0.5623676754161295,31,0.6956521739130435,0.08695652173913043,S1 O4,de-protonated,0,-9999,C46 H32 O4 S1,46,32,4,-9999,-9999,1,-9999,-9999,-9999
1508,679.195275,679.1950554522184,679.194987173449,3119423.8,-9999,303701.6,15.86,-1,0.10052896543681468,0.4990839733061783,0.725399618712417,0.5896102314686738,18,1.0571428571428572,0.34285714285714286,P1 O12,de-protonated,0,-9999,C35 H37 O12 P1,35,37,12,-9999,1,-9999,-9999,-9999,-9999
1508,679.195275,679.1950554522184,679.194715847289,3119423.8,-9999,303701.6,15.86,-1,0.500011147758662,0.47782468817386664,0.7871578612348809,0.6015579573982723,4,1.76,0.68,S2 O17,de-protonated,0,-9999,C25 H44 O17 S2,25,44,17,-9999,-9999,2,-9999,-9999,-9999
1508,679.195275,679.1950554522184,679.194474109199,3119423.8,-9999,303701.6,15.86,-1,0.8559301372770649,0.4377621888475383,0.6582606959877568,0.5259615917036258,36,0.6041666666666666,0.02083333333333333,N2 P1 O1,de-protonated,0,-9999,C48 H29 O1 N2 P1,48,29,1,2,1,-9999,-9999,-9999,-9999
1508,679.195275,679.1950554522184,679.195183877939,3119423.8,-9999,303701.6,15.86,-1,-0.1890851461648132,0.4967668138710492,0.7871578612348809,0.6129232328165819,10,1.44,0.72,N4 O18,de-protonated,0,-9999,C25 H36 O18 N4,25,36,18,4,-9999,-9999,-9999,-9999,-9999
1509,692.187598,692.1873688843091,692.18673190059906,9393836,-9999,193977.4,46.39,-1,0.920248367481299,0.2858541997285235,0.5996860735531828,0.41138694925838726,37,0.5510204081632653,0.08163265306122448,N1 O4,de-protonated,0,-9999,C49 H27 O4 N1,49,27,4,1,-9999,-9999,-9999,-9999,-9999
1509,692.187598,692.1873688843091,692.187734222199,9393836,-9999,193977.4,46.39,-1,-0.5278017390750657,0.3169030785903623,0.6629121235444505,0.4553066965719976,23,0.9230769230769232,0.1794871794871795,N1 S1 P1 O7,de-protonated,0,-9999,C39 H36 O7 N1 P1 S1,39,36,7,1,1,1,-9999,-9999,-9999
1509,692.187598,692.1873688843091,692.187082773519,9393836,-9999,193977.4,46.39,-1,0.413343151262982,0.32315821002535944,0.701867334613775,0.4746418598607257,14,1.2903225806451613,0.2903225806451613,N3 S2 P1 O9,de-protonated,0,-9999,C31 H40 O9 N3 P1 S2,31,40,9,3,1,2,-9999,-9999,-9999
1512,693.186029,693.1857991490366,693.185865240369,7312329,-9999,214472.3,35.73,-1,-0.09534431635484752,0.4991759466619736,0.7428850341668535,0.5966595816639255,14,1.1875,0.46875,S1 O15,de-protonated,0,-9999,C32 H38 O15 S1,32,38,15,-9999,-9999,1,-9999,-9999,-9999
1512,693.186029,693.1857991490366,693.1853521761191,7312329,-9999,214472.3,35.73,-1,0.6448101018387598,0.3091109405240409,0.6240179704823443,0.43507375250736224,32,0.6666666666666666,0.08888888888888889,N2 S1 O4,de-protonated,0,-9999,C45 H30 O4 N2 S1,45,30,4,2,-9999,1,-9999,-9999,-9999
1512,693.186029,693.1857991490366,693.186354497719,7312329,-9999,214472.3,35.73,-1,-0.8011535120093819,0.44503183216682174,0.725399618712417,0.5571789467850599,18,1.1142857142857143,0.2,N2 S2 P1 O7,de-protonated,0,-9999,C35 H39 O7 N2 P1 S2,35,39,7,2,1,2,-9999,-9999,-9999
1512,693.186029,693.1857991490366,693.185485117849,7312329,-9999,214472.3,35.73,-1,0.4530262019928919,0.48172282049074006,0.7311359101322861,0.5814880563473585,19,1.0294117647058822,0.35294117647058826,N2 P1 O12,de-protonated,0,-9999,C34 H35 O12 N2 P1,34,35,12,2,1,-9999,-9999,-9999,-9999
1512,693.186029,693.1857991490366,693.1852137916891,7312329,-9999,214472.3,35.73,-1,0.8444458073708475,0.43931605041966326,0.7939170211058494,0.5811564386941377,5,1.75,0.7083333333333334,N2 S2 O17,de-protonated,0,-9999,C24 H42 O17 N2 S2,24,42,17,2,-9999,2,-9999,-9999,-9999
1513,693.687726,693.6874957795729,693.687868315949,3478108.3,-9999,223532.8,16.1,-1,-0.5370374675380583,0.47450711868020917,0.677556331758097,0.5557268039113643,1,2.0454545454545454,0.06818181818181818,N2 O3,de-protonated,0,-9999,C44 H90 O3 N2,44,90,3,2,-9999,-9999,-9999,-9999,-9999
1514,701.180518,701.1802822616718,701.180206488859,3376415,-9999,262939.7,15.53,-1,0.10806467738998662,0.4989416451323305,0.7087183895694522,0.5828523429071792,20,1.0263157894736843,0.18421052631578944,S2 P1 O7,de-protonated,0,-9999,C38 H39 O7 P1 S2,38,39,7,-9999,1,2,-9999,-9999,-9999
1514,701.180518,701.1802822616718,701.1806745195089,3376415,-9999,262939.7,15.53,-1,-0.5594247693564396,0.4723983682661552,0.7087183895694522,0.5669263767874739,26,0.8157894736842105,0.21052631578947367,N4 P1 O8,de-protonated,0,-9999,C38 H31 O8 N4 P1,38,31,8,4,1,-9999,-9999,-9999,-9999
1514,701.180518,701.1802822616718,701.180403193349,3376415,-9999,262939.7,15.53,-1,-0.17246870655711313,0.49730863271304626,0.7675537279851021,0.6054066708218686,12,1.3571428571428572,0.4642857142857143,N4 S2 O13,de-protonated,0,-9999,C28 H38 O13 N4 S2,28,38,13,4,-9999,2,-9999,-9999,-9999
1515,701.193127,701.1928912523862,701.193452544249,36797744,-9999,205849.4,186.59,-1,-0.8004807529026864,0.22255942520359995,0.7070120658184337,0.4163404814495334,12,1.2666666666666666,0.6333333333333333,O19,de-protonated,0,-9999,C30 H38 O19,30,38,19,-9999,-9999,-9999,-9999,-9999,-9999
1515,701.193127,701.1928912523862,701.192939479999,36797744,-9999,205849.4,186.59,-1,-0.0687793760456482,0.6487928943073533,0.8312902942999225,0.7217918543043811,30,0.6976744186046512,0.18604651162790695,N2 O8,de-protonated,0,-9999,C43 H30 O8 N2,43,30,8,2,-9999,-9999,-9999,-9999,-9999
1515,701.193127,701.1928912523862,701.192801095569,36797744,-9999,205849.4,186.59,-1,0.12857635871635306,0.3950169472498295,0.915055228148967,0.6030322596094846,3,1.9090909090909092,0.9545454545454546,N2 S1 O21,de-protonated,0,-9999,C22 H42 O21 N2 S1,22,42,21,2,-9999,1,-9999,-9999,-9999
1515,701.193127,701.1928912523862,701.192288031319,36797744,-9999,205849.4,186.59,-1,0.8602790953224778,0.4620806995932013,0.8644746388835034,0.6230382753093222,21,0.9714285714285714,0.2857142857142857,N4 S1 O10,de-protonated,0,-9999,C35 H34 O10 N4 S1,35,34,10,4,-9999,1,-9999,-9999,-9999
1515,701.193127,701.1928912523862,701.1932903529191,36797744,-9999,205849.4,186.59,-1,-0.5691733483993664,0.45815041804103496,0.7702423963377489,0.5829872093597206,7,1.72,0.52,N4 S2 P1 O13,de-protonated,0,-9999,C25 H43 O13 N4 P1 S2,25,43,13,4,1,2,-9999,-9999,-9999
1515,701.193127,701.1928912523862,701.192420973049,36797744,-9999,205849.4,186.59,-1,0.6706851401760798,0.47874196639671807,0.9471634335444004,0.6661105532557909,8,1.625,0.75,N4 P1 O18,de-protonated,0,-9999,C24 H39 O18 N4 P1,24,39,18,4,1,-9999,-9999,-9999,-9999
1516,702.196147,702.1959105137342,702.1955825075189,8893035,-9999,186737.3,43.76,-1,0.4671151791777048,0.3203940054984743,0.6302964184076338,0.44435497066213814,29,0.75,0.13636363636363635,N1 S1 O6,de-protonated,0,-9999,C44 H33 O6 N1 S1,44,33,6,1,-9999,1,-9999,-9999,-9999
1516,702.196147,702.1959105137342,702.196584829119,8893035,-9999,186737.3,43.76,-1,-0.9602943098382128,0.582703978109666,0.7476459967483986,0.6486807855651591,15,1.2352941176470589,0.2647058823529412,N1 S2 P1 O9,de-protonated,0,-9999,C34 H42 O9 N1 P1 S2,34,42,9,1,1,2,-9999,-9999,-9999
1516,702.196147,702.1959105137342,702.1957154492491,8893035,-9999,186737.3,43.76,-1,0.27779218940169775,0.4930477253707653,0.7369636471990461,0.5906140941020777,16,1.1515151515151516,0.42424242424242425,N1 P1 O14,de-protonated,0,-9999,C33 H38 O14 N1 P1,33,38,14,1,1,-9999,-9999,-9999,-9999
1516,702.196147,702.1959105137342,702.195444123089,8893035,-9999,186737.3,43.76,-1,0.6641892212752492,0.3076914171363074,0.747247409058623,0.4835138139052336,2,1.9565217391304348,0.8260869565217391,N1 S2 O19,de-protonated,0,-9999,C23 H45 O19 N1 S2,23,45,19,1,-9999,2,-9999,-9999,-9999
1516,702.196147,702.1959105137342,702.196294315069,8893035,-9999,186737.3,43.76,-1,-0.546572714656991,0.6314911175045024,0.8312902942999225,0.7114107882226705,30,0.7142857142857143,0.1904761904761905,13C1 N2 O8,de-protonated,1,1515,C42 H30 O8 N2 13C1,42,30,8,2,-9999,-9999,1,-9999,-9999
1516,702.196147,702.1959105137342,702.1961559306391,8893035,-9999,186737.3,43.76,-1,-0.34949907194033636,0.3912319718370451,0.915055228148967,0.6007612743618139,3,2,1,13C1 N2 S1 O21,de-protonated,1,1515,C21 H42 O21 N2 S1 13C1,21,42,21,2,-9999,1,1,-9999,-9999
1516,702.196147,702.1959105137342,702.1956428663891,8893035,-9999,186737.3,43.76,-1,0.3811577981994158,0.4869916627645669,0.8644746388835034,0.6379848532121415,21,1,0.29411764705882354,13C1 N4 S1 O10,de-protonated,1,1515,C34 H34 O10 N4 S1 13C1,34,34,10,4,-9999,1,1,-9999,-9999
1516,702.196147,702.1959105137342,702.195775808119,8893035,-9999,186737.3,43.76,-1,0.19183484129460956,0.4966724113829346,0.9471634335444004,0.6768688202475209,8,1.6956521739130437,0.782608695652174,13C1 N4 P1 O18,de-protonated,1,1515,C23 H39 O18 N4 P1 13C1,23,39,18,4,1,-9999,1,-9999,-9999
1517,703.189904,703.1896667819037,703.189983326549,9500573,-9999,216405.6,46.86,-1,-0.4501552252380257,0.47483145974751007,0.8502133915634237,0.6249842324738755,28,0.8222222222222222,0.04444444444444444,S2 P1 O2,de-protonated,0,-9999,C45 H37 O2 P1 S2,45,37,2,-9999,1,2,-9999,-9999,-9999
1517,703.189904,703.1896667819037,703.189113946679,9500573,-9999,216405.6,46.86,-1,0.7861828543729249,0.6082803957498263,0.8894936301504465,0.7207656895100744,29,0.75,0.1590909090909091,P1 O7,de-protonated,0,-9999,C44 H33 O7 P1,44,33,7,-9999,1,-9999,-9999,-9999,-9999
1517,703.189904,703.1896667819037,703.1889755622491,9500573,-9999,216405.6,46.86,-1,0.9829785145426078,0.8615627093103027,0.9400095229180252,0.8929414347533917,2,1.9565217391304348,0.8695652173913043,S1 P1 O20,de-protonated,0,-9999,C23 H45 O20 P1 S1,23,45,20,-9999,1,1,-9999,-9999,-9999
1517,703.189904,703.1896667819037,703.1901800310391,9500573,-9999,216405.6,46.86,-1,-0.7298866649634469,0.5917134151613954,0.9390456023167668,0.730646290023544,20,1.0285714285714285,0.22857142857142856,N4 S2 O8,de-protonated,0,-9999,C35 H36 O8 N4 S2,35,36,8,4,-9999,2,-9999,-9999,-9999
1517,703.189904,703.1896667819037,703.1893106511691,9500573,-9999,216405.6,46.86,-1,0.5064507227999262,0.9663521416456876,0.9903331218750986,0.9759445337374522,21,0.9411764705882352,0.38235294117647056,N4 O13,de-protonated,0,-9999,C34 H32 O13 N4,34,32,13,4,-9999,-9999,-9999,-9999,-9999
1517,703.189904,703.1896667819037,703.1890861825191,9500573,-9999,216405.6,46.86,-1,0.8256660918898844,0.4482727791741174,0.7702423963377489,0.5770606260395701,7,1.72,0.52,N4 S1 34S1 P1 O13,de-protonated,1,1515,C25 H43 O13 N4 P1 S1 34S1,25,43,13,4,1,1,-9999,-9999,1
1517,703.189904,703.1896667819037,703.190312972769,9500573,-9999,216405.6,46.86,-1,-0.9189416482948694,0.4289683218219952,0.7939170211058494,0.5749478015355369,7,1.7083333333333333,0.6666666666666666,N4 S1 P1 O16,de-protonated,0,-9999,C24 H41 O16 N4 P1 S1,24,41,16,4,1,1,-9999,-9999,-9999
1518,704.193149,704.1929110430862,704.1933381616191,3324126.3,-9999,232964.6,15.24,-1,-0.6065358897411716,0.4677133956767204,0.8502133915634237,0.6207133940314018,28,0.8409090909090909,0.04545454545454545,13C1 S2 P1 O2,de-protonated,1,1517,C44 H37 O2 P1 S2 13C1,44,37,2,-9999,1,2,1,-9999,-9999
1518,704.193149,704.1929110430862,704.192468781749,3324126.3,-9999,232964.6,15.24,-1,0.6280404247286282,0.6206209437933733,0.8894936301504465,0.7281700183362025,29,0.7674418604651163,0.16279069767441862,13C1 P1 O7,de-protonated,1,1517,C43 H33 O7 P1 13C1,43,33,7,-9999,1,-9999,1,-9999,-9999
1518,704.193149,704.1929110430862,704.1923303973191,3324126.3,-9999,232964.6,15.24,-1,0.8245556533271655,0.8839405101241526,0.9400095229180252,0.9063681152417016,2,2.0454545454545454,0.9090909090909092,13C1 S1 P1 O20,de-protonated,1,1517,C22 H45 O20 P1 S1 13C1,22,45,20,-9999,1,1,1,-9999,-9999
1518,704.193149,704.1929110430862,704.1934745072391,3324126.3,-9999,232964.6,15.24,-1,-0.8001553171749008,0.4451609238613967,0.6775563317580969,0.5381190870200768,28,0.7954545454545454,0.09090909090909093,N1 S2 O4,de-protonated,0,-9999,C44 H35 O4 N1 S2,44,35,4,1,-9999,2,-9999,-9999,-9999
1518,704.193149,704.1929110430862,704.1926051273691,3324126.3,-9999,232964.6,15.24,-1,0.4344205190569989,0.4831682259445283,0.6825582999861977,0.5629242555611961,29,0.7209302325581395,0.20930232558139536,N1 O9,de-protonated,0,-9999,C43 H31 O9 N1,43,31,9,1,-9999,-9999,-9999,-9999,-9999
1518,704.193149,704.1929110430862,704.192380658719,3324126.3,-9999,232964.6,15.24,-1,0.753181064891042,0.6014585660349195,0.7476459967483986,0.6599335383203111,15,1.2352941176470589,0.2647058823529412,N1 S1 34S1 P1 O9,de-protonated,1,1516,C34 H42 O9 N1 P1 S1 34S1,34,42,9,1,1,1,-9999,-9999,1
1518,704.193149,704.1929110430862,704.193607448969,3324126.3,-9999,232964.6,15.24,-1,-0.9889409325937148,0.41869826402206706,0.7369636471990461,0.5460044172928586,15,1.2121212121212122,0.3636363636363637,N1 S1 P1 O12,de-protonated,0,-9999,C33 H40 O12 N1 P1 S1,33,40,12,1,1,1,-9999,-9999,-9999
1518,704.193149,704.1929110430862,704.1930943847188,3324126.3,-9999,232964.6,15.24,-1,-0.2603570443301899,0.4938878443978301,0.667769152885588,0.5634403677929333,33,0.6956521739130435,0.0217391304347826,N3 S1 P1 O1,de-protonated,0,-9999,C46 H32 O1 N3 P1 S1,46,32,1,3,1,1,-9999,-9999,-9999
1518,704.193149,704.1929110430862,704.192956000289,3324126.3,-9999,232964.6,15.24,-1,-0.06384216489857601,0.4996303604253049,0.7871578612348809,0.6146413607491352,6,1.76,0.56,N3 S2 P1 O14,de-protonated,0,-9999,C25 H44 O14 N3 P1 S2,25,44,14,3,1,2,-9999,-9999,-9999
1518,704.193149,704.1929110430862,704.1935348661091,3324126.3,-9999,232964.6,15.24,-1,-0.8858687165293101,0.5781861559730711,0.9390456023167668,0.7225299345105495,20,1.0588235294117647,0.2352941176470588,13C1 N4 S2 O8,de-protonated,1,1517,C34 H36 O8 N4 S2 13C1,34,36,8,4,-9999,2,1,-9999,-9999
1518,704.193149,704.1929110430862,704.192665486239,3324126.3,-9999,232964.6,15.24,-1,0.34870690822435824,0.978178092740889,0.9903331218750986,0.9830401043945728,21,0.9696969696969696,0.3939393939393939,13C1 N4 O13,de-protonated,1,1517,C33 H32 O13 N4 13C1,33,32,13,4,-9999,-9999,1,-9999,-9999
1518,704.193149,704.1929110430862,704.1924410175891,3324126.3,-9999,232964.6,15.24,-1,0.667467399091298,0.4547222336357251,0.7702423963377489,0.5809302987165347,7,1.7916666666666667,0.5416666666666666,13C1 N4 S1 34S1 P1 O13,de-protonated,1,1515,C24 H43 O13 N4 P1 S1 13C1 34S1,24,43,13,4,1,1,1,-9999,1
1519,713.375527,713.3752822809267,713.375380090999,3171679,-9999,208169.7,14.39,-1,-0.13710884196096385,0.49829739355033176,0.719752637322661,0.5868794910592634,8,1.6111111111111112,0.3888888888888889,O14,de-protonated,0,-9999,C36 H58 O14,36,58,14,-9999,-9999,-9999,-9999,-9999,-9999
1519,713.375527,713.3752822809267,713.374867026749,3171679,-9999,208169.7,14.39,-1,0.5820981322779015,0.4701850523888056,0.6536072938689252,0.5435539489808534,26,1.020408163265306,0.06122448979591836,N2 O3,de-protonated,0,-9999,C49 H50 O3 N2,49,50,3,2,-9999,-9999,-9999,-9999,-9999
1519,713.375527,713.3752822809267,713.3758693483488,3171679,-9999,208169.7,14.39,-1,-0.8229426411983427,0.4421834192219971,0.7033271719038788,0.5466409202947498,12,1.5128205128205128,0.15384615384615383,N2 S1 P1 O6,de-protonated,0,-9999,C39 H59 O6 N2 P1 S1,39,59,6,2,1,1,-9999,-9999,-9999
1519,713.375527,713.3752822809267,713.375217899669,3171679,-9999,208169.7,14.39,-1,0.09024880053054596,0.4992616099540341,0.7489023467070351,0.5991179046552346,3,2.032258064516129,0.25806451612903225,N4 S2 P1 O8,de-protonated,0,-9999,C31 H63 O8 N4 P1 S2,31,63,8,4,1,2,-9999,-9999,-9999
1520,715.206308,715.2060619326885,715.206600685259,5646111.5,-9999,305712,24.69,-1,-0.7532824361179805,0.4510814251567057,0.725399618712417,0.5608087025789903,16,1.1428571428571428,0.4,S1 O14,de-protonated,0,-9999,C35 H40 O14 S1,35,40,14,-9999,-9999,1,-9999,-9999,-9999
1520,715.206308,715.2060619326885,715.206733626989,5646111.5,-9999,305712,24.69,-1,-0.939161041073386,0.42605400056059767,0.7939170211058493,0.5731992087786983,3,1.875,0.9166666666666666,P1 O22,de-protonated,0,-9999,C24 H45 O22 P1,24,45,22,-9999,1,-9999,-9999,-9999,-9999
1520,715.206308,715.2060619326885,715.2060876210089,5646111.5,-9999,305712,24.69,-1,-0.03591736824501265,0.4998829740922461,0.6582606959877569,0.5632340628504504,34,0.6666666666666666,0.0625,N2 S1 O3,de-protonated,0,-9999,C48 H32 O3 N2 S1,48,32,3,2,-9999,1,-9999,-9999,-9999
1520,715.206308,715.2060619326885,715.2062205627391,5646111.5,-9999,305712,24.69,-1,-0.22179624004528264,0.49555680520557577,0.7141928963326544,0.5830112416564073,21,1,0.2972972972972973,N2 P1 O11,de-protonated,0,-9999,C37 H37 O11 N2 P1,37,37,11,2,1,-9999,-9999,-9999,-9999
1520,715.206308,715.2060619326885,715.2059492365789,5646111.5,-9999,305712,24.69,-1,0.1575715494091897,0.49775249053423953,0.7739790330151771,0.6082431075266146,7,1.6296296296296295,0.5925925925925926,N2 S2 O16,de-protonated,0,-9999,C27 H44 O16 N2 S2,27,44,16,2,-9999,2,-9999,-9999,-9999
1520,715.206308,715.2060619326885,715.2054361723291,5646111.5,-9999,305712,24.69,-1,0.8749379237959543,0.4351566836986536,0.6980173569463055,0.5403009529977143,25,0.9,0.125,N4 S2 O5,de-protonated,0,-9999,C40 H36 O5 N4 S2,40,36,5,4,-9999,2,-9999,-9999,-9999
1520,715.206308,715.2060619326885,715.205569114059,5646111.5,-9999,305712,24.69,-1,0.6890587136959552,0.4587272998035917,0.7612342259156645,0.5797300702484209,12,1.4137931034482758,0.4482758620689655,N4 S1 P1 O13,de-protonated,0,-9999,C29 H41 O13 N4 P1 S1,29,41,13,4,1,1,-9999,-9999,-9999
1521,715.219468,715.2192219229971,715.2196262292589,59402032,-9999,188966.2,275.87,-1,-0.5652896634040745,0.2359166474881153,0.5668705630127557,0.36829821369797144,38,0.6226415094339622,0.01886792452830188,P1 O1,de-protonated,0,-9999,C53 H33 O1 P1,53,33,1,-9999,1,-9999,-9999,-9999,-9999
1521,715.219468,715.2192219229971,715.2193549030991,59402032,-9999,188966.2,275.87,-1,-0.1859291153893791,0.14196385953591023,0.576962773972016,0.31596342531035254,24,0.9302325581395348,0.13953488372093023,S2 O6,de-protonated,0,-9999,C43 H40 O6 S2,43,40,6,-9999,-9999,2,-9999,-9999,-9999
1521,715.219468,715.2192219229971,715.219487844829,59402032,-9999,188966.2,275.87,-1,-0.3718045109454138,0.16253812642602897,0.6697376207067514,0.3654179241383179,11,1.40625,0.4375,S1 P1 O14,de-protonated,0,-9999,C32 H45 O14 P1 S1,32,45,14,-9999,1,1,-9999,-9999,-9999
1521,715.219468,715.2192219229971,715.218974780579,59402032,-9999,188966.2,275.87,-1,0.34554790475285924,0.3223164400024725,0.8612942803451612,0.537907576139548,29,0.8222222222222222,0.06666666666666667,N2 S1 P1 O3,de-protonated,0,-9999,C45 H37 O3 N2 P1 S1,45,37,3,2,1,1,-9999,-9999,-9999
1521,715.219468,715.2192219229971,715.2188363961491,59402032,-9999,188966.2,275.87,-1,0.5390334096790053,0.2759299548373471,0.8667339013383173,0.5122515334377352,2,2.0416666666666665,0.6666666666666666,N2 S2 P1 O16,de-protonated,0,-9999,C24 H49 O16 N2 P1 S2,24,49,16,2,1,2,-9999,-9999,-9999
1521,715.219468,715.2192219229971,715.219822933749,59402032,-9999,188966.2,275.87,-1,-0.840316127464072,0.14662366942107294,0.6190718032875773,0.3356029229676747,30,0.7441860465116279,0.16279069767441862,N4 O7,de-protonated,0,-9999,C43 H32 O7 N4,43,32,7,4,-9999,-9999,-9999,-9999,-9999
1521,715.219468,715.2192219229971,715.219684549319,59402032,-9999,188966.2,275.87,-1,-0.6468310812735882,0.1544822823867323,0.7323737697409247,0.3856388773284093,3,2,0.9090909090909092,N4 S1 O20,de-protonated,0,-9999,C22 H44 O20 N4 S1,22,44,20,4,-9999,1,-9999,-9999,-9999
1522,716.222217,716.2219701845447,716.2216178080989,21806220,-9999,200197.7,100.19,-1,0.49199359112890334,0.19140590229157173,0.5705805811980578,0.34307577385416616,28,0.8695652173913043,0.0217391304347826,N1 S2 P1 O1,de-protonated,0,-9999,C46 H40 O1 N1 P1 S2,46,40,1,1,1,2,-9999,-9999,-9999
1522,716.222217,716.2219701845447,716.222329615649,21806220,-9999,200197.7,100.19,-1,-0.501842918575712,0.31844373630970624,0.8612942803451612,0.5355839539238882,29,0.8409090909090909,0.06818181818181818,13C1 N2 S1 P1 O3,de-protonated,1,1521,C44 H37 O3 N2 P1 S1 13C1,44,37,3,2,1,1,1,-9999,-9999
1522,716.222217,716.2219701845447,716.2221912312191,21806220,-9999,200197.7,100.19,-1,-0.3086286309965817,0.28081863306375565,0.8667339013383173,0.5151847403735803,2,2.130434782608696,0.6956521739130435,13C1 N2 S2 P1 O16,de-protonated,1,1521,C23 H49 O16 N2 P1 S2 13C1,23,49,16,2,1,2,1,-9999,-9999
1522,716.222217,716.2219701845447,716.222465961269,21806220,-9999,200197.7,100.19,-1,-0.6922105181567914,0.22918253903794247,0.6130092869049091,0.38271323818472913,29,0.7954545454545454,0.11363636363636365,N3 S1 O5,de-protonated,0,-9999,C44 H35 O5 N3 S1,44,35,5,3,-9999,1,-9999,-9999,-9999
1522,716.222217,716.2219701845447,716.222598902999,21806220,-9999,200197.7,100.19,-1,-0.8778254906861743,0.28983816008408875,0.7048783761064125,0.4558542464930182,16,1.2121212121212122,0.3939393939393939,N3 P1 O13,de-protonated,0,-9999,C33 H40 O13 N3 P1,33,40,13,3,1,-9999,-9999,-9999,-9999
1522,716.222217,716.2219701845447,716.2223275768391,21806220,-9999,200197.7,100.19,-1,-0.4989963041411784,0.23895629827043888,0.7271485886565854,0.4342332144248975,2,2.0434782608695654,0.782608695652174,N3 S2 O18,de-protonated,0,-9999,C23 H47 O18 N3 S2,23,47,18,3,-9999,2,-9999,-9999,-9999
1523,717.200532,717.2002844640862,717.200608317409,3662279,-9999,221571.2,15.41,-1,-0.4515519354775102,0.4818394009289592,0.6444951140065156,0.5469016861599818,38,0.5882352941176471,0.0196078431372549,N2 S1 O1,de-protonated,0,-9999,C51 H30 O1 N2 S1,51,30,1,2,-9999,1,-9999,-9999,-9999
1523,717.200532,717.2002844640862,717.200741259139,3662279,-9999,221571.2,15.41,-1,-0.6369138047088155,0.4645186789483774,0.6980173569463055,0.5579181501475486,25,0.875,0.225,N2 P1 O9,de-protonated,0,-9999,C40 H35 O9 N2 P1,40,35,9,2,1,-9999,-9999,-9999,-9999
1523,717.200532,717.2002844640862,717.2004699329791,3662279,-9999,221571.2,15.41,-1,-0.2586011871330142,0.49396951009352263,0.7550179348240813,0.5983888799857462,11,1.4,0.4666666666666667,N2 S2 O14,de-protonated,0,-9999,C30 H42 O14 N2 S2,30,42,14,2,-9999,2,-9999,-9999,-9999
1523,717.200532,717.2002844640862,717.199600553109,3662279,-9999,221571.2,15.41,-1,0.9535852733766076,0.4239486310366885,0.7612342259156646,0.5588628689882789,12,1.3103448275862069,0.6551724137931034,N2 O19,de-protonated,0,-9999,C29 H38 O19 N2,29,38,19,2,-9999,-9999,-9999,-9999,-9999
1523,717.200532,717.2002844640862,717.199956868729,3662279,-9999,221571.2,15.41,-1,0.4567699063521132,0.48142520024207847,0.6825582999861977,0.5618784401397261,29,0.7906976744186046,0.06976744186046512,N4 S2 O3,de-protonated,0,-9999,C43 H34 O3 N4 S2,43,34,3,4,-9999,2,-9999,-9999,-9999
1523,717.200532,717.2002844640862,717.200089810459,3662279,-9999,221571.2,15.41,-1,0.2714077005425801,0.4933615142330477,0.7428850341668535,0.59317092220657,16,1.21875,0.34375,N4 S1 P1 O11,de-protonated,0,-9999,C32 H39 O11 N4 P1 S1,32,39,11,4,1,1,-9999,-9999,-9999
1524,717.204469,717.204221461187,717.204764011139,5190092.5,-9999,262377.2,22.55,-1,-0.7564784552840896,0.4506866623634532,0.672627141691601,0.5394628540947124,29,0.7777777777777778,0.15555555555555556,P1 O7,de-protonated,0,-9999,C45 H35 O7 P1,45,35,7,-9999,1,-9999,-9999,-9999,-9999
1524,717.204469,717.204221461187,717.2044926849791,5190092.5,-9999,262377.2,22.55,-1,-0.3781680048710323,0.4871923104403971,0.725399618712417,0.5824752337492051,15,1.2,0.34285714285714286,S2 O12,de-protonated,0,-9999,C35 H42 O12 S2,35,42,12,-9999,-9999,2,-9999,-9999,-9999
1524,717.204469,717.204221461187,717.2036233051091,5190092.5,-9999,262377.2,22.55,-1,0.8340115114626009,0.4407143318306101,0.731135910132286,0.5568829631512804,16,1.1176470588235294,0.5,O17,de-protonated,0,-9999,C34 H38 O17,34,38,17,-9999,-9999,-9999,-9999,-9999,-9999
1524,717.204469,717.204221461187,717.204625626709,5190092.5,-9999,262377.2,22.55,-1,-0.563528883629733,0.47200349119426943,0.7939170211058493,0.6007689031589014,2,1.9583333333333333,0.8333333333333334,S1 P1 O20,de-protonated,0,-9999,C24 H47 O20 P1 S1,24,47,20,-9999,1,1,-9999,-9999,-9999
1524,717.204469,717.204221461187,717.203979620729,5190092.5,-9999,262377.2,22.55,-1,0.33719899060845065,0.489790040030804,0.6582606959877568,0.5571783024135851,33,0.7083333333333334,0.02083333333333333,N2 S2 O1,de-protonated,0,-9999,C48 H34 O1 N2 S2,48,34,1,2,-9999,2,-9999,-9999,-9999
1524,717.204469,717.204221461187,717.204112562459,5190092.5,-9999,262377.2,22.55,-1,0.15183784648895574,0.49791274341925146,0.7141928963326545,0.5844248045846127,20,1.054054054054054,0.24324324324324328,N2 S1 P1 O9,de-protonated,0,-9999,C37 H39 O9 N2 P1 S1,37,39,9,2,1,1,-9999,-9999,-9999
1525,717.217598,717.2173504515183,717.217379844549,51065312,-9999,176346.7,236.91,-1,-0.040982039056108,0.14281361405255763,0.6389654135367395,0.3412743338462304,10,1.46875,0.375,S2 P1 O12,de-protonated,0,-9999,C32 H47 O12 P1 S2,32,47,12,-9999,1,2,-9999,-9999,-9999
1525,717.217598,717.2173504515183,717.2168667802989,51065312,-9999,176346.7,236.91,-1,0.6743723437102946,0.2701809892227937,0.8402812358668138,0.49822108788040176,28,0.8666666666666667,0.02222222222222222,N2 S2 P1 O1,de-protonated,0,-9999,C45 H39 O1 N2 P1 S2,45,39,1,2,1,2,-9999,-9999,-9999
1525,717.217598,717.2173504515183,717.217714933469,51065312,-9999,176346.7,236.91,-1,-0.5081887174283898,0.15903680272210505,0.6053733604559639,0.3375714258156486,29,0.7906976744186046,0.11627906976744186,N4 S1 O5,de-protonated,0,-9999,C43 H34 O5 N4 S1,43,34,5,4,-9999,1,-9999,-9999,-9999
1525,717.217598,717.2173504515183,717.217847875199,51065312,-9999,176346.7,236.91,-1,-0.6935461550302671,0.22910558386658603,0.6988900198181842,0.4170193582472253,16,1.21875,0.40625,N4 P1 O13,de-protonated,0,-9999,C32 H39 O13 N4 P1,32,39,13,4,1,-9999,-9999,-9999,-9999
1525,717.217598,717.2173504515183,717.2175765490391,51065312,-9999,176346.7,236.91,-1,-0.3152425821498967,0.14030423095449102,0.7000229120387751,0.3641917033882046,2,2.090909090909091,0.8181818181818182,N4 S2 O18,de-protonated,0,-9999,C22 H46 O18 N4 S2,22,46,18,4,-9999,2,-9999,-9999,-9999
1526,718.220178,718.2199297131905,718.220001645369,22640444,-9999,222286.1,104.08,-1,-0.10015340481488023,0.249545399286965,0.7070120658184336,0.4325320658995524,11,1.3666666666666667,0.6333333333333333,N1 O19,de-protonated,0,-9999,C30 H41 O19 N1,30,41,19,1,-9999,-9999,-9999,-9999,-9999
1526,718.220178,718.2199297131905,718.2202216153689,22640444,-9999,222286.1,104.08,-1,-0.4064243384708795,0.27727796358442103,0.8402812358668138,0.5024792724973781,28,0.8863636363636364,0.02272727272727272,13C1 N2 S2 P1 O1,de-protonated,1,1525,C44 H39 O1 N2 P1 S2 13C1,44,39,1,2,1,2,1,-9999,-9999
1526,718.220178,718.2199297131905,718.2203579609891,22640444,-9999,222286.1,104.08,-1,-0.5962624058876294,0.18750530204022725,0.581861343614765,0.3452477186700424,28,0.8409090909090909,0.06818181818181818,N3 S2 O3,de-protonated,0,-9999,C44 H37 O3 N3 S2,44,37,3,3,-9999,2,-9999,-9999,-9999
1526,718.220178,718.2199297131905,718.219488581119,22640444,-9999,222286.1,104.08,-1,0.6142023135187274,0.3112798897984779,0.6366550704180973,0.4414299620463257,29,0.7674418604651163,0.18604651162790695,N3 O8,de-protonated,0,-9999,C43 H33 O8 N3,43,33,8,3,-9999,-9999,-9999,-9999,-9999
1526,718.220178,718.2199297131905,718.220490902719,22640444,-9999,222286.1,104.08,-1,-0.7813610661820921,0.22378414249045792,0.6833280195911066,0.4076016933307174,15,1.2727272727272727,0.3333333333333333,N3 S1 P1 O11,de-protonated,0,-9999,C33 H42 O11 N3 P1 S1,33,42,11,3,1,1,-9999,-9999,-9999
1526,718.220178,718.2199297131905,718.2193501966891,22640444,-9999,222286.1,104.08,-1,0.8068795434380956,0.2221444656516127,0.7542374338365345,0.43498165292558144,2,2.0454545454545454,0.9545454545454546,N3 S1 O21,de-protonated,0,-9999,C22 H45 O21 N3 S1,22,45,21,3,-9999,1,-9999,-9999,-9999
1527,757.401339,757.4010618590897,757.401594839489,3966083.5,-9999,206137.7,15.26,-1,-0.7036959030747826,0.4570335949574779,0.7087183895694522,0.5577075128022677,8,1.631578947368421,0.3947368421052632,O15,de-protonated,0,-9999,C38 H62 O15,38,62,15,-9999,-9999,-9999,-9999,-9999,-9999
1527,757.401339,757.4010618590897,757.401081775239,3966083.5,-9999,206137.7,15.26,-1,-0.02629538007282481,0.4999372728589261,0.6444951140065156,0.5577604093179619,26,1.0588235294117647,0.0784313725490196,N2 O4,de-protonated,0,-9999,C51 H54 O4 N2,51,54,4,2,-9999,-9999,-9999,-9999,-9999
1527,757.401339,757.4010618590897,757.4004303265591,3966083.5,-9999,206137.7,15.26,-1,0.8338159120940876,0.44074041992845503,0.6825582999861977,0.537467571951552,17,1.3488372093023255,0.13953488372093023,N4 S1 O6,de-protonated,0,-9999,C43 H58 O6 N4 S1,43,58,6,4,-9999,1,-9999,-9999,-9999
1527,757.401339,757.4010618590897,757.401432648159,3966083.5,-9999,206137.7,15.26,-1,-0.48955422223461614,0.47872269305161247,0.7369636471990461,0.5820190747105859,3,2.0303030303030303,0.2727272727272727,N4 S2 P1 O9,de-protonated,0,-9999,C33 H67 O9 N4 P1 S2,33,67,9,4,1,2,-9999,-9999,-9999
1527,757.401339,757.4010618590897,757.400563268289,3966083.5,-9999,206137.7,15.26,-1,0.6582920912435356,0.4621907046245967,0.7428850341668536,0.5744684364414995,4,1.96875,0.4375,N4 P1 O14,de-protonated,0,-9999,C32 H63 O14 N4 P1,32,63,14,4,1,-9999,-9999,-9999,-9999
1528,759.151886,759.151607569938,759.151669264829,3238408.3,-9999,203537,12.11,-1,-0.08126820169345907,0.4994011680923499,0.6677691528855879,0.5667483620096452,31,0.6956521739130435,0.15217391304347827,S2 O7,de-protonated,0,-9999,C46 H32 O7 S2,46,32,7,-9999,-9999,2,-9999,-9999,-9999
1528,759.151886,759.151607569938,759.151802206559,3238408.3,-9999,203537,12.11,-1,-0.25638695757329133,0.4940717260688908,0.7253996187124169,0.5866028831263013,18,1.0571428571428572,0.42857142857142855,S1 P1 O15,de-protonated,0,-9999,C35 H37 O15 P1 S1,35,37,15,-9999,1,1,-9999,-9999,-9999
1528,759.151886,759.151607569938,759.151289142309,3238408.3,-9999,203537,12.11,-1,0.4194521350464226,0.4842900478150711,0.6582606959877569,0.5538783070841454,36,0.6041666666666666,0.08333333333333333,N2 S1 P1 O4,de-protonated,0,-9999,C48 H29 O4 N2 P1 S1,48,29,4,2,1,1,-9999,-9999,-9999
1528,759.151886,759.151607569938,759.151150757879,3238408.3,-9999,203537,12.11,-1,0.6017405869515914,0.46820537211528207,0.7739790330151771,0.5905148364752402,9,1.5185185185185186,0.6296296296296297,N2 S2 P1 O17,de-protonated,0,-9999,C27 H41 O17 N2 P1 S2,27,41,17,2,1,2,-9999,-9999,-9999
1528,759.151886,759.151607569938,759.1521372954791,3238408.3,-9999,203537,12.11,-1,-0.6977857467428531,0.4577210032018782,0.6677691528855879,0.541740263075362,37,0.5217391304347826,0.17391304347826086,N4 O8,de-protonated,0,-9999,C46 H24 O8 N4,46,24,8,4,-9999,-9999,-9999,-9999,-9999
1528,759.151886,759.151607569938,759.1519989110491,3238408.3,-9999,203537,12.11,-1,-0.5154977021564509,0.47646311362353966,0.7871578612348809,0.6007410126680761,10,1.44,0.84,N4 S1 O21,de-protonated,0,-9999,C25 H36 O21 N4 S1,25,36,21,4,-9999,1,-9999,-9999,-9999
1529,770.682614,770.6823270783881,770.682054659719,4734883.5,-9999,188227.1,18.49,-1,0.3534773742408961,0.32586124327987814,0.5765576248001295,0.4261397958879787,10,1.679245283018868,0.03773584905660377,N1 O2,de-protonated,0,-9999,C53 H89 O2 N1,53,89,2,1,-9999,-9999,-9999,-9999,-9999
1530,772.679754,772.6794656076385,772.679295210759,5539339.5,-9999,188426.8,21.94,-1,0.2205273008710614,0.4956072771744466,0.672627141691601,0.5664152229813084,0,2.111111111111111,0.04444444444444444,N3 S2 O2,de-protonated,0,-9999,C45 H95 O2 N3 S2,45,95,2,3,-9999,2,-9999,-9999,-9999
1531,773.214445,773.214156213877,773.214581912309,6704336.5,-9999,210779.6,26.95,-1,-0.5505566526116507,0.4732428635506791,0.7369636471990462,0.578731177010026,13,1.2727272727272727,0.6363636363636364,O21,de-protonated,0,-9999,C33 H42 O21,33,42,21,-9999,-9999,-9999,-9999,-9999,-9999
1531,773.214445,773.214156213877,773.214068848059,6704336.5,-9999,210779.6,26.95,-1,0.11299046604261456,0.3325620512498662,0.6178187149649359,0.4466647167358941,31,0.7391304347826086,0.21739130434782608,N2 O10,de-protonated,0,-9999,C46 H34 O10 N2,46,34,10,2,-9999,-9999,-9999,-9999,-9999
1531,773.214445,773.214156213877,773.213930463629,6704336.5,-9999,210779.6,26.95,-1,0.2919635033509061,0.49232591438508866,0.7871578612348809,0.6102586931250056,4,1.84,0.92,N2 S1 O23,de-protonated,0,-9999,C25 H46 O23 N2 S1,25,46,23,2,-9999,1,-9999,-9999,-9999
1531,773.214445,773.214156213877,773.214558105409,6704336.5,-9999,210779.6,26.95,-1,-0.519767156155905,0.31738742701415384,0.5996860735531828,0.43030688562976543,35,0.7142857142857143,0.04081632653061224,N4 S1 P1 O2,de-protonated,0,-9999,C49 H35 O2 N4 P1 S1,49,35,2,4,1,1,-9999,-9999,-9999
1531,773.214445,773.214156213877,773.213417399379,6704336.5,-9999,210779.6,26.95,-1,0.9555117402573045,0.4236658100004341,0.7087183895694521,0.5376868418280413,22,1,0.3157894736842105,N4 S1 O12,de-protonated,0,-9999,C38 H38 O12 N4 S1,38,38,12,4,-9999,1,-9999,-9999,-9999
1531,773.214445,773.214156213877,773.214419720979,6704336.5,-9999,210779.6,26.95,-1,-0.3407943453406434,0.4895734517732896,0.7675537279851021,0.6007655622580146,8,1.6785714285714286,0.5357142857142857,N4 S2 P1 O15,de-protonated,0,-9999,C28 H47 O15 N4 P1 S2,28,47,15,4,1,2,-9999,-9999,-9999
1531,773.214445,773.214156213877,773.213550341109,6704336.5,-9999,210779.6,26.95,-1,0.78357753525960006,0.4472866831645322,0.7739790330151771,0.5779636231047902,9,1.5925925925925926,0.7407407407407407,N4 P1 O20,de-protonated,0,-9999,C27 H43 O20 N4 P1,27,43,20,4,1,-9999,-9999,-9999,-9999
1532,773.717868,773.7175788431423,773.718105816439,4054378.5,-9999,151584.6,15.54,-1,-0.6810921093086565,0.45963675266444776,0.6312934720183802,0.5282994404060207,8,1.7407407407407407,0.03703703703703703,O2,de-protonated,0,-9999,C54 H94 O2,54,94,2,-9999,-9999,-9999,-9999,-9999,-9999
1532,773.717868,773.7175788431423,773.7170742452389,4054378.5,-9999,151584.6,15.54,-1,0.6521736693983057,0.46286361323555586,0.6582606959877568,0.5410224463364363,4,1.9791666666666667,0.02083333333333333,N4 P1 O1,de-protonated,0,-9999,C48 H95 O1 N4 P1,48,95,1,4,1,-9999,-9999,-9999,-9999
1533,774.213027,774.2127374784934,774.213340572259,5158391.5,-9999,204704.7,20.29,-1,-0.7789761993981641,0.4478705879174717,0.6490192219379252,0.5283300415256531,35,0.66,0.16,N1 O8,de-protonated,0,-9999,C50 H33 O8 N1,50,33,8,1,-9999,-9999,-9999,-9999,-9999
1533,774.213027,774.2127374784934,774.2132021878291,5158391.5,-9999,204704.7,20.29,-1,-0.6002343209529041,0.4683592083467254,0.7612342259156645,0.5855092153743011,8,1.5517241379310345,0.7241379310344828,N1 S1 O21,de-protonated,0,-9999,C29 H45 O21 N1 S1,29,45,21,1,-9999,1,-9999,-9999,-9999
1533,774.213027,774.2127374784934,774.212689123579,5158391.5,-9999,204704.7,20.29,-1,0.06245688692915459,0.4996462220094802,0.6876346701883607,0.5748416012810325,26,0.8809523809523809,0.23809523809523808,N3 S1 O10,de-protonated,0,-9999,C42 H37 O10 N3 S1,42,37,10,3,-9999,1,-9999,-9999,-9999
1533,774.213027,774.2127374784934,774.2128220653091,5158391.5,-9999,204704.7,20.29,-1,-0.10925525030005742,0.4989182217861557,0.7489023467070351,0.5989118717545074,13,1.3548387096774193,0.5806451612903226,N3 P1 O18,de-protonated,0,-9999,C31 H42 O18 N3 P1,31,42,18,3,1,-9999,-9999,-9999,-9999
1534,774.67768,774.67739013631,774.676969279289,3943515.3,-9999,239678.8,15.06,-1,0.5432677589708342,0.4739279751179295,0.6400336417157294,0.5403702417570495,9,1.7115384615384617,0.05769230769230769,N1 O3,de-protonated,0,-9999,C52 H89 O3 N1,52,89,3,1,-9999,-9999,-9999,-9999,-9999
1535,815.081788,815.0814683815969,815.0816146448391,21083786,-9999,162517,81.61,-1,-0.17944613098650633,0.5850526426105142,0.7312227822868133,0.6435206984810338,30,0.6744186046511628,0.2558139534883721,S2 P1 O11,de-protonated,0,-9999,C43 H29 O11 P1 S2,43,29,11,-9999,1,2,-9999,-9999,-9999
1535,815.081788,815.0814683815969,815.0807452649689,21083786,-9999,162517,81.61,-1,0.8871717706795015,0.2889719117524131,0.6430949433786466,0.4306211244029065,31,0.5952380952380952,0.380952380952381,P1 O16,de-protonated,0,-9999,C42 H25 O16 P1,42,25,16,-9999,1,-9999,-9999,-9999,-9999
1535,815.081788,815.0814683815969,815.082082675489,21083786,-9999,162517,81.61,-1,-0.7536589322348693,0.6274263694206882,0.8500725494858137,0.7164848414467384,36,0.4883720930232558,0.27906976744186046,N4 P1 O12,de-protonated,0,-9999,C43 H21 O12 N4 P1,43,21,12,4,1,-9999,-9999,-9999,-9999
1535,815.081788,815.0814683815969,815.0818113493291,21083786,-9999,162517,81.61,-1,-0.4207770648530346,0.7370563966764774,0.7379739445103395,0.7374234158100221,22,0.8484848484848485,0.5151515151515151,N4 S2 O17,de-protonated,0,-9999,C33 H28 O17 N4 S2,33,28,17,4,-9999,2,-9999,-9999,-9999
1535,815.081788,815.0814683815969,815.0809419694591,21083786,-9999,162517,81.61,-1,0.6458403217179213,0.2317772791515597,0.6899714959539154,0.4150549658725019,23,0.75,0.6875,N4 O22,de-protonated,0,-9999,C32 H24 O22 N4,32,24,22,4,-9999,-9999,-9999,-9999,-9999
1536,816.080807,816.0804866458916,816.081083073529,7340468,-9999,255780.2,27.15,-1,-0.7308436009823693,0.45381538834089025,0.7141928963326545,0.5579663915375959,26,0.7297297297297297,0.40540540540540543,N3 S2 O15,de-protonated,0,-9999,C37 H27 O15 N3 S2,37,27,15,3,-9999,2,-9999,-9999,-9999
1536,816.080807,816.0804866458916,816.080213693659,7340468,-9999,255780.2,27.15,-1,0.3344674065967065,0.4899531213639272,0.719752637322661,0.5818729277474207,27,0.6388888888888888,0.5555555555555556,N3 O20,de-protonated,0,-9999,C36 H23 O20 N3,36,23,20,3,-9999,-9999,-9999,-9999,-9999
1536,816.080807,816.0804866458916,816.0812160152591,7340468,-9999,255780.2,27.15,-1,-0.8937460551443198,0.4325379861922321,0.7805128205128199,0.5717279199204672,13,1.2307692307692308,0.8846153846153846,N3 S1 P1 O23,de-protonated,0,-9999,C26 H32 O23 N3 P1 S1,26,32,23,3,1,1,-9999,-9999,-9999
1537,816.085487,816.085166642445,816.084969479909,5720504,-9999,240926.3,20.73,-1,0.24159559770908337,0.5841108001875484,0.7312227822868133,0.6429555930272544,30,0.6904761904761905,0.2619047619047619,13C1 S2 P1 O11,de-protonated,1,1535,C42 H29 O11 P1 S2 13C1,42,29,11,-9999,1,2,1,-9999,-9999
1537,816.085487,816.085166642445,816.085105825529,5720504,-9999,240926.3,20.73,-1,0.07452276179725759,0.4994964032551784,0.6876346701883607,0.5747517100284513,30,0.6428571428571429,0.30952380952380953,N1 S2 O13,de-protonated,0,-9999,C42 H27 O13 N1 S2,42,27,13,1,-9999,2,-9999,-9999,-9999
1537,816.085487,816.085166642445,816.08523876725906,5720504,-9999,240926.3,20.73,-1,-0.08837902056063414,0.49929186757406,0.7489023467070351,0.5991360592272501,17,1.032258064516129,0.6774193548387096,N1 S1 P1 O21,de-protonated,0,-9999,C31 H32 O21 N1 P1 S1,31,32,21,1,1,1,-9999,-9999,-9999
1537,816.085487,816.085166642445,816.084725703009,5720504,-9999,240926.3,20.73,-1,0.5403108550960908,0.4742035819971208,0.677556331758097,0.5555446819015113,35,0.5454545454545454,0.2272727272727273,N3 S1 P1 O10,de-protonated,0,-9999,C44 H24 O10 N3 P1 S1,44,24,10,3,1,1,-9999,-9999,-9999
1537,816.085487,816.085166642445,816.085437510559,5720504,-9999,240926.3,20.73,-1,-0.33191146613741185,0.65347275165563,0.8500725494858137,0.7321126707877035,36,0.5,0.2857142857142857,13C1 N4 P1 O12,de-protonated,1,1535,C42 H21 O12 N4 P1 13C1,42,21,12,4,1,-9999,1,-9999,-9999
1537,816.085487,816.085166642445,816.0851661843991,5720504,-9999,240926.3,20.73,-1,5.6127213160571e-4,0.7449602660565513,0.7379739445103395,0.7421657374380666,22,0.875,0.53125,13C1 N4 S2 O17,de-protonated,1,1535,C32 H28 O17 N4 S2 13C1,32,28,17,4,-9999,2,1,-9999,-9999
1538,817.078202,817.0778809113821,817.0774104744389,12692684,-9999,194400.3,48.35,-1,0.5757556592751266,0.5745425941383244,0.7312227822868133,0.6372146693977199,30,0.6744186046511628,0.2558139534883721,S1 34S1 P1 O11,de-protonated,1,1535,C43 H29 O11 P1 S1 34S1,43,29,11,-9999,1,1,-9999,-9999,1
1538,817.078202,817.0778809113821,817.078637264689,12692684,-9999,194400.3,48.35,-1,-0.9256799436285674,0.2853346296634007,0.6430949433786466,0.42843875514949903,30,0.6428571428571429,0.3333333333333333,S1 P1 O14,de-protonated,0,-9999,C42 H27 O14 P1 S1,42,27,14,-9999,1,1,-9999,-9999,-9999
1538,817.078202,817.0778809113821,817.077496558659,12692684,-9999,194400.3,48.35,-1,0.47039934967760705,0.4803225901073655,0.7489023467070351,0.5877544927472333,17,0.967741935483871,0.7741935483870968,S1 O24,de-protonated,0,-9999,C31 H30 O24 S1,31,30,24,-9999,-9999,1,-9999,-9999,-9999
1538,817.078202,817.0778809113821,817.0779858160089,12692684,-9999,194400.3,48.35,-1,-0.128389980692953,0.2492533676913811,0.656666238136541,0.4122185158694451,21,0.9117647058823528,0.4705882352941176,N2 S2 P1 O16,de-protonated,0,-9999,C34 H31 O16 N2 P1 S2,34,31,16,2,1,2,-9999,-9999,-9999
1538,817.078202,817.0778809113821,817.077116436139,12692684,-9999,194400.3,48.35,-1,0.935621898676532,0.28437816704410585,0.7048783761064125,0.45257825066902846,22,0.8181818181818182,0.6363636363636364,N2 P1 O21,de-protonated,0,-9999,C33 H27 O21 N2 P1,33,27,21,2,1,-9999,-9999,-9999,-9999
1538,817.078202,817.0778809113821,817.077472751759,12692684,-9999,194400.3,48.35,-1,0.4995360129635718,0.23893293289740825,0.5799529888934112,0.37534095529580946,39,0.4893617021276595,0.10638297872340426,N4 S2 P1 O5,de-protonated,0,-9999,C47 H23 O5 N4 P1 S2,47,23,5,4,1,2,-9999,-9999,-9999
1538,817.078202,817.0778809113821,817.077607178929,12692684,-9999,194400.3,48.35,-1,0.3350140190104103,0.739920574983947,0.7379739445103395,0.739141922794504,22,0.8484848484848485,0.5151515151515151,N4 S1 34S1 O17,de-protonated,1,1535,C33 H28 O17 N4 S1 34S1,33,28,17,4,-9999,1,-9999,-9999,1
1539,827.270135,827.269806405758,827.269415418359,9302146,-9999,189330.5,34.89,-1,0.4726240227183811,0.2400698915515637,0.6081010788118549,0.38728236645568015,17,1.261904761904762,0.2619047619047619,S2 P1 O11,de-protonated,0,-9999,C42 H53 O11 P1 S2,42,53,11,-9999,1,2,-9999,-9999,-9999
1539,827.270135,827.269806405758,827.270263571529,9302146,-9999,189330.5,34.89,-1,-0.5526196106624843,0.31536498800325663,0.6562224424766036,0.4517079697925954,18,1.2,0.375,N2 S1 O15,de-protonated,0,-9999,C40 H48 O15 N2 S1,40,48,15,2,-9999,1,-9999,-9999,-9999
1539,827.270135,827.269806405758,827.270396513259,9302146,-9999,189330.5,34.89,-1,-0.7133187691698799,0.45590420586158553,0.7612342259156645,0.5780362138832171,5,1.827586206896552,0.7931034482758621,N2 P1 O23,de-protonated,0,-9999,C29 H53 O23 N2 P1,29,53,23,2,1,-9999,-9999,-9999,-9999
1539,827.270135,827.269806405758,827.269750507279,9302146,-9999,189330.5,34.89,-1,0.06756983312417784,0.3330573019983352,0.5765576248001295,0.43045743111905294,36,0.7547169811320755,0.07547169811320754,N4 S1 O4,de-protonated,0,-9999,C53 H40 O4 N4 S1,53,40,4,4,-9999,1,-9999,-9999,-9999
1539,827.270135,827.269806405758,827.269883449009,9302146,-9999,189330.5,34.89,-1,-0.093129524573793,0.33280917117953557,0.6430949433786466,0.45692348005918,23,1.0714285714285714,0.2857142857142857,N4 P1 O12,de-protonated,0,-9999,C42 H45 O12 N4 P1,42,45,12,4,1,-9999,-9999,-9999,-9999
1539,827.270135,827.269806405758,827.269612122849,9302146,-9999,189330.5,34.89,-1,0.23484835672852297,0.33001411118467155,0.6965794561956503,0.4766402491890631,9,1.625,0.53125,N4 S2 O17,de-protonated,0,-9999,C32 H52 O17 N4 S2,32,52,17,4,-9999,2,-9999,-9999,-9999
1540,850.591519,850.5911732312397,850.590870671669,4740870,-9999,214031.9,16.78,-1,0.3557051705744349,0.32576784092795036,0.5654252658645152,0.4216308109025763,16,1.490909090909091,0.07272727272727272,N1 P1 O4,de-protonated,0,-9999,C55 H82 O4 N1 P1,55,82,4,1,1,-9999,-9999,-9999,-9999
1540,850.591519,850.5911732312397,850.5905993455091,4740870,-9999,214031.9,16.78,-1,0.6746908925412756,0.4603611273891333,0.6726271416916009,0.5452675331101203,2,1.977777777777778,0.2,N1 S2 O9,de-protonated,0,-9999,C45 H89 O9 N1 S2,45,89,9,1,-9999,2,-9999,-9999,-9999
1541,854.241788,854.2414395430799,854.242275175389,6371884,-9999,222859.4,23.63,-1,-0.978214650995825,0.4203043712304396,0.677556331758097,0.5232051554415026,24,1.0227272727272727,0.25,N3 S2 O11,de-protonated,0,-9999,C44 H45 O11 N3 S2,44,45,11,3,-9999,2,-9999,-9999,-9999
1541,854.241788,854.2414395430799,854.241405795519,6371884,-9999,222859.4,23.63,-1,0.03950588285329835,0.49985842522393087,0.6825582999861977,0.5729383751288376,25,0.9534883720930232,0.3720930232558139,N3 O16,de-protonated,0,-9999,C43 H41 O16 N3,43,41,16,3,-9999,-9999,-9999,-9999,-9999
1542,854.743629,854.7432801735101,854.7429408404489,4784780,-9999,210629.5,17.23,-1,0.3970001330296404,0.32393569541322836,0.5654252658645152,0.42053152359374313,6,1.8363636363636364,0.05454545454545454,N1 S1 O3,de-protonated,0,-9999,C55 H101 O3 N1 S1,55,101,3,1,-9999,1,-9999,-9999,-9999
1543,855.24035,855.240000807711,855.2398293665489,3820264,-9999,228380.5,13.34,-1,0.20045974971118283,0.49636758161842903,0.6536072938689251,0.5592634665186275,28,0.9183673469387756,0.20408163265306123,S1 P1 O10,de-protonated,0,-9999,C49 H45 O10 P1 S1,49,45,10,-9999,1,1,-9999,-9999,-9999
1543,855.24035,855.240000807711,855.2396909821191,3820264,-9999,228380.5,13.34,-1,0.3622675551256585,0.488234183699358,0.7675537279851021,0.5999620014136557,1,2.0357142857142856,0.8214285714285714,S2 P1 O23,de-protonated,0,-9999,C28 H57 O23 P1 S2,28,57,23,-9999,1,2,-9999,-9999,-9999
1543,855.24035,855.240000807711,855.239177917869,3820264,-9999,228380.5,13.34,-1,0.9621751005064848,0.4226846386725938,0.6927871148459346,0.5307256291419301,19,1.195121951219512,0.2926829268292683,N2 S2 P1 O12,de-protonated,0,-9999,C41 H49 O12 N2 P1 S2,41,49,12,2,1,2,-9999,-9999,-9999
1543,855.24035,855.240000807711,855.240677519719,3820264,-9999,228380.5,13.34,-1,-0.791253299605099,0.4463066988043737,0.6629808336683964,0.5329763527499828,29,0.851063829787234,0.2978723404255319,N2 O14,de-protonated,0,-9999,C47 H40 O14 N2,47,40,14,2,-9999,-9999,-9999,-9999,-9999
1543,855.24035,855.240000807711,855.2400260710391,3820264,-9999,228380.5,13.34,-1,-0.02953945948249719,0.4999208420495466,0.7033271719038787,0.5812833739912795,20,1.1282051282051282,0.41025641025641024,N4 S1 O16,de-protonated,0,-9999,C39 H44 O16 N4 S1,39,44,16,4,-9999,1,-9999,-9999,-9999
1543,855.24035,855.240000807711,855.2401590127691,3820264,-9999,228380.5,13.34,-1,-0.1849831962106687,0.4969051412586491,0.7675537279851021,0.6051645759492303,7,1.75,0.8571428571428571,N4 P1 O24,de-protonated,0,-9999,C28 H49 O24 N4 P1,28,49,24,4,1,-9999,-9999,-9999,-9999
1544,859.031066,859.0307140161218,859.0305463652791,4003125.8,-9999,239593.5,14.08,-1,0.19516284193874503,0.49655635610734455,0.725399618712417,0.5880936611493736,24,0.6857142857142857,0.6857142857142857,S1 O24,de-protonated,0,-9999,C35 H24 O24 S1,35,24,24,-9999,-9999,1,-9999,-9999,-9999
1544,859.031066,859.0307140161218,859.031035622629,4003125.8,-9999,239593.5,14.08,-1,-0.37438287311784857,0.48744418445249255,0.7087183895694522,0.5759538664992765,28,0.6578947368421053,0.42105263157894735,N2 S2 P1 O16,de-protonated,0,-9999,C38 H25 O16 N2 P1 S2,38,25,16,2,1,2,-9999,-9999,-9999
1544,859.031066,859.0307140161218,859.030166242759,4003125.8,-9999,239593.5,14.08,-1,0.6376648740572489,0.4644379989315032,0.7141928963326544,0.5643399578919637,29,0.5675675675675675,0.5675675675675675,N2 P1 O21,de-protonated,0,-9999,C37 H21 O21 N2 P1,37,21,21,2,1,-9999,-9999,-9999,-9999
1545,863.228133,863.2277779252845,863.227156682239,4617955,-9999,208763.9,16.56,-1,0.7196750481427869,0.4551513430282516,0.6444951140065156,0.5308888514195572,30,0.8823529411764706,0.13725490196078433,S2 P1 O7,de-protonated,0,-9999,C51 H45 O7 P1 S2,51,45,7,-9999,1,2,-9999,-9999,-9999
1545,863.228133,863.2277779252845,863.228517899659,4617955,-9999,208763.9,16.56,-1,-0.8572172479694575,0.4375870768813301,0.719752637322661,0.5504533010578625,13,1.3333333333333333,0.6111111111111112,S1 O22,de-protonated,0,-9999,C36 H48 O22 S1,36,48,22,-9999,-9999,1,-9999,-9999,-9999
1545,863.228133,863.2277779252845,863.228004835409,4617955,-9999,208763.9,16.56,-1,-0.2628623298290209,0.49377038938387285,0.6536072938689251,0.5577051511778938,31,0.8163265306122449,0.22448979591836735,N2 S1 O11,de-protonated,0,-9999,C49 H40 O11 N2 S1,49,40,11,2,-9999,1,-9999,-9999,-9999
1545,863.228133,863.2277779252845,863.2281377771388,4617955,-9999,208763.9,16.56,-1,-0.41686761424149743,0.4844800230216145,0.7087183895694522,0.5741753696407497,18,1.1842105263157894,0.5,N2 P1 O19,de-protonated,0,-9999,C38 H45 O19 N2 P1,38,45,19,2,1,-9999,-9999,-9999,-9999
1545,863.228133,863.2277779252845,863.227866450979,4617955,-9999,208763.9,16.56,-1,-0.1025519425138757,0.49904677087488264,0.7675537279851021,0.6064495537189705,4,1.8571428571428572,0.8571428571428571,N2 S2 O24,de-protonated,0,-9999,C28 H52 O24 N2 S2,28,52,24,2,-9999,2,-9999,-9999,-9999
1545,863.228133,863.2277779252845,863.228494092759,4617955,-9999,208763.9,16.56,-1,-0.8296383627049018,0.4412965072623018,0.6400336417157294,0.5207913610436729,35,0.7884615384615384,0.05769230769230769,N4 S2 P1 O3,de-protonated,0,-9999,C52 H41 O3 N4 P1 S2,52,41,3,4,1,2,-9999,-9999,-9999
1545,863.228133,863.2277779252845,863.227624712889,4617955,-9999,208763.9,16.56,-1,0.17748782721589987,0.4971501607769879,0.6444951140065156,0.5560881420687991,36,0.7254901960784313,0.1568627450980392,N4 P1 O8,de-protonated,0,-9999,C51 H37 O8 N4 P1,51,37,8,4,1,-9999,-9999,-9999,-9999
1545,863.228133,863.2277779252845,863.2273533867291,4617955,-9999,208763.9,16.56,-1,0.49180387270600656,0.478530961575434,0.6927871148459346,0.5642334228836342,22,1.0731707317073171,0.3170731707317073,N4 S2 O13,de-protonated,0,-9999,C41 H44 O13 N4 S2,41,44,13,4,-9999,2,-9999,-9999,-9999
1545,863.228133,863.2277779252845,863.2274863284591,4617955,-9999,208763.9,16.56,-1,0.33779835558483323,0.4897540865233739,0.7550179348240812,0.5958596258436568,9,1.6333333333333333,0.7,N4 S1 P1 O21,de-protonated,0,-9999,C30 H49 O21 N4 P1 S1,30,49,21,4,1,1,-9999,-9999,-9999
1546,863.236709,863.2363539189689,863.235531832459,3946211.5,-9999,214379,13.85,-1,0.9523316402709562,0.4241324691808523,0.6980173569463055,0.5336864242870336,17,1.225,0.425,S1 P1 O17,de-protonated,0,-9999,C40 H49 O17 P1 S1,40,49,17,-9999,1,1,-9999,-9999,-9999
1546,863.236709,863.2363539189689,863.236379985629,3946211.5,-9999,214379,13.85,-1,-0.0301964336794998,0.49991728215445697,0.7087183895694522,0.583437725120455,18,1.1578947368421053,0.5526315789473685,N2 O21,de-protonated,0,-9999,C38 H44 O21 N2,38,44,21,2,-9999,-9999,-9999,-9999,-9999
1546,863.236709,863.2363539189689,863.236736301249,3946211.5,-9999,214379,13.85,-1,-0.4429634004696556,0.4825115502377508,0.6400336417157295,0.5455203868289422,35,0.7692307692307693,0.09615384615384616,N4 S2 O5,de-protonated,0,-9999,C52 H40 O5 N4 S2,52,40,5,4,-9999,2,-9999,-9999,-9999
1546,863.236709,863.2363539189689,863.235866921379,3946211.5,-9999,214379,13.85,-1,0.564153562799532,0.4719431637220309,0.6444951140065156,0.5409639438358248,36,0.7058823529411765,0.19607843137254904,N4 O10,de-protonated,0,-9999,C51 H36 O10 N4,51,36,10,4,-9999,-9999,-9999,-9999,-9999
1546,863.236709,863.2363539189689,863.2368692429789,3946211.5,-9999,214379,13.85,-1,-0.5969670994136742,0.46869173987305424,0.6927871148459346,0.5583298898622063,22,1.0975609756097562,0.3170731707317073,N4 S1 P1 O13,de-protonated,0,-9999,C41 H45 O13 N4 P1 S1,41,45,13,4,1,1,-9999,-9999,-9999
1546,863.236709,863.2363539189689,863.2357285369491,3946211.5,-9999,214379,13.85,-1,0.7244626226349563,0.454580704079739,0.7550179348240812,0.5747555963774759,9,1.6,0.7666666666666667,N4 S1 O23,de-protonated,0,-9999,C30 H48 O23 N4 S1,30,48,23,4,-9999,1,-9999,-9999,-9999
1547,863.247451,863.2470959110582,863.247283728699,31557348,-9999,192240.1,125.11,-1,-0.21757107653343805,0.3043889517937935,0.540608651592751,0.3988768317133765,39,0.6896551724137931,0.10344827586206896,S1 O6,de-protonated,0,-9999,C58 H40 O6 S1,58,40,6,-9999,-9999,1,-9999,-9999,-9999
1547,863.247451,863.2470959110582,863.247416670429,31557348,-9999,192240.1,125.11,-1,-0.3715729286545428,0.4878856402726693,0.8371601392106617,0.6275954398478663,26,0.9574468085106383,0.2978723404255319,P1 O14,de-protonated,0,-9999,C47 H45 O14 P1,47,45,14,-9999,1,-9999,-9999,-9999,-9999
1547,863.247451,863.2470959110582,863.2471453442689,31557348,-9999,192240.1,125.11,-1,-0.05726426203701094,0.3331593252174121,0.844895927742086,0.5378539662272817,12,1.4054054054054057,0.5135135135135135,S2 O19,de-protonated,0,-9999,C37 H52 O19 S2,37,52,19,-9999,-9999,2,-9999,-9999,-9999
1547,863.247451,863.2470959110582,863.246275964399,31557348,-9999,192240.1,125.11,-1,0.9498409457011082,0.4240328941401338,0.8972492508204626,0.6133194368122653,13,1.3333333333333333,0.6666666666666666,O24,de-protonated,0,-9999,C36 H48 O24,36,48,24,-9999,-9999,-9999,-9999,-9999,-9999
1547,863.247451,863.2470959110582,863.2466322800191,31557348,-9999,192240.1,125.11,-1,0.537078306214847,0.31612437768026597,0.7775302643006572,0.5006867323284224,30,0.88,0.16,N2 S2 O8,de-protonated,0,-9999,C50 H44 O8 N2 S2,50,44,8,2,-9999,2,-9999,-9999,-9999
1547,863.247451,863.2470959110582,863.2467652217489,31557348,-9999,192240.1,125.11,-1,0.3830762217905134,0.3892988115629993,0.8665117826640796,0.5801840000034314,17,1.2564102564102564,0.41025641025641024,N2 S1 P1 O16,de-protonated,0,-9999,C39 H49 O16 N2 P1 S1,39,49,16,2,1,1,-9999,-9999,-9999
1547,863.247451,863.2470959110582,863.2462521574989,31557348,-9999,192240.1,125.11,-1,0.9774193136005574,0.27996815262046565,0.7868841362942316,0.482734546089972,35,0.7884615384615384,0.09615384615384616,N4 S1 P1 O5,de-protonated,0,-9999,C52 H41 O5 N4 P1 S1,52,41,5,4,1,1,-9999,-9999,-9999
1547,863.247451,863.2470959110582,863.247613374919,31557348,-9999,192240.1,125.11,-1,-0.5994385072795718,0.4688521993192417,0.8942865779118648,0.639025950756291,18,1.1891891891891893,0.5405405405405406,N4 O20,de-protonated,0,-9999,C37 H44 O20 N4,37,44,20,4,-9999,-9999,-9999,-9999,-9999
1548,864.250813,864.2504571721544,864.2507715054991,9750313,-9999,190347.3,37.24,-1,-0.3637061777297002,0.4881416694458827,0.8371601392106617,0.6277490573517943,26,0.9782608695652174,0.30434782608695654,13C1 P1 O14,de-protonated,1,1547,C46 H45 O14 P1 13C1,46,45,14,-9999,1,-9999,1,-9999,-9999
1548,864.250813,864.2504571721544,864.2505001793389,9750313,-9999,190347.3,37.24,-1,-0.04976240632732592,0.3331835933589272,0.844895927742086,0.5378685271121908,12,1.4444444444444444,0.5277777777777778,13C1 S2 O19,de-protonated,1,1547,C36 H52 O19 S2 13C1,36,52,19,-9999,-9999,2,1,-9999,-9999
1548,864.250813,864.2504571721544,864.2496307994691,9750313,-9999,190347.3,37.24,-1,0.9561736052414976,0.4235685547156253,0.8972492508204626,0.6130408331575603,13,1.3714285714285714,0.6857142857142857,13C1 O24,de-protonated,1,1547,C35 H48 O24 13C1,35,48,24,-9999,-9999,-9999,1,-9999,-9999
1548,864.250813,864.2504571721544,864.250907851119,9750313,-9999,190347.3,37.24,-1,-0.5214677364311563,0.317285469407623,0.6178187149649359,0.4374987676305482,26,0.9347826086956522,0.34782608695652173,N1 O16,de-protonated,0,-9999,C46 H43 O16 N1,46,43,16,1,-9999,-9999,-9999,-9999,-9999
1548,864.250813,864.2504571721544,864.2499871150891,9750313,-9999,190347.3,37.24,-1,0.5438901617515497,0.31591319406996166,0.7775302643006572,0.5005600221622399,30,0.8979591836734694,0.16326530612244897,13C1 N2 S2 O8,de-protonated,1,1547,C49 H44 O8 N2 S2 13C1,49,44,8,2,-9999,2,1,-9999,-9999
1548,864.250813,864.2504571721544,864.2501200568189,9750313,-9999,190347.3,37.24,-1,0.3900668656511656,0.3891079212322335,0.8665117826640796,0.5800694658049719,17,1.2894736842105263,0.42105263157894735,13C1 N2 S1 P1 O16,de-protonated,1,1547,C38 H49 O16 N2 P1 S1 13C1,38,49,16,2,1,1,1,-9999,-9999
1548,864.250813,864.2504571721544,864.250256402439,9750313,-9999,190347.3,37.24,-1,0.23230506885364396,0.33008526336466865,0.6696871342203778,0.4659260117069523,17,1.236842105263158,0.47368421052631576,N3 S1 O18,de-protonated,0,-9999,C38 H47 O18 N3 S1,38,47,18,3,-9999,1,-9999,-9999,-9999
1548,864.250813,864.2504571721544,864.2512587240391,9750313,-9999,190347.3,37.24,-1,-0.9274523775520784,0.28516462713241814,0.7182238920063835,0.45838833308200433,3,2,0.75,N3 S2 P1 O21,de-protonated,0,-9999,C28 H56 O21 N3 P1 S2,28,56,21,3,1,2,-9999,-9999,-9999
1548,864.250813,864.2504571721544,864.2496069925689,9750313,-9999,190347.3,37.24,-1,0.9837199560734348,0.2796543001476412,0.7868841362942316,0.4825462346062774,35,0.803921568627451,0.09803921568627452,13C1 N4 S1 P1 O5,de-protonated,1,1547,C51 H41 O5 N4 P1 S1 13C1,51,41,5,4,1,1,1,-9999,-9999
1548,864.250813,864.2504571721544,864.2509682099891,9750313,-9999,190347.3,37.24,-1,-0.5913072168968126,0.46926404847484376,0.8942865779118648,0.6392730602496521,18,1.2222222222222223,0.5555555555555556,13C1 N4 O20,de-protonated,1,1547,C36 H44 O20 N4 13C1,36,44,20,4,-9999,-9999,1,-9999,-9999
1549,865.244299,865.2439424405236,865.243079558299,6715231.5,-9999,178073.4,25.01,-1,0.997271454704051,0.27829539876820036,0.540608651592751,0.3832206998980206,39,0.6896551724137931,0.10344827586206896,34S1 O6,de-protonated,1,1547,C58 H40 O6 34S1,58,40,6,-9999,-9999,-9999,-9999,-9999,1
1549,865.244299,865.2439424405236,865.244306348549,6715231.5,-9999,178073.4,25.01,-1,-0.4205841318295781,0.3228043294807913,0.5545707124136274,0.4155108826539258,39,0.6666666666666666,0.15789473684210523,O9,de-protonated,0,-9999,C57 H38 O9,57,38,9,-9999,-9999,-9999,-9999,-9999,-9999
1549,865.244299,865.2439424405236,865.244167964119,6715231.5,-9999,178073.4,25.01,-1,-0.2606473453021942,0.49387429044160447,0.719752637322661,0.5842256291940271,12,1.3888888888888888,0.6111111111111112,S1 O22,de-protonated,0,-9999,C36 H50 O22 S1,36,50,22,-9999,-9999,1,-9999,-9999,-9999
1549,865.244299,865.2439424405236,865.24365489986906,6715231.5,-9999,178073.4,25.01,-1,0.33232333217540744,0.32672015704931884,0.5996860735531828,0.43590652365086446,30,0.8571428571428571,0.22448979591836735,N2 S1 O11,de-protonated,0,-9999,C49 H42 O11 N2 S1,49,42,11,2,-9999,1,-9999,-9999,-9999
1549,865.244299,865.2439424405236,865.2446572214691,6715231.5,-9999,178073.4,25.01,-1,-0.8261026976829117,0.44176551340357406,0.7033271719038788,0.5463901768036961,16,1.3076923076923077,0.358974358974359,N2 S2 P1 O14,de-protonated,0,-9999,C39 H51 O14 N2 P1 S2,39,51,14,2,1,2,-9999,-9999,-9999
1549,865.244299,865.2439424405236,865.2437878415989,6715231.5,-9999,178073.4,25.01,-1,0.17867672313373698,0.4971119646564178,0.7087183895694522,0.5817545346216315,17,1.236842105263158,0.5,N2 P1 O19,de-protonated,0,-9999,C38 H47 O19 N2 P1,38,47,19,2,1,-9999,-9999,-9999,-9999
1549,865.244299,865.2439424405236,865.2435165154391,6715231.5,-9999,178073.4,25.01,-1,0.4922603595382033,0.47849195858804616,0.7675537279851021,0.5941166663468685,3,1.9285714285714288,0.8571428571428571,N2 S2 O24,de-protonated,0,-9999,C28 H54 O24 N2 S2,28,54,24,2,-9999,2,-9999,-9999,-9999
1549,865.244299,865.2439424405236,865.244144157219,6715231.5,-9999,178073.4,25.01,-1,-0.23313269067098805,0.3300621927943516,0.582230333917866,0.4309294492437574,34,0.8269230769230769,0.05769230769230769,N4 S2 P1 O3,de-protonated,0,-9999,C52 H43 O3 N4 P1 S2,52,43,3,4,1,2,-9999,-9999,-9999
1549,865.244299,865.2439424405236,865.2432747773489,6715231.5,-9999,178073.4,25.01,-1,0.7716479216243244,0.29919666244258447,0.587975334478484,0.4147081312569443,35,0.7647058823529411,0.1568627450980392,N4 P1 O8,de-protonated,0,-9999,C51 H39 O8 N4 P1,51,39,8,4,1,-9999,-9999,-9999,-9999
1549,865.244299,865.2439424405236,865.2431363929189,6715231.5,-9999,178073.4,25.01,-1,0.9315850895156532,0.4271510572228291,0.7550179348240813,0.55829780826333,8,1.7,0.7,N4 S1 P1 O21,de-protonated,0,-9999,C30 H51 O21 N4 P1 S1,30,51,21,4,1,1,-9999,-9999,-9999
1550,935.270727,935.2703188711072,935.269415418359,3701877.5,-9999,152239.6,13.48,-1,0.9659812811879442,0.4221221512461276,0.6444951140065156,0.5110713363502828,26,1.03921568627451,0.21568627450980393,S2 P1 O11,de-protonated,0,-9999,C51 H53 O11 P1 S2,51,53,11,-9999,1,2,-9999,-9999,-9999
1550,935.270727,935.2703188711072,935.270915020209,3701877.5,-9999,152239.6,13.48,-1,-0.6374079341915383,0.4644656085851765,0.6186218109054389,0.5261280895132814,36,0.7719298245614035,0.22807017543859648,O13,de-protonated,0,-9999,C57 H44 O13,57,44,13,-9999,-9999,-9999,-9999,-9999,-9999
1550,935.270727,935.2703188711072,935.270263571529,3701877.5,-9999,152239.6,13.48,-1,0.05912684318230675,0.4996829297616522,0.6536072938689251,0.5612526754045614,27,0.979591836734694,0.30612244897959184,N2 S1 O15,de-protonated,0,-9999,C49 H48 O15 N2 S1,49,48,15,2,-9999,1,-9999,-9999,-9999
1550,935.270727,935.2703188711072,935.270396513259,3701877.5,-9999,152239.6,13.48,-1,-0.08301572692362882,0.4993751538845547,0.7087183895694522,0.5831124481585137,14,1.394736842105263,0.6052631578947368,N2 P1 O23,de-protonated,0,-9999,C38 H53 O23 N2 P1,38,53,23,2,1,-9999,-9999,-9999,-9999
1550,935.270727,935.2703188711072,935.270752828879,3701877.5,-9999,152239.6,13.48,-1,-0.4639915987413097,0.4808446941012558,0.6400336417157294,0.5445202731470453,31,0.9423076923076924,0.1346153846153846,N4 S2 P1 O7,de-protonated,0,-9999,C52 H49 O7 N4 P1 S2,52,49,7,4,1,2,-9999,-9999,-9999
1550,935.270727,935.2703188711072,935.269883449009,3701877.5,-9999,152239.6,13.48,-1,0.46555770258450074,0.4807176968611983,0.6444951140065156,0.5462286637193252,32,0.8823529411764706,0.2352941176470588,N4 P1 O12,de-protonated,0,-9999,C51 H45 O12 N4 P1,51,45,12,4,1,-9999,-9999,-9999,-9999
1550,935.270727,935.2703188711072,935.269612122849,3701877.5,-9999,152239.6,13.48,-1,0.755662590757283,0.45078756151098415,0.6927871148459346,0.5475873828449642,18,1.2682926829268293,0.4146341463414634,N4 S2 O17,de-protonated,0,-9999,C41 H52 O17 N4 S2,41,52,17,4,-9999,2,-9999,-9999,-9999
1550,935.270727,935.2703188711072,935.2697450645792,3701877.5,-9999,152239.6,13.48,-1,0.6135198226365416,0.4669908294268247,0.7550179348240813,0.5822016715857273,5,1.9,0.8333333333333334,N4 S1 P1 O25,de-protonated,0,-9999,C30 H57 O25 N4 P1 S1,30,57,25,4,1,1,-9999,-9999,-9999
1551,1016.285487,1016.2850192095764,1016.285005912279,3175515,-9999,183909.7,13.08,-1,0.01308422091304345,0.4999844685206537,0.5985962364615306,0.5394291756970044,38,0.8387096774193549,0.1129032258064516,N1 S2 P1 O7,de-protonated,0,-9999,C62 H52 O7 N1 P1 S2,62,52,7,1,1,2,-9999,-9999,-9999
1551,1016.285487,1016.2850192095764,1016.284136532409,3175515,-9999,183909.7,13.08,-1,0.8685338438146417,0.43603917646343904,0.6024969549330055,0.5026222878512656,39,0.7868852459016393,0.19672131147540983,N1 P1 O12,de-protonated,0,-9999,C61 H48 O12 N1 P1,61,48,12,1,1,-9999,-9999,-9999,-9999
1551,1016.285487,1016.2850192095764,1016.2858540654488,3175515,-9999,183909.7,13.08,-1,-0.821477411189788,0.4423767806251907,0.6064488444798662,0.508005606167061,39,0.7833333333333333,0.18333333333333332,N3 S1 O11,de-protonated,0,-9999,C60 H47 O11 N3 S1,60,47,11,3,-9999,1,-9999,-9999,-9999
1551,1016.285487,1016.2850192095764,1016.285987007179,3175515,-9999,183909.7,13.08,-1,-0.952288642019442,0.4241387717522823,0.6536072938689251,0.5159261805989395,26,1.0612244897959184,0.3877551020408163,N3 P1 O19,de-protonated,0,-9999,C49 H52 O19 N3 P1,49,52,19,3,1,-9999,-9999,-9999,-9999
1551,1016.285487,1016.2850192095764,1016.285715681019,3175515,-9999,183909.7,13.08,-1,-0.6853106678621653,0.4591562627285587,0.7033271719038788,0.5568246263986868,12,1.5128205128205128,0.6153846153846154,N3 S2 O24,de-protonated,0,-9999,C39 H59 O24 N3 S2,39,59,24,3,-9999,2,-9999,-9999,-9999
1552,1016.296688,1016.2962202013276,1016.2957500442192,3455061.3,-9999,158145.6,14.42,-1,0.46261839494985335,0.4809557242102114,0.6145102180259682,0.5343775217365141,34,0.8793103448275862,0.2413793103448276,N1 S1 O14,de-protonated,0,-9999,C58 H51 O14 N1 S1,58,51,14,1,-9999,1,-9999,-9999,-9999
1552,1016.296688,1016.2962202013276,1016.296752365819,3455061.3,-9999,158145.6,14.42,-1,-0.5236310063906213,0.4757330066167568,0.6582606959877569,0.5487440823651568,20,1.25,0.3541666666666667,N1 S2 P1 O17,de-protonated,0,-9999,C48 H60 O17 N1 P1 S2,48,60,17,1,1,2,-9999,-9999,-9999
1552,1016.296688,1016.2962202013276,1016.295882985949,3455061.3,-9999,158145.6,14.42,-1,0.3318082700077176,0.4901106548092615,0.6629808336683964,0.5592587263529155,21,1.1914893617021276,0.46808510638297873,N1 P1 O22,de-protonated,0,-9999,C47 H56 O22 N1 P1,47,56,22,1,1,-9999,-9999,-9999,-9999
1552,1016.296688,1016.2962202013276,1016.296239301569,3455061.3,-9999,158145.6,14.42,-1,-0.01879397023839609,0.4999679559806552,0.6024969549330056,0.5409795555615953,38,0.8524590163934426,0.09836065573770492,N3 S2 P1 O6,de-protonated,0,-9999,C61 H52 O6 N3 P1 S2,61,52,6,3,1,2,-9999,-9999,-9999
1552,1016.296688,1016.2962202013276,1016.295369921699,3455061.3,-9999,158145.6,14.42,-1,0.8366461698758404,0.4403624884591854,0.6064488444798661,0.5067970308674576,39,0.8,0.18333333333333332,N3 P1 O11,de-protonated,0,-9999,C60 H48 O11 N3 P1,60,48,11,3,1,-9999,-9999,-9999,-9999
1552,1016.296688,1016.2962202013276,1016.2952315372688,3455061.3,-9999,158145.6,14.42,-1,0.9728118642392818,0.4211090344036389,0.7033271719038788,0.5339962894037349,12,1.5384615384615383,0.6153846153846154,N3 S1 P1 O24,de-protonated,0,-9999,C39 H60 O24 N3 P1 S1,39,60,24,3,1,1,-9999,-9999,-9999
1553,1016.787086,1016.786617840185,1016.786519730509,3014496,-9999,206281.2,12.31,-1,0.09648994568272232,0.33277069422938,0.4857642050486165,0.3939680985570746,21,1.4507042253521127,0.04225352112676056,N1 O3,de-protonated,0,-9999,C71 H103 O3 N1,71,103,3,1,-9999,-9999,-9999,-9999,-9999
1553,1016.787086,1016.786617840185,1016.787522052109,3014496,-9999,206281.2,12.31,-1,-0.889283064903971,0.4331629804579792,0.6024969549330056,0.5008965702479897,7,1.836065573770492,0.09836065573770492,N1 S1 P1 O6,de-protonated,0,-9999,C61 H112 O6 N1 P1 S1,61,112,6,1,1,1,-9999,-9999,-9999
1553,1016.787086,1016.786617840185,1016.785868281829,3014496,-9999,206281.2,12.31,-1,0.7371840811206122,0.45304957532353846,0.5947457015750872,0.509728025824158,12,1.6984126984126984,0.07936507936507936,N3 S1 O5,de-protonated,0,-9999,C63 H107 O5 N3 S1,63,107,5,3,-9999,1,-9999,-9999,-9999
1554,1016.798185,1016.7977168320114,1016.798266184049,4226906.5,-9999,199807.9,18.13,-1,-0.5402763319997449,0.3161378612557768,0.5545707124136273,0.41151100171891697,3,1.9473684210526316,0.22807017543859648,N1 O13,de-protonated,0,-9999,C57 H111 O13 N1,57,111,13,1,-9999,-9999,-9999,-9999,-9999
1554,1016.798185,1016.7977168320114,1016.797753119799,4226906.5,-9999,199807.9,18.13,-1,-0.03568830435381235,0.3332563078878037,0.4902903803606132,0.3960699368769275,21,1.4714285714285715,0.02857142857142857,N3 O2,de-protonated,0,-9999,C70 H103 O2 N3,70,103,2,3,-9999,-9999,-9999,-9999,-9999
1555,1017.294794,1017.2943254662946,1017.295021768419,3282529.8,-9999,234937.2,13.6,-1,-0.684464299465655,0.4592528608507305,0.5985962364615307,0.5149902110950506,38,0.8064516129032258,0.1935483870967742,S1 O12,de-protonated,0,-9999,C62 H50 O12 S1,62,50,12,-9999,-9999,1,-9999,-9999,-9999
1555,1017.294794,1017.2943254662946,1017.295154710149,3282529.8,-9999,234937.2,13.6,-1,-0.8151457819448383,0.4432093466554064,0.6444951140065156,0.52372365359585,25,1.0784313725490196,0.392156862745098,P1 O20,de-protonated,0,-9999,C51 H55 O20 P1,51,55,20,-9999,1,-9999,-9999,-9999,-9999
1555,1017.294794,1017.2943254662946,1017.294883383989,3282529.8,-9999,234937.2,13.6,-1,-0.5484326162938052,0.47344335011280625,0.6927871148459346,0.5611808560060576,11,1.5121951219512195,0.6097560975609756,S2 O25,de-protonated,0,-9999,C41 H62 O25 S2,41,62,25,-9999,-9999,2,-9999,-9999,-9999
1555,1017.294794,1017.2943254662946,1017.2943703197392,3282529.8,-9999,234937.2,13.6,-1,-0.04409091978409241,0.49982366214392165,0.6312934720183802,0.5524115860937051,29,1,0.25925925925925924,N2 S2 O14,de-protonated,0,-9999,C54 H54 O14 N2 S2,54,54,14,2,-9999,2,-9999,-9999,-9999
1555,1017.294794,1017.2943254662946,1017.293500939869,3282529.8,-9999,234937.2,13.6,-1,0.8105098723777403,0.44381583607531727,0.6356335132356644,0.520542906939456,30,0.9433962264150944,0.3584905660377358,N2 O19,de-protonated,0,-9999,C53 H50 O19 N2,53,50,19,2,-9999,-9999,-9999,-9999,-9999
1555,1017.294794,1017.2943254662946,1017.2945032614688,3282529.8,-9999,234937.2,13.6,-1,-0.174772569521564,0.4972364494861496,0.6825582999861977,0.5713651896861689,16,1.372093023255814,0.5116279069767442,N2 S1 P1 O22,de-protonated,0,-9999,C43 H59 O22 N2 P1 S1,43,59,22,2,1,1,-9999,-9999,-9999
1555,1017.294794,1017.2943254662946,1017.2939901972188,3282529.8,-9999,234937.2,13.6,-1,0.3295695038932049,0.4902423483985615,0.6227887944601802,0.5432609268232089,34,0.9107142857142856,0.19642857142857145,N4 S1 P1 O11,de-protonated,0,-9999,C56 H51 O11 N4 P1 S1,56,51,11,4,1,1,-9999,-9999,-9999
1555,1017.294794,1017.2943254662946,1017.2938518127892,3282529.8,-9999,234937.2,13.6,-1,0.465601462835098,0.4807141426268812,0.7253996187124169,0.5785883330610955,7,1.8,0.6857142857142857,N4 S2 P1 O24,de-protonated,0,-9999,C35 H63 O24 N4 P1 S2,35,63,24,4,1,2,-9999,-9999,-9999
1556,1017.796834,1017.7963650965784,1017.796373395319,3170661.8,-9999,198045.6,13.06,-1,-0.00815363553873508,0.3333293123474915,0.5089679850512161,0.40358478142898135,16,1.606060606060606,0.0303030303030303,N4 S1 O2,de-protonated,0,-9999,C66 H106 O2 N4 S1,66,106,2,4,-9999,1,-9999,-9999,-9999
1556,1017.796834,1017.7963650965784,1017.797375716919,3170661.8,-9999,198045.6,13.06,-1,-0.9929484637176392,0.4180952902779342,0.6227887944601802,0.49997269195083255,2,2.0535714285714284,0.08928571428571429,N4 S2 P1 O5,de-protonated,0,-9999,C56 H115 O5 N4 P1 S2,56,115,5,4,1,2,-9999,-9999,-9999
1556,1017.796834,1017.7963650965784,1017.796506337049,3170661.8,-9999,198045.6,13.06,-1,-0.1387708345746862,0.49825593890770103,0.6270122956014688,0.5497584815852081,3,2.018181818181818,0.18181818181818185,N4 P1 O10,de-protonated,0,-9999,C55 H111 O10 N4 P1,55,111,10,4,1,-9999,-9999,-9999,-9999
1557,1025.271427,1025.2709525920793,1025.270597187869,3485299,-9999,158407,14.59,-1,0.3466443017507924,0.48921634357526805,0.6677691528855879,0.560637467299396,18,1.2826086956521738,0.43478260869565216,S2 P1 O20,de-protonated,0,-9999,C46 H59 O20 P1 S2,46,59,20,-9999,1,2,-9999,-9999,-9999
1557,1025.271427,1025.2709525920793,1025.2700841236192,3485299,-9999,158407,14.59,-1,0.8470631042107076,0.4389632868361395,0.6104529186720895,0.5075591395705195,36,0.864406779661017,0.15254237288135594,N2 S2 P1 O9,de-protonated,0,-9999,C59 H51 O9 N2 P1 S2,59,51,9,2,1,2,-9999,-9999,-9999
1557,1025.271427,1025.2709525920793,1025.2714453410392,3485299,-9999,158407,14.59,-1,-0.480603416932303,0.4794775844089555,0.6775563317580969,0.5587090833486121,19,1.2272727272727273,0.5454545454545454,N2 S1 O24,de-protonated,0,-9999,C44 H54 O24 N2 S1,44,54,24,2,-9999,1,-9999,-9999,-9999
1557,1025.271427,1025.2709525920793,1025.2709322767892,3485299,-9999,158407,14.59,-1,0.01981455780917837,0.4999643813764207,0.6186218109054389,0.547427353188028,37,0.8070175438596491,0.22807017543859648,N4 S1 O13,de-protonated,0,-9999,C57 H46 O13 N4 S1,57,46,13,4,-9999,1,-9999,-9999,-9999
1557,1025.271427,1025.2709525920793,1025.2719345983892,3485299,-9999,158407,14.59,-1,-0.9578008299362344,0.4233292570341184,0.6629808336683964,0.5191898876878296,23,1.1702127659574468,0.3404255319148936,N4 S2 P1 O16,de-protonated,0,-9999,C47 H55 O16 N4 P1 S2,47,55,16,4,1,2,-9999,-9999,-9999
1557,1025.271427,1025.2709525920793,1025.2710652185192,3485299,-9999,158407,14.59,-1,-0.10985040318317596,0.4989064169440794,0.6677691528855879,0.5664515113206827,24,1.108695652173913,0.4565217391304347,N4 P1 O21,de-protonated,0,-9999,C46 H51 O21 N4 P1,46,51,21,4,1,-9999,-9999,-9999,-9999
1558,1025.288592,1025.288117579439,1025.288222310879,8658538,-9999,173233.1,39.43,-1,-0.10214829167903929,0.4994659400941576,0.7925501557449135,0.61669962635446,31,0.9473684210526316,0.24561403508771928,S2 O14,de-protonated,0,-9999,C57 H54 O14 S2,57,54,14,-9999,-9999,2,-9999,-9999,-9999
1558,1025.288592,1025.288117579439,1025.287352931009,8658538,-9999,173233.1,39.43,-1,0.7457893900756276,0.5906161738148031,0.8241624584751999,0.6840346876789618,32,0.8928571428571429,0.3392857142857143,O19,de-protonated,0,-9999,C56 H50 O19,56,50,19,-9999,-9999,-9999,-9999,-9999,-9999
1558,1025.288592,1025.288117579439,1025.2883552526089,8658538,-9999,173233.1,39.43,-1,-0.2318110500199053,0.6629117866953241,0.8820174438142265,0.7505540495428851,18,1.2826086956521738,0.4782608695652174,S1 P1 O22,de-protonated,0,-9999,C46 H59 O22 P1 S1,46,59,22,-9999,1,1,-9999,-9999,-9999
1558,1025.288592,1025.288117579439,1025.287842188359,8658538,-9999,173233.1,39.43,-1,0.2685987956828201,0.6524562626159119,0.8081852882503762,0.7147478728696977,36,0.864406779661017,0.1864406779661017,N2 S1 P1 O11,de-protonated,0,-9999,C59 H51 O11 N2 P1 S1,59,51,11,2,1,1,-9999,-9999,-9999
1558,1025.288592,1025.288117579439,1025.2877038039292,8658538,-9999,173233.1,39.43,-1,0.4035701471686708,0.6396604827134416,0.9306517846008162,0.7560570034683914,9,1.6578947368421053,0.631578947368421,N2 S2 P1 O24,de-protonated,0,-9999,C38 H63 O24 N2 P1 S2,38,63,24,2,1,2,-9999,-9999,-9999
1558,1025.288592,1025.288117579439,1025.287190739679,8658538,-9999,173233.1,39.43,-1,0.9039806289956844,0.21554818977665385,0.5585859716519259,0.3527633025267627,27,1.0784313725490196,0.2549019607843137,N4 S2 P1 O13,de-protonated,0,-9999,C51 H55 O13 N4 P1 S2,51,55,13,4,1,2,-9999,-9999,-9999
1558,1025.288592,1025.288117579439,1025.288690341529,8658538,-9999,173233.1,39.43,-1,-0.5586349441966798,0.6378496490078364,0.8187694412629178,0.710217565909869,37,0.8070175438596491,0.2631578947368421,N4 O15,de-protonated,0,-9999,C57 H46 O15 N4,57,46,15,4,-9999,-9999,-9999,-9999,-9999
1559,1025.30367,1025.3031955683348,1025.3034784521692,10223203,-9999,120508.4,46.94,-1,-0.27590254042912316,0.7351602374427088,0.8135648739422977,0.7665220920425444,35,0.8852459016393442,0.18032786885245905,S2 O11,de-protonated,0,-9999,C61 H54 O11 S2,61,54,11,-9999,-9999,2,-9999,-9999,-9999
1559,1025.30367,1025.3031955683348,1025.3026090722992,10223203,-9999,120508.4,46.94,-1,0.5720223769812336,0.639350877772424,0.8814885259664529,0.7362059370500356,36,0.8333333333333334,0.26666666666666666,O16,de-protonated,0,-9999,C60 H50 O16,60,50,16,-9999,-9999,-9999,-9999,-9999,-9999
1559,1025.30367,1025.3031955683348,1025.303611393899,10223203,-9999,120508.4,46.94,-1,-0.40556334690662943,0.6352132054035945,0.914909097232084,0.7470915621349903,22,1.18,0.38,S1 P1 O19,de-protonated,0,-9999,C50 H59 O19 P1 S1,50,59,19,-9999,1,1,-9999,-9999,-9999
1559,1025.30367,1025.3031955683348,1025.3030983296492,10223203,-9999,120508.4,46.94,-1,0.0948389659315084,0.6654120853352268,0.8662954849207339,0.7457654451694297,40,0.8095238095238095,0.12698412698412698,N2 S1 P1 O8,de-protonated,0,-9999,C63 H51 O8 N2 P1 S1,63,51,8,2,1,1,-9999,-9999,-9999
1559,1025.30367,1025.3031955683348,1025.302959945219,10223203,-9999,120508.4,46.94,-1,0.22980828586144736,0.7280811360073502,0.8224021082659166,0.7658095249107768,13,1.5,0.5,N2 S2 P1 O21,de-protonated,0,-9999,C42 H63 O21 N2 P1 S2,42,63,21,2,1,2,-9999,-9999,-9999
1559,1025.30367,1025.3031955683348,1025.3024468809692,10223203,-9999,120508.4,46.94,-1,0.7302112345830732,0.46469270421939024,0.8583480156585739,0.6221548287950637,31,1,0.18181818181818185,N4 S2 P1 O10,de-protonated,0,-9999,C55 H55 O10 N4 P1 S2,55,55,10,4,1,2,-9999,-9999,-9999
1559,1025.30367,1025.3031955683348,1025.303808098389,10223203,-9999,120508.4,46.94,-1,-0.597413224648825,0.6092134030760596,0.9401233879734068,0.7415773970349985,14,1.45,0.625,N4 S1 O25,de-protonated,0,-9999,C40 H58 O25 N4 S1,40,58,25,4,-9999,1,-9999,-9999,-9999
1560,1025.313327,1025.312852561223,1025.312994308419,3755613.5,-9999,267159.1,15.89,-1,-0.13824773198650603,0.332179360005268,0.53366554753236,0.4127738350161048,35,0.9016393442622952,0.18032786885245905,S1 P1 O11,de-protonated,0,-9999,C61 H55 O11 P1 S1,61,55,11,-9999,1,1,-9999,-9999,-9999
1560,1025.313327,1025.312852561223,1025.3118536023892,3755613.5,-9999,267159.1,15.89,-1,0.9742975567398866,0.4208880540309904,0.6490192219379252,0.5121405211937643,22,1.16,0.42,S1 O21,de-protonated,0,-9999,C50 H58 O21 S1,50,58,21,-9999,-9999,1,-9999,-9999,-9999
1560,1025.313327,1025.312852561223,1025.3128559239892,3755613.5,-9999,267159.1,15.89,-1,-0.00327974641657265,0.4999990241030937,0.6980173569463055,0.5792063572403785,8,1.675,0.6,S2 P1 O24,de-protonated,0,-9999,C40 H67 O24 P1 S2,40,67,24,-9999,1,2,-9999,-9999,-9999
1560,1025.313327,1025.312852561223,1025.3123428597391,3755613.5,-9999,267159.1,15.89,-1,0.4971182561647332,0.4780748492617219,0.6356335132356643,0.5410983148512989,26,1.1132075471698113,0.24528301886792453,N2 S2 P1 O13,de-protonated,0,-9999,C53 H59 O13 N2 P1 S2,53,59,13,2,1,2,-9999,-9999,-9999
1560,1025.313327,1025.312852561223,1025.3138424615893,3755613.5,-9999,267159.1,15.89,-1,-0.9654608425501168,0.4221991498424094,0.6104529186720896,0.4975006573742815,36,0.847457627118644,0.2542372881355932,N2 O15,de-protonated,0,-9999,C59 H50 O15 N2,59,50,15,2,-9999,-9999,-9999,-9999,-9999
1560,1025.313327,1025.312852561223,1025.313191012909,3755613.5,-9999,267159.1,15.89,-1,-0.3300959053433126,0.49021146025842327,0.6444951140065156,0.5519249217576603,27,1.0588235294117647,0.3333333333333333,N4 S1 O17,de-protonated,0,-9999,C51 H54 O17 N4 S1,51,54,17,4,-9999,1,-9999,-9999,-9999
1560,1025.313327,1025.312852561223,1025.313323954639,3755613.5,-9999,267159.1,15.89,-1,-0.45975547654669474,0.4811862284607777,0.6980173569463055,0.5679186798549888,14,1.475,0.625,N4 P1 O25,de-protonated,0,-9999,C40 H59 O25 N4 P1,40,59,25,4,1,-9999,-9999,-9999,-9999
1561,1026.29209,1026.2916148404347,1026.2915771459493,3108957.3,-9999,145513.2,12.79,-1,0.03672882662110838,0.4998776272303181,0.7925501557449135,0.6169466386361563,31,0.9642857142857144,0.25,13C1 S2 O14,de-protonated,1,1558,C56 H54 O14 S2 13C1,56,54,14,-9999,-9999,2,1,-9999,-9999
1561,1026.29209,1026.2916148404347,1026.290707766079,3108957.3,-9999,145513.2,12.79,-1,0.8838376385418727,0.5785633727137344,0.8241624584751999,0.6768030070183206,32,0.9090909090909092,0.34545454545454546,13C1 O19,de-protonated,1,1558,C55 H50 O19 13C1,55,50,19,-9999,-9999,-9999,1,-9999,-9999
1561,1026.29209,1026.2916148404347,1026.2917100876791,3108957.3,-9999,145513.2,12.79,-1,-0.09280718481956644,0.6656255810574724,0.8820174438142265,0.7521823261601741,18,1.3111111111111111,0.4888888888888889,13C1 S1 P1 O22,de-protonated,1,1558,C45 H59 O22 P1 S1 13C1,45,59,22,-9999,1,1,1,-9999,-9999
1561,1026.29209,1026.2916148404347,1026.291846433299,3108957.3,-9999,145513.2,12.79,-1,-0.225659850210486,0.4954013794878077,0.672627141691601,0.5662916843693251,18,1.2666666666666666,0.5333333333333333,N1 S1 O24,de-protonated,0,-9999,C45 H57 O24 N1 S1,45,57,24,1,-9999,1,-9999,-9999,-9999
1561,1026.29209,1026.2916148404347,1026.291197023429,3108957.3,-9999,145513.2,12.79,-1,0.4071135043022869,0.6469160999560818,0.8081852882503762,0.7114237752737995,36,0.8793103448275862,0.1896551724137931,13C1 N2 S1 P1 O11,de-protonated,1,1558,C58 H51 O11 N2 P1 S1 13C1,58,51,11,2,1,1,1,-9999,-9999
1561,1026.29209,1026.2916148404347,1026.2910586389992,3108957.3,-9999,145513.2,12.79,-1,0.541952919541894,0.6320675926724563,0.9306517846008162,0.7515012694438002,9,1.7027027027027026,0.6486486486486487,13C1 N2 S2 P1 O24,de-protonated,1,1558,C37 H63 O24 N2 P1 S2 13C1,37,63,24,2,1,2,1,-9999,-9999
1561,1026.29209,1026.2916148404347,1026.2913333690492,3108957.3,-9999,145513.2,12.79,-1,0.2742607058581897,0.49322216995210577,0.6145102180259682,0.5417373891816507,36,0.8448275862068966,0.22413793103448276,N3 S1 O13,de-protonated,0,-9999,C58 H49 O13 N3 S1,58,49,13,3,-9999,1,-9999,-9999,-9999
1561,1026.29209,1026.2916148404347,1026.2923356906492,3108957.3,-9999,145513.2,12.79,-1,-0.7023829268249346,0.4571867182415817,0.6582606959877569,0.5376163093400518,22,1.2083333333333333,0.3333333333333333,N3 S2 P1 O16,de-protonated,0,-9999,C48 H58 O16 N3 P1 S2,48,58,16,3,1,2,-9999,-9999,-9999
1561,1026.29209,1026.2916148404347,1026.291466310779,3108957.3,-9999,145513.2,12.79,-1,0.14472463287964937,0.49810336507792985,0.6629808336683964,0.5640543525141165,23,1.148936170212766,0.44680851063829785,N3 P1 O21,de-protonated,0,-9999,C47 H54 O21 N3 P1,47,54,21,3,1,-9999,-9999,-9999,-9999
1561,1026.29209,1026.2916148404347,1026.2920451765992,3108957.3,-9999,145513.2,12.79,-1,-0.4193116048687527,0.6457338743359208,0.8187694412629178,0.7149481011067196,37,0.8214285714285714,0.26785714285714285,13C1 N4 O15,de-protonated,1,1558,C56 H46 O15 N4 13C1,56,46,15,4,-9999,-9999,1,-9999,-9999
1562,1026.306817,1026.3063418295892,1026.3068332872392,5330005.5,-9999,170644.5,23.45,-1,-0.4788603506029459,0.7284011218425939,0.8135648739422977,0.7624666226824754,35,0.9,0.18333333333333332,13C1 S2 O11,de-protonated,1,1559,C60 H54 O11 S2 13C1,60,54,11,-9999,-9999,2,1,-9999,-9999
1562,1026.306817,1026.3063418295892,1026.305963907369,5330005.5,-9999,170644.5,23.45,-1,0.3682354322065739,0.6504641681193571,0.8814885259664529,0.7428739112581955,36,0.847457627118644,0.2711864406779661,13C1 O16,de-protonated,1,1559,C59 H50 O16 13C1,59,50,16,-9999,-9999,-9999,1,-9999,-9999
1562,1026.306817,1026.3063418295892,1026.306966228969,5330005.5,-9999,170644.5,23.45,-1,-0.6083943696933035,0.6233624187049609,0.914909097232084,0.7399810901158101,22,1.2040816326530612,0.3877551020408163,13C1 S1 P1 O19,de-protonated,1,1559,C49 H59 O19 P1 S1 13C1,49,59,19,-9999,1,1,1,-9999,-9999
1562,1026.306817,1026.3063418295892,1026.3057413571692,5330005.5,-9999,170644.5,23.45,-1,0.5850814195509783,0.3132587190283302,0.5186619100274374,0.3954199954279731,39,0.84375,0.09375,N1 S2 P1 O6,de-protonated,0,-9999,C64 H54 O6 N1 P1 S2,64,54,6,1,1,2,-9999,-9999,-9999
1562,1026.306817,1026.3063418295892,1026.3071025745892,5330005.5,-9999,170644.5,23.45,-1,-0.7412449919436177,0.4525563027496294,0.6536072938689251,0.5329766991973477,22,1.163265306122449,0.42857142857142855,N1 S1 O21,de-protonated,0,-9999,C49 H57 O21 N1 S1,49,57,21,1,-9999,1,-9999,-9999,-9999
1562,1026.306817,1026.3063418295892,1026.306453164719,5330005.5,-9999,170644.5,23.45,-1,-0.10848136968808292,0.6652446349217264,0.8662954849207339,0.7456649749213293,40,0.8225806451612904,0.12903225806451613,13C1 N2 S1 P1 O8,de-protonated,1,1559,C62 H51 O8 N2 P1 S1 13C1,62,51,8,2,1,1,1,-9999,-9999
1562,1026.306817,1026.3063418295892,1026.306314780289,5330005.5,-9999,170644.5,23.45,-1,0.0263559716293019,0.7304338460629326,0.8224021082659166,0.7672211509441262,13,1.5365853658536586,0.5121951219512195,13C1 N2 S2 P1 O21,de-protonated,1,1559,C41 H63 O21 N2 P1 S2 13C1,41,63,21,2,1,2,1,-9999,-9999
1562,1026.306817,1026.3063418295892,1026.306589510339,5330005.5,-9999,170644.5,23.45,-1,-0.24133212476600857,0.32982928489097335,0.5286014919551969,0.4093381677166627,40,0.7903225806451613,0.16129032258064516,N3 S1 O10,de-protonated,0,-9999,C62 H49 O10 N3 S1,62,49,10,3,-9999,1,-9999,-9999,-9999
1562,1026.306817,1026.3063418295892,1026.3067224520692,5330005.5,-9999,170644.5,23.45,-1,-0.37086620561391587,0.3251173590220916,0.587975334478484,0.4302605492046486,27,1.0588235294117647,0.35294117647058826,N3 P1 O18,de-protonated,0,-9999,C51 H54 O18 N3 P1,51,54,18,3,1,-9999,-9999,-9999,-9999
1562,1026.306817,1026.3063418295892,1026.3064511259092,5330005.5,-9999,170644.5,23.45,-1,-0.10649481927511288,0.4989721398767876,0.6927871148459346,0.5764981298644464,13,1.4878048780487805,0.5609756097560976,N3 S2 O23,de-protonated,0,-9999,C41 H61 O23 N3 S2,41,61,23,3,-9999,2,-9999,-9999,-9999
1562,1026.306817,1026.3063418295892,1026.3058017160392,5330005.5,-9999,170644.5,23.45,-1,0.5262696060536175,0.475493934098027,0.8583480156585739,0.6286355667222457,31,1.0185185185185186,0.18518518518518515,13C1 N4 S2 P1 O10,de-protonated,1,1559,C54 H55 O10 N4 P1 S2 13C1,54,55,10,4,1,2,1,-9999,-9999
1562,1026.306817,1026.3063418295892,1026.307162933459,5330005.5,-9999,170644.5,23.45,-1,-0.8000566492123093,0.5935649032022521,0.9401233879734068,0.732188297110714,14,1.4871794871794872,0.6410256410256411,13C1 N4 S1 O25,de-protonated,1,1559,C39 H58 O25 N4 S1 13C1,39,58,25,4,-9999,1,1,-9999,-9999
1563,1027.285587,1027.285111108796,1027.285244930729,4166227,-9999,207304.4,17.87,-1,-0.13026755106723187,0.4984628088345997,0.6227887944601802,0.5481932030848319,31,0.9285714285714286,0.30357142857142855,S1 O17,de-protonated,0,-9999,C56 H52 O17 S1,56,52,17,-9999,-9999,1,-9999,-9999,-9999
1563,1027.285587,1027.285111108796,1027.285377872459,4166227,-9999,207304.4,17.87,-1,-0.25967824413219126,0.4939194796171418,0.672627141691601,0.5654025444469255,18,1.2666666666666666,0.5555555555555556,P1 O25,de-protonated,0,-9999,C45 H57 O25 P1,45,57,25,-9999,1,-9999,-9999,-9999,-9999
1563,1027.285587,1027.285111108796,1027.285734188079,4166227,-9999,207304.4,17.87,-1,-0.6065296755548963,0.3118093569434689,0.5439865594010856,0.4046802379265156,35,0.8983050847457628,0.15254237288135594,N2 S2 P1 O9,de-protonated,0,-9999,C59 H53 O9 N2 P1 S2,59,53,9,2,1,2,-9999,-9999,-9999
1563,1027.285587,1027.285111108796,1027.284864808209,4166227,-9999,207304.4,17.87,-1,0.23975880046581033,0.3298745869853295,0.5492452930313529,0.4176228694037389,36,0.8448275862068966,0.2413793103448276,N2 P1 O14,de-protonated,0,-9999,C58 H49 O14 N2 P1,58,49,14,2,1,-9999,-9999,-9999,-9999
1563,1027.285587,1027.285111108796,1027.284593482049,4166227,-9999,207304.4,17.87,-1,0.5038786234366518,0.4774881897245952,0.6582606959877569,0.5497971922298599,22,1.1666666666666667,0.3958333333333333,N2 S2 O19,de-protonated,0,-9999,C48 H56 O19 N2 S2,48,56,19,2,-9999,2,-9999,-9999,-9999
1563,1027.285587,1027.285111108796,1027.284213359529,4166227,-9999,207304.4,17.87,-1,0.8739054442715812,0.43529927827100534,0.6490192219379252,0.5207872557377733,27,1.06,0.32,N4 S1 P1 O16,de-protonated,0,-9999,C50 H53 O16 N4 P1 S1,50,53,16,4,1,1,-9999,-9999,-9999
1564,1027.299919,1027.2994430982412,1027.2992742817692,4698699,-9999,185855.8,20.42,-1,0.1643303721664149,0.7373675831312451,0.8135648739422977,0.7678464994556662,35,0.8852459016393442,0.18032786885245905,S1 34S1 O11,de-protonated,1,1559,C61 H54 O11 S1 34S1,61,54,11,-9999,-9999,1,-9999,-9999,1
1564,1027.299919,1027.2994430982412,1027.3001209494992,4698699,-9999,185855.8,20.42,-1,-0.6598376113365543,0.30801325933892426,0.5286014919551969,0.3962485523854334,40,0.7903225806451613,0.1774193548387097,N2 P1 O11,de-protonated,0,-9999,C62 H49 O11 N2 P1,62,49,11,2,1,-9999,-9999,-9999,-9999
1564,1027.299919,1027.2994430982412,1027.2998496233392,4698699,-9999,185855.8,20.42,-1,-0.3957219483326186,0.4859928856787275,0.6400336417157294,0.5476091880935283,26,1.0769230769230769,0.3076923076923077,N2 S2 O16,de-protonated,0,-9999,C52 H56 O16 N2 S2,52,56,16,2,-9999,2,-9999,-9999,-9999
1564,1027.299919,1027.2994430982412,1027.298980243469,4698699,-9999,185855.8,20.42,-1,0.450555078021484,0.4819180299180408,0.6444951140065156,0.5469488635534308,27,1.0196078431372548,0.4117647058823529,N2 O21,de-protonated,0,-9999,C51 H52 O21 N2,51,52,21,2,-9999,-9999,-9999,-9999,-9999
1564,1027.299919,1027.2994430982412,1027.298755774819,4698699,-9999,185855.8,20.42,-1,0.6690589454477249,0.7109622169298062,0.8224021082659166,0.7555381734642503,13,1.5,0.5,N2 S1 34S1 P1 O21,de-protonated,1,1559,C42 H63 O21 N2 P1 S1 34S1,42,63,21,2,1,1,-9999,-9999,1
1564,1027.299919,1027.2994430982412,1027.299982565069,4698699,-9999,185855.8,20.42,-1,-0.5251307670465941,0.47559725220702226,0.6927871148459346,0.5624731972625872,13,1.4878048780487805,0.5853658536585366,N2 S1 P1 O24,de-protonated,0,-9999,C41 H61 O24 N2 P1 S1,41,61,24,2,1,1,-9999,-9999,-9999
1564,1027.299919,1027.2994430982412,1027.299469500819,4698699,-9999,185855.8,20.42,-1,-0.0257009553139201,0.3332933844098371,0.5709562512810148,0.4283585311583082,31,0.9814814814814816,0.24074074074074073,N4 S1 P1 O13,de-protonated,0,-9999,C54 H53 O13 N4 P1 S1,54,53,13,4,1,1,-9999,-9999,-9999
1565,1178.339466,1178.3388788685024,1178.3378293324292,4541564,-9999,202343.3,20.59,-1,0.8906919960222083,0.2886439434771494,0.4995129960746475,0.3729915645161486,39,0.9117647058823528,0.17647058823529413,N1 S2 P1 O12,de-protonated,0,-9999,C68 H62 O12 N1 P1 S2,68,62,12,1,1,2,-9999,-9999,-9999
1565,1178.339466,1178.3388788685024,1178.3386774855992,4541564,-9999,202343.3,20.59,-1,0.17090409327124975,0.3315714093153405,0.5089679850512161,0.4025300396096907,40,0.8636363636363636,0.24242424242424243,N3 S1 O16,de-protonated,0,-9999,C66 H57 O16 N3 S1,66,57,16,3,-9999,1,-9999,-9999,-9999
1565,1178.339466,1178.3388788685024,1178.339679807199,4541564,-9999,202343.3,20.59,-1,-0.6797180051578092,0.3065284861726409,0.5599637296259095,0.4079025835539483,26,1.1785714285714286,0.3392857142857143,N3 S2 P1 O19,de-protonated,0,-9999,C56 H66 O19 N3 P1 S2,56,66,19,3,1,2,-9999,-9999,-9999
1565,1178.339466,1178.3388788685024,1178.3388104273292,4541564,-9999,202343.3,20.59,-1,0.05808276243853177,0.3331293502353463,0.5654252658645154,0.4260477164870139,27,1.1272727272727272,0.43636363636363634,N3 P1 O24,de-protonated,0,-9999,C55 H62 O24 N3 P1,55,62,24,3,1,-9999,-9999,-9999,-9999
1566,1178.352128,1178.351540859178,1178.3519447676892,9890940,-9999,129419.1,47.2,-1,-0.3427740863922969,0.4573890203038109,0.8453858262494998,0.6125877426820865,30,1.0655737704918034,0.3114754098360656,N1 S2 O19,de-protonated,0,-9999,C61 H65 O19 N1 S2,61,65,19,1,-9999,2,-9999,-9999,-9999
1566,1178.352128,1178.351540859178,1178.3510753878193,9890940,-9999,129419.1,47.2,-1,0.39501925053434545,0.3240279247270392,0.538793608708705,0.4099341983197055,31,1.0166666666666666,0.4,N1 O24,de-protonated,0,-9999,C60 H61 O24 N1,60,61,24,1,-9999,-9999,-9999,-9999,-9999
1566,1178.352128,1178.351540859178,1178.351564645169,9890940,-9999,129419.1,47.2,-1,-0.02018581871055946,0.3333086894436504,0.5236005676629862,0.4094254407313848,35,0.984126984126984,0.25396825396825395,N3 S1 P1 O16,de-protonated,0,-9999,C63 H62 O16 N3 P1 S1,63,62,16,3,1,1,-9999,-9999,-9999
1567,1178.841461,1178.8408734988195,1178.840212530529,3726461,-9999,203039,16.54,-1,0.5606937085093229,0.3148510336025291,0.4555979516112859,0.3711498008060318,21,1.5,0.03846153846153846,N1 S2 O3,de-protonated,0,-9999,C78 H117 O3 N1 S2,78,117,3,1,-9999,2,-9999,-9999,-9999
1567,1178.841461,1178.8408734988195,1178.840345472259,3726461,-9999,203039,16.54,-1,0.4479203333070171,0.32141671669779687,0.5042110374525536,0.3945344449996996,8,1.8208955223880596,0.16417910447761194,N1 S1 P1 O11,de-protonated,0,-9999,C67 H122 O11 N1 P1 S1,67,122,11,1,1,1,-9999,-9999,-9999
1567,1178.841461,1178.8408734988195,1178.841193625429,3726461,-9999,203039,16.54,-1,-0.27156041986473267,0.32890272743527976,0.5137846641763661,0.4028555021317143,9,1.8,0.2307692307692308,N3 O15,de-protonated,0,-9999,C65 H117 O15 N3,65,117,15,3,-9999,-9999,-9999,-9999,-9999
1568,1178.854509,1178.8539214892105,1178.853099690099,9976957,-9999,137809.9,47.62,-1,0.6971174879036611,0.18311937120781216,0.43276622036047174,0.28297811086887603,16,1.6266666666666667,0.04,N1 S2 P1 O3,de-protonated,0,-9999,C75 H122 O3 N1 P1 S2,75,122,3,1,1,2,-9999,-9999,-9999
1568,1178.854509,1178.8539214892105,1178.854599291949,9976957,-9999,137809.9,47.62,-1,-0.5749672087161559,0.23544475222916011,0.4231840528523143,0.31054047247842176,26,1.3950617283950617,0.06172839506172839,N1 O5,de-protonated,0,-9999,C81 H113 O5 N1,81,113,5,1,-9999,-9999,-9999,-9999,-9999
1568,1178.854509,1178.8539214892105,1178.853947843269,9976957,-9999,137809.9,47.62,-1,-0.02235566037613624,0.2499773301236205,0.459629922569435,0.3338383671019463,17,1.6027397260273972,0.0958904109589041,N3 S1 O7,de-protonated,0,-9999,C73 H117 O7 N3 S1,73,117,7,3,-9999,1,-9999,-9999,-9999
1568,1178.854509,1178.8539214892105,1178.8549501648693,9976957,-9999,137809.9,47.62,-1,-0.8726057931053299,0.2177392992734404,0.5001660841641944,0.33071001322974203,3,2,0.15873015873015872,N3 S2 P1 O10,de-protonated,0,-9999,C63 H126 O10 N3 P1 S2,63,126,10,3,1,2,-9999,-9999,-9999
1568,1178.854509,1178.8539214892105,1178.854080784999,9976957,-9999,137809.9,47.62,-1,-0.135127655857919,0.33223077439471865,0.5286014919551969,0.4107790614189099,4,1.967741935483871,0.24193548387096775,N3 P1 O15,de-protonated,0,-9999,C62 H122 O15 N3 P1,62,122,15,3,1,-9999,-9999,-9999,-9999
1569,1179.35065,1179.3500621238386,1179.351216491889,6954110,-9999,133284,32.59,-1,-0.9788161782091044,0.5760669225250816,0.8484610930411363,0.6850245907315035,34,0.9846153846153848,0.26153846153846155,S2 O17,de-protonated,0,-9999,C65 H64 O17 S2,65,64,17,-9999,-9999,2,-9999,-9999,-9999
1569,1179.35065,1179.3500621238386,1179.350347112019,6954110,-9999,133284,32.59,-1,-0.24164844756128456,0.3298201417130014,0.5186619100274374,0.40535684903877583,35,0.9375,0.34375,O22,de-protonated,0,-9999,C64 H60 O22,64,60,22,-9999,-9999,-9999,-9999,-9999,-9999
1569,1179.35065,1179.3500621238386,1179.350836369369,6954110,-9999,133284,32.59,-1,-0.6565014468880502,0.30825879326077704,0.5042110374525537,0.38663969093748773,39,0.9104477611940298,0.208955223880597,N2 S1 P1 O14,de-protonated,0,-9999,C67 H61 O14 N2 P1 S1,67,61,14,2,1,1,-9999,-9999,-9999
1569,1179.35065,1179.3500621238386,1179.3496956633392,6954110,-9999,133284,32.59,-1,0.31073099080204647,0.3275443413887863,0.5599637296259095,0.42051209668363554,26,1.1428571428571428,0.42857142857142855,N2 S1 O24,de-protonated,0,-9999,C56 H64 O24 N2 S1,56,64,24,2,-9999,1,-9999,-9999,-9999
1569,1179.35065,1179.3500621238386,1179.3501849206891,6954110,-9999,133284,32.59,-1,-0.10412246683739504,0.33267825328157885,0.5439865594010856,0.41720157572938155,30,1.1016949152542372,0.2711864406779661,N4 S2 P1 O16,de-protonated,0,-9999,C59 H65 O16 N4 P1 S2,59,65,16,4,1,2,-9999,-9999,-9999
1569,1179.35065,1179.3500621238386,1179.3493155408191,6954110,-9999,133284,32.59,-1,0.6330465534046827,0.3099552100345201,0.5492452930313529,0.4056712432332532,31,1.0517241379310345,0.3620689655172414,N4 P1 O21,de-protonated,0,-9999,C58 H61 O21 N4 P1,58,61,21,4,1,-9999,-9999,-9999,-9999
1570,1179.357001,1179.3564131191615,1179.357361044819,6210686,-9999,163441,28.89,-1,-0.803764566082143,0.29646238253811336,0.4995129960746476,0.37768262795272706,39,0.8970588235294118,0.25,P1 O17,de-protonated,0,-9999,C68 H61 O17 P1,68,61,17,-9999,1,-9999,-9999,-9999,-9999
1570,1179.357001,1179.3564131191615,1179.3570897186592,6210686,-9999,163441,28.89,-1,-0.5737019801178785,0.3140091310587015,0.5492452930313529,0.40810359584776207,25,1.1724137931034482,0.3793103448275862,S2 O22,de-protonated,0,-9999,C58 H68 O22 S2,58,68,22,-9999,-9999,2,-9999,-9999,-9999
1570,1179.357001,1179.3564131191615,1179.3552996027593,6210686,-9999,163441,28.89,-1,0.9441738233009797,0.4253247900207391,0.8453858262494998,0.5933492045122434,30,1.0833333333333333,0.31666666666666665,13C1 N1 S2 O19,de-protonated,1,1566,C60 H65 O19 N1 S2 13C1,60,65,19,1,-9999,2,1,-9999,-9999
1570,1179.357001,1179.3564131191615,1179.3567095961391,6210686,-9999,163441,28.89,-1,-0.25138872335873125,0.32953287009775556,0.538793608708705,0.4132371655421353,30,1.0833333333333333,0.31666666666666665,N2 S1 P1 O19,de-protonated,0,-9999,C60 H65 O19 N2 P1 S1,60,65,19,2,1,1,-9999,-9999,-9999
1570,1179.357001,1179.3564131191615,1179.3560581474592,6210686,-9999,163441,28.89,-1,0.3009877296036512,0.32789875868078594,0.582230333917866,0.429631388775618,21,1.3269230769230769,0.40384615384615385,N4 S2 P1 O21,de-protonated,0,-9999,C52 H69 O21 N4 P1 S2,52,69,21,4,1,2,-9999,-9999,-9999
1570,1179.357001,1179.3564131191615,1179.357557749309,6210686,-9999,163441,28.89,-1,-0.9705539596903944,0.28096296572677104,0.5492452930313529,0.3882758966486038,31,1.0344827586206895,0.39655172413793105,N4 O23,de-protonated,0,-9999,C58 H60 O23 N4,58,60,23,4,-9999,-9999,-9999,-9999,-9999
1571,1179.853367,1179.8527787536236,1179.8523714142991,6235263,-9999,123178.8,29.02,-1,0.3452460107551227,0.3262014870874811,0.4514962441045973,0.3763193898943275,20,1.5316455696202531,0.01265822784810126,S2 P1 O1,de-protonated,0,-9999,C79 H121 O1 P1 S2,79,121,1,-9999,1,2,-9999,-9999,-9999
1571,1179.853367,1179.8527787536236,1179.8538710161492,6235263,-9999,123178.8,29.02,-1,-0.925760852635424,0.21399515563184057,0.40618678208560755,0.2908718062133474,30,1.3176470588235294,0.03529411764705882,O3,de-protonated,0,-9999,C85 H112 O3,85,112,3,-9999,-9999,-9999,-9999,-9999,-9999
1571,1179.853367,1179.8527787536236,1179.8537326317191,6235263,-9999,123178.8,29.02,-1,-0.8084714817892915,0.29605444891382965,0.5186619100274374,0.3850974333592728,3,1.9375,0.25,S1 O16,de-protonated,0,-9999,C64 H124 O16 S1,64,124,16,-9999,-9999,1,-9999,-9999,-9999
1571,1179.853367,1179.8527787536236,1179.8532195674693,6235263,-9999,123178.8,29.02,-1,-0.3736175300116349,0.3249965469600413,0.4597501405136626,0.3788979843814898,21,1.5064935064935066,0.06493506493506493,N2 S1 O5,de-protonated,0,-9999,C77 H116 O5 N2 S1,77,116,5,2,-9999,1,-9999,-9999,-9999
1571,1179.853367,1179.8527787536236,1179.853352509199,6235263,-9999,123178.8,29.02,-1,-0.4862939739650341,0.3193327533548705,0.5089679850512161,0.3951868460334087,8,1.8333333333333333,0.19696969696969696,N2 P1 O13,de-protonated,0,-9999,C66 H121 O13 N2 P1,66,121,13,2,1,-9999,-9999,-9999,-9999
1571,1179.853367,1179.8527787536236,1179.852839444949,6235263,-9999,123178.8,29.02,-1,-0.05143974179400647,0.33317333116047904,0.4514962441045973,0.3805024963381264,26,1.4303797468354431,0.02531645569620253,N4 P1 O2,de-protonated,0,-9999,C79 H113 O2 N4 P1,79,113,2,4,1,-9999,-9999,-9999,-9999
1571,1179.853367,1179.8527787536236,1179.8525681187891,6235263,-9999,123178.8,29.02,-1,0.17852640253026633,0.33141120532323987,0.4948730455294321,0.3967959414057168,12,1.7391304347826086,0.10144927536231883,N4 S2 O7,de-protonated,0,-9999,C69 H120 O7 N4 S2,69,120,7,4,-9999,2,-9999,-9999,-9999
1571,1179.853367,1179.8527787536236,1179.8516987389191,6235263,-9999,123178.8,29.02,-1,0.9153817430098048,0.2863179278616197,0.4995129960746476,0.37159595514683086,13,1.7058823529411764,0.17647058823529413,N4 O12,de-protonated,0,-9999,C68 H116 O12 N4,68,116,12,4,-9999,-9999,-9999,-9999,-9999
1572,1179.862077,1179.8614887472097,1179.860613622789,3305599.3,-9999,285238.7,14.45,-1,0.7417184795504073,0.3016657650891189,0.4514962441045973,0.36159795669531025,20,1.518987341772152,0.0379746835443038,S2 O3,de-protonated,0,-9999,C79 H120 O3 S2,79,120,3,-9999,-9999,2,-9999,-9999,-9999
1572,1179.862077,1179.8614887472097,1179.860746564519,3305599.3,-9999,285238.7,14.45,-1,0.6290426158636112,0.3102395443160554,0.4995129960746475,0.3859489250194922,7,1.838235294117647,0.16176470588235295,S1 P1 O11,de-protonated,0,-9999,C68 H125 O11 P1 S1,68,125,11,-9999,1,1,-9999,-9999,-9999
1572,1179.862077,1179.8614887472097,1179.8624640975593,3305599.3,-9999,285238.7,14.45,-1,-0.8266644456194951,0.2944607320717606,0.5042110374525536,0.3783608542240778,7,1.8507462686567164,0.14925373134328357,N2 S2 O10,de-protonated,0,-9999,C67 H124 O10 N2 S2,67,124,10,2,-9999,2,-9999,-9999,-9999
1572,1179.862077,1179.8614887472097,1179.8615947176893,3305599.3,-9999,285238.7,14.45,-1,-0.08981602611910507,0.3328457796532603,0.5089679850512161,0.4032946618124426,8,1.818181818181818,0.2272727272727273,N2 O15,de-protonated,0,-9999,C66 H120 O15 N2,66,120,15,2,-9999,-9999,-9999,-9999,-9999
1572,1179.862077,1179.8614887472097,1179.8610816534392,3305599.3,-9999,285238.7,14.45,-1,0.345035340680197,0.3262100945370137,0.4514962441045973,0.3763245543640472,26,1.4177215189873418,0.05063291139240506,N4 O4,de-protonated,0,-9999,C79 H112 O4 N4,79,112,4,4,-9999,-9999,-9999,-9999,-9999
1572,1179.862077,1179.8614887472097,1179.8620839750392,3305599.3,-9999,285238.7,14.45,-1,-0.504489327902944,0.31828989250230827,0.49487304552943223,0.3889231537131579,12,1.7536231884057971,0.10144927536231883,N4 S1 P1 O7,de-protonated,0,-9999,C69 H121 O7 N4 P1 S1,69,121,7,4,1,1,-9999,-9999,-9999
1573,1180.356116,1180.3555273833852,1180.354571326959,3498112.5,-9999,122580.6,15.4,-1,0.8099739258631692,0.5918477081675159,0.8484610930411363,0.694493062116964,34,1,0.265625,13C1 S2 O17,de-protonated,1,1569,C64 H64 O17 S2 13C1,64,64,17,-9999,-9999,2,1,-9999,-9999
1573,1180.356116,1180.3555273833852,1180.355981320339,3498112.5,-9999,122580.6,15.4,-1,-0.3845763151131158,0.3245069396399533,0.5186619100274374,0.40216892779494695,34,1,0.265625,N1 S1 P1 O17,de-protonated,0,-9999,C64 H64 O17 N1 P1 S1,64,64,17,1,1,1,-9999,-9999,-9999
1573,1180.356116,1180.3555273833852,1180.355329871659,3498112.5,-9999,122580.6,15.4,-1,0.1673324304382281,0.4974661476652954,0.6227887944601802,0.5475952063832493,25,1.2142857142857142,0.3392857142857143,N3 S2 P1 O19,de-protonated,0,-9999,C56 H68 O19 N3 P1 S2,56,68,19,3,1,2,-9999,-9999,-9999
1573,1180.356116,1180.3555273833852,1180.354460491789,3498112.5,-9999,122580.6,15.4,-1,0.9038739055266444,0.4311114719851175,0.6270122956014688,0.509471801431658,26,1.1636363636363636,0.43636363636363634,N3 P1 O24,de-protonated,0,-9999,C55 H64 O24 N3 P1,55,64,24,3,1,-9999,-9999,-9999,-9999
1574,1185.345352,1185.3447597091726,1185.3441560529093,3072149.5,-9999,120397.2,13.29,-1,0.5092666634266451,0.4770154697716923,0.6356335132356643,0.5404626871572811,19,1.339622641509434,0.4528301886792453,S2 P1 O24,de-protonated,0,-9999,C53 H71 O24 P1 S2,53,71,24,-9999,1,2,-9999,-9999,-9999
1574,1185.345352,1185.3447597091726,1185.3436429886592,3072149.5,-9999,120397.2,13.29,-1,0.9421069746671892,0.2837505158988553,0.5089679850512161,0.3738375035597996,37,0.9545454545454546,0.19696969696969696,N2 S2 P1 O13,de-protonated,0,-9999,C66 H63 O13 N2 P1 S2,66,63,13,2,1,2,-9999,-9999,-9999
1574,1185.345352,1185.3447597091726,1185.3444911418292,3072149.5,-9999,120397.2,13.29,-1,0.2265732413569199,0.4953642504324104,0.5909443880293943,0.533596305471204,38,0.90625,0.265625,N4 S1 O17,de-protonated,0,-9999,C64 H58 O17 N4 S1,64,58,17,4,-9999,1,-9999,-9999,-9999
1574,1185.345352,1185.3447597091726,1185.345493463429,3072149.5,-9999,120397.2,13.29,-1,-0.6190214248610768,0.46641659968866533,0.6312934720183802,0.5323673486205514,24,1.2407407407407407,0.3703703703703703,N4 S2 P1 O20,de-protonated,0,-9999,C54 H67 O20 N4 P1 S2,54,67,20,4,1,2,-9999,-9999,-9999
1574,1185.345352,1185.3447597091726,1185.344624083559,3072149.5,-9999,120397.2,13.29,-1,0.11441871917277852,0.4988136788489844,0.6356335132356643,0.5535416126036563,25,1.1886792452830188,0.4716981132075472,N4 P1 O25,de-protonated,0,-9999,C53 H63 O25 N4 P1,53,63,25,4,1,-9999,-9999,-9999,-9999
1575,1187.325356,1187.3247622510423,1187.325789589739,2928544,-9999,96816.4,12.57,-1,-0.8652542596086117,0.4364892859868341,0.6104529186720896,0.5060747390609364,28,1.0847457627118644,0.3728813559322034,S2 O22,de-protonated,0,-9999,C59 H64 O22 S2,59,64,22,-9999,-9999,2,-9999,-9999,-9999
1575,1187.325356,1187.3247622510423,1187.325409467219,2928544,-9999,96816.4,12.57,-1,-0.5451042920247128,0.47375611957289554,0.6024969549330056,0.5252524537169396,33,1,0.3114754098360656,N2 S1 P1 O19,de-protonated,0,-9999,C61 H61 O19 N2 P1 S1,61,61,19,2,1,1,-9999,-9999,-9999
1575,1187.325356,1187.3247622510423,1187.323755696939,2928544,-9999,96816.4,12.57,-1,0.8477503279221147,0.4388705278122207,0.5947457015750872,0.5012205973173673,38,0.8888888888888888,0.2857142857142857,N4 S1 O18,de-protonated,0,-9999,C63 H56 O18 N4 S1,63,56,18,4,-9999,1,-9999,-9999,-9999
1575,1187.325356,1187.3247622510423,1187.3247580185391,2928544,-9999,96816.4,12.57,-1,0.00356473929047482,0.49999884713387655,0.6356335132356643,0.5542527135745916,24,1.2264150943396226,0.3962264150943397,N4 S2 P1 O21,de-protonated,0,-9999,C53 H65 O21 N4 P1 S2,53,65,21,4,1,2,-9999,-9999,-9999
1576,1187.363888,1187.3632942226664,1187.363315805119,22580384,-9999,78066.1,110.3,-1,-0.01817678924266437,0.4844047518301047,0.5938562206821307,0.528185339370915,40,0.9154929577464788,0.15492957746478872,S2 P1 O11,de-protonated,0,-9999,C71 H65 O11 P1 S2,71,65,11,-9999,1,2,-9999,-9999,-9999
1576,1187.363888,1187.3632942226664,1187.3621750990892,22580384,-9999,78066.1,110.3,-1,0.9425292472883676,0.3954194692378122,0.6053220294663859,0.4793804933292417,27,1.1333333333333333,0.35,S2 O21,de-protonated,0,-9999,C60 H68 O21 S2,60,68,21,-9999,-9999,2,-9999,-9999,-9999
1576,1187.363888,1187.3632942226664,1187.364296900019,22580384,-9999,78066.1,110.3,-1,-0.8444563773410437,0.3486060546670287,0.5491731692521905,0.42883290050109346,28,1.1206896551724137,0.39655172413793105,N2 P1 O23,de-protonated,0,-9999,C58 H65 O23 N2 P1,58,65,23,2,1,-9999,-9999,-9999,-9999
1576,1187.363888,1187.3632942226664,1187.363512509609,22580384,-9999,78066.1,110.3,-1,-0.18384171355653725,0.4051310481095129,0.6054291671091997,0.4852502957093876,32,1.0491803278688523,0.2786885245901639,N4 S2 O17,de-protonated,0,-9999,C61 H64 O17 N4 S2,61,64,17,4,-9999,2,-9999,-9999,-9999
1576,1187.363888,1187.3632942226664,1187.3626431297391,22580384,-9999,78066.1,110.3,-1,0.5483522081441711,0.3877198846620927,0.6207518814533747,0.48093268337860545,33,1,0.36666666666666664,N4 O22,de-protonated,0,-9999,C60 H60 O22 N4,60,60,22,4,-9999,-9999,-9999,-9999,-9999
1576,1187.363888,1187.3632942226664,1187.3636454513392,22580384,-9999,78066.1,110.3,-1,-0.2958054797649916,0.383021568876735,0.6422302924205522,0.4867050582942619,19,1.38,0.5,N4 S1 P1 O25,de-protonated,0,-9999,C50 H69 O25 N4 P1 S1,50,69,25,4,1,1,-9999,-9999,-9999
1577,1188.370472,1188.36987748139,1188.3693089092592,10388646,-9999,97260.8,49.67,-1,0.4784473366127786,0.31977167808427404,0.5089679850512161,0.39545020087105087,36,0.9545454545454546,0.2727272727272727,N1 S1 O18,de-protonated,0,-9999,C66 H63 O18 N1 S1,66,63,18,1,-9999,1,-9999,-9999,-9999
1577,1188.370472,1188.36987748139,1188.3703112308592,10388646,-9999,97260.8,49.67,-1,-0.36499520828408577,0.24402923930308384,0.5332443015078963,0.3597152641850088,22,1.2857142857142858,0.375,N1 S2 P1 O21,de-protonated,0,-9999,C56 H72 O21 N1 P1 S2,56,72,21,1,1,2,-9999,-9999,-9999
1577,1188.370472,1188.36987748139,1188.3697981666091,10388646,-9999,97260.8,49.67,-1,0.06674250803725146,0.24979801301851384,0.47388797069997146,0.3394339960910969,40,0.927536231884058,0.14492753623188406,N3 S2 P1 O10,de-protonated,0,-9999,C69 H64 O10 N3 P1 S2,69,64,10,3,1,2,-9999,-9999,-9999
1578,1189.356192,1189.355596755478,1189.356695795489,6458539,-9999,121371.8,30.13,-1,-0.924062575086483,0.2854895635675619,0.5236005676629862,0.38073396520573166,31,1.0476190476190477,0.30158730158730157,S2 O19,de-protonated,0,-9999,C63 H66 O19 S2,63,66,19,-9999,-9999,2,-9999,-9999,-9999
1578,1189.356192,1189.355596755478,1189.3558264156193,6458539,-9999,121371.8,30.13,-1,-0.19309624265285452,0.331085770027097,0.5286014919551969,0.410092058798337,32,1,0.3870967741935484,O24,de-protonated,0,-9999,C62 H62 O24,62,62,24,-9999,-9999,-9999,-9999,-9999,-9999
1578,1189.356192,1189.355596755478,1189.356315672969,6458539,-9999,121371.8,30.13,-1,-0.6044593041729653,0.3119512398931794,0.5137846641763661,0.3926846096064541,36,0.9692307692307692,0.24615384615384617,N2 S1 P1 O16,de-protonated,0,-9999,C65 H63 O16 N2 P1 S1,65,63,16,2,1,1,-9999,-9999,-9999
1578,1189.356192,1189.355596755478,1189.355664224289,6458539,-9999,121371.8,30.13,-1,-0.05672719529474445,0.33313875771849427,0.5545707124136273,0.4217115395965475,27,1.1754385964912282,0.3157894736842105,N4 S2 P1 O18,de-protonated,0,-9999,C57 H67 O18 N4 P1 S2,57,67,18,4,1,2,-9999,-9999,-9999
1578,1189.356192,1189.355596755478,1189.354794844419,6458539,-9999,121371.8,30.13,-1,0.6742404053181663,0.3069412603720598,0.5599637296259095,0.4081502480735997,28,1.125,0.4107142857142857,N4 P1 O23,de-protonated,0,-9999,C56 H63 O23 N4 P1,56,63,23,4,1,-9999,-9999,-9999,-9999
1579,1189.363483,1189.362887750109,1189.363709728289,6481067,-9999,123109.6,30.24,-1,-0.6911075000296,0.6223511937646785,0.84829390582007,0.7127282785868352,35,1,0.208955223880597,S2 P1 O14,de-protonated,0,-9999,C67 H67 O14 P1 S2,67,67,14,-9999,1,2,-9999,-9999,-9999
1579,1189.363483,1189.362887750109,1189.362840348419,6481067,-9999,123109.6,30.24,-1,0.03985469220833616,0.33323727635752753,0.5089679850512161,0.40352955983500294,36,0.9545454545454546,0.2878787878787879,P1 O19,de-protonated,0,-9999,C66 H63 O19 P1,66,63,19,-9999,1,-9999,-9999,-9999,-9999
1579,1189.363483,1189.362887750109,1189.362569022259,6481067,-9999,123109.6,30.24,-1,0.2679820755637642,0.32901796794146954,0.5599637296259093,0.4213962726152455,22,1.25,0.42857142857142855,S2 O24,de-protonated,0,-9999,C56 H70 O24 S2,56,70,24,-9999,-9999,2,-9999,-9999,-9999
1579,1189.363483,1189.362887750109,1189.3620559580093,6481067,-9999,123109.6,30.24,-1,0.6993598757602553,0.305025588330676,0.49487304552943223,0.3809645712101785,40,0.8985507246376812,0.18840579710144928,N2 S2 O13,de-protonated,0,-9999,C69 H62 O13 N2 S2,69,62,13,2,-9999,2,-9999,-9999,-9999
1579,1189.363483,1189.362887750109,1189.362188899739,6481067,-9999,123109.6,30.24,-1,0.5875841492141746,0.3130919445929268,0.5492452930313529,0.40755328396829726,27,1.1551724137931034,0.3620689655172414,N2 S1 P1 O21,de-protonated,0,-9999,C58 H67 O21 N2 P1 S1,58,67,21,2,1,1,-9999,-9999,-9999
1579,1189.363483,1189.362887750109,1189.3639064327792,6481067,-9999,123109.6,30.24,-1,-0.8564936810192426,0.6171168559454908,0.8964616226542936,0.728854762629012,27,1.1578947368421053,0.3508771929824561,N4 S2 O20,de-protonated,0,-9999,C57 H66 O20 N4 S2,57,66,20,4,-9999,2,-9999,-9999,-9999
1579,1189.363483,1189.362887750109,1189.3630370529092,6481067,-9999,123109.6,30.24,-1,-0.1255317305636327,0.3323815921490985,0.5599637296259093,0.4234144471398229,28,1.1071428571428572,0.44642857142857145,N4 O25,de-protonated,0,-9999,C56 H62 O25 N4,56,62,25,4,-9999,-9999,-9999,-9999,-9999
1580,1189.370203,1189.36960774516,1189.3700254752591,4623531,-9999,135795.8,21,-1,-0.35121962902085274,0.4807257413182218,0.5938562206821307,0.5259779330637854,40,0.9420289855072465,0.15942028985507245,13C2 S2 P1 O11,de-protonated,1,1576,C69 H65 O11 P1 S2 13C2,69,65,11,-9999,1,2,2,-9999,-9999
1580,1189.370203,1189.36960774516,1189.368580633459,4623531,-9999,135795.8,21,-1,0.8635772944589397,0.2911459756290031,0.4902903803606132,0.37080373752164714,40,0.8857142857142857,0.22857142857142856,S1 O16,de-protonated,0,-9999,C70 H62 O16 S1,70,62,16,-9999,-9999,1,-9999,-9999,-9999
1580,1189.370203,1189.36960774516,1189.369582955059,4623531,-9999,135795.8,21,-1,0.02084305947187981,0.3333070585954663,0.5387936087087051,0.4155016786407618,26,1.1833333333333331,0.31666666666666665,S2 P1 O19,de-protonated,0,-9999,C60 H71 O19 P1 S2,60,71,19,-9999,1,2,-9999,-9999,-9999
1580,1189.370203,1189.36960774516,1189.3688847692292,4623531,-9999,135795.8,21,-1,0.6078651796284541,0.4074229265018046,0.6053220294663859,0.48658256768763714,27,1.1724137931034482,0.3620689655172414,13C2 S2 O21,de-protonated,1,1576,C58 H68 O21 S2 13C2,58,68,21,-9999,-9999,2,2,-9999,-9999
1580,1189.370203,1189.36960774516,1189.368713575189,4623531,-9999,135795.8,21,-1,0.751802162548996,0.30084254299858604,0.5439865594010858,0.39810014955958595,27,1.1355932203389831,0.4067796610169492,P1 O24,de-protonated,0,-9999,C59 H67 O24 P1,59,67,24,-9999,1,-9999,-9999,-9999,-9999
1580,1189.370203,1189.36960774516,1189.3685418933092,4623531,-9999,135795.8,21,-1,0.8961493543093191,0.3457604074076468,0.5491731692521905,0.4271255121454643,28,1.1206896551724137,0.3793103448275862,N2 P1 O22 18O1,de-protonated,1,1576,C58 H65 O22 N2 P1 18O1,58,65,22,2,1,-9999,-9999,1,-9999
1580,1189.370203,1189.36960774516,1189.370431108229,4623531,-9999,135795.8,21,-1,-0.6922679826802899,0.305572307514881,0.5492452930313529,0.4030415017214698,27,1.137931034482759,0.39655172413793105,N2 S1 O23,de-protonated,0,-9999,C58 H66 O23 N2 S1,58,66,23,2,-9999,1,-9999,-9999,-9999
1580,1189.370203,1189.36960774516,1189.3702221797491,4623531,-9999,135795.8,21,-1,-0.5166049878046284,0.39925139667606074,0.6054291671091997,0.48172250484931634,32,1.0847457627118644,0.288135593220339,13C2 N4 S2 O17,de-protonated,1,1576,C59 H64 O17 N4 S2 13C2,59,64,17,4,-9999,2,2,-9999,-9999
1580,1189.370203,1189.36960774516,1189.3700509857092,4623531,-9999,135795.8,21,-1,-0.37266832878058903,0.32503832268461014,0.538793608708705,0.4105404370942481,32,1.05,0.3333333333333333,N4 P1 O20,de-protonated,0,-9999,C60 H63 O20 N4 P1,60,63,20,4,1,-9999,-9999,-9999,-9999
1580,1189.370203,1189.36960774516,1189.3693527998792,4623531,-9999,135795.8,21,-1,0.21435332956734304,0.3966790283382201,0.6207518814533747,0.4863081695842819,33,1.0344827586206895,0.3793103448275862,13C2 N4 O22,de-protonated,1,1576,C58 H60 O22 N4 13C2,58,60,22,4,-9999,-9999,2,-9999,-9999
1580,1189.370203,1189.36960774516,1189.3703551214792,4623531,-9999,135795.8,21,-1,-0.6283798111749554,0.372343756218725,0.6422302924205522,0.4802983706994559,19,1.4375,0.5208333333333334,13C2 N4 S1 P1 O25,de-protonated,1,1576,C48 H69 O25 N4 P1 S1 13C2,48,69,25,4,1,1,2,-9999,-9999
1580,1189.370203,1189.36960774516,1189.369779659549,4623531,-9999,135795.8,21,-1,-0.1445424223793942,0.4981081288147004,0.6490192219379252,0.5584725660639903,18,1.4,0.5,N4 S2 O25,de-protonated,0,-9999,C50 H70 O25 N4 S2,50,70,25,4,-9999,2,-9999,-9999,-9999
1581,1190.362302,1190.3617060145505,1190.362466469789,3390128.5,-9999,121459.9,14.87,-1,-0.6388434279693185,0.47251848820349945,0.5938562206821307,0.5210535811949519,40,0.9285714285714286,0.15714285714285714,13C1 S1 34S1 P1 O11,de-protonated,1,1576,C70 H65 O11 P1 S1 13C1 34S1,70,65,11,-9999,1,1,1,-9999,1
1581,1190.362302,1190.3617060145505,1190.3613257637592,3390128.5,-9999,121459.9,14.87,-1,0.319441486433655,0.4140660667086645,0.6053220294663859,0.490568451811753,27,1.152542372881356,0.3559322033898305,13C1 S1 34S1 O21,de-protonated,1,1576,C59 H68 O21 S1 13C1 34S1,59,68,21,-9999,-9999,1,1,-9999,1
1581,1190.362302,1190.3617060145505,1190.361460623939,3390128.5,-9999,121459.9,14.87,-1,0.20614798081983585,0.4961593153309642,0.5985962364615307,0.5371340837831908,31,1.064516129032258,0.3064516129032258,N1 S1 P1 O19,de-protonated,0,-9999,C62 H66 O19 N1 P1 S1,62,66,19,1,1,1,-9999,-9999,-9999
1581,1190.362302,1190.3617060145505,1190.3608091752592,3390128.5,-9999,121459.9,14.87,-1,0.7534180261642007,0.4510647044182755,0.6312934720183802,0.5231562114583174,22,1.2962962962962965,0.3888888888888889,N3 S2 P1 O21,de-protonated,0,-9999,C54 H70 O21 N3 P1 S2,54,70,21,3,1,2,-9999,-9999,-9999
1581,1190.362302,1190.3617060145505,1190.362308777109,3390128.5,-9999,121459.9,14.87,-1,-0.5063689888229826,0.4772702641289759,0.6064488444798661,0.528941696269332,32,1.0166666666666666,0.38333333333333336,N3 O23,de-protonated,0,-9999,C60 H61 O23 N3,60,61,23,3,-9999,-9999,-9999,-9999,-9999
1581,1190.362302,1190.3617060145505,1190.362663174279,3390128.5,-9999,121459.9,14.87,-1,-0.8040908524983293,0.3901905174579736,0.6054291671091997,0.476285977318464,32,1.0666666666666669,0.2833333333333333,13C1 N4 S1 34S1 O17,de-protonated,1,1576,C60 H64 O17 N4 S1 13C1 34S1,60,64,17,4,-9999,1,1,-9999,1
1582,1190.368293,1190.3676970101387,1190.3670645633592,3399856.5,-9999,130712.5,14.92,-1,0.5313039971608555,0.6333797233926678,0.84829390582007,0.7193453963636287,35,1.0151515151515151,0.21212121212121213,13C1 S2 P1 O14,de-protonated,1,1579,C66 H67 O14 P1 S2 13C1,66,67,14,-9999,1,2,1,-9999,-9999
1582,1190.368293,1190.3676970101387,1190.3672009089792,3399856.5,-9999,130712.5,14.92,-1,0.4167631292183058,0.32299178670756085,0.5089679850512161,0.3973822660450229,35,0.9848484848484848,0.24242424242424243,N1 S2 O16,de-protonated,0,-9999,C66 H65 O16 N1 S2,66,65,16,1,-9999,2,-9999,-9999,-9999
1582,1190.368293,1190.3676970101387,1190.367333850709,3399856.5,-9999,130712.5,14.92,-1,0.30508181754138614,0.4916267435724698,0.62701229560146865,0.5457809643840694,22,1.2727272727272727,0.43636363636363634,N1 S1 P1 O24,de-protonated,0,-9999,C55 H70 O24 N1 P1 S1,55,70,24,1,1,1,-9999,-9999,-9999
1582,1190.368293,1190.3676970101387,1190.3668207864591,3399856.5,-9999,130712.5,14.92,-1,0.7360955163539241,0.3021209546809554,0.4995129960746475,0.38107777123843223,40,0.9117647058823528,0.19117647058823528,N3 S1 P1 O13,de-protonated,0,-9999,C68 H62 O13 N3 P1 S1,68,62,13,3,1,1,-9999,-9999,-9999
1582,1190.368293,1190.3676970101387,1190.367261267849,3399856.5,-9999,130712.5,14.92,-1,0.3660570177694579,0.6506529889059892,0.8964616226542936,0.748976442405311,27,1.1785714285714286,0.35714285714285715,13C1 N4 S2 O20,de-protonated,1,1579,C56 H66 O20 N4 S2 13C1,56,66,20,4,-9999,2,1,-9999,-9999
0,184.972201,184.97234541188627,-9999,779760.8,-9999,986828,12.86,-1,-9999,-9999,-9999,-9999,-9999,-9999,-9999,unassigned,N/A,-9999,-9999,N/A,-9999,-9999,-9999,-9999,-9999,-9999,-9999,-9999,-9999
1,187.09725,187.0973928469409,-9999,762115.1,-9999,1036242.5,12.51,-1,-9999,-9999,-9999,-9999,-9999,-9999,-9999,unassigned,N/A,-9999,-9999,N/A,-9999,-9999,-9999,-9999,-9999,-9999,-9999,-9999,-9999
5,236.643509,236.64361535969263,-9999,1178766.6,-9999,826481.8,19.08,-1,-9999,-9999,-9999,-9999,-9999,-9999,-9999,unassigned,N/A,-9999,-9999,N/A,-9999,-9999,-9999,-9999,-9999,-9999,-9999,-9999,-9999
7,239.128087,239.12819152998003,-9999,836280.7,-9999,806647.8,12.95,-1,-9999,-9999,-9999,-9999,-9999,-9999,-9999,unassigned,N/A,-9999,-9999,N/A,-9999,-9999,-9999,-9999,-9999,-9999,-9999,-9999,-9999
28,253.143758,253.14385220844864,-9999,1946267.9,-9999,681250.2,32.21,-1,-9999,-9999,-9999,-9999,-9999,-9999,-9999,unassigned,N/A,-9999,-9999,N/A,-9999,-9999,-9999,-9999,-9999,-9999,-9999,-9999,-9999
30,253.216487,253.216581154889,-9999,1124647.5,-9999,751607.5,17.77,-1,-9999,-9999,-9999,-9999,-9999,-9999,-9999,unassigned,N/A,-9999,-9999,N/A,-9999,-9999,-9999,-9999,-9999,-9999,-9999,-9999,-9999
38,255.232124,255.2322166705177,-9999,1101284.1,-9999,616347.8,17.28,-1,-9999,-9999,-9999,-9999,-9999,-9999,-9999,unassigned,N/A,-9999,-9999,N/A,-9999,-9999,-9999,-9999,-9999,-9999,-9999,-9999,-9999
49,260.495381,260.4954697945083,-9999,852089.4,-9999,933823.9,12.81,-1,-9999,-9999,-9999,-9999,-9999,-9999,-9999,unassigned,N/A,-9999,-9999,N/A,-9999,-9999,-9999,-9999,-9999,-9999,-9999,-9999,-9999
55,265.147073,265.14715836887245,-9999,1983107.5,-9999,687329.1,31.97,-1,-9999,-9999,-9999,-9999,-9999,-9999,-9999,unassigned,N/A,-9999,-9999,N/A,-9999,-9999,-9999,-9999,-9999,-9999,-9999,-9999,-9999
58,266.089365,266.08944967494233,-9999,2324354.3,-9999,442350.4,37.81,-1,-9999,-9999,-9999,-9999,-9999,-9999,-9999,unassigned,N/A,-9999,-9999,N/A,-9999,-9999,-9999,-9999,-9999,-9999,-9999,-9999,-9999
59,266.848264,266.8483481160679,-9999,1310439.1,-9999,357092.3,20.45,-1,-9999,-9999,-9999,-9999,-9999,-9999,-9999,unassigned,N/A,-9999,-9999,N/A,-9999,-9999,-9999,-9999,-9999,-9999,-9999,-9999,-9999
63,267.122955,267.1230389137778,-9999,911755.4,-9999,827456.6,13.63,-1,-9999,-9999,-9999,-9999,-9999,-9999,-9999,unassigned,N/A,-9999,-9999,N/A,-9999,-9999,-9999,-9999,-9999,-9999,-9999,-9999,-9999
64,267.123361,267.1234449134788,-9999,1052939.5,-9999,902976.3,16.04,-1,-9999,-9999,-9999,-9999,-9999,-9999,-9999,unassigned,N/A,-9999,-9999,N/A,-9999,-9999,-9999,-9999,-9999,-9999,-9999,-9999,-9999
68,268.846276,268.8463586446761,-9999,948204.3,-9999,657639.3,14.25,-1,-9999,-9999,-9999,-9999,-9999,-9999,-9999,unassigned,N/A,-9999,-9999,N/A,-9999,-9999,-9999,-9999,-9999,-9999,-9999,-9999,-9999
72,269.13862,269.13870242938583,-9999,1436561.9,-9999,730810.1,22.43,-1,-9999,-9999,-9999,-9999,-9999,-9999,-9999,unassigned,N/A,-9999,-9999,N/A,-9999,-9999,-9999,-9999,-9999,-9999,-9999,-9999,-9999
76,269.211378,269.21146037580485,-9999,1354651.3,-9999,742985.8,21.04,-1,-9999,-9999,-9999,-9999,-9999,-9999,-9999,unassigned,N/A,-9999,-9999,N/A,-9999,-9999,-9999,-9999,-9999,-9999,-9999,-9999,-9999
90,277.058795,277.05887159674785,-9999,3303521.3,-9999,519833.3,53.7,-1,-9999,-9999,-9999,-9999,-9999,-9999,-9999,unassigned,N/A,-9999,-9999,N/A,-9999,-9999,-9999,-9999,-9999,-9999,-9999,-9999,-9999
97,278.063094,278.06316985715404,-9999,1015063.6,-9999,606280.1,15.01,-1,-9999,-9999,-9999,-9999,-9999,-9999,-9999,unassigned,N/A,-9999,-9999,N/A,-9999,-9999,-9999,-9999,-9999,-9999,-9999,-9999,-9999
98,278.848306,278.848381278902,-9999,1249843.4,-9999,674800.2,18.94,-1,-9999,-9999,-9999,-9999,-9999,-9999,-9999,unassigned,N/A,-9999,-9999,N/A,-9999,-9999,-9999,-9999,-9999,-9999,-9999,-9999,-9999
99,278.848507,278.848582278754,-9999,1201395.4,-9999,601572.8,18.13,-1,-9999,-9999,-9999,-9999,-9999,-9999,-9999,unassigned,N/A,-9999,-9999,N/A,-9999,-9999,-9999,-9999,-9999,-9999,-9999,-9999,-9999
104,279.056855,279.0569301253207,-9999,2545355.8,-9999,533366.2,40.6,-1,-9999,-9999,-9999,-9999,-9999,-9999,-9999,unassigned,N/A,-9999,-9999,N/A,-9999,-9999,-9999,-9999,-9999,-9999,-9999,-9999,-9999
113,282.084207,282.0842798958942,-9999,1090408,-9999,613848.2,16.13,-1,-9999,-9999,-9999,-9999,-9999,-9999,-9999,unassigned,N/A,-9999,-9999,N/A,-9999,-9999,-9999,-9999,-9999,-9999,-9999,-9999,-9999
118,283.190571,283.19064308113684,-9999,2091045.5,-9999,546429.5,32.72,-1,-9999,-9999,-9999,-9999,-9999,-9999,-9999,unassigned,N/A,-9999,-9999,N/A,-9999,-9999,-9999,-9999,-9999,-9999,-9999,-9999,-9999
119,283.190859,283.19093108092477,-9999,1833765.5,-9999,1520878.6,28.46,-1,-9999,-9999,-9999,-9999,-9999,-9999,-9999,unassigned,N/A,-9999,-9999,N/A,-9999,-9999,-9999,-9999,-9999,-9999,-9999,-9999,-9999
128,285.12528,285.12535065636314,-9999,956543,-9999,499930,13.91,-1,-9999,-9999,-9999,-9999,-9999,-9999,-9999,unassigned,N/A,-9999,-9999,N/A,-9999,-9999,-9999,-9999,-9999,-9999,-9999,-9999,-9999
130,285.133429,285.13349965036195,-9999,865151.9,-9999,699460.5,12.39,-1,-9999,-9999,-9999,-9999,-9999,-9999,-9999,unassigned,N/A,-9999,-9999,N/A,-9999,-9999,-9999,-9999,-9999,-9999,-9999,-9999,-9999
134,285.206274,285.2063445967169,-9999,1750536.1,-9999,594043.5,27.07,-1,-9999,-9999,-9999,-9999,-9999,-9999,-9999,unassigned,N/A,-9999,-9999,N/A,-9999,-9999,-9999,-9999,-9999,-9999,-9999,-9999,-9999
141,287.221893,287.2219621123588,-9999,853480.5,-9999,768142.5,12.09,-1,-9999,-9999,-9999,-9999,-9999,-9999,-9999,unassigned,N/A,-9999,-9999,N/A,-9999,-9999,-9999,-9999,-9999,-9999,-9999,-9999,-9999
148,292.982112,292.9821768703727,-9999,896738.4,-9999,545454.8,12.68,-1,-9999,-9999,-9999,-9999,-9999,-9999,-9999,unassigned,N/A,-9999,-9999,N/A,-9999,-9999,-9999,-9999,-9999,-9999,-9999,-9999,-9999
149,292.982803,292.98286786986387,-9999,3764066.5,-9999,590055.5,59.42,-1,-9999,-9999,-9999,-9999,-9999,-9999,-9999,unassigned,N/A,-9999,-9999,N/A,-9999,-9999,-9999,-9999,-9999,-9999,-9999,-9999,-9999
156,293.168715,293.1687797329531,-9999,1208054.9,-9999,449311.8,17.76,-1,-9999,-9999,-9999,-9999,-9999,-9999,-9999,unassigned,N/A,-9999,-9999,N/A,-9999,-9999,-9999,-9999,-9999,-9999,-9999,-9999,-9999
170,296.935688,296.93574995884904,-9999,924179.9,-9999,809086.4,13.01,-1,-9999,-9999,-9999,-9999,-9999,-9999,-9999,unassigned,N/A,-9999,-9999,N/A,-9999,-9999,-9999,-9999,-9999,-9999,-9999,-9999,-9999
174,297.152068,297.1521297995007,-9999,1976875.6,-9999,459175,30.01,-1,-9999,-9999,-9999,-9999,-9999,-9999,-9999,unassigned,N/A,-9999,-9999,N/A,-9999,-9999,-9999,-9999,-9999,-9999,-9999,-9999,-9999
182,299.076876,299.0769363820184,-9999,918655.7,-9999,582739,12.91,-1,-9999,-9999,-9999,-9999,-9999,-9999,-9999,unassigned,N/A,-9999,-9999,N/A,-9999,-9999,-9999,-9999,-9999,-9999,-9999,-9999,-9999
183,299.077488,299.07754838156774,-9999,867327.8,-9999,533694.9,12.09,-1,-9999,-9999,-9999,-9999,-9999,-9999,-9999,unassigned,N/A,-9999,-9999,N/A,-9999,-9999,-9999,-9999,-9999,-9999,-9999,-9999,-9999
185,299.149121,299.14918132881513,-9999,947847.6,-9999,652857.2,13.39,-1,-9999,-9999,-9999,-9999,-9999,-9999,-9999,unassigned,N/A,-9999,-9999,N/A,-9999,-9999,-9999,-9999,-9999,-9999,-9999,-9999,-9999
187,299.150274,299.1503343279661,-9999,1792519.8,-9999,561864.2,27.03,-1,-9999,-9999,-9999,-9999,-9999,-9999,-9999,unassigned,N/A,-9999,-9999,N/A,-9999,-9999,-9999,-9999,-9999,-9999,-9999,-9999,-9999
191,300.809359,300.8094181061695,-9999,1825343.5,-9999,657705.9,27.56,-1,-9999,-9999,-9999,-9999,-9999,-9999,-9999,unassigned,N/A,-9999,-9999,N/A,-9999,-9999,-9999,-9999,-9999,-9999,-9999,-9999,-9999
192,300.809642,300.80970110596115,-9999,1628223.6,-9999,490948.1,24.37,-1,-9999,-9999,-9999,-9999,-9999,-9999,-9999,unassigned,N/A,-9999,-9999,N/A,-9999,-9999,-9999,-9999,-9999,-9999,-9999,-9999,-9999
194,301.093138,301.0931968971868,-9999,975391.1,-9999,496384.8,13.7,-1,-9999,-9999,-9999,-9999,-9999,-9999,-9999,unassigned,N/A,-9999,-9999,N/A,-9999,-9999,-9999,-9999,-9999,-9999,-9999,-9999,-9999
204,302.066025,302.0660831807256,-9999,2604619.5,-9999,654887.5,39.78,-1,-9999,-9999,-9999,-9999,-9999,-9999,-9999,unassigned,N/A,-9999,-9999,N/A,-9999,-9999,-9999,-9999,-9999,-9999,-9999,-9999,-9999
205,302.066298,302.0663561805246,-9999,2419275.5,-9999,474471,36.82,-1,-9999,-9999,-9999,-9999,-9999,-9999,-9999,unassigned,N/A,-9999,-9999,N/A,-9999,-9999,-9999,-9999,-9999,-9999,-9999,-9999,-9999
206,302.807692,302.8077496345413,-9999,909086.5,-9999,692778.8,12.64,-1,-9999,-9999,-9999,-9999,-9999,-9999,-9999,unassigned,N/A,-9999,-9999,N/A,-9999,-9999,-9999,-9999,-9999,-9999,-9999,-9999,-9999
210,304.881714,304.8817701071736,-9999,2107784.5,-9999,393825.7,31.82,-1,-9999,-9999,-9999,-9999,-9999,-9999,-9999,unassigned,N/A,-9999,-9999,N/A,-9999,-9999,-9999,-9999,-9999,-9999,-9999,-9999,-9999
211,305.189111,305.1891668807979,-9999,938411.3,-9999,362215.8,13.1,-1,-9999,-9999,-9999,-9999,-9999,-9999,-9999,unassigned,N/A,-9999,-9999,N/A,-9999,-9999,-9999,-9999,-9999,-9999,-9999,-9999,-9999
212,306.879636,306.87969063584814,-9999,4598124.5,-9999,535883.7,71.02,-1,-9999,-9999,-9999,-9999,-9999,-9999,-9999,unassigned,N/A,-9999,-9999,N/A,-9999,-9999,-9999,-9999,-9999,-9999,-9999,-9999,-9999
214,306.98212,306.98217456037605,-9999,2921336.3,-9999,342922.9,44.43,-1,-9999,-9999,-9999,-9999,-9999,-9999,-9999,unassigned,N/A,-9999,-9999,N/A,-9999,-9999,-9999,-9999,-9999,-9999,-9999,-9999,-9999
219,308.877601,308.87765416449093,-9999,2399828,-9999,509541.9,36.15,-1,-9999,-9999,-9999,-9999,-9999,-9999,-9999,unassigned,N/A,-9999,-9999,N/A,-9999,-9999,-9999,-9999,-9999,-9999,-9999,-9999,-9999
221,309.098233,309.0982860020113,-9999,1256301.6,-9999,526705.6,18.02,-1,-9999,-9999,-9999,-9999,-9999,-9999,-9999,unassigned,N/A,-9999,-9999,N/A,-9999,-9999,-9999,-9999,-9999,-9999,-9999,-9999,-9999
225,309.173179,309.17323194681904,-9999,916726.4,-9999,661971.8,12.63,-1,-9999,-9999,-9999,-9999,-9999,-9999,-9999,unassigned,N/A,-9999,-9999,N/A,-9999,-9999,-9999,-9999,-9999,-9999,-9999,-9999,-9999
234,311.16073,311.160781483131,-9999,956257,-9999,405098.8,13.25,-1,-9999,-9999,-9999,-9999,-9999,-9999,-9999,unassigned,N/A,-9999,-9999,N/A,-9999,-9999,-9999,-9999,-9999,-9999,-9999,-9999,-9999
235,311.167665,311.16771647802386,-9999,8213346,-9999,481989.5,128.36,-1,-9999,-9999,-9999,-9999,-9999,-9999,-9999,unassigned,N/A,-9999,-9999,N/A,-9999,-9999,-9999,-9999,-9999,-9999,-9999,-9999,-9999
239,311.221809,311.2218604381507,-9999,1135208.3,-9999,680251.9,16.09,-1,-9999,-9999,-9999,-9999,-9999,-9999,-9999,unassigned,N/A,-9999,-9999,N/A,-9999,-9999,-9999,-9999,-9999,-9999,-9999,-9999,-9999
241,312.171088,312.17113873907516,-9999,1341657.9,-9999,647665.7,19.18,-1,-9999,-9999,-9999,-9999,-9999,-9999,-9999,unassigned,N/A,-9999,-9999,N/A,-9999,-9999,-9999,-9999,-9999,-9999,-9999,-9999,-9999
244,313.128256,313.12830603418996,-9999,1120461.5,-9999,451492.5,15.7,-1,-9999,-9999,-9999,-9999,-9999,-9999,-9999,unassigned,N/A,-9999,-9999,N/A,-9999,-9999,-9999,-9999,-9999,-9999,-9999,-9999,-9999
248,313.165977,313.1660270064111,-9999,1810514.1,-9999,568906,26.54,-1,-9999,-9999,-9999,-9999,-9999,-9999,-9999,unassigned,N/A,-9999,-9999,N/A,-9999,-9999,-9999,-9999,-9999,-9999,-9999,-9999,-9999
250,313.237461,313.2375109537683,-9999,2326874.8,-9999,419929.1,34.65,-1,-9999,-9999,-9999,-9999,-9999,-9999,-9999,unassigned,N/A,-9999,-9999,N/A,-9999,-9999,-9999,-9999,-9999,-9999,-9999,-9999,-9999
260,315.217978,315.21802649526035,-9999,1566029.9,-9999,529943.2,22.7,-1,-9999,-9999,-9999,-9999,-9999,-9999,-9999,unassigned,N/A,-9999,-9999,N/A,-9999,-9999,-9999,-9999,-9999,-9999,-9999,-9999,-9999
266,317.124539,317.1245860912156,-9999,1017868.8,-9999,442512.9,13.95,-1,-9999,-9999,-9999,-9999,-9999,-9999,-9999,unassigned,N/A,-9999,-9999,N/A,-9999,-9999,-9999,-9999,-9999,-9999,-9999,-9999,-9999
278,321.008122,321.00816623123666,-9999,2388788.8,-9999,516434.7,35.26,-1,-9999,-9999,-9999,-9999,-9999,-9999,-9999,unassigned,N/A,-9999,-9999,N/A,-9999,-9999,-9999,-9999,-9999,-9999,-9999,-9999,-9999
287,322.988302,322.9883447729768,-9999,1095487.3,-9999,803712.4,14.95,-1,-9999,-9999,-9999,-9999,-9999,-9999,-9999,unassigned,N/A,-9999,-9999,N/A,-9999,-9999,-9999,-9999,-9999,-9999,-9999,-9999,-9999
288,323.006084,323.0061267598816,-9999,2781505.8,-9999,516222.6,40.86,-1,-9999,-9999,-9999,-9999,-9999,-9999,-9999,unassigned,N/A,-9999,-9999,N/A,-9999,-9999,-9999,-9999,-9999,-9999,-9999,-9999,-9999
295,323.162081,323.1621236450011,-9999,3180887,-9999,470812.8,47,-1,-9999,-9999,-9999,-9999,-9999,-9999,-9999,unassigned,N/A,-9999,-9999,N/A,-9999,-9999,-9999,-9999,-9999,-9999,-9999,-9999,-9999
300,323.223092,323.2231346000709,-9999,1176415.4,-9999,644327.9,16.2,-1,-9999,-9999,-9999,-9999,-9999,-9999,-9999,unassigned,N/A,-9999,-9999,N/A,-9999,-9999,-9999,-9999,-9999,-9999,-9999,-9999,-9999
302,324.986238,324.986279301641,-9999,1098835.6,-9999,615910.1,15,-1,-9999,-9999,-9999,-9999,-9999,-9999,-9999,unassigned,N/A,-9999,-9999,N/A,-9999,-9999,-9999,-9999,-9999,-9999,-9999,-9999,-9999
304,325.09321,325.0932512228638,-9999,1625186.6,-9999,845637.9,23.09,-1,-9999,-9999,-9999,-9999,-9999,-9999,-9999,unassigned,N/A,-9999,-9999,N/A,-9999,-9999,-9999,-9999,-9999,-9999,-9999,-9999,-9999
310,325.183278,325.18331915653516,-9999,7433839.5,-9999,429390,112.34,-1,-9999,-9999,-9999,-9999,-9999,-9999,-9999,unassigned,N/A,-9999,-9999,N/A,-9999,-9999,-9999,-9999,-9999,-9999,-9999,-9999,-9999
315,326.186633,326.18667341763654,-9999,1719549.4,-9999,532729.9,24.54,-1,-9999,-9999,-9999,-9999,-9999,-9999,-9999,unassigned,N/A,-9999,-9999,N/A,-9999,-9999,-9999,-9999,-9999,-9999,-9999,-9999,-9999
317,326.98749,326.9875298278631,-9999,2390896.3,-9999,552404.9,34.85,-1,-9999,-9999,-9999,-9999,-9999,-9999,-9999,unassigned,N/A,-9999,-9999,N/A,-9999,-9999,-9999,-9999,-9999,-9999,-9999,-9999,-9999
326,327.21667,327.2167096590886,-9999,1699601.4,-9999,482692.5,24.23,-1,-9999,-9999,-9999,-9999,-9999,-9999,-9999,unassigned,N/A,-9999,-9999,N/A,-9999,-9999,-9999,-9999,-9999,-9999,-9999,-9999,-9999
330,329.123184,329.1232222550784,-9999,1032361.3,-9999,633459,13.77,-1,-9999,-9999,-9999,-9999,-9999,-9999,-9999,unassigned,N/A,-9999,-9999,N/A,-9999,-9999,-9999,-9999,-9999,-9999,-9999,-9999,-9999
332,329.151526,329.1515642342066,-9999,1636269.5,-9999,442822.4,22.92,-1,-9999,-9999,-9999,-9999,-9999,-9999,-9999,unassigned,N/A,-9999,-9999,N/A,-9999,-9999,-9999,-9999,-9999,-9999,-9999,-9999,-9999
337,329.232389,329.23242717465683,-9999,1460281.5,-9999,443352,20.26,-1,-9999,-9999,-9999,-9999,-9999,-9999,-9999,unassigned,N/A,-9999,-9999,N/A,-9999,-9999,-9999,-9999,-9999,-9999,-9999,-9999,-9999
344,331.140219,331.1402557696776,-9999,1290714,-9999,573938.4,17.68,-1,-9999,-9999,-9999,-9999,-9999,-9999,-9999,unassigned,N/A,-9999,-9999,N/A,-9999,-9999,-9999,-9999,-9999,-9999,-9999,-9999,-9999
345,331.149396,331.1494327629194,-9999,1561435.4,-9999,404149.7,21.78,-1,-9999,-9999,-9999,-9999,-9999,-9999,-9999,unassigned,N/A,-9999,-9999,N/A,-9999,-9999,-9999,-9999,-9999,-9999,-9999,-9999,-9999
348,331.176626,331.1766627428664,-9999,1457119.5,-9999,559422.3,20.2,-1,-9999,-9999,-9999,-9999,-9999,-9999,-9999,unassigned,N/A,-9999,-9999,N/A,-9999,-9999,-9999,-9999,-9999,-9999,-9999,-9999,-9999
350,331.191797,331.1918337316941,-9999,1892833.9,-9999,383428.2,26.8,-1,-9999,-9999,-9999,-9999,-9999,-9999,-9999,unassigned,N/A,-9999,-9999,N/A,-9999,-9999,-9999,-9999,-9999,-9999,-9999,-9999,-9999
358,334.770456,334.7704900962697,-9999,1036563.9,-9999,643775.9,13.82,-1,-9999,-9999,-9999,-9999,-9999,-9999,-9999,unassigned,N/A,-9999,-9999,N/A,-9999,-9999,-9999,-9999,-9999,-9999,-9999,-9999,-9999
359,334.874802,334.87483601942637,-9999,1115172.8,-9999,414662.6,15.01,-1,-9999,-9999,-9999,-9999,-9999,-9999,-9999,unassigned,N/A,-9999,-9999,N/A,-9999,-9999,-9999,-9999,-9999,-9999,-9999,-9999,-9999
375,337.166076,337.16610833206823,-9999,1555866.9,-9999,619507.9,21.37,-1,-9999,-9999,-9999,-9999,-9999,-9999,-9999,unassigned,N/A,-9999,-9999,N/A,-9999,-9999,-9999,-9999,-9999,-9999,-9999,-9999,-9999
379,337.205888,337.20592030274963,-9999,1102113.5,-9999,504896.4,14.6,-1,-9999,-9999,-9999,-9999,-9999,-9999,-9999,unassigned,N/A,-9999,-9999,N/A,-9999,-9999,-9999,-9999,-9999,-9999,-9999,-9999,-9999
383,338.887149,338.8871800646221,-9999,3152059,-9999,540271,45.2,-1,-9999,-9999,-9999,-9999,-9999,-9999,-9999,unassigned,N/A,-9999,-9999,N/A,-9999,-9999,-9999,-9999,-9999,-9999,-9999,-9999,-9999
384,338.887546,338.88757706432966,-9999,2343611,-9999,472172.3,33.13,-1,-9999,-9999,-9999,-9999,-9999,-9999,-9999,unassigned,N/A,-9999,-9999,N/A,-9999,-9999,-9999,-9999,-9999,-9999,-9999,-9999,-9999
387,339.145299,339.1453298745132,-9999,1825382.6,-9999,464031.6,25.39,-1,-9999,-9999,-9999,-9999,-9999,-9999,-9999,unassigned,N/A,-9999,-9999,N/A,-9999,-9999,-9999,-9999,-9999,-9999,-9999,-9999,-9999
391,339.193527,339.19355783899675,-9999,956910.8,-9999,502603.1,12.42,-1,-9999,-9999,-9999,-9999,-9999,-9999,-9999,unassigned,N/A,-9999,-9999,N/A,-9999,-9999,-9999,-9999,-9999,-9999,-9999,-9999,-9999
392,339.198881,339.1989118350539,-9999,5085935.5,-9999,423750.2,74.06,-1,-9999,-9999,-9999,-9999,-9999,-9999,-9999,unassigned,N/A,-9999,-9999,N/A,-9999,-9999,-9999,-9999,-9999,-9999,-9999,-9999,-9999
394,339.200282,339.2003128340222,-9999,15425264,-9999,562462.2,228.41,-1,-9999,-9999,-9999,-9999,-9999,-9999,-9999,unassigned,N/A,-9999,-9999,N/A,-9999,-9999,-9999,-9999,-9999,-9999,-9999,-9999,-9999
397,340.885131,340.88516059325235,-9999,5914640.5,-9999,493068,86.43,-1,-9999,-9999,-9999,-9999,-9999,-9999,-9999,unassigned,N/A,-9999,-9999,N/A,-9999,-9999,-9999,-9999,-9999,-9999,-9999,-9999,-9999
403,341.19544,341.19546936473216,-9999,1052486.4,-9999,542496.8,13.85,-1,-9999,-9999,-9999,-9999,-9999,-9999,-9999,unassigned,N/A,-9999,-9999,N/A,-9999,-9999,-9999,-9999,-9999,-9999,-9999,-9999,-9999
404,341.195986,341.19601536433004,-9999,974662.4,-9999,890030.5,12.68,-1,-9999,-9999,-9999,-9999,-9999,-9999,-9999,unassigned,N/A,-9999,-9999,N/A,-9999,-9999,-9999,-9999,-9999,-9999,-9999,-9999,-9999
410,342.759985,342.7600132125575,-9999,1129176.1,-9999,410047.9,14.76,-1,-9999,-9999,-9999,-9999,-9999,-9999,-9999,unassigned,N/A,-9999,-9999,N/A,-9999,-9999,-9999,-9999,-9999,-9999,-9999,-9999,-9999
411,342.760934,342.76096221185867,-9999,3800408.3,-9999,479823,54.05,-1,-9999,-9999,-9999,-9999,-9999,-9999,-9999,unassigned,N/A,-9999,-9999,N/A,-9999,-9999,-9999,-9999,-9999,-9999,-9999,-9999,-9999
412,342.883085,342.88311312190325,-9999,3167086,-9999,442291.3,44.74,-1,-9999,-9999,-9999,-9999,-9999,-9999,-9999,unassigned,N/A,-9999,-9999,N/A,-9999,-9999,-9999,-9999,-9999,-9999,-9999,-9999,-9999
418,343.211597,343.2116248799778,-9999,994728.1,-9999,529547.3,12.79,-1,-9999,-9999,-9999,-9999,-9999,-9999,-9999,unassigned,N/A,-9999,-9999,N/A,-9999,-9999,-9999,-9999,-9999,-9999,-9999,-9999,-9999
423,344.219421,344.2194481377881,-9999,1080923.9,-9999,472333.2,14.05,-1,-9999,-9999,-9999,-9999,-9999,-9999,-9999,unassigned,N/A,-9999,-9999,N/A,-9999,-9999,-9999,-9999,-9999,-9999,-9999,-9999,-9999
424,344.757928,344.7579547412165,-9999,3282108.8,-9999,480897.4,46.42,-1,-9999,-9999,-9999,-9999,-9999,-9999,-9999,unassigned,N/A,-9999,-9999,N/A,-9999,-9999,-9999,-9999,-9999,-9999,-9999,-9999,-9999
425,344.758861,344.7588877405295,-9999,13116093,-9999,489474.4,191.05,-1,-9999,-9999,-9999,-9999,-9999,-9999,-9999,unassigned,N/A,-9999,-9999,N/A,-9999,-9999,-9999,-9999,-9999,-9999,-9999,-9999,-9999
426,344.759322,344.7593487401899,-9999,9249469,-9999,407319.8,134.18,-1,-9999,-9999,-9999,-9999,-9999,-9999,-9999,unassigned,N/A,-9999,-9999,N/A,-9999,-9999,-9999,-9999,-9999,-9999,-9999,-9999,-9999
431,345.155835,345.1558614481867,-9999,1780356.5,-9999,570447,24.34,-1,-9999,-9999,-9999,-9999,-9999,-9999,-9999,unassigned,N/A,-9999,-9999,N/A,-9999,-9999,-9999,-9999,-9999,-9999,-9999,-9999,-9999
433,345.192244,345.19227042137413,-9999,1576203.1,-9999,365563.8,21.33,-1,-9999,-9999,-9999,-9999,-9999,-9999,-9999,unassigned,N/A,-9999,-9999,N/A,-9999,-9999,-9999,-9999,-9999,-9999,-9999,-9999,-9999
436,346.162412,346.16243770691534,-9999,1573563.6,-9999,517090.9,21.29,-1,-9999,-9999,-9999,-9999,-9999,-9999,-9999,unassigned,N/A,-9999,-9999,N/A,-9999,-9999,-9999,-9999,-9999,-9999,-9999,-9999,-9999
437,346.755907,346.755932269849,-9999,3549224.5,-9999,468940.7,50.35,-1,-9999,-9999,-9999,-9999,-9999,-9999,-9999,unassigned,N/A,-9999,-9999,N/A,-9999,-9999,-9999,-9999,-9999,-9999,-9999,-9999,-9999
438,346.756859,346.756884269148,-9999,13345833,-9999,431944.6,194.42,-1,-9999,-9999,-9999,-9999,-9999,-9999,-9999,unassigned,N/A,-9999,-9999,N/A,-9999,-9999,-9999,-9999,-9999,-9999,-9999,-9999,-9999
445,348.189671,348.18969521398515,-9999,1009330.1,-9999,490819.4,12.99,-1,-9999,-9999,-9999,-9999,-9999,-9999,-9999,unassigned,N/A,-9999,-9999,N/A,-9999,-9999,-9999,-9999,-9999,-9999,-9999,-9999,-9999
446,348.754807,348.75483079780327,-9999,4657564,-9999,410463.6,65.63,-1,-9999,-9999,-9999,-9999,-9999,-9999,-9999,unassigned,N/A,-9999,-9999,N/A,-9999,-9999,-9999,-9999,-9999,-9999,-9999,-9999,-9999
455,349.202484,349.20250746812144,-9999,6732272,-9999,488599.7,95.68,-1,-9999,-9999,-9999,-9999,-9999,-9999,-9999,unassigned,N/A,-9999,-9999,N/A,-9999,-9999,-9999,-9999,-9999,-9999,-9999,-9999,-9999
457,349.21548,349.2155034585508,-9999,1823090.4,-9999,478690.3,24.57,-1,-9999,-9999,-9999,-9999,-9999,-9999,-9999,unassigned,N/A,-9999,-9999,N/A,-9999,-9999,-9999,-9999,-9999,-9999,-9999,-9999,-9999
469,351.210799,351.2108209891422,-9999,1195629.6,-9999,565349.1,15.48,-1,-9999,-9999,-9999,-9999,-9999,-9999,-9999,unassigned,N/A,-9999,-9999,N/A,-9999,-9999,-9999,-9999,-9999,-9999,-9999,-9999,-9999
479,353.189097,353.1891175322683,-9999,1003532.5,-9999,306620.5,12.69,-1,-9999,-9999,-9999,-9999,-9999,-9999,-9999,unassigned,N/A,-9999,-9999,N/A,-9999,-9999,-9999,-9999,-9999,-9999,-9999,-9999,-9999
481,353.197335,353.19735552620165,-9999,1496046.1,-9999,450869.4,19.83,-1,-9999,-9999,-9999,-9999,-9999,-9999,-9999,unassigned,N/A,-9999,-9999,N/A,-9999,-9999,-9999,-9999,-9999,-9999,-9999,-9999,-9999
483,353.200956,353.200976523535,-9999,1683438.8,-9999,528422.3,22.54,-1,-9999,-9999,-9999,-9999,-9999,-9999,-9999,unassigned,N/A,-9999,-9999,N/A,-9999,-9999,-9999,-9999,-9999,-9999,-9999,-9999,-9999
490,355.140211,355.14023009541353,-9999,2305644.5,-9999,459495.3,31.55,-1,-9999,-9999,-9999,-9999,-9999,-9999,-9999,unassigned,N/A,-9999,-9999,N/A,-9999,-9999,-9999,-9999,-9999,-9999,-9999,-9999,-9999
492,355.211446,355.2114650429541,-9999,1093626.6,-9999,555328,13.99,-1,-9999,-9999,-9999,-9999,-9999,-9999,-9999,unassigned,N/A,-9999,-9999,N/A,-9999,-9999,-9999,-9999,-9999,-9999,-9999,-9999,-9999
494,355.213092,355.2131110417419,-9999,2308731,-9999,378207.4,31.59,-1,-9999,-9999,-9999,-9999,-9999,-9999,-9999,unassigned,N/A,-9999,-9999,N/A,-9999,-9999,-9999,-9999,-9999,-9999,-9999,-9999,-9999
496,356.758886,356.75890390337605,-9999,1379119.9,-9999,315972.5,17.84,-1,-9999,-9999,-9999,-9999,-9999,-9999,-9999,unassigned,N/A,-9999,-9999,N/A,-9999,-9999,-9999,-9999,-9999,-9999,-9999,-9999,-9999
497,356.795366,356.79538387651115,-9999,1336759.3,-9999,436090.9,17.24,-1,-9999,-9999,-9999,-9999,-9999,-9999,-9999,unassigned,N/A,-9999,-9999,N/A,-9999,-9999,-9999,-9999,-9999,-9999,-9999,-9999,-9999
499,356.978953,356.97897074131254,-9999,8871900,-9999,478620.1,124.67,-1,-9999,-9999,-9999,-9999,-9999,-9999,-9999,unassigned,N/A,-9999,-9999,N/A,-9999,-9999,-9999,-9999,-9999,-9999,-9999,-9999,-9999
504,357.192268,357.19228558422145,-9999,3029255.3,-9999,399365.5,41.37,-1,-9999,-9999,-9999,-9999,-9999,-9999,-9999,unassigned,N/A,-9999,-9999,N/A,-9999,-9999,-9999,-9999,-9999,-9999,-9999,-9999,-9999
507,357.228633,357.22865055744126,-9999,1022990.6,-9999,494637.4,12.76,-1,-9999,-9999,-9999,-9999,-9999,-9999,-9999,unassigned,N/A,-9999,-9999,N/A,-9999,-9999,-9999,-9999,-9999,-9999,-9999,-9999,-9999
512,358.756794,358.75681043206083,-9999,1040836.9,-9999,674540.6,13.01,-1,-9999,-9999,-9999,-9999,-9999,-9999,-9999,unassigned,N/A,-9999,-9999,N/A,-9999,-9999,-9999,-9999,-9999,-9999,-9999,-9999,-9999
513,358.757345,358.75736143165506,-9999,1344069,-9999,437510.4,17.33,-1,-9999,-9999,-9999,-9999,-9999,-9999,-9999,unassigned,N/A,-9999,-9999,N/A,-9999,-9999,-9999,-9999,-9999,-9999,-9999,-9999,-9999
514,358.793353,358.79336940513775,-9999,1140556.4,-9999,462860.1,14.43,-1,-9999,-9999,-9999,-9999,-9999,-9999,-9999,unassigned,N/A,-9999,-9999,N/A,-9999,-9999,-9999,-9999,-9999,-9999,-9999,-9999,-9999
520,359.202084,359.20210010413683,-9999,1652896,-9999,407821.5,21.74,-1,-9999,-9999,-9999,-9999,-9999,-9999,-9999,unassigned,N/A,-9999,-9999,N/A,-9999,-9999,-9999,-9999,-9999,-9999,-9999,-9999,-9999
523,359.223337,359.22335308848557,-9999,971428.4,-9999,571493,12.02,-1,-9999,-9999,-9999,-9999,-9999,-9999,-9999,unassigned,N/A,-9999,-9999,N/A,-9999,-9999,-9999,-9999,-9999,-9999,-9999,-9999,-9999
536,362.985927,362.9859403176092,-9999,3353266.8,-9999,417130.9,45.23,-1,-9999,-9999,-9999,-9999,-9999,-9999,-9999,unassigned,N/A,-9999,-9999,N/A,-9999,-9999,-9999,-9999,-9999,-9999,-9999,-9999,-9999
550,365.124654,365.124665742591,-9999,1548665,-9999,452820.7,19.91,-1,-9999,-9999,-9999,-9999,-9999,-9999,-9999,unassigned,N/A,-9999,-9999,N/A,-9999,-9999,-9999,-9999,-9999,-9999,-9999,-9999,-9999
553,365.161028,365.1610397158041,-9999,1419200.8,-9999,330880.1,18.09,-1,-9999,-9999,-9999,-9999,-9999,-9999,-9999,unassigned,N/A,-9999,-9999,N/A,-9999,-9999,-9999,-9999,-9999,-9999,-9999,-9999,-9999
567,368.216623,368.2166324655787,-9999,1560597.4,-9999,498240.2,20.07,-1,-9999,-9999,-9999,-9999,-9999,-9999,-9999,unassigned,N/A,-9999,-9999,N/A,-9999,-9999,-9999,-9999,-9999,-9999,-9999,-9999,-9999
595,373.173255,373.17326081537647,-9999,2009184.3,-9999,376888.2,25.91,-1,-9999,-9999,-9999,-9999,-9999,-9999,-9999,unassigned,N/A,-9999,-9999,N/A,-9999,-9999,-9999,-9999,-9999,-9999,-9999,-9999,-9999
597,373.187214,373.1872198050967,-9999,2031075.4,-9999,399021.5,26.21,-1,-9999,-9999,-9999,-9999,-9999,-9999,-9999,unassigned,N/A,-9999,-9999,N/A,-9999,-9999,-9999,-9999,-9999,-9999,-9999,-9999,-9999
600,373.217924,373.217929782481,-9999,1140586.3,-9999,530718.2,13.93,-1,-9999,-9999,-9999,-9999,-9999,-9999,-9999,unassigned,N/A,-9999,-9999,N/A,-9999,-9999,-9999,-9999,-9999,-9999,-9999,-9999,-9999
615,376.721952,376.72195520201694,-9999,1102470.6,-9999,535774.2,13.39,-1,-9999,-9999,-9999,-9999,-9999,-9999,-9999,unassigned,N/A,-9999,-9999,N/A,-9999,-9999,-9999,-9999,-9999,-9999,-9999,-9999,-9999
617,376.984094,376.9840970089683,-9999,8655043,-9999,420070.4,117.61,-1,-9999,-9999,-9999,-9999,-9999,-9999,-9999,unassigned,N/A,-9999,-9999,N/A,-9999,-9999,-9999,-9999,-9999,-9999,-9999,-9999,-9999
629,377.233919,377.2339218249902,-9999,1807356.3,-9999,397042,23.11,-1,-9999,-9999,-9999,-9999,-9999,-9999,-9999,unassigned,N/A,-9999,-9999,N/A,-9999,-9999,-9999,-9999,-9999,-9999,-9999,-9999,-9999
636,378.718987,378.71898873134467,-9999,1182035.3,-9999,527174,14.24,-1,-9999,-9999,-9999,-9999,-9999,-9999,-9999,unassigned,N/A,-9999,-9999,N/A,-9999,-9999,-9999,-9999,-9999,-9999,-9999,-9999,-9999
637,378.71997,378.7199717306207,-9999,2549843.5,-9999,552211.1,32.79,-1,-9999,-9999,-9999,-9999,-9999,-9999,-9999,unassigned,N/A,-9999,-9999,N/A,-9999,-9999,-9999,-9999,-9999,-9999,-9999,-9999,-9999
638,378.720446,378.72044773027017,-9999,2252883.8,-9999,361119.6,28.77,-1,-9999,-9999,-9999,-9999,-9999,-9999,-9999,unassigned,N/A,-9999,-9999,N/A,-9999,-9999,-9999,-9999,-9999,-9999,-9999,-9999,-9999
650,379.249434,379.24943534070866,-9999,1427278.5,-9999,324210.7,17.56,-1,-9999,-9999,-9999,-9999,-9999,-9999,-9999,unassigned,N/A,-9999,-9999,N/A,-9999,-9999,-9999,-9999,-9999,-9999,-9999,-9999,-9999
654,380.716865,380.7168652600515,-9999,1717540.9,-9999,492404.3,21.5,-1,-9999,-9999,-9999,-9999,-9999,-9999,-9999,unassigned,N/A,-9999,-9999,N/A,-9999,-9999,-9999,-9999,-9999,-9999,-9999,-9999,-9999
655,380.71797,380.71797025923775,-9999,2939941,-9999,408529.9,38.08,-1,-9999,-9999,-9999,-9999,-9999,-9999,-9999,unassigned,N/A,-9999,-9999,N/A,-9999,-9999,-9999,-9999,-9999,-9999,-9999,-9999,-9999
670,382.714903,382.71490178864053,-9999,1387771,-9999,571374.5,17.02,-1,-9999,-9999,-9999,-9999,-9999,-9999,-9999,unassigned,N/A,-9999,-9999,N/A,-9999,-9999,-9999,-9999,-9999,-9999,-9999,-9999,-9999
671,382.715957,382.7159557878644,-9999,1062651.3,-9999,488104.5,12.6,-1,-9999,-9999,-9999,-9999,-9999,-9999,-9999,unassigned,N/A,-9999,-9999,N/A,-9999,-9999,-9999,-9999,-9999,-9999,-9999,-9999,-9999
682,384.790191,384.79018826034053,-9999,2050024,-9999,537411.6,25.99,-1,-9999,-9999,-9999,-9999,-9999,-9999,-9999,unassigned,N/A,-9999,-9999,N/A,-9999,-9999,-9999,-9999,-9999,-9999,-9999,-9999,-9999
683,384.790842,384.7908392598611,-9999,1769448.3,-9999,540802.6,22.19,-1,-9999,-9999,-9999,-9999,-9999,-9999,-9999,unassigned,N/A,-9999,-9999,N/A,-9999,-9999,-9999,-9999,-9999,-9999,-9999,-9999,-9999
695,386.788286,386.7882817888877,-9999,1915079,-9999,299020.2,23.71,-1,-9999,-9999,-9999,-9999,-9999,-9999,-9999,unassigned,N/A,-9999,-9999,N/A,-9999,-9999,-9999,-9999,-9999,-9999,-9999,-9999,-9999
707,388.785058,388.785052318409,-9999,1546153.9,-9999,453880.5,18.79,-1,-9999,-9999,-9999,-9999,-9999,-9999,-9999,unassigned,N/A,-9999,-9999,N/A,-9999,-9999,-9999,-9999,-9999,-9999,-9999,-9999,-9999
711,389.191507,389.1915010190886,-9999,1112716.6,-9999,337097.8,13.02,-1,-9999,-9999,-9999,-9999,-9999,-9999,-9999,unassigned,N/A,-9999,-9999,N/A,-9999,-9999,-9999,-9999,-9999,-9999,-9999,-9999,-9999
715,390.783125,390.78311784697667,-9999,1316496.9,-9999,444683.4,15.73,-1,-9999,-9999,-9999,-9999,-9999,-9999,-9999,unassigned,N/A,-9999,-9999,N/A,-9999,-9999,-9999,-9999,-9999,-9999,-9999,-9999,-9999
742,395.054161,395.0541507016666,-9999,1471406.4,-9999,477303.7,17.78,-1,-9999,-9999,-9999,-9999,-9999,-9999,-9999,unassigned,N/A,-9999,-9999,N/A,-9999,-9999,-9999,-9999,-9999,-9999,-9999,-9999,-9999
761,397.227162,397.227150101408,-9999,1691596.5,-9999,393080.8,20.21,-1,-9999,-9999,-9999,-9999,-9999,-9999,-9999,unassigned,N/A,-9999,-9999,N/A,-9999,-9999,-9999,-9999,-9999,-9999,-9999,-9999,-9999
776,400.219967,400.2199528974228,-9999,1077437.5,-9999,510332.5,12.21,-1,-9999,-9999,-9999,-9999,-9999,-9999,-9999,unassigned,N/A,-9999,-9999,N/A,-9999,-9999,-9999,-9999,-9999,-9999,-9999,-9999,-9999
778,400.435148,400.4351337389575,-9999,1584372,-9999,516723.3,18.8,-1,-9999,-9999,-9999,-9999,-9999,-9999,-9999,unassigned,N/A,-9999,-9999,N/A,-9999,-9999,-9999,-9999,-9999,-9999,-9999,-9999,-9999
796,403.195446,403.195429706197,-9999,1436082,-9999,337489.2,16.86,-1,-9999,-9999,-9999,-9999,-9999,-9999,-9999,unassigned,N/A,-9999,-9999,N/A,-9999,-9999,-9999,-9999,-9999,-9999,-9999,-9999,-9999
864,417.212419,417.2123923837068,-9999,2902818.3,-9999,282043.2,34.12,-1,-9999,-9999,-9999,-9999,-9999,-9999,-9999,unassigned,N/A,-9999,-9999,N/A,-9999,-9999,-9999,-9999,-9999,-9999,-9999,-9999,-9999
868,418.795767,418.79573921768514,-9999,1447380.3,-9999,496317.6,16.13,-1,-9999,-9999,-9999,-9999,-9999,-9999,-9999,unassigned,N/A,-9999,-9999,N/A,-9999,-9999,-9999,-9999,-9999,-9999,-9999,-9999,-9999
878,420.671576,420.671546836287,-9999,4206555.5,-9999,345457.2,50.23,-1,-9999,-9999,-9999,-9999,-9999,-9999,-9999,unassigned,N/A,-9999,-9999,N/A,-9999,-9999,-9999,-9999,-9999,-9999,-9999,-9999,-9999
879,420.793813,420.7937837462683,-9999,1484285.4,-9999,495794,16.58,-1,-9999,-9999,-9999,-9999,-9999,-9999,-9999,unassigned,N/A,-9999,-9999,N/A,-9999,-9999,-9999,-9999,-9999,-9999,-9999,-9999,-9999
896,422.668247,422.6682163658827,-9999,3539210,-9999,345684.9,41.97,-1,-9999,-9999,-9999,-9999,-9999,-9999,-9999,unassigned,N/A,-9999,-9999,N/A,-9999,-9999,-9999,-9999,-9999,-9999,-9999,-9999,-9999
897,422.669537,422.6695063649328,-9999,15409674,-9999,341881.8,188.7,-1,-9999,-9999,-9999,-9999,-9999,-9999,-9999,unassigned,N/A,-9999,-9999,N/A,-9999,-9999,-9999,-9999,-9999,-9999,-9999,-9999,-9999
898,422.674282,422.6742513614384,-9999,1157899.9,-9999,356037.1,12.53,-1,-9999,-9999,-9999,-9999,-9999,-9999,-9999,unassigned,N/A,-9999,-9999,N/A,-9999,-9999,-9999,-9999,-9999,-9999,-9999,-9999,-9999
914,424.661807,424.66177489776953,-9999,1360958.6,-9999,437022.5,14.65,-1,-9999,-9999,-9999,-9999,-9999,-9999,-9999,unassigned,N/A,-9999,-9999,N/A,-9999,-9999,-9999,-9999,-9999,-9999,-9999,-9999,-9999
915,424.66621,424.666177894527,-9999,5784640,-9999,379792.5,67.93,-1,-9999,-9999,-9999,-9999,-9999,-9999,-9999,unassigned,N/A,-9999,-9999,N/A,-9999,-9999,-9999,-9999,-9999,-9999,-9999,-9999,-9999
916,424.667516,424.6674838935653,-9999,22934592,-9999,328280.3,274.47,-1,-9999,-9999,-9999,-9999,-9999,-9999,-9999,unassigned,N/A,-9999,-9999,N/A,-9999,-9999,-9999,-9999,-9999,-9999,-9999,-9999,-9999
927,425.6709,425.6708671546453,-9999,1635423,-9999,333105.4,17.95,-1,-9999,-9999,-9999,-9999,-9999,-9999,-9999,unassigned,N/A,-9999,-9999,N/A,-9999,-9999,-9999,-9999,-9999,-9999,-9999,-9999,-9999
930,426.664161,426.6641274231801,-9999,3415164.8,-9999,372729.1,39.38,-1,-9999,-9999,-9999,-9999,-9999,-9999,-9999,unassigned,N/A,-9999,-9999,N/A,-9999,-9999,-9999,-9999,-9999,-9999,-9999,-9999,-9999
931,426.665466,426.66543242221906,-9999,15992445,-9999,324376.6,190.86,-1,-9999,-9999,-9999,-9999,-9999,-9999,-9999,unassigned,N/A,-9999,-9999,N/A,-9999,-9999,-9999,-9999,-9999,-9999,-9999,-9999,-9999
932,426.67086,426.6708264182468,-9999,1184382.6,-9999,382203,12.52,-1,-9999,-9999,-9999,-9999,-9999,-9999,-9999,unassigned,N/A,-9999,-9999,N/A,-9999,-9999,-9999,-9999,-9999,-9999,-9999,-9999,-9999
933,426.683409,426.68337540900535,-9999,1398914.3,-9999,305572.4,15.1,-1,-9999,-9999,-9999,-9999,-9999,-9999,-9999,unassigned,N/A,-9999,-9999,N/A,-9999,-9999,-9999,-9999,-9999,-9999,-9999,-9999,-9999
935,426.980838,426.98080418997034,-9999,6773464,-9999,361664.1,79.83,-1,-9999,-9999,-9999,-9999,-9999,-9999,-9999,unassigned,N/A,-9999,-9999,N/A,-9999,-9999,-9999,-9999,-9999,-9999,-9999,-9999,-9999
950,428.663406,428.66337095088033,-9999,3960001,-9999,347705.7,45.94,-1,-9999,-9999,-9999,-9999,-9999,-9999,-9999,unassigned,N/A,-9999,-9999,N/A,-9999,-9999,-9999,-9999,-9999,-9999,-9999,-9999,-9999
1007,440.79912,440.79907601380177,-9999,1193520.1,-9999,390536.9,12.25,-1,-9999,-9999,-9999,-9999,-9999,-9999,-9999,unassigned,N/A,-9999,-9999,N/A,-9999,-9999,-9999,-9999,-9999,-9999,-9999,-9999,-9999
1018,442.973554,442.97350841248783,-9999,1450472.4,-9999,348043,15.25,-1,-9999,-9999,-9999,-9999,-9999,-9999,-9999,unassigned,N/A,-9999,-9999,N/A,-9999,-9999,-9999,-9999,-9999,-9999,-9999,-9999,-9999
1063,451.170928,451.1708763757128,-9999,2094993.8,-9999,277876.8,22.16,-1,-9999,-9999,-9999,-9999,-9999,-9999,-9999,unassigned,N/A,-9999,-9999,N/A,-9999,-9999,-9999,-9999,-9999,-9999,-9999,-9999,-9999
1115,462.800911,462.80085081106864,-9999,2183404,-9999,373288.8,22.37,-1,-9999,-9999,-9999,-9999,-9999,-9999,-9999,unassigned,N/A,-9999,-9999,N/A,-9999,-9999,-9999,-9999,-9999,-9999,-9999,-9999,-9999
1116,462.801829,462.8017688103926,-9999,1517548.5,-9999,407647,15.02,-1,-9999,-9999,-9999,-9999,-9999,-9999,-9999,unassigned,N/A,-9999,-9999,N/A,-9999,-9999,-9999,-9999,-9999,-9999,-9999,-9999,-9999
1123,464.799215,464.79915333946184,-9999,2027492,-9999,338068.6,20.64,-1,-9999,-9999,-9999,-9999,-9999,-9999,-9999,unassigned,N/A,-9999,-9999,N/A,-9999,-9999,-9999,-9999,-9999,-9999,-9999,-9999,-9999
1169,473.283394,473.2833260914756,-9999,96695568,-9999,256016,1025.83,-1,-9999,-9999,-9999,-9999,-9999,-9999,-9999,unassigned,N/A,-9999,-9999,N/A,-9999,-9999,-9999,-9999,-9999,-9999,-9999,-9999,-9999
1174,474.284615,474.28454635414846,-9999,5444265,-9999,332676.1,56.14,-1,-9999,-9999,-9999,-9999,-9999,-9999,-9999,unassigned,N/A,-9999,-9999,N/A,-9999,-9999,-9999,-9999,-9999,-9999,-9999,-9999,-9999
1182,475.298949,475.2988796071646,-9999,2065742,-9999,272923.2,20.23,-1,-9999,-9999,-9999,-9999,-9999,-9999,-9999,unassigned,N/A,-9999,-9999,N/A,-9999,-9999,-9999,-9999,-9999,-9999,-9999,-9999,-9999
1185,476.979118,476.9790473698413,-9999,11608846,-9999,275786.7,121.64,-1,-9999,-9999,-9999,-9999,-9999,-9999,-9999,unassigned,N/A,-9999,-9999,N/A,-9999,-9999,-9999,-9999,-9999,-9999,-9999,-9999,-9999
1237,488.200874,488.2007951058269,-9999,1634359.5,-9999,334744.1,15,-1,-9999,-9999,-9999,-9999,-9999,-9999,-9999,unassigned,N/A,-9999,-9999,N/A,-9999,-9999,-9999,-9999,-9999,-9999,-9999,-9999,-9999
1239,488.816757,488.8166776522735,-9999,1879886.3,-9999,395540.8,17.5,-1,-9999,-9999,-9999,-9999,-9999,-9999,-9999,unassigned,N/A,-9999,-9999,N/A,-9999,-9999,-9999,-9999,-9999,-9999,-9999,-9999,-9999
1240,488.817574,488.8174946516718,-9999,1644110.6,-9999,339003,15.09,-1,-9999,-9999,-9999,-9999,-9999,-9999,-9999,unassigned,N/A,-9999,-9999,N/A,-9999,-9999,-9999,-9999,-9999,-9999,-9999,-9999,-9999
1246,490.814846,490.8147651808249,-9999,1780445.3,-9999,253128.1,16.48,-1,-9999,-9999,-9999,-9999,-9999,-9999,-9999,unassigned,N/A,-9999,-9999,N/A,-9999,-9999,-9999,-9999,-9999,-9999,-9999,-9999,-9999
1247,490.832559,490.8324781677806,-9999,1620709.4,-9999,294946,14.84,-1,-9999,-9999,-9999,-9999,-9999,-9999,-9999,unassigned,N/A,-9999,-9999,N/A,-9999,-9999,-9999,-9999,-9999,-9999,-9999,-9999,-9999
1249,492.830381,492.8302986965287,-9999,1548925.9,-9999,379148.5,14.1,-1,-9999,-9999,-9999,-9999,-9999,-9999,-9999,unassigned,N/A,-9999,-9999,N/A,-9999,-9999,-9999,-9999,-9999,-9999,-9999,-9999,-9999
1262,496.762221,496.762135801012,-9999,2211756.5,-9999,355883.4,20.05,-1,-9999,-9999,-9999,-9999,-9999,-9999,-9999,unassigned,N/A,-9999,-9999,N/A,-9999,-9999,-9999,-9999,-9999,-9999,-9999,-9999,-9999
1270,498.760208,498.76012132963854,-9999,2078559.8,-9999,368681.1,18.73,-1,-9999,-9999,-9999,-9999,-9999,-9999,-9999,unassigned,N/A,-9999,-9999,N/A,-9999,-9999,-9999,-9999,-9999,-9999,-9999,-9999,-9999
1277,500.273473,500.273385215228,-9999,2367282.8,-9999,314778.7,21.56,-1,-9999,-9999,-9999,-9999,-9999,-9999,-9999,unassigned,N/A,-9999,-9999,N/A,-9999,-9999,-9999,-9999,-9999,-9999,-9999,-9999,-9999
1278,500.979266,500.97917769546234,-9999,34956676,-9999,245936.7,341.84,-1,-9999,-9999,-9999,-9999,-9999,-9999,-9999,unassigned,N/A,-9999,-9999,N/A,-9999,-9999,-9999,-9999,-9999,-9999,-9999,-9999,-9999
1286,502.215876,502.2157867847882,-9999,2600921.8,-9999,281710.7,23.85,-1,-9999,-9999,-9999,-9999,-9999,-9999,-9999,unassigned,N/A,-9999,-9999,N/A,-9999,-9999,-9999,-9999,-9999,-9999,-9999,-9999,-9999
1294,505.010609,505.0105177266688,-9999,1868071.9,-9999,279469.5,16.64,-1,-9999,-9999,-9999,-9999,-9999,-9999,-9999,unassigned,N/A,-9999,-9999,N/A,-9999,-9999,-9999,-9999,-9999,-9999,-9999,-9999,-9999
1297,506.226097,506.22600483154946,-9999,1647995.3,-9999,359606,14.47,-1,-9999,-9999,-9999,-9999,-9999,-9999,-9999,unassigned,N/A,-9999,-9999,N/A,-9999,-9999,-9999,-9999,-9999,-9999,-9999,-9999,-9999
1307,512.816939,512.8168419778696,-9999,2060356.1,-9999,374234.1,17.76,-1,-9999,-9999,-9999,-9999,-9999,-9999,-9999,unassigned,N/A,-9999,-9999,N/A,-9999,-9999,-9999,-9999,-9999,-9999,-9999,-9999,-9999
1313,514.252322,514.2522239208134,-9999,1685782.4,-9999,385519.8,14.22,-1,-9999,-9999,-9999,-9999,-9999,-9999,-9999,unassigned,N/A,-9999,-9999,N/A,-9999,-9999,-9999,-9999,-9999,-9999,-9999,-9999,-9999
1315,514.814967,514.8148685064659,-9999,2025010.3,-9999,306487.2,17.42,-1,-9999,-9999,-9999,-9999,-9999,-9999,-9999,unassigned,N/A,-9999,-9999,N/A,-9999,-9999,-9999,-9999,-9999,-9999,-9999,-9999,-9999
1319,516.231793,516.2316934630757,-9999,2858239.3,-9999,298354.4,25.28,-1,-9999,-9999,-9999,-9999,-9999,-9999,-9999,unassigned,N/A,-9999,-9999,N/A,-9999,-9999,-9999,-9999,-9999,-9999,-9999,-9999,-9999
1321,516.267942,516.2678424364544,-9999,2871057.8,-9999,288097.9,25.4,-1,-9999,-9999,-9999,-9999,-9999,-9999,-9999,unassigned,N/A,-9999,-9999,N/A,-9999,-9999,-9999,-9999,-9999,-9999,-9999,-9999,-9999
1327,520.241796,520.2416935099975,-9999,2266876.3,-9999,320136.1,19.67,-1,-9999,-9999,-9999,-9999,-9999,-9999,-9999,unassigned,N/A,-9999,-9999,N/A,-9999,-9999,-9999,-9999,-9999,-9999,-9999,-9999,-9999
1337,522.221117,522.2210130523704,-9999,1765109.4,-9999,306518.5,14.93,-1,-9999,-9999,-9999,-9999,-9999,-9999,-9999,unassigned,N/A,-9999,-9999,N/A,-9999,-9999,-9999,-9999,-9999,-9999,-9999,-9999,-9999
1338,522.778029,522.7779246422447,-9999,2926100.5,-9999,266047.5,25.88,-1,-9999,-9999,-9999,-9999,-9999,-9999,-9999,unassigned,N/A,-9999,-9999,N/A,-9999,-9999,-9999,-9999,-9999,-9999,-9999,-9999,-9999
1340,524.776014,524.7759081708729,-9999,2981405.3,-9999,244595.7,25.3,-1,-9999,-9999,-9999,-9999,-9999,-9999,-9999,unassigned,N/A,-9999,-9999,N/A,-9999,-9999,-9999,-9999,-9999,-9999,-9999,-9999,-9999
1341,524.793808,524.7937021577688,-9999,2456614.5,-9999,281137.8,20.55,-1,-9999,-9999,-9999,-9999,-9999,-9999,-9999,unassigned,N/A,-9999,-9999,N/A,-9999,-9999,-9999,-9999,-9999,-9999,-9999,-9999,-9999
1347,526.791671,526.7915636864867,-9999,2419763.5,-9999,224701.9,20.21,-1,-9999,-9999,-9999,-9999,-9999,-9999,-9999,unassigned,N/A,-9999,-9999,N/A,-9999,-9999,-9999,-9999,-9999,-9999,-9999,-9999,-9999
1355,528.304537,528.30442857236994,-9999,1646151.8,-9999,297961.2,13.2,-1,-9999,-9999,-9999,-9999,-9999,-9999,-9999,unassigned,N/A,-9999,-9999,N/A,-9999,-9999,-9999,-9999,-9999,-9999,-9999,-9999,-9999
1362,530.247256,530.2471461416975,-9999,2675007.3,-9999,293859.8,22.5,-1,-9999,-9999,-9999,-9999,-9999,-9999,-9999,unassigned,N/A,-9999,-9999,N/A,-9999,-9999,-9999,-9999,-9999,-9999,-9999,-9999,-9999
1369,536.236877,536.2367627307734,-9999,1743758.3,-9999,262257.7,14.05,-1,-9999,-9999,-9999,-9999,-9999,-9999,-9999,unassigned,N/A,-9999,-9999,N/A,-9999,-9999,-9999,-9999,-9999,-9999,-9999,-9999,-9999
1374,540.71194,540.7118224352121,-9999,2512593.8,-9999,308917.6,20.07,-1,-9999,-9999,-9999,-9999,-9999,-9999,-9999,unassigned,N/A,-9999,-9999,N/A,-9999,-9999,-9999,-9999,-9999,-9999,-9999,-9999,-9999
1387,542.709938,542.7098189638306,-9999,3362042.3,-9999,274829.7,27.42,-1,-9999,-9999,-9999,-9999,-9999,-9999,-9999,unassigned,N/A,-9999,-9999,N/A,-9999,-9999,-9999,-9999,-9999,-9999,-9999,-9999,-9999
1391,544.263178,544.2630578199813,-9999,2656313.3,-9999,270647.2,21.3,-1,-9999,-9999,-9999,-9999,-9999,-9999,-9999,unassigned,N/A,-9999,-9999,N/A,-9999,-9999,-9999,-9999,-9999,-9999,-9999,-9999,-9999
1392,544.707916,544.7077954924638,-9999,2401063.5,-9999,275870.4,19.09,-1,-9999,-9999,-9999,-9999,-9999,-9999,-9999,unassigned,N/A,-9999,-9999,N/A,-9999,-9999,-9999,-9999,-9999,-9999,-9999,-9999,-9999
1396,547.534731,547.5346084107183,-9999,2748186.5,-9999,409630.2,22.08,-1,-9999,-9999,-9999,-9999,-9999,-9999,-9999,unassigned,N/A,-9999,-9999,N/A,-9999,-9999,-9999,-9999,-9999,-9999,-9999,-9999,-9999
1398,549.531519,549.5313949402279,-9999,1587542.5,-9999,364544.8,12.03,-1,-9999,-9999,-9999,-9999,-9999,-9999,-9999,unassigned,N/A,-9999,-9999,N/A,-9999,-9999,-9999,-9999,-9999,-9999,-9999,-9999,-9999
1399,549.532907,549.5327829392057,-9999,3818327.3,-9999,284864.4,31.34,-1,-9999,-9999,-9999,-9999,-9999,-9999,-9999,unassigned,N/A,-9999,-9999,N/A,-9999,-9999,-9999,-9999,-9999,-9999,-9999,-9999,-9999
1401,551.530945,551.5308194677947,-9999,3086235.5,-9999,284955.5,24.99,-1,-9999,-9999,-9999,-9999,-9999,-9999,-9999,unassigned,N/A,-9999,-9999,N/A,-9999,-9999,-9999,-9999,-9999,-9999,-9999,-9999,-9999
1403,556.299519,556.2993899560838,-9999,1706991.5,-9999,360379.3,13.03,-1,-9999,-9999,-9999,-9999,-9999,-9999,-9999,unassigned,N/A,-9999,-9999,N/A,-9999,-9999,-9999,-9999,-9999,-9999,-9999,-9999,-9999
1406,558.278704,558.2785734985566,-9999,2230858.3,-9999,239053.4,16.78,-1,-9999,-9999,-9999,-9999,-9999,-9999,-9999,unassigned,N/A,-9999,-9999,N/A,-9999,-9999,-9999,-9999,-9999,-9999,-9999,-9999,-9999
1410,562.964288,562.9641540479619,-9999,2131144.5,-9999,191881.5,15.93,-1,-9999,-9999,-9999,-9999,-9999,-9999,-9999,unassigned,N/A,-9999,-9999,N/A,-9999,-9999,-9999,-9999,-9999,-9999,-9999,-9999,-9999
1414,562.9794,562.979266036833,-9999,5022929.5,-9999,229510.4,39.86,-1,-9999,-9999,-9999,-9999,-9999,-9999,-9999,unassigned,N/A,-9999,-9999,N/A,-9999,-9999,-9999,-9999,-9999,-9999,-9999,-9999,-9999
1422,564.72985,564.7297147477527,-9999,2360527.8,-9999,273718.7,17.82,-1,-9999,-9999,-9999,-9999,-9999,-9999,-9999,unassigned,N/A,-9999,-9999,N/A,-9999,-9999,-9999,-9999,-9999,-9999,-9999,-9999,-9999
1424,565.439994,565.4398582247827,-9999,14064242,-9999,225263.9,114.68,-1,-9999,-9999,-9999,-9999,-9999,-9999,-9999,unassigned,N/A,-9999,-9999,N/A,-9999,-9999,-9999,-9999,-9999,-9999,-9999,-9999,-9999
1427,566.725712,566.7255752779442,-9999,1931627.3,-9999,569983.4,14.26,-1,-9999,-9999,-9999,-9999,-9999,-9999,-9999,unassigned,N/A,-9999,-9999,N/A,-9999,-9999,-9999,-9999,-9999,-9999,-9999,-9999,-9999
1428,566.727696,566.7275592764831,-9999,7613804.5,-9999,233347.2,61.29,-1,-9999,-9999,-9999,-9999,-9999,-9999,-9999,unassigned,N/A,-9999,-9999,N/A,-9999,-9999,-9999,-9999,-9999,-9999,-9999,-9999,-9999
1430,567.731069,567.7309315375712,-9999,1909699,-9999,372206.1,14.08,-1,-9999,-9999,-9999,-9999,-9999,-9999,-9999,unassigned,N/A,-9999,-9999,N/A,-9999,-9999,-9999,-9999,-9999,-9999,-9999,-9999,-9999
1432,568.723542,568.7234038066864,-9999,2533911,-9999,287096,19.24,-1,-9999,-9999,-9999,-9999,-9999,-9999,-9999,unassigned,N/A,-9999,-9999,N/A,-9999,-9999,-9999,-9999,-9999,-9999,-9999,-9999,-9999
1433,568.725749,568.725610805061,-9999,11135512,-9999,216730.5,90.42,-1,-9999,-9999,-9999,-9999,-9999,-9999,-9999,unassigned,N/A,-9999,-9999,N/A,-9999,-9999,-9999,-9999,-9999,-9999,-9999,-9999,-9999
1434,568.743138,568.7429997922554,-9999,2956834.8,-9999,262224.9,22.74,-1,-9999,-9999,-9999,-9999,-9999,-9999,-9999,unassigned,N/A,-9999,-9999,N/A,-9999,-9999,-9999,-9999,-9999,-9999,-9999,-9999,-9999
1436,569.728992,569.7288530662449,-9999,2409591,-9999,336316.1,18.2,-1,-9999,-9999,-9999,-9999,-9999,-9999,-9999,unassigned,N/A,-9999,-9999,N/A,-9999,-9999,-9999,-9999,-9999,-9999,-9999,-9999,-9999
1437,570.721693,570.7215533351922,-9999,1886931.5,-9999,331994.6,13.87,-1,-9999,-9999,-9999,-9999,-9999,-9999,-9999,unassigned,N/A,-9999,-9999,N/A,-9999,-9999,-9999,-9999,-9999,-9999,-9999,-9999,-9999
1438,570.723695,570.723555333718,-9999,7704276.5,-9999,222416.6,62.02,-1,-9999,-9999,-9999,-9999,-9999,-9999,-9999,unassigned,N/A,-9999,-9999,N/A,-9999,-9999,-9999,-9999,-9999,-9999,-9999,-9999,-9999
1439,570.741483,570.7413433206183,-9999,4043999.5,-9999,201036.2,31.72,-1,-9999,-9999,-9999,-9999,-9999,-9999,-9999,unassigned,N/A,-9999,-9999,N/A,-9999,-9999,-9999,-9999,-9999,-9999,-9999,-9999,-9999
1440,572.721711,572.7215698623231,-9999,2129314.3,-9999,325151.1,15.87,-1,-9999,-9999,-9999,-9999,-9999,-9999,-9999,unassigned,N/A,-9999,-9999,N/A,-9999,-9999,-9999,-9999,-9999,-9999,-9999,-9999,-9999
1441,572.739616,572.7394748491373,-9999,3130285.3,-9999,276610.2,24.15,-1,-9999,-9999,-9999,-9999,-9999,-9999,-9999,unassigned,N/A,-9999,-9999,N/A,-9999,-9999,-9999,-9999,-9999,-9999,-9999,-9999,-9999
1444,574.273747,574.2736047193605,-9999,1678697.8,-9999,380140.2,12.13,-1,-9999,-9999,-9999,-9999,-9999,-9999,-9999,unassigned,N/A,-9999,-9999,N/A,-9999,-9999,-9999,-9999,-9999,-9999,-9999,-9999,-9999
1446,575.435953,575.4358098634796,-9999,1809989.5,-9999,339839.2,12.62,-1,-9999,-9999,-9999,-9999,-9999,-9999,-9999,unassigned,N/A,-9999,-9999,N/A,-9999,-9999,-9999,-9999,-9999,-9999,-9999,-9999,-9999
1454,585.399052,585.3989015263753,-9999,2476004.3,-9999,289891.6,17.83,-1,-9999,-9999,-9999,-9999,-9999,-9999,-9999,unassigned,N/A,-9999,-9999,N/A,-9999,-9999,-9999,-9999,-9999,-9999,-9999,-9999,-9999
1457,588.849428,588.8492749854221,-9999,2341447,-9999,214440.1,16.75,-1,-9999,-9999,-9999,-9999,-9999,-9999,-9999,unassigned,N/A,-9999,-9999,N/A,-9999,-9999,-9999,-9999,-9999,-9999,-9999,-9999,-9999
1459,590.727839,590.7276846021078,-9999,2359938.5,-9999,313189.7,16.88,-1,-9999,-9999,-9999,-9999,-9999,-9999,-9999,unassigned,N/A,-9999,-9999,N/A,-9999,-9999,-9999,-9999,-9999,-9999,-9999,-9999,-9999
1460,590.846575,590.8464205146673,-9999,3476183.8,-9999,290432.9,25.71,-1,-9999,-9999,-9999,-9999,-9999,-9999,-9999,unassigned,N/A,-9999,-9999,N/A,-9999,-9999,-9999,-9999,-9999,-9999,-9999,-9999,-9999
1461,592.725674,592.7255181308464,-9999,2703404.3,-9999,231213.7,19.59,-1,-9999,-9999,-9999,-9999,-9999,-9999,-9999,unassigned,N/A,-9999,-9999,N/A,-9999,-9999,-9999,-9999,-9999,-9999,-9999,-9999,-9999
1462,594.723898,594.7237406592984,-9999,1972721.1,-9999,319011.1,12.78,-1,-9999,-9999,-9999,-9999,-9999,-9999,-9999,unassigned,N/A,-9999,-9999,N/A,-9999,-9999,-9999,-9999,-9999,-9999,-9999,-9999,-9999
1464,600.688817,600.6886552665655,-9999,2770898.5,-9999,278893.3,18.59,-1,-9999,-9999,-9999,-9999,-9999,-9999,-9999,unassigned,N/A,-9999,-9999,N/A,-9999,-9999,-9999,-9999,-9999,-9999,-9999,-9999,-9999
1467,602.687007,602.6868437950427,-9999,3931659.3,-9999,228519.9,27.08,-1,-9999,-9999,-9999,-9999,-9999,-9999,-9999,unassigned,N/A,-9999,-9999,N/A,-9999,-9999,-9999,-9999,-9999,-9999,-9999,-9999,-9999
1470,604.68521,604.6850453235102,-9999,3027555.3,-9999,230208.4,20.45,-1,-9999,-9999,-9999,-9999,-9999,-9999,-9999,unassigned,N/A,-9999,-9999,N/A,-9999,-9999,-9999,-9999,-9999,-9999,-9999,-9999,-9999
1471,604.702654,604.7024893106641,-9999,3067505.5,-9999,248604.9,20.74,-1,-9999,-9999,-9999,-9999,-9999,-9999,-9999,unassigned,N/A,-9999,-9999,N/A,-9999,-9999,-9999,-9999,-9999,-9999,-9999,-9999,-9999
1472,606.700399,606.7002328394688,-9999,1928937.6,-9999,244233,12.39,-1,-9999,-9999,-9999,-9999,-9999,-9999,-9999,unassigned,N/A,-9999,-9999,N/A,-9999,-9999,-9999,-9999,-9999,-9999,-9999,-9999,-9999
1474,608.937022,608.9368541923571,-9999,8100431,-9999,253749.2,57.57,-1,-9999,-9999,-9999,-9999,-9999,-9999,-9999,unassigned,N/A,-9999,-9999,N/A,-9999,-9999,-9999,-9999,-9999,-9999,-9999,-9999,-9999
1476,611.662146,611.6619761854998,-9999,4862857,-9999,261827.2,33.85,-1,-9999,-9999,-9999,-9999,-9999,-9999,-9999,unassigned,N/A,-9999,-9999,N/A,-9999,-9999,-9999,-9999,-9999,-9999,-9999,-9999,-9999
1478,612.66071,612.6605394501294,-9999,3703545.8,-9999,278718.2,25.35,-1,-9999,-9999,-9999,-9999,-9999,-9999,-9999,unassigned,N/A,-9999,-9999,N/A,-9999,-9999,-9999,-9999,-9999,-9999,-9999,-9999,-9999
1479,620.918511,620.9183343688542,-9999,10110103,-9999,215615.9,66.64,-1,-9999,-9999,-9999,-9999,-9999,-9999,-9999,unassigned,N/A,-9999,-9999,N/A,-9999,-9999,-9999,-9999,-9999,-9999,-9999,-9999,-9999
1480,622.916545,622.9163668974462,-9999,10124303,-9999,215758.6,66.72,-1,-9999,-9999,-9999,-9999,-9999,-9999,-9999,unassigned,N/A,-9999,-9999,N/A,-9999,-9999,-9999,-9999,-9999,-9999,-9999,-9999,-9999
1484,634.978822,634.9786350144487,-9999,3011450.5,-9999,264346.1,18.57,-1,-9999,-9999,-9999,-9999,-9999,-9999,-9999,unassigned,N/A,-9999,-9999,N/A,-9999,-9999,-9999,-9999,-9999,-9999,-9999,-9999,-9999
1486,644.638844,644.6386499005388,-9999,4977697,-9999,244250.2,29.36,-1,-9999,-9999,-9999,-9999,-9999,-9999,-9999,unassigned,N/A,-9999,-9999,N/A,-9999,-9999,-9999,-9999,-9999,-9999,-9999,-9999,-9999
1487,646.636856,646.636660429147,-9999,8854736,-9999,204651.1,53.54,-1,-9999,-9999,-9999,-9999,-9999,-9999,-9999,unassigned,N/A,-9999,-9999,N/A,-9999,-9999,-9999,-9999,-9999,-9999,-9999,-9999,-9999
1488,648.634694,648.6344969578834,-9999,9096596,-9999,217362.5,55.03,-1,-9999,-9999,-9999,-9999,-9999,-9999,-9999,unassigned,N/A,-9999,-9999,N/A,-9999,-9999,-9999,-9999,-9999,-9999,-9999,-9999,-9999
1489,648.65232,648.6521229449031,-9999,2861480.5,-9999,261423.7,16.12,-1,-9999,-9999,-9999,-9999,-9999,-9999,-9999,unassigned,N/A,-9999,-9999,N/A,-9999,-9999,-9999,-9999,-9999,-9999,-9999,-9999,-9999
1490,650.632608,650.6324094865637,-9999,5600879,-9999,242624.4,33.2,-1,-9999,-9999,-9999,-9999,-9999,-9999,-9999,unassigned,N/A,-9999,-9999,N/A,-9999,-9999,-9999,-9999,-9999,-9999,-9999,-9999,-9999
1491,650.650192,650.6499934736144,-9999,3316355.3,-9999,223518.6,18.95,-1,-9999,-9999,-9999,-9999,-9999,-9999,-9999,unassigned,N/A,-9999,-9999,N/A,-9999,-9999,-9999,-9999,-9999,-9999,-9999,-9999,-9999
1501,666.759915,666.7597046099646,-9999,2462675.8,-9999,223148,12.23,-1,-9999,-9999,-9999,-9999,-9999,-9999,-9999,unassigned,N/A,-9999,-9999,N/A,-9999,-9999,-9999,-9999,-9999,-9999,-9999,-9999,-9999
1502,668.757518,668.757306138874,-9999,3091038.8,-9999,240142.9,15.77,-1,-9999,-9999,-9999,-9999,-9999,-9999,-9999,unassigned,N/A,-9999,-9999,N/A,-9999,-9999,-9999,-9999,-9999,-9999,-9999,-9999,-9999
1504,670.755434,670.755220667553,-9999,2479099,-9999,242158.9,12.3,-1,-9999,-9999,-9999,-9999,-9999,-9999,-9999,unassigned,N/A,-9999,-9999,N/A,-9999,-9999,-9999,-9999,-9999,-9999,-9999,-9999,-9999
1510,692.68933,692.6891005148196,-9999,6465854,-9999,233813.5,31.4,-1,-9999,-9999,-9999,-9999,-9999,-9999,-9999,unassigned,N/A,-9999,-9999,N/A,-9999,-9999,-9999,-9999,-9999,-9999,-9999,-9999,-9999
1511,692.771594,692.7713644542382,-9999,3185065.5,-9999,219244.3,14.6,-1,-9999,-9999,-9999,-9999,-9999,-9999,-9999,unassigned,N/A,-9999,-9999,N/A,-9999,-9999,-9999,-9999,-9999,-9999,-9999,-9999,-9999
