Index,Mass,Calibrated_Mass,Calculated_Mass,Peak_Height,Peak_Area,Resolving_Power,S_N,Ion_Charge,Error_ppm,Error_Score,Isotopologue_Similarity,Confidence_Score,DBE,HtoC_ratio,OtoC_ratio,Heteroatom_Class,Ion_Type,Is_Isotopologue,Mono_Isotopic_Index,Molecular_Formula,C,H,O,N,P,S,13C,34S
4,285.126108,285.12605991346254,285.1261197656691,1366826.9,-9999,453635.5,21.44,-1,-0.20991484964885737,0.9920364789822224,0,0.5952218873893335,4,1.6428571428571428,0.2857142857142857,P1 O4,de-protonated,0,-9999,C14 H23 O4 P1,14,23,4,-9999,1,-9999,-9999,N/A
5,293.103196,293.10314865484884,293.1030618452391,1162422.1,-9999,526586,17.71,-1,0.29617435312377793,0.9842094565702466,0,0.5905256739421479,7,1.2,0.4,O6,de-protonated,0,-9999,C15 H18 O6,15,18,6,-9999,-9999,-9999,-9999,N/A
6,293.174932,293.17488466151593,293.17480129273906,1456699.9,-9999,616920.7,22.7,-1,0.28436542466412235,0.9854345070364988,0,0.5912607042218992,1,2.4545454545454546,0.2727272727272727,N4 P1 O3,de-protonated,0,-9999,C11 H27 O3 N4 P1,11,27,3,4,1,-9999,-9999,N/A
7,293.175628,293.1755806615806,293.1758328639391,3268668,-9999,478935.6,53.4,-1,-0.8602426605350602,0.8743494180269747,0,0.5246096508161848,5,1.5294117647058822,0.2352941176470588,O4,de-protonated,0,-9999,C17 H26 O4,17,26,4,-9999,-9999,-9999,-9999,N/A
8,295.082195,295.0821478387759,295.0823264003491,1261461.8,-9999,399058.4,19.39,-1,-0.6051245947920006,0.9357170797940536,0,0.5614302478764323,7,1.1428571428571428,0.5,O7,de-protonated,0,-9999,C14 H16 O7,14,16,7,-9999,-9999,-9999,-9999,N/A
8,295.082195,295.0821478387759,295.0821642090191,1261461.8,-9999,399058.4,19.39,-1,-0.05547689825907307,0.9994417137745736,0,0.5996650282647442,2,2.3333333333333335,0.1111111111111111,N4 S2 P1 O1,de-protonated,0,-9999,C9 H21 O1 N4 P1 S2,9,21,1,4,1,2,-9999,N/A
9,295.118533,295.1184858421531,295.1187119096991,1198168.6,-9999,620864.9,18.31,-1,-0.7660224066768728,0.8989999194853032,0,0.5393999516911819,6,1.3333333333333333,0.4,O6,de-protonated,0,-9999,C15 H20 O6,15,20,6,-9999,-9999,-9999,-9999,N/A
10,295.118867,295.11881984218417,295.1187119096991,1117016.6,-9999,707363.3,16.94,-1,0.36572565797341927,0.9760224257288862,0,0.5856134554373317,6,1.3333333333333333,0.4,O6,de-protonated,0,-9999,C15 H20 O6,15,20,6,-9999,-9999,-9999,-9999,N/A
11,297.061366,297.061319022719,297.06159095545905,858997.8,-9999,622796,12.49,-1,-0.915408616786263,0.858946115463034,0,0.5153676692778204,7,1.0769230769230769,0.6153846153846154,O8,de-protonated,0,-9999,C13 H14 O8,13,14,8,-9999,-9999,-9999,-9999,N/A
11,297.061366,297.061319022719,297.06142876412906,858997.8,-9999,622796,12.49,-1,-0.3694232891224607,0.9755411372662594,0,0.5853246823597555,2,2.375,0.25,N4 S2 P1 O2,de-protonated,0,-9999,C8 H19 O2 N4 P1 S2,8,19,2,4,1,2,-9999,N/A
13,297.098135,297.0980880261363,297.0979764648091,1329016.8,-9999,574746.6,20.4,-1,0.37550349046829706,0.9747397314002176,0,0.5848438388401305,6,1.2857142857142858,0.5,O7,de-protonated,0,-9999,C14 H18 O7,14,18,7,-9999,-9999,-9999,-9999,N/A
14,297.152795,297.1527480312164,297.1529894187691,1396605.1,-9999,524813.6,21.54,-1,-0.8123342564299035,0.887154952509954,0,0.5322929715059724,4,1.625,0.1875,S1 O3,de-protonated,0,-9999,C16 H26 O3 S1,16,26,3,-9999,-9999,1,-9999,N/A
15,299.077044,299.076997210055,299.0772410199191,1060249.9,-9999,545398.7,15.87,-1,-0.8152070121689641,0.8864026373521138,0,0.5318415824112682,6,1.2307692307692308,0.6153846153846154,O8,de-protonated,0,-9999,C13 H16 O8,13,16,8,-9999,-9999,-9999,-9999,N/A
16,299.077491,299.0774442100966,299.0772410199191,924057.9,-9999,618907.8,13.58,-1,0.6793903033488357,0.919659776922552,0,0.5517958661535312,6,1.2307692307692308,0.6153846153846154,O8,de-protonated,0,-9999,C13 H16 O8,13,16,8,-9999,-9999,-9999,-9999,N/A
17,299.113575,299.1135282134502,299.1136265292691,1112668.8,-9999,464099.9,16.76,-1,-0.3286905382063214,0.9805876374361098,0,0.5883525824616659,5,1.4285714285714286,0.5,O7,de-protonated,0,-9999,C14 H20 O7,14,20,7,-9999,-9999,-9999,-9999,N/A
18,305.066582,305.0665357667194,305.0666763358891,999182.1,-9999,545530.4,14.74,-1,-0.460781791579319,0.9622074957033924,0,0.5773244974220354,9,0.9333333333333332,0.4666666666666667,O7,de-protonated,0,-9999,C15 H14 O7,15,14,7,-9999,-9999,-9999,-9999,N/A
18,305.066582,305.0665357667194,305.0665141445591,999182.1,-9999,545530.4,14.74,-1,0.07087687214322112,0.9990889022004058,0,0.5994533413202434,4,1.9,0.1,N4 S2 P1 O1,de-protonated,0,-9999,C10 H19 O1 N4 P1 S2,10,19,1,4,1,2,-9999,N/A
19,305.102845,305.1027987700897,305.1030618452391,1337873.3,-9999,689485.9,20.41,-1,-0.8622501125167668,0.8738010082446556,0,0.5242806049467933,8,1.125,0.375,O6,de-protonated,0,-9999,C16 H18 O6,16,18,6,-9999,-9999,-9999,-9999,N/A
20,307.045751,307.04570495066235,307.0459408909991,925113.8,-9999,677016.7,13.41,-1,-0.7684203088228082,0.8983999203130351,0,0.539039952187821,9,0.8571428571428571,0.5714285714285714,O8,de-protonated,0,-9999,C14 H12 O8,14,12,8,-9999,-9999,-9999,-9999,N/A
20,307.045751,307.04570495066235,307.0457786996691,925113.8,-9999,677016.7,13.41,-1,-0.24018896153913943,0.9895866893939326,0,0.5937520136363595,4,1.8888888888888888,0.2222222222222222,N4 S2 P1 O2,de-protonated,0,-9999,C9 H17 O2 N4 P1 S2,9,17,2,4,1,2,-9999,N/A
21,307.081462,307.08141595398126,307.08129482914904,853820.9,-9999,623500.9,12.23,-1,0.3944389784036056,0.9721645788473744,0,0.5832987473084246,4,1.8888888888888888,0.6666666666666666,N4 P1 O6,de-protonated,0,-9999,C9 H17 O6 N4 P1,9,17,6,4,1,-9999,-9999,N/A
22,307.082197,307.0821509540496,307.0823264003491,1536573,-9999,449401.6,23.58,-1,-0.57133310640837,0.9424911442628644,0,0.5654946865577186,8,1.0666666666666669,0.4666666666666667,O7,de-protonated,0,-9999,C15 H16 O7,15,16,7,-9999,-9999,-9999,-9999,N/A
22,307.082197,307.0821509540496,307.0821642090191,1536573,-9999,449401.6,23.58,-1,-0.04316424403273716,0.999661990661962,0,0.5997971943971772,3,2.1,0.1,N4 S2 P1 O1,de-protonated,0,-9999,C10 H21 O1 N4 P1 S2,10,21,1,4,1,2,-9999,N/A
23,307.118649,307.1186029574374,307.1187119096991,1335232.1,-9999,369630.8,20.23,-1,-0.35475618199173364,0.9774230897758116,0,0.586453853865487,7,1.25,0.375,O6,de-protonated,0,-9999,C16 H20 O6,16,20,6,-9999,-9999,-9999,-9999,N/A
24,309.061482,309.0614361380033,309.06159095545905,1425516.8,-9999,670814.4,21.73,-1,-0.5009275183665021,0.955490340551764,0,0.5732942043310583,8,1,0.5714285714285714,O8,de-protonated,0,-9999,C14 H14 O8,14,14,8,-9999,-9999,-9999,-9999,N/A
24,309.061482,309.0614361380033,309.06142876412906,1425516.8,-9999,670814.4,21.73,-1,0.02385892746683656,0.9998967159561942,0,0.5999380295737166,3,2.111111111111111,0.2222222222222222,N4 S2 P1 O2,de-protonated,0,-9999,C9 H19 O2 N4 P1 S2,9,19,2,4,1,2,-9999,N/A
25,309.097168,309.0971221413199,309.0969448936091,1206896,-9999,710392.5,18.1,-1,0.5734372783868827,0.9420792973458446,0,0.5652475784075067,3,2.111111111111111,0.6666666666666666,N4 P1 O6,de-protonated,0,-9999,C9 H19 O6 N4 P1,9,19,6,4,1,-9999,-9999,N/A
26,309.097854,309.09780814138367,309.0979764648091,2334064,-9999,525119.1,36.84,-1,-0.5445633367342645,0.9476135876408548,0,0.5685681525845128,7,1.2,0.4666666666666667,O7,de-protonated,0,-9999,C15 H18 O7,15,18,7,-9999,-9999,-9999,-9999,N/A
26,309.097854,309.09780814138367,309.09781427347906,2334064,-9999,525119.1,36.84,-1,-0.01983868895240851,0.9999285891409369,0,0.599957153484562,2,2.3,0.1,N4 S2 P1 O1,de-protonated,0,-9999,C10 H23 O1 N4 P1 S2,10,23,1,4,1,2,-9999,N/A
27,309.134308,309.1342621447717,309.13436197415905,1275891.4,-9999,424266.6,19.24,-1,-0.322932030961173,0.981255510815388,0,0.5887533064892327,6,1.375,0.375,O6,de-protonated,0,-9999,C16 H22 O6,16,22,6,-9999,-9999,-9999,-9999,N/A
28,311.040796,311.04075032195965,311.0408555105691,938529.4,-9999,739508.6,13.63,-1,-0.3381826135543832,0.979462008453758,0,0.5876772050722548,8,0.9230769230769232,0.6923076923076923,O9,de-protonated,0,-9999,C13 H12 O9,13,12,9,-9999,-9999,-9999,-9999,N/A
28,311.040796,311.04075032195965,311.0406933192391,938529.4,-9999,739508.6,13.63,-1,0.18326451096911803,0.99392441746668,0,0.596354650480008,3,2.125,0.375,N4 S2 P1 O3,de-protonated,0,-9999,C8 H17 O3 N4 P1 S2,8,17,3,4,1,2,-9999,N/A
29,311.076359,311.0763133252649,311.07620944871906,962212.7,-9999,632419.5,14.02,-1,0.33392635849648716,0.979970544192902,0,0.5879823265157411,3,2.125,0.875,N4 P1 O7,de-protonated,0,-9999,C8 H17 O7 N4 P1,8,17,7,4,1,-9999,-9999,N/A
30,311.077043,311.0769973253284,311.0772410199191,1970980.8,-9999,660436.8,30.8,-1,-0.7833893275708831,0.8946212379999446,0,0.5367727427999668,7,1.1428571428571428,0.5714285714285714,O8,de-protonated,0,-9999,C14 H16 O8,14,16,8,-9999,-9999,-9999,-9999,N/A
30,311.077043,311.0769973253284,311.0770788285891,1970980.8,-9999,660436.8,30.8,-1,-0.2620034268699974,0.987621561579856,0,0.5925729369479136,2,2.3333333333333335,0.2222222222222222,N4 S2 P1 O2,de-protonated,0,-9999,C9 H21 O2 N4 P1 S2,9,21,2,4,1,2,-9999,N/A
31,311.077375,311.0773293253593,311.0772410199191,1777764.8,-9999,328340.5,27.59,-1,0.2838698193596038,0.9854848636832998,0,0.5912909182099798,7,1.1428571428571428,0.5714285714285714,O8,de-protonated,0,-9999,C14 H16 O8,14,16,8,-9999,-9999,-9999,-9999,N/A
31,311.077375,311.0773293253593,311.0770788285891,1777764.8,-9999,328340.5,27.59,-1,0.805256276514797,0.8889998932618787,0,0.5333999359571272,2,2.3333333333333335,0.2222222222222222,N4 S2 P1 O2,de-protonated,0,-9999,C9 H21 O2 N4 P1 S2,9,21,2,4,1,2,-9999,N/A
32,311.112913,311.11286732866216,311.1125949580691,1003048.1,-9999,1038288.9,14.7,-1,0.8754727306645461,0.8701655486482466,0,0.522099329188948,2,2.3333333333333335,0.6666666666666666,N4 P1 O6,de-protonated,0,-9999,C9 H21 O6 N4 P1,9,21,6,4,1,-9999,-9999,N/A
33,311.11349,311.11344432871584,311.1136265292691,2647080,-9999,566515.4,42.04,-1,-0.5856399003571852,0.939664672641891,0,0.5637988035851346,6,1.3333333333333333,0.4666666666666667,O7,de-protonated,0,-9999,C15 H20 O7,15,20,7,-9999,-9999,-9999,-9999,N/A
33,311.11349,311.11344432871584,311.1134643379391,2647080,-9999,566515.4,42.04,-1,-0.06431487396902842,0.9992497366954832,0,0.59954984201729,1,2.5,0.1,N4 S2 P1 O1,de-protonated,0,-9999,C10 H25 O1 N4 P1 S2,10,25,1,4,1,2,-9999,N/A
35,311.168563,311.16851733383425,311.16863948322913,4651053,-9999,507127.2,75.37,-1,-0.3925504674448145,0.9839014443061134,0.9485520986878077,0.9697617060587912,4,1.6470588235294117,0.17647058823529413,S1 O3,de-protonated,0,-9999,C17 H28 O3 S1,17,28,3,-9999,-9999,1,-9999,N/A
37,312.17199,312.1719444270922,312.17199431829914,1212299,-9999,469176.3,18.06,-1,-0.15981961169288453,0.995376104987758,0.9485520986878077,0.9766465024677778,4,1.75,0.1875,13C1 S1 O3,de-protonated,1,35,C16 H28 O3 S1 13C1,16,28,3,-9999,-9999,1,1,N/A
37,312.17199,312.1719444270922,312.1717505413991,1212299,-9999,469176.3,18.06,-1,0.6210866063306419,0.9323998135968308,0,0.5594398881580984,9,1.2777777777777777,0.1111111111111111,N3 O2,de-protonated,0,-9999,C18 H23 O2 N3,18,23,2,3,-9999,-9999,-9999,N/A
38,313.056437,313.05639150929227,313.0565055750291,1203422.9,-9999,589679.8,17.91,-1,-0.3643614964743664,0.976198823609367,0,0.5857192941656202,7,1.0769230769230769,0.6923076923076923,O9,de-protonated,0,-9999,C13 H14 O9,13,14,9,-9999,-9999,-9999,-9999,N/A
38,313.056437,313.05639150929227,313.056343383699,1203422.9,-9999,589679.8,17.91,-1,0.1537282162455636,0.9957211191211104,0,0.5974326714726662,2,2.375,0.375,N4 S2 P1 O3,de-protonated,0,-9999,C8 H19 O3 N4 P1 S2,8,19,3,4,1,2,-9999,N/A
39,313.056858,313.05681250933134,313.0565055750291,859998.9,-9999,612815.4,12.24,-1,0.98044377532546,0.839943057553679,0,0.5039658345322074,7,1.0769230769230769,0.6923076923076923,O9,de-protonated,0,-9999,C13 H14 O9,13,14,9,-9999,-9999,-9999,-9999,N/A
39,313.056858,313.05681250933134,313.0569948323791,859998.9,-9999,612815.4,12.24,-1,-0.5823957002975952,0.9403109809643272,0,0.5641865885785963,11,0.9375,0.0625,N2 S1 P1 O1,de-protonated,0,-9999,C16 H15 O1 N2 P1 S1,16,15,1,2,1,1,-9999,N/A
40,313.092146,313.09210051261107,313.0918595131791,1062370.3,-9999,693223.6,15.58,-1,0.7697403322949761,0.8980689973660496,0,0.5388413984196297,2,2.375,0.875,N4 P1 O7,de-protonated,0,-9999,C8 H19 O7 N4 P1,8,19,7,4,1,-9999,-9999,N/A
41,313.092884,313.09283851267963,313.0928910843791,2289634.3,-9999,407403.6,35.86,-1,-0.1679108692065206,0.9948972881435342,0,0.5969383728861205,6,1.2857142857142858,0.5714285714285714,O8,de-protonated,0,-9999,C14 H18 O8,14,18,8,-9999,-9999,-9999,-9999,N/A
42,313.12919,313.1291445160539,313.12927659372906,1277413.8,-9999,550752.2,19.14,-1,-0.4217991898176565,0.9682331506882444,0,0.5809398904129466,5,1.4666666666666666,0.4666666666666667,O7,de-protonated,0,-9999,C15 H22 O7,15,22,7,-9999,-9999,-9999,-9999,N/A
43,315.072121,315.0720756966288,315.0721556394891,1048738.5,-9999,485347.5,15.35,-1,-0.2537287375316711,0.9883866091892148,0,0.5930319655135289,6,1.2307692307692308,0.6923076923076923,O9,de-protonated,0,-9999,C13 H16 O9,13,16,9,-9999,-9999,-9999,-9999,N/A
44,315.108418,315.10837270000223,315.10854114883904,1098534.1,-9999,580907.8,16.18,-1,-0.5345740111919592,0.9494689246370368,0,0.5696813547822221,5,1.4285714285714286,0.5714285714285714,O8,de-protonated,0,-9999,C14 H20 O8,14,20,8,-9999,-9999,-9999,-9999,N/A
46,317.066553,317.0665078819903,317.0666763358891,1314922.9,-9999,579200.5,19.75,-1,-0.5312885629282081,0.9500724123226608,0,0.5700434473935965,10,0.875,0.4375,O7,de-protonated,0,-9999,C16 H14 O7,16,14,7,-9999,-9999,-9999,-9999,N/A
46,317.066553,317.0665078819903,317.0665141445591,1314922.9,-9999,579200.5,19.75,-1,-0.019751593284497,0.999929214757303,0,0.5999575288543818,5,1.7272727272727273,0.09090909090909093,N4 S2 P1 O1,de-protonated,0,-9999,C11 H19 O1 N4 P1 S2,11,19,1,4,1,2,-9999,N/A
47,317.103041,317.10299588538146,317.1030618452391,924846.6,-9999,424468.1,13.3,-1,-0.20800763402415703,0.9921799646120733,0,0.5953079787672438,9,1.0588235294117647,0.35294117647058826,O6,de-protonated,0,-9999,C17 H18 O6,17,18,6,-9999,-9999,-9999,-9999,N/A
48,319.082216,319.08217106932494,319.0823264003491,1475388.9,-9999,583091.3,22.24,-1,-0.4868054770827964,0.9579117424673502,0,0.5747470454804101,9,1,0.4375,O7,de-protonated,0,-9999,C16 H16 O7,16,16,7,-9999,-9999,-9999,-9999,N/A
48,319.082216,319.08217106932494,319.0821642090191,1475388.9,-9999,583091.3,22.24,-1,0.0215001232563311,0.9999161279005288,0,0.5999496767403173,4,1.9090909090909092,0.09090909090909093,N4 S2 P1 O1,de-protonated,0,-9999,C11 H21 O1 N4 P1 S2,11,21,1,4,1,2,-9999,N/A
49,319.082642,319.0825970693645,319.0823264003491,1233980.9,-9999,673779.6,18.28,-1,0.8482732920026474,0.877599805431071,0,0.5265598832586426,9,1,0.4375,O7,de-protonated,0,-9999,C16 H16 O7,16,16,7,-9999,-9999,-9999,-9999,N/A
50,319.118707,319.11866207271635,319.1187119096991,1262912.8,-9999,525432.9,18.76,-1,-0.15617066898803394,0.9955843752382704,0,0.5973506251429622,8,1.1764705882352942,0.35294117647058826,O6,de-protonated,0,-9999,C17 H20 O6,17,20,6,-9999,-9999,-9999,-9999,N/A
51,321.061586,321.06154125328646,321.06159095545905,1735699,-9999,444595.3,26.51,-1,-0.15480572572147128,0.9956610567470812,0,0.5973966340482487,9,0.9333333333333332,0.5333333333333333,O8,de-protonated,0,-9999,C15 H14 O8,15,14,8,-9999,-9999,-9999,-9999,N/A
51,321.061586,321.06154125328646,321.0614287641291,1735699,-9999,444595.3,26.51,-1,0.35036646344724615,0.9779722002450288,0,0.5867833201470172,4,1.9,0.2,N4 S2 P1 O2,de-protonated,0,-9999,C10 H19 O2 N4 P1 S2,10,19,2,4,1,2,-9999,N/A
52,321.097223,321.09717825659857,321.0969448936091,1106711,-9999,569631.6,16.19,-1,0.7267680157092021,0.9086096555093388,0,0.5451657933056032,4,1.9,0.6,N4 P1 O6,de-protonated,0,-9999,C10 H19 O6 N4 P1,10,19,6,4,1,-9999,-9999,N/A
53,321.097941,321.0978962566653,321.0979764648091,2185111,-9999,503369.5,33.88,-1,-0.24979336426431772,0.9887420466749453,0,0.593245228004967,8,1.125,0.4375,O7,de-protonated,0,-9999,C16 H18 O7,16,18,7,-9999,-9999,-9999,-9999,N/A
53,321.097941,321.0978962566653,321.09781427347906,2185111,-9999,503369.5,33.88,-1,0.2553215332036182,0.9882412074925327,0,0.5929447244955197,3,2.090909090909091,0.09090909090909093,N4 S2 P1 O1,de-protonated,0,-9999,C11 H23 O1 N4 P1 S2,11,23,1,4,1,2,-9999,N/A
54,321.134303,321.13425826004476,321.13436197415905,1627419,-9999,428194.4,24.73,-1,-0.3229617461401508,0.981252093582074,0,0.5887512561492443,7,1.2941176470588236,0.35294117647058826,O6,de-protonated,0,-9999,C17 H22 O6,17,22,6,-9999,-9999,-9999,-9999,N/A
55,323.040851,323.0408064372383,323.0408555105691,882673.6,-9999,457284.8,12.35,-1,-0.15191060185892227,0.995821493691336,0,0.5974928962148016,9,0.8571428571428571,0.6428571428571429,O9,de-protonated,0,-9999,C14 H12 O9,14,12,9,-9999,-9999,-9999,-9999,N/A
55,323.040851,323.0408064372383,323.0406933192391,882673.6,-9999,457284.8,12.35,-1,0.3501664079639118,0.977997069618142,0,0.5867982417708852,4,1.8888888888888888,0.3333333333333333,N4 S2 P1 O3,de-protonated,0,-9999,C9 H17 O3 N4 P1 S2,9,17,3,4,1,2,-9999,N/A
56,323.076408,323.076363440543,323.07620944871906,1323509.8,-9999,615073.4,19.49,-1,0.4766424126329306,0.9596151481467016,0,0.575769088888021,4,1.8888888888888888,0.7777777777777778,N4 P1 O7,de-protonated,0,-9999,C9 H17 O7 N4 P1,9,17,7,4,1,-9999,-9999,N/A
57,323.077232,323.0771874406195,323.0772410199191,2392565.8,-9999,477124.2,36.81,-1,-0.16584052591101878,0.9950220336053214,0,0.5970132201631928,8,1.0666666666666669,0.5333333333333333,O8,de-protonated,0,-9999,C15 H16 O8,15,16,8,-9999,-9999,-9999,-9999,N/A
57,323.077232,323.0771874406195,323.0770788285891,2392565.8,-9999,477124.2,36.81,-1,0.3361799321220242,0.9797020574806288,0,0.5878212344883772,3,2.1,0.2,N4 S2 P1 O2,de-protonated,0,-9999,C10 H21 O2 N4 P1 S2,10,21,2,4,1,2,-9999,N/A
58,323.112925,323.11288044393683,323.1125949580691,1680889.9,-9999,662001.5,25.28,-1,0.8835491781373731,0.867925343981642,0,0.5207552063889852,3,2.1,0.6,N4 P1 O6,de-protonated,0,-9999,C10 H21 O6 N4 P1,10,21,6,4,1,-9999,-9999,N/A
59,323.113796,323.11375144401774,323.1136265292691,2865914,-9999,359544.8,44.47,-1,0.3865969689828809,0.9732455979137448,0,0.5839473587482469,7,1.25,0.4375,O7,de-protonated,0,-9999,C16 H20 O7,16,20,7,-9999,-9999,-9999,-9999,N/A
59,323.113796,323.11375144401774,323.1134643379391,2865914,-9999,359544.8,44.47,-1,0.8885611722586829,0.8665277288055893,0,0.5199166372833536,2,2.272727272727273,0.09090909090909093,N4 S2 P1 O1,de-protonated,0,-9999,C11 H25 O1 N4 P1 S2,11,25,1,4,1,2,-9999,N/A
60,323.150001,323.14995644738264,323.1500120386191,1461502.1,-9999,545355.4,21.73,-1,-0.1720291950337861,0.9946445912103276,0,0.5967867547261966,6,1.411764705882353,0.35294117647058826,O6,de-protonated,0,-9999,C17 H24 O6,17,24,6,-9999,-9999,-9999,-9999,N/A
61,325.056547,325.056502624576,325.0565055750291,1635165.6,-9999,385495.6,24.54,-1,-0.00907673914502139,0.9999850510637056,0,0.5999910306382235,8,1,0.6428571428571429,O9,de-protonated,0,-9999,C14 H14 O9,14,14,9,-9999,-9999,-9999,-9999,N/A
61,325.056547,325.056502624576,325.056343383699,1635165.6,-9999,385495.6,24.54,-1,0.48988700032419374,0.9573887637259052,0,0.5744332582355431,3,2.111111111111111,0.3333333333333333,N4 S2 P1 O3,de-protonated,0,-9999,C9 H19 O3 N4 P1 S2,9,19,3,4,1,2,-9999,N/A
62,325.092207,325.0921626278902,325.0918595131791,1752545.9,-9999,455688.9,26.44,-1,0.932397112569976,0.8540675210430867,0,0.512440512625852,3,2.111111111111111,0.7777777777777778,N4 P1 O7,de-protonated,0,-9999,C9 H19 O7 N4 P1,9,19,7,4,1,-9999,-9999,N/A
63,325.092904,325.09285962795497,325.0928910843791,4277730,-9999,470254.3,67.34,-1,-0.09676134119251088,0.9983025822607766,0,0.598981549356466,7,1.2,0.5333333333333333,O8,de-protonated,0,-9999,C15 H18 O8,15,18,8,-9999,-9999,-9999,-9999,N/A
63,325.092904,325.09285962795497,325.09272889304907,4277730,-9999,470254.3,67.34,-1,0.4021465085974878,0.9710821500012564,0,0.5826492900007539,2,2.3,0.2,N4 S2 P1 O2,de-protonated,0,-9999,C10 H23 O2 N4 P1 S2,10,23,2,4,1,2,-9999,N/A
64,325.128422,325.128377631256,325.1282450225291,1489126.3,-9999,479081.9,22.17,-1,0.4078659081302113,0.970266189027972,0,0.5821597134167831,2,2.3,0.6,N4 P1 O6,de-protonated,0,-9999,C10 H23 O6 N4 P1,10,23,6,4,1,-9999,-9999,N/A
65,325.129253,325.12920863133326,325.12927659372906,2408934.3,-9999,536339.6,37.07,-1,-0.20903191652118483,0.9921030649474212,0,0.59526183896845275,6,1.375,0.4375,O7,de-protonated,0,-9999,C16 H22 O7,16,22,7,-9999,-9999,-9999,-9999,N/A
65,325.129253,325.12920863133326,325.12911440239907,2408934.3,-9999,536339.6,37.07,-1,0.28982004383416854,0.9848746529804824,0,0.5909247917882895,1,2.4545454545454546,0.09090909090909093,N4 S2 P1 O1,de-protonated,0,-9999,C11 H27 O1 N4 P1 S2,11,27,1,4,1,2,-9999,N/A
68,325.184262,325.18421763644574,325.18428954768905,6677997,-9999,383404.3,106.21,-1,-0.22113996777126116,0.9915801390425358,0.9936105106606498,0.9923922876897816,4,1.6666666666666667,0.16666666666666666,S1 O3,de-protonated,0,-9999,C18 H30 O3 S1,18,30,3,-9999,-9999,1,-9999,N/A
69,326.18762,326.1875757296973,326.1876443827591,1239654.5,-9999,569460.6,18.13,-1,-0.21047106780121877,0.9919943902761252,0.9936105106606498,0.992640838429935,4,1.7647058823529411,0.17647058823529413,13C1 S1 O3,de-protonated,1,68,C17 H30 O3 S1 13C1,17,30,3,-9999,-9999,1,1,N/A
69,326.18762,326.1875757296973,326.1874006058591,1239654.5,-9999,569460.6,18.13,-1,0.5368810623907484,0.9490431611738696,0,0.5694258967043218,9,1.3157894736842106,0.10526315789473684,N3 O2,de-protonated,0,-9999,C19 H25 O2 N3,19,25,2,3,-9999,-9999,-9999,N/A
72,327.072144,327.0720998119045,327.0721556394891,2560723.8,-9999,455899.8,39.52,-1,-0.1706888943458505,0.9947274959043744,0,0.5968364975426247,7,1.1428571428571428,0.6428571428571429,O9,de-protonated,0,-9999,C14 H16 O9,14,16,9,-9999,-9999,-9999,-9999,N/A
72,327.072144,327.0720998119045,327.07199344815905,2560723.8,-9999,455899.8,39.52,-1,0.32519979564586304,0.9809938495952822,0,0.5885963097571694,2,2.3333333333333335,0.3333333333333333,N4 S2 P1 O3,de-protonated,0,-9999,C9 H21 O3 N4 P1 S2,9,21,3,4,1,2,-9999,N/A
73,327.107678,327.107633815207,327.10750957763906,1637336.3,-9999,588608.7,24.57,-1,0.3798065293754471,0.9741650661138648,0,0.5844990396683187,2,2.3333333333333335,0.7777777777777778,N4 P1 O7,de-protonated,0,-9999,C9 H21 O7 N4 P1,9,21,7,4,1,-9999,-9999,N/A
74,327.108426,327.1083818152765,327.10854114883904,2716888.3,-9999,594604.2,42.05,-1,-0.4870969188454332,0.9578624097133048,0,0.5747174458279828,6,1.3333333333333333,0.5333333333333333,O8,de-protonated,0,-9999,C15 H20 O8,15,20,8,-9999,-9999,-9999,-9999,N/A
74,327.108426,327.1083818152765,327.1083789575091,2716888.3,-9999,594604.2,42.05,-1,0.00873645432758839,0.9999861509098388,0,0.5999916905459033,1,2.5,0.2,N4 S2 P1 O2,de-protonated,0,-9999,C10 H25 O2 N4 P1 S2,10,25,2,4,1,2,-9999,N/A
75,327.108893,327.10884881531996,327.10854114883904,2803672.3,-9999,420351.5,43.46,-1,0.9405638869619286,0.8517003873567904,0,0.5110202324140742,6,1.3333333333333333,0.5333333333333333,O8,de-protonated,0,-9999,C15 H20 O8,15,20,8,-9999,-9999,-9999,-9999,N/A
76,327.144978,327.1449338186736,327.1449266581891,972636.9,-9999,376156.1,13.8,-1,0.02188780551180308,0.9999130760617954,0,0.5999478456370771,5,1.5,0.4375,O7,de-protonated,0,-9999,C16 H24 O7,16,24,7,-9999,-9999,-9999,-9999,N/A
77,329.051428,329.0513839958581,329.0514201945991,1114063.9,-9999,676729.2,15.81,-1,-0.11000937471909364,0.9978065058849338,0,0.5986839035309602,7,1.0769230769230769,0.7692307692307693,O10,de-protonated,0,-9999,C13 H14 O10,13,14,10,-9999,-9999,-9999,-9999,N/A
77,329.051428,329.0513839958581,329.051258003269,1114063.9,-9999,676729.2,15.81,-1,0.3828965427050743,0.9737485715160726,0,0.5842491429096436,2,2.375,0.5,N4 S2 P1 O4,de-protonated,0,-9999,C8 H19 O4 N4 P1 S2,8,19,4,4,1,2,-9999,N/A
78,329.066696,329.06665199727706,329.0666763358891,899409.9,-9999,429387.4,12.4,-1,-0.07396255466216477,0.9990078847836824,0,0.5994047308702095,11,0.8235294117647058,0.4117647058823529,O7,de-protonated,0,-9999,C17 H14 O7,17,14,7,-9999,-9999,-9999,-9999,N/A
78,329.066696,329.06665199727706,329.0665141445591,899409.9,-9999,429387.4,12.4,-1,0.4189205283125601,0.9686584267817137,0,0.5811950560690282,6,1.5833333333333333,0.08333333333333333,N4 S2 P1 O1,de-protonated,0,-9999,C12 H19 O1 N4 P1 S2,12,19,1,4,1,2,-9999,N/A
79,329.087847,329.08780299924285,329.0878057039491,1822420.6,-9999,445170.9,27.09,-1,-0.00821879805970506,0.9999877434628412,0,0.5999926460777047,6,1.2857142857142858,0.6428571428571429,O9,de-protonated,0,-9999,C14 H18 O9,14,18,9,-9999,-9999,-9999,-9999,N/A
80,329.103117,329.10307300066205,329.1030618452391,911830.6,-9999,547118.9,12.59,-1,0.03389644232062873,0.9997915428504764,0,0.5998749257102859,10,1,0.3333333333333333,O6,de-protonated,0,-9999,C18 H18 O6,18,18,6,-9999,-9999,-9999,-9999,N/A
81,329.124164,329.12412000261816,329.12419121329907,1451225.4,-9999,555637,21.18,-1,-0.21636416530833477,0.9915417347491262,0,0.5949250408494757,5,1.4666666666666666,0.5333333333333333,O8,de-protonated,0,-9999,C15 H22 O8,15,22,8,-9999,-9999,-9999,-9999,N/A
83,331.046052,331.0460081812373,331.0459408909991,907992.7,-9999,336547.9,12.53,-1,0.2032655590148877,0.9925311366671816,0,0.5955186820003089,11,0.75,0.5,O8,de-protonated,0,-9999,C16 H12 O8,16,12,8,-9999,-9999,-9999,-9999,N/A
83,331.046052,331.0460081812373,331.0457786996691,907992.7,-9999,336547.9,12.53,-1,0.6932019164467572,0.9165017180846776,0,0.5499010308508064,6,1.5454545454545454,0.18181818181818185,N4 S2 P1 O2,de-protonated,0,-9999,C11 H17 O2 N4 P1 S2,11,17,2,4,1,2,-9999,N/A
84,331.082316,331.0822721846077,331.0823264003491,1458397.6,-9999,471935.7,21.29,-1,-0.16375305192379666,0.99514625987611,0,0.597087755925666,10,0.9411764705882352,0.4117647058823529,O7,de-protonated,0,-9999,C17 H16 O7,17,16,7,-9999,-9999,-9999,-9999,N/A
84,331.082316,331.0822721846077,331.0821642090191,1458397.6,-9999,471935.7,21.29,-1,0.3261292823286799,0.980886093983083,0,0.5885316563898498,5,1.75,0.08333333333333333,N4 S2 P1 O1,de-protonated,0,-9999,C12 H21 O1 N4 P1 S2,12,21,1,4,1,2,-9999,N/A
85,331.118744,331.11870018799334,331.1187119096991,1184226.5,-9999,575591.9,16.93,-1,-0.03540031206532108,0.9997726376060236,0,0.5998635825636142,9,1.1111111111111112,0.3333333333333333,O6,de-protonated,0,-9999,C18 H20 O6,18,20,6,-9999,-9999,-9999,-9999,N/A
86,333.061587,333.0615433685601,333.06159095545905,1728495.3,-9999,561459.4,25.59,-1,-0.14287717426655863,0.9963027786507206,0,0.5977816671904324,10,0.875,0.5,O8,de-protonated,0,-9999,C16 H14 O8,16,14,8,-9999,-9999,-9999,-9999,N/A
86,333.061587,333.0615433685601,333.0614287641291,1728495.3,-9999,561459.4,25.59,-1,0.3440939750585146,0.978745484836517,0,0.5872472909019102,5,1.7272727272727273,0.18181818181818185,N4 S2 P1 O2,de-protonated,0,-9999,C11 H19 O2 N4 P1 S2,11,19,2,4,1,2,-9999,N/A
88,333.097982,333.09793837194263,333.0979764648091,1926900.4,-9999,634687.8,28.75,-1,-0.11435934519826008,0.9976298165546542,0,0.5985778899327925,9,1.0588235294117647,0.4117647058823529,O7,de-protonated,0,-9999,C17 H18 O7,17,18,7,-9999,-9999,-9999,-9999,N/A
88,333.097982,333.09793837194263,333.09781427347906,1926900.4,-9999,634687.8,28.75,-1,0.37255862468967366,0.9751294332473934,0,0.5850776599484361,4,1.9166666666666667,0.08333333333333333,N4 S2 P1 O1,de-protonated,0,-9999,C12 H23 O1 N4 P1 S2,12,23,1,4,1,2,-9999,N/A
90,333.134326,333.1342823753204,333.13436197415905,1377529.5,-9999,467718.3,20,-1,-0.23893914201075608,0.9896942195359804,0,0.5938165317215882,8,1.2222222222222223,0.3333333333333333,O6,de-protonated,0,-9999,C18 H22 O6,18,22,6,-9999,-9999,-9999,-9999,N/A
92,335.040808,335.0407645525079,335.0408555105691,1012619.5,-9999,470161.1,14.19,-1,-0.27148349137537653,0.986715661698895,0,0.592029397019337,10,0.8,0.6,O9,de-protonated,0,-9999,C15 H12 O9,15,12,9,-9999,-9999,-9999,-9999,N/A
92,335.040808,335.0407645525079,335.0406933192391,1012619.5,-9999,470161.1,14.19,-1,0.21261079685065376,0.9918314567079464,0,0.5950988740247677,5,1.7,0.3,N4 S2 P1 O3,de-protonated,0,-9999,C10 H17 O3 N4 P1 S2,10,17,3,4,1,2,-9999,N/A
94,335.077373,335.0773295559062,335.0772410199191,2668816.8,-9999,401905.4,40.56,-1,0.26422560615629204,0.9874120286828818,0,0.592447217209729,9,1,0.5,O8,de-protonated,0,-9999,C16 H16 O8,16,16,8,-9999,-9999,-9999,-9999,N/A
94,335.077373,335.0773295559062,335.0770788285891,2668816.8,-9999,401905.4,40.56,-1,0.7482675866269224,0.9033963334081,0,0.5420378000448599,4,1.9090909090909092,0.18181818181818185,N4 S2 P1 O2,de-protonated,0,-9999,C11 H21 O2 N4 P1 S2,11,21,2,4,1,2,-9999,N/A
96,335.113682,335.1136385592807,335.1136265292691,2720022.3,-9999,338369.5,41.37,-1,0.03589830623765501,0.9997661965207312,0,0.5998597179124386,8,1.1764705882352942,0.4117647058823529,O7,de-protonated,0,-9999,C17 H20 O7,17,20,7,-9999,-9999,-9999,-9999,N/A
96,335.113682,335.1136385592807,335.1134643379391,2720022.3,-9999,338369.5,41.37,-1,0.5198876205262519,0.9521406435148448,0,0.5712843861089069,3,2.0833333333333335,0.08333333333333333,N4 S2 P1 O1,de-protonated,0,-9999,C12 H25 O1 N4 P1 S2,12,25,1,4,1,2,-9999,N/A
97,335.150048,335.15000456266057,335.1500120386191,1647899.5,-9999,560762.4,24.3,-1,-0.02230630536555983,0.9999097204241432,0,0.5999458322544858,7,1.3333333333333333,0.3333333333333333,O6,de-protonated,0,-9999,C18 H24 O6,18,24,6,-9999,-9999,-9999,-9999,N/A
99,337.05658,337.0565367398526,337.0565055750291,2236983.8,-9999,387513.9,33.09,-1,0.09246171778763644,0.998449967013346,0,0.5990699802080076,9,0.9333333333333332,0.6,O9,de-protonated,0,-9999,C15 H14 O9,15,14,9,-9999,-9999,-9999,-9999,N/A
99,337.05658,337.0565367398526,337.05634338369913,2236983.8,-9999,387513.9,33.09,-1,0.5736612209913321,0.9420353868235148,0,0.5652212320941088,4,1.9,0.3,N4 S2 P1 O3,de-protonated,0,-9999,C10 H19 O3 N4 P1 S2,10,19,3,4,1,2,-9999,N/A
100,337.092079,337.0920357431519,337.0918595131791,1908541.1,-9999,506282.4,27.95,-1,0.5227951011597399,0.9516170376555756,0,0.5709702225933453,4,1.9,0.7,N4 P1 O7,de-protonated,0,-9999,C10 H19 O7 N4 P1,10,19,7,4,1,-9999,-9999,N/A
101,337.092937,337.0928937432316,337.0928910843791,4211261.5,-9999,474336.9,63.98,-1,0.00788759590947432,0.99998871138444,0,0.5999932268306639,8,1.125,0.5,O8,de-protonated,0,-9999,C16 H18 O8,16,18,8,-9999,-9999,-9999,-9999,N/A
101,337.092937,337.0928937432316,337.09272889304907,4211261.5,-9999,474336.9,63.98,-1,0.4890351183142176,0.9575336417788588,0,0.5745201850673152,3,2.090909090909091,0.18181818181818185,N4 S2 P1 O2,de-protonated,0,-9999,C11 H23 O2 N4 P1 S2,11,23,2,4,1,2,-9999,N/A
103,337.129332,337.1292887466141,337.12927659372906,3884098.8,-9999,484906.3,58.86,-1,0.03604814504845907,0.9997642408958812,0,0.5998585445375287,7,1.2941176470588236,0.4117647058823529,O7,de-protonated,0,-9999,C17 H22 O7,17,22,7,-9999,-9999,-9999,-9999,N/A
103,337.129332,337.1292887466141,337.12911440239907,3884098.8,-9999,484906.3,58.86,-1,0.5171437517734999,0.9526323685056396,0,0.5715794211033838,2,2.25,0.08333333333333333,N4 S2 P1 O1,de-protonated,0,-9999,C12 H27 O1 N4 P1 S2,12,27,1,4,1,2,-9999,N/A
104,337.165969,337.16592575001914,337.1656621030791,1075144.4,-9999,327054.5,14.91,-1,0.7819507430938392,0.8949868545396262,0,0.5369921127237757,6,1.4444444444444444,0.3333333333333333,O6,de-protonated,0,-9999,C18 H26 O6,18,26,6,-9999,-9999,-9999,-9999,N/A
105,339.035861,339.0358179238059,339.03577013013904,1152297,-9999,353117.2,16.12,-1,0.14096939338689113,0.9964006777385224,0,0.5978404066431133,9,0.8571428571428571,0.7142857142857143,O10,de-protonated,0,-9999,C14 H12 O10,14,12,10,-9999,-9999,-9999,-9999,N/A
105,339.035861,339.0358179238059,339.03560793880905,1152297,-9999,353117.2,16.12,-1,0.6193597130393562,0.932762293462268,0,0.5596573760773609,4,1.8888888888888888,0.4444444444444444,N4 S2 P1 O4,de-protonated,0,-9999,C9 H17 O4 N4 P1 S2,9,17,4,4,1,2,-9999,N/A
106,339.071382,339.07133892710726,339.07112406828907,1829998.6,-9999,523492.9,26.72,-1,0.6336688763666126,0.9297326343268228,0,0.5578395805960936,4,1.8888888888888888,0.8888888888888888,N4 P1 O8,de-protonated,0,-9999,C9 H17 O8 N4 P1,9,17,8,4,1,-9999,-9999,N/A
107,339.072291,339.0722479271917,339.0721556394891,3620718.8,-9999,456104.5,54.74,-1,0.272177178453664,0.9866481432415202,0,0.5919888859449121,8,1.0666666666666669,0.6,O9,de-protonated,0,-9999,C15 H16 O9,15,16,9,-9999,-9999,-9999,-9999,N/A
107,339.072291,339.0722479271917,339.07199344815905,3620718.8,-9999,456104.5,54.74,-1,0.7505162254024673,0.9028440550090274,0,0.5417064330054164,3,2.1,0.3,N4 S2 P1 O3,de-protonated,0,-9999,C10 H21 O3 N4 P1 S2,10,21,3,4,1,2,-9999,N/A
108,339.107882,339.1078389304995,339.10750957763906,2181236.3,-9999,502101.9,32.21,-1,0.9712343464269784,0.8426868606845089,0,0.5056121164107054,3,2.1,0.7,N4 P1 O7,de-protonated,0,-9999,C10 H21 O7 N4 P1,10,21,7,4,1,-9999,-9999,N/A
109,339.108638,339.1085949305697,339.10854114883904,6081396.5,-9999,383434.9,93.23,-1,0.15859739333821876,0.4977231981319245,0.8524773804394659,0.639624871054941,7,1.25,0.5,O8,de-protonated,0,-9999,C16 H20 O8,16,20,8,-9999,-9999,-9999,-9999,N/A
109,339.108638,339.1085949305697,339.1083789575091,6081396.5,-9999,383434.9,93.23,-1,0.6368850610044987,0.9290435299838145,0,0.5574261179902886,2,2.272727272727273,0.18181818181818185,N4 S2 P1 O2,de-protonated,0,-9999,C11 H25 O2 N4 P1 S2,11,25,2,4,1,2,-9999,N/A
110,339.144151,339.1441079338703,339.14389508698906,1119866,-9999,601273.1,15.61,-1,0.6276005092167195,0.9310247256537332,0,0.5586148353922398,2,2.272727272727273,0.5454545454545454,N4 P1 O6,de-protonated,0,-9999,C11 H25 O6 N4 P1,11,25,6,4,1,-9999,-9999,N/A
111,339.145009,339.14496593395006,339.1449266581891,2421370.3,-9999,300924.9,35.97,-1,0.11580819255018156,0.9975694527211304,0,0.5985416716326781,6,1.411764705882353,0.4117647058823529,O7,de-protonated,0,-9999,C17 H24 O7,17,24,7,-9999,-9999,-9999,-9999,N/A
111,339.145009,339.14496593395006,339.14476446685904,2421370.3,-9999,300924.9,35.97,-1,0.5940445264835591,0.937975708701252,0,0.5627854252207511,1,2.4166666666666665,0.08333333333333333,N4 S2 P1 O1,de-protonated,0,-9999,C12 H29 O1 N4 P1 S2,12,29,1,4,1,2,-9999,N/A
113,339.200048,339.2000049390653,339.1999396121491,4155266.8,-9999,338736,63.1,-1,0.19259117882866025,0.9966416376277598,0.9938322081616676,0.995517865841323,4,1.6842105263157894,0.15789473684210523,S1 O3,de-protonated,0,-9999,C19 H32 O3 S1,19,32,3,-9999,-9999,1,-9999,N/A
114,340.203335,340.2032920323103,340.20329444721915,891426,-9999,529213.9,12.03,-1,-0.00709842879983247,0.9999908572613796,0.9938322081616676,0.9975273976214948,4,1.7777777777777777,0.16666666666666666,13C1 S1 O3,de-protonated,1,113,C18 H32 O3 S1 13C1,18,32,3,-9999,-9999,1,1,N/A
114,340.203335,340.2032920323103,340.2030506703191,891426,-9999,529213.9,12.03,-1,0.7094645115930842,0.9127161340027212,0,0.5476296804016327,9,1.35,0.1,N3 O2,de-protonated,0,-9999,C20 H27 O2 N3,20,27,2,3,-9999,-9999,-9999,N/A
115,341.051411,341.05136811113,341.0514201945991,1869482.5,-9999,484127.4,27.33,-1,-0.1527144178326842,0.9957772503540032,0,0.5974663502124018,8,1,0.7142857142857143,O10,de-protonated,0,-9999,C14 H14 O10,14,14,10,-9999,-9999,-9999,-9999,N/A
115,341.051411,341.05136811113,341.051258003269,1869482.5,-9999,484127.4,27.33,-1,0.32284842345065023,0.981265124021476,0,0.5887590744128857,3,2.111111111111111,0.4444444444444444,N4 S2 P1 O4,de-protonated,0,-9999,C9 H19 O4 N4 P1 S2,9,19,4,4,1,2,-9999,N/A
116,341.052008,341.0519651111855,341.05228957446906,1259050.6,-9999,598237.1,17.78,-1,-0.951359347173888,0.8485498773856881,0,0.5091299264314129,7,1.2,0.3333333333333333,S2 O5,de-protonated,0,-9999,C15 H18 O5 S2,15,18,5,-9999,-9999,2,-9999,N/A
116,341.052008,341.0519651111855,341.0519094519491,1259050.6,-9999,598237.1,17.78,-1,0.16319872390861823,0.9951789862895704,0,0.5971073917737423,12,0.8823529411764706,0.1176470588235294,N2 S1 P1 O2,de-protonated,0,-9999,C17 H15 O2 N2 P1 S1,17,15,2,2,1,1,-9999,N/A
117,341.087085,341.0870421144456,341.0867741327491,2002864.4,-9999,536632.1,29.42,-1,0.7856701484917715,0.8940404968135768,0,0.5364242980881461,3,2.111111111111111,0.8888888888888888,N4 P1 O8,de-protonated,0,-9999,C9 H19 O8 N4 P1,9,19,8,4,1,-9999,-9999,N/A
118,341.087917,341.0878741145229,341.0878057039491,4761264.5,-9999,355162.4,72.58,-1,0.20056587386980185,0.992727497181706,0,0.5956364983090237,7,1.2,0.6,O9,de-protonated,0,-9999,C15 H18 O9,15,18,9,-9999,-9999,-9999,-9999,N/A
118,341.087917,341.0878741145229,341.0876435126191,4761264.5,-9999,355162.4,72.58,-1,0.6760781523304157,0.9204092524730164,0,0.5522455514838097,2,2.3,0.3,N4 S2 P1 O3,de-protonated,0,-9999,C10 H23 O3 N4 P1 S2,10,23,3,4,1,2,-9999,N/A
119,341.123465,341.1234221178267,341.1231596420991,1459638.3,-9999,492420.9,20.92,-1,0.7694456391371576,0.8981429140632787,0,0.5388857484379672,2,2.3,0.7,N4 P1 O7,de-protonated,0,-9999,C10 H23 O7 N4 P1,10,23,7,4,1,-9999,-9999,N/A
120,341.124267,341.1242241179012,341.12419121329907,3635382.3,-9999,546804.7,54.96,-1,0.09645930413461842,0.9983131536504484,0,0.5989878921902689,6,1.375,0.5,O8,de-protonated,0,-9999,C16 H22 O8,16,22,8,-9999,-9999,-9999,-9999,N/A
120,341.124267,341.1242241179012,341.1240290219691,3635382.3,-9999,546804.7,54.96,-1,0.5719208132557442,0.94237624742326,0,0.5654257484539559,1,2.4545454545454546,0.18181818181818185,N4 S2 P1 O2,de-protonated,0,-9999,C11 H27 O2 N4 P1 S2,11,27,2,4,1,2,-9999,N/A
121,341.160638,341.1605951212815,341.16057672264907,1051580.3,-9999,574497.5,14.54,-1,0.05392953847547564,0.9994724147482376,0,0.5996834488489425,5,1.5294117647058822,0.4117647058823529,O7,de-protonated,0,-9999,C17 H26 O7,17,26,7,-9999,-9999,-9999,-9999,N/A
122,343.067189,343.06714629847534,343.0670702590591,1940726.8,-9999,444358.2,27.94,-1,0.2216459194729734,0.991125598095418,0,0.5946753588572508,7,1.1428571428571428,0.7142857142857143,O10,de-protonated,0,-9999,C14 H16 O10,14,16,10,-9999,-9999,-9999,-9999,N/A
122,343.067189,343.06714629847534,343.06690806772906,1940726.8,-9999,444358.2,27.94,-1,0.6944148230982423,0.9162218729843729,0,0.5497331237906237,2,2.3333333333333335,0.4444444444444444,N4 S2 P1 O4,de-protonated,0,-9999,C9 H21 O4 N4 P1 S2,9,21,4,4,1,2,-9999,N/A
123,343.082435,343.08239229989226,343.0823264003491,1213945.3,-9999,488802.8,16.77,-1,0.19208084508205772,0.993327800091542,0,0.5959966800549251,11,0.8888888888888888,0.3888888888888889,O7,de-protonated,0,-9999,C18 H16 O7,18,16,7,-9999,-9999,-9999,-9999,N/A
123,343.082435,343.08239229989226,343.0821642090191,1213945.3,-9999,488802.8,16.77,-1,0.6648287115273553,0.922931913117452,0,0.5537591478704711,6,1.6153846153846154,0.07692307692307693,N4 S2 P1 O1,de-protonated,0,-9999,C13 H21 O1 N4 P1 S2,13,21,1,4,1,2,-9999,N/A
124,343.082934,343.0828912999387,343.0831957802191,1019385.4,-9999,765697.1,13.78,-1,-0.887482348785134,0.8668290403560761,0,0.5200974242136457,10,1.0526315789473684,0.10526315789473684,S2 O2,de-protonated,0,-9999,C19 H20 O2 S2,19,20,2,-9999,-9999,2,-9999,N/A
125,343.102728,343.10268530177837,343.1024241972091,1124604.6,-9999,395657.2,15.39,-1,0.7610105638312377,0.9002492027462377,0,0.5401495216477425,2,2.3333333333333335,0.8888888888888888,N4 P1 O8,de-protonated,0,-9999,C9 H21 O8 N4 P1,9,21,8,4,1,-9999,-9999,N/A
126,343.103553,343.10351030185495,343.1034557684091,2820092.8,-9999,418300.5,41.45,-1,0.15894169799544908,0.9954266489743012,0,0.5972559893845808,6,1.3333333333333333,0.6,O9,de-protonated,0,-9999,C15 H20 O9,15,20,9,-9999,-9999,-9999,-9999,N/A
126,343.103553,343.10351030185495,343.1032935770791,2820092.8,-9999,418300.5,41.45,-1,0.6316604354911296,0.930161453958201,0,0.5580968723749206,1,2.5,0.3,N4 S2 P1 O3,de-protonated,0,-9999,C10 H25 O3 N4 P1 S2,10,25,3,4,1,2,-9999,N/A
127,343.139944,343.1399013052372,343.1398412777591,1392898.9,-9999,563542.1,19.52,-1,0.17493590323802907,0.9944625921086994,0,0.5966775552652196,5,1.5,0.5,O8,de-protonated,0,-9999,C16 H24 O8,16,24,8,-9999,-9999,-9999,-9999,N/A
128,345.061657,345.0616144838402,345.06159095545905,1408649.8,-9999,344682.1,19.76,-1,0.0681860332689941,0.9991567399916268,0,0.5994940439949761,11,0.8235294117647058,0.4705882352941176,O8,de-protonated,0,-9999,C17 H14 O8,17,14,8,-9999,-9999,-9999,-9999,N/A
128,345.061657,345.0616144838402,345.0614287641291,1408649.8,-9999,344682.1,19.76,-1,0.5382221702392874,0.9487949068303936,0,0.5692769440982361,6,1.5833333333333333,0.16666666666666666,N4 S2 P1 O2,de-protonated,0,-9999,C12 H19 O2 N4 P1 S2,12,19,2,4,1,2,-9999,N/A
129,345.082788,345.082745485804,345.0827203235191,1066061.4,-9999,630557.4,14.49,-1,0.07291667608937635,0.999035731273101,0,0.5994214387638606,6,1.2857142857142858,0.7142857142857143,O10,de-protonated,0,-9999,C14 H18 O10,14,18,10,-9999,-9999,-9999,-9999,N/A
130,345.098095,345.09805248722665,345.0979764648091,1781328,-9999,370400.2,25.48,-1,0.22029227271597984,0.9912331883596704,0,0.5947399130158022,10,1,0.3888888888888889,O7,de-protonated,0,-9999,C18 H18 O7,18,18,7,-9999,-9999,-9999,-9999,N/A
130,345.098095,345.09805248722665,345.09781427347906,1781328,-9999,370400.2,25.48,-1,0.6902789230782737,0.91717445836912,0,0.550304675021472,5,1.7692307692307692,0.07692307692307693,N4 S2 P1 O1,de-protonated,0,-9999,C13 H23 O1 N4 P1 S2,13,23,1,4,1,2,-9999,N/A
131,345.119245,345.11920248919233,345.1191058328691,1167699.8,-9999,444523.3,16.05,-1,0.28006656721509376,0.9858684592086104,0,0.5915210755251662,5,1.4666666666666666,0.6,O9,de-protonated,0,-9999,C15 H22 O9,15,22,9,-9999,-9999,-9999,-9999,N/A
132,345.134445,345.13440249060505,345.13436197415905,1533782.4,-9999,447842.1,21.68,-1,0.11739325454141812,0.9975025475171616,0,0.5985015285102969,9,1.1578947368421053,0.3157894736842105,O6,de-protonated,0,-9999,C19 H22 O6,19,22,6,-9999,-9999,-9999,-9999,N/A
133,347.041104,347.0410616678089,347.0408555105691,1412260.4,-9999,484802.9,19.81,-1,0.5940431408247198,0.9379759888897408,0,0.5627855933338444,11,0.75,0.5625,O9,de-protonated,0,-9999,C16 H12 O9,16,12,9,-9999,-9999,-9999,-9999,N/A
133,347.041104,347.0410616678089,347.0413447679191,1412260.4,-9999,484802.9,19.81,-1,-0.815753265360384,0.8862593568363057,0,0.5317556141017834,15,0.6842105263157895,0.05263157894736842,N2 S1 P1 O1,de-protonated,0,-9999,C19 H13 O1 N2 P1 S1,19,13,1,2,1,1,-9999,N/A
134,347.041628,347.0415856678576,347.04172489043907,978980.5,-9999,540719.2,13.15,-1,-0.4011695755750635,0.9712204403824516,0,0.582732264229471,10,0.9411764705882352,0.2352941176470588,S2 O4,de-protonated,0,-9999,C17 H16 O4 S2,17,16,4,-9999,-9999,2,-9999,N/A
134,347.041628,347.0415856678576,347.0413447679191,978980.5,-9999,540719.2,13.15,-1,0.6941534261597757,0.9162822173203052,0,0.5497693303921831,15,0.6842105263157895,0.05263157894736842,N2 S1 P1 O1,de-protonated,0,-9999,C19 H13 O1 N2 P1 S1,19,13,1,2,1,1,-9999,N/A
135,347.077393,347.07735067118153,347.0772410199191,2517674.8,-9999,504090.1,36.79,-1,0.3159275500932609,0.9820525756146348,0,0.5892315453687809,10,0.9411764705882352,0.4705882352941176,O8,de-protonated,0,-9999,C17 H16 O8,17,16,8,-9999,-9999,-9999,-9999,N/A
135,347.077393,347.07735067118153,347.0770788285891,2517674.8,-9999,504090.1,36.79,-1,0.7832340682289983,0.8946607223473844,0,0.5367964334084306,5,1.75,0.16666666666666666,N4 S2 P1 O2,de-protonated,0,-9999,C12 H21 O2 N4 P1 S2,12,21,2,4,1,2,-9999,N/A
136,347.077918,347.07787567123034,347.07811039978907,1803435,-9999,502074.4,25.82,-1,-0.6762989416216463,0.9203593871254016,0,0.552215632275241,9,1.1111111111111112,0.16666666666666666,S2 O3,de-protonated,0,-9999,C18 H20 O3 S2,18,20,3,-9999,-9999,2,-9999,N/A
137,347.113056,347.113013674496,347.11297508058914,982705.2,-9999,434486.5,13.2,-1,0.11118543428188964,0.9977594087858132,0,0.5986556452714878,0,2.4,0.9,N2 S1 O9,de-protonated,0,-9999,C10 H24 O9 N2 S1,10,24,9,2,-9999,1,-9999,N/A
138,347.113769,347.1137266745623,347.1136265292691,3024049.3,-9999,351608.2,44.58,-1,0.28850867720973983,0.9850101917560438,0,0.5910061150536262,9,1.1111111111111112,0.3888888888888889,O7,de-protonated,0,-9999,C18 H20 O7,18,20,7,-9999,-9999,-9999,-9999,N/A
138,347.113769,347.1137266745623,347.1134643379391,3024049.3,-9999,351608.2,44.58,-1,0.7557661980159704,0.9015495060701644,0,0.5409297036420986,4,1.9230769230769231,0.07692307692307693,N4 S2 P1 O1,de-protonated,0,-9999,C13 H25 O1 N4 P1 S2,13,25,1,4,1,2,-9999,N/A
140,347.150091,347.15004867793806,347.1500120386191,1834935.8,-9999,615407,26.3,-1,0.10554318798015376,0.9979808182356584,0,0.5987884909413951,8,1.263157894736842,0.3157894736842105,O6,de-protonated,0,-9999,C19 H24 O6,19,24,6,-9999,-9999,-9999,-9999,N/A
142,349.055864,349.05582185505955,349.05547400382903,940559.5,-9999,511635.6,12.32,-1,0.9965499939738685,0.8351041362048632,0,0.5010624817229179,6,1.5,0.8,N4 P1 O8,de-protonated,0,-9999,C10 H15 O8 N4 P1,10,15,8,4,1,-9999,-9999,N/A
143,349.05663500000003,349.05659285513127,349.0565055750291,2466319.8,-9999,465128.6,35.35,-1,0.25004576839588044,0.9887194128176034,0,0.593231647690562,10,0.875,0.5625,O9,de-protonated,0,-9999,C16 H14 O9,16,14,9,-9999,-9999,-9999,-9999,N/A
143,349.05663500000003,349.05659285513127,349.05634338369913,2466319.8,-9999,465128.6,35.35,-1,0.714702473884738,0.9114815548221497,0,0.5468889328932897,5,1.7272727272727273,0.2727272727272727,N4 S2 P1 O3,de-protonated,0,-9999,C11 H19 O3 N4 P1 S2,11,19,3,4,1,2,-9999,N/A
144,349.057132,349.0570898551774,349.05737495489905,1774735.8,-9999,362717.5,24.91,-1,-0.8167703709445046,0.8859923792783003,0,0.5315954275669802,9,1.0588235294117647,0.2352941176470588,S2 O4,de-protonated,0,-9999,C17 H18 O4 S2,17,18,4,-9999,-9999,2,-9999,N/A
144,349.057132,349.0570898551774,349.0569948323791,1774735.8,-9999,362717.5,24.91,-1,0.27222717136405034,0.9866432708176092,0,0.5919859624905656,14,0.7894736842105263,0.05263157894736842,N2 S1 P1 O1,de-protonated,0,-9999,C19 H15 O1 N2 P1 S1,19,15,1,2,1,1,-9999,N/A
146,349.093061,349.09301885851664,349.0928910843791,4100630.3,-9999,435235.9,60.01,-1,0.3660175866882793,0.9759845953452774,0,0.5855907572071664,9,1.0588235294117647,0.4705882352941176,O8,de-protonated,0,-9999,C17 H18 O8,17,18,8,-9999,-9999,-9999,-9999,N/A
146,349.093061,349.09301885851664,349.09272889304907,4100630.3,-9999,435235.9,60.01,-1,0.8306259156197426,0.88233047946237,0,0.5293982876774219,4,1.9166666666666667,0.16666666666666666,N4 S2 P1 O2,de-protonated,0,-9999,C12 H23 O2 N4 P1 S2,12,23,2,4,1,2,-9999,N/A
148,349.129409,349.1293668618948,349.12927659372906,4651549,-9999,377675,68.32,-1,0.25855226649628915,0.4939717776937851,0.8370420509349343,0.6311998869902449,8,1.2222222222222223,0.3888888888888889,O7,de-protonated,0,-9999,C18 H22 O7,18,22,7,-9999,-9999,-9999,-9999,N/A
148,349.129409,349.1293668618948,349.12911440239907,4651549,-9999,377675,68.32,-1,0.723112124828238,0.9094839653529684,0,0.545690379211781,3,2.076923076923077,0.07692307692307693,N4 S2 P1 O1,de-protonated,0,-9999,C13 H27 O1 N4 P1 S2,13,27,1,4,1,2,-9999,N/A
149,349.165774,349.16573186527455,349.1656621030791,1566883.6,-9999,330040.5,21.77,-1,0.19979683860411032,0.9927829592280903,0,0.5956697755368542,7,1.368421052631579,0.3157894736842105,O6,de-protonated,0,-9999,C19 H26 O6,19,26,6,-9999,-9999,-9999,-9999,N/A
150,351.03598,351.03593803909047,351.03577013013904,1421694.4,-9999,373570.4,19.58,-1,0.4783243353326634,0.9593355193324028,0,0.5756013115994417,10,0.8,0.6666666666666666,O10,de-protonated,0,-9999,C15 H12 O10,15,12,10,-9999,-9999,-9999,-9999,N/A
150,351.03598,351.03593803909047,351.0362593874891,1421694.4,-9999,373570.4,19.58,-1,-0.9154279367138586,0.8589406026479685,0,0.5153643615887811,14,0.7222222222222222,0.1111111111111111,N2 S1 P1 O2,de-protonated,0,-9999,C18 H13 O2 N2 P1 S1,18,13,2,2,1,1,-9999,N/A
150,351.03598,351.03593803909047,351.03560793880905,1421694.4,-9999,373570.4,19.58,-1,0.9403612452741013,0.8517592928768282,0,0.5110555757260968,5,1.7,0.4,N4 S2 P1 O4,de-protonated,0,-9999,C10 H17 O4 N4 P1 S2,10,17,4,4,1,2,-9999,N/A
152,351.072352,351.0723100424709,351.0721556394891,4014469.3,-9999,334164.8,58.7,-1,0.4398041238540188,0.9655115677006364,0,0.5793069406203819,9,1,0.5625,O9,de-protonated,0,-9999,C16 H16 O9,16,16,9,-9999,-9999,-9999,-9999,N/A
152,351.072352,351.0723100424709,351.0726448968391,4014469.3,-9999,334164.8,58.7,-1,-0.9538036445115596,0.8478331831603374,0,0.5086999098962024,13,0.8947368421052632,0.05263157894736842,N2 S1 P1 O1,de-protonated,0,-9999,C19 H17 O1 N2 P1 S1,19,17,1,2,1,1,-9999,N/A
152,351.072352,351.0723100424709,351.07199344815905,4014469.3,-9999,334164.8,58.7,-1,0.9017931301192263,0.8628109534465705,0,0.5176865720679423,4,1.9090909090909092,0.2727272727272727,N4 S2 P1 O3,de-protonated,0,-9999,C11 H21 O3 N4 P1 S2,11,21,3,4,1,2,-9999,N/A
153,351.107824,351.10778204576764,351.10750957763906,2902924,-9999,579079.9,41.93,-1,0.776024781979323,0.8964874158143755,0,0.5378924494886252,4,1.9090909090909092,0.6363636363636364,N4 P1 O7,de-protonated,0,-9999,C11 H21 O7 N4 P1,11,21,7,4,1,-9999,-9999,N/A
154,351.108705,351.1086630458495,351.10854114883904,5824908,-9999,440110.1,86.02,-1,0.3471775709180299,0.981307943894437,0.9669566635311458,0.9755674317491204,8,1.1764705882352942,0.4705882352941176,O8,de-protonated,0,-9999,C17 H20 O8,17,20,8,-9999,-9999,-9999,-9999,N/A
154,351.108705,351.1086630458495,351.1083789575091,5824908,-9999,440110.1,86.02,-1,0.8091186579559388,0.8879946539853172,0,0.5327967923911903,3,2.0833333333333335,0.16666666666666666,N4 S2 P1 O2,de-protonated,0,-9999,C12 H25 O2 N4 P1 S2,12,25,2,4,1,2,-9999,N/A
155,351.145085,351.14504304923065,351.1449266581891,4305299,-9999,418394.5,63.09,-1,0.33146154969731206,0.9802622127490552,0,0.5881573276494331,7,1.3333333333333333,0.3888888888888889,O7,de-protonated,0,-9999,C18 H24 O7,18,24,7,-9999,-9999,-9999,-9999,N/A
155,351.145085,351.14504304923065,351.14476446685904,4305299,-9999,418394.5,63.09,-1,0.793354763610635,0.8920742224838295,0,0.5352445334902977,2,2.230769230769231,0.07692307692307693,N4 S2 P1 O1,de-protonated,0,-9999,C13 H29 O1 N4 P1 S2,13,29,1,4,1,2,-9999,N/A
156,351.181483,351.1814410526135,351.1813121675391,1204121.8,-9999,437192.1,16.29,-1,0.3670043647639496,0.9758565084308692,0,0.5855139050585214,6,1.4736842105263157,0.3157894736842105,O6,de-protonated,0,-9999,C19 H28 O6,19,28,6,-9999,-9999,-9999,-9999,N/A
157,352.112042,352.1120001390991,352.11189598390905,1351753.9,-9999,438179.9,18.52,-1,0.29580139508613296,0.9842488854054182,0.9669566635311458,0.9773319966557092,8,1.25,0.5,13C1 O8,de-protonated,1,154,C16 H20 O8 13C1,16,20,8,-9999,-9999,-9999,1,N/A
158,353.051593,353.0515512264205,353.0514201945991,3007742,-9999,423867,43.51,-1,0.3711408987923608,0.9753160056538038,0,0.5851896033922823,9,0.9333333333333332,0.6666666666666666,O10,de-protonated,0,-9999,C15 H14 O10,15,14,10,-9999,-9999,-9999,-9999,N/A
158,353.051593,353.0515512264205,353.0512580032691,3007742,-9999,423867,43.51,-1,0.8305398855132508,0.8823533593655871,0,0.5294120156193522,4,1.9,0.4,N4 S2 P1 O4,de-protonated,0,-9999,C10 H19 O4 N4 P1 S2,10,19,4,4,1,2,-9999,N/A
159,353.087075,353.0870332297182,353.0867741327491,2621188.8,-9999,568887.4,37.67,-1,0.7338053648119505,0.9069166486054534,0,0.5441499891632721,4,1.9,0.8,N4 P1 O8,de-protonated,0,-9999,C10 H19 O8 N4 P1,10,19,8,4,1,-9999,-9999,N/A
160,353.087911,353.08786922979584,353.0878057039491,5753093,-9999,419917.4,84.93,-1,0.17991515352096765,0.9242564021296604,0.9789544067866908,0.9461356039924728,8,1.125,0.5625,O9,de-protonated,0,-9999,C16 H18 O9,16,18,9,-9999,-9999,-9999,-9999,N/A
160,353.087911,353.08786922979584,353.0876435126191,5753093,-9999,419917.4,84.93,-1,0.6392667115606439,0.9285313170836396,0,0.5571187902501837,3,2.090909090909091,0.2727272727272727,N4 S2 P1 O3,de-protonated,0,-9999,C11 H23 O3 N4 P1 S2,11,23,3,4,1,2,-9999,N/A
161,353.123479,353.12343723310147,353.1231596420991,2689804,-9999,530649.7,38.71,-1,0.7861025106771471,0.8939302612626139,0,0.5363581567575683,3,2.090909090909091,0.6363636363636364,N4 P1 O7,de-protonated,0,-9999,C11 H23 O7 N4 P1,11,23,7,4,1,-9999,-9999,N/A
162,353.124358,353.1243162331832,353.12419121329907,6529804,-9999,318803.3,96.66,-1,0.3540394208282495,0.929872800152526,0.978512498663171,0.949328679556784,7,1.2941176470588236,0.4705882352941176,O8,de-protonated,0,-9999,C17 H22 O8,17,22,8,-9999,-9999,-9999,-9999,N/A
162,353.124358,353.1243162331832,353.1240290219691,6529804,-9999,318803.3,96.66,-1,0.8133437277674846,0.886890822852776,0,0.5321344937116655,2,2.25,0.16666666666666666,N4 S2 P1 O2,de-protonated,0,-9999,C12 H27 O2 N4 P1 S2,12,27,2,4,1,2,-9999,N/A
163,353.160734,353.160692236564,353.16057672264907,2730259,-9999,459317.1,39.32,-1,0.3270860977532095,0.9807748613162424,0,0.5884649167897453,6,1.4444444444444444,0.3888888888888889,O7,de-protonated,0,-9999,C18 H26 O7,18,26,7,-9999,-9999,-9999,-9999,N/A
163,353.160734,353.160692236564,353.1604145313191,2730259,-9999,459317.1,39.32,-1,0.7863430709821471,0.8938689073655055,0,0.5363213444193032,1,2.3846153846153846,0.07692307692307693,N4 S2 P1 O1,de-protonated,0,-9999,C13 H31 O1 N4 P1 S2,13,31,1,4,1,2,-9999,N/A
164,354.091532,354.0914903230718,354.09116053901914,1166407.9,-9999,412892.5,15.72,-1,0.93135353100885,0.8543689860269514,0.9789544067866908,0.9042031543308472,8,1.2,0.6,13C1 O9,de-protonated,1,160,C15 H18 O9 13C1,15,18,9,-9999,-9999,-9999,1,N/A
164,354.091532,354.0914903230718,354.0917861419891,1166407.9,-9999,412892.5,15.72,-1,-0.8354300462290621,0.8810499954069446,0,0.5286299972441667,12,0.9444444444444444,0.16666666666666666,N3 S1 O3,de-protonated,0,-9999,C18 H17 O3 N3 S1,18,17,3,3,-9999,1,-9999,N/A
165,354.127882,354.1278403264502,354.1275460483691,1008847.1,-9999,276813,13.34,-1,0.8309946074851418,0.8822324049007514,0.978512498663171,0.9207444424057192,7,1.375,0.5,13C1 O8,de-protonated,1,162,C16 H22 O8 13C1,16,22,8,-9999,-9999,-9999,1,N/A
165,354.127882,354.1278403264502,354.12817165133913,1008847.1,-9999,276813,13.34,-1,-0.9356072615559252,0.8531387410267247,0,0.5118832446160348,11,1.105263157894737,0.10526315789473684,N3 S1 O2,de-protonated,0,-9999,C19 H21 O2 N3 S1,19,21,2,3,-9999,1,-9999,N/A
167,355.067222,355.06718041375194,355.0670702590591,4195464,-9999,418924.3,61.42,-1,0.31023629635257577,0.982687796727287,0,0.5896126780363722,8,1.0666666666666669,0.6666666666666666,O10,de-protonated,0,-9999,C15 H16 O10,15,16,10,-9999,-9999,-9999,-9999,N/A
167,355.067222,355.06718041375194,355.06690806772906,4195464,-9999,418924.3,61.42,-1,0.7670273311705662,0.8987486484332334,0,0.53924918905994,3,2.1,0.4,N4 S2 P1 O4,de-protonated,0,-9999,C10 H21 O4 N4 P1 S2,10,21,4,4,1,2,-9999,N/A
168,355.102738,355.10269641705275,355.1024241972091,2811022.8,-9999,515758.2,40.53,-1,0.7665952838688526,0.8988567091856372,0,0.5393140255113823,3,2.1,0.8,N4 P1 O8,de-protonated,0,-9999,C10 H21 O8 N4 P1,10,21,8,4,1,-9999,-9999,N/A
169,355.103572,355.1035304171303,355.1034557684091,6012047,-9999,569871.4,88.84,-1,0.2102168254595406,0.97760017168715,0.9636133099294456,0.972005426984068,7,1.25,0.5625,O9,de-protonated,0,-9999,C16 H20 O9,16,20,9,-9999,-9999,-9999,-9999,N/A
169,355.103572,355.1035304171303,355.1032935770791,6012047,-9999,569871.4,88.84,-1,0.6669610095332441,0.9224564737213586,0,0.5534738842328152,2,2.272727272727273,0.2727272727272727,N4 S2 P1 O3,de-protonated,0,-9999,C11 H25 O3 N4 P1 S2,11,25,3,4,1,2,-9999,N/A
170,355.103979,355.1039374171681,355.1039450257591,5324687,-9999,322211.6,78.46,-1,-0.02142637709391489,0.9288830377095256,0.9676332948915454,0.9443831405823336,11,1.105263157894737,0.05263157894736842,N2 S1 P1 O1,de-protonated,0,-9999,C19 H21 O1 N2 P1 S1,19,21,1,2,1,1,-9999,N/A
172,355.13919,355.1391484204406,355.1388097065591,1317270,-9999,470564.5,17.99,-1,0.9537506808304238,0.8478487257469672,0,0.5087092354481804,2,2.272727272727273,0.6363636363636364,N4 P1 O7,de-protonated,0,-9999,C11 H25 O7 N4 P1,11,25,7,4,1,-9999,-9999,N/A
173,355.140009,355.13996742051677,355.1398412777591,4082838.3,-9999,453267.7,59.72,-1,0.3551917949032233,0.9773682429489332,0,0.5864209457693599,6,1.411764705882353,0.4705882352941176,O8,de-protonated,0,-9999,C17 H24 O8,17,24,8,-9999,-9999,-9999,-9999,N/A
173,355.140009,355.13996742051677,355.13967908642906,4082838.3,-9999,453267.7,59.72,-1,0.8118892500411562,0.8872713098611067,0,0.532362785916664,1,2.4166666666666665,0.16666666666666666,N4 S2 P1 O2,de-protonated,0,-9999,C12 H29 O2 N4 P1 S2,12,29,2,4,1,2,-9999,N/A
174,356.107014,356.10697251038965,356.1068106034791,1354838.9,-9999,522768.5,18.21,-1,0.45465828148624654,0.9631867011292276,0.9636133099294456,0.9633573446493148,7,1.3333333333333333,0.6,13C1 O9,de-protonated,1,169,C15 H20 O9 13C1,15,20,9,-9999,-9999,-9999,1,N/A
174,356.107014,356.10697251038965,356.10729986082913,1354838.9,-9999,522768.5,18.21,-1,-0.9192466416860626,0.8578493731608392,0.9676332948915454,0.9017629418531216,11,1.1666666666666667,0.05555555555555555,13C1 N2 S1 P1 O1,de-protonated,1,170,C18 H21 O1 N2 P1 S1 13C1,18,21,1,2,1,1,1,N/A
175,357.046467,357.0464255977019,357.0463348141691,1271316.3,-9999,593025.1,16.97,-1,0.2542626095275864,0.9883379725619478,0,0.5930027835371686,8,1,0.7857142857142857,O11,de-protonated,0,-9999,C14 H14 O11,14,14,11,-9999,-9999,-9999,-9999,N/A
175,357.046467,357.0464255977019,357.04617262283904,1271316.3,-9999,593025.1,16.97,-1,0.708521424559793,0.9129376300316844,0,0.5477625780190105,3,2.111111111111111,0.5555555555555556,N4 S2 P1 O5,de-protonated,0,-9999,C9 H19 O5 N4 P1 S2,9,19,5,4,1,2,-9999,N/A
176,357.04684,357.04679859773654,357.0468240715191,1133460.4,-9999,397498.8,14.93,-1,-0.0713457755110173,0.9990768127252576,0,0.5994460876351545,12,0.8823529411764706,0.17647058823529413,N2 S1 P1 O3,de-protonated,0,-9999,C17 H15 O3 N2 P1 S1,17,15,3,2,1,1,-9999,N/A
177,357.061817,357.06177559912857,357.06159095545905,1290391.4,-9999,495506.9,17.25,-1,0.5171199428622946,0.9526366249890764,0,0.5715819749934459,12,0.7777777777777778,0.4444444444444444,O8,de-protonated,0,-9999,C18 H14 O8,18,14,8,-9999,-9999,-9999,-9999,N/A
177,357.061817,357.06177559912857,357.0614287641291,1290391.4,-9999,495506.9,17.25,-1,0.971359467888312,0.8426496965277429,0,0.5055898179166457,7,1.4615384615384617,0.15384615384615383,N4 S2 P1 O2,de-protonated,0,-9999,C13 H19 O2 N4 P1 S2,13,19,2,4,1,2,-9999,N/A
178,357.062156,357.06211459916005,357.06246033532904,1303063.5,-9999,433168.6,17.44,-1,-0.968279243515142,0.8435636824722508,0,0.5061382094833504,11,0.9473684210526316,0.15789473684210523,S2 O3,de-protonated,0,-9999,C19 H18 O3 S2,19,18,3,-9999,-9999,2,-9999,N/A
180,357.082877,357.08283560108583,357.0827203235191,3590171.8,-9999,442912.2,51.32,-1,0.32283154627248745,0.9812670642718244,0,0.5887602385630947,7,1.2,0.6666666666666666,O10,de-protonated,0,-9999,C15 H18 O10,15,18,10,-9999,-9999,-9999,-9999,N/A
180,357.082877,357.08283560108583,357.08255813218904,3590171.8,-9999,442912.2,51.32,-1,0.7770441050070999,0.8962299389524364,0,0.5377379633714618,2,2.3,0.4,N4 S2 P1 O4,de-protonated,0,-9999,C10 H23 O4 N4 P1 S2,10,23,4,4,1,2,-9999,N/A
181,357.098135,357.0980936025039,357.0979764648091,1415710.8,-9999,481817.9,19.11,-1,0.3280267672605302,0.9806652003500996,0,0.5883991202100598,11,0.9473684210526316,0.3684210526315789,O7,de-protonated,0,-9999,C19 H18 O7,19,18,7,-9999,-9999,-9999,-9999,N/A
181,357.098135,357.0980936025039,357.09781427347906,1415710.8,-9999,481817.9,19.11,-1,0.7822199232206786,0.89491848210797,0,0.536951089264782,6,1.6428571428571428,0.07142857142857142,N4 S2 P1 O1,de-protonated,0,-9999,C14 H23 O1 N4 P1 S2,14,23,1,4,1,2,-9999,N/A
182,357.118406,357.11836460438786,357.11807426166905,1358626.9,-9999,535250.2,18.26,-1,0.8130160295394822,0.8869765929102357,0,0.5321859557461414,2,2.3,0.8,N4 P1 O8,de-protonated,0,-9999,C10 H23 O8 N4 P1,10,23,8,4,1,-9999,-9999,N/A
183,357.119315,357.1192736044723,357.1191058328691,2829347,-9999,286616.1,40.05,-1,0.4697917319186097,0.9607447633811702,0,0.5764468580287021,6,1.375,0.5625,O9,de-protonated,0,-9999,C16 H22 O9,16,22,9,-9999,-9999,-9999,-9999,N/A
183,357.119315,357.1192736044723,357.1195950902191,2829347,-9999,286616.1,40.05,-1,-0.9002187256059674,0.8632552318858537,0,0.5179531391315122,10,1.2105263157894737,0.05263157894736842,N2 S1 P1 O1,de-protonated,0,-9999,C19 H23 O1 N2 P1 S1,19,23,1,2,1,1,-9999,N/A
183,357.119315,357.1192736044723,357.11894364153903,2829347,-9999,286616.1,40.05,-1,0.9239580793840396,0.8564987015445895,0,0.5138992209267537,1,2.4545454545454546,0.2727272727272727,N4 S2 P1 O3,de-protonated,0,-9999,C11 H27 O3 N4 P1 S2,11,27,3,4,1,2,-9999,N/A
184,357.15569,357.15564860785304,357.1554913422191,1255466.5,-9999,572763.5,16.74,-1,0.44032819814136703,0.9654307634962276,0,0.5792584580977366,5,1.5294117647058822,0.4705882352941176,O8,de-protonated,0,-9999,C17 H26 O8,17,26,8,-9999,-9999,-9999,-9999,N/A
185,359.041425,359.0413837831122,359.04172489043907,1301165.6,-9999,397442.3,17.41,-1,-0.950049265028337,0.8489334992395212,0,0.5093600995437128,11,0.8888888888888888,0.2222222222222222,S2 O4,de-protonated,0,-9999,C18 H16 O4 S2,18,16,4,-9999,-9999,2,-9999,N/A
185,359.041425,359.0413837831122,359.0413447679191,1301165.6,-9999,397442.3,17.41,-1,0.10866490361836592,0.9978597364304672,0,0.5987158418582804,16,0.65,0.05,N2 S1 P1 O1,de-protonated,0,-9999,C20 H13 O1 N2 P1 S1,20,13,1,2,1,1,-9999,N/A
186,359.062193,359.0621517850424,359.06198487862906,989746,-9999,481187.8,12.79,-1,0.4648401121297639,0.961551872170372,0,0.5769311233022231,7,1.1428571428571428,0.7857142857142857,O11,de-protonated,0,-9999,C14 H16 O11,14,16,11,-9999,-9999,-9999,-9999,N/A
186,359.062193,359.0621517850424,359.06247413597913,989746,-9999,481187.8,12.79,-1,-0.8977572427513953,0.8639487345497665,0,0.5183692407298599,11,1,0.17647058823529413,N2 S1 P1 O3,de-protonated,0,-9999,C17 H17 O3 N2 P1 S1,17,17,3,2,1,1,-9999,N/A
186,359.062193,359.0621517850424,359.06182268729907,989746,-9999,481187.8,12.79,-1,0.9165489687566272,0.8586205848990156,0,0.5151723509394094,2,2.3333333333333335,0.5555555555555556,N4 S2 P1 O5,de-protonated,0,-9999,C9 H21 O5 N4 P1 S2,9,21,5,4,1,2,-9999,N/A
187,359.07656,359.0765187863776,359.07620944871906,939444.9,-9999,728811.2,12.05,-1,0.8614819094776824,0.8740109816614506,0,0.5244065889968703,7,1.4166666666666667,0.5833333333333334,N4 P1 O7,de-protonated,0,-9999,C12 H17 O7 N4 P1,12,17,7,4,1,-9999,-9999,N/A
188,359.077547,359.0775057864694,359.0772410199191,2011829.1,-9999,330550.9,27.93,-1,0.7373526362620244,0.9060582888601844,0,0.5436349733161107,11,0.8888888888888888,0.4444444444444444,O8,de-protonated,0,-9999,C18 H16 O8,18,16,8,-9999,-9999,-9999,-9999,N/A
189,359.098584,359.0985427884246,359.09837038797906,1518009.5,-9999,470544.7,20.62,-1,0.4800925310498987,0.9590405734314345,0,0.5754243440588607,6,1.3333333333333333,0.6666666666666666,O10,de-protonated,0,-9999,C15 H20 O10,15,20,10,-9999,-9999,-9999,-9999,N/A
189,359.098584,359.0985427884246,359.0988596453291,1518009.5,-9999,470544.7,20.62,-1,-0.882366780127955,0.8682542351353533,0,0.5209525410812119,10,1.1666666666666667,0.1111111111111111,N2 S1 P1 O2,de-protonated,0,-9999,C18 H21 O2 N2 P1 S1,18,21,2,2,1,1,-9999,N/A
189,359.098584,359.0985427884246,359.09820819664907,1518009.5,-9999,470544.7,20.62,-1,0.9317556253124808,0.8542528582781372,0,0.5125517149668823,1,2.5,0.4,N4 S2 P1 O4,de-protonated,0,-9999,C10 H25 O4 N4 P1 S2,10,25,4,4,1,2,-9999,N/A
190,359.112986,359.11294478976305,359.11297508058914,1045436.5,-9999,598608.3,13.62,-1,-0.08434901602312703,0.9987098697134617,0,0.5992259218280769,1,2.1818181818181817,0.8181818181818182,N2 S1 O9,de-protonated,0,-9999,C11 H24 O9 N2 S1,11,24,9,2,-9999,1,-9999,N/A
190,359.112986,359.11294478976305,359.11259495806905,1045436.5,-9999,598608.3,13.62,-1,0.9741560137600608,0.8418182330398432,0,0.5050909398239058,6,1.6153846153846154,0.4615384615384616,N4 P1 O6,de-protonated,0,-9999,C13 H21 O6 N4 P1,13,21,6,4,1,-9999,-9999,N/A
191,359.113849,359.1138077898433,359.1136265292691,2421180.8,-9999,408993.7,34,-1,0.5047443505853435,0.954825085364989,0,0.5728950512189934,10,1.0526315789473684,0.3684210526315789,O7,de-protonated,0,-9999,C19 H20 O7,19,20,7,-9999,-9999,-9999,-9999,N/A
191,359.113849,359.1138077898433,359.1134643379391,2421180.8,-9999,408993.7,34,-1,0.9563882680741368,0.8470740044403333,0,0.5082444026642,5,1.7857142857142858,0.07142857142857142,N4 S2 P1 O1,de-protonated,0,-9999,C14 H25 O1 N4 P1 S2,14,25,1,4,1,2,-9999,N/A
192,359.134931,359.1348897918026,359.13475589732906,981953.1,-9999,406970.4,12.68,-1,0.3728251620059518,0.9750942815558872,0,0.5850565689335322,5,1.5,0.5625,O9,de-protonated,0,-9999,C16 H24 O9,16,24,9,-9999,-9999,-9999,-9999,N/A
192,359.134931,359.1348897918026,359.1352451546791,981953.1,-9999,406970.4,12.68,-1,-0.9894959665289448,0.837229694468081,0,0.5023378166808486,9,1.3157894736842106,0.05263157894736842,N2 S1 P1 O1,de-protonated,0,-9999,C19 H25 O1 N2 P1 S1,19,25,1,2,1,1,-9999,N/A
193,359.15013,359.1500887932152,359.1500120386191,1061828.3,-9999,547489.9,13.86,-1,0.21371180165350767,0.9917469870413234,0,0.595048192224794,9,1.2,0.3,O6,de-protonated,0,-9999,C20 H24 O6,20,24,6,-9999,-9999,-9999,-9999,N/A
194,359.150742,359.15070079327205,359.1508814184891,948676.4,-9999,399739.9,12.19,-1,-0.5029229396740671,0.9551431204708108,0,0.5730858722824865,8,1.3333333333333333,0.04761904761904761,S2 O1,de-protonated,0,-9999,C21 H28 O1 S2,21,28,1,-9999,-9999,2,-9999,N/A
195,361.056732,361.0566909704138,361.0565055750291,2649685,-9999,371060.8,37.37,-1,0.5134802498045183,0.9532852353573766,0,0.5719711412144259,11,0.8235294117647058,0.5294117647058824,O9,de-protonated,0,-9999,C17 H14 O9,17,14,9,-9999,-9999,-9999,-9999,N/A
195,361.056732,361.0566909704138,361.0569948323791,2649685,-9999,371060.8,37.37,-1,-0.8415900249197422,0.8794000678122668,0,0.52764004068736,15,0.75,0.05,N2 S1 P1 O1,de-protonated,0,-9999,C20 H15 O1 N2 P1 S1,20,15,1,2,1,1,-9999,N/A
195,361.056732,361.0566909704138,361.05634338369913,2649685,-9999,371060.8,37.37,-1,0.9626938316888368,0.845216131765468,0,0.5071296790592807,6,1.5833333333333333,0.25,N4 S2 P1 O3,de-protonated,0,-9999,C12 H19 O3 N4 P1 S2,12,19,3,4,1,2,-9999,N/A
196,361.09213,361.09208897370365,361.0918595131791,1625436.6,-9999,554533,22.2,-1,0.6354630228289844,0.929348585145869,0,0.5576091510875214,6,1.5833333333333333,0.5833333333333334,N4 P1 O7,de-protonated,0,-9999,C12 H19 O7 N4 P1,12,19,7,4,1,-9999,-9999,N/A
197,361.093082,361.0930409737921,361.0928910843791,3591516.8,-9999,437671.2,51.32,-1,0.4150993183960532,0.9692187354569142,0,0.5815312412741485,10,1,0.4444444444444444,O8,de-protonated,0,-9999,C18 H18 O8,18,18,8,-9999,-9999,-9999,-9999,N/A
197,361.093082,361.0930409737921,361.092728893049,3591516.8,-9999,437671.2,51.32,-1,0.8642675912409883,0.8732489191939783,0,0.523949351516387,5,1.7692307692307692,0.15384615384615383,N4 S2 P1 O2,de-protonated,0,-9999,C13 H23 O2 N4 P1 S2,13,23,2,4,1,2,-9999,N/A
198,361.093669,361.09362797384665,361.0937604642491,2684253,-9999,723241.6,37.89,-1,-0.3669141285622418,0.9758682350018908,0,0.5855209410011345,9,1.1578947368421053,0.15789473684210523,S2 O3,de-protonated,0,-9999,C19 H22 O3 S2,19,22,3,-9999,-9999,2,-9999,N/A
199,361.128583,361.1285419770916,361.12862514504906,1578084.4,-9999,580761,21.5,-1,-0.2303000972327114,0.9904224597244052,0,0.5942534758346432,0,2.363636363636364,0.8181818181818182,N2 S1 O9,de-protonated,0,-9999,C11 H26 O9 N2 S1,11,26,9,2,-9999,1,-9999,N/A
199,361.128583,361.1285419770916,361.1282450225291,1578084.4,-9999,580761,21.5,-1,0.8222966953690832,0.8845373890764253,0,0.5307224334458551,5,1.7692307692307692,0.4615384615384616,N4 P1 O6,de-protonated,0,-9999,C13 H23 O6 N4 P1,13,23,6,4,1,-9999,-9999,N/A
200,361.1294,361.1293589771675,361.12927659372906,3497316.5,-9999,459744.3,49.93,-1,0.22812727679184824,0.99060148235593,0,0.594360889413558,9,1.1578947368421053,0.3684210526315789,O7,de-protonated,0,-9999,C19 H22 O7,19,22,7,-9999,-9999,-9999,-9999,N/A
200,361.1294,361.1293589771675,361.12911440239907,3497316.5,-9999,459744.3,49.93,-1,0.6772502096245111,0.9201443876189744,0,0.5520866325713847,4,1.9285714285714288,0.07142857142857142,N4 S2 P1 O1,de-protonated,0,-9999,C14 H27 O1 N4 P1 S2,14,27,1,4,1,2,-9999,N/A
201,361.129983,361.1299419772217,361.1301459735991,2527332.8,-9999,481696,35.56,-1,-0.5648832690838641,0.9437452371108797,0,0.5662471422665277,8,1.3,0.1,S2 O2,de-protonated,0,-9999,C20 H26 O2 S2,20,26,2,-9999,-9999,2,-9999,N/A
202,361.165893,361.1658519805591,361.16566210307906,1953388.3,-9999,415883.7,27.06,-1,0.5257351403848092,0.9510848942729628,0,0.5706509365637776,8,1.3,0.3,O6,de-protonated,0,-9999,C20 H26 O6,20,26,6,-9999,-9999,-9999,-9999,N/A
203,363.036027,363.0359861543684,363.03577013013904,1678462.5,-9999,365820.5,22.55,-1,0.5950494335101101,0.9377723604719664,0,0.5626634162831798,11,0.75,0.625,O10,de-protonated,0,-9999,C16 H12 O10,16,12,10,-9999,-9999,-9999,-9999,N/A
203,363.036027,363.0359861543684,363.0362593874891,1678462.5,-9999,365820.5,22.55,-1,-0.7526331424014742,0.9023229236951804,0,0.5413937542171083,15,0.6842105263157895,0.10526315789473684,N2 S1 P1 O2,de-protonated,0,-9999,C19 H13 O2 N2 P1 S1,19,13,2,2,1,1,-9999,N/A
204,363.072359,363.0723181577451,363.0721556394891,3734790.5,-9999,303524.7,52.43,-1,0.44761971819159346,0.9642972532463112,0,0.5785783519477866,10,0.9411764705882352,0.5294117647058824,O9,de-protonated,0,-9999,C17 H16 O9,17,16,9,-9999,-9999,-9999,-9999,N/A
204,363.072359,363.0723181577451,363.0726448968391,3734790.5,-9999,303524.7,52.43,-1,-0.8999276002017719,0.8633373240319391,0,0.5180023944191634,14,0.85,0.05,N2 S1 P1 O1,de-protonated,0,-9999,C20 H17 O1 N2 P1 S1,20,17,1,2,1,1,-9999,N/A
204,363.072359,363.0723181577451,363.07199344815905,3734790.5,-9999,303524.7,52.43,-1,0.8943393924576301,0.8649094562939762,0,0.5189456737763857,5,1.75,0.25,N4 S2 P1 O3,de-protonated,0,-9999,C12 H21 O3 N4 P1 S2,12,21,3,4,1,2,-9999,N/A
205,363.107816,363.1077751610404,363.10750957763906,2447630.3,-9999,548939.2,33.72,-1,0.7314180906558335,0.9074924400260124,0,0.5444954640156074,5,1.75,0.5833333333333334,N4 P1 O7,de-protonated,0,-9999,C12 H21 O7 N4 P1,12,21,7,4,1,-9999,-9999,N/A
206,363.108723,363.1086821611247,363.10854114883904,4643086.5,-9999,453605.6,65.63,-1,0.38834747654441343,0.9858343336581944,0.9748963975479712,0.9814591592141052,9,1.1111111111111112,0.4444444444444444,O8,de-protonated,0,-9999,C18 H20 O8,18,20,8,-9999,-9999,-9999,-9999,N/A
206,363.108723,363.1086821611247,363.1083789575091,4643086.5,-9999,453605.6,65.63,-1,0.835022360188812,0.8811588736645188,0,0.5286953241987112,4,1.9230769230769231,0.15384615384615383,N4 S2 P1 O2,de-protonated,0,-9999,C13 H25 O2 N4 P1 S2,13,25,2,4,1,2,-9999,N/A
207,363.145155,363.1451141645107,363.1449266581891,4872982.5,-9999,379689.2,68.97,-1,0.5163401932124498,0.9394689218522816,0.999376656231868,0.9634320156041162,8,1.263157894736842,0.3684210526315789,O7,de-protonated,0,-9999,C19 H24 O7,19,24,7,-9999,-9999,-9999,-9999,N/A
207,363.145155,363.1451141645107,363.14476446685904,4872982.5,-9999,379689.2,68.97,-1,0.962970379475122,0.8451344638691708,0,0.5070806783215025,3,2.0714285714285716,0.07142857142857142,N4 S2 P1 O1,de-protonated,0,-9999,C14 H29 O1 N4 P1 S2,14,29,1,4,1,2,-9999,N/A
208,363.181477,363.1814361678864,363.1813121675391,1380382.1,-9999,468812.1,18.22,-1,0.3414282154122342,0.9790700770606826,0,0.5874420462364095,7,1.4,0.3,O6,de-protonated,0,-9999,C20 H28 O6,20,28,6,-9999,-9999,-9999,-9999,N/A
209,363.182047,363.1820061679394,363.1821815474091,1031326.3,-9999,564318.2,13.14,-1,-0.4828966799356969,0.958570780036637,0,0.5751424680219822,6,1.5238095238095235,0.04761904761904761,S2 O1,de-protonated,0,-9999,C21 H32 O1 S2,21,32,1,-9999,-9999,2,-9999,N/A
210,364.111968,364.11192725436575,364.11189598390905,1075433.8,-9999,487032.4,13.78,-1,0.0858814475636939,0.9986625980096764,0.9748963975479712,0.9891561178249942,9,1.1764705882352942,0.4705882352941176,13C1 O8,de-protonated,1,206,C17 H20 O8 13C1,17,20,8,-9999,-9999,-9999,1,N/A
211,364.148559,364.1485182577665,364.1482814932591,1005809.8,-9999,534529.3,12.77,-1,0.6501870788324284,0.9261619152978278,0.999376656231868,0.9554478116714438,8,1.3333333333333333,0.3888888888888889,13C1 O7,de-protonated,1,207,C18 H24 O7 13C1,18,24,7,-9999,-9999,-9999,1,N/A
212,365.051661,365.0516203417003,365.0514201945991,3559097.5,-9999,374433.2,49.87,-1,0.5482709837838929,0.9469171565027183,0,0.568150293901631,10,0.875,0.625,O10,de-protonated,0,-9999,C16 H14 O10,16,14,10,-9999,-9999,-9999,-9999,N/A
212,365.051661,365.0516203417003,365.0519094519491,3559097.5,-9999,374433.2,49.87,-1,-0.7919702410644143,0.8924295752049488,0,0.5354577451229693,14,0.7894736842105263,0.10526315789473684,N2 S1 P1 O2,de-protonated,0,-9999,C19 H15 O2 N2 P1 S1,19,15,2,2,1,1,-9999,N/A
212,365.051661,365.0516203417003,365.0512580032691,3559097.5,-9999,374433.2,49.87,-1,0.9925686416069184,0.8363050112913933,0,0.501783006774836,5,1.7272727272727273,0.3636363636363637,N4 S2 P1 O4,de-protonated,0,-9999,C11 H19 O4 N4 P1 S2,11,19,4,4,1,2,-9999,N/A
213,365.087089,365.087048344993,365.0867741327491,2256065.3,-9999,464705.2,30.93,-1,0.7510878599525767,0.9027034480997596,0,0.5416220688598558,5,1.7272727272727273,0.7272727272727273,N4 P1 O8,de-protonated,0,-9999,C11 H19 O8 N4 P1,11,19,8,4,1,-9999,-9999,N/A
214,365.088014,365.0879733450789,365.0878057039491,6416577.5,-9999,420440.4,91.39,-1,0.4591803046551418,0.9406959590885218,0.954559703007109,0.9462414566559566,9,1.0588235294117647,0.5294117647058824,O9,de-protonated,0,-9999,C17 H18 O9,17,18,9,-9999,-9999,-9999,-9999,N/A
214,365.088014,365.0879733450789,365.0882949612991,6416577.5,-9999,420440.4,91.39,-1,-0.8809272293886088,0.8970101878407065,0.977093172271278,0.9290433816129352,13,0.95,0.05,N2 S1 P1 O1,de-protonated,0,-9999,C20 H19 O1 N2 P1 S1,20,19,1,2,1,1,-9999,N/A
214,365.088014,365.0879733450789,365.0876435126191,6416577.5,-9999,420440.4,91.39,-1,0.90343364313018,0.8623474379672873,0,0.5174084627803723,4,1.9166666666666667,0.25,N4 S2 P1 O3,de-protonated,0,-9999,C12 H23 O3 N4 P1 S2,12,23,3,4,1,2,-9999,N/A
215,365.123478,365.1234373483749,365.1231596420991,3713225.5,-9999,564551.7,52.11,-1,0.760582473312137,0.9003556112559764,0,0.5402133667535858,4,1.9166666666666667,0.5833333333333334,N4 P1 O7,de-protonated,0,-9999,C12 H23 O7 N4 P1,12,23,7,4,1,-9999,-9999,N/A
216,365.124479,365.124438348468,365.124191213299,7914697.5,-9999,407323.3,113.16,-1,0.6768523556669457,0.9022676237909828,0.98368604847006,0.9348349936626136,8,1.2222222222222223,0.4444444444444444,O8,de-protonated,0,-9999,C18 H22 O8,18,22,8,-9999,-9999,-9999,-9999,N/A
217,365.159939,365.1598983517636,365.15954515144904,1752785.5,-9999,523436.9,23.62,-1,0.9672493003883352,0.8438688673950843,0,0.5063213204370506,3,2.076923076923077,0.4615384615384616,N4 P1 O6,de-protonated,0,-9999,C13 H27 O6 N4 P1,13,27,6,4,1,-9999,-9999,N/A
218,365.160805,365.1607643518441,365.16057672264907,3717329.8,-9999,589743.6,52.17,-1,0.5138265381633765,0.9532237034003354,0,0.5719342220402012,7,1.368421052631579,0.3684210526315789,O7,de-protonated,0,-9999,C19 H26 O7,19,26,7,-9999,-9999,-9999,-9999,N/A
218,365.160805,365.1607643518441,365.1604145313191,3717329.8,-9999,589743.6,52.17,-1,0.9579913678527678,0.8466024380022623,0,0.5079614628013573,2,2.2142857142857144,0.07142857142857142,N4 S2 P1 O1,de-protonated,0,-9999,C14 H31 O1 N4 P1 S2,14,31,1,4,1,2,-9999,N/A
219,365.161259,365.16121835188625,365.16144610251905,3474641.8,-9999,435395.9,48.64,-1,-0.6236984633335038,0.9318499288432612,0,0.5591099573059568,6,1.5,0.1,S2 O2,de-protonated,0,-9999,C20 H30 O2 S2,20,30,2,-9999,-9999,2,-9999,N/A
220,366.083293,366.0832524375797,366.08305467614906,964255.9,-9999,440611.1,12.16,-1,0.54020919051264,0.9484260680720497,0,0.5690556408432298,9,1.0625,0.5625,N1 O9,de-protonated,0,-9999,C16 H17 O9 N1,16,17,9,1,-9999,-9999,-9999,N/A
220,366.083293,366.0832524375797,366.08354393349913,964255.9,-9999,440611.1,12.16,-1,-0.7962551834733195,0.8913282468995971,0,0.5347969481397582,13,0.9473684210526316,0.05263157894736842,N3 S1 P1 O1,de-protonated,0,-9999,C19 H18 O1 N3 P1 S1,19,18,1,3,1,1,-9999,N/A
221,366.091451,366.09141043833785,366.09116053901914,1611681.8,-9999,505044.8,21.57,-1,0.6826150031464453,0.918927161477786,0.954559703007109,0.9331801780895153,9,1.125,0.5625,13C1 O9,de-protonated,1,214,C16 H18 O9 13C1,16,18,9,-9999,-9999,-9999,1,N/A
221,366.091451,366.09141043833785,366.0916497963691,1611681.8,-9999,505044.8,21.57,-1,-0.6538199695114448,0.925366147477787,0.977093172271278,0.9460569573951834,13,1,0.05263157894736842,13C1 N2 S1 P1 O1,de-protonated,1,214,C19 H19 O1 N2 P1 S1 13C1,19,19,1,2,1,1,1,N/A
222,366.127888,366.1278474417242,366.1275460483691,1728809.9,-9999,374102,23.27,-1,0.823192241173673,0.8843009089041366,0.98368604847006,0.924054964730506,8,1.2941176470588236,0.4705882352941176,13C1 O8,de-protonated,1,216,C17 H22 O8 13C1,17,22,8,-9999,-9999,-9999,1,N/A
222,366.127888,366.1278474417242,366.12817165133913,1728809.9,-9999,374102,23.27,-1,-0.8855085184988853,0.8673796470442957,0,0.5204277882265774,12,1.05,0.1,N3 S1 O2,de-protonated,0,-9999,C20 H21 O2 N3 S1,20,21,2,3,-9999,1,-9999,N/A
223,366.164234,366.1641934451023,366.1645571606891,991666.1,-9999,482837.7,12.56,-1,-0.9933118313349288,0.8360810808268303,0,0.5016486484960981,11,1.1904761904761905,0.04761904761904761,N3 S1 O1,de-protonated,0,-9999,C21 H25 O1 N3 S1,21,25,1,3,-9999,1,-9999,N/A
224,367.030957,367.030916525655,367.0306847497091,1188725.8,-9999,429175.4,15.42,-1,0.6314892883250929,0.9301979415523126,0,0.5581187649313876,10,0.8,0.7333333333333333,O11,de-protonated,0,-9999,C15 H12 O11,15,12,11,-9999,-9999,-9999,-9999,N/A
224,367.030957,367.030916525655,367.03117400705906,1188725.8,-9999,429175.4,15.42,-1,-0.7015246177525621,0.9145733799042584,0,0.548744027942555,14,0.7222222222222222,0.16666666666666666,N2 S1 P1 O3,de-protonated,0,-9999,C18 H13 O3 N2 P1 S1,18,13,3,2,1,1,-9999,N/A
225,367.06634,367.06629952894355,367.0660386878591,2329725.8,-9999,570197.8,32,-1,0.7106107811038237,0.9124465938109324,0,0.5474679562865594,5,1.7,0.9,N4 P1 O9,de-protonated,0,-9999,C10 H17 O9 N4 P1,10,17,9,4,1,-9999,-9999,N/A
226,367.067338,367.06729752903624,367.0670702590591,4672638,-9999,351351.4,66.04,-1,0.6191510912996797,0.932806024960108,0,0.5596836149760648,9,1,0.625,O10,de-protonated,0,-9999,C16 H16 O10,16,16,10,-9999,-9999,-9999,-9999,N/A
226,367.067338,367.06729752903624,367.0675595164091,4672638,-9999,351351.4,66.04,-1,-0.7137306637109689,0.4558555842532072,0.8295321147073604,0.6053261964348684,13,0.8947368421052632,0.10526315789473684,N2 S1 P1 O2,de-protonated,0,-9999,C19 H17 O2 N2 P1 S1,19,17,2,2,1,1,-9999,N/A
227,367.102812,367.1027715323332,367.1024241972091,3249798,-9999,442134.5,45.37,-1,0.9461531747268714,0.8500722595801997,0,0.5100433557481198,4,1.9090909090909092,0.7272727272727273,N4 P1 O8,de-protonated,0,-9999,C11 H21 O8 N4 P1,11,21,8,4,1,-9999,-9999,N/A
228,367.103764,367.10372353242167,367.1034557684091,8543878,-9999,316759.3,122.3,-1,0.7293966002093082,0.9334422742468234,0.9917033308738424,0.956746696897631,8,1.1764705882352942,0.5294117647058824,O9,de-protonated,0,-9999,C17 H20 O9,17,20,9,-9999,-9999,-9999,-9999,N/A
228,367.103764,367.10372353242167,367.1039450257591,8543878,-9999,316759.3,122.3,-1,-0.6033531931490884,0.9235632406291304,0.9453542082634884,0.9322796276828738,12,1.05,0.05,N2 S1 P1 O1,de-protonated,0,-9999,C20 H21 O1 N2 P1 S1,20,21,1,2,1,1,-9999,N/A
229,367.140119,367.1400785358005,367.1398412777591,7949966.5,-9999,335108.3,113.67,-1,0.646233436783159,0.9339067901755562,0.9921582303359188,0.9572073662397012,7,1.3333333333333333,0.4444444444444444,O8,de-protonated,0,-9999,C18 H24 O8,18,24,8,-9999,-9999,-9999,-9999,N/A
230,367.17653,367.1764895391845,367.1762267871091,2327446.8,-9999,368372.1,31.97,-1,0.7156020903083427,0.9112687718282172,0,0.5467612630969304,6,1.4736842105263157,0.3684210526315789,O7,de-protonated,0,-9999,C19 H28 O7,19,28,7,-9999,-9999,-9999,-9999,N/A
231,368.107028,368.1069876256645,368.1068106034791,1671275.3,-9999,507744,22.43,-1,0.4808989680977556,0.9589057236361112,0.9917033308738424,0.9720247665312036,8,1.25,0.5625,13C1 O9,de-protonated,1,228,C16 H20 O9 13C1,16,20,9,-9999,-9999,-9999,1,N/A
231,368.107028,368.1069876256645,368.10729986082913,1671275.3,-9999,507744,22.43,-1,0.716543488734214,0.9110458729769858,0.9453542082634884,0.9247692070915868,12,1.105263157894737,0.05263157894736842,13C1 N2 S1 P1 O1,de-protonated,1,228,C19 H21 O1 N2 P1 S1 13C1,19,21,1,2,1,1,1,N/A
232,368.107604,368.107563625718,368.10729986082913,1200491.4,-9999,473234.1,15.59,-1,0.716543488734214,0.9110458729769858,0.9453542082634884,0.9247692070915868,12,1.105263157894737,0.05263157894736842,13C1 N2 S1 P1 O1,de-protonated,1,228,C19 H21 O1 N2 P1 S1 13C1,19,21,1,2,1,1,1,N/A
232,368.107604,368.107563625718,368.1074362064491,1200491.4,-9999,473234.1,15.59,-1,0.34614695700148695,0.9784938599412952,0,0.5870963159647771,12,1,0.15789473684210523,N3 S1 O3,de-protonated,0,-9999,C19 H19 O3 N3 S1,19,19,3,3,-9999,1,-9999,N/A
233,368.14345,368.1434096290495,368.14319611282906,1459571.6,-9999,531347.9,19.35,-1,0.5799814383836079,0.9407899057950464,0.9921582303359188,0.9613372356113954,7,1.411764705882353,0.4705882352941176,13C1 O8,de-protonated,1,229,C17 H24 O8 13C1,17,24,8,-9999,-9999,-9999,1,N/A
234,368.1439,368.1438596290913,368.1438217157991,1180211.8,-9999,360503.4,15.29,-1,0.10298500196684704,0.9980774219743944,0,0.5988464531846367,11,1.15,0.1,N3 S1 O2,de-protonated,0,-9999,C20 H23 O2 N3 S1,20,23,2,3,-9999,1,-9999,N/A
235,369.046526,369.0464857129809,369.0463348141691,2458179.8,-9999,456990.4,33.86,-1,0.40888852580579177,0.970119155420278,0,0.5820714932521668,9,0.9333333333333332,0.7333333333333333,O11,de-protonated,0,-9999,C15 H14 O11,15,14,11,-9999,-9999,-9999,-9999,N/A
235,369.046526,369.0464857129809,369.0468240715191,2458179.8,-9999,456990.4,33.86,-1,-0.9168444656489356,0.8585361849142514,0,0.5151217109485509,13,0.8333333333333334,0.16666666666666666,N2 S1 P1 O3,de-protonated,0,-9999,C18 H15 O3 N2 P1 S1,18,15,3,2,1,1,-9999,N/A
235,369.046526,369.0464857129809,369.0461726228391,2458179.8,-9999,456990.4,33.86,-1,0.8483766125047232,0.8775718914239783,0,0.526543134854387,4,1.9,0.5,N4 S2 P1 O5,de-protonated,0,-9999,C10 H19 O5 N4 P1 S2,10,19,5,4,1,2,-9999,N/A
236,369.047171,369.0471307130409,369.0474755201991,1804868,-9999,548141.1,24.37,-1,-0.9343165340511996,0.8535124444407004,0,0.5121074666644202,22,0.4230769230769231,0.03846153846153846,P1 O1,de-protonated,0,-9999,C26 H11 O1 P1,26,11,1,-9999,1,-9999,-9999,N/A
236,369.047171,369.0471307130409,369.04720419403907,1804868,-9999,548141.1,24.37,-1,-0.19911002538780492,0.9928323139932956,0,0.5956993883959775,8,1.125,0.375,S2 O6,de-protonated,0,-9999,C16 H18 O6 S2,16,18,6,-9999,-9999,2,-9999,N/A
236,369.047171,369.0471307130409,369.0468240715191,1804868,-9999,548141.1,24.37,-1,0.8309013972576107,0.8822572025406592,0,0.5293543215243955,13,0.8333333333333334,0.16666666666666666,N2 S1 P1 O3,de-protonated,0,-9999,C18 H15 O3 N2 P1 S1,18,15,3,2,1,1,-9999,N/A
237,369.061847,369.0618067144048,369.06159095545905,988231.3,-9999,405584.2,12.5,-1,0.5846150102659207,0.9398691907431914,0,0.5639215144459149,13,0.7368421052631579,0.42105263157894735,O8,de-protonated,0,-9999,C19 H14 O8,19,14,8,-9999,-9999,-9999,-9999,N/A
239,369.083037,369.0829967163742,369.0827203235191,6769740,-9999,324262.1,96.51,-1,0.7488642516220266,0.9417589774152472,0.9957621210752636,0.9633602348792536,8,1.125,0.625,O10,de-protonated,0,-9999,C16 H18 O10,16,18,10,-9999,-9999,-9999,-9999,N/A
239,369.083037,369.0829967163742,369.0832095808691,6769740,-9999,324262.1,96.51,-1,-0.5767384951255843,0.8891646436154362,0.981292613192631,0.926015831446314,12,1,0.10526315789473684,N2 S1 P1 O2,de-protonated,0,-9999,C19 H19 O2 N2 P1 S1,19,19,2,2,1,1,-9999,N/A
240,369.098161,369.09812071777986,369.0979764648091,1024591.8,-9999,539368.5,13.03,-1,0.3908256884464279,0.972665217403532,0,0.5835991304421192,12,0.9,0.35,O7,de-protonated,0,-9999,C20 H18 O7,20,18,7,-9999,-9999,-9999,-9999,N/A
240,369.098161,369.09812071777986,369.09781427347906,1024591.8,-9999,539368.5,13.03,-1,0.830252277184255,0.8824298365583029,0,0.5294579019349817,7,1.5333333333333334,0.06666666666666667,N4 S2 P1 O1,de-protonated,0,-9999,C15 H23 O1 N4 P1 S2,15,23,1,4,1,2,-9999,N/A
241,369.118457,369.1184167196662,369.11807426166905,3480660.5,-9999,535194.7,48.72,-1,0.927773579669137,0.8554013855003099,0,0.5132408313001859,3,2.090909090909091,0.7272727272727273,N4 P1 O8,de-protonated,0,-9999,C11 H23 O8 N4 P1,11,23,8,4,1,-9999,-9999,N/A
242,369.119382,369.1193417197521,369.1191058328691,8504405,-9999,424497.4,121.72,-1,0.6390535717675626,0.9353539321605612,0.9723868573366158,0.950167102230983,7,1.2941176470588236,0.5294117647058824,O9,de-protonated,0,-9999,C17 H22 O9,17,22,9,-9999,-9999,-9999,-9999,N/A
242,369.119382,369.1193417197521,369.1195950902191,8504405,-9999,424497.4,121.72,-1,-0.6864183597714799,0.8922894447407629,0.9342101481483632,0.9090577261038032,11,1.15,0.05,N2 S1 P1 O1,de-protonated,0,-9999,C20 H23 O1 N2 P1 S1,20,23,1,2,1,1,-9999,N/A
244,369.155762,369.1557217231333,369.1554913422191,3401821,-9999,417724.7,47.57,-1,0.6240755442190132,0.931770376730365,0,0.559062226038219,6,1.4444444444444444,0.4444444444444444,O8,de-protonated,0,-9999,C18 H26 O8,18,26,8,-9999,-9999,-9999,-9999,N/A
245,370.086238,370.0861978096112,370.0860751585891,1211189.9,-9999,523599.4,15.74,-1,0.3314121506171129,0.9802680370932398,0.9957621210752636,0.9864656706860494,8,1.2,0.6666666666666666,13C1 O10,de-protonated,1,239,C15 H18 O10 13C1,15,18,10,-9999,-9999,-9999,1,N/A
245,370.086238,370.0861978096112,370.0865644159391,1211189.9,-9999,523599.4,15.74,-1,-0.9905961555462004,0.8368988184266625,0.981292613192631,0.8946563363330498,12,1.0555555555555556,0.1111111111111111,13C1 N2 S1 P1 O2,de-protonated,1,239,C18 H19 O2 N2 P1 S1 13C1,18,19,2,2,1,1,1,N/A
246,370.122713,370.12267281300115,370.1224606679391,1903934.4,-9999,533473.7,25.8,-1,0.5731753258394672,0.9421306416722304,0.9723868573366158,0.9542331279379844,7,1.375,0.5625,13C1 O9,de-protonated,1,242,C16 H22 O9 13C1,16,22,9,-9999,-9999,-9999,1,N/A
246,370.122713,370.12267281300115,370.1229499252891,1903934.4,-9999,533473.7,25.8,-1,0.8885905844049788,0.8665195104398222,0.9342101481483632,0.8935957655232386,11,1.2105263157894737,0.05263157894736842,13C1 N2 S1 P1 O1,de-protonated,1,242,C19 H23 O1 N2 P1 S1 13C1,19,23,1,2,1,1,1,N/A
247,370.123319,370.1232788130575,370.1229499252891,1073214.5,-9999,510981.1,13.73,-1,0.8885905844049788,0.8665195104398222,0.9342101481483632,0.8935957655232386,11,1.2105263157894737,0.05263157894736842,13C1 N2 S1 P1 O1,de-protonated,1,242,C19 H23 O1 N2 P1 S1 13C1,19,23,1,2,1,1,1,N/A
247,370.123319,370.1232788130575,370.12308627090914,1073214.5,-9999,510981.1,13.73,-1,0.5202111283588113,0.9520825134177116,0,0.5712495080506269,11,1.105263157894737,0.15789473684210523,N3 S1 O3,de-protonated,0,-9999,C19 H21 O3 N3 S1,19,21,3,3,-9999,1,-9999,N/A
248,371.041217,371.0411768983664,371.0408555105691,1115798.4,-9999,349644.3,14.07,-1,0.8661790003847393,0.8727249889994306,0,0.5236349933996584,13,0.6666666666666666,0.5,O9,de-protonated,0,-9999,C18 H12 O9,18,12,9,-9999,-9999,-9999,-9999,N/A
248,371.041217,371.0411768983664,371.0413447679191,1115798.4,-9999,349644.3,14.07,-1,-0.45242815942369347,0.9635403085110158,0,0.5781241851066095,17,0.6190476190476191,0.04761904761904761,N2 S1 P1 O1,de-protonated,0,-9999,C21 H13 O1 N2 P1 S1,21,13,1,2,1,1,-9999,N/A
250,371.062279,371.0622389003239,371.06198487862906,3167259.5,-9999,420194.1,43.3,-1,0.6845802189257404,0.9184792730604622,0,0.5510875638362773,8,1.0666666666666669,0.7333333333333333,O11,de-protonated,0,-9999,C15 H16 O11,15,16,11,-9999,-9999,-9999,-9999,N/A
250,371.062279,371.0622389003239,371.06247413597913,3167259.5,-9999,420194.1,43.3,-1,-0.6339516162954612,0.9296721734866554,0,0.5578033040919932,12,0.9444444444444444,0.16666666666666666,N2 S1 P1 O3,de-protonated,0,-9999,C18 H17 O3 N2 P1 S1,18,17,3,2,1,1,-9999,N/A
251,371.077476,371.0774359017363,371.0772410199191,1947679,-9999,399866.9,25.92,-1,0.5251785764940217,0.9511858377465364,0,0.5707115026479219,12,0.8421052631578947,0.42105263157894735,O8,de-protonated,0,-9999,C19 H16 O8,19,16,8,-9999,-9999,-9999,-9999,N/A
251,371.077476,371.0774359017363,371.0770788285891,1947679,-9999,399866.9,25.92,-1,0.9622613941199896,0.8453438045862873,0,0.5072062827517724,7,1.5,0.14285714285714285,N4 S2 P1 O2,de-protonated,0,-9999,C14 H21 O2 N4 P1 S2,14,21,2,4,1,2,-9999,N/A
252,371.097714,371.0976739036173,371.0973388167791,2152483.8,-9999,486107.3,28.84,-1,0.9029621156311242,0.8624807255209145,0,0.5174884353125486,3,2.1,0.9,N4 P1 O9,de-protonated,0,-9999,C10 H21 O9 N4 P1,10,21,9,4,1,-9999,-9999,N/A
253,371.098688,371.0986479037078,371.09837038797906,5284388,-9999,442725.6,73.47,-1,0.7478225473721348,0.9350995766940048,0.9719151976828831,0.949825825089556,7,1.25,0.625,O10,de-protonated,0,-9999,C16 H20 O10,16,20,10,-9999,-9999,-9999,-9999,N/A
253,371.098688,371.0986479037078,371.0988596453291,5284388,-9999,442725.6,73.47,-1,-0.5705800917887757,0.9053891210055756,0.9948604634149888,0.9411776579693408,11,1.105263157894737,0.10526315789473684,N2 S1 P1 O2,de-protonated,0,-9999,C19 H21 O2 N2 P1 S1,19,21,2,2,1,1,-9999,N/A
254,371.113903,371.11386290512183,371.1136265292691,1695527.6,-9999,486838.8,22.33,-1,0.636936603383338,0.9290324622069692,0,0.5574194773241816,11,1,0.35,O7,de-protonated,0,-9999,C20 H20 O7,20,20,7,-9999,-9999,-9999,-9999,N/A
255,371.114562,371.11452190518304,371.11449590913907,990631.8,-9999,479463,12.28,-1,0.07004858139475315,0.9991100631335008,0,0.5994660378801006,10,1.1428571428571428,0.09523809523809525,S2 O2,de-protonated,0,-9999,C21 H24 O2 S2,21,24,2,-9999,-9999,2,-9999,N/A
256,371.134098,371.1340579069987,371.1337243261291,1793068.4,-9999,596842.7,23.72,-1,0.898815838604845,0.8636506482985938,0,0.5181903889791563,2,2.272727272727273,0.7272727272727273,N4 P1 O8,de-protonated,0,-9999,C11 H25 O8 N4 P1,11,25,8,4,1,-9999,-9999,N/A
257,371.135019,371.1349789070843,371.13475589732906,3271212.5,-9999,450643.4,44.78,-1,0.6008862057751376,0.9365853438320824,0,0.5619512062992493,6,1.411764705882353,0.5294117647058824,O9,de-protonated,0,-9999,C17 H24 O9,17,24,9,-9999,-9999,-9999,-9999,N/A
257,371.135019,371.1349789070843,371.1352451546791,3271212.5,-9999,450643.4,44.78,-1,-0.7173869855850948,0.9108459521782956,0,0.5465075713069774,10,1.25,0.05,N2 S1 P1 O1,de-protonated,0,-9999,C20 H25 O1 N2 P1 S1,20,25,1,2,1,1,-9999,N/A
258,371.171767,371.1717269104997,371.17201078654904,1014069.3,-9999,346111.2,12.62,-1,-0.76480995634453,0.899302735058104,0,0.5395816410348624,4,1.6842105263157894,0.15789473684210523,S2 O3,de-protonated,0,-9999,C19 H32 O3 S2,19,32,3,-9999,-9999,2,-9999,N/A
259,372.101926,372.1018859969481,372.1017252230491,1125650.3,-9999,427182.3,14.2,-1,0.4320697490551819,0.966693672311014,0.9719151976828831,0.9687822824597616,7,1.3333333333333333,0.6666666666666666,13C1 O10,de-protonated,1,253,C15 H20 O10 13C1,15,20,10,-9999,-9999,-9999,1,N/A
259,372.101926,372.1018859969481,372.10221448039914,1125650.3,-9999,427182.3,14.2,-1,-0.8827774687847457,0.8681400354030214,0.9948604634149888,0.9188282066078084,11,1.1666666666666667,0.1111111111111111,13C1 N2 S1 P1 O2,de-protonated,1,253,C18 H21 O2 N2 P1 S1 13C1,18,21,2,2,1,1,1,N/A
260,373.056863,373.0568230856995,373.0565055750291,2004215.3,-9999,408970.9,26.72,-1,0.8511061075510747,0.8768335574748285,0,0.5261001344848971,12,0.7777777777777778,0.5,O9,de-protonated,0,-9999,C18 H14 O9,18,14,9,-9999,-9999,-9999,-9999,N/A
260,373.056863,373.0568230856995,373.05699483237913,2004215.3,-9999,408970.9,26.72,-1,-0.4603765162802665,0.96227267680284,0,0.5773636060817039,16,0.7142857142857143,0.04761904761904761,N2 S1 P1 O1,de-protonated,0,-9999,C21 H15 O1 N2 P1 S1,21,15,1,2,1,1,-9999,N/A
261,373.057191,373.05715108573,373.05737495489905,1995511.4,-9999,429432.8,26.6,-1,-0.6000931334045239,0.9367472215489686,0,0.5620483329293812,11,0.9473684210526316,0.21052631578947367,S2 O4,de-protonated,0,-9999,C19 H18 O4 S2,19,18,4,-9999,-9999,2,-9999,N/A
261,373.057191,373.05715108573,373.05699483237913,1995511.4,-9999,429432.8,26.6,-1,0.41884578764672303,0.9686694322065872,0,0.5812016593239523,16,0.7142857142857143,0.04761904761904761,N2 S1 P1 O1,de-protonated,0,-9999,C21 H15 O1 N2 P1 S1,21,15,1,2,1,1,-9999,N/A
262,373.077979,373.077939087662,373.0776349430891,1995260.4,-9999,383800.6,26.59,-1,0.8152313202976295,0.8863962629536175,0,0.5318377577721705,7,1.2,0.7333333333333333,O11,de-protonated,0,-9999,C15 H18 O11,15,18,11,-9999,-9999,-9999,-9999,N/A
262,373.077979,373.077939087662,373.07812420043905,1995260.4,-9999,383800.6,26.59,-1,-0.4961769802054027,0.9563119213182584,0,0.573787152790955,11,1.0555555555555556,0.16666666666666666,N2 S1 P1 O3,de-protonated,0,-9999,C18 H19 O3 N2 P1 S1,18,19,3,2,1,1,-9999,N/A
263,373.092317,373.09227708899454,373.09223963569906,1232383.9,-9999,493412.2,15.72,-1,0.10038615521224324,0.9981731433465404,0,0.5989038860079243,2,2,0.9090909090909092,N2 S1 O10,de-protonated,0,-9999,C11 H22 O10 N2 S1,11,22,10,2,-9999,1,-9999,N/A
264,373.09326,373.0932200890822,373.0928910843791,2965504,-9999,391463.2,40.42,-1,0.8818305331943308,0.8684032913172653,0,0.5210419747903592,11,0.9473684210526316,0.42105263157894735,O8,de-protonated,0,-9999,C19 H18 O8,19,18,8,-9999,-9999,-9999,-9999,N/A
265,373.11433,373.1142900910404,373.1140204524391,2198277.3,-9999,380092.3,29.49,-1,0.7226707830033905,0.9095892711280276,0,0.5457535626768164,6,1.375,0.625,O10,de-protonated,0,-9999,C16 H22 O10,16,22,10,-9999,-9999,-9999,-9999,N/A
265,373.11433,373.1142900910404,373.1145097097891,2198277.3,-9999,380092.3,29.49,-1,-0.5886095099126502,0.9390703133675908,0,0.5634421880205545,10,1.2105263157894737,0.10526315789473684,N2 S1 P1 O2,de-protonated,0,-9999,C19 H23 O2 N2 P1 S1,19,23,2,2,1,1,-9999,N/A
266,373.128709,373.1286690923768,373.12862514504906,1001480.6,-9999,474979,12.43,-1,0.1177806386114942,0.9974860584867614,0,0.5984916350920568,1,2.1666666666666665,0.75,N2 S1 O9,de-protonated,0,-9999,C12 H26 O9 N2 S1,12,26,9,2,-9999,1,-9999,N/A
267,373.129666,373.12962609246574,373.1292765937291,2197000.8,-9999,375285.7,29.47,-1,0.9366692954672808,0.8528309871501889,0,0.5116985922901133,10,1.1,0.35,O7,de-protonated,0,-9999,C20 H22 O7,20,22,7,-9999,-9999,-9999,-9999,N/A
268,375.036175,375.0361352696557,375.03577013013904,1662936.6,-9999,395078.4,21.85,-1,0.9736125077323572,0.8419799500023696,0,0.5051879700014217,12,0.7058823529411765,0.5882352941176471,O10,de-protonated,0,-9999,C17 H12 O10,17,12,10,-9999,-9999,-9999,-9999,N/A
268,375.036175,375.0361352696557,375.0362593874891,1662936.6,-9999,395078.4,21.85,-1,-0.33094888911620884,0.9803226168693236,0,0.5881935701215941,16,0.65,0.1,N2 S1 P1 O2,de-protonated,0,-9999,C20 H13 O2 N2 P1 S1,20,13,2,2,1,1,-9999,N/A
269,375.036895,375.0368552697226,375.0366395100091,1035480.8,-9999,751712.3,12.91,-1,0.5753030258437979,0.9417130018642738,0,0.5650278011185642,11,0.8888888888888888,0.2777777777777778,S2 O5,de-protonated,0,-9999,C18 H16 O5 S2,18,16,5,-9999,-9999,2,-9999,N/A
269,375.036895,375.0368552697226,375.03710754065906,1035480.8,-9999,751712.3,12.91,-1,-0.6726559356365229,0.9211804231689642,0,0.5527082539013785,17,0.4444444444444444,0.3333333333333333,N4 O6,de-protonated,0,-9999,C18 H8 O6 N4,18,8,6,4,-9999,-9999,-9999,N/A
271,375.072482,375.07244227303,375.0721556394891,4277729.5,-9999,410392.6,59.11,-1,0.7642090637376314,0.8994526709792994,0,0.5396716025875796,11,0.8888888888888888,0.5,O9,de-protonated,0,-9999,C18 H16 O9,18,16,9,-9999,-9999,-9999,-9999,N/A
271,375.072482,375.07244227303,375.0726448968391,4277729.5,-9999,410392.6,59.11,-1,-0.5402255053068612,0.4742115173113821,0.8149093904448103,0.6104906665647534,15,0.8095238095238095,0.04761904761904761,N2 S1 P1 O1,de-protonated,0,-9999,C21 H17 O1 N2 P1 S1,21,17,1,2,1,1,-9999,N/A
272,375.107898,375.1078582763216,375.1078897001591,2072298.3,-9999,507428.7,27.68,-1,-0.08377279814579096,0.9987274249943652,0,0.59923645499661915,1,2.1818181818181817,0.9090909090909092,N2 S1 O10,de-protonated,0,-9999,C11 H24 O10 N2 S1,11,24,10,2,-9999,1,-9999,N/A
272,375.107898,375.1078582763216,375.10750957763906,2072298.3,-9999,507428.7,27.68,-1,0.9295966452220754,0.8548759842131503,0,0.5129255905278901,6,1.6153846153846154,0.5384615384615384,N4 P1 O7,de-protonated,0,-9999,C13 H21 O7 N4 P1,13,21,7,4,1,-9999,-9999,N/A
273,375.108872,375.1088322764121,375.10854114883904,5283306.5,-9999,417109.4,73.44,-1,0.7761155535736401,0.448232248994043,0.8295321147073604,0.60075219527937,10,1.0526315789473684,0.42105263157894735,O8,de-protonated,0,-9999,C19 H20 O8,19,20,8,-9999,-9999,-9999,-9999,N/A
274,375.144285,375.1442452797034,375.1442752095091,1383923.3,-9999,488835.7,17.87,-1,-0.07978212029196916,0.998845711935403,0,0.5993074271612417,0,2.3333333333333335,0.75,N2 S1 O9,de-protonated,0,-9999,C12 H28 O9 N2 S1,12,28,9,2,-9999,1,-9999,N/A
274,375.144285,375.1442452797034,375.14389508698906,1383923.3,-9999,488835.7,17.87,-1,0.9334890395988288,0.8537518428958145,0,0.5122511057374887,5,1.7857142857142858,0.42857142857142855,N4 P1 O6,de-protonated,0,-9999,C14 H25 O6 N4 P1,14,25,6,4,1,-9999,-9999,N/A
275,375.145287,375.1452472797965,375.1449266581891,3962099.5,-9999,315416.1,54.61,-1,0.8546606513979627,0.4379347136917999,0.8221557383861047,0.5916231235695218,9,1.2,0.35,O7,de-protonated,0,-9999,C20 H24 O7,20,24,7,-9999,-9999,-9999,-9999,N/A
276,375.18163500000003,375.18159528317466,375.1813121675391,1092092.4,-9999,431765.8,13.72,-1,0.7546101748315184,0.9018351756083262,0,0.5411011053649957,8,1.3333333333333333,0.2857142857142857,O6,de-protonated,0,-9999,C21 H28 O6,21,28,6,-9999,-9999,-9999,-9999,N/A
277,376.067773,376.0677333655318,376.0674046116891,1105111.1,-9999,481692.5,13.9,-1,0.8741886127101987,0.8705203646161516,0,0.5223122187696909,11,0.8823529411764706,0.5294117647058824,N1 O9,de-protonated,0,-9999,C17 H15 O9 N1,17,15,9,1,-9999,-9999,-9999,N/A
277,376.067773,376.0677333655318,376.0678938690391,1105111.1,-9999,481692.5,13.9,-1,-0.426793964348259,0.9674887921117404,0,0.5804932752670443,15,0.8,0.05,N3 S1 P1 O1,de-protonated,0,-9999,C20 H16 O1 N3 P1 S1,20,16,1,3,1,1,-9999,N/A
278,376.104084,376.10404436890656,376.1037901210391,974048.1,-9999,445590,12.03,-1,0.6760045342596915,0.920425876123897,0,0.5522555256743382,10,1.0555555555555556,0.4444444444444444,N1 O8,de-protonated,0,-9999,C18 H19 O8 N1,18,19,8,1,-9999,-9999,-9999,N/A
279,377.050761,377.05072145689024,377.0503886233991,1784267.8,-9999,604814.4,23.57,-1,0.8827294737930338,0.8681533832832908,0,0.5208920299699745,7,1.3636363636363635,0.8181818181818182,N4 P1 O9,de-protonated,0,-9999,C11 H15 O9 N4 P1,11,15,9,4,1,-9999,-9999,N/A
280,377.051779,377.0517394569848,377.0514201945991,3599308,-9999,357862.1,49.44,-1,0.8467343408483902,0.8780152849533402,0,0.5268091709720041,11,0.8235294117647058,0.5882352941176471,O10,de-protonated,0,-9999,C17 H14 O10,17,14,10,-9999,-9999,-9999,-9999,N/A
280,377.051779,377.0517394569848,377.0519094519491,3599308,-9999,357862.1,49.44,-1,-0.4508529462538782,0.9637891037351368,0,0.578273462241082,15,0.75,0.1,N2 S1 P1 O2,de-protonated,0,-9999,C20 H15 O2 N2 P1 S1,20,15,2,2,1,1,-9999,N/A
281,377.087163,377.08712346027335,377.0867741327491,2495444.8,-9999,547159.8,33.71,-1,0.9263849814172452,0.8558010989038973,0,0.5134806593423383,6,1.5833333333333333,0.6666666666666666,N4 P1 O8,de-protonated,0,-9999,C12 H19 O8 N4 P1,12,19,8,4,1,-9999,-9999,N/A
282,377.08814,377.0881004603642,377.0878057039491,6039509,-9999,379048.6,84.21,-1,0.7816652002146832,0.44752968156823464,0.8370420509349343,0.60333462931491455,10,1,0.5,O9,de-protonated,0,-9999,C18 H18 O9,18,18,9,-9999,-9999,-9999,-9999,N/A
282,377.08814,377.0881004603642,377.0882949612991,6039509,-9999,379048.6,84.21,-1,-0.5157967973716975,0.9741385045152168,0.996704537751472,0.9831649178097188,14,0.9047619047619048,0.04761904761904761,N2 S1 P1 O1,de-protonated,0,-9999,C21 H19 O1 N2 P1 S1,21,19,1,2,1,1,-9999,N/A
283,377.123594,377.1235544636593,377.12353976461907,2856926,-9999,485772.4,38.86,-1,0.03897672422253916,0.9997243838609476,0,0.5998346303165686,0,2.363636363636364,0.9090909090909092,N2 S1 O10,de-protonated,0,-9999,C11 H26 O10 N2 S1,11,26,10,2,-9999,1,-9999,N/A
284,377.124514,377.1244744637447,377.124191213299,7719902,-9999,409294.6,108.15,-1,0.7510800215083642,0.8888060861725079,0.98841558946017,0.9286498874875726,9,1.1578947368421053,0.42105263157894735,O8,de-protonated,0,-9999,C19 H22 O8,19,22,8,-9999,-9999,-9999,-9999,N/A
285,377.160903,377.1608634671268,377.16057672264907,4331495.5,-9999,434366,59.87,-1,0.7602716068496516,0.4502164261335676,0.8221557383861046,0.5989921510345824,8,1.3,0.35,O7,de-protonated,0,-9999,C20 H26 O7,20,26,7,-9999,-9999,-9999,-9999,N/A
286,378.083379,378.0833395528611,378.08305467614906,1099983.1,-9999,510982.7,13.82,-1,0.7534765406105857,0.902114975552382,0,0.5412689853314292,10,1,0.5294117647058824,N1 O9,de-protonated,0,-9999,C17 H17 O9 N1,17,17,9,1,-9999,-9999,-9999,N/A
286,378.083379,378.0833395528611,378.08354393349913,1099983.1,-9999,510982.7,13.82,-1,-0.5405700439673434,0.9483589545851364,0,0.5690153727510818,14,0.9,0.05,N3 S1 P1 O1,de-protonated,0,-9999,C20 H18 O1 N3 P1 S1,20,18,1,3,1,1,-9999,N/A
287,378.083974,378.0839345529165,378.0839240560191,1149135.4,-9999,542354.9,14.52,-1,0.02776340563066761,0.999860147918512,0,0.5999160887511072,9,1.1666666666666667,0.2222222222222222,N1 S2 O4,de-protonated,0,-9999,C18 H21 O4 N1 S2,18,21,4,1,-9999,2,-9999,N/A
288,378.091629,378.0915895536279,378.0916497963691,1341905.3,-9999,389196.2,17.27,-1,-0.15933369935141098,0.995404114428244,0.996704537751472,0.9959242837575352,14,0.95,0.05,13C1 N2 S1 P1 O1,de-protonated,1,282,C20 H19 O1 N2 P1 S1 13C1,20,19,1,2,1,1,1,N/A
288,378.091629,378.0915895536279,378.0917861419891,1341905.3,-9999,389196.2,17.27,-1,-0.519948775357928,0.95212965729675,0,0.57127779437805,14,0.85,0.15,N3 S1 O3,de-protonated,0,-9999,C20 H17 O3 N3 S1,20,17,3,3,-9999,1,-9999,N/A
289,378.12791,378.1278705569998,378.1275460483691,1718234.4,-9999,428226.6,22.63,-1,0.8581988647255896,0.8749067956204998,0.98841558946017,0.920310313156368,9,1.2222222222222223,0.4444444444444444,13C1 O8,de-protonated,1,284,C18 H22 O8 13C1,18,22,8,-9999,-9999,-9999,1,N/A
289,378.12791,378.1278705569998,378.12817165133913,1718234.4,-9999,428226.6,22.63,-1,-0.7962758711987844,0.8913229185727863,0,0.5347937511436718,13,1,0.09523809523809525,N3 S1 O2,de-protonated,0,-9999,C21 H21 O2 N3 S1,21,21,2,3,-9999,1,-9999,N/A
291,379.031069,379.031029640939,379.0306847497091,2052031.4,-9999,388775.4,26.84,-1,0.9099295749630224,0.8605062491642563,0,0.5163037494985537,11,0.75,0.6875,O11,de-protonated,0,-9999,C16 H12 O11,16,12,11,-9999,-9999,-9999,-9999,N/A
291,379.031069,379.031029640939,379.03117400705906,2052031.4,-9999,388775.4,26.84,-1,-0.3808819167990301,0.974020480220774,0,0.5844122881324644,15,0.6842105263157895,0.15789473684210523,N2 S1 P1 O3,de-protonated,0,-9999,C19 H13 O3 N2 P1 S1,19,13,3,2,1,1,-9999,N/A
292,379.06739,379.0673506443146,379.0670702590591,5016008.5,-9999,390218.1,68.24,-1,0.7396718879219314,0.8918174704350144,0.980952904950989,0.9274716442414044,10,0.9411764705882352,0.5882352941176471,O10,de-protonated,0,-9999,C17 H16 O10,17,16,10,-9999,-9999,-9999,-9999,N/A
292,379.06739,379.0673506443146,379.0675595164091,5016008.5,-9999,390218.1,68.24,-1,-0.5510154832832368,0.9558624539831052,0.996513625784842,0.9721229227038,14,0.85,0.1,N2 S1 P1 O2,de-protonated,0,-9999,C20 H17 O2 N2 P1 S1,20,17,2,2,1,1,-9999,N/A
294,379.103794,379.103754647698,379.1034557684091,9962962,-9999,412875.2,137.33,-1,0.7883845012322114,0.8880450239159615,0.972318656057297,0.9217544767724956,9,1.1111111111111112,0.5,O9,de-protonated,0,-9999,C18 H20 O9,18,20,9,-9999,-9999,-9999,-9999,N/A
294,379.103794,379.103754647698,379.1039450257591,9962962,-9999,412875.2,137.33,-1,-0.5021790556865989,0.9589568003453394,0.9944513165474212,0.973154606826172,13,1,0.04761904761904761,N2 S1 P1 O1,de-protonated,0,-9999,C21 H21 O1 N2 P1 S1,21,21,1,2,1,1,-9999,N/A
295,379.139196,379.13915665098824,379.1388097065591,3960283,-9999,486098.9,53.49,-1,0.9150855050599666,0.8590383012803687,0,0.5154229807682212,4,1.9230769230769231,0.5384615384615384,N4 P1 O7,de-protonated,0,-9999,C13 H25 O7 N4 P1,13,25,7,4,1,-9999,-9999,N/A
296,379.140215,379.1401756510829,379.1398412777591,9891291,-9999,422329.1,136.33,-1,0.8819261059376455,0.8858275774789126,0.993770523613493,0.9290047559327448,8,1.263157894736842,0.42105263157894735,O8,de-protonated,0,-9999,C19 H24 O8,19,24,8,-9999,-9999,-9999,-9999,N/A
298,379.176863,379.176823654489,379.1770961669791,3006564.5,-9999,298755.3,40.17,-1,-0.7186944908846952,0.9105356767966536,0,0.5463214060779922,6,1.5238095238095235,0.09523809523809525,S2 O2,de-protonated,0,-9999,C21 H32 O2 S2,21,32,2,-9999,-9999,2,-9999,N/A
299,380.070786,380.0707467375697,380.07042509412906,1059273.3,-9999,374333.2,12.97,-1,0.8462732678479588,0.8781396548469782,0.980952904950989,0.9192649548885824,10,1,0.625,13C1 O10,de-protonated,1,292,C16 H16 O10 13C1,16,16,10,-9999,-9999,-9999,1,N/A
299,380.070786,380.0707467375697,380.07091435147913,1059273.3,-9999,374333.2,12.97,-1,-0.4410069360281335,0.9653259795939962,0.996513625784842,0.9778010380703346,14,0.8947368421052632,0.10526315789473684,13C1 N2 S1 P1 O2,de-protonated,1,292,C19 H17 O2 N2 P1 S1 13C1,19,17,2,2,1,1,1,N/A
299,380.070786,380.0707467375697,380.07105069709905,1059273.3,-9999,374333.2,12.97,-1,-0.7997439657020481,0.8904281720125427,0,0.5342569032075256,14,0.7894736842105263,0.21052631578947367,N3 S1 O4,de-protonated,0,-9999,C19 H15 O4 N3 S1,19,15,4,3,-9999,1,-9999,N/A
300,380.099033,380.098993740195,380.0987047406091,1258448.5,-9999,461258,15.75,-1,0.7603277314565576,0.9004189088279476,0,0.5402513452967685,9,1.1176470588235294,0.5294117647058824,N1 O9,de-protonated,0,-9999,C17 H19 O9 N1,17,19,9,1,-9999,-9999,-9999,N/A
300,380.099033,380.098993740195,380.0991939979591,1258448.5,-9999,461258,15.75,-1,-0.5268565870927814,0.950881206389262,0,0.5705287238335571,13,1,0.05,N3 S1 P1 O1,de-protonated,0,-9999,C20 H20 O1 N3 P1 S1,20,20,1,3,1,1,-9999,N/A
301,380.107165,380.1071257409508,380.1068106034791,2346706.5,-9999,417608.2,30.95,-1,0.8290760987921382,0.8827423843602014,0.972318656057297,0.9185728930390396,9,1.1764705882352942,0.5294117647058824,13C1 O9,de-protonated,1,294,C17 H20 O9 13C1,17,20,9,-9999,-9999,-9999,1,N/A
301,380.107165,380.1071257409508,380.10729986082913,2346706.5,-9999,417608.2,30.95,-1,-0.4580808587885101,0.9626408915340972,0.9944513165474212,0.9753650615394268,13,1.05,0.05,13C1 N2 S1 P1 O1,de-protonated,1,294,C20 H21 O1 N2 P1 S1 13C1,20,21,1,2,1,1,1,N/A
301,380.107165,380.1071257409508,380.1074362064491,2346706.5,-9999,417608.2,30.95,-1,-0.8167835426448609,0.8859889202168154,0,0.5315933521300892,13,0.95,0.15,N3 S1 O3,de-protonated,0,-9999,C20 H19 O3 N3 S1,20,19,3,3,-9999,1,-9999,N/A
302,380.14352,380.1434807443296,380.14319611282906,1943771.9,-9999,413447,25.32,-1,0.7487481123333273,0.903278424453365,0.993770523613493,0.9394752641174162,8,1.3333333333333333,0.4444444444444444,13C1 O8,de-protonated,1,296,C18 H24 O8 13C1,18,24,8,-9999,-9999,-9999,1,N/A
302,380.14352,380.1434807443296,380.1438217157991,1943771.9,-9999,413447,25.32,-1,-0.8969538634136568,0.8641747893951344,0,0.5185048736370806,12,1.0952380952380951,0.09523809523809525,N3 S1 O2,de-protonated,0,-9999,C21 H23 O2 N3 S1,21,23,2,3,-9999,1,-9999,N/A
304,381.046716,381.0466768282721,381.0463348141691,3480005,-9999,404321.1,46.78,-1,0.8975656547877028,0.8640026565687643,0,0.5184015939412585,10,0.875,0.6875,O11,de-protonated,0,-9999,C16 H14 O11,16,14,11,-9999,-9999,-9999,-9999,N/A
304,381.046716,381.0466768282721,381.0468240715191,3480005,-9999,404321.1,46.78,-1,-0.38641772532373814,0.9732700667484042,0,0.5839620400490425,14,0.7894736842105263,0.15789473684210523,N2 S1 P1 O3,de-protonated,0,-9999,C19 H15 O3 N2 P1 S1,19,15,3,2,1,1,-9999,N/A
305,381.083086,381.08304683165227,381.0827203235191,9672654,-9999,334328.9,133.27,-1,0.8567907065098634,0.8831310770554941,0.9956269818382536,0.9281294389685978,9,1.0588235294117647,0.5882352941176471,O10,de-protonated,0,-9999,C17 H18 O10,17,18,10,-9999,-9999,-9999,-9999,N/A
305,381.083086,381.08304683165227,381.0832095808691,9672654,-9999,334328.9,133.27,-1,-0.4270700275821509,0.9630128980333944,0.9730935125740846,0.9670451438496706,13,0.95,0.1,N2 S1 P1 O2,de-protonated,0,-9999,C20 H19 O2 N2 P1 S1,20,19,2,2,1,1,-9999,N/A
306,381.118445,381.1184058349386,381.11807426166905,5076951.5,-9999,525044.3,69.08,-1,0.8700014298101596,0.8716747113686144,0,0.5230048268211687,4,1.9166666666666667,0.6666666666666666,N4 P1 O8,de-protonated,0,-9999,C12 H23 O8 N4 P1,12,23,8,4,1,-9999,-9999,N/A
307,381.119488,381.1194488350355,381.1191058328691,12683224,-9999,406727.7,175.32,-1,0.8999868050526303,0.4316603154218519,0.8370420509349343,0.5938130096270848,8,1.2222222222222223,0.5,O9,de-protonated,0,-9999,C18 H22 O9,18,22,9,-9999,-9999,-9999,-9999,N/A
307,381.119488,381.1194488350355,381.1195950902191,12683224,-9999,406727.7,175.32,-1,-0.3837514142347472,0.9808850297621992,0.9771244301862144,0.9793807899318052,12,1.0952380952380951,0.04761904761904761,N2 S1 P1 O1,de-protonated,0,-9999,C21 H23 O1 N2 P1 S1,21,23,1,2,1,1,-9999,N/A
308,381.154845,381.1548058383216,381.15445977101905,3187681,-9999,537523.5,42.69,-1,0.9079450434295724,0.8610697206441864,0,0.5166418323865118,3,2.076923076923077,0.5384615384615384,N4 P1 O7,de-protonated,0,-9999,C13 H27 O7 N4 P1,13,27,7,4,1,-9999,-9999,N/A
309,381.155782,381.1557428384086,381.1554913422191,7155681,-9999,471599.2,98.12,-1,0.6598257017442687,0.9150603295460004,0.984257873421307,0.942739347096123,7,1.368421052631579,0.42105263157894735,O8,de-protonated,0,-9999,C19 H26 O8,19,26,8,-9999,-9999,-9999,-9999,N/A
310,381.156291,381.15625183845594,381.156360722089,5557729.5,-9999,267436.1,75.8,-1,-0.285666577502903,0.9543194876347432,0.97773469922728,0.963685572271758,6,1.5,0.15,S2 O3,de-protonated,0,-9999,C20 H30 O3 S2,20,30,3,-9999,-9999,2,-9999,N/A
311,381.192252,381.19221284179815,381.1918768515691,1321706.6,-9999,410623.2,16.63,-1,0.8814202229346246,0.8685172979846154,0,0.5211103787907693,6,1.5,0.35,O7,de-protonated,0,-9999,C20 H30 O7,20,30,7,-9999,-9999,-9999,-9999,N/A
312,381.192895,381.1928558418579,381.1927462314391,1120874.9,-9999,399151.4,13.83,-1,0.28754591971456683,0.9851093198965174,0,0.5910655919379104,5,1.619047619047619,0.09523809523809525,S2 O2,de-protonated,0,-9999,C21 H34 O2 S2,21,34,2,-9999,-9999,2,-9999,N/A
312,381.192895,381.1928558418579,381.19321426208904,1120874.9,-9999,399151.4,13.83,-1,-0.940258686967758,0.8517891020673811,0,0.5110734612404286,11,1.238095238095238,0.14285714285714285,N4 O3,de-protonated,0,-9999,C21 H26 O3 N4,21,26,3,4,-9999,-9999,-9999,N/A
313,382.078342,382.0783029241509,382.0779692957191,1285073.4,-9999,485037,16.12,-1,0.873194632024504,0.8707947540049755,0,0.5224768524029852,9,1.0625,0.625,N1 O10,de-protonated,0,-9999,C16 H17 O10 N1,16,17,10,1,-9999,-9999,-9999,N/A
313,382.078342,382.0783029241509,382.07845855306914,1285073.4,-9999,485037,16.12,-1,-0.40732188580808726,0.9703442684496304,0,0.5822065610697782,13,0.9473684210526316,0.10526315789473684,N3 S1 P1 O2,de-protonated,0,-9999,C19 H18 O2 N3 P1 S1,19,18,2,3,1,1,-9999,N/A
314,382.086419,382.0863799249015,382.0860751585891,1719507.5,-9999,408123.2,22.18,-1,0.7976378419030937,0.8909718952737783,0.9956269818382536,0.9328339298995684,9,1.125,0.625,13C1 O10,de-protonated,1,305,C16 H18 O10 13C1,16,18,10,-9999,-9999,-9999,1,N/A
314,382.086419,382.0863799249015,382.0865644159391,1719507.5,-9999,408123.2,22.18,-1,-0.48285141322040287,0.9585783836946956,0.9730935125740846,0.9643844352464512,13,1,0.10526315789473684,13C1 N2 S1 P1 O2,de-protonated,1,305,C19 H19 O2 N2 P1 S1 13C1,19,19,2,2,1,1,1,N/A
314,382.086419,382.0863799249015,382.0867007615591,1719507.5,-9999,408123.2,22.18,-1,-0.8396959562832603,0.8799083479105116,0,0.527945008746307,13,0.8947368421052632,0.21052631578947367,N3 S1 O4,de-protonated,0,-9999,C19 H17 O4 N3 S1,19,17,4,3,-9999,1,-9999,N/A
315,382.121762,382.1217229281863,382.1213687378691,1064668.8,-9999,586559,13.04,-1,0.9269052875846152,0.85565137501661,0,0.513390825009966,12,1.0476190476190477,0.1904761904761905,N1 P1 O4,de-protonated,0,-9999,C21 H22 O4 N1 P1,21,22,4,1,1,-9999,-9999,N/A
316,382.122891,382.1228519282912,382.1229499252891,2455773,-9999,325261.3,32.47,-1,-0.2564541018214872,0.9881372781740664,0.9771244301862144,0.9837321389789258,12,1.15,0.05,13C1 N2 S1 P1 O1,de-protonated,1,307,C20 H23 O1 N2 P1 S1 13C1,20,23,1,2,1,1,1,N/A
316,382.122891,382.1228519282912,382.12308627090914,2455773,-9999,325261.3,32.47,-1,-0.6132647473110279,0.9340346912510116,0,0.5604208147506069,12,1.05,0.15,N3 S1 O3,de-protonated,0,-9999,C20 H21 O3 N3 S1,20,21,3,3,-9999,1,-9999,N/A
317,382.159167,382.15912793166274,382.15884617728904,1637350.5,-9999,476115.8,21.04,-1,0.7372703170965191,0.9060782459263772,0.984257873421307,0.9373500969243492,7,1.4444444444444444,0.4444444444444444,13C1 O8,de-protonated,1,309,C18 H26 O8 13C1,18,26,8,-9999,-9999,-9999,1,N/A
317,382.159167,382.15912793166274,382.15947178025914,1637350.5,-9999,476115.8,21.04,-1,-0.8997516005539249,0.8633869436847846,0,0.5180321662108708,11,1.1904761904761905,0.09523809523809525,N3 S1 O2,de-protonated,0,-9999,C21 H25 O2 N3 S1,21,25,2,3,-9999,1,-9999,N/A
318,382.160008,382.1599689317409,382.1597155571591,1023974.7,-9999,559906.2,12.47,-1,0.6630070399580059,0.923337079346706,0.97773469922728,0.9450961272989356,6,1.5789473684210529,0.15789473684210523,13C1 S2 O3,de-protonated,1,310,C19 H30 O3 S2 13C1,19,30,3,-9999,-9999,2,1,N/A
320,383.062367,383.0623280156056,383.06198487862906,5662163.5,-9999,389806.8,77.25,-1,0.8957740263580253,0.43225325603883175,0.8524773804394659,0.6003429057990854,9,1,0.6875,O11,de-protonated,0,-9999,C16 H16 O11,16,16,11,-9999,-9999,-9999,-9999,N/A
320,383.062367,383.0623280156056,383.06247413597913,5662163.5,-9999,389806.8,77.25,-1,-0.38145311377337415,0.48697176263761727,0.8295321147073605,0.6239959034655146,13,0.8947368421052632,0.15789473684210523,N2 S1 P1 O3,de-protonated,0,-9999,C19 H17 O3 N2 P1 S1,19,17,3,2,1,1,-9999,N/A
321,383.063878,383.06383901574605,383.06419166901907,1049556,-9999,664633.6,12.82,-1,-0.9206114293155933,0.8574586084530342,0,0.5144751650718206,13,0.8888888888888888,0.1111111111111111,N4 S2 O2,de-protonated,0,-9999,C18 H16 O2 N4 S2,18,16,2,4,-9999,2,-9999,N/A
322,383.077621,383.07758201702336,383.0772410199191,1210071.6,-9999,408921,15.06,-1,0.890152344645644,0.8660828435402983,0,0.5196497061241789,13,0.8,0.4,O8,de-protonated,0,-9999,C20 H16 O8,20,16,8,-9999,-9999,-9999,-9999,N/A
324,383.098746,383.09870701898666,383.09837038797906,10139101,-9999,297177,139.78,-1,0.8787064462269402,0.8651161431148622,0.9984952759005912,0.9184677962291538,8,1.1764705882352942,0.5882352941176471,O10,de-protonated,0,-9999,C17 H20 O10,17,20,10,-9999,-9999,-9999,-9999,N/A
324,383.098746,383.09870701898666,383.0988596453291,10139101,-9999,297177,139.78,-1,-0.3983993651421356,0.9738348248425844,0.97897125483524,0.9758893968396468,12,1.05,0.1,N2 S1 P1 O2,de-protonated,0,-9999,C20 H21 O2 N2 P1 S1,20,21,2,2,1,1,-9999,N/A
325,383.134109,383.1340700222733,383.1337243261291,3801574.5,-9999,394179.9,51.26,-1,0.9022858659350688,0.8626717967420932,0,0.5176030780452558,3,2.0833333333333335,0.6666666666666666,N4 P1 O8,de-protonated,0,-9999,C12 H25 O8 N4 P1,12,25,8,4,1,-9999,-9999,N/A
326,383.135215,383.1351760223761,383.1352451546791,8669671,-9999,281404.3,119.25,-1,-0.1804383802534546,0.9872554235970428,0.9945275156806788,0.9901642604304972,11,1.1904761904761905,0.04761904761904761,N2 S1 P1 O1,de-protonated,0,-9999,C21 H25 O1 N2 P1 S1,21,25,1,2,1,1,-9999,N/A
328,383.171538,383.1714990257519,383.17114140667906,3002864.3,-9999,388063.3,40.1,-1,0.9333142145292204,0.8538024021432173,0,0.5122814412859303,6,1.4736842105263157,0.42105263157894735,O8,de-protonated,0,-9999,C19 H28 O8,19,28,8,-9999,-9999,-9999,-9999,N/A
329,384.102113,384.10207411223905,384.1017252230491,1885670.8,-9999,386189.5,24.5,-1,0.9083249750482556,0.86096191268893,0.9984952759005912,0.9159752579735944,8,1.25,0.625,13C1 O10,de-protonated,1,324,C16 H20 O10 13C1,16,20,10,-9999,-9999,-9999,1,N/A
329,384.102113,384.10207411223905,384.10221448039914,1885670.8,-9999,386189.5,24.5,-1,-0.3654448081716891,0.9760587933151872,0.97897125483524,0.9772237779232082,12,1.105263157894737,0.10526315789473684,13C1 N2 S1 P1 O2,de-protonated,1,324,C19 H21 O2 N2 P1 S1 13C1,19,21,2,2,1,1,1,N/A
329,384.102113,384.10207411223905,384.10235082601906,1885670.8,-9999,386189.5,24.5,-1,-0.7204167832233196,0.9101262706244142,0,0.5460757623746485,12,1,0.21052631578947367,N3 S1 O4,de-protonated,0,-9999,C19 H19 O4 N3 S1,19,19,4,3,-9999,1,-9999,N/A
330,384.138512,384.13847311562193,384.13859998974914,2041072.4,-9999,464617,26.67,-1,-0.33028216171879593,0.9804010395642226,0.9945275156806788,0.9860516300108052,11,1.25,0.05,13C1 N2 S1 P1 O1,de-protonated,1,326,C20 H25 O1 N2 P1 S1 13C1,20,25,1,2,1,1,1,N/A
330,384.138512,384.13847311562193,384.13873633536906,2041072.4,-9999,464617,26.67,-1,-0.6852205264087963,0.9183331110170668,0,0.55099986661024,11,1.15,0.15,N3 S1 O3,de-protonated,0,-9999,C20 H23 O3 N3 S1,20,23,3,3,-9999,1,-9999,N/A
331,385.041463,385.0414241995418,385.0412494337391,1369825.4,-9999,522274,17.29,-1,0.453888519580592,0.9633089361301602,0,0.5779853616780961,9,0.9333333333333332,0.8,O12,de-protonated,0,-9999,C15 H14 O12,15,14,12,-9999,-9999,-9999,-9999,N/A
331,385.041463,385.0414241995418,385.04173869108905,1369825.4,-9999,522274,17.29,-1,-0.8167726136412714,0.8859917903196646,0,0.5315950741917987,13,0.8333333333333334,0.2222222222222222,N2 S1 P1 O4,de-protonated,0,-9999,C18 H15 O4 N2 P1 S1,18,15,4,2,1,1,-9999,N/A
331,385.041463,385.0414241995418,385.0410872424091,1369825.4,-9999,522274,17.29,-1,0.8751199387254107,0.8702630664283031,0,0.5221578398569818,4,1.9,0.6,N4 S2 P1 O6,de-protonated,0,-9999,C10 H19 O6 N4 P1 S2,10,19,6,4,1,2,-9999,N/A
332,385.042102,385.0420631996011,385.0423901397691,1340385.5,-9999,406295.5,16.88,-1,-0.8491017518614681,0.8773759105189136,0,0.5264255463113482,22,0.4230769230769231,0.07692307692307693,P1 O2,de-protonated,0,-9999,C26 H11 O2 P1,26,11,2,-9999,1,-9999,-9999,N/A
332,385.042102,385.0420631996011,385.0421188136091,1340385.5,-9999,406295.5,16.88,-1,-0.1444361675235913,0.9962218080145024,0,0.5977330848087015,8,1.125,0.4375,S2 O7,de-protonated,0,-9999,C16 H18 O7 S2,16,18,7,-9999,-9999,2,-9999,N/A
332,385.042102,385.0420631996011,385.04173869108905,1340385.5,-9999,406295.5,16.88,-1,0.8427878836051882,0.8790781789491507,0,0.5274469073694904,13,0.8333333333333334,0.2222222222222222,N2 S1 P1 O4,de-protonated,0,-9999,C18 H15 O4 N2 P1 S1,18,15,4,2,1,1,-9999,N/A
333,385.056882,385.0568432009747,385.0565055750291,2050533.5,-9999,398752.9,26.8,-1,0.876821818992351,0.8697923757743076,0,0.5218754254645845,13,0.7368421052631579,0.47368421052631576,O9,de-protonated,0,-9999,C19 H14 O9,19,14,9,-9999,-9999,-9999,-9999,N/A
333,385.056882,385.0568432009747,385.05699483237913,2050533.5,-9999,398752.9,26.8,-1,-0.3937895075620088,0.9722548867126094,0,0.5833529320275657,17,0.6818181818181818,0.04545454545454545,N2 S1 P1 O1,de-protonated,0,-9999,C22 H15 O1 N2 P1 S1,22,15,1,2,1,1,-9999,N/A
335,385.078028,385.0779892029401,385.0776349430891,5258219,-9999,403774.1,71.6,-1,0.9199699459574328,0.42882116369673,0.8524773804394659,0.5982836503938244,8,1.125,0.6875,O11,de-protonated,0,-9999,C16 H18 O11,16,18,11,-9999,-9999,-9999,-9999,N/A
335,385.078028,385.0779892029401,385.07812420043905,5258219,-9999,403774.1,71.6,-1,-0.3505717163937455,0.4889733353291006,0.8295321147073605,0.6251968470804046,12,1,0.15789473684210523,N2 S1 P1 O3,de-protonated,0,-9999,C19 H19 O3 N2 P1 S1,19,19,3,2,1,1,-9999,N/A
336,385.09321,385.09317120435105,385.0928910843791,2117103.3,-9999,494709,27.73,-1,0.7274088367201578,0.9084560352726714,0,0.5450736211636028,12,0.9,0.4,O8,de-protonated,0,-9999,C20 H18 O8,20,18,8,-9999,-9999,-9999,-9999,N/A
337,385.093805,385.09376620440634,385.0937604642491,1625455.4,-9999,360606.9,20.86,-1,0.01490586923025721,0.999959685647616,0,0.5999758113885696,11,1.0476190476190477,0.14285714285714285,S2 O3,de-protonated,0,-9999,C21 H22 O3 S2,21,22,3,-9999,-9999,2,-9999,N/A
339,385.114445,385.11440620632465,385.1145097097891,7210997,-9999,412988.5,98.87,-1,-0.26876023065646415,0.9901463251321604,0.9781964941792506,0.9853663927509966,11,1.15,0.1,N2 S1 P1 O2,de-protonated,0,-9999,C20 H23 O2 N2 P1 S1,20,23,2,2,1,1,-9999,N/A
340,385.11618,385.1161412064859,385.11622724282904,1066613.4,-9999,451600.7,13.05,-1,-0.22340357805816743,0.9909849303473044,0,0.5945909582083826,11,1.1578947368421053,0.05263157894736842,N4 S2 O1,de-protonated,0,-9999,C19 H22 O1 N4 S2,19,22,1,4,-9999,2,-9999,N/A
341,385.1297,385.12966120774246,385.1292765937291,1788409,-9999,420898.8,23.13,-1,0.9986621031348284,0.8344658229500946,0,0.5006794937700567,11,1.0476190476190477,0.3333333333333333,O7,de-protonated,0,-9999,C21 H22 O7,21,22,7,-9999,-9999,-9999,-9999,N/A
343,385.150961,385.1509222097184,385.151275341659,3792382.8,-9999,333663.4,51.12,-1,-0.9168655621662332,0.8585301585922385,0,0.515118095155343,5,1.5789473684210529,0.21052631578947367,S2 O4,de-protonated,0,-9999,C19 H30 O4 S2,19,30,4,-9999,-9999,2,-9999,N/A
343,385.150961,385.1509222097184,385.1508952191391,3792382.8,-9999,333663.4,51.12,-1,0.07007793481438063,0.4995546587323027,0.8149093904448101,0.6256965514173056,10,1.2857142857142858,0.04761904761904761,N2 S1 P1 O1,de-protonated,0,-9999,C21 H27 O1 N2 P1 S1,21,27,1,2,1,1,-9999,N/A
344,385.187178,385.1871392130845,385.1867914711391,1026568.4,-9999,559169.6,12.49,-1,0.90278782410828,0.8625299804276189,0,0.5175179882565712,5,1.5789473684210529,0.42105263157894735,O8,de-protonated,0,-9999,C19 H30 O8,19,30,8,-9999,-9999,-9999,-9999,N/A
345,386.117829,386.1177902995786,386.1178645448591,1333250.9,-9999,355011.3,16.77,-1,-0.1922865719184267,0.993313547927394,0.9781964941792506,0.9872667264281366,11,1.2105263157894737,0.10526315789473684,13C1 N2 S1 P1 O2,de-protonated,1,339,C19 H23 O2 N2 P1 S1 13C1,19,23,2,2,1,1,1,N/A
345,386.117829,386.1177902995786,386.1180008904791,1333250.9,-9999,355011.3,16.77,-1,-0.5454055496569721,0.9474557593184486,0,0.5684734555910691,11,1.105263157894737,0.21052631578947367,N3 S1 O4,de-protonated,0,-9999,C19 H21 O4 N3 S1,19,21,4,3,-9999,1,-9999,N/A
346,387.036204,387.0361653849319,387.0362593874891,1510396,-9999,346395.6,18.81,-1,-0.24287790852902555,0.9893534800276662,0,0.5936120880165997,17,0.6190476190476191,0.09523809523809525,N2 S1 P1 O2,de-protonated,0,-9999,C21 H13 O2 N2 P1 S1,21,13,2,2,1,1,-9999,N/A
347,387.05728,387.05724138689067,387.05689949819913,1724929.6,-9999,464310.8,21.74,-1,0.8833034418975444,0.8679937229964326,0,0.5207962337978596,8,1.0666666666666669,0.8,O12,de-protonated,0,-9999,C15 H16 O12,15,16,12,-9999,-9999,-9999,-9999,N/A
347,387.05728,387.05724138689067,387.0573887555491,1724929.6,-9999,464310.8,21.74,-1,-0.38074110635506514,0.9740394342294094,0,0.5844236605376456,12,0.9444444444444444,0.2222222222222222,N2 S1 P1 O4,de-protonated,0,-9999,C18 H17 O4 N2 P1 S1,18,17,4,2,1,1,-9999,N/A
348,387.057899,387.0578603869482,387.0580402042291,1248769.9,-9999,696548.1,15.24,-1,-0.46457446219529785,0.9615949501638054,0,0.5769569700982832,21,0.5,0.07692307692307693,P1 O2,de-protonated,0,-9999,C26 H13 O2 P1,26,13,2,-9999,1,-9999,-9999,N/A
348,387.057899,387.0578603869482,387.0577688780691,1248769.9,-9999,696548.1,15.24,-1,0.23642176043685564,0.9899091383922284,0,0.5939454830353371,7,1.25,0.4375,S2 O7,de-protonated,0,-9999,C16 H20 O7 S2,16,20,7,-9999,-9999,2,-9999,N/A
348,387.057899,387.0578603869482,387.05823690871904,1248769.9,-9999,696548.1,15.24,-1,-0.9727780858636348,0.8422281119826776,0,0.5053368671896065,13,0.75,0.5,N4 O8,de-protonated,0,-9999,C16 H12 O8 N4,16,12,8,4,-9999,-9999,-9999,N/A
350,387.072503,387.0724643883055,387.0721556394891,3134469.8,-9999,538059,40.99,-1,0.7976518380251614,0.8909682856309518,0,0.5345809713785711,12,0.8421052631578947,0.47368421052631576,O9,de-protonated,0,-9999,C19 H16 O9,19,16,9,-9999,-9999,-9999,-9999,N/A
350,387.072503,387.0724643883055,387.0726448968391,3134469.8,-9999,538059,40.99,-1,-0.46634278086324976,0.9613077711169,0,0.57678466267014,16,0.7727272727272727,0.04545454545454545,N2 S1 P1 O1,de-protonated,0,-9999,C22 H17 O1 N2 P1 S1,22,17,1,2,1,1,-9999,N/A
351,387.073077,387.0730383883589,387.0730250193591,2583046,-9999,418919.7,33.46,-1,0.03453870173207988,0.9997835693097288,0,0.5998701415858372,11,1,0.2,S2 O4,de-protonated,0,-9999,C20 H20 O4 S2,20,20,4,-9999,-9999,2,-9999,N/A
352,387.093659,387.0936203902717,387.093285007549,2940427.5,-9999,408095.5,38.34,-1,0.8664131764692861,0.8726607418086393,0,0.5235964450851835,7,1.25,0.6875,O11,de-protonated,0,-9999,C16 H20 O11,16,20,11,-9999,-9999,-9999,-9999,N/A
352,387.093659,387.0936203902717,387.0937742648991,2940427.5,-9999,408095.5,38.34,-1,-0.3975125346574626,0.9717353019882264,0,0.5830411811929358,11,1.105263157894737,0.15789473684210523,N2 S1 P1 O3,de-protonated,0,-9999,C19 H21 O3 N2 P1 S1,19,21,3,2,1,1,-9999,N/A
353,387.108917,387.1088783916898,387.10854114883904,3126287.8,-9999,436809.2,40.88,-1,0.871184215608146,0.8713490409501743,0,0.5228094245701046,11,1,0.4,O8,de-protonated,0,-9999,C20 H20 O8,20,20,8,-9999,-9999,-9999,-9999,N/A
354,387.109601,387.10956239175334,387.109410528709,2382864,-9999,521926.5,30.72,-1,0.39230005831037784,0.9724614617492232,0,0.5834768770495339,10,1.1428571428571428,0.14285714285714285,S2 O3,de-protonated,0,-9999,C21 H24 O3 S2,21,24,3,-9999,-9999,2,-9999,N/A
354,387.109601,387.10956239175334,387.10987855935906,2382864,-9999,521926.5,30.72,-1,-0.816738665761094,0.8860007053024551,0,0.531600423181473,16,0.7619047619047619,0.1904761904761905,N4 O4,de-protonated,0,-9999,C21 H16 O4 N4,21,16,4,4,-9999,-9999,-9999,N/A
355,387.129063,387.12902439356213,387.1286389456991,1078293.3,-9999,690111,12.91,-1,0.9956583529662344,0.8353733449996255,0,0.5012240069997752,2,2.272727272727273,0.8181818181818182,N4 P1 O9,de-protonated,0,-9999,C11 H25 O9 N4 P1,11,25,9,4,1,-9999,-9999,N/A
356,387.129976,387.129937393647,387.12967051689907,2305557.5,-9999,432908.5,29.67,-1,0.6893730144768573,0.9173824802143968,0,0.550429488128638,6,1.411764705882353,0.5882352941176471,O10,de-protonated,0,-9999,C17 H24 O10,17,24,10,-9999,-9999,-9999,-9999,N/A
356,387.129976,387.129937393647,387.13015977424914,2305557.5,-9999,432908.5,29.67,-1,-0.5744336794641369,0.9418838078255546,0,0.5651302846953328,10,1.25,0.1,N2 S1 P1 O2,de-protonated,0,-9999,C20 H25 O2 N2 P1 S1,20,25,2,2,1,1,-9999,N/A
357,387.130646,387.1306073937093,387.1305398967691,1548565.6,-9999,255226.8,19.33,-1,0.17435188707590413,0.9944994014959226,0,0.5966996408975536,5,1.5555555555555556,0.2777777777777778,S2 O5,de-protonated,0,-9999,C18 H28 O5 S2,18,28,5,-9999,-9999,2,-9999,N/A
358,387.144221,387.1441823949709,387.1442752095091,1016857.4,-9999,568316.6,12.07,-1,-0.23974147135028115,0.9896252530271092,0,0.5937751518162655,1,2.1538461538461537,0.6923076923076923,N2 S1 O9,de-protonated,0,-9999,C13 H28 O9 N2 S1,13,28,9,2,-9999,1,-9999,N/A
358,387.144221,387.1441823949709,387.1438950869891,1016857.4,-9999,568316.6,12.07,-1,0.742121948591647,0.9048989904191904,0,0.5429393942515143,6,1.6666666666666667,0.4,N4 P1 O6,de-protonated,0,-9999,C15 H25 O6 N4 P1,15,25,6,4,1,-9999,-9999,N/A
360,389.050781,389.0507425721656,389.0503886233991,1529892.8,-9999,528976,19.07,-1,0.9097761545137528,0.8605498408104064,0,0.5163299044862438,8,1.25,0.75,N4 P1 O9,de-protonated,0,-9999,C12 H15 O9 N4 P1,12,15,9,4,1,-9999,-9999,N/A
361,389.051777,389.05173857225816,389.0514201945991,3604517,-9999,422347.9,47.4,-1,0.818343392565541,0.8855789843516504,0,0.5313473906109902,12,0.7777777777777778,0.5555555555555556,O10,de-protonated,0,-9999,C18 H14 O10,18,14,10,-9999,-9999,-9999,-9999,N/A
361,389.051777,389.05173857225816,389.05190945194914,3604517,-9999,422347.9,47.4,-1,-0.4392208001871876,0.9656014020236656,0,0.5793608412141994,16,0.7142857142857143,0.09523809523809525,N2 S1 P1 O2,de-protonated,0,-9999,C21 H15 O2 N2 P1 S1,21,15,2,2,1,1,-9999,N/A
362,389.052512,389.0524735723265,389.05228957446906,2224037.3,-9999,311335.7,28.55,-1,0.4729386314432307,0.9602277338599832,0,0.57613664031599,11,0.9473684210526316,0.2631578947368421,S2 O5,de-protonated,0,-9999,C19 H18 O5 S2,19,18,5,-9999,-9999,2,-9999,N/A
362,389.052512,389.0524735723265,389.0527576051191,2224037.3,-9999,311335.7,28.55,-1,-0.7300624069538182,0.9078187469665724,0,0.5446912481799434,17,0.5263157894736842,0.3157894736842105,N4 O6,de-protonated,0,-9999,C19 H10 O6 N4,19,10,6,4,-9999,-9999,-9999,N/A
363,389.088214,389.0881755756446,389.0878057039491,5135407,-9999,427760.4,68.3,-1,0.9506124069918088,0.8718459087161112,0.98362663616824,0.9165581996969628,11,0.9473684210526316,0.47368421052631576,O9,de-protonated,0,-9999,C19 H18 O9,19,18,9,-9999,-9999,-9999,-9999,N/A
363,389.088214,389.0881755756446,389.0882949612991,5135407,-9999,427760.4,68.3,-1,-0.3068343510872446,0.9717213397833326,0.9946309118989534,0.980885168629581,15,0.8636363636363636,0.04545454545454545,N2 S1 P1 O1,de-protonated,0,-9999,C22 H19 O1 N2 P1 S1,22,19,1,2,1,1,-9999,N/A
364,389.088855,389.0888165757042,389.0886750838191,3498031.3,-9999,373135.9,45.94,-1,0.36364945611355415,0.9762906473662518,0,0.585774388419751,10,1.1,0.2,S2 O4,de-protonated,0,-9999,C20 H22 O4 S2,20,22,4,-9999,-9999,2,-9999,N/A
364,389.088855,389.0888165757042,389.0891431144691,3498031.3,-9999,373135.9,45.94,-1,-0.839238952533132,0.8800308589207883,0,0.5280185153524729,16,0.7,0.25,N4 O5,de-protonated,0,-9999,C20 H14 O5 N4,20,14,5,4,-9999,-9999,-9999,N/A
365,389.123645,389.12360657893754,389.12353976461907,2029112.9,-9999,500365.7,25.89,-1,0.1717046429855368,0.9946647253367276,0,0.5967988352020365,1,2.1666666666666665,0.8333333333333334,N2 S1 O10,de-protonated,0,-9999,C12 H26 O10 N2 S1,12,26,10,2,-9999,1,-9999,N/A
366,389.124589,389.12455057902525,389.124191213299,6037561,-9999,386181.2,80.62,-1,0.9235245052809556,0.8619433122250746,0.9825870551533428,0.9102008093963818,10,1.1,0.4,O8,de-protonated,0,-9999,C20 H22 O8,20,22,8,-9999,-9999,-9999,-9999,N/A
367,389.160041,389.16000258232015,389.1599252739691,1286722.9,-9999,523029.1,15.75,-1,0.1986544502738948,0.9928649594582286,0,0.5957189756749371,0,2.3076923076923075,0.6923076923076923,N2 S1 O9,de-protonated,0,-9999,C13 H30 O9 N2 S1,13,30,9,2,-9999,1,-9999,N/A
369,390.083401,390.0833626681367,390.08305467614906,1133891.4,-9999,463065.7,13.66,-1,0.7895549010960632,0.8930483500767258,0,0.5358290100460354,11,0.9444444444444444,0.5,N1 O9,de-protonated,0,-9999,C18 H17 O9 N1,18,17,9,1,-9999,-9999,-9999,N/A
369,390.083401,390.0833626681367,390.08354393349913,1133891.4,-9999,463065.7,13.66,-1,-0.4646834382871407,0.9615772812641924,0,0.5769463687585155,15,0.8571428571428571,0.04761904761904761,N3 S1 P1 O1,de-protonated,0,-9999,C21 H18 O1 N3 P1 S1,21,18,1,3,1,1,-9999,N/A
370,390.091504,390.0914656688898,390.09116053901914,1179973.6,-9999,570311.5,14.29,-1,0.7822014480357719,0.8949231754367443,0.98362663616824,0.9304045597293426,11,1,0.5,13C1 O9,de-protonated,1,363,C18 H18 O9 13C1,18,18,9,-9999,-9999,-9999,1,N/A
370,390.091504,390.0914656688898,390.0916497963691,1179973.6,-9999,570311.5,14.29,-1,-0.4720108196830806,0.9603805013940628,0.9946309118989534,0.974080665596019,15,0.9047619047619048,0.04761904761904761,13C1 N2 S1 P1 O1,de-protonated,1,363,C21 H19 O1 N2 P1 S1 13C1,21,19,1,2,1,1,1,N/A
370,390.091504,390.0914656688898,390.0917861419891,1179973.6,-9999,570311.5,14.29,-1,-0.8215325486929016,0.8847390180539625,0,0.5308434108323775,15,0.8095238095238095,0.14285714285714285,N3 S1 O3,de-protonated,0,-9999,C21 H17 O3 N3 S1,21,17,3,3,-9999,1,-9999,N/A
371,390.12793,390.1278916722752,390.1275460483691,1464911.9,-9999,449730.6,18.18,-1,0.885925409853168,0.8672634267942726,0.9825870551533428,0.9133928781379006,10,1.1578947368421053,0.42105263157894735,13C1 O8,de-protonated,1,366,C19 H22 O8 13C1,19,22,8,-9999,-9999,-9999,1,N/A
371,390.12793,390.1278916722752,390.12817165133913,1464911.9,-9999,449730.6,18.18,-1,-0.7176591804012672,0.9107813972960632,0,0.5464688383776379,14,0.9545454545454546,0.09090909090909093,N3 S1 O2,de-protonated,0,-9999,C22 H21 O2 N3 S1,22,21,2,3,-9999,1,-9999,N/A
372,391.031065,391.03102675621216,391.0306847497091,1611596.5,-9999,556563.4,20.18,-1,0.8746282999906867,0.8703989165191651,0,0.522239349911499,12,0.7058823529411765,0.6470588235294118,O11,de-protonated,0,-9999,C17 H12 O11,17,12,11,-9999,-9999,-9999,-9999,N/A
372,391.031065,391.03102675621216,391.03117400705906,1611596.5,-9999,556563.4,20.18,-1,-0.3765706079105373,0.9745977982878437,0,0.5847586789727062,16,0.65,0.15,N2 S1 P1 O3,de-protonated,0,-9999,C20 H13 O3 N2 P1 S1,20,13,3,2,1,1,-9999,N/A
373,391.031684,391.03164575626965,391.03182545573907,1660492.8,-9999,397215.4,20.85,-1,-0.45955203058925526,0.9624051167766642,0,0.5774430700659985,25,0.32142857142857145,0.03571428571428571,P1 O1,de-protonated,0,-9999,C28 H9 O1 P1,28,9,1,-9999,1,-9999,-9999,N/A
373,391.031684,391.03164575626965,391.0315541295791,1660492.8,-9999,397215.4,20.85,-1,0.23432045213310135,0.990086827602782,0,0.5940520965616691,11,0.8888888888888888,0.3333333333333333,S2 O6,de-protonated,0,-9999,C18 H16 O6 S2,18,16,6,-9999,-9999,2,-9999,N/A
373,391.031684,391.03164575626965,391.0320221602291,1660492.8,-9999,397215.4,20.85,-1,-0.9625911385522992,0.8452464543234343,0,0.5071478725940606,17,0.4444444444444444,0.3888888888888889,N4 O7,de-protonated,0,-9999,C18 H8 O7 N4,18,8,7,4,-9999,-9999,-9999,N/A
374,391.066406,391.06636775949664,391.0660386878591,1838934.5,-9999,472640.2,23.28,-1,0.8414733191100783,0.8794314108438092,0,0.5276588465062855,7,1.4166666666666667,0.75,N4 P1 O9,de-protonated,0,-9999,C12 H17 O9 N4 P1,12,17,9,4,1,-9999,-9999,N/A
375,391.067505,391.0674667595988,391.0675595164091,5837399,-9999,351927.7,77.88,-1,-0.2371887109036948,0.989455856593572,0.9720572582742996,0.982496417265863,15,0.8095238095238095,0.09523809523809525,N2 S1 P1 O2,de-protonated,0,-9999,C21 H17 O2 N2 P1 S1,21,17,2,2,1,1,-9999,N/A
377,391.103923,391.1038847629835,391.1039450257591,7756385,-9999,380273.1,104.08,-1,-0.15408378353548757,0.9978412096254186,0.9604926257309624,0.9829017760676362,14,0.9545454545454546,0.04545454545454545,N2 S1 P1 O1,de-protonated,0,-9999,C22 H21 O1 N2 P1 S1,22,21,1,2,1,1,-9999,N/A
378,391.139256,391.13921776626734,391.1391898290791,3337323,-9999,485981.6,43.74,-1,0.07142518306051295,0.9990747575260176,0,0.5994448545156106,0,2.3333333333333335,0.8333333333333334,N2 S1 O10,de-protonated,0,-9999,C12 H28 O10 N2 S1,12,28,10,2,-9999,1,-9999,N/A
380,391.14092,391.1408817664219,391.1407106576291,5085675.5,-9999,308326.1,67.61,-1,0.43746096534430834,0.9738934358234552,0.9963778547145544,0.982887203379895,8,1.3333333333333333,0.14285714285714285,S2 O3,de-protonated,0,-9999,C21 H28 O3 S2,21,28,3,-9999,-9999,2,-9999,N/A
380,391.14092,391.1408817664219,391.141178688279,5085675.5,-9999,308326.1,67.61,-1,-0.7591168439732665,0.8853184875951619,0.9963778547145544,0.9297422344429188,14,0.9523809523809524,0.1904761904761905,N4 O4,de-protonated,0,-9999,C21 H20 O4 N4,21,20,4,4,-9999,-9999,-9999,N/A
383,392.062911,392.0628728521113,392.0631886111291,1075567.4,-9999,455287.2,12.86,-1,-0.8053778751819529,0.888968301522453,0,0.5333809809134717,10,1.0555555555555556,0.2777777777777778,N1 S2 O5,de-protonated,0,-9999,C18 H19 O5 N1 S2,18,19,5,1,-9999,2,-9999,N/A
383,392.062911,392.0628728521113,392.0628084886091,1075567.4,-9999,455287.2,12.86,-1,0.1641663039611166,0.9951217908063243,0,0.5970730744837947,15,0.8,0.1,N3 S1 P1 O2,de-protonated,0,-9999,C20 H16 O2 N3 P1 S1,20,16,2,3,1,1,-9999,N/A
384,392.071049,392.0710108528677,392.07091435147913,1088369.8,-9999,407453.3,13.03,-1,0.24613248527856904,0.9890678162234696,0.9720572582742996,0.9822635930438016,15,0.85,0.1,13C1 N2 S1 P1 O2,de-protonated,1,375,C20 H17 O2 N2 P1 S1 13C1,20,17,2,2,1,1,1,N/A
384,392.071049,392.0710108528677,392.07105069709905,1088369.8,-9999,407453.3,13.03,-1,-0.1016250276470858,0.9981278168815548,0,0.598876690128933,15,0.75,0.2,N3 S1 O4,de-protonated,0,-9999,C20 H15 O4 N3 S1,20,15,4,3,-9999,1,-9999,N/A
385,392.099108,392.0990698554755,392.0987047406091,1128569.6,-9999,475216.4,13.58,-1,0.9311810061321284,0.8544188019319511,0,0.5126512811591706,10,1.0555555555555556,0.5,N1 O9,de-protonated,0,-9999,C18 H19 O9 N1,18,19,9,1,-9999,-9999,-9999,N/A
385,392.099108,392.0990698554755,392.0991939979591,1128569.6,-9999,475216.4,13.58,-1,-0.3166098924158116,0.981975669634882,0,0.5891854017809293,14,0.9523809523809524,0.04761904761904761,N3 S1 P1 O1,de-protonated,0,-9999,C21 H20 O1 N3 P1 S1,21,20,1,3,1,1,-9999,N/A
386,392.107334,392.10729585623994,392.10729986082913,1397884,-9999,371104.5,17.26,-1,-0.01021299319829197,0.9999810741321252,0.9604926257309624,0.9841856947716602,14,1,0.04761904761904761,13C1 N2 S1 P1 O1,de-protonated,1,377,C21 H21 O1 N2 P1 S1 13C1,21,21,1,2,1,1,1,N/A
386,392.107334,392.10729585623994,392.1074362064491,1397884,-9999,371104.5,17.26,-1,-0.35793814706159227,0.97702097893295,0,0.58621258735977,14,0.9047619047619048,0.14285714285714285,N3 S1 O3,de-protonated,0,-9999,C21 H19 O3 N3 S1,21,19,3,3,-9999,1,-9999,N/A
387,392.143629,392.1435908596132,392.1438217157991,1871750.3,-9999,473032.6,23.73,-1,-0.5887028511580978,0.9390515887522336,0,0.5634309532513402,13,1.0454545454545454,0.09090909090909093,N3 S1 O2,de-protonated,0,-9999,C22 H23 O2 N3 S1,22,23,2,3,-9999,1,-9999,N/A
388,392.144228,392.14418985966887,392.1440654926991,1127494.4,-9999,381097.1,13.56,-1,0.31714612234464035,0.9819151196122768,0.9963778547145544,0.9877002136531878,8,1.4,0.15,13C1 S2 O3,de-protonated,1,380,C20 H28 O3 S2 13C1,20,28,3,-9999,-9999,2,1,N/A
388,392.144228,392.14418985966887,392.1438217157991,1127494.4,-9999,381097.1,13.56,-1,0.9387980872763394,0.8522133943739374,0,0.5113280366243624,13,1.0454545454545454,0.09090909090909093,N3 S1 O2,de-protonated,0,-9999,C22 H23 O2 N3 S1,22,23,2,3,-9999,1,-9999,N/A
388,392.144228,392.14418985966887,392.1445335233491,1127494.4,-9999,381097.1,13.56,-1,-0.8763699371870511,0.8699174174874268,0.9963778547145544,0.9205015923782778,14,1,0.2,13C1 N4 O4,de-protonated,1,380,C20 H20 O4 N4 13C1,20,20,4,4,-9999,-9999,1,N/A
389,393.04565,393.0456119434466,393.04530324296906,1144198.5,-9999,432516.9,13.79,-1,0.7854068602259289,0.8941076020320873,0,0.5364645612192523,7,1.3636363636363635,0.9090909090909092,N4 P1 O10,de-protonated,0,-9999,C11 H15 O10 N4 P1,11,15,10,4,1,-9999,-9999,N/A
390,393.046764,393.0467259435501,393.0463348141691,4778119,-9999,409109.5,63.41,-1,0.9951228299470968,0.4177674793397478,0.8446892076502734,0.588536170663958,11,0.8235294117647058,0.6470588235294118,O11,de-protonated,0,-9999,C17 H14 O11,17,14,11,-9999,-9999,-9999,-9999,N/A
390,393.046764,393.0467259435501,393.0468240715191,4778119,-9999,409109.5,63.41,-1,-0.2496597428122699,0.494377009939264,0.8221557383861047,0.6254885013180003,15,0.75,0.15,N2 S1 P1 O3,de-protonated,0,-9999,C20 H15 O3 N2 P1 S1,20,15,3,2,1,1,-9999,N/A
392,393.08316,393.0831219469327,393.0832095808691,7825553,-9999,379326.9,105.02,-1,-0.22293991249143172,0.9947281149633194,0.9720862883111526,0.9856713843024528,14,0.9047619047619048,0.09523809523809525,N2 S1 P1 O2,de-protonated,0,-9999,C21 H19 O2 N2 P1 S1,21,19,2,2,1,1,-9999,N/A
394,393.119577,393.1195389503173,393.1195950902191,11087004,-9999,388396.8,149.55,-1,-0.1428061651015005,0.994712829238527,0.9877638041539264,0.9919332192046868,13,1.0454545454545454,0.04545454545454545,N2 S1 P1 O1,de-protonated,0,-9999,C22 H23 O1 N2 P1 S1,22,23,1,2,1,1,-9999,N/A
396,393.155903,393.1558649536934,393.155491342219,7769254,-9999,445180.7,104.25,-1,0.950289345129118,0.4244316124574404,0.8221557383861047,0.5835212628289062,8,1.3,0.4,O8,de-protonated,0,-9999,C20 H26 O8,20,26,8,-9999,-9999,-9999,-9999,N/A
397,393.156546,393.1565079537532,393.156360722089,5874854,-9999,310158.6,78.38,-1,0.3744862830559516,0.9414232602293724,0.9321796810884762,0.937725828573014,7,1.4285714285714286,0.14285714285714285,S2 O3,de-protonated,0,-9999,C21 H30 O3 S2,21,30,3,-9999,-9999,2,-9999,N/A
397,393.156546,393.1565079537532,393.1568287527391,5874854,-9999,310158.6,78.38,-1,-0.8159567949725125,0.44310297651742175,0.8149093904448101,0.5918255420883771,13,1.0476190476190477,0.1904761904761905,N4 O4,de-protonated,0,-9999,C21 H22 O4 N4,21,22,4,4,-9999,-9999,-9999,N/A
398,393.192443,393.1924049570894,393.1927462314391,2249904.3,-9999,453563,28.89,-1,-0.8679568811091375,0.8722369039395864,0,0.5233421423637519,6,1.5454545454545454,0.09090909090909093,S2 O2,de-protonated,0,-9999,C22 H34 O2 S2,22,34,2,-9999,-9999,2,-9999,N/A
399,394.078526,394.0784880394415,394.0788386755891,1224366,-9999,499458.6,14.88,-1,-0.8897614213647369,0.8661921966598474,0,0.5197153179959084,9,1.1666666666666667,0.2777777777777778,N1 S2 O5,de-protonated,0,-9999,C18 H21 O5 N1 S2,18,21,5,1,-9999,2,-9999,N/A
399,394.078526,394.0784880394415,394.07845855306914,1224366,-9999,499458.6,14.88,-1,0.07482360860167281,0.9989846621966432,0,0.599390797317986,14,0.9,0.1,N3 S1 P1 O2,de-protonated,0,-9999,C20 H18 O2 N3 P1 S1,20,18,2,3,1,1,-9999,N/A
400,394.086639,394.0866010401955,394.0865644159391,1459376.4,-9999,418989.4,18.09,-1,0.09293454709799771,0.9984340858595362,0.9720862883111526,0.9878949668401829,14,0.95,0.1,13C1 N2 S1 P1 O2,de-protonated,1,392,C20 H19 O2 N2 P1 S1 13C1,20,19,2,2,1,1,1,N/A
400,394.086639,394.0866010401955,394.0867007615591,1459376.4,-9999,418989.4,18.09,-1,-0.25304422454302383,0.9884488233831008,0,0.5930692940298604,14,0.85,0.2,N3 S1 O4,de-protonated,0,-9999,C20 H17 O4 N3 S1,20,17,4,3,-9999,1,-9999,N/A
401,394.114857,394.11481904281806,394.11484406241914,1262264.5,-9999,521395,15.4,-1,-0.0634830214071156,0.999269012038693,0,0.5995614072232158,13,1.0476190476190477,0.04761904761904761,N3 S1 P1 O1,de-protonated,0,-9999,C21 H22 O1 N3 P1 S1,21,22,1,3,1,1,-9999,N/A
402,394.122911,394.1228730435666,394.1229499252891,2849210.8,-9999,386783,37.07,-1,-0.19507040261246503,0.99311921253604,0.9877638041539264,0.9909770491831946,13,1.0952380952380951,0.04761904761904761,13C1 N2 S1 P1 O1,de-protonated,1,394,C21 H23 O1 N2 P1 S1 13C1,21,23,1,2,1,1,1,N/A
402,394.122911,394.1228730435666,394.12308627090914,2849210.8,-9999,386783,37.07,-1,-0.5410171339451658,0.9482757467947456,0,0.5689654480768473,13,1,0.14285714285714285,N3 S1 O3,de-protonated,0,-9999,C21 H21 O3 N3 S1,21,21,3,3,-9999,1,-9999,N/A
403,394.159466,394.159428046964,394.1597155571591,1988805.4,-9999,363620.5,25.32,-1,-0.7294256203843499,0.9079718500813178,0.9321796810884762,0.9176549824841812,7,1.5,0.15,13C1 S2 O3,de-protonated,1,397,C20 H30 O3 S2 13C1,20,30,3,-9999,-9999,2,1,N/A
403,394.159466,394.159428046964,394.15947178025914,1988805.4,-9999,363620.5,25.32,-1,-0.11095330252388366,0.9977687443495896,0,0.5986612466097537,12,1.1363636363636365,0.09090909090909093,N3 S1 O2,de-protonated,0,-9999,C22 H25 O2 N3 S1,22,25,2,3,-9999,1,-9999,N/A
404,395.026048,395.0260101275037,395.0260886266291,1336255.1,-9999,383704.4,16.4,-1,-0.19871883817195185,0.9928603500420484,0,0.5957162100252291,15,0.6842105263157895,0.21052631578947367,N2 S1 P1 O4,de-protonated,0,-9999,C19 H13 O4 N2 P1 S1,19,13,4,2,1,1,-9999,N/A
405,395.06244,395.0624021308859,395.06247413597913,7159497.5,-9999,404911.2,95.91,-1,-0.18226254815368056,0.9856686054134624,0.9691122115851644,0.9790460478821432,14,0.85,0.15,N2 S1 P1 O3,de-protonated,0,-9999,C20 H17 O3 N2 P1 S1,20,17,3,2,1,1,-9999,N/A
406,395.077618,395.07758013229653,395.0772410199191,1258702.1,-9999,561473,15.34,-1,0.8583445013711364,0.8748671101790918,0,0.524920266107455,14,0.7619047619047619,0.380952380952381,O8,de-protonated,0,-9999,C21 H16 O8,21,16,8,-9999,-9999,-9999,-9999,N/A
407,395.098885,395.0988471342731,395.09923976784904,12156628,-9999,304009.4,158.6,-1,-0.9937593809548966,0.2786487259214104,0.7722115407971533,0.4760738518717076,8,1.263157894736842,0.2631578947368421,S2 O5,de-protonated,0,-9999,C19 H24 O5 S2,19,24,5,-9999,-9999,2,-9999,N/A
407,395.098885,395.0988471342731,395.0988596453291,12156628,-9999,304009.4,158.6,-1,-0.03166563432919001,0.9979506794055516,0.9636437461568028,0.984227906106052,13,1,0.09523809523809525,N2 S1 P1 O2,de-protonated,0,-9999,C21 H21 O2 N2 P1 S1,21,21,2,2,1,1,-9999,N/A
408,395.100834,395.1007961344543,395.1005771783691,1304148.8,-9999,458953.6,15.43,-1,0.5541780949580234,0.9457988961410674,0,0.5674793376846404,13,1,0.05,N4 S2 O1,de-protonated,0,-9999,C20 H20 O1 N4 S2,20,20,1,4,-9999,2,-9999,N/A
410,395.135283,395.13524513765594,395.1356252771991,11848415,-9999,260183.8,154.53,-1,-0.9620482660531224,0.28180223816078315,0.7658154272139523,0.4754075137820508,7,1.4,0.2,S2 O4,de-protonated,0,-9999,C20 H28 O4 S2,20,28,4,-9999,-9999,2,-9999,N/A
410,395.135283,395.13524513765594,395.1352451546791,11848415,-9999,260183.8,154.53,-1,-4.3081914539606835e-5,0.9933315768897052,0.9852021335213952,0.9900797995423812,12,1.1363636363636365,0.04545454545454545,N2 S1 P1 O1,de-protonated,0,-9999,C22 H25 O1 N2 P1 S1,22,25,1,2,1,1,-9999,N/A
413,395.172309,395.1722711410971,395.17201078654904,3602153.5,-9999,376836.4,45.74,-1,0.6588385334853305,0.9242606974328386,0,0.5545564184597032,6,1.5238095238095235,0.14285714285714285,S2 O3,de-protonated,0,-9999,C21 H32 O3 S2,21,32,3,-9999,-9999,2,-9999,N/A
413,395.172309,395.1722711410971,395.1724788171991,3602153.5,-9999,376836.4,45.74,-1,-0.5255328068416102,0.9511216024487776,0,0.5706729614692666,12,1.1428571428571428,0.1904761904761905,N4 O4,de-protonated,0,-9999,C21 H24 O4 N4,21,24,4,4,-9999,-9999,-9999,N/A
414,396.065726,396.0656882241308,396.0658289710491,1233389,-9999,479518.6,14.49,-1,-0.3553624372763059,0.9773467403285808,0.9691122115851644,0.9740529288312142,14,0.8947368421052632,0.15789473684210523,13C1 N2 S1 P1 O3,de-protonated,1,405,C19 H17 O3 N2 P1 S1 13C1,19,17,3,2,1,1,1,N/A
414,396.065726,396.0656882241308,396.06596531666906,1233389,-9999,479518.6,14.49,-1,-0.6996120912883681,0.9150181810910024,0,0.5490109086546014,14,0.7894736842105263,0.2631578947368421,N3 S1 O5,de-protonated,0,-9999,C19 H15 O5 N3 S1,19,15,5,3,-9999,1,-9999,N/A
416,396.102194,396.1021562275201,396.10221448039914,2124023.5,-9999,383563.6,26.24,-1,-0.14706526984146898,0.9960832831081402,0.9636437461568028,0.9831074683276052,13,1.05,0.1,13C1 N2 S1 P1 O2,de-protonated,1,407,C20 H21 O2 N2 P1 S1 13C1,20,21,2,2,1,1,1,N/A
416,396.102194,396.1021562275201,396.10235082601906,2124023.5,-9999,383563.6,26.24,-1,-0.4912833730298219,0.9571507872931272,0,0.5742904723758763,13,0.95,0.2,N3 S1 O4,de-protonated,0,-9999,C20 H19 O4 N3 S1,20,19,4,3,-9999,1,-9999,N/A
417,396.13853,396.1384922308971,396.13859998974914,3092994.3,-9999,363910,39.02,-1,-0.27202310500614374,0.9866631541161884,0.9852021335213952,0.9860787458782712,12,1.1904761904761905,0.04761904761904761,13C1 N2 S1 P1 O1,de-protonated,1,410,C21 H25 O1 N2 P1 S1 13C1,21,25,1,2,1,1,1,N/A
417,396.13853,396.1384922308971,396.13873633536906,3092994.3,-9999,363910,39.02,-1,-0.6162095486083085,0.9334212829648684,0,0.560052769778921,12,1.0952380952380951,0.14285714285714285,N3 S1 O3,de-protonated,0,-9999,C21 H23 O3 N3 S1,21,23,3,3,-9999,1,-9999,N/A
418,396.174859,396.1748212342736,396.1751218447191,1207820.8,-9999,596207.3,14.15,-1,-0.7587817330620622,0.900802694786512,0,0.5404816168719072,11,1.2272727272727273,0.09090909090909093,N3 S1 O2,de-protonated,0,-9999,C22 H27 O2 N3 S1,22,27,2,3,-9999,1,-9999,N/A
419,397.041727,397.0416893148398,397.04173869108905,2952458.3,-9999,341710.7,37.16,-1,-0.12436034915077376,0.997197739669642,0,0.5983186438017851,14,0.7894736842105263,0.21052631578947367,N2 S1 P1 O4,de-protonated,0,-9999,C19 H15 O4 N2 P1 S1,19,15,4,2,1,1,-9999,N/A
420,397.056952,397.0569143162549,397.05699483237913,1232654.8,-9999,520144.8,14.48,-1,-0.20278228398711057,0.9925664775392729,0,0.5955398865235636,18,0.6521739130434783,0.04347826086956521,N2 S1 P1 O1,de-protonated,0,-9999,C23 H15 O1 N2 P1 S1,23,15,1,2,1,1,-9999,N/A
422,397.0781,397.0780623182203,397.07812420043905,7419157,-9999,423002.2,96.09,-1,-0.1558439384426424,0.9978011727882738,0.9902103623665824,0.9947648486195972,13,0.95,0.15,N2 S1 P1 O3,de-protonated,0,-9999,C20 H19 O3 N2 P1 S1,20,19,3,2,1,1,-9999,N/A
423,397.079915,397.079877318389,397.0798417334791,1185429.6,-9999,500532.4,13.85,-1,0.08961651068871422,0.9985438252628164,0,0.5991262951576898,13,0.9473684210526316,0.10526315789473684,N4 S2 O2,de-protonated,0,-9999,C19 H18 O2 N4 S2,19,18,2,4,-9999,2,-9999,N/A
424,397.093575,397.09353731965854,397.0937604642491,1672729.6,-9999,399097.9,20.28,-1,-0.5619443385429282,0.944312501984368,0,0.5665875011906207,12,1,0.13636363636363635,S2 O3,de-protonated,0,-9999,C22 H22 O3 S2,22,22,3,-9999,-9999,2,-9999,N/A
426,397.114538,397.1145003216068,397.1148898323091,12871968,-9999,306641.4,168.03,-1,-0.9808514167167036,0.5704101005586347,0.8757814716917084,0.6925586490118643,7,1.368421052631579,0.2631578947368421,S2 O5,de-protonated,0,-9999,C19 H26 O5 S2,19,26,5,-9999,-9999,2,-9999,N/A
426,397.114538,397.1145003216068,397.1145097097891,12871968,-9999,306641.4,168.03,-1,-0.02364099545820288,0.999528166035622,0.9660163706004292,0.9861234478615448,12,1.0952380952380951,0.09523809523809525,N2 S1 P1 O2,de-protonated,0,-9999,C21 H23 O2 N2 P1 S1,21,23,2,2,1,1,-9999,N/A
427,397.129659,397.12962132301215,397.1292765937291,1211684.1,-9999,558385.6,14.2,-1,0.8680530581516906,0.8722104795275358,0,0.5233262877165215,12,1,0.3181818181818182,O7,de-protonated,0,-9999,C22 H22 O7,22,22,7,-9999,-9999,-9999,-9999,N/A
428,397.150936,397.1508983249896,397.151275341659,8670506,-9999,309962.1,112.6,-1,-0.9493024265869252,0.4245760157211549,0.8221557383861047,0.5836079047871348,6,1.5,0.2,S2 O4,de-protonated,0,-9999,C20 H30 O4 S2,20,30,4,-9999,-9999,2,-9999,N/A
428,397.150936,397.1508983249896,397.1508952191391,8670506,-9999,309962.1,112.6,-1,0.00782032861438293,0.9941175129823812,0.9689349818516084,0.984044500530072,11,1.2272727272727273,0.04545454545454545,N2 S1 P1 O1,de-protonated,0,-9999,C22 H27 O1 N2 P1 S1,22,27,1,2,1,1,-9999,N/A
430,398.081516,398.0814784114773,398.08147903550906,1498684.5,-9999,391384.3,17.98,-1,-0.0015675982429855,0.9999995541145842,0.9902103623665824,0.9960838774153836,13,1,0.15789473684210523,13C1 N2 S1 P1 O3,de-protonated,1,422,C19 H19 O3 N2 P1 S1 13C1,19,19,3,2,1,1,1,N/A
430,398.081516,398.0814784114773,398.0816153811291,1498684.5,-9999,391384.3,17.98,-1,-0.3440742967522789,0.978747889788965,0,0.587248733873379,13,0.8947368421052632,0.2631578947368421,N3 S1 O5,de-protonated,0,-9999,C19 H17 O5 N3 S1,19,17,5,3,-9999,1,-9999,N/A
431,398.117875,398.11783741485647,398.1178645448591,2291271.3,-9999,424130.1,28.44,-1,-0.06814565500789949,0.9991577379951913,0.9660163706004292,0.9859011910372864,12,1.15,0.1,13C1 N2 S1 P1 O2,de-protonated,1,426,C20 H23 O2 N2 P1 S1 13C1,20,23,2,2,1,1,1,N/A
431,398.117875,398.11783741485647,398.1180008904791,2291271.3,-9999,424130.1,28.44,-1,-0.4106210275909022,0.9698692643833275,0,0.5819215586299966,12,1.05,0.2,N3 S1 O4,de-protonated,0,-9999,C20 H21 O4 N3 S1,20,21,4,3,-9999,1,-9999,N/A
432,398.118629,398.11859141492647,398.1182446673791,1487175.5,-9999,456265,17.83,-1,0.8709662318347691,0.5809393900732831,0.8757814716917084,0.6988762227206532,7,1.4444444444444444,0.2777777777777778,13C1 S2 O5,de-protonated,1,426,C18 H26 O5 S2 13C1,18,26,5,-9999,-9999,2,1,N/A
432,398.118629,398.11859141492647,398.1186523391591,1487175.5,-9999,456265,17.83,-1,-0.15303033974859082,0.9957597981212536,0,0.5974558788727522,21,0.6071428571428571,0.07142857142857142,N1 O2,de-protonated,0,-9999,C28 H17 O2 N1,28,17,2,1,-9999,-9999,-9999,N/A
433,398.154186,398.1541484182311,398.1542500542091,1665618,-9999,394091.3,20.18,-1,-0.255267846565858,0.9882461228584166,0.9689349818516084,0.9805216664556932,11,1.2857142857142858,0.04761904761904761,13C1 N2 S1 P1 O1,de-protonated,1,428,C21 H27 O1 N2 P1 S1 13C1,21,27,1,2,1,1,1,N/A
433,398.154186,398.1541484182311,398.1543863998291,1665618,-9999,394091.3,20.18,-1,-0.5977118578111762,0.9372321575309888,0,0.5623392945185932,11,1.1904761904761905,0.14285714285714285,N3 S1 O3,de-protonated,0,-9999,C21 H25 O3 N3 S1,21,25,3,3,-9999,1,-9999,N/A
434,399.0363,399.0362625002143,399.036639510009,1398615.6,-9999,346066.4,16.66,-1,-0.944799944102757,0.8504670467942502,0,0.5102802280765502,13,0.8,0.25,S2 O5,de-protonated,0,-9999,C20 H16 O5 S2,20,16,5,-9999,-9999,2,-9999,N/A
434,399.0363,399.0362625002143,399.0362593874891,1398615.6,-9999,346066.4,16.66,-1,0.00780060743053383,0.9999889590034176,0,0.5999933754020506,18,0.5909090909090909,0.09090909090909093,N2 S1 P1 O2,de-protonated,0,-9999,C22 H13 O2 N2 P1 S1,22,13,2,2,1,1,-9999,N/A
435,399.057457,399.05741950218066,399.0577688780691,3875166,-9999,317612.4,49.33,-1,-0.8755020342785572,0.8701574473473369,0,0.5220944684084021,8,1.1764705882352942,0.4117647058823529,S2 O7,de-protonated,0,-9999,C17 H20 O7 S2,17,20,7,-9999,-9999,2,-9999,N/A
435,399.057457,399.05741950218066,399.0573887555491,3875166,-9999,317612.4,49.33,-1,0.07704814507055394,0.9989234249190708,0,0.5993540549514426,13,0.8947368421052632,0.21052631578947367,N2 S1 P1 O4,de-protonated,0,-9999,C19 H17 O4 N2 P1 S1,19,17,4,2,1,1,-9999,N/A
436,399.072728,399.0726905035999,399.0730250193591,2322786.5,-9999,351023.8,28.85,-1,-0.8382319480191643,0.8803006357840607,0,0.5281803814704364,12,0.9523809523809524,0.1904761904761905,S2 O4,de-protonated,0,-9999,C21 H20 O4 S2,21,20,4,-9999,-9999,2,-9999,N/A
436,399.072728,399.0726905035999,399.0726448968391,2322786.5,-9999,351023.8,28.85,-1,0.11428185166335753,0.9976330238865536,0,0.5985798143319322,17,0.7391304347826086,0.04347826086956521,N2 S1 P1 O1,de-protonated,0,-9999,C23 H17 O1 N2 P1 S1,23,17,1,2,1,1,-9999,N/A
437,399.093827,399.0937895055608,399.09415438741905,7591785,-9999,350493.5,98.36,-1,-0.9142751258230812,0.8724375936941791,0.9621477367128134,0.9083216509016327,7,1.3333333333333333,0.3333333333333333,S2 O6,de-protonated,0,-9999,C18 H24 O6 S2,18,24,6,-9999,-9999,2,-9999,N/A
437,399.093827,399.0937895055608,399.0937742648991,7591785,-9999,350493.5,98.36,-1,0.03818817214360427,0.9998664376616556,0.9728926309135244,0.989076914962403,12,1.05,0.15,N2 S1 P1 O3,de-protonated,0,-9999,C20 H21 O3 N2 P1 S1,20,21,3,2,1,1,-9999,N/A
439,399.109805,399.10976750704583,399.109410528709,1457517.6,-9999,432995.8,17.43,-1,0.8944372830943805,0.8648819764127567,0,0.518929185847654,11,1.0909090909090908,0.13636363636363635,S2 O3,de-protonated,0,-9999,C22 H24 O3 S2,22,24,3,-9999,-9999,2,-9999,N/A
439,399.109805,399.10976750704583,399.10987855935906,1457517.6,-9999,432995.8,17.43,-1,-0.27824997374301685,0.9860499067162728,0,0.5916299440297635,17,0.7272727272727273,0.18181818181818185,N4 O4,de-protonated,0,-9999,C22 H16 O4 N4,22,16,4,4,-9999,-9999,-9999,N/A
441,399.130169,399.1301315089385,399.13015977424914,7627635.5,-9999,387845.4,98.83,-1,-0.07081727583369721,0.9877733845807124,0.9553206469073884,0.9747922895113827,11,1.1904761904761905,0.09523809523809525,N2 S1 P1 O2,de-protonated,0,-9999,C21 H25 O2 N2 P1 S1,21,25,2,2,1,1,-9999,N/A
442,399.145446,399.1454085103583,399.14579603805913,1391480.3,-9999,362297.7,16.56,-1,-0.9708926027927792,0.8427883509175963,0,0.5056730105505578,10,1.2173913043478262,0.08695652173913043,S2 O2,de-protonated,0,-9999,C23 H28 O2 S2,23,28,2,-9999,-9999,2,-9999,N/A
443,399.166595,399.16655751232383,399.16692540611905,3010942.5,-9999,327038.2,37.93,-1,-0.9216540043747664,0.8571598289142544,0,0.5142958973485526,5,1.6,0.2,S2 O4,de-protonated,0,-9999,C20 H32 O4 S2,20,32,4,-9999,-9999,2,-9999,N/A
443,399.166595,399.16655751232383,399.16654528359913,3010942.5,-9999,327038.2,37.93,-1,0.03063564530649076,0.9998297171483148,0,0.5998978302889888,10,1.318181818181818,0.04545454545454545,N2 S1 P1 O1,de-protonated,0,-9999,C22 H29 O1 N2 P1 S1,22,29,1,2,1,1,-9999,N/A
444,400.097168,400.0971305988109,400.0975092224891,1347476.5,-9999,378766.9,15.98,-1,0.818241503027971,0.8856057794792824,0.9621477367128134,0.9162225623726948,7,1.411764705882353,0.35294117647058826,13C1 S2 O6,de-protonated,1,437,C17 H24 O6 S2 13C1,17,24,6,-9999,-9999,2,1,N/A
444,400.097168,400.0971305988109,400.0971290999691,1347476.5,-9999,378766.9,15.98,-1,0.0037461947254704,0.999997453556929,0.9728926309135244,0.9891555244995672,12,1.105263157894737,0.15789473684210523,13C1 N2 S1 P1 O3,de-protonated,1,437,C19 H21 O3 N2 P1 S1 13C1,19,21,3,2,1,1,1,N/A
444,400.097168,400.0971305988109,400.0972654455891,1347476.5,-9999,378766.9,15.98,-1,-0.3370349909126206,0.979599734100446,0,0.5877598404602675,12,1,0.2631578947368421,N3 S1 O5,de-protonated,0,-9999,C19 H19 O5 N3 S1,19,19,5,3,-9999,1,-9999,N/A
445,400.097874,400.0978365988764,400.0975092224891,1085588.8,-9999,482778.5,12.52,-1,0.818241503027971,0.8856057794792824,0.9621477367128134,0.9162225623726948,7,1.411764705882353,0.35294117647058826,13C1 S2 O6,de-protonated,1,437,C17 H24 O6 S2 13C1,17,24,6,-9999,-9999,2,1,N/A
445,400.097874,400.0978365988764,400.0979168942691,1085588.8,-9999,482778.5,12.52,-1,-0.20068935442808383,0.9927185723257383,0,0.5956311433954431,21,0.5555555555555556,0.1111111111111111,N1 O3,de-protonated,0,-9999,C27 H15 O3 N1,27,15,3,1,-9999,-9999,-9999,N/A
446,400.133697,400.1336596022058,400.1335146093191,1245951.5,-9999,298746.2,14.64,-1,0.3623612653090194,0.9764563361218104,0.9553206469073884,0.9680020604360416,11,1.25,0.1,13C1 N2 S1 P1 O2,de-protonated,1,441,C20 H25 O2 N2 P1 S1 13C1,20,25,2,2,1,1,1,N/A
446,400.133697,400.1336596022058,400.133650954939,1245951.5,-9999,298746.2,14.64,-1,0.02161094600330552,0.9999152610685622,0,0.5999491566411373,11,1.15,0.2,N3 S1 O4,de-protonated,0,-9999,C20 H23 O4 N3 S1,20,23,4,3,-9999,1,-9999,N/A
447,400.133994,400.1339566022334,400.1343024036191,1265823.6,-9999,427982.7,14.9,-1,-0.8642132993490959,0.8732637886520526,0,0.5239582731912316,20,0.6785714285714286,0.07142857142857142,N1 O2,de-protonated,0,-9999,C28 H19 O2 N1,28,19,2,1,-9999,-9999,-9999,N/A
447,400.133994,400.1339566022334,400.133650954939,1265823.6,-9999,427982.7,14.9,-1,0.7638630082985102,0.8995389772790755,0,0.5397233863674453,11,1.15,0.2,N3 S1 O4,de-protonated,0,-9999,C20 H23 O4 N3 S1,20,23,4,3,-9999,1,-9999,N/A
448,401.051921,401.05188368754506,401.05190945194914,3185587.8,-9999,378805.8,40.22,-1,-0.0642420681177069,0.9992514337275844,0,0.5995508602365507,17,0.6818181818181818,0.09090909090909093,N2 S1 P1 O2,de-protonated,0,-9999,C22 H15 O2 N2 P1 S1,22,15,2,2,1,1,-9999,N/A
449,401.073038,401.0730006895077,401.07303882000906,2709434,-9999,401334.4,33.94,-1,-0.09507121565269896,0.9983613136234416,0,0.5990167881740649,12,1,0.21052631578947367,N2 S1 P1 O4,de-protonated,0,-9999,C19 H19 O4 N2 P1 S1,19,19,4,2,1,1,-9999,N/A
450,401.073728,401.07369068957183,401.0736902686891,2015418.3,-9999,343005.1,24.79,-1,0.00104938998438895,0.9999998001852176,0,0.5999998801111305,21,0.5555555555555556,0.07407407407407407,P1 O2,de-protonated,0,-9999,C27 H15 O2 P1,27,15,2,-9999,1,-9999,-9999,N/A
450,401.073728,401.07369068957183,401.0734189425291,2015418.3,-9999,343005.1,24.79,-1,0.6775493710405004,0.920076721000458,0,0.5520460326002747,7,1.2941176470588236,0.4117647058823529,S2 O7,de-protonated,0,-9999,C17 H22 O7 S2,17,22,7,-9999,-9999,2,-9999,N/A
450,401.073728,401.07369068957183,401.073886973179,2015418.3,-9999,343005.1,24.79,-1,-0.4893951304566668,0.9574724432460584,0,0.5744834659476351,13,0.8235294117647058,0.4705882352941176,N4 O8,de-protonated,0,-9999,C17 H14 O8 N4,17,14,8,4,-9999,-9999,-9999,N/A
451,401.087214,401.0871766908252,401.087154255269,1213630.3,-9999,505995.7,14.21,-1,0.05593686027202996,0.999432420472111,0,0.5996594522832666,3,1.8333333333333333,0.9166666666666666,N2 S1 O11,de-protonated,0,-9999,C12 H22 O11 N2 S1,12,22,11,2,-9999,1,-9999,N/A
452,401.088293,401.0882556909255,401.0882949612991,3859902.8,-9999,375551.8,49.12,-1,-0.0979095477736941,0.49913104704017586,0.8007932653391622,0.6197959343597703,16,0.8260869565217391,0.04347826086956521,N2 S1 P1 O1,de-protonated,0,-9999,C23 H19 O1 N2 P1 S1,23,19,1,2,1,1,-9999,N/A
453,401.10957,401.109532692903,401.1098044518791,3986885,-9999,299253.5,50.8,-1,-0.6775176599914591,0.9200838948283336,0,0.5520503368970001,6,1.4444444444444444,0.3333333333333333,S2 O6,de-protonated,0,-9999,C18 H26 O6 S2,18,26,6,-9999,-9999,2,-9999,N/A
453,401.10957,401.109532692903,401.1094243293591,3986885,-9999,299253.5,50.8,-1,0.27015955568781175,0.4934220292444614,0.8221557383861046,0.6249155129011186,11,1.15,0.15,N2 S1 P1 O3,de-protonated,0,-9999,C20 H23 O3 N2 P1 S1,20,23,3,2,1,1,-9999,N/A
454,401.123693,401.12365569421553,401.12353976461907,1147081.3,-9999,379321.6,13.33,-1,0.2890121994068369,0.9849582197591996,0,0.5909749318555199,2,2,0.7692307692307693,N2 S1 O10,de-protonated,0,-9999,C13 H26 O10 N2 S1,13,26,10,2,-9999,1,-9999,N/A
454,401.123693,401.12365569421553,401.12402902196914,1147081.3,-9999,379321.6,13.33,-1,-0.9307040381434074,0.8545564917138716,0,0.5127338950283229,6,1.6875,0.125,N4 S2 P1 O2,de-protonated,0,-9999,C16 H27 O2 N4 P1 S2,16,27,2,4,1,2,-9999,N/A
455,401.124726,401.12468869431154,401.12506059316905,3724745.5,-9999,399659.4,47.34,-1,-0.9271394236969824,0.42779199043462734,0.8077896627745539,0.5797910593705979,10,1.181818181818182,0.13636363636363635,S2 O3,de-protonated,0,-9999,C22 H26 O3 S2,22,26,3,-9999,-9999,2,-9999,N/A
456,401.144719,401.1446816961697,401.144289010159,1110223.6,-9999,602932.2,12.84,-1,0.978914623455204,0.8403998156280121,0,0.5042398893768073,2,2.25,0.75,N4 P1 O9,de-protonated,0,-9999,C12 H27 O9 N4 P1,12,27,9,4,1,-9999,-9999,N/A
457,401.14581,401.145772696271,401.1458098387091,2370512,-9999,332132.5,29.47,-1,-0.09259086640754403,0.99844563725042,0,0.5990673823502519,10,1.2857142857142858,0.09523809523809525,N2 S1 P1 O2,de-protonated,0,-9999,C21 H27 O2 N2 P1 S1,21,27,2,2,1,1,-9999,N/A
458,401.160966,401.1609286976797,401.16057672264907,1693140.5,-9999,474023.2,20.53,-1,0.8773918749898818,0.8696345674019822,0,0.5217807404411893,10,1.181818181818182,0.3181818181818182,O7,de-protonated,0,-9999,C22 H26 O7,22,26,7,-9999,-9999,-9999,-9999,N/A
459,401.161625,401.1615876977409,401.16144610251905,1679572.8,-9999,398972.6,20.36,-1,0.35296318536553534,0.9776481646281776,0,0.5865888987769065,9,1.3043478260869563,0.08695652173913043,S2 O2,de-protonated,0,-9999,C23 H30 O2 S2,23,30,2,-9999,-9999,2,-9999,N/A
459,401.161625,401.1615876977409,401.1619141331691,1679572.8,-9999,398972.6,20.36,-1,-0.813724874365481,0.8867910304528673,0,0.5320746182717204,15,0.9565217391304348,0.13043478260869565,N4 O3,de-protonated,0,-9999,C23 H22 O3 N4,23,22,3,4,-9999,-9999,-9999,N/A
460,403.031205,403.03116787149867,403.0315541295791,2121229,-9999,386598,26.17,-1,-0.9583817357909996,0.8464875279358606,0,0.5078925167615164,12,0.8421052631578947,0.3157894736842105,S2 O6,de-protonated,0,-9999,C19 H16 O6 S2,19,16,6,-9999,-9999,2,-9999,N/A
460,403.031205,403.03116787149867,403.03117400705906,2121229,-9999,386598,26.17,-1,-0.01522353801201721,0.999957949042534,0,0.5999747694255204,17,0.6190476190476191,0.14285714285714285,N2 S1 P1 O3,de-protonated,0,-9999,C21 H13 O3 N2 P1 S1,21,13,3,2,1,1,-9999,N/A
462,403.067605,403.06756787488166,403.0679396389291,5415960,-9999,357410.7,69.64,-1,-0.9223359410878784,0.4284821370047369,0.8221557383861047,0.5859515775572841,11,1,0.25,S2 O5,de-protonated,0,-9999,C20 H20 O5 S2,20,20,5,-9999,-9999,2,-9999,N/A
462,403.067605,403.06756787488166,403.0675595164091,5415960,-9999,357410.7,69.64,-1,0.02073715024768268,0.9980053543380996,0.9953870634930404,0.996958038000076,16,0.7727272727272727,0.09090909090909093,N2 S1 P1 O2,de-protonated,0,-9999,C22 H17 O2 N2 P1 S1,22,17,2,2,1,1,-9999,N/A
463,403.088608,403.08857087683367,403.0881996271191,1183774.5,-9999,467508.1,13.81,-1,0.9210136018202036,0.8573433822115797,0,0.5144060293269478,7,1.25,0.75,O12,de-protonated,0,-9999,C16 H20 O12,16,20,12,-9999,-9999,-9999,-9999,N/A
463,403.088608,403.08857087683367,403.0886888844691,1183774.5,-9999,467508.1,13.81,-1,-0.29275848882853034,0.9845687812194428,0,0.5907412687316655,11,1.105263157894737,0.21052631578947367,N2 S1 P1 O4,de-protonated,0,-9999,C19 H21 O4 N2 P1 S1,19,21,4,2,1,1,-9999,N/A
464,403.102949,403.10291187816654,403.1028043197291,2318883,-9999,530583.2,28.78,-1,0.26682631894941133,0.9871646130100412,0,0.5922987678060246,2,2,0.9166666666666666,N2 S1 O11,de-protonated,0,-9999,C12 H24 O11 N2 S1,12,24,11,2,-9999,1,-9999,N/A
464,403.102949,403.10291187816654,403.1032935770791,2318883,-9999,530583.2,28.78,-1,-0.9469010019479795,0.8498539271710682,0,0.5099123563026409,6,1.6666666666666667,0.2,N4 S2 P1 O3,de-protonated,0,-9999,C15 H25 O3 N4 P1 S2,15,25,3,4,1,2,-9999,N/A
465,403.104007,403.1039698782649,403.10432514827903,5455907,-9999,377062.8,70.17,-1,-0.8813351581463345,0.8785769043903687,0.9541076424452106,0.9087891996123054,10,1.1428571428571428,0.1904761904761905,S2 O4,de-protonated,0,-9999,C21 H24 O4 S2,21,24,4,-9999,-9999,2,-9999,N/A
465,403.104007,403.1039698782649,403.1039450257591,5455907,-9999,377062.8,70.17,-1,0.06165284678228826,0.998031252925532,0.9682237675508588,0.9861082587756628,15,0.9130434782608696,0.04347826086956521,N2 S1 P1 O1,de-protonated,0,-9999,C23 H21 O1 N2 P1 S1,23,21,1,2,1,1,-9999,N/A
466,403.139253,403.13921588154057,403.1391898290791,1672750,-9999,398884.9,20.26,-1,0.06462398626050964,0.9992425102221923,0,0.5995455061333155,1,2.1538461538461537,0.7692307692307693,N2 S1 O10,de-protonated,0,-9999,C13 H28 O10 N2 S1,13,28,10,2,-9999,1,-9999,N/A
467,403.140379,403.1403418816452,403.1407106576291,5702702.5,-9999,350314.7,73.42,-1,-0.9147574882007494,0.42956593169426527,0.8077896627745539,0.5808554241263808,9,1.2727272727272727,0.13636363636363635,S2 O3,de-protonated,0,-9999,C22 H28 O3 S2,22,28,3,-9999,-9999,2,-9999,N/A
468,403.176786,403.17674888502887,403.1770961669791,2763833.5,-9999,347648.6,34.65,-1,-0.8613632905087796,0.8740433916719447,0,0.5244260350031668,8,1.391304347826087,0.08695652173913043,S2 O2,de-protonated,0,-9999,C23 H32 O2 S2,23,32,2,-9999,-9999,2,-9999,N/A
469,404.062886,404.06284896738254,404.0631886111291,1054793.6,-9999,398010.5,12.1,-1,-0.840570871377941,0.8796736671390368,0,0.5278042002834221,11,1,0.2631578947368421,N1 S2 O5,de-protonated,0,-9999,C19 H19 O5 N1 S2,19,19,5,1,-9999,2,-9999,N/A
469,404.062886,404.06284896738254,404.0628084886091,1054793.6,-9999,398010.5,12.1,-1,0.10017940918563274,0.998180653605022,0,0.5989083921630132,16,0.7619047619047619,0.09523809523809525,N3 S1 P1 O2,de-protonated,0,-9999,C21 H16 O2 N3 P1 S1,21,16,2,3,1,1,-9999,N/A
470,404.070892,404.07085496812664,404.07091435147913,1250636.1,-9999,478028,14.68,-1,-0.1469626998231798,0.99608873390185,0.9953870634930404,0.995808065738326,16,0.8095238095238095,0.09523809523809525,13C1 N2 S1 P1 O2,de-protonated,1,462,C21 H17 O2 N2 P1 S1 13C1,21,17,2,2,1,1,1,N/A
470,404.070892,404.07085496812664,404.0710506970991,1250636.1,-9999,478028,14.68,-1,-0.4843924654680736,0.9583191591718164,0,0.5749914955030898,16,0.7142857142857143,0.1904761904761905,N3 S1 O4,de-protonated,0,-9999,C21 H15 O4 N3 S1,21,15,4,3,-9999,1,-9999,N/A
471,404.107391,404.1073539715188,404.1076799833491,1638743.4,-9999,508843.6,19.8,-1,-0.8067449504927665,0.8886128799058522,0.9541076424452106,0.9148107849215956,10,1.2,0.2,13C1 S2 O4,de-protonated,1,465,C20 H24 O4 S2 13C1,20,24,4,-9999,-9999,2,1,N/A
471,404.107391,404.1073539715188,404.10729986082913,1638743.4,-9999,508843.6,19.8,-1,0.13390178724216054,0.9967519678589476,0.9682237675508588,0.985340687735712,15,0.9545454545454546,0.04545454545454545,13C1 N2 S1 P1 O1,de-protonated,1,465,C22 H21 O1 N2 P1 S1 13C1,22,21,1,2,1,1,1,N/A
471,404.107391,404.1073539715188,404.1074362064491,1638743.4,-9999,508843.6,19.8,-1,-0.20349769126086556,0.9925141318710288,0,0.5955084791226173,15,0.8636363636363636,0.13636363636363635,N3 S1 O3,de-protonated,0,-9999,C22 H19 O3 N3 S1,22,19,3,3,-9999,1,-9999,N/A
472,404.143655,404.1436179748892,404.1438217157991,1152866.6,-9999,516305,12.94,-1,-0.5041297156177738,0.9549325229663368,0,0.572959513779802,14,1,0.08695652173913043,N3 S1 O2,de-protonated,0,-9999,C23 H23 O2 N3 S1,23,23,2,3,-9999,1,-9999,N/A
472,404.143655,404.1436179748892,404.1439546575291,1152866.6,-9999,516305,12.94,-1,-0.8330760265428051,0.8816781217797974,0,0.5290068730678784,1,2.3333333333333335,0.8333333333333334,N3 P1 O10,de-protonated,0,-9999,C12 H28 O10 N3 P1,12,28,10,3,1,-9999,-9999,N/A
473,405.045809,405.0457720587349,405.0461726228391,1491577.5,-9999,452265.3,17.25,-1,-0.9889344259630516,0.8373984834664473,0,0.5024390900798683,7,1.4615384615384617,0.38461538461538464,N4 S2 P1 O5,de-protonated,0,-9999,C13 H19 O5 N4 P1 S2,13,19,5,4,1,2,-9999,N/A
474,405.046844,405.04680705883106,405.04720419403907,4560506,-9999,424145.5,56.35,-1,-0.9804664836399662,0.41996813553711926,0.8295321147073604,0.5837937272052157,11,0.9473684210526316,0.3157894736842105,S2 O6,de-protonated,0,-9999,C19 H18 O6 S2,19,18,6,-9999,-9999,2,-9999,N/A
474,405.046844,405.04680705883106,405.0468240715191,4560506,-9999,424145.5,56.35,-1,-0.04200178108406186,0.4998399742987105,0.8149093904448103,0.6258677407571505,16,0.7142857142857143,0.14285714285714285,N2 S1 P1 O3,de-protonated,0,-9999,C21 H15 O3 N2 P1 S1,21,15,3,2,1,1,-9999,N/A
475,405.047546,405.0475090588963,405.0474755201991,3447930,-9999,516346.6,42.18,-1,0.08280189172048297,0.4993783667462678,0.7612342259156644,0.6041207104140265,25,0.3793103448275862,0.03448275862068965,P1 O1,de-protonated,0,-9999,C29 H11 O1 P1,29,11,1,-9999,1,-9999,-9999,N/A
475,405.047546,405.0475090588963,405.04720419403907,3447930,-9999,516346.6,42.18,-1,0.7526650081397325,0.9023150702459282,0,0.5413890421475569,11,0.9473684210526316,0.3157894736842105,S2 O6,de-protonated,0,-9999,C19 H18 O6 S2,19,18,6,-9999,-9999,2,-9999,N/A
475,405.047546,405.0475090588963,405.0476722246891,3447930,-9999,516346.6,42.18,-1,-0.40283108381431326,0.9709850558541884,0,0.5825910335125131,17,0.5263157894736842,0.3684210526315789,N4 O7,de-protonated,0,-9999,C19 H10 O7 N4,19,10,7,4,-9999,-9999,-9999,N/A
477,405.083304,405.0832670622197,405.0835897033891,7489157,-9999,372157.8,93.67,-1,-0.7964804738490908,0.8684446438998983,0.9944106495827412,0.9188310461730356,10,1.1,0.25,S2 O5,de-protonated,0,-9999,C20 H22 O5 S2,20,22,5,-9999,-9999,2,-9999,N/A
477,405.083304,405.0832670622197,405.0832095808691,7489157,-9999,372157.8,93.67,-1,0.141900106429379,0.9981186246767344,0.991223274805708,0.9953604847283236,15,0.8636363636363636,0.09090909090909093,N2 S1 P1 O2,de-protonated,0,-9999,C22 H19 O2 N2 P1 S1,22,19,2,2,1,1,-9999,N/A
478,405.118608,405.1185710655008,405.1184543841891,3395216,-9999,446754.9,41.51,-1,0.2880177647262248,0.9850607776012258,0,0.5910364665607355,1,2.1666666666666665,0.9166666666666666,N2 S1 O11,de-protonated,0,-9999,C12 H26 O11 N2 S1,12,26,11,2,-9999,1,-9999,N/A
478,405.118608,405.1185710655008,405.11894364153915,3395216,-9999,446754.9,41.51,-1,-0.91967073926051,0.857727988965141,0,0.5146367933790846,5,1.8,0.2,N4 S2 P1 O3,de-protonated,0,-9999,C15 H27 O3 N4 P1 S2,15,27,3,4,1,2,-9999,N/A
479,405.11971,405.1196730656032,405.11997521273906,9044624,-9999,286835.9,113.49,-1,-0.7458213723246436,0.8936362998029885,0.9868043152626076,0.930903505986836,9,1.238095238095238,0.1904761904761905,S2 O4,de-protonated,0,-9999,C21 H26 O4 S2,21,26,4,-9999,-9999,2,-9999,N/A
479,405.11971,405.1196730656032,405.1195950902191,9044624,-9999,286835.9,113.49,-1,0.19247497540627936,0.9955751502165956,0.9726881901569594,0.9864203661927412,14,1,0.04347826086956521,N2 S1 P1 O1,de-protonated,0,-9999,C23 H23 O1 N2 P1 S1,23,23,1,2,1,1,-9999,N/A
480,405.121496,405.1214590657691,405.1214455649891,1540497,-9999,440720.7,17.87,-1,0.03332526636837951,0.99979850822161,0,0.5998791049329659,1,2.4545454545454546,0.7272727272727273,N4 S1 P1 O8,de-protonated,0,-9999,C11 H27 O8 N4 P1 S1,11,27,8,4,1,1,-9999,N/A
481,405.155016,405.1549790688845,405.1548398935391,2476187.3,-9999,479732.2,29.79,-1,0.3435114965736075,0.9788166157838926,0,0.5872899694703355,0,2.3076923076923075,0.7692307692307693,N2 S1 O10,de-protonated,0,-9999,C13 H30 O10 N2 S1,13,30,10,2,-9999,1,-9999,N/A
481,405.155016,405.1549790688845,405.1553291508891,2476187.3,-9999,479732.2,29.79,-1,-0.864068616225054,0.8733034111266499,0,0.5239820466759899,4,1.9375,0.125,N4 S2 P1 O2,de-protonated,0,-9999,C16 H31 O2 N4 P1 S2,16,31,2,4,1,2,-9999,N/A
482,405.156084,405.1560470689838,405.156360722089,7259803.5,-9999,369129.9,90.75,-1,-0.7741532297210802,0.905573025797778,0.9680679970950496,0.9305710143166864,8,1.3636363636363635,0.13636363636363635,S2 O3,de-protonated,0,-9999,C22 H30 O3 S2,22,30,3,-9999,-9999,2,-9999,N/A
483,405.192488,405.19245107236713,405.1927462314391,2284711,-9999,349860.2,27.35,-1,-0.7284411548008152,0.908208333741979,0,0.5449250002451873,7,1.4782608695652173,0.08695652173913043,S2 O2,de-protonated,0,-9999,C23 H34 O2 S2,23,34,2,-9999,-9999,2,-9999,N/A
484,406.078594,406.07855715472135,406.0788386755891,1352891,-9999,420308.7,15.48,-1,-0.6932665308959944,0.916486820247643,0,0.5498920921485858,10,1.105263157894737,0.2631578947368421,N1 S2 O5,de-protonated,0,-9999,C19 H21 O5 N1 S2,19,21,5,1,-9999,2,-9999,N/A
484,406.078594,406.07855715472135,406.07845855306914,1352891,-9999,420308.7,15.48,-1,0.24281428904975175,0.9893590270225886,0,0.5936154162135532,15,0.8571428571428571,0.09523809523809525,N3 S1 P1 O2,de-protonated,0,-9999,C21 H18 O2 N3 P1 S1,21,18,2,3,1,1,-9999,N/A
485,406.086591,406.08655415546457,406.08694453845914,1682365.5,-9999,482160.4,19.68,-1,-0.961328601713002,0.8456190723876332,0.9944106495827412,0.9051357032656764,10,1.1578947368421053,0.2631578947368421,13C1 S2 O5,de-protonated,1,477,C19 H22 O5 S2 13C1,19,22,5,-9999,-9999,2,1,N/A
485,406.086591,406.08655415546457,406.0865644159391,1682365.5,-9999,482160.4,19.68,-1,-0.02526671758789589,0.9998841685942876,0.991223274805708,0.9964198110788558,15,0.9047619047619048,0.09523809523809525,13C1 N2 S1 P1 O2,de-protonated,1,477,C21 H19 O2 N2 P1 S1 13C1,21,19,2,2,1,1,1,N/A
485,406.086591,406.08655415546457,406.0867007615591,1682365.5,-9999,482160.4,19.68,-1,-0.3610216592730708,0.9766280439862908,0,0.5859768263917744,15,0.8095238095238095,0.1904761904761905,N3 S1 O4,de-protonated,0,-9999,C21 H17 O4 N3 S1,21,17,4,3,-9999,1,-9999,N/A
486,406.087434,406.087397155543,406.0873522102391,1216445.8,-9999,465558.5,13.74,-1,0.11067890589729666,0.997779754614328,0,0.5986678527685967,24,0.4482758620689655,0.06896551724137931,N1 O2,de-protonated,0,-9999,C29 H13 O2 N1,29,13,2,1,-9999,-9999,-9999,N/A
486,406.087434,406.087397155543,406.0877030831591,1216445.8,-9999,465558.5,13.74,-1,-0.7533535585032004,0.9021453095214528,0,0.5412871857128717,1,2.363636363636364,0.6363636363636364,N3 S2 P1 O7,de-protonated,0,-9999,C11 H26 O7 N3 P1 S2,11,26,7,3,1,2,-9999,N/A
487,406.114865,406.11482815809234,406.11522418493905,1377478.3,-9999,466586,15.79,-1,-0.97515882964046,0.8415196959261617,0,0.504911817555697,9,1.25,0.2,N1 S2 O4,de-protonated,0,-9999,C20 H25 O4 N1 S2,20,25,4,1,-9999,2,-9999,N/A
487,406.114865,406.11482815809234,406.11484406241914,1377478.3,-9999,466586,15.79,-1,-0.03916214103928393,0.9997217557132804,0,0.5998330534279682,14,1,0.04545454545454545,N3 S1 P1 O1,de-protonated,0,-9999,C22 H22 O1 N3 P1 S1,22,22,1,3,1,1,-9999,N/A
488,406.123031,406.1229941588513,406.12333004780913,1877448.9,-9999,374231.6,22.16,-1,-0.8270614686605978,0.8832769622718971,0.9868043152626076,0.9246879034681812,9,1.3,0.2,13C1 S2 O4,de-protonated,1,479,C20 H26 O4 S2 13C1,20,26,4,-9999,-9999,2,1,N/A
488,406.123031,406.1229941588513,406.1229499252891,1877448.9,-9999,374231.6,22.16,-1,0.10891667715205304,0.9978498177620484,0.9726881901569594,0.9877851667200128,14,1.0454545454545454,0.04545454545454545,13C1 N2 S1 P1 O1,de-protonated,1,479,C22 H23 O1 N2 P1 S1 13C1,22,23,1,2,1,1,1,N/A
488,406.123031,406.1229941588513,406.12308627090914,1877448.9,-9999,374231.6,22.16,-1,-0.2268082286577412,0.990709348939204,0,0.5944256093635225,14,0.9545454545454546,0.13636363636363635,N3 S1 O3,de-protonated,0,-9999,C22 H21 O3 N3 S1,22,21,3,3,-9999,1,-9999,N/A
489,406.159351,406.1593141622269,406.1597155571591,1639380.1,-9999,424122.3,19.13,-1,0.7031842910499548,0.914186577225304,0.9680679970950496,0.9357391451732022,8,1.4285714285714286,0.14285714285714285,13C1 S2 O3,de-protonated,1,482,C21 H30 O3 S2 13C1,21,30,3,-9999,-9999,2,1,N/A
489,406.159351,406.1593141622269,406.15947178025914,1639380.1,-9999,424122.3,19.13,-1,-0.3880693255757659,0.9730441981287749,0,0.5838265188772648,13,1.0869565217391304,0.08695652173913043,N3 S1 O2,de-protonated,0,-9999,C23 H25 O2 N3 S1,23,25,2,3,-9999,1,-9999,N/A
489,406.159351,406.1593141622269,406.159604721989,1639380.1,-9999,424122.3,19.13,-1,-0.715383211038772,0.9113205626092628,0,0.5467923375655577,0,2.5,0.8333333333333334,N3 P1 O10,de-protonated,0,-9999,C12 H30 O10 N3 P1,12,30,10,3,1,-9999,-9999,N/A
490,406.160038,406.1600011622907,406.1597155571591,1385684.4,-9999,476992.2,15.9,-1,0.7031842910499548,0.914186577225304,0.9680679970950496,0.9357391451732022,8,1.4285714285714286,0.14285714285714285,13C1 S2 O3,de-protonated,1,482,C21 H30 O3 S2 13C1,21,30,3,-9999,-9999,2,1,N/A
490,406.160038,406.1600011622907,406.159604721989,1385684.4,-9999,476992.2,15.9,-1,0.9760702370042448,0.8412481965501023,0,0.5047489179300614,0,2.5,0.8333333333333334,N3 P1 O10,de-protonated,0,-9999,C12 H30 O10 N3 P1,12,30,10,3,1,-9999,-9999,N/A
491,407.026066,407.0260292427789,407.0260886266291,1713635.9,-9999,464652.4,20.07,-1,-0.14589691377674813,0.9961451487819656,0,0.5976870892691792,16,0.65,0.2,N2 S1 P1 O4,de-protonated,0,-9999,C20 H13 O4 N2 P1 S1,20,13,4,2,1,1,-9999,N/A
492,407.026574,407.02653724282607,407.0267400753091,1464804.1,-9999,324463.2,16.9,-1,-0.4983271688110414,0.95594093977635,0,0.57356456386581,25,0.32142857142857145,0.07142857142857142,P1 O2,de-protonated,0,-9999,C28 H9 O2 P1,28,9,2,-9999,1,-9999,-9999,N/A
492,407.026574,407.02653724282607,407.0264687491491,1464804.1,-9999,324463.2,16.9,-1,0.1682781888203362,0.9948749958422948,0,0.5969249975053769,11,0.8888888888888888,0.3888888888888889,S2 O7,de-protonated,0,-9999,C18 H16 O7 S2,18,16,7,-9999,-9999,2,-9999,N/A
492,407.026574,407.02653724282607,407.0269367797991,1464804.1,-9999,324463.2,16.9,-1,-0.9815983585299664,0.8395978756780346,0,0.5037587254068208,17,0.4444444444444444,0.4444444444444444,N4 O8,de-protonated,0,-9999,C18 H8 O8 N4,18,8,8,4,-9999,-9999,-9999,N/A
494,407.06262,407.0625832461762,407.0628542584991,6769903.5,-9999,358328.2,84.5,-1,-0.6657751255781598,0.8872314434717739,0.9679362934022666,0.9195133834439708,10,1.0526315789473684,0.3157894736842105,S2 O6,de-protonated,0,-9999,C19 H20 O6 S2,19,20,6,-9999,-9999,2,-9999,N/A
494,407.06262,407.0625832461762,407.06247413597913,6769903.5,-9999,358328.2,84.5,-1,0.26804287791528975,0.9935168477358804,0.9825590176648168,0.989133715707455,15,0.8095238095238095,0.14285714285714285,N2 S1 P1 O3,de-protonated,0,-9999,C21 H17 O3 N2 P1 S1,21,17,3,2,1,1,-9999,N/A
495,407.097866,407.09782924945193,407.09820819664907,3947770.5,-9999,491900.4,48.54,-1,-0.9308495824954433,0.8545144815052805,0,0.5127086889031683,5,1.7857142857142858,0.2857142857142857,N4 S2 P1 O4,de-protonated,0,-9999,C14 H25 O4 N4 P1 S2,14,25,4,4,1,2,-9999,N/A
496,407.098914,407.09887724954933,407.09923976784904,10683643,-9999,372450.9,134.37,-1,-0.8904912225248056,0.5986332066739788,0.923443009918958,0.7285571279719705,9,1.2,0.25,S2 O5,de-protonated,0,-9999,C20 H24 O5 S2,20,24,5,-9999,-9999,2,-9999,N/A
496,407.098914,407.09887724954933,407.0988596453291,10683643,-9999,372450.9,134.37,-1,0.04324310861392536,0.9918058964695448,0.9654172454795592,0.9812504360735506,14,0.9545454545454546,0.09090909090909093,N2 S1 P1 O2,de-protonated,0,-9999,C22 H21 O2 N2 P1 S1,22,21,2,2,1,1,-9999,N/A
497,407.13425,407.13421325283343,407.1341044486491,4602118,-9999,424110.2,56.88,-1,0.2672440926292412,0.987124648526098,0,0.5922747891156588,0,2.3333333333333335,0.9166666666666666,N2 S1 O11,de-protonated,0,-9999,C12 H28 O11 N2 S1,12,28,11,2,-9999,1,-9999,N/A
497,407.13425,407.13421325283343,407.13459370599907,4602118,-9999,424110.2,56.88,-1,-0.9344653377884594,0.8534693793684086,0,0.5120816276210451,4,1.9333333333333331,0.2,N4 S2 P1 O3,de-protonated,0,-9999,C15 H29 O3 N4 P1 S2,15,29,3,4,1,2,-9999,N/A
498,407.13538,407.13534325293847,407.1356252771991,13657350,-9999,335794.7,172.26,-1,-0.6927034705833115,0.6114442542539936,0.932035399574757,0.739680712382299,8,1.3333333333333333,0.1904761904761905,S2 O4,de-protonated,0,-9999,C21 H28 O4 S2,21,28,4,-9999,-9999,2,-9999,N/A
498,407.13538,407.13534325293847,407.1352451546791,13657350,-9999,335794.7,172.26,-1,0.24094759790690792,0.9894128680349314,0.9761733056519434,0.9841170430817362,13,1.0869565217391304,0.04347826086956521,N2 S1 P1 O1,de-protonated,0,-9999,C23 H25 O1 N2 P1 S1,23,25,1,2,1,1,-9999,N/A
499,407.17066,407.17062325621737,407.1709792153491,1869585.4,-9999,392504.6,22.06,-1,-0.8742252024899507,0.8705102596638549,0,0.5223061557983129,3,2.0625,0.125,N4 S2 P1 O2,de-protonated,0,-9999,C16 H33 O2 N4 P1 S2,16,33,2,4,1,2,-9999,N/A
500,407.171705,407.1716682563145,407.17201078654904,6493457.5,-9999,350490.3,80.98,-1,-0.8412420929571963,0.8834211919824388,0.9685801121769306,0.9174847600602356,7,1.4545454545454546,0.13636363636363635,S2 O3,de-protonated,0,-9999,C22 H32 O3 S2,22,32,3,-9999,-9999,2,-9999,N/A
501,407.20808,407.2080432596952,407.2083962958991,1481501.1,-9999,371642.4,17.11,-1,-0.8669669073647907,0.8725087731579143,0,0.5235052638947486,6,1.565217391304348,0.08695652173913043,S2 O2,de-protonated,0,-9999,C23 H36 O2 S2,23,36,2,-9999,-9999,2,-9999,N/A
502,408.057801,408.05776433866777,408.0581032306991,1244457.4,-9999,365019.2,14.09,-1,-0.8304994525036101,0.8823641120030962,0,0.5294184672018577,10,1.0555555555555556,0.3333333333333333,N1 S2 O6,de-protonated,0,-9999,C18 H19 O6 N1 S2,18,19,6,1,-9999,2,-9999,N/A
502,408.057801,408.05776433866777,408.0577231081791,1244457.4,-9999,365019.2,14.09,-1,0.10104082416103338,0.9981492600706288,0,0.5988895560423771,15,0.8,0.15,N3 S1 P1 O3,de-protonated,0,-9999,C20 H16 O3 N3 P1 S1,20,16,3,3,1,1,-9999,N/A
503,408.065862,408.06582533941696,408.0662090935691,1719340,-9999,524937.3,20.14,-1,-0.940421293411777,0.8517418384984736,0.9679362934022666,0.8982196204599908,10,1.1111111111111112,0.3333333333333333,13C1 S2 O6,de-protonated,1,494,C18 H20 O6 S2 13C1,18,20,6,-9999,-9999,2,1,N/A
503,408.065862,408.06582533941696,408.0658289710491,1719340,-9999,524937.3,20.14,-1,-0.00889962321727928,0.9999856287697264,0.9825590176648168,0.9930149843277626,15,0.85,0.15,13C1 N2 S1 P1 O3,de-protonated,1,494,C20 H17 O3 N2 P1 S1 13C1,20,17,3,2,1,1,1,N/A
503,408.065862,408.06582533941696,408.06596531666906,1719340,-9999,524937.3,20.14,-1,-0.3430260399085034,0.978875810514517,0,0.5873254863087102,15,0.75,0.25,N3 S1 O5,de-protonated,0,-9999,C20 H15 O5 N3 S1,20,15,5,3,-9999,1,-9999,N/A
504,408.094437,408.09440034207273,408.09448874004903,1574709,-9999,302083.9,18.3,-1,-0.21661154153738468,0.9915224647319552,0,0.5949134788391731,9,1.2105263157894737,0.2631578947368421,N1 S2 O5,de-protonated,0,-9999,C19 H23 O5 N1 S2,19,23,5,1,-9999,2,-9999,N/A
504,408.094437,408.09440034207273,408.0941086175291,1574709,-9999,302083.9,18.3,-1,0.7148462510360667,0.9114475623733912,0,0.5468685374240347,14,0.9523809523809524,0.09523809523809525,N3 S1 P1 O2,de-protonated,0,-9999,C21 H20 O2 N3 P1 S1,21,20,2,3,1,1,-9999,N/A
505,408.102373,408.10233634281025,408.1025946029191,1999159.5,-9999,294012.3,23.7,-1,-0.6328313328074915,0.6199410657407302,0.923443009918958,0.7413418434120213,9,1.263157894736842,0.2631578947368421,13C1 S2 O5,de-protonated,1,496,C19 H24 O5 S2 13C1,19,24,5,-9999,-9999,2,1,N/A
505,408.102373,408.10233634281025,408.10221448039914,1999159.5,-9999,294012.3,23.7,-1,0.2986075712950455,0.9839510383368076,0.9654172454795592,0.9765375211939084,14,1,0.09523809523809525,13C1 N2 S1 P1 O2,de-protonated,1,496,C21 H21 O2 N2 P1 S1 13C1,21,21,2,2,1,1,1,N/A
505,408.102373,408.10233634281025,408.10235082601906,1999159.5,-9999,294012.3,23.7,-1,-0.03548915801648471,0.999771495058699,0,0.5998628970352193,14,0.9047619047619048,0.1904761904761905,N3 S1 O4,de-protonated,0,-9999,C21 H19 O4 N3 S1,21,19,4,3,-9999,1,-9999,N/A
506,408.130611,408.1305743454347,408.1308742493991,1293888.5,-9999,498005.8,14.72,-1,-0.7348230269057023,0.90667073767427,0,0.5440024426045619,8,1.35,0.2,N1 S2 O4,de-protonated,0,-9999,C20 H27 O4 N1 S2,20,27,4,1,-9999,2,-9999,N/A
506,408.130611,408.1305743454347,408.1304941268791,1293888.5,-9999,498005.8,14.72,-1,0.1965512421532761,0.9930147147590572,0,0.5958088288554344,13,1.0909090909090908,0.04545454545454545,N3 S1 P1 O1,de-protonated,0,-9999,C22 H24 O1 N3 P1 S1,22,24,1,3,1,1,-9999,N/A
507,408.138736,408.1386993461898,408.1389801122691,2904643,-9999,378709.4,35.24,-1,-0.687917824517468,0.6118107726630864,0.932035399574757,0.7399006234277546,8,1.4,0.2,13C1 S2 O4,de-protonated,1,498,C20 H28 O4 S2 13C1,20,28,4,-9999,-9999,2,1,N/A
507,408.138736,408.1386993461898,408.13859998974914,2904643,-9999,378709.4,35.24,-1,0.24343799060850305,0.9893045849964888,0.9761733056519434,0.9840520732586706,13,1.1363636363636365,0.04545454545454545,13C1 N2 S1 P1 O1,de-protonated,1,498,C22 H25 O1 N2 P1 S1 13C1,22,25,1,2,1,1,1,N/A
507,408.138736,408.1386993461898,408.13873633536906,2904643,-9999,378709.4,35.24,-1,-0.09062893559757317,0.9985107623667584,0,0.5991064574200551,13,1.0454545454545454,0.13636363636363635,N3 S1 O3,de-protonated,0,-9999,C22 H23 O3 N3 S1,22,23,3,3,-9999,1,-9999,N/A
508,408.175071,408.1750343495668,408.1753656216191,1870414.6,-9999,459165.7,22.06,-1,-0.81159246793570206,0.8873488835359166,0.9685801121769306,0.9198413749923222,7,1.5238095238095235,0.14285714285714285,13C1 S2 O3,de-protonated,1,500,C21 H32 O3 S2 13C1,21,32,3,-9999,-9999,2,1,N/A
508,408.175071,408.1750343495668,408.1751218447191,1870414.6,-9999,459165.7,22.06,-1,-0.2143568964894903,0.9916972956822618,0,0.595018377409357,12,1.173913043478261,0.08695652173913043,N3 S1 O2,de-protonated,0,-9999,C23 H27 O2 N3 S1,23,27,2,3,-9999,1,-9999,N/A
509,409.01207900000003,409.0120424273578,409.01187785718906,1366360.5,-9999,370776.4,15.64,-1,0.4023603658368162,0.9710518350596364,0,0.5826311010357819,16,0.55,0.4,P1 O8,de-protonated,0,-9999,C20 H11 O8 P1,20,11,8,-9999,1,-9999,-9999,N/A
511,409.041845,409.0418084301243,409.0421188136091,4691810,-9999,364461.9,58.01,-1,-0.7588056840199088,0.4503983768992488,0.8370420509349343,0.605055846513523,10,1,0.3888888888888889,S2 O7,de-protonated,0,-9999,C18 H18 O7 S2,18,18,7,-9999,-9999,2,-9999,N/A
511,409.041845,409.0418084301243,409.04173869108905,4691810,-9999,364461.9,58.01,-1,0.17049368969429246,0.4973697584105908,0.8221557383861047,0.6272841504007963,15,0.75,0.2,N2 S1 P1 O4,de-protonated,0,-9999,C20 H15 O4 N2 P1 S1,20,15,4,2,1,1,-9999,N/A
512,409.077156,409.0771194334061,409.07747275175905,3493741.3,-9999,495378,42.74,-1,-0.8636954525340778,0.8734055822589636,0,0.5240433493553781,5,1.7692307692307692,0.38461538461538464,N4 S2 P1 O5,de-protonated,0,-9999,C13 H23 O5 N4 P1 S2,13,23,5,4,1,2,-9999,N/A
513,409.078264,409.078227433509,409.0785043229591,10624878,-9999,307790.5,133.61,-1,-0.6768614022078093,0.5894758776514132,0.9309001147828634,0.7260455725039933,9,1.1578947368421053,0.3157894736842105,S2 O6,de-protonated,0,-9999,C19 H22 O6 S2,19,22,6,-9999,-9999,2,-9999,N/A
513,409.078264,409.078227433509,409.07812420043905,10624878,-9999,307790.5,133.61,-1,0.25235539099136106,0.9941960577512554,0.9820107959743876,0.9893219530405082,14,0.9047619047619048,0.14285714285714285,N2 S1 P1 O3,de-protonated,0,-9999,C21 H19 O3 N2 P1 S1,21,19,3,2,1,1,-9999,N/A
514,409.113525,409.11348843678616,409.11385826110904,5646201,-9999,453593.5,70.17,-1,-0.9039643009408924,0.866006206845291,0.9525060311345204,0.9006061365609828,4,1.9285714285714288,0.2857142857142857,N4 S2 P1 O4,de-protonated,0,-9999,C14 H27 O4 N4 P1 S2,14,27,4,4,1,2,-9999,N/A
515,409.114586,409.1145494368848,409.1148898323091,15060857,-9999,474060.4,190.13,-1,-0.8320289306560453,0.5890675419420482,0.9314724588765282,0.7260295087158403,8,1.3,0.25,S2 O5,de-protonated,0,-9999,C20 H26 O5 S2,20,26,5,-9999,-9999,2,-9999,N/A
515,409.114586,409.1145494368848,409.1145097097891,15060857,-9999,474060.4,190.13,-1,0.09710507626928572,0.9981027750589608,0.9949779775520008,0.9968528560561768,13,1.0454545454545454,0.09090909090909093,N2 S1 P1 O2,de-protonated,0,-9999,C22 H23 O2 N2 P1 S1,22,23,2,2,1,1,-9999,N/A
516,409.115152,409.11511543693746,409.1148898323091,12368249,-9999,312393.9,155.82,-1,0.5514456549742119,0.6105210082513967,0.931472458876528,0.7389015885014493,8,1.3,0.25,S2 O5,de-protonated,0,-9999,C20 H26 O5 S2,20,26,5,-9999,-9999,2,-9999,N/A
516,409.115152,409.11511543693746,409.1153578629591,12368249,-9999,312393.9,155.82,-1,-0.5925615281798917,0.4691376268149012,0.8221557383861046,0.6103448714433826,14,0.9,0.3,N4 O6,de-protonated,0,-9999,C20 H18 O6 N4,20,18,6,4,-9999,-9999,-9999,N/A
517,409.149872,409.1498354401643,409.1502437704591,4929412.5,-9999,470636.1,61.04,-1,-0.9979959710021374,0.834667231948877,0,0.5008003391693262,3,2.066666666666667,0.2,N4 S2 P1 O3,de-protonated,0,-9999,C15 H31 O3 N4 P1 S2,15,31,3,4,1,2,-9999,N/A
518,409.150975,409.1509384402668,409.151275341659,12437381,-9999,406480.6,156.71,-1,-0.8234152318451265,0.5984774864673733,0.932035399574757,0.7319006517103268,7,1.4285714285714286,0.1904761904761905,S2 O4,de-protonated,0,-9999,C21 H30 O4 S2,21,30,4,-9999,-9999,2,-9999,N/A
518,409.150975,409.1509384402668,409.1508952191391,12437381,-9999,406480.6,156.71,-1,0.1056361556919206,0.9949716167948548,0.9981087269628588,0.9962264608620564,12,1.173913043478261,0.04347826086956521,N2 S1 P1 O1,de-protonated,0,-9999,C23 H27 O1 N2 P1 S1,23,27,1,2,1,1,-9999,N/A
519,409.186298,409.1862614435497,409.1866292798091,1277840.1,-9999,483920.7,14.51,-1,-0.8989449633049418,0.8636142715383222,0,0.5181685629229933,2,2.1875,0.125,N4 S2 P1 O2,de-protonated,0,-9999,C16 H35 O2 N4 P1 S2,16,35,2,4,1,2,-9999,N/A
520,409.187396,409.1873594436517,409.187660851009,3435408.5,-9999,315227.1,42,-1,-0.7365993313254997,0.9062408497987292,0,0.5437445098792375,6,1.5454545454545454,0.13636363636363635,S2 O3,de-protonated,0,-9999,C22 H34 O3 S2,22,34,3,-9999,-9999,2,-9999,N/A
521,410.081505,410.08146852674975,410.08185915802915,2131630.5,-9999,407092.7,25.38,-1,-0.9525690314698811,0.5654635594167182,0.9309001147828634,0.7116381815631763,9,1.2222222222222223,0.3333333333333333,13C1 S2 O6,de-protonated,1,513,C18 H22 O6 S2 13C1,18,22,6,-9999,-9999,2,1,N/A
521,410.081505,410.08146852674975,410.08147903550906,2131630.5,-9999,407092.7,25.38,-1,-0.02562602764133336,0.999880850963545,0.9820107959743876,0.9927328289678818,14,0.95,0.15,13C1 N2 S1 P1 O3,de-protonated,1,513,C20 H19 O3 N2 P1 S1 13C1,20,19,3,2,1,1,1,N/A
521,410.081505,410.08146852674975,410.0816153811291,2131630.5,-9999,407092.7,25.38,-1,-0.35811012696984396,0.9769991479706078,0,0.5861994887823647,14,0.85,0.25,N3 S1 O5,de-protonated,0,-9999,C20 H17 O5 N3 S1,20,17,5,3,-9999,1,-9999,N/A
522,410.082335,410.0822985268269,410.08226682980904,1342638.9,-9999,466633.9,15.33,-1,0.07729429046283155,0.9989165390051646,0,0.5993499234030988,23,0.4642857142857143,0.10714285714285714,N1 O3,de-protonated,0,-9999,C28 H13 O3 N1,28,13,3,1,-9999,-9999,-9999,N/A
523,410.110075,410.110038529405,410.11013880450906,1415607.8,-9999,346127.7,16.26,-1,-0.2445077420867571,0.9892108897186848,0,0.5935265338312108,8,1.3157894736842106,0.2631578947368421,N1 S2 O5,de-protonated,0,-9999,C19 H25 O5 N1 S2,19,25,5,1,-9999,2,-9999,N/A
523,410.110075,410.110038529405,410.1097586819891,1415607.8,-9999,346127.7,16.26,-1,0.6823719990654104,0.9189824697471431,0,0.5513894818482858,13,1.0476190476190477,0.09523809523809525,N3 S1 P1 O2,de-protonated,0,-9999,C21 H22 O2 N3 P1 S1,21,22,2,3,1,1,-9999,N/A
524,410.11689,410.1168535300384,410.11721309617906,1231034,-9999,524641.9,13.91,-1,-0.8767399396843328,0.8698150363172662,0.9525060311345204,0.9028914342441678,4,2.076923076923077,0.3076923076923077,13C1 N4 S2 P1 O4,de-protonated,1,514,C13 H27 O4 N4 P1 S2 13C1,13,27,4,4,1,2,1,N/A
525,410.117945,410.1179085301365,410.1182446673791,3468474.3,-9999,370921,42.42,-1,-0.8196105562525343,0.5901636880127423,0.931472458876528,0.7266871963582566,8,1.368421052631579,0.2631578947368421,13C1 S2 O5,de-protonated,1,516,C19 H26 O5 S2 13C1,19,26,5,-9999,-9999,2,1,N/A
525,410.117945,410.1179085301365,410.1182446673791,3468474.3,-9999,370921,42.42,-1,-0.8196105562525343,0.5901636880127423,0.9314724588765282,0.7266871963582566,8,1.368421052631579,0.2631578947368421,13C1 S2 O5,de-protonated,1,515,C19 H26 O5 S2 13C1,19,26,5,-9999,-9999,2,1,N/A
525,410.117945,410.1179085301365,410.1178645448591,3468474.3,-9999,370921,42.42,-1,0.10725033248320676,0.997915038762212,0.9949779775520008,0.9967402142781274,13,1.0952380952380951,0.09523809523809525,13C1 N2 S1 P1 O2,de-protonated,1,515,C21 H23 O2 N2 P1 S1 13C1,21,23,2,2,1,1,1,N/A
525,410.117945,410.1179085301365,410.1180008904791,3468474.3,-9999,370921,42.42,-1,-0.2252043130222277,0.9908396838206818,0,0.5945038102924091,13,1,0.1904761904761905,N3 S1 O4,de-protonated,0,-9999,C21 H21 O4 N3 S1,21,21,4,3,-9999,1,-9999,N/A
526,410.154373,410.1543365335221,410.1546301767291,3057350,-9999,341470.5,37.18,-1,-0.7159329322154513,0.6074603094572686,0.932035399574757,0.737290345504264,7,1.5,0.2,13C1 S2 O4,de-protonated,1,518,C20 H30 O4 S2 13C1,20,30,4,-9999,-9999,2,1,N/A
526,410.154373,410.1543365335221,410.1542500542091,3057350,-9999,341470.5,37.18,-1,0.21084582913692343,0.9919659705113926,0.9981087269628588,0.994423073091979,12,1.2272727272727273,0.04545454545454545,13C1 N2 S1 P1 O1,de-protonated,1,518,C22 H27 O1 N2 P1 S1 13C1,22,27,1,2,1,1,1,N/A
526,410.154373,410.1543365335221,410.1543863998291,3057350,-9999,341470.5,37.18,-1,-0.12157935817613055,0.99732150251741,0,0.598392901510446,12,1.1363636363636365,0.13636363636363635,N3 S1 O3,de-protonated,0,-9999,C22 H25 O3 N3 S1,22,25,3,3,-9999,1,-9999,N/A
527,411.036392,411.0363556154964,411.036639510009,1158882.1,-9999,540023.3,12.99,-1,-0.6906793344710958,0.9170824407545404,0,0.5502494644527242,14,0.7619047619047619,0.23809523809523808,S2 O5,de-protonated,0,-9999,C21 H16 O5 S2,21,16,5,-9999,-9999,2,-9999,N/A
527,411.036392,411.0363556154964,411.0362593874891,1158882.1,-9999,540023.3,12.99,-1,0.234110750806816,0.9901044748908436,0,0.5940626849345062,19,0.5652173913043478,0.08695652173913043,N2 S1 P1 O2,de-protonated,0,-9999,C23 H13 O2 N2 P1 S1,23,13,2,2,1,1,-9999,N/A
528,411.036824,411.0367876155366,411.036639510009,1085410.4,-9999,423804.2,12.05,-1,0.36032195994540217,0.976717489086946,0,0.5860304934521675,14,0.7619047619047619,0.23809523809523808,S2 O5,de-protonated,0,-9999,C21 H16 O5 S2,21,16,5,-9999,-9999,2,-9999,N/A
528,411.036824,411.0367876155366,411.0371075406591,1085410.4,-9999,423804.2,12.05,-1,-0.7783363513183473,0.8959031434856676,0,0.5375418860914005,20,0.380952380952381,0.2857142857142857,N4 O6,de-protonated,0,-9999,C21 H8 O6 N4,21,8,6,4,-9999,-9999,-9999,N/A
529,411.056416,411.05637961735744,411.0567373068691,2290152.5,-9999,552434.7,27.4,-1,-0.8701706581645141,0.8716281353886343,0,0.5229768812331805,5,1.75,0.5,N4 S2 P1 O6,de-protonated,0,-9999,C12 H21 O6 N4 P1 S2,12,21,6,4,1,2,-9999,N/A
530,411.057534,411.0574976174613,411.0577688780691,5763561,-9999,274292.7,71.66,-1,-0.6599087241285857,0.9258622109554482,0.993818716322806,0.9530448131023914,9,1.1111111111111112,0.3888888888888889,S2 O7,de-protonated,0,-9999,C18 H20 O7 S2,18,20,7,-9999,-9999,2,-9999,N/A
530,411.057534,411.0574976174613,411.0573887555491,5763561,-9999,274292.7,71.66,-1,0.2648338533795219,0.9866459472884268,0.9912949711283642,0.9885055568244016,14,0.85,0.2,N2 S1 P1 O4,de-protonated,0,-9999,C20 H17 O4 N2 P1 S1,20,17,4,2,1,1,-9999,N/A
531,411.072769,411.0727326188773,411.0730250193591,1598445.9,-9999,399962.2,18.59,-1,-0.7113103122469201,0.912281927543015,0,0.547369156525809,13,0.9090909090909092,0.18181818181818185,S2 O4,de-protonated,0,-9999,C22 H20 O4 S2,22,20,4,-9999,-9999,2,-9999,N/A
531,411.072769,411.0727326188773,411.0726448968391,1598445.9,-9999,399962.2,18.59,-1,0.2133978976151294,0.9917711136531824,0,0.5950626681919094,18,0.7083333333333334,0.04166666666666666,N2 S1 P1 O1,de-protonated,0,-9999,C24 H17 O1 N2 P1 S1,24,17,1,2,1,1,-9999,N/A
532,411.09278,411.0927436207371,411.0931228162191,3849716.3,-9999,466067.7,47.27,-1,-0.9224077488119024,0.8569436763193042,0,0.5141662057915826,4,1.9230769230769231,0.38461538461538464,N4 S2 P1 O5,de-protonated,0,-9999,C13 H25 O5 N4 P1 S2,13,25,5,4,1,2,-9999,N/A
533,411.093899,411.0938626208411,411.09415438741905,12466677,-9999,372248,157.07,-1,-0.7097317605839465,0.6051215185921278,0.9309001147828634,0.735432957068422,8,1.263157894736842,0.3157894736842105,S2 O6,de-protonated,0,-9999,C19 H24 O6 S2,19,24,6,-9999,-9999,2,-9999,N/A
533,411.093899,411.0938626208411,411.0937742648991,12466677,-9999,372248,157.07,-1,0.21492892265207675,0.9931698004366372,0.9771842137157992,0.986775565748302,13,1,0.14285714285714285,N2 S1 P1 O3,de-protonated,0,-9999,C21 H21 O3 N2 P1 S1,21,21,3,2,1,1,-9999,N/A
534,411.109239,411.1092026222667,411.109410528709,1280889.6,-9999,310051.5,14.54,-1,-0.5057204649940038,0.9546542173767144,0,0.5727925304260286,12,1.0434782608695652,0.13043478260869565,S2 O3,de-protonated,0,-9999,C23 H24 O3 S2,23,24,3,-9999,-9999,2,-9999,N/A
535,411.126278,411.1262416238504,411.12651714476914,1155455.3,-9999,389837.5,12.94,-1,-0.6701609049108757,0.9217405975208122,0,0.5530443585124872,3,1.8666666666666667,0.4666666666666667,N2 S2 O7,de-protonated,0,-9999,C15 H28 O7 N2 S2,15,28,7,2,-9999,2,-9999,N/A
535,411.126278,411.1262416238504,411.1261370222491,1155455.3,-9999,389837.5,12.94,-1,0.2544270282175467,0.9883229736384894,0,0.5929937841830937,8,1.4705882352941178,0.2352941176470588,N4 S1 P1 O4,de-protonated,0,-9999,C17 H25 O4 N4 P1 S1,17,25,4,4,1,1,-9999,N/A
536,411.129164,411.1291276241186,411.129508325569,4999680,-9999,455726.8,61.93,-1,-0.9259891170569946,0.8559149745002487,0,0.5135489847001492,3,2.0714285714285716,0.2857142857142857,N4 S2 P1 O4,de-protonated,0,-9999,C14 H29 O4 N4 P1 S2,14,29,4,4,1,2,-9999,N/A
537,411.13032,411.130283624226,411.1305398967691,15677952,-9999,289929.3,197.99,-1,-0.6233361869634313,0.6098403738301094,0.9301951907515692,0.7379823005986934,7,1.4,0.25,S2 O5,de-protonated,0,-9999,C20 H28 O5 S2,20,28,5,-9999,-9999,2,-9999,N/A
537,411.13032,411.130283624226,411.13015977424914,15677952,-9999,289929.3,197.99,-1,0.30124274257918543,0.989778301682658,0.9721694263121708,0.9827347515344632,12,1.1363636363636365,0.09090909090909093,N2 S1 P1 O2,de-protonated,0,-9999,C22 H25 O2 N2 P1 S1,22,25,2,2,1,1,-9999,N/A
538,411.145498,411.14546162563664,411.14579603805913,1167877.4,-9999,486359.4,13.1,-1,-0.8133669995219737,0.8868847308238763,0,0.5321308384943257,11,1.1666666666666667,0.08333333333333333,S2 O2,de-protonated,0,-9999,C24 H28 O2 S2,24,28,2,-9999,-9999,2,-9999,N/A
539,411.165574,411.1655376275025,411.16589383491913,2394636,-9999,438764.3,28.73,-1,-0.8663350292057509,0.8726821832430207,0,0.5236093099458125,2,2.2,0.2,N4 S2 P1 O3,de-protonated,0,-9999,C15 H33 O3 N4 P1 S2,15,33,3,4,1,2,-9999,N/A
540,411.166677,411.16664062760503,411.16692540611905,7574028.5,-9999,345553.1,94.73,-1,-0.6926104616354499,0.930028963280172,0.967277707430202,0.944928460940184,6,1.5238095238095235,0.1904761904761905,S2 O4,de-protonated,0,-9999,C21 H32 O4 S2,21,32,4,-9999,-9999,2,-9999,N/A
540,411.166677,411.16664062760503,411.16654528359913,7574028.5,-9999,345553.1,94.73,-1,0.23188658462841483,0.9837984513640428,0.9531615823245538,0.9715437037482472,11,1.2608695652173914,0.04347826086956521,N2 S1 P1 O1,de-protonated,0,-9999,C23 H29 O1 N2 P1 S1,23,29,1,2,1,1,-9999,N/A
541,411.203054,411.2030176309859,411.2033109154691,1186584,-9999,491368.6,13.34,-1,-0.7132347318036276,0.9118282462864804,0,0.5470969477718883,5,1.6363636363636365,0.13636363636363635,S2 O3,de-protonated,0,-9999,C22 H36 O3 S2,22,36,3,-9999,-9999,2,-9999,N/A
542,412.060895,412.0608587107132,412.0611237131391,1173294.4,-9999,364852.9,13.17,-1,-0.6431143601504407,0.927700379337792,0.993818716322806,0.9541477141317978,9,1.1764705882352942,0.4117647058823529,13C1 S2 O7,de-protonated,1,530,C17 H20 O7 S2 13C1,17,20,7,-9999,-9999,2,1,N/A
542,412.060895,412.0608587107132,412.0607435906191,1173294.4,-9999,364852.9,13.17,-1,0.2793765140181618,0.9859375191953929,0.9912949711283642,0.9880804999685814,14,0.8947368421052632,0.21052631578947367,13C1 N2 S1 P1 O4,de-protonated,1,530,C19 H17 O4 N2 P1 S1 13C1,19,17,4,2,1,1,1,N/A
542,412.060895,412.0608587107132,412.0608799362391,1173294.4,-9999,364852.9,13.17,-1,-0.05151065510886209,0.9995186694422508,0,0.5997112016653505,14,0.7894736842105263,0.3157894736842105,N3 S1 O6,de-protonated,0,-9999,C19 H15 O6 N3 S1,19,15,6,3,-9999,1,-9999,N/A
543,412.097236,412.0971997140907,412.0975092224891,2414906.3,-9999,353620.6,28.99,-1,-0.7510562220725694,0.6018074882689315,0.9309001147828634,0.7334445388745042,8,1.3333333333333333,0.3333333333333333,13C1 S2 O6,de-protonated,1,533,C18 H24 O6 S2 13C1,18,24,6,-9999,-9999,2,1,N/A
543,412.097236,412.0971997140907,412.0971290999691,2414906.3,-9999,353620.6,28.99,-1,0.17135310255567768,0.9946864912956452,0.9771842137157992,0.9876855802637068,13,1.05,0.15,13C1 N2 S1 P1 O3,de-protonated,1,533,C20 H21 O3 N2 P1 S1 13C1,20,21,3,2,1,1,1,N/A
543,412.097236,412.0971997140907,412.0972654455891,2414906.3,-9999,353620.6,28.99,-1,-0.15950481564513092,0.9953942604124746,0,0.5972365562474847,13,0.95,0.25,N3 S1 O5,de-protonated,0,-9999,C20 H19 O5 N3 S1,20,19,5,3,-9999,1,-9999,N/A
544,412.133613,412.1335767174715,412.1338947318391,3084102,-9999,423058.7,37.51,-1,-0.7716287634431929,0.5983965351421839,0.9301951907515692,0.731115997385938,7,1.4736842105263157,0.2631578947368421,13C1 S2 O5,de-protonated,1,537,C19 H28 O5 S2 13C1,19,28,5,-9999,-9999,2,1,N/A
544,412.133613,412.1335767174715,412.1335146093191,3084102,-9999,423058.7,37.51,-1,0.15069910648931725,0.9958877388865974,0.9721694263121708,0.9864004138568268,12,1.1904761904761905,0.09523809523809525,13C1 N2 S1 P1 O2,de-protonated,1,537,C21 H25 O2 N2 P1 S1 13C1,21,25,2,2,1,1,1,N/A
544,412.133613,412.1335767174715,412.133650954939,3084102,-9999,423058.7,37.51,-1,-0.1801295947165344,0.9941298910038092,0,0.5964779346022855,12,1.0952380952380951,0.1904761904761905,N3 S1 O4,de-protonated,0,-9999,C21 H23 O4 N3 S1,21,23,4,3,-9999,1,-9999,N/A
545,412.134375,412.13433871754233,412.1343024036191,1962822.3,-9999,451498.1,23.23,-1,0.08811186802126207,0.9985922783716636,0,0.5991553670229982,21,0.6551724137931034,0.06896551724137931,N1 O2,de-protonated,0,-9999,C29 H19 O2 N1,29,19,2,1,-9999,-9999,-9999,N/A
546,412.170083,412.170046720861,412.1702802411891,1361489.9,-9999,412143.1,15.56,-1,-0.566562751584937,0.9434198929219126,0.967277707430202,0.9529630187252284,6,1.6,0.2,13C1 S2 O4,de-protonated,1,540,C20 H32 O4 S2 13C1,20,32,4,-9999,-9999,2,1,N/A
546,412.170083,412.170046720861,412.16990011866915,1361489.9,-9999,412143.1,15.56,-1,0.35568388626556924,0.9773062078229976,0.9531615823245538,0.96764835762362,11,1.318181818181818,0.04545454545454545,13C1 N2 S1 P1 O1,de-protonated,1,540,C22 H29 O1 N2 P1 S1 13C1,22,29,1,2,1,1,1,N/A
546,412.170083,412.170046720861,412.1700364642891,1361489.9,-9999,412143.1,15.56,-1,0.02488432197923674,0.999887647936228,0,0.5999325887617368,11,1.2272727272727273,0.13636363636363635,N3 S1 O3,de-protonated,0,-9999,C22 H27 O3 N3 S1,22,27,3,3,-9999,1,-9999,N/A
547,413.036971,413.03693480142914,413.03730475933907,1847405,-9999,352100.6,21.75,-1,-0.8957009588766776,0.864527045537857,0,0.5187162273227142,23,0.4074074074074074,0.1111111111111111,P1 O3,de-protonated,0,-9999,C27 H11 O3 P1,27,11,3,-9999,1,-9999,-9999,N/A
547,413.036971,413.03693480142914,413.03703343317903,1847405,-9999,352100.6,21.75,-1,-0.23879638363888084,0.989706467014126,0,0.5938238802084757,9,1.0588235294117647,0.4705882352941176,S2 O8,de-protonated,0,-9999,C17 H18 O8 S2,17,18,8,-9999,-9999,2,-9999,N/A
547,413.036971,413.03693480142914,413.03665331065906,1847405,-9999,352100.6,21.75,-1,0.6815152307230924,0.919177341535872,0,0.5515064049215233,14,0.7894736842105263,0.2631578947368421,N2 S1 P1 O5,de-protonated,0,-9999,C19 H15 O5 N2 P1 S1,19,15,5,2,1,1,-9999,N/A
548,413.052028,413.0519918028285,413.05228957446906,2501233.8,-9999,403430.6,30.08,-1,-0.7209054350947702,0.9100099683048836,0,0.5460059809829301,13,0.8571428571428571,0.23809523809523808,S2 O5,de-protonated,0,-9999,C21 H18 O5 S2,21,18,5,-9999,-9999,2,-9999,N/A
548,413.052028,413.0519918028285,413.05190945194914,2501233.8,-9999,403430.6,30.08,-1,0.19937174359206136,0.992813526535784,0,0.5956881159214704,18,0.6521739130434783,0.08695652173913043,N2 S1 P1 O2,de-protonated,0,-9999,C23 H15 O2 N2 P1 S1,23,15,2,2,1,1,-9999,N/A
549,413.052721,413.05268480289294,413.05228957446906,1749618.1,-9999,368896.3,20.5,-1,0.956848403602066,0.8469387053240782,0,0.508163223194447,13,0.8571428571428571,0.23809523809523808,S2 O5,de-protonated,0,-9999,C21 H18 O5 S2,21,18,5,-9999,-9999,2,-9999,N/A
549,413.052721,413.05268480289294,413.0527576051191,1749618.1,-9999,368896.3,20.5,-1,-0.17625406153687714,0.9943790637965684,0,0.5966274382779411,19,0.47619047619047616,0.2857142857142857,N4 O6,de-protonated,0,-9999,C21 H10 O6 N4,21,10,6,4,-9999,-9999,-9999,N/A
550,413.072069,413.0720328046912,413.0720364984091,2305144.5,-9999,497558.6,27.58,-1,-0.00894206724852588,0.999985491365471,0,0.5999912948192826,27,0.3333333333333333,0.03333333333333333,N2 O1,de-protonated,0,-9999,C30 H10 O1 N2,30,10,1,2,-9999,-9999,-9999,N/A
550,413.072069,413.0720328046912,413.07238737132906,2305144.5,-9999,497558.6,27.58,-1,-0.8583644144112775,0.8748616835666884,0,0.524917010140013,4,1.9166666666666667,0.5,N4 S2 P1 O6,de-protonated,0,-9999,C12 H23 O6 N4 P1 S2,12,23,6,4,1,2,-9999,N/A
551,413.073185,413.07314880479487,413.0734189425291,6935673,-9999,347007.6,86.59,-1,-0.6539702673454227,0.915238390510077,0.99268597445996,0.9462174240900302,8,1.2222222222222223,0.3888888888888889,S2 O7,de-protonated,0,-9999,C18 H22 O7 S2,18,22,7,-9999,-9999,2,-9999,N/A
551,413.073185,413.07314880479487,413.07303882000906,6935673,-9999,347007.6,86.59,-1,0.2662598995150508,0.9907788540046494,0.9924277129912102,0.9914383975992738,13,0.95,0.2,N2 S1 P1 O4,de-protonated,0,-9999,C20 H19 O4 N2 P1 S1,20,19,4,2,1,1,-9999,N/A
552,413.08837,413.08833380620615,413.0886750838191,2792061.8,-9999,298568.7,33.79,-1,-0.8261606612466884,0.8835156733489383,0,0.530109404009363,12,1,0.18181818181818185,S2 O4,de-protonated,0,-9999,C22 H22 O4 S2,22,22,4,-9999,-9999,2,-9999,N/A
552,413.08837,413.08833380620615,413.0882949612991,2792061.8,-9999,298568.7,33.79,-1,0.09403536130356507,0.9983967994248324,0,0.5990380796548994,17,0.7916666666666666,0.04166666666666666,N2 S1 P1 O1,de-protonated,0,-9999,C24 H19 O1 N2 P1 S1,24,19,1,2,1,1,-9999,N/A
553,413.108496,413.10845980807665,413.10877288067906,3744900.5,-9999,431929.6,45.93,-1,-0.7578454464342115,0.90103482256286,0,0.540620893537716,3,2.076923076923077,0.38461538461538464,N4 S2 P1 O5,de-protonated,0,-9999,C13 H27 O5 N4 P1 S2,13,27,5,4,1,2,-9999,N/A
554,413.109614,413.1095778081806,413.1098044518791,11267205,-9999,343900.1,141.78,-1,-0.5486282244298517,0.64187575893805,0.9199960826236896,0.7531238884123059,7,1.368421052631579,0.3157894736842105,S2 O6,de-protonated,0,-9999,C19 H26 O6 S2,19,26,6,-9999,-9999,2,-9999,N/A
554,413.109614,413.1095778081806,413.1094243293591,11267205,-9999,343900.1,141.78,-1,0.371520987953838,0.958608896864722,0.9626939322713468,0.960242911027372,12,1.0952380952380951,0.14285714285714285,N2 S1 P1 O3,de-protonated,0,-9999,C21 H23 O3 N2 P1 S1,21,23,3,2,1,1,-9999,N/A
555,413.124859,413.12482280959745,413.12506059316905,2397321.8,-9999,333616.4,28.76,-1,-0.5755728574409774,0.941659940128496,0,0.5649959640770975,11,1.1304347826086956,0.13043478260869565,S2 O3,de-protonated,0,-9999,C23 H26 O3 S2,23,26,3,-9999,-9999,2,-9999,N/A
556,413.144835,413.144798811454,413.14515839002905,2853008.3,-9999,512502.1,34.56,-1,-0.870344400159181,0.8715803103045761,0,0.5229481861827456,2,2.2142857142857144,0.2857142857142857,N4 S2 P1 O4,de-protonated,0,-9999,C14 H31 O4 N4 P1 S2,14,31,4,4,1,2,-9999,N/A
557,413.145931,413.1458948115559,413.146189961229,7519376.5,-9999,345408.2,94.02,-1,-0.7143952439147654,0.9165540604475648,0.9978850618084444,0.9490864609919166,6,1.5,0.25,S2 O5,de-protonated,0,-9999,C20 H30 O5 S2,20,30,5,-9999,-9999,2,-9999,N/A
557,413.145931,413.1458948115559,413.1458098387091,7519376.5,-9999,345408.2,94.02,-1,0.2056727788124099,0.990679283538598,0.9877488625800048,0.9895071151551608,11,1.2272727272727273,0.09090909090909093,N2 S1 P1 O2,de-protonated,0,-9999,C22 H27 O2 N2 P1 S1,22,27,2,2,1,1,-9999,N/A
558,413.161148,413.1611118129701,413.16144610251905,1395093.6,-9999,487205,15.99,-1,-0.8091015076866194,0.8879991256973285,0,0.5327994754183971,10,1.25,0.08333333333333333,S2 O2,de-protonated,0,-9999,C24 H30 O2 S2,24,30,2,-9999,-9999,2,-9999,N/A
559,413.16175,413.1617138130261,413.16144610251905,1107349.9,-9999,438072.3,12.32,-1,0.6479561670496057,0.9266487257275504,0,0.5559892354365303,10,1.25,0.08333333333333333,S2 O2,de-protonated,0,-9999,C24 H30 O2 S2,24,30,2,-9999,-9999,2,-9999,N/A
559,413.16175,413.1617138130261,413.1619141331691,1107349.9,-9999,438072.3,12.32,-1,-0.4848465848345147,0.958242626375173,0,0.5749455758251037,16,0.9166666666666666,0.125,N4 O3,de-protonated,0,-9999,C24 H22 O3 N4,24,22,3,4,-9999,-9999,-9999,N/A
560,413.182332,413.18229581493887,413.1825754705791,2566812.5,-9999,354665.8,30.92,-1,-0.6768330922344596,0.9202386928412614,0,0.5521432157047568,5,1.619047619047619,0.1904761904761905,S2 O4,de-protonated,0,-9999,C21 H34 O4 S2,21,34,4,-9999,-9999,2,-9999,N/A
560,413.182332,413.18229581493887,413.1821953480591,2566812.5,-9999,354665.8,30.92,-1,0.24315394247107003,0.9893293961037678,0,0.5935976376622607,10,1.3478260869565215,0.04347826086956521,N2 S1 P1 O1,de-protonated,0,-9999,C23 H31 O1 N2 P1 S1,23,31,1,2,1,1,-9999,N/A
561,414.076503,414.07646689804267,414.0767737775992,1423298.6,-9999,490179.5,15.78,-1,-0.7411175316363627,0.9051436363208246,0.99268597445996,0.9401605715764788,8,1.2941176470588236,0.4117647058823529,13C1 S2 O7,de-protonated,1,551,C17 H22 O7 S2 13C1,17,22,7,-9999,-9999,2,1,N/A
561,414.076503,414.07646689804267,414.07639365507913,1423298.6,-9999,490179.5,15.78,-1,0.1768827314476988,0.9943390082468536,0.9924277129912102,0.9935744901445962,13,1,0.21052631578947367,13C1 N2 S1 P1 O4,de-protonated,1,551,C19 H19 O4 N2 P1 S1 13C1,19,19,4,2,1,1,1,N/A
561,414.076503,414.07646689804267,414.0765300006991,1423298.6,-9999,490179.5,15.78,-1,-0.15239370471081545,0.9957949306846504,0,0.5974769584107902,13,0.8947368421052632,0.3157894736842105,N3 S1 O6,de-protonated,0,-9999,C19 H17 O6 N3 S1,19,17,6,3,-9999,1,-9999,N/A
562,414.113053,414.1130169014396,414.1131592869491,1953870.6,-9999,259381,22.3,-1,-0.3438323713096162,0.6525182970397414,0.9199960826236896,0.7595094112733207,7,1.4444444444444444,0.3333333333333333,13C1 S2 O6,de-protonated,1,554,C18 H26 O6 S2 13C1,18,26,6,-9999,-9999,2,1,N/A
562,414.113053,414.1130169014396,414.112779164429,1953870.6,-9999,259381,22.3,-1,0.5740875976252451,0.941951741432693,0.9626939322713468,0.9502486177681544,12,1.15,0.15,13C1 N2 S1 P1 O3,de-protonated,1,554,C20 H23 O3 N2 P1 S1 13C1,20,23,3,2,1,1,1,N/A
562,414.113053,414.1130169014396,414.1129155100491,1953870.6,-9999,259381,22.3,-1,0.2448399620098018,0.9891817101048715,0,0.593509026062923,12,1.05,0.25,N3 S1 O5,de-protonated,0,-9999,C20 H21 O5 N3 S1,20,21,5,3,-9999,1,-9999,N/A
563,414.149303,414.14926690480866,414.1495447962991,1650138.6,-9999,410338.9,18.57,-1,-0.6709931084864252,0.921553948034057,0.9978850618084444,0.952086393543812,6,1.5789473684210529,0.2631578947368421,13C1 S2 O5,de-protonated,1,557,C19 H30 O5 S2 13C1,19,30,5,-9999,-9999,2,1,N/A
563,414.149303,414.14926690480866,414.1491646737791,1650138.6,-9999,410338.9,18.57,-1,0.2468459150709672,0.989004699394192,0.9877488625800048,0.9885023646685172,11,1.2857142857142858,0.09523809523809525,13C1 N2 S1 P1 O2,de-protonated,1,557,C21 H27 O2 N2 P1 S1 13C1,21,27,2,2,1,1,1,N/A
563,414.149303,414.14926690480866,414.1493010193991,1650138.6,-9999,410338.9,18.57,-1,-0.08237268628627956,0.9987695811739774,0,0.5992617487043864,11,1.1904761904761905,0.1904761904761905,N3 S1 O4,de-protonated,0,-9999,C21 H25 O4 N3 S1,21,25,4,3,-9999,1,-9999,N/A
564,415.031258,415.0312219867771,415.03155412957904,1889790.5,-9999,388692,21.51,-1,-0.800283252279915,0.8902887710718254,0,0.5341732626430952,13,0.8,0.3,S2 O6,de-protonated,0,-9999,C20 H16 O6 S2,20,16,6,-9999,-9999,2,-9999,N/A
564,415.031258,415.0312219867771,415.03117400705906,1889790.5,-9999,388692,21.51,-1,0.11560509435963288,0.9975779600489286,0,0.5985467760293571,18,0.5909090909090909,0.13636363636363635,N2 S1 P1 O3,de-protonated,0,-9999,C22 H13 O3 N2 P1 S1,22,13,3,2,1,1,-9999,N/A
565,415.031985,415.03194898684467,415.03182545573907,1409406.8,-9999,392119.7,15.6,-1,0.2976424891393753,0.984053779081922,0,0.5904322674491532,27,0.3,0.03333333333333333,P1 O1,de-protonated,0,-9999,C30 H9 O1 P1,30,9,1,-9999,1,-9999,-9999,N/A
565,415.031985,415.03194898684467,415.03155412957904,1409406.8,-9999,392119.7,15.6,-1,0.9513909525766524,0.8485406182177324,0,0.5091243709306394,13,0.8,0.3,S2 O6,de-protonated,0,-9999,C20 H16 O6 S2,20,16,6,-9999,-9999,2,-9999,N/A
565,415.031985,415.03194898684467,415.0320221602291,1409406.8,-9999,392119.7,15.6,-1,-0.17630780397821974,0.9943756451218512,0,0.5966253870731107,19,0.4,0.35,N4 O7,de-protonated,0,-9999,C20 H8 O7 N4,20,8,7,4,-9999,-9999,-9999,N/A
566,415.052541,415.0525049887552,415.05268349763907,2230021.5,-9999,317861.8,25.7,-1,-0.43008729009337215,0.9669935199503876,0,0.5801961119702325,8,1.1764705882352942,0.4705882352941176,S2 O8,de-protonated,0,-9999,C17 H20 O8 S2,17,20,8,-9999,-9999,2,-9999,N/A
566,415.052541,415.0525049887552,415.0523033751191,2230021.5,-9999,317861.8,25.7,-1,0.4857547697962896,0.9580893730935924,0,0.5748536238561555,13,0.8947368421052632,0.2631578947368421,N2 S1 P1 O5,de-protonated,0,-9999,C19 H17 O5 N2 P1 S1,19,17,5,2,1,1,-9999,N/A
567,415.067743,415.067706990168,415.0679396389291,4188938.5,-9999,359252.5,49.79,-1,-0.5605076636051503,0.47229442597091514,0.8149093904448101,0.6093404117604732,12,0.9523809523809524,0.23809523809523808,S2 O5,de-protonated,0,-9999,C21 H20 O5 S2,21,20,5,-9999,-9999,2,-9999,N/A
567,415.067743,415.067706990168,415.0675595164091,4188938.5,-9999,359252.5,49.79,-1,0.3553006143344059,0.488677265883407,0.8007932653391621,0.613523665665709,17,0.7391304347826086,0.08695652173913043,N2 S1 P1 O2,de-protonated,0,-9999,C23 H17 O2 N2 P1 S1,23,17,2,2,1,1,-9999,N/A
568,415.068534,415.0684979902415,415.06840766957913,2509451,-9999,347157.7,29.13,-1,0.21760428087805708,0.9914449150038124,0,0.5948669490022874,18,0.5714285714285714,0.2857142857142857,N4 O6,de-protonated,0,-9999,C21 H12 O6 N4,21,12,6,4,-9999,-9999,-9999,N/A
569,415.088842,415.0888059921289,415.08906900698906,4883217.5,-9999,333042,58.34,-1,-0.6336347540241459,0.9125485324827908,0.953259501952205,0.9288329202705564,7,1.3333333333333333,0.3888888888888889,S2 O7,de-protonated,0,-9999,C18 H24 O7 S2,18,24,7,-9999,-9999,2,-9999,N/A
569,415.088842,415.0888059921289,415.0886888844691,4883217.5,-9999,333042,58.34,-1,0.28212683932016636,0.9912269119021836,0.9681458145010348,0.981994472941724,12,1.05,0.2,N2 S1 P1 O4,de-protonated,0,-9999,C20 H21 O4 N2 P1 S1,20,21,4,2,1,1,-9999,N/A
570,415.104148,415.1041119935515,415.10432514827903,3852054.8,-9999,279704.9,45.65,-1,-0.5134967636303045,0.9657603835070984,0.962454339135592,0.964437965758496,11,1.0909090909090908,0.18181818181818185,S2 O4,de-protonated,0,-9999,C22 H24 O4 S2,22,24,4,-9999,-9999,2,-9999,N/A
570,415.104148,415.1041119935515,415.1039450257591,3852054.8,-9999,279704.9,45.65,-1,0.4022312829888788,0.9573672401193196,0.9763269808042968,0.9649511363933104,16,0.875,0.04166666666666666,N2 S1 P1 O1,de-protonated,0,-9999,C24 H21 O1 N2 P1 S1,24,21,1,2,1,1,-9999,N/A
571,415.125287,415.1252509955161,415.1254545163391,4934941.5,-9999,295966.6,58.97,-1,-0.4902634150194616,0.4786623371105488,0.8295321147073605,0.6190102481492735,6,1.4736842105263157,0.3157894736842105,S2 O6,de-protonated,0,-9999,C19 H28 O6 S2,19,28,6,-9999,-9999,2,-9999,N/A
571,415.125287,415.1252509955161,415.12507439381915,4934941.5,-9999,295966.6,58.97,-1,0.425418043552479,0.4838473296318503,0.8149093904448103,0.6162721539570343,11,1.1904761904761905,0.14285714285714285,N2 S1 P1 O3,de-protonated,0,-9999,C21 H25 O3 N2 P1 S1,21,25,3,2,1,1,-9999,N/A
572,415.140483,415.14044699692846,415.1407106576291,3054882.8,-9999,381827.7,35.84,-1,-0.6351116473437537,0.9294238724441392,0,0.5576543234664835,10,1.2173913043478262,0.13043478260869565,S2 O3,de-protonated,0,-9999,C23 H28 O3 S2,23,28,3,-9999,-9999,2,-9999,N/A
573,415.16166,415.1616239988966,415.16184002568906,2444073.8,-9999,417986.2,28.33,-1,-0.5203435664344259,0.9520587066320568,0,0.5712352239792341,5,1.6,0.25,S2 O5,de-protonated,0,-9999,C20 H32 O5 S2,20,32,5,-9999,-9999,2,-9999,N/A
573,415.16166,415.1616239988966,415.16145990316915,2444073.8,-9999,417986.2,28.33,-1,0.3952576124620684,0.9720505490841904,0,0.5832303294505142,10,1.318181818181818,0.09090909090909093,N2 S1 P1 O2,de-protonated,0,-9999,C22 H29 O2 N2 P1 S1,22,29,2,2,1,1,-9999,N/A
574,415.162402,415.1623659989655,415.1623080563391,1433898.1,-9999,409895.7,15.9,-1,0.1395662017053889,0.996471849600455,0,0.5978831097602729,11,1.2,0.3,N4 O6,de-protonated,0,-9999,C20 H24 O6 N4,20,24,6,4,-9999,-9999,-9999,N/A
575,415.176846,415.176810000308,415.1770961669791,2240302.8,-9999,349647.8,25.82,-1,-0.6892641086391329,0.9174074728072736,0,0.550444483684364,9,1.3333333333333333,0.08333333333333333,S2 O2,de-protonated,0,-9999,C24 H32 O2 S2,24,32,2,-9999,-9999,2,-9999,N/A
576,416.06289399999997,416.0628580826568,416.0631886111291,1469526.1,-9999,406148.8,16.34,-1,-0.7944189280999301,0.8918007676465299,0,0.5350804605879179,12,0.95,0.25,N1 S2 O5,de-protonated,0,-9999,C20 H19 O5 N1 S2,20,19,5,1,-9999,2,-9999,N/A
576,416.06289399999997,416.0628580826568,416.0628084886091,1469526.1,-9999,406148.8,16.34,-1,0.11919846388756954,0.997425247760678,0,0.5984551486564068,17,0.7272727272727273,0.09090909090909093,N3 S1 P1 O2,de-protonated,0,-9999,C22 H16 O2 N3 P1 S1,22,16,2,3,1,1,-9999,N/A
577,416.092135,416.0920990853744,416.09242384205913,1295711.9,-9999,457485.6,14.2,-1,-0.7804917035855495,0.8953571355072754,0.953259501952205,0.9185180820852472,7,1.411764705882353,0.4117647058823529,13C1 S2 O7,de-protonated,1,569,C17 H24 O7 S2 13C1,17,24,7,-9999,-9999,2,1,N/A
577,416.092135,416.0920990853744,416.0920437195391,1295711.9,-9999,457485.6,14.2,-1,0.133061509177799,0.9967925396659812,0.9681458145010348,0.9853338496000024,12,1.105263157894737,0.21052631578947367,13C1 N2 S1 P1 O4,de-protonated,1,569,C19 H21 O4 N2 P1 S1 13C1,19,21,4,2,1,1,1,N/A
577,416.092135,416.0920990853744,416.0921800651591,1295711.9,-9999,457485.6,14.2,-1,-0.19461981878979503,0.9931508540484284,0,0.5958905124290571,12,1,0.3157894736842105,N3 S1 O6,de-protonated,0,-9999,C19 H19 O6 N3 S1,19,19,6,3,-9999,1,-9999,N/A
578,416.107571,416.10753508680904,416.1076799833491,1149029,-9999,444695.3,12.4,-1,-0.3482188554412362,0.9782384651457146,0.962454339135592,0.9719248147416656,11,1.1428571428571428,0.1904761904761905,13C1 S2 O4,de-protonated,1,570,C21 H24 O4 S2 13C1,21,24,4,-9999,-9999,2,1,N/A
578,416.107571,416.10753508680904,416.10729986082913,1149029,-9999,444695.3,12.4,-1,0.5653012575973694,0.9436643454611876,0.9763269808042968,0.9567293995984312,16,0.9130434782608696,0.04347826086956521,13C1 N2 S1 P1 O1,de-protonated,1,570,C23 H21 O1 N2 P1 S1 13C1,23,21,1,2,1,1,1,N/A
578,416.107571,416.10753508680904,416.1074362064491,1149029,-9999,444695.3,12.4,-1,0.23763180208917228,0.9898061106233336,0,0.5938836663740001,16,0.8260869565217391,0.13043478260869565,N3 S1 O3,de-protonated,0,-9999,C23 H19 O3 N3 S1,23,19,3,3,-9999,1,-9999,N/A
578,416.107571,416.10753508680904,416.1075691481791,1149029,-9999,444695.3,12.4,-1,-0.081857126820374,0.998784925691413,0,0.5992709554148478,3,2,0.9166666666666666,N3 P1 O11,de-protonated,0,-9999,C12 H24 O11 N3 P1,12,24,11,3,1,-9999,-9999,N/A
579,417.046966,417.0469301741159,417.04720419403907,4792736,-9999,438343.9,57.21,-1,-0.6570477403953725,0.4623279887578649,0.8221557383861046,0.6062590886091608,12,0.9,0.3,S2 O6,de-protonated,0,-9999,C20 H18 O6 S2,20,18,6,-9999,-9999,2,-9999,N/A
579,417.046966,417.0469301741159,417.0468240715191,4792736,-9999,438343.9,57.21,-1,0.2544141105814681,0.49416207618954017,0.8077896627745539,0.6196131108235456,17,0.6818181818181818,0.13636363636363635,N2 S1 P1 O3,de-protonated,0,-9999,C22 H15 O3 N2 P1 S1,22,15,3,2,1,1,-9999,N/A
580,417.047723,417.0476871741863,417.0474755201991,3028896.5,-9999,433475.4,35.52,-1,0.5075057388698464,0.4771704660747504,0.7550179348240813,0.5883094535744828,26,0.36666666666666664,0.03333333333333333,P1 O1,de-protonated,0,-9999,C30 H11 O1 P1,30,11,1,-9999,1,-9999,-9999,N/A
580,417.047723,417.0476871741863,417.0476722246891,3028896.5,-9999,433475.4,35.52,-1,0.03584601520378196,0.9997668770819312,0,0.5998601262491586,18,0.5,0.35,N4 O7,de-protonated,0,-9999,C20 H10 O7 N4,20,10,7,4,-9999,-9999,-9999,N/A
581,417.068092,417.0680561760793,417.0683335620991,1595559.3,-9999,436512,17.88,-1,-0.665085304860704,0.922874768019968,0,0.5537248608119808,7,1.2941176470588236,0.4705882352941176,S2 O8,de-protonated,0,-9999,C17 H22 O8 S2,17,22,8,-9999,-9999,2,-9999,N/A
581,417.068092,417.0680561760793,417.067953439579,1595559.3,-9999,436512,17.88,-1,0.24633036272760483,0.9890503279943526,0,0.5934301967966115,12,1,0.2631578947368421,N2 S1 P1 O5,de-protonated,0,-9999,C19 H19 O5 N2 P1 S1,19,19,5,2,1,1,-9999,N/A
582,417.082267,417.0822311773968,417.08255813218904,1984940,-9999,405339.7,22.67,-1,-0.783909050747305,0.8944890217891974,0,0.5366934130735185,7,1.5333333333333334,0.26666666666666666,N4 S2 P1 O4,de-protonated,0,-9999,C15 H23 O4 N4 P1 S2,15,23,4,4,1,2,-9999,N/A
583,417.083407,417.0833711775027,417.0835897033891,6253996.5,-9999,277492.5,75.19,-1,-0.523937867110626,0.9618942083969556,0.995387640228418,0.9752915811295404,11,1.0476190476190477,0.23809523809523808,S2 O5,de-protonated,0,-9999,C21 H22 O5 S2,21,22,5,-9999,-9999,2,-9999,N/A
583,417.083407,417.0833711775027,417.0832095808691,6253996.5,-9999,277492.5,75.19,-1,0.3874445911981898,0.9629571219019668,0.9812715151227698,0.970282879190288,16,0.8260869565217391,0.08695652173913043,N2 S1 P1 O2,de-protonated,0,-9999,C23 H19 O2 N2 P1 S1,23,19,2,2,1,1,-9999,N/A
584,417.08521,417.0851741776703,417.0849271139091,1232557,-9999,483884.2,13.42,-1,0.5923584026815726,0.9383162312773016,0,0.5629897387663809,16,0.8181818181818182,0.04545454545454545,N4 S2 O1,de-protonated,0,-9999,C22 H18 O1 N4 S2,22,18,1,4,-9999,2,-9999,N/A
584,417.08521,417.0851741776703,417.0850600556391,1232557,-9999,483884.2,13.42,-1,0.2736181228965804,0.9865073563652024,0,0.5919044138191215,3,2.090909090909091,0.8181818181818182,N4 S1 P1 O9,de-protonated,0,-9999,C11 H23 O9 N4 P1 S1,11,23,9,4,1,1,-9999,N/A
585,417.10444,417.1044041794576,417.1047190714491,1876403.5,-9999,423424.2,21.34,-1,-0.754947084360785,0.9017519563489862,0,0.5410511738093917,6,1.4444444444444444,0.3888888888888889,S2 O7,de-protonated,0,-9999,C18 H26 O7 S2,18,26,7,-9999,-9999,2,-9999,N/A
585,417.10444,417.1044041794576,417.104338948929,1876403.5,-9999,423424.2,21.34,-1,0.1563889952715116,0.99557204793259,0,0.597343228759554,11,1.15,0.2,N2 S1 P1 O4,de-protonated,0,-9999,C20 H23 O4 N2 P1 S1,20,23,4,2,1,1,-9999,N/A
586,417.118686,417.1186501807816,417.1184543841891,2411448.3,-9999,478414.4,27.92,-1,0.469402852918815,0.9608084350621668,0,0.5764850610373,2,2,0.8461538461538461,N2 S1 O11,de-protonated,0,-9999,C13 H26 O11 N2 S1,13,26,11,2,-9999,1,-9999,N/A
586,417.118686,417.1186501807816,417.11894364153915,2411448.3,-9999,478414.4,27.92,-1,-0.7035421479862007,0.9141030769469144,0,0.5484618461681486,6,1.6875,0.1875,N4 S2 P1 O3,de-protonated,0,-9999,C16 H27 O3 N4 P1 S2,16,27,3,4,1,2,-9999,N/A
587,417.119818,417.1197821808868,417.11997521273906,6886840.5,-9999,283382.4,82.97,-1,-0.46277297603037304,0.9801042220055424,0.959362791897926,0.9718076499624958,10,1.181818181818182,0.18181818181818185,S2 O4,de-protonated,0,-9999,C22 H26 O4 S2,22,26,4,-9999,-9999,2,-9999,N/A
587,417.119818,417.1197821808868,417.1195950902191,6886840.5,-9999,283382.4,82.97,-1,0.4485300376250647,0.9775465435691998,0.9409438465630474,0.9629054647667388,15,0.9583333333333334,0.04166666666666666,N2 S1 P1 O1,de-protonated,0,-9999,C24 H23 O1 N2 P1 S1,24,23,1,2,1,1,-9999,N/A
588,417.141063,417.1410271828612,417.141375906959,1287103.9,-9999,416062,14.09,-1,-0.8359853949214938,0.8809016179330849,0,0.5285409707598508,19,0.7931034482758621,0.03448275862068965,P1 O1,de-protonated,0,-9999,C29 H23 O1 P1,29,23,1,-9999,1,-9999,-9999,N/A
588,417.141063,417.1410271828612,417.14110458079904,1287103.9,-9999,416062,14.09,-1,-0.1855437812139151,0.9937728274622984,0,0.5962636964773791,5,1.5789473684210529,0.3157894736842105,S2 O6,de-protonated,0,-9999,C19 H30 O6 S2,19,30,6,-9999,-9999,2,-9999,N/A
588,417.141063,417.1410271828612,417.14072445827907,1287103.9,-9999,416062,14.09,-1,0.7257133249704782,0.9088622519525036,0,0.5453173511715022,10,1.2857142857142858,0.14285714285714285,N2 S1 P1 O3,de-protonated,0,-9999,C21 H27 O3 N2 P1 S1,21,27,3,2,1,1,-9999,N/A
589,417.155096,417.1550601841655,417.1548398935391,2027972.5,-9999,393968.2,23.2,-1,0.5280787979982723,0.950658772320722,0,0.5703952633924332,1,2.142857142857143,0.7142857142857143,N2 S1 O10,de-protonated,0,-9999,C14 H30 O10 N2 S1,14,30,10,2,-9999,1,-9999,N/A
589,417.155096,417.1550601841655,417.1553291508891,2027972.5,-9999,393968.2,23.2,-1,-0.6447639638904272,0.927342833008062,0,0.5564056998048371,5,1.8235294117647056,0.1176470588235294,N4 S2 P1 O2,de-protonated,0,-9999,C17 H31 O2 N4 P1 S2,17,31,2,4,1,2,-9999,N/A
590,417.156191,417.1561551842672,417.156360722089,5758405,-9999,374566.8,69.09,-1,-0.4927117050999582,0.975202884945376,0.9858566206502258,0.979464379227316,9,1.3043478260869563,0.13043478260869565,S2 O3,de-protonated,0,-9999,C23 H30 O3 S2,23,30,3,-9999,-9999,2,-9999,N/A
591,417.192583,417.1925471876495,417.1927462314391,2203089.3,-9999,384308.6,25.36,-1,-0.4771027095247729,0.9595387110825232,0,0.5757232266495139,8,1.4166666666666667,0.08333333333333333,S2 O2,de-protonated,0,-9999,C24 H34 O2 S2,24,34,2,-9999,-9999,2,-9999,N/A
593,418.078715,418.0786792700061,418.0788386755891,1398780.5,-9999,376765,15.46,-1,-0.3812811562637488,0.973966703873992,0,0.5843800223243952,11,1.05,0.25,N1 S2 O5,de-protonated,0,-9999,C20 H21 O5 N1 S2,20,21,5,1,-9999,2,-9999,N/A
593,418.078715,418.0786792700061,418.07845855306914,1398780.5,-9999,376765,15.46,-1,0.5279318568938697,0.9506855391051992,0,0.5704113234631195,16,0.8181818181818182,0.09090909090909093,N3 S1 P1 O2,de-protonated,0,-9999,C22 H18 O2 N3 P1 S1,22,18,2,3,1,1,-9999,N/A
594,418.086816,418.086780270759,418.08694453845914,1377279.3,-9999,384451.8,15.19,-1,-0.3929032041986236,0.9723778991318356,0.995387640228418,0.9815817955704684,11,1.1,0.25,13C1 S2 O5,de-protonated,1,583,C20 H22 O5 S2 13C1,20,22,5,-9999,-9999,2,1,N/A
594,418.086816,418.086780270759,418.0865644159391,1377279.3,-9999,384451.8,15.19,-1,0.5162921707051245,0.9527845014915868,0.9812715151227698,0.9641793069440598,16,0.8636363636363636,0.09090909090909093,13C1 N2 S1 P1 O2,de-protonated,1,583,C22 H19 O2 N2 P1 S1 13C1,22,19,2,2,1,1,1,N/A
594,418.086816,418.086780270759,418.0867007615591,1377279.3,-9999,384451.8,15.19,-1,0.1901739513880631,0.9934591877476427,0,0.5960755126485856,16,0.7727272727272727,0.18181818181818185,N3 S1 O4,de-protonated,0,-9999,C22 H17 O4 N3 S1,22,17,4,3,-9999,1,-9999,N/A
595,418.11498,418.1149442733766,418.11522418493905,1180936.8,-9999,449947.5,12.78,-1,-0.669460345573844,0.9218975710693746,0,0.5531385426416248,10,1.1904761904761905,0.1904761904761905,N1 S2 O4,de-protonated,0,-9999,C21 H25 O4 N1 S2,21,25,4,1,-9999,2,-9999,N/A
595,418.11498,418.1149442733766,418.11484406241914,1180936.8,-9999,449947.5,12.78,-1,0.23967328322489367,0.9896311231343063,0,0.5937786738805838,15,0.9565217391304348,0.04347826086956521,N3 S1 P1 O1,de-protonated,0,-9999,C23 H22 O1 N3 P1 S1,23,22,1,3,1,1,-9999,N/A
596,418.122892,418.1228562741119,418.1229499252891,1187083.4,-9999,533106.6,12.85,-1,-0.22397999736812543,0.9909385611823353,0.9409438465630474,0.97094067533462,15,1,0.04347826086956521,13C1 N2 S1 P1 O1,de-protonated,1,587,C23 H23 O1 N2 P1 S1 13C1,23,23,1,2,1,1,1,N/A
596,418.122892,418.1228562741119,418.12308627090914,1187083.4,-9999,533106.6,12.85,-1,-0.5500695962766625,0.9465777949683952,0,0.5679466769810371,15,0.9130434782608696,0.13043478260869565,N3 S1 O3,de-protonated,0,-9999,C23 H21 O3 N3 S1,23,21,3,3,-9999,1,-9999,N/A
596,418.122892,418.1228562741119,418.123219212639,1187083.4,-9999,533106.6,12.85,-1,-0.8680181116770197,0.8722200812337946,0,0.5233320487402767,2,2.1666666666666665,0.9166666666666666,N3 P1 O11,de-protonated,0,-9999,C12 H26 O11 N3 P1,12,26,11,3,1,-9999,-9999,N/A
597,418.123406,418.1233702741597,418.12333004780913,1230347.6,-9999,454987.8,13.39,-1,0.09620690264281764,0.9983219625164196,0.959362791897926,0.9827382942690224,10,1.238095238095238,0.1904761904761905,13C1 S2 O4,de-protonated,1,587,C21 H26 O4 S2 13C1,21,26,4,-9999,-9999,2,1,N/A
597,418.123406,418.1233702741597,418.1237377195891,1230347.6,-9999,454987.8,13.39,-1,-0.8787959072854953,0.8692455746383849,0,0.5215473447830309,24,0.5483870967741935,0.03225806451612903,N1 O1,de-protonated,0,-9999,C31 H17 O1 N1,31,17,1,1,-9999,-9999,-9999,N/A
597,418.123406,418.1233702741597,418.12308627090914,1230347.6,-9999,454987.8,13.39,-1,0.679233603272371,0.9196953038680292,0,0.5518171823208174,15,0.9130434782608696,0.13043478260869565,N3 S1 O3,de-protonated,0,-9999,C23 H21 O3 N3 S1,23,21,3,3,-9999,1,-9999,N/A
597,418.123406,418.1233702741597,418.123219212639,1230347.6,-9999,454987.8,13.39,-1,0.3612846970166717,0.976594376162903,0,0.5859566256977418,2,2.1666666666666665,0.9166666666666666,N3 P1 O11,de-protonated,0,-9999,C12 H26 O11 N3 P1,12,26,11,3,1,-9999,-9999,N/A
598,418.159672,418.15963627753024,418.1597155571591,1307671.9,-9999,344422.1,14.34,-1,-0.18959174182885008,0.9934990450252736,0.9858566206502258,0.9904420752752544,9,1.3636363636363635,0.13636363636363635,13C1 S2 O3,de-protonated,1,590,C22 H30 O3 S2 13C1,22,30,3,-9999,-9999,2,1,N/A
598,418.159672,418.15963627753024,418.15947178025914,1307671.9,-9999,344422.1,14.34,-1,0.3933840608709556,0.972311192210287,0,0.5833867153261721,14,1.0416666666666667,0.08333333333333333,N3 S1 O2,de-protonated,0,-9999,C24 H25 O2 N3 S1,24,25,2,3,-9999,1,-9999,N/A
598,418.159672,418.15963627753024,418.159604721989,1307671.9,-9999,344422.1,14.34,-1,0.07546291132370667,0.9989672467168154,0,0.5993803480300892,1,2.3076923076923075,0.7692307692307693,N3 P1 O10,de-protonated,0,-9999,C13 H30 O10 N3 P1,13,30,10,3,1,-9999,-9999,N/A
599,419.026288,419.02625235807307,419.0264687491491,2325054.5,-9999,357472,26.85,-1,-0.516413859685958,0.9527627759041712,0,0.5716576655425027,12,0.8421052631578947,0.3684210526315789,S2 O7,de-protonated,0,-9999,C19 H16 O7 S2,19,16,7,-9999,-9999,2,-9999,N/A
599,419.026288,419.02625235807307,419.0260886266291,2325054.5,-9999,357472,26.85,-1,0.39074284020604816,0.9726766454005265,0,0.5836059872403158,17,0.6190476190476191,0.1904761904761905,N2 S1 P1 O4,de-protonated,0,-9999,C21 H13 O4 N2 P1 S1,21,13,4,2,1,1,-9999,N/A
600,419.06148,419.0614443613438,419.061822687299,2325066.5,-9999,425804.8,26.85,-1,-0.9027927022080016,0.86252860196429,0,0.517517161178574,7,1.5,0.35714285714285715,N4 S2 P1 O5,de-protonated,0,-9999,C14 H21 O5 N4 P1 S2,14,21,5,4,1,2,-9999,N/A
601,419.062662,419.0626263614536,419.0628542584991,7021643,-9999,381649.9,84.62,-1,-0.5438254504327591,0.955723297474618,0.9986545787819292,0.9728958099975428,11,1,0.3,S2 O6,de-protonated,0,-9999,C20 H20 O6 S2,20,20,6,-9999,-9999,2,-9999,N/A
601,419.062662,419.0626263614536,419.06247413597913,7021643,-9999,381649.9,84.62,-1,0.36325245969106207,0.969859219895584,0.9842885031703784,0.975630933205502,16,0.7727272727272727,0.13636363636363635,N2 S1 P1 O3,de-protonated,0,-9999,C22 H17 O3 N2 P1 S1,22,17,3,2,1,1,-9999,N/A
602,419.097933,419.0978973647317,419.09820819664907,3244119,-9999,452975.6,38.16,-1,-0.7416684473844141,0.9050094825753268,0,0.543005689545196,6,1.6666666666666667,0.26666666666666666,N4 S2 P1 O4,de-protonated,0,-9999,C15 H25 O4 N4 P1 S2,15,25,4,4,1,2,-9999,N/A
603,419.099076,419.09904036483795,419.09923976784904,9337943,-9999,371768.2,113.12,-1,-0.4757894841457018,0.9557904511992918,0.9898100238647948,0.969398280265493,10,1.1428571428571428,0.23809523809523808,S2 O5,de-protonated,0,-9999,C21 H24 O5 S2,21,24,5,-9999,-9999,2,-9999,N/A
603,419.099076,419.09904036483795,419.0988596453291,9337943,-9999,371768.2,113.12,-1,0.43120973646164495,0.970266585415026,0.9960738510295571,0.9805894916608386,15,0.9130434782608696,0.08695652173913043,N2 S1 P1 O2,de-protonated,0,-9999,C23 H21 O2 N2 P1 S1,23,21,2,2,1,1,-9999,N/A
604,419.134268,419.13423236810866,419.1341044486491,3625059.3,-9999,474056,42.84,-1,0.3051993578816922,0.983240689401042,0,0.5899444136406251,1,2.1538461538461537,0.8461538461538461,N2 S1 O11,de-protonated,0,-9999,C13 H28 O11 N2 S1,13,28,11,2,-9999,1,-9999,N/A
604,419.134268,419.13423236810866,419.13459370599907,3625059.3,-9999,474056,42.84,-1,-0.8621046695660136,0.8738407727472316,0,0.5243044636483389,5,1.8125,0.1875,N4 S2 P1 O3,de-protonated,0,-9999,C16 H29 O3 N4 P1 S2,16,29,3,4,1,2,-9999,N/A
605,419.135409,419.1353733682147,419.1356252771991,10613860,-9999,395509.4,128.81,-1,-0.6010202168888963,0.6161300323405254,0.9325891667306584,0.7427136860965786,9,1.2727272727272727,0.18181818181818185,S2 O4,de-protonated,0,-9999,C22 H28 O4 S2,22,28,4,-9999,-9999,2,-9999,N/A
605,419.135409,419.1353733682147,419.1352451546791,10613860,-9999,395509.4,128.81,-1,0.3059001528578221,0.9882648767412824,0.9801084566613936,0.9850023087093268,14,1.0416666666666667,0.04166666666666666,N2 S1 P1 O1,de-protonated,0,-9999,C24 H25 O1 N2 P1 S1,24,25,1,2,1,1,-9999,N/A
606,419.170707,419.1706713714953,419.1704899579991,2205807.8,-9999,465432.4,25.38,-1,0.43279166945794895,0.9665841622695478,0,0.5799504973617287,0,2.2857142857142856,0.7142857142857143,N2 S1 O10,de-protonated,0,-9999,C14 H32 O10 N2 S1,14,32,10,2,-9999,1,-9999,N/A
606,419.170707,419.1706713714953,419.1709792153491,2205807.8,-9999,465432.4,25.38,-1,-0.7344111809727679,0.9067702903832404,0,0.5440621742299443,4,1.9411764705882353,0.1176470588235294,N4 S2 P1 O2,de-protonated,0,-9999,C17 H33 O2 N4 P1 S2,17,33,2,4,1,2,-9999,N/A
607,419.171858,419.1718223716022,419.17201078654904,6962288,-9999,291838.2,83.89,-1,-0.4494931483285344,0.9570547324603615,0.9763762125285872,0.964783324487652,8,1.391304347826087,0.13043478260869565,S2 O3,de-protonated,0,-9999,C23 H32 O3 S2,23,32,3,-9999,-9999,2,-9999,N/A
608,419.20821,419.2081743749808,419.2083962958991,2128508.5,-9999,417660.9,24.43,-1,-0.5293809005842302,0.9504212889177672,0,0.5702527733506604,7,1.5,0.08333333333333333,S2 O2,de-protonated,0,-9999,C24 H36 O2 S2,24,36,2,-9999,-9999,2,-9999,N/A
609,420.066055,420.06601945470845,420.0662090935691,1504930.3,-9999,330940.2,16.76,-1,-0.4514499299294808,0.9636949083960216,0.9986545787819292,0.9776787765503848,11,1.0526315789473684,0.3157894736842105,13C1 S2 O6,de-protonated,1,601,C19 H20 O6 S2 13C1,19,20,6,-9999,-9999,2,1,N/A
609,420.066055,420.06601945470845,420.0658289710491,1504930.3,-9999,330940.2,16.76,-1,0.45346144872883615,0.9633766705546232,0.9842885031703784,0.9717414036009252,16,0.8095238095238095,0.14285714285714285,13C1 N2 S1 P1 O3,de-protonated,1,601,C21 H17 O3 N2 P1 S1 13C1,21,17,3,2,1,1,1,N/A
609,420.066055,420.06601945470845,420.0659653166691,1504930.3,-9999,330940.2,16.76,-1,0.12887985174115957,0.9969906715173792,0,0.5981944029104275,16,0.7142857142857143,0.23809523809523808,N3 S1 O5,de-protonated,0,-9999,C21 H15 O5 N3 S1,21,15,5,3,-9999,1,-9999,N/A
610,420.094478,420.09444245735,420.09448874004903,1567916,-9999,355264.2,17.53,-1,-0.11017211668336666,0.997800018358949,0,0.5986800110153694,10,1.15,0.25,N1 S2 O5,de-protonated,0,-9999,C20 H23 O5 N1 S2,20,23,5,1,-9999,2,-9999,N/A
610,420.094478,420.09444245735,420.0941086175291,1567916,-9999,355264.2,17.53,-1,0.7946786542214342,0.8917339837729401,0,0.535040390263764,15,0.9090909090909092,0.09090909090909093,N3 S1 P1 O2,de-protonated,0,-9999,C22 H20 O2 N3 P1 S1,22,20,2,3,1,1,-9999,N/A
611,420.102411,420.10237545808735,420.1025946029191,2266030.8,-9999,369921.4,26.12,-1,-0.5216459849943735,0.9518242956105328,0.9898100238647948,0.9670185869122376,10,1.2,0.25,13C1 S2 O5,de-protonated,1,603,C20 H24 O5 S2 13C1,20,24,5,-9999,-9999,2,1,N/A
611,420.102411,420.10237545808735,420.10221448039914,2266030.8,-9999,369921.4,26.12,-1,0.3831869546549641,0.973709263376835,0.9960738510295571,0.982655098437924,15,0.9545454545454546,0.09090909090909093,13C1 N2 S1 P1 O2,de-protonated,1,603,C22 H21 O2 N2 P1 S1 13C1,22,21,2,2,1,1,1,N/A
611,420.102411,420.10237545808735,420.10235082601906,2266030.8,-9999,369921.4,26.12,-1,0.05863349310146234,0.9993763945312424,0,0.5996258367187454,15,0.8636363636363636,0.18181818181818185,N3 S1 O4,de-protonated,0,-9999,C22 H19 O4 N3 S1,22,19,4,3,-9999,1,-9999,N/A
612,420.130718,420.13068246071816,420.1308742493991,1247416.4,-9999,355925.3,13.59,-1,-0.4564974694255629,0.9628938701561344,0,0.5777363220936806,9,1.2857142857142858,0.1904761904761905,N1 S2 O4,de-protonated,0,-9999,C21 H27 O4 N1 S2,21,27,4,1,-9999,2,-9999,N/A
612,420.130718,420.13068246071816,420.1304941268791,1247416.4,-9999,355925.3,13.59,-1,0.4482746234354644,0.9641945990039508,0,0.5785167594023704,14,1.0434782608695652,0.04347826086956521,N3 S1 P1 O1,de-protonated,0,-9999,C23 H24 O1 N3 P1 S1,23,24,1,3,1,1,-9999,N/A
613,420.138716,420.1386804614615,420.1389801122691,2428347.3,-9999,387895.9,28.12,-1,-0.713218296334532,0.6078880834504455,0.9325891667306584,0.7377685167625306,9,1.3333333333333333,0.1904761904761905,13C1 S2 O4,de-protonated,1,605,C21 H28 O4 S2 13C1,21,28,4,-9999,-9999,2,1,N/A
613,420.138716,420.1386804614615,420.13859998974914,2428347.3,-9999,387895.9,28.12,-1,0.19153610821154113,0.9933654651993996,0.9801084566613936,0.9880626617841972,14,1.0869565217391304,0.04347826086956521,13C1 N2 S1 P1 O1,de-protonated,1,605,C23 H25 O1 N2 P1 S1 13C1,23,25,1,2,1,1,1,N/A
613,420.138716,420.1386804614615,420.13873633536906,2428347.3,-9999,387895.9,28.12,-1,-0.13298918366194817,0.9967960199549056,0,0.5980776119729434,14,1,0.13043478260869565,N3 S1 O3,de-protonated,0,-9999,C23 H23 O3 N3 S1,23,23,3,3,-9999,1,-9999,N/A
613,420.138716,420.1386804614615,420.1388692770991,2428347.3,-9999,387895.9,28.12,-1,-0.44941244769580857,0.964015917977604,0,0.5784095507865624,1,2.3333333333333335,0.9166666666666666,N3 P1 O11,de-protonated,0,-9999,C12 H28 O11 N3 P1,12,28,11,3,1,-9999,-9999,N/A
614,420.139466,420.1394304615312,420.13938778404906,1692091.4,-9999,397131.4,19.06,-1,0.10157934104047033,0.9981294982476892,0,0.5988776989486134,23,0.6129032258064516,0.03225806451612903,N1 O1,de-protonated,0,-9999,C31 H19 O1 N1,31,19,1,1,-9999,-9999,-9999,N/A
614,420.139466,420.1394304615312,420.1397386569691,1692091.4,-9999,397131.4,19.06,-1,-0.7335545998395309,0.9069772021039156,0,0.5441863212623493,0,2.4615384615384617,0.4615384615384616,N3 S2 P1 O6,de-protonated,0,-9999,C13 H32 O6 N3 P1 S2,13,32,6,3,1,2,-9999,N/A
615,420.175178,420.1751424648503,420.1753656216191,1996231.6,-9999,485729.5,22.8,-1,-0.5311038844012326,0.9501062359081048,0.9763762125285872,0.9606142265562978,8,1.4545454545454546,0.13636363636363635,13C1 S2 O3,de-protonated,1,607,C22 H32 O3 S2 13C1,22,32,3,-9999,-9999,2,1,N/A
615,420.175178,420.1751424648503,420.1751218447191,1996231.6,-9999,485729.5,22.8,-1,0.04907508824100295,0.999563100932376,0,0.5997378605594256,13,1.125,0.08333333333333333,N3 S1 O2,de-protonated,0,-9999,C24 H27 O2 N3 S1,24,27,2,3,-9999,1,-9999,N/A
615,420.175178,420.1751424648503,420.1752547864491,1996231.6,-9999,485729.5,22.8,-1,-0.26732083226321046,0.9871173009449512,0,0.5922703805669708,0,2.4615384615384617,0.7692307692307693,N3 P1 O10,de-protonated,0,-9999,C13 H32 O10 N3 P1,13,32,10,3,1,-9999,-9999,N/A
617,421.040813,421.0407775453019,421.0410872424091,1968881.9,-9999,547176.2,22.46,-1,-0.7355507967463242,0.9064947091362174,0,0.5438968254817305,7,1.4615384615384617,0.4615384615384616,N4 S2 P1 O6,de-protonated,0,-9999,C13 H19 O6 N4 P1 S2,13,19,6,4,1,2,-9999,N/A
618,421.041935,421.0418995454062,421.0421188136091,5418738.5,-9999,362021.1,64.9,-1,-0.5207749844967543,0.4759905589755297,0.8295321147073605,0.617407181268262,11,0.9473684210526316,0.3684210526315789,S2 O7,de-protonated,0,-9999,C19 H18 O7 S2,19,18,7,-9999,-9999,2,-9999,N/A
618,421.041935,421.0418995454062,421.0417386910891,5418738.5,-9999,362021.1,64.9,-1,0.3820388866274861,0.4869322465701006,0.8149093904448101,0.6181231041199844,16,0.7142857142857143,0.1904761904761905,N2 S1 P1 O4,de-protonated,0,-9999,C21 H15 O4 N2 P1 S1,21,15,4,2,1,1,-9999,N/A
619,421.078376,421.078340548793,421.07850432295913,9647871,-9999,275611.1,116.92,-1,-0.3889397451031183,0.6451672757860013,0.931472458876528,0.759689349022212,10,1.1,0.3,S2 O6,de-protonated,0,-9999,C20 H22 O6 S2,20,22,6,-9999,-9999,2,-9999,N/A
619,421.078376,421.078340548793,421.07812420043905,9647871,-9999,275611.1,116.92,-1,0.5137962328382806,0.9591922125071516,0.9878181986389858,0.9706426069598852,15,0.8636363636363636,0.13636363636363635,N2 S1 P1 O3,de-protonated,0,-9999,C22 H19 O3 N2 P1 S1,22,19,3,2,1,1,-9999,N/A
620,421.113555,421.11351955206254,421.1138582611091,4968203,-9999,427721.9,59.36,-1,-0.804317027129041,0.8892437904450604,0,0.5335462742670363,5,1.8,0.26666666666666666,N4 S2 P1 O4,de-protonated,0,-9999,C15 H27 O4 N4 P1 S2,15,27,4,4,1,2,-9999,N/A
621,421.114714,421.11467855217023,421.1148898323091,13948683,-9999,369583.1,169.83,-1,-0.5017161443192334,0.6460950435084095,0.9320353995747568,0.7604711859349484,9,1.238095238095238,0.23809523809523808,S2 O5,de-protonated,0,-9999,C21 H26 O5 S2,21,26,5,-9999,-9999,2,-9999,N/A
621,421.114714,421.11467855217023,421.1145097097891,13948683,-9999,369583.1,169.83,-1,0.4009417325590496,0.9547711764838096,0.9744488248385728,0.962642235825715,14,1,0.08695652173913043,N2 S1 P1 O2,de-protonated,0,-9999,C23 H23 O2 N2 P1 S1,23,23,2,2,1,1,-9999,N/A
622,421.149966,421.1499305554466,421.1497545131091,4955927.5,-9999,494687.3,59.2,-1,0.4180041316823926,0.9687932375415236,0,0.5812759425249142,0,2.3076923076923075,0.8461538461538461,N2 S1 O11,de-protonated,0,-9999,C13 H30 O11 N2 S1,13,30,11,2,-9999,1,-9999,N/A
622,421.149966,421.1499305554466,421.1502437704591,4955927.5,-9999,494687.3,59.2,-1,-0.7437132405856866,0.4522554283861863,0.8524773804394659,0.6123442092074981,4,1.9375,0.1875,N4 S2 P1 O3,de-protonated,0,-9999,C16 H31 O3 N4 P1 S2,16,31,3,4,1,2,-9999,N/A
623,421.151118,421.1510825555536,421.151275341659,13459224,-9999,340216.2,163.81,-1,-0.45775975685936704,0.6459144600986225,0.9314846699778728,0.7601425440503227,8,1.3636363636363635,0.18181818181818185,S2 O4,de-protonated,0,-9999,C22 H30 O4 S2,22,30,4,-9999,-9999,2,-9999,N/A
623,421.151118,421.1510825555536,421.1508952191391,13459224,-9999,340216.2,163.81,-1,0.44482017404985297,0.9577691134080112,0.9720658025831614,0.9634877890780712,13,1.125,0.04166666666666666,N2 S1 P1 O1,de-protonated,0,-9999,C24 H27 O1 N2 P1 S1,24,27,1,2,1,1,-9999,N/A
624,421.187522,421.18748655893694,421.187660851009,5068580.5,-9999,269526.4,60.59,-1,-0.41381096440268184,0.9597983242948768,0.9853347859924084,0.9700129089738894,7,1.4782608695652173,0.13043478260869565,S2 O3,de-protonated,0,-9999,C23 H34 O3 S2,23,34,3,-9999,-9999,2,-9999,N/A
625,421.223907,421.22387156231855,421.22404636035907,1141041.3,-9999,516209.4,12.28,-1,-0.41497640514310286,0.9692366784989328,0,0.5815420070993598,6,1.5833333333333333,0.08333333333333333,S2 O2,de-protonated,0,-9999,C24 H38 O2 S2,24,38,2,-9999,-9999,2,-9999,N/A
626,422.073603,422.0735676412888,422.0737532951591,1581144,-9999,336626.6,17.69,-1,-0.43986120634168274,0.9655027707997608,0,0.5793016624798564,10,1.105263157894737,0.3157894736842105,N1 S2 O6,de-protonated,0,-9999,C19 H21 O6 N1 S2,19,21,6,1,-9999,2,-9999,N/A
626,422.073603,422.0735676412888,422.0733731726391,1581144,-9999,336626.6,17.69,-1,0.46074607412339447,0.9622132423282962,0,0.5773279453969777,15,0.8571428571428571,0.14285714285714285,N3 S1 P1 O3,de-protonated,0,-9999,C21 H18 O3 N3 P1 S1,21,18,3,3,1,1,-9999,N/A
627,422.081701,422.08166564204146,422.08185915802915,2118234.8,-9999,378266.2,24.29,-1,-0.4584797557406962,0.6417180213438919,0.931472458876528,0.7576197963569463,10,1.1578947368421053,0.3157894736842105,13C1 S2 O6,de-protonated,1,619,C19 H22 O6 S2 13C1,19,22,6,-9999,-9999,2,1,N/A
627,422.081701,422.08166564204146,422.08147903550906,2118234.8,-9999,378266.2,24.29,-1,0.4421102125154327,0.965155335164934,0.9878181986389858,0.9742204805545548,15,0.9047619047619048,0.14285714285714285,13C1 N2 S1 P1 O3,de-protonated,1,619,C21 H19 O3 N2 P1 S1 13C1,21,19,3,2,1,1,1,N/A
627,422.081701,422.08166564204146,422.0816153811291,2118234.8,-9999,378266.2,24.29,-1,0.1190786580805248,0.9974304142498698,0,0.5984582485499218,15,0.8095238095238095,0.23809523809523808,N3 S1 O5,de-protonated,0,-9999,C21 H17 O5 N3 S1,21,17,5,3,-9999,1,-9999,N/A
628,422.110023,422.1099876446737,422.11013880450906,1769060.6,-9999,427561.3,20,-1,-0.35810519923219836,0.9769997736319764,0,0.5861998641791858,9,1.25,0.25,N1 S2 O5,de-protonated,0,-9999,C20 H25 O5 N1 S2,20,25,5,1,-9999,2,-9999,N/A
628,422.110023,422.1099876446737,422.1097586819891,1769060.6,-9999,427561.3,20,-1,0.5424245231250773,0.9480134166912596,0,0.5688080500147558,14,1,0.09090909090909093,N3 S1 P1 O2,de-protonated,0,-9999,C22 H22 O2 N3 P1 S1,22,22,2,3,1,1,-9999,N/A
630,422.11815,422.11811464542905,422.1182446673791,2931303.5,-9999,306460.3,34.29,-1,-0.30802257823432033,0.6552879117495,0.9320353995747568,0.7659869068796028,9,1.3,0.25,13C1 S2 O5,de-protonated,1,621,C20 H26 O5 S2 13C1,20,26,5,-9999,-9999,2,1,N/A
630,422.11815,422.11811464542905,422.1178645448591,2931303.5,-9999,306460.3,34.29,-1,0.5924898966272301,0.9382897056645412,0.9744488248385728,0.952753353334154,14,1.0454545454545454,0.09090909090909093,13C1 N2 S1 P1 O2,de-protonated,1,621,C22 H23 O2 N2 P1 S1 13C1,22,23,2,2,1,1,1,N/A
630,422.11815,422.11811464542905,422.1180008904791,2931303.5,-9999,306460.3,34.29,-1,0.26948613826084244,0.9869091328248194,0,0.5921454796948916,14,0.9545454545454546,0.18181818181818185,N3 S1 O4,de-protonated,0,-9999,C22 H21 O4 N3 S1,22,21,4,3,-9999,1,-9999,N/A
631,422.154508,422.15447264880817,422.1546301767291,2917492,-9999,369860.6,34.12,-1,-0.37315218088030455,0.6500340805174072,0.9314846699778728,0.7626143163015935,8,1.4285714285714286,0.1904761904761905,13C1 S2 O4,de-protonated,1,623,C21 H30 O4 S2 13C1,21,30,4,-9999,-9999,2,1,N/A
631,422.154508,422.15447264880817,422.1542500542091,2917492,-9999,369860.6,34.12,-1,0.5272826200923809,0.9508037238930254,0.9720658025831614,0.95930855536908,13,1.173913043478261,0.04347826086956521,13C1 N2 S1 P1 O1,de-protonated,1,623,C23 H27 O1 N2 P1 S1 13C1,23,27,1,2,1,1,1,N/A
631,422.154508,422.15447264880817,422.1543863998291,2917492,-9999,369860.6,34.12,-1,0.2043067224977289,0.9924547170572748,0,0.5954728302343648,13,1.0869565217391304,0.13043478260869565,N3 S1 O3,de-protonated,0,-9999,C23 H25 O3 N3 S1,23,25,3,3,-9999,1,-9999,N/A
631,422.154508,422.15447264880817,422.1545193415591,2917492,-9999,369860.6,34.12,-1,-0.1106058297955979,0.997782682242932,0,0.5986696093457592,0,2.5,0.9166666666666666,N3 P1 O11,de-protonated,0,-9999,C12 H30 O11 N3 P1,12,30,11,3,1,-9999,-9999,N/A
632,422.190827,422.1907916521836,422.1910156860791,1378944.8,-9999,433845.3,15.2,-1,-0.5306458147673194,0.95019008508606,0.9853347859924084,0.9642479654485994,7,1.5454545454545454,0.13636363636363635,13C1 S2 O3,de-protonated,1,624,C22 H34 O3 S2 13C1,22,34,3,-9999,-9999,2,1,N/A
632,422.190827,422.1907916521836,422.19077190917915,1378944.8,-9999,433845.3,15.2,-1,0.04676323061314065,0.9996032867719372,0,0.5997619720631623,12,1.2083333333333333,0.08333333333333333,N3 S1 O2,de-protonated,0,-9999,C24 H29 O2 N3 S1,24,29,2,3,-9999,1,-9999,N/A
635,423.021229,423.02119372936073,423.0213833687191,1300770.8,-9999,293446,14.23,-1,-0.4482973339830298,0.9641910367040653,0,0.5785146220224391,11,0.8888888888888888,0.4444444444444444,S2 O8,de-protonated,0,-9999,C18 H16 O8 S2,18,16,8,-9999,-9999,2,-9999,N/A
635,423.021229,423.02119372936073,423.0210032461991,1300770.8,-9999,293446,14.23,-1,0.4502924445452518,0.9638774376642096,0,0.5783264625985257,16,0.65,0.25,N2 S1 P1 O5,de-protonated,0,-9999,C20 H13 O5 N2 P1 S1,20,13,5,2,1,1,-9999,N/A
636,423.05647,423.056434732636,423.0567373068691,2511791,-9999,402585.5,29.13,-1,-0.7152095840134053,0.9113616367174808,0,0.5468169820304885,6,1.6153846153846154,0.4615384615384616,N4 S2 P1 O6,de-protonated,0,-9999,C13 H21 O6 N4 P1 S2,13,21,6,4,1,2,-9999,N/A
637,423.057677,423.05764173274815,423.0580402042291,7503279.5,-9999,268181.4,90.53,-1,-0.9418837205942212,0.42565825836903554,0.7612342259156645,0.5598886453876871,24,0.4482758620689655,0.06896551724137931,P1 O2,de-protonated,0,-9999,C29 H13 O2 P1,29,13,2,-9999,1,-9999,-9999,N/A
637,423.057677,423.05764173274815,423.0577688780691,7503279.5,-9999,268181.4,90.53,-1,-0.30053891055323795,0.9728833903313816,0.9723580633684684,0.9726732595462164,10,1.0526315789473684,0.3684210526315789,S2 O7,de-protonated,0,-9999,C19 H20 O7 S2,19,20,7,-9999,-9999,2,-9999,N/A
637,423.057677,423.05764173274815,423.0573887555491,7503279.5,-9999,268181.4,90.53,-1,0.597973716549843,0.9517550446027226,0.9869807876310188,0.9658453418140412,15,0.8095238095238095,0.1904761904761905,N2 S1 P1 O4,de-protonated,0,-9999,C21 H17 O4 N2 P1 S1,21,17,4,2,1,1,-9999,N/A
638,423.072812,423.0727767341548,423.0730250193591,1247412.8,-9999,408602,13.58,-1,-0.5868613445202188,0.9394205223589364,0,0.5636523134153618,14,0.8695652173913043,0.17391304347826086,S2 O4,de-protonated,0,-9999,C23 H20 O4 S2,23,20,4,-9999,-9999,2,-9999,N/A
638,423.072812,423.0727767341548,423.0726448968391,1247412.8,-9999,408602,13.58,-1,0.3116186245270764,0.9825345342795492,0,0.5895207205677295,19,0.68,0.04,N2 S1 P1 O1,de-protonated,0,-9999,C25 H17 O1 N2 P1 S1,25,17,1,2,1,1,-9999,N/A
639,423.092886,423.09285073602047,423.0931228162191,4792764,-9999,482683.6,57.19,-1,-0.6430740277740145,0.9277091115041828,0,0.5566254669025097,5,1.7857142857142858,0.35714285714285715,N4 S2 P1 O5,de-protonated,0,-9999,C14 H25 O5 N4 P1 S2,14,25,5,4,1,2,-9999,N/A
640,423.093997,423.0939617361238,423.09415438741905,14008764,-9999,369379.2,170.56,-1,-0.4553390618237168,0.637125508876602,0.9314724588765282,0.7548642888765725,9,1.2,0.3,S2 O6,de-protonated,0,-9999,C20 H24 O6 S2,20,24,6,-9999,-9999,2,-9999,N/A
640,423.093997,423.0939617361238,423.0937742648991,14008764,-9999,369379.2,170.56,-1,0.4430961551602517,0.971171469614062,0.9792103848616498,0.9743870357130971,14,0.9545454545454546,0.13636363636363635,N2 S1 P1 O3,de-protonated,0,-9999,C22 H21 O3 N2 P1 S1,22,21,3,2,1,1,-9999,N/A
641,423.105177,423.1051417371628,423.10538777670905,1176768.1,-9999,463862.9,12.71,-1,-0.5815088943862647,0.940487102298568,0,0.5642922613791408,9,1.263157894736842,0.2631578947368421,N2 S2 O5,de-protonated,0,-9999,C19 H24 O5 N2 S2,19,24,5,2,-9999,2,-9999,N/A
641,423.105177,423.1051417371628,423.10500765418914,1176768.1,-9999,463862.9,12.71,-1,0.31690235575921477,0.9819426574923272,0,0.5891655944953963,14,1,0.09523809523809525,N4 S1 P1 O2,de-protonated,0,-9999,C21 H21 O2 N4 P1 S1,21,21,2,4,1,1,-9999,N/A
642,423.129257,423.12922173940075,423.129508325569,6152648.5,-9999,454690.4,73.92,-1,-0.677301305234527,0.910904491100658,0.9487548267546134,0.92604462536224,4,1.9333333333333331,0.26666666666666666,N4 S2 P1 O4,de-protonated,0,-9999,C15 H29 O4 N4 P1 S2,15,29,4,4,1,2,-9999,N/A
643,423.130376,423.1303407395048,423.1305398967691,20402632,-9999,350826.6,249.21,-1,-0.4706757029822789,0.6522475348623537,0.9209970833878884,0.7597473542725675,8,1.3333333333333333,0.23809523809523808,S2 O5,de-protonated,0,-9999,C21 H28 O5 S2,21,28,5,-9999,-9999,2,-9999,N/A
643,423.130376,423.1303407395048,423.13015977424914,20402632,-9999,350826.6,249.21,-1,0.4276822426183211,0.623418350432374,0.9345669607195516,0.747877794547245,13,1.0869565217391304,0.08695652173913043,N2 S1 P1 O2,de-protonated,0,-9999,C23 H25 O2 N2 P1 S1,23,25,2,2,1,1,-9999,N/A
644,423.165586,423.1655507427771,423.16589383491913,3551701.3,-9999,504718.2,41.92,-1,-0.810774561403487,0.8875625583368515,0,0.5325375350021109,3,2.0625,0.1875,N4 S2 P1 O3,de-protonated,0,-9999,C16 H33 O3 N4 P1 S2,16,33,3,4,1,2,-9999,N/A
645,423.166778,423.16674274288795,423.16692540611905,10656214,-9999,330134.8,129.32,-1,-0.4316576276029326,0.632394004561352,0.9266234852403972,0.7500857968329699,7,1.4545454545454546,0.18181818181818185,S2 O4,de-protonated,0,-9999,C22 H32 O4 S2,22,32,4,-9999,-9999,2,-9999,N/A
645,423.166778,423.16674274288795,423.16654528359913,10656214,-9999,330134.8,129.32,-1,0.46662310859397593,0.9742653617882522,0.9672046178456856,0.9714410642112256,12,1.2083333333333333,0.04166666666666666,N2 S1 P1 O1,de-protonated,0,-9999,C24 H29 O1 N2 P1 S1,24,29,1,2,1,1,-9999,N/A
646,423.203212,423.2031767462741,423.2033109154691,2721250.5,-9999,329692.9,31.71,-1,-0.31703247953609576,0.9819279601779892,0,0.5891567761067936,6,1.565217391304348,0.13043478260869565,S2 O3,de-protonated,0,-9999,C23 H36 O3 S2,23,36,3,-9999,-9999,2,-9999,N/A
648,424.060963,424.060927825993,424.0611237131391,1853711.9,-9999,471386.5,20.29,-1,-0.4619313942066129,0.962022315206816,0.9723580633684684,0.9661566144714768,10,1.1111111111111112,0.3888888888888889,13C1 S2 O7,de-protonated,1,637,C18 H20 O7 S2 13C1,18,20,7,-9999,-9999,2,1,N/A
648,424.060963,424.060927825993,424.0607435906191,1853711.9,-9999,471386.5,20.29,-1,0.4344551498969926,0.966331175926964,0.9869807876310188,0.9745910206085858,15,0.85,0.2,13C1 N2 S1 P1 O4,de-protonated,1,637,C20 H17 O4 N2 P1 S1 13C1,20,17,4,2,1,1,1,N/A
648,424.060963,424.060927825993,424.0608799362391,1853711.9,-9999,471386.5,20.29,-1,0.11293131767062442,0.997688572823876,0,0.5986131436943256,15,0.75,0.3,N3 S1 O6,de-protonated,0,-9999,C20 H15 O6 N3 S1,20,15,6,3,-9999,1,-9999,N/A
649,424.089304,424.08926882862704,424.0896746857791,1505561.9,-9999,408794.6,16.16,-1,-0.9570078600298332,0.8468918083163772,0,0.5081350849898263,23,0.5517241379310345,0.03448275862068965,N1 P1 O1,de-protonated,0,-9999,C29 H16 O1 N1 P1,29,16,1,1,1,-9999,-9999,N/A
649,424.089304,424.08926882862704,424.08940335961904,1505561.9,-9999,408794.6,16.16,-1,-0.3172231867479655,0.9819064095385084,0,0.589143845723105,9,1.2105263157894737,0.3157894736842105,N1 S2 O6,de-protonated,0,-9999,C19 H23 O6 N1 S2,19,23,6,1,-9999,2,-9999,N/A
649,424.089304,424.08926882862704,424.089023237099,1505561.9,-9999,408794.6,16.16,-1,0.5791037129338662,0.9409635901084228,0,0.5645781540650536,14,0.9523809523809524,0.14285714285714285,N3 S1 P1 O3,de-protonated,0,-9999,C21 H20 O3 N3 P1 S1,21,20,3,3,1,1,-9999,N/A
650,424.090121,424.09008582870297,424.0896746857791,1181466.1,-9999,480320.9,12.31,-1,0.9694716670460952,0.8432100849998971,0,0.5059260509999383,23,0.5517241379310345,0.03448275862068965,N1 P1 O1,de-protonated,0,-9999,C29 H16 O1 N1 P1,29,16,1,1,1,-9999,-9999,N/A
651,424.097315,424.09727982937153,424.0975092224891,2898204.8,-9999,327501.2,32.69,-1,-0.5408971111697611,0.6321987268250157,0.9314724588765282,0.7519082196456207,9,1.263157894736842,0.3157894736842105,13C1 S2 O6,de-protonated,1,640,C19 H24 O6 S2 13C1,19,24,6,-9999,-9999,2,1,N/A
651,424.097315,424.09727982937153,424.0971290999691,2898204.8,-9999,327501.2,32.69,-1,0.3554124564692822,0.977340435549757,0.9792103848616498,0.9780884152745142,14,1,0.14285714285714285,13C1 N2 S1 P1 O3,de-protonated,1,640,C21 H21 O3 N2 P1 S1 13C1,21,21,3,2,1,1,1,N/A
651,424.097315,424.09727982937153,424.0972654455891,2898204.8,-9999,327501.2,32.69,-1,0.03391623485605128,0.9997912993636018,0,0.599874779618161,14,0.9047619047619048,0.23809523809523808,N3 S1 O5,de-protonated,0,-9999,C21 H19 O5 N3 S1,21,19,5,3,-9999,1,-9999,N/A
652,424.1259,424.12586483202824,424.1257888689691,1712166.8,-9999,385230.1,18.61,-1,0.17910502294285605,0.9941962854924647,0,0.5965177712954789,8,1.35,0.25,N1 S2 O5,de-protonated,0,-9999,C20 H27 O5 N1 S2,20,27,5,1,-9999,2,-9999,N/A
653,424.132578,424.1325428326489,424.1328631606391,1451049.1,-9999,382808,15.51,-1,-0.7552538792265463,0.9016761500146414,0.9487548267546134,0.9205076207106302,4,2.0714285714285716,0.2857142857142857,13C1 N4 S2 P1 O4,de-protonated,1,642,C14 H29 O4 N4 P1 S2 13C1,14,29,4,4,1,2,1,N/A
654,424.133868,424.1338328327688,424.1338947318391,3928873.5,-9999,298622.2,44.93,-1,-0.14594228635400844,0.664095170263023,0.9209970833878884,0.7668559355129692,8,1.4,0.25,13C1 S2 O5,de-protonated,1,643,C20 H28 O5 S2 13C1,20,28,5,-9999,-9999,2,1,N/A
654,424.133868,424.1338328327688,424.1335146093191,3928873.5,-9999,298622.2,44.93,-1,0.7502907426370484,0.6019329962363555,0.9345669607195516,0.734986582029634,13,1.1363636363636365,0.09090909090909093,13C1 N2 S1 P1 O2,de-protonated,1,643,C22 H25 O2 N2 P1 S1 13C1,22,25,2,2,1,1,1,N/A
654,424.133868,424.1338328327688,424.133650954939,3928873.5,-9999,298622.2,44.93,-1,0.4288219746829883,0.48359211340139696,0.8077896627745539,0.6132711331506597,13,1.0454545454545454,0.18181818181818185,N3 S1 O4,de-protonated,0,-9999,C22 H23 O4 N3 S1,22,23,4,3,-9999,1,-9999,N/A
655,424.170048,424.1700128361313,424.1702802411891,2233654.3,-9999,402229.3,24.8,-1,-0.6304191270683479,0.620283934656842,0.9266234852403972,0.742819754890264,7,1.5238095238095235,0.1904761904761905,13C1 S2 O4,de-protonated,1,645,C21 H32 O4 S2 13C1,21,32,4,-9999,-9999,2,1,N/A
655,424.170048,424.1700128361313,424.16990011866915,2233654.3,-9999,402229.3,24.8,-1,0.2657365884315712,0.9872685706237548,0.9672046178456856,0.9792429895125272,12,1.2608695652173914,0.04347826086956521,13C1 N2 S1 P1 O1,de-protonated,1,645,C23 H29 O1 N2 P1 S1 13C1,23,29,1,2,1,1,1,N/A
655,424.170048,424.1700128361313,424.1700364642891,2233654.3,-9999,402229.3,24.8,-1,-0.05570444815571597,0.9994371258224768,0,0.599662275493486,12,1.173913043478261,0.13043478260869565,N3 S1 O3,de-protonated,0,-9999,C23 H27 O3 N3 S1,23,27,3,3,-9999,1,-9999,N/A
658,425.037006,425.036970916706,425.03730475933907,3217513,-9999,367718.8,36.48,-1,-0.7854431348938132,0.44704917880751255,0.7675537279851021,0.5752509984785483,24,0.3928571428571429,0.10714285714285714,P1 O3,de-protonated,0,-9999,C28 H11 O3 P1,28,11,3,-9999,1,-9999,-9999,N/A
658,425.037006,425.036970916706,425.03703343317903,3217513,-9999,367718.8,36.48,-1,-0.1470847670849295,0.9960822465554676,0,0.5976493479332805,10,1,0.4444444444444444,S2 O8,de-protonated,0,-9999,C18 H18 O8 S2,18,18,8,-9999,-9999,2,-9999,N/A
658,425.037006,425.036970916706,425.03665331065906,3217513,-9999,367718.8,36.48,-1,0.7472439010424727,0.9036473190136284,0,0.542188391408177,15,0.75,0.25,N2 S1 P1 O5,de-protonated,0,-9999,C20 H15 O5 N2 P1 S1,20,15,5,2,1,1,-9999,N/A
659,425.052126,425.0520909181112,425.05228957446906,1802350.4,-9999,437162.9,19.68,-1,-0.4673692220177624,0.961140613751281,0,0.5766843682507686,14,0.8181818181818182,0.2272727272727273,S2 O5,de-protonated,0,-9999,C22 H18 O5 S2,22,18,5,-9999,-9999,2,-9999,N/A
659,425.052126,425.0520909181112,425.05190945194914,1802350.4,-9999,437162.9,19.68,-1,0.42692705992717106,0.9674688452351732,0,0.5804813071411039,19,0.625,0.08333333333333333,N2 S1 P1 O2,de-protonated,0,-9999,C24 H15 O2 N2 P1 S1,24,15,2,2,1,1,-9999,N/A
660,425.052825,425.0527899181762,425.0527576051191,1210990.6,-9999,267697.6,12.66,-1,0.07602128548870858,0.9989519148728994,0,0.5993711489237395,20,0.4545454545454546,0.2727272727272727,N4 O6,de-protonated,0,-9999,C22 H10 O6 N4,22,10,6,4,-9999,-9999,-9999,N/A
661,425.072147,425.07211191997186,425.0720364984091,3371125.5,-9999,464384.6,38.3,-1,0.17743242625579975,0.4971519345182186,0.7489023467070351,0.5978520993937453,28,0.3225806451612903,0.03225806451612903,N2 O1,de-protonated,0,-9999,C31 H10 O1 N2,31,10,1,2,-9999,-9999,-9999,N/A
661,425.072147,425.07211191997186,425.07238737132906,3371125.5,-9999,464384.6,38.3,-1,-0.6480104692299697,0.9266368932067304,0,0.5559821359240382,5,1.7692307692307692,0.4615384615384616,N4 S2 P1 O6,de-protonated,0,-9999,C13 H23 O6 N4 P1 S2,13,23,6,4,1,2,-9999,N/A
662,425.073283,425.0732479200775,425.0734189425291,9895030,-9999,338117.5,115.74,-1,-0.4023362646558965,0.6413100465220787,0.9309001147828634,0.7571460738263925,9,1.1578947368421053,0.3684210526315789,S2 O7,de-protonated,0,-9999,C19 H22 O7 S2,19,22,7,-9999,-9999,2,-9999,N/A
662,425.073283,425.0732479200775,425.07303882000906,9895030,-9999,338117.5,115.74,-1,0.4919156223747657,0.965834316030876,0.9805212416247188,0.9717090862684132,14,0.9047619047619048,0.1904761904761905,N2 S1 P1 O4,de-protonated,0,-9999,C21 H19 O4 N2 P1 S1,21,19,4,2,1,1,-9999,N/A
663,425.088761,425.088725921516,425.0886750838191,1751675.4,-9999,246522.8,19.08,-1,0.11959315757754072,0.9974081904821984,0,0.598444914289319,13,0.9565217391304348,0.17391304347826086,S2 O4,de-protonated,0,-9999,C23 H22 O4 S2,23,22,4,-9999,-9999,2,-9999,N/A
663,425.088761,425.088725921516,425.0891431144691,1751675.4,-9999,246522.8,19.08,-1,-0.98142462548733,0.8396498329579923,0,0.5037898997747954,19,0.6086956521739131,0.21739130434782608,N4 O5,de-protonated,0,-9999,C23 H14 O5 N4,23,14,5,4,-9999,-9999,-9999,N/A
664,425.108514,425.10847892335187,425.10877288067906,5695618.5,-9999,454573.7,65.89,-1,-0.691487322633797,0.4584483122685165,0.8684926696514785,0.6224660552217014,4,1.9285714285714288,0.35714285714285715,N4 S2 P1 O5,de-protonated,0,-9999,C14 H27 O5 N4 P1 S2,14,27,5,4,1,2,-9999,N/A
665,425.109713,425.10967792346327,425.11007577803906,16606339,-9999,397861.5,195.41,-1,-0.9358860174424192,0.4265289934006405,0.7550179348240813,0.5579245699700168,22,0.6333333333333333,0.03333333333333333,P1 O1,de-protonated,0,-9999,C30 H19 O1 P1,30,19,1,-9999,1,-9999,-9999,N/A
665,425.109713,425.10967792346327,425.1098044518791,16606339,-9999,397861.5,195.41,-1,-0.2976370210574998,0.6530077483817444,0.931472458876528,0.7643936325796579,8,1.3,0.3,S2 O6,de-protonated,0,-9999,C20 H26 O6 S2,20,26,6,-9999,-9999,2,-9999,N/A
665,425.109713,425.10967792346327,425.1094243293591,16606339,-9999,397861.5,195.41,-1,0.5965384196117316,0.9449483897140556,0.998495386019398,0.9663671882361924,13,1.0454545454545454,0.13636363636363635,N2 S1 P1 O3,de-protonated,0,-9999,C22 H23 O3 N2 P1 S1,22,23,3,2,1,1,-9999,N/A
666,425.12504,425.1250049248878,425.12506059316905,1530504.3,-9999,381356.2,16.45,-1,-0.13094565914192052,0.9968935768465884,0,0.5981361461079531,12,1.0833333333333333,0.125,S2 O3,de-protonated,0,-9999,C24 H26 O3 S2,24,26,3,-9999,-9999,2,-9999,N/A
667,425.144879,425.1448439267316,425.14515839002905,5175439.5,-9999,454110.6,59.72,-1,-0.7396610104831047,0.9054979298511924,0,0.5432987579107154,3,2.066666666666667,0.26666666666666666,N4 S2 P1 O4,de-protonated,0,-9999,C15 H31 O4 N4 P1 S2,15,31,4,4,1,2,-9999,N/A
668,425.146065,425.14602992684183,425.146189961229,13927568,-9999,393046.9,163.61,-1,-0.3764220189939917,0.6445285309386746,0.932035399574757,0.7595312783931076,7,1.4285714285714286,0.23809523809523808,S2 O5,de-protonated,0,-9999,C21 H30 O5 S2,21,30,5,-9999,-9999,2,-9999,N/A
668,425.146065,425.14602992684183,425.1458098387091,13927568,-9999,393046.9,163.61,-1,0.5176768243458089,0.9611419536804308,0.990267038374886,0.9727919875582128,12,1.173913043478261,0.08695652173913043,N2 S1 P1 O2,de-protonated,0,-9999,C23 H27 O2 N2 P1 S1,23,27,2,2,1,1,-9999,N/A
669,425.181308,425.1812729301173,425.1815438993792,1691804.3,-9999,545809.5,18.37,-1,-0.637302502308156,0.9289538701944792,0,0.5573723221166875,2,2.1875,0.1875,N4 S2 P1 O3,de-protonated,0,-9999,C16 H35 O3 N4 P1 S2,16,35,3,4,1,2,-9999,N/A
670,425.182439,425.1824039302224,425.1825754705791,4759708.5,-9999,394656.7,54.78,-1,-0.4034510504087265,0.973998561183166,0.9928354046561668,0.9815332985723662,6,1.5454545454545454,0.18181818181818185,S2 O4,de-protonated,0,-9999,C22 H34 O4 S2,22,34,4,-9999,-9999,2,-9999,N/A
670,425.182439,425.1824039302224,425.1821953480591,4759708.5,-9999,394656.7,54.78,-1,0.4905712552498626,0.9533678470777412,0.9932919536751288,0.9693374897166962,11,1.2916666666666667,0.04166666666666666,N2 S1 P1 O1,de-protonated,0,-9999,C24 H31 O1 N2 P1 S1,24,31,1,2,1,1,-9999,N/A
671,426.076589,426.0765540133242,426.0767737775992,1963995.1,-9999,345017.7,21.59,-1,-0.5157856247616066,0.6352499248862069,0.9309001147828634,0.7535100008448695,9,1.2222222222222223,0.3888888888888889,13C1 S2 O7,de-protonated,1,662,C18 H22 O7 S2 13C1,18,22,7,-9999,-9999,2,1,N/A
671,426.076589,426.0765540133242,426.07639365507913,1963995.1,-9999,345017.7,21.59,-1,0.3763603134471036,0.974625798960524,0.9805212416247188,0.976983976026202,14,0.95,0.2,13C1 N2 S1 P1 O4,de-protonated,1,662,C20 H19 O4 N2 P1 S1 13C1,20,19,4,2,1,1,1,N/A
671,426.076589,426.0765540133242,426.0765300006991,1963995.1,-9999,345017.7,21.59,-1,0.05635754001767965,0.9994238537416422,0,0.5996543122449853,14,0.85,0.3,N3 S1 O6,de-protonated,0,-9999,C20 H17 O6 N3 S1,20,17,6,3,-9999,1,-9999,N/A
672,426.113035,426.1130000167115,426.1131592869491,3913192,-9999,382111.9,44.73,-1,-0.3737745107711172,0.6499792565727505,0.931472458876528,0.7625765374942615,8,1.368421052631579,0.3157894736842105,13C1 S2 O6,de-protonated,1,665,C19 H26 O6 S2 13C1,19,26,6,-9999,-9999,2,1,N/A
672,426.113035,426.1130000167115,426.112779164429,3913192,-9999,382111.9,44.73,-1,0.5182953744593797,0.9524262737394704,0.998495386019398,0.9708539186514412,13,1.0952380952380951,0.14285714285714285,13C1 N2 S1 P1 O3,de-protonated,1,665,C21 H23 O3 N2 P1 S1 13C1,21,23,3,2,1,1,1,N/A
672,426.113035,426.1130000167115,426.1129155100491,3913192,-9999,382111.9,44.73,-1,0.1983198803130147,0.49644444351467104,0.8149093904448103,0.6238304222867268,13,1,0.23809523809523808,N3 S1 O5,de-protonated,0,-9999,C21 H21 O5 N3 S1,21,21,5,3,-9999,1,-9999,N/A
674,426.149375,426.1493400200889,426.1495447962991,3255797,-9999,386871.4,36.93,-1,-0.48052664301290843,0.6393120056004818,0.932035399574757,0.756401363190192,7,1.5,0.25,13C1 S2 O5,de-protonated,1,668,C20 H30 O5 S2 13C1,20,30,5,-9999,-9999,2,1,N/A
674,426.149375,426.1493400200889,426.1491646737791,3255797,-9999,386871.4,36.93,-1,0.4114669799309988,0.9697468862476906,0.990267038374886,0.9779549470985688,12,1.2272727272727273,0.09090909090909093,13C1 N2 S1 P1 O2,de-protonated,1,668,C22 H27 O2 N2 P1 S1 13C1,22,27,2,2,1,1,1,N/A
674,426.149375,426.1493400200889,426.1493010193991,3255797,-9999,386871.4,36.93,-1,0.09151884026751882,0.9984813948280228,0,0.5990888368968137,12,1.1363636363636365,0.18181818181818185,N3 S1 O4,de-protonated,0,-9999,C22 H25 O4 N3 S1,22,25,4,3,-9999,1,-9999,N/A
675,426.185813,426.18577802347545,426.1859303056491,1185282.1,-9999,391532.2,12.35,-1,-0.35731393932964317,0.9771001312414964,0.9928354046561668,0.9833942406073644,6,1.619047619047619,0.1904761904761905,13C1 S2 O4,de-protonated,1,670,C21 H34 O4 S2 13C1,21,34,4,-9999,-9999,2,1,N/A
675,426.185813,426.18577802347545,426.1855501831291,1185282.1,-9999,391532.2,12.35,-1,0.5346036397259379,0.9494634671417354,0.9932919536751288,0.9669948617550927,11,1.3478260869565215,0.04347826086956521,13C1 N2 S1 P1 O1,de-protonated,1,670,C23 H31 O1 N2 P1 S1 13C1,23,31,1,2,1,1,1,N/A
675,426.185813,426.18577802347545,426.1856865287491,1185282.1,-9999,391532.2,12.35,-1,0.21468277603724312,0.9916721373408904,0,0.5950032824045342,11,1.2608695652173914,0.13043478260869565,N3 S1 O3,de-protonated,0,-9999,C23 H29 O3 N3 S1,23,29,3,3,-9999,1,-9999,N/A
678,427.031466,427.03143110207,427.03155412957904,1560881.3,-9999,376614.8,16.8,-1,-0.2880993403702456,0.9850523774658646,0,0.5910314264795188,14,0.7619047619047619,0.2857142857142857,S2 O6,de-protonated,0,-9999,C21 H16 O6 S2,21,16,6,-9999,-9999,2,-9999,N/A
678,427.031466,427.03143110207,427.03117400705906,1560881.3,-9999,376614.8,16.8,-1,0.602052090240653,0.9363470324451936,0,0.5618082194671161,19,0.5652173913043478,0.13043478260869565,N2 S1 P1 O3,de-protonated,0,-9999,C23 H13 O3 N2 P1 S1,23,13,3,2,1,1,-9999,N/A
679,427.051336,427.0513011039166,427.0516519264391,1432120.4,-9999,450143.3,15.28,-1,-0.8214990407795986,0.8847478562671817,0,0.530848713760309,5,1.75,0.5833333333333334,N4 S2 P1 O7,de-protonated,0,-9999,C12 H21 O7 N4 P1 S2,12,21,7,4,1,2,-9999,N/A
680,427.052546,427.0525111040291,427.05268349763907,4310841,-9999,392279.7,49.45,-1,-0.40368230104978053,0.9708641099090164,0,0.5825184659454099,9,1.1111111111111112,0.4444444444444444,S2 O8,de-protonated,0,-9999,C18 H20 O8 S2,18,20,8,-9999,-9999,2,-9999,N/A
680,427.052546,427.0525111040291,427.0523033751191,4310841,-9999,392279.7,49.45,-1,0.4864249844464707,0.4789880541851289,0.8221557383861046,0.6162551278655192,14,0.85,0.25,N2 S1 P1 O5,de-protonated,0,-9999,C20 H17 O5 N2 P1 S1,20,17,5,2,1,1,-9999,N/A
681,427.053424,427.0533891041107,427.0531515282891,2884921.3,-9999,382355,32.52,-1,0.5563144090913918,0.9453918535015442,0,0.5672351121009265,15,0.6666666666666666,0.5,N4 O9,de-protonated,0,-9999,C18 H12 O9 N4,18,12,9,4,-9999,-9999,-9999,N/A
682,427.067909,427.06787410545695,427.0679396389291,2931006.3,-9999,321000.7,33.07,-1,-0.1534497583547813,0.9957365732495994,0,0.5974419439497596,13,0.9090909090909092,0.2272727272727273,S2 O5,de-protonated,0,-9999,C22 H20 O5 S2,22,20,5,-9999,-9999,2,-9999,N/A
682,427.067909,427.06787410545695,427.0675595164091,2931006.3,-9999,321000.7,33.07,-1,0.736625952550552,0.906234400787722,0,0.5437406404726332,18,0.7083333333333334,0.08333333333333333,N2 S1 P1 O2,de-protonated,0,-9999,C24 H17 O2 N2 P1 S1,24,17,2,2,1,1,-9999,N/A
683,427.087772,427.087737107303,427.0876865628691,3241797.5,-9999,485363.3,36.76,-1,0.11834673640021258,0.4987309326467832,0.7489023467070353,0.598799498270884,27,0.3870967741935484,0.03225806451612903,N2 O1,de-protonated,0,-9999,C31 H12 O1 N2,31,12,1,2,-9999,-9999,-9999,N/A
683,427.087772,427.087737107303,427.0880374357891,3241797.5,-9999,485363.3,36.76,-1,-0.7032004171981184,0.9141828151926892,0,0.5485096891156135,4,1.9230769230769231,0.4615384615384616,N4 S2 P1 O6,de-protonated,0,-9999,C13 H25 O6 N4 P1 S2,13,25,6,4,1,2,-9999,N/A
684,427.088942,427.0889071074117,427.08906900698906,10270534,-9999,334251.7,120.19,-1,-0.37907684622324,0.65048609505739,0.9309001147828636,0.7626517029475794,8,1.263157894736842,0.3684210526315789,S2 O7,de-protonated,0,-9999,C19 H24 O7 S2,19,24,7,-9999,-9999,2,-9999,N/A
684,427.088942,427.0889071074117,427.0886888844691,10270534,-9999,334251.7,120.19,-1,0.5109546291316658,0.9518939328391878,0.9771706805648412,0.9620046319294492,13,1,0.1904761904761905,N2 S1 P1 O4,de-protonated,0,-9999,C21 H21 O4 N2 P1 S1,21,21,4,2,1,1,-9999,N/A
685,427.104195,427.1041601088294,427.10432514827903,3003723.3,-9999,311174.2,33.93,-1,-0.3864148404438931,0.9732704604801444,0,0.5839622762880867,12,1.0434782608695652,0.17391304347826086,S2 O4,de-protonated,0,-9999,C23 H24 O4 S2,23,24,4,-9999,-9999,2,-9999,N/A
685,427.104195,427.1041601088294,427.1039450257591,3003723.3,-9999,311174.2,33.93,-1,0.5035848363470354,0.9550276679648592,0,0.5730166007789156,17,0.84,0.04,N2 S1 P1 O1,de-protonated,0,-9999,C25 H21 O1 N2 P1 S1,25,21,1,2,1,1,-9999,N/A
686,427.124187,427.1241521106874,427.12442294513903,4102994.5,-9999,491020,46.98,-1,-0.6340879543828658,0.9296430108456086,0,0.5577858065073652,3,2.0714285714285716,0.35714285714285715,N4 S2 P1 O5,de-protonated,0,-9999,C14 H29 O5 N4 P1 S2,14,29,5,4,1,2,-9999,N/A
687,427.125339,427.1253041107945,427.1257258424991,13031251,-9999,371173.6,152.96,-1,-0.9873713502420158,0.8431511320794172,0.9220674151333084,0.8747176453009736,21,0.7,0.03333333333333333,P1 O1,de-protonated,0,-9999,C30 H21 O1 P1,30,21,1,-9999,1,-9999,-9999,N/A
687,427.125339,427.1253041107945,427.1254545163391,13031251,-9999,371173.6,152.96,-1,-0.35213435088611755,0.653189900847191,0.931472458876528,0.7645029240589258,7,1.4,0.3,S2 O6,de-protonated,0,-9999,C20 H28 O6 S2,20,28,6,-9999,-9999,2,-9999,N/A
687,427.125339,427.1253041107945,427.12507439381915,13031251,-9999,371173.6,152.96,-1,0.5378213293233848,0.9458234915227012,0.9748391430837808,0.9574297521471332,12,1.1363636363636365,0.13636363636363635,N2 S1 P1 O3,de-protonated,0,-9999,C22 H25 O3 N2 P1 S1,22,25,3,2,1,1,-9999,N/A
688,427.140626,427.1405911122153,427.1407106576291,2300248.5,-9999,318148.8,25.58,-1,-0.2798736127358186,0.9858877866139596,0,0.5915326719683757,11,1.1666666666666667,0.125,S2 O3,de-protonated,0,-9999,C24 H28 O3 S2,24,28,3,-9999,-9999,2,-9999,N/A
689,427.161724,427.16168911417606,427.16184002568906,7297888,-9999,353856.4,84.91,-1,-0.3532888447954941,0.9812938431815312,0.9840610221550654,0.9824007147709448,6,1.5238095238095235,0.23809523809523808,S2 O5,de-protonated,0,-9999,C21 H32 O5 S2,21,32,5,-9999,-9999,2,-9999,N/A
689,427.161724,427.16168911417606,427.16145990316915,7297888,-9999,353856.4,84.91,-1,0.5365910280450026,0.9430337738775172,0.9699448970494172,0.9537982231462772,11,1.2608695652173914,0.08695652173913043,N2 S1 P1 O2,de-protonated,0,-9999,C23 H29 O2 N2 P1 S1,23,29,2,2,1,1,-9999,N/A
690,427.177055,427.1770201156009,427.1770961669791,1488741.5,-9999,508813.8,15.95,-1,-0.1780324340171914,0.994265390539684,0,0.5965592343238103,10,1.28,0.08,S2 O2,de-protonated,0,-9999,C25 H32 O2 S2,25,32,2,-9999,-9999,2,-9999,N/A
691,427.198089,427.1980541175558,427.1982255350391,1514349.1,-9999,393318.9,16.25,-1,-0.4012598205784116,0.9712076789688462,0,0.5827246073813077,5,1.6363636363636365,0.18181818181818185,S2 O4,de-protonated,0,-9999,C22 H36 O4 S2,22,36,4,-9999,-9999,2,-9999,N/A
691,427.198089,427.1980541175558,427.1978454125191,1514349.1,-9999,393318.9,16.25,-1,0.48854421654815794,0.9576170239856612,0,0.5745702143913967,10,1.375,0.04166666666666666,N2 S1 P1 O1,de-protonated,0,-9999,C24 H33 O1 N2 P1 S1,24,33,1,2,1,1,-9999,N/A
692,428.092306,428.09227120066384,428.09242384205913,1989295.8,-9999,434573.7,21.89,-1,-0.35656177682118073,0.6514635558268635,0.9309001147828636,0.7632381794092635,8,1.3333333333333333,0.3888888888888889,13C1 S2 O7,de-protonated,1,684,C18 H24 O7 S2 13C1,18,24,7,-9999,-9999,2,1,N/A
692,428.092306,428.09227120066384,428.0920437195391,1989295.8,-9999,434573.7,21.89,-1,0.531383678057674,0.9500549880165275,0.9771706805648412,0.960901265035853,13,1.05,0.2,13C1 N2 S1 P1 O4,de-protonated,1,684,C20 H21 O4 N2 P1 S1 13C1,20,21,4,2,1,1,1,N/A
692,428.092306,428.09227120066384,428.0921800651591,1989295.8,-9999,434573.7,21.89,-1,0.21288757189331295,0.9918102627585972,0,0.5950861576551583,13,0.95,0.3,N3 S1 O6,de-protonated,0,-9999,C20 H19 O6 N3 S1,20,19,6,3,-9999,1,-9999,N/A
693,428.093238,428.09320320075045,428.0928315138391,1170352.1,-9999,495555.9,12.16,-1,0.868239045372946,0.8721593739499472,0,0.5232956243699683,22,0.5357142857142857,0.14285714285714285,N1 O4,de-protonated,0,-9999,C28 H15 O4 N1,28,15,4,1,-9999,-9999,-9999,N/A
694,428.128708,428.12867320404706,428.1290806775691,2613437,-9999,358492.1,29.29,-1,-0.9517538995499708,0.8484342739041517,0.9220674151333084,0.8778875303958144,21,0.7241379310344828,0.03448275862068965,13C1 P1 O1,de-protonated,1,687,C29 H21 O1 P1 13C1,29,21,1,-9999,1,-9999,1,N/A
694,428.128708,428.12867320404706,428.12880935140913,2613437,-9999,358492.1,29.29,-1,-0.31800560741687905,0.6545452415592566,0.931472458876528,0.7653161284861651,7,1.4736842105263157,0.3157894736842105,13C1 S2 O6,de-protonated,1,687,C19 H28 O6 S2 13C1,19,28,6,-9999,-9999,2,1,N/A
694,428.128708,428.12867320404706,428.1284292288891,2613437,-9999,358492.1,29.29,-1,0.5698644175456753,0.9427778179083368,0.9748391430837808,0.9556023479785144,12,1.1904761904761905,0.14285714285714285,13C1 N2 S1 P1 O3,de-protonated,1,687,C21 H25 O3 N2 P1 S1 13C1,21,25,3,2,1,1,1,N/A
694,428.128708,428.12867320404706,428.1285655745091,2613437,-9999,358492.1,29.29,-1,0.2513953672642895,0.9885980110837947,0,0.5931588066502769,12,1.0952380952380951,0.23809523809523808,N3 S1 O5,de-protonated,0,-9999,C21 H23 O5 N3 S1,21,23,5,3,-9999,1,-9999,N/A
695,428.165106,428.16507120742983,428.16519486075913,1485770.1,-9999,411367.2,15.91,-1,-0.28879818065774915,0.9849803208480408,0.9840610221550654,0.9846126013708508,6,1.6,0.25,13C1 S2 O5,de-protonated,1,689,C20 H32 O5 S2 13C1,20,32,5,-9999,-9999,2,1,N/A
695,428.165106,428.16507120742983,428.1648147382392,1485770.1,-9999,411367.2,15.91,-1,0.5989964187760696,0.9369707708482522,0.9699448970494172,0.9501604213287184,11,1.318181818181818,0.09090909090909093,13C1 N2 S1 P1 O2,de-protonated,1,689,C22 H29 O2 N2 P1 S1 13C1,22,29,2,2,1,1,1,N/A
695,428.165106,428.16507120742983,428.1649510838591,1485770.1,-9999,411367.2,15.91,-1,0.2805544228890242,0.9858195351205804,0,0.5914917210723483,11,1.2272727272727273,0.18181818181818185,N3 S1 O4,de-protonated,0,-9999,C22 H27 O4 N3 S1,22,27,4,3,-9999,1,-9999,N/A
696,428.208585,428.2085502114708,428.2087306485291,1244889.9,-9999,416035.1,13.05,-1,-0.4213764115253576,0.9682957801289248,0,0.5809774680773548,9,1.4,0.04,N1 S2 O1,de-protonated,0,-9999,C25 H35 O1 N1 S2,25,35,1,1,-9999,2,-9999,N/A
698,429.045892,429.0458572892896,429.0461726228391,1171978,-9999,500795.8,12.18,-1,-0.7349641358663809,0.9066366180453772,0,0.5439819708272263,9,1.2666666666666666,0.3333333333333333,N4 S2 P1 O5,de-protonated,0,-9999,C15 H19 O5 N4 P1 S2,15,19,5,4,1,2,-9999,N/A
699,429.046989,429.0469542893916,429.04720419403907,4251146.5,-9999,431004.3,48.73,-1,-0.5824642254899968,0.47014868096743434,0.8149093904448103,0.6080529647583848,13,0.8571428571428571,0.2857142857142857,S2 O6,de-protonated,0,-9999,C21 H18 O6 S2,21,18,6,-9999,-9999,2,-9999,N/A
699,429.046989,429.0469542893916,429.0468240715191,4251146.5,-9999,431004.3,48.73,-1,0.30350503762182973,0.49171235284101056,0.8007932653391623,0.6153447178402713,18,0.6521739130434783,0.13043478260869565,N2 S1 P1 O3,de-protonated,0,-9999,C23 H15 O3 N2 P1 S1,23,15,3,2,1,1,-9999,N/A
700,429.047809,429.0477742894678,429.0474755201991,2511626.8,-9999,355209.4,28.08,-1,0.6963547992429284,0.9157734377100308,0,0.5494640626260184,27,0.3548387096774194,0.03225806451612903,P1 O1,de-protonated,0,-9999,C31 H11 O1 P1,31,11,1,-9999,1,-9999,-9999,N/A
700,429.047809,429.0477742894678,429.0476722246891,2511626.8,-9999,355209.4,28.08,-1,0.23788680205142385,0.989784333184116,0,0.5938705999104695,19,0.47619047619047616,0.3333333333333333,N4 O7,de-protonated,0,-9999,C21 H10 O7 N4,21,10,7,4,-9999,-9999,-9999,N/A
701,429.068216,429.0681812913644,429.06860488825913,4972050,-9999,356144.8,57.29,-1,-0.9872474702372178,0.41895259001484736,0.7675537279851021,0.5583930452029493,22,0.5357142857142857,0.10714285714285714,P1 O3,de-protonated,0,-9999,C28 H15 O3 P1,28,15,3,-9999,1,-9999,-9999,N/A
701,429.068216,429.0681812913644,429.0683335620991,4972050,-9999,356144.8,57.29,-1,-0.35488690912703813,0.4887033185130591,0.8370420509349343,0.6280388114818092,8,1.2222222222222223,0.4444444444444444,S2 O8,de-protonated,0,-9999,C18 H22 O8 S2,18,22,8,-9999,-9999,2,-9999,N/A
701,429.068216,429.0681812913644,429.067953439579,4972050,-9999,356144.8,57.29,-1,0.5310389263496216,0.4750590651825314,0.8221557383861046,0.6138977344639607,13,0.95,0.25,N2 S1 P1 O5,de-protonated,0,-9999,C20 H19 O5 N2 P1 S1,20,19,5,2,1,1,-9999,N/A
702,429.082337,429.0823022926768,429.0827203235191,1243671.3,-9999,396910.9,13.03,-1,-0.9742430130540468,0.8417923414266892,0,0.5050754048560135,13,0.8571428571428571,0.47619047619047616,O10,de-protonated,0,-9999,C21 H18 O10,21,18,10,-9999,-9999,-9999,-9999,N/A
702,429.082337,429.0823022926768,429.0820688748391,1243671.3,-9999,396910.9,13.03,-1,0.5439934563510291,0.947720258145629,0,0.5686321548873774,4,1.6923076923076923,0.9230769230769232,N2 S1 O12,de-protonated,0,-9999,C13 H22 O12 N2 S1,13,22,12,2,-9999,1,-9999,N/A
702,429.082337,429.0823022926768,429.08255813218904,1243671.3,-9999,396910.9,13.03,-1,-0.5962477555900794,0.9375294821860968,0,0.562517689311658,8,1.4375,0.25,N4 S2 P1 O4,de-protonated,0,-9999,C16 H23 O4 N4 P1 S2,16,23,4,4,1,2,-9999,N/A
703,429.083496,429.08346129278453,429.0835897033891,5317143.5,-9999,343007.8,61.38,-1,-0.2992671070861648,0.9885605348340624,0.9887350604180662,0.988630345067664,12,1,0.2272727272727273,S2 O5,de-protonated,0,-9999,C22 H22 O5 S2,22,22,5,-9999,-9999,2,-9999,N/A
703,429.083496,429.08346129278453,429.0832095808691,5317143.5,-9999,343007.8,61.38,-1,0.5866272783894744,0.928296749248297,0.9748624187493616,0.9469230170487228,17,0.7916666666666666,0.08333333333333333,N2 S1 P1 O2,de-protonated,0,-9999,C24 H19 O2 N2 P1 S1,24,19,2,2,1,1,-9999,N/A
704,429.103408,429.1033732946352,429.1033366273291,2100767,-9999,491316.7,23.2,-1,0.08545099264608962,0.9986759622043442,0,0.5992055773226065,26,0.4516129032258064,0.03225806451612903,N2 O1,de-protonated,0,-9999,C31 H14 O1 N2,31,14,1,2,-9999,-9999,-9999,N/A
704,429.103408,429.1033732946352,429.10368750024907,2100767,-9999,491316.7,23.2,-1,-0.7322370398037379,0.9072950863086544,0,0.5443770517851927,3,2.076923076923077,0.4615384615384616,N4 S2 P1 O6,de-protonated,0,-9999,C13 H27 O6 N4 P1 S2,13,27,6,4,1,2,-9999,N/A
705,429.104619,429.1045842947477,429.1049903976091,6826527.5,-9999,350683.5,79.3,-1,-0.9463951024468276,0.425000820073178,0.7612342259156646,0.5594941824101727,21,0.6551724137931034,0.06896551724137931,P1 O2,de-protonated,0,-9999,C29 H19 O2 P1,29,19,2,-9999,1,-9999,-9999,N/A
705,429.104619,429.1045842947477,429.1047190714491,6826527.5,-9999,350683.5,79.3,-1,-0.3140881360248766,0.9686590789637644,0.9866191560689876,0.9758431098058538,7,1.368421052631579,0.3684210526315789,S2 O7,de-protonated,0,-9999,C19 H26 O7 S2,19,26,7,-9999,-9999,2,-9999,N/A
705,429.104619,429.1045842947477,429.104338948929,6826527.5,-9999,350683.5,79.3,-1,0.571762614323731,0.9582476565786324,0.9719964318064376,0.9637471666697544,12,1.0952380952380951,0.1904761904761905,N2 S1 P1 O4,de-protonated,0,-9999,C21 H23 O4 N2 P1 S1,21,23,4,2,1,1,-9999,N/A
706,429.119881,429.11984629616614,429.11997521273906,4421157,-9999,353665.9,50.75,-1,-0.30042081554258393,0.9887765071628888,0.9827273973926374,0.9863568632547884,11,1.1304347826086956,0.17391304347826086,S2 O4,de-protonated,0,-9999,C23 H26 O4 S2,23,26,4,-9999,-9999,2,-9999,N/A
706,429.119881,429.11984629616614,429.1195950902191,4421157,-9999,353665.9,50.75,-1,0.5853984528463303,0.9274883516076228,0.9963628014969184,0.9550381315633412,16,0.92,0.04,N2 S1 P1 O1,de-protonated,0,-9999,C25 H23 O1 N2 P1 S1,25,23,1,2,1,1,-9999,N/A
707,429.141131,429.14109629814106,429.141375906959,5234220.5,-9999,293915.7,60.4,-1,-0.6515540884723232,0.4629314591418715,0.7550179348240813,0.5797660494147554,20,0.7666666666666667,0.03333333333333333,P1 O1,de-protonated,0,-9999,C30 H23 O1 P1,30,23,1,-9999,1,-9999,-9999,N/A
707,429.141131,429.14109629814106,429.14110458079904,5234220.5,-9999,293915.7,60.4,-1,-0.01930054680011199,0.9778014803547628,0.9932196209212352,0.9839687365813518,6,1.5,0.3,S2 O6,de-protonated,0,-9999,C20 H30 O6 S2,20,30,6,-9999,-9999,2,-9999,N/A
707,429.141131,429.14109629814106,429.14072445827907,5234220.5,-9999,293915.7,60.4,-1,0.8664753559976317,0.9231335612631958,0.9924143034672142,0.9508458581448032,11,1.2272727272727273,0.13636363636363635,N2 S1 P1 O3,de-protonated,0,-9999,C22 H27 O3 N2 P1 S1,22,27,3,2,1,1,-9999,N/A
708,429.156266,429.15623129954776,429.156360722089,3574322.3,-9999,361794,40.7,-1,-0.3015743283674167,0.49181659423224144,0.7939170211058494,0.6126567649816845,10,1.25,0.125,S2 O3,de-protonated,0,-9999,C24 H30 O3 S2,24,30,3,-9999,-9999,2,-9999,N/A
709,429.177375,429.1773403015096,429.1774900901491,1666617.9,-9999,391489.6,18.05,-1,-0.3490132707129652,0.978140154236127,0,0.5868840925416762,5,1.619047619047619,0.23809523809523808,S2 O5,de-protonated,0,-9999,C21 H34 O5 S2,21,34,5,-9999,-9999,2,-9999,N/A
709,429.177375,429.1773403015096,429.1771099676291,1666617.9,-9999,391489.6,18.05,-1,0.5366872442370269,0.9490789932626064,0,0.5694473959575638,10,1.3478260869565215,0.08695652173913043,N2 S1 P1 O2,de-protonated,0,-9999,C23 H31 O2 N2 P1 S1,23,31,2,2,1,1,-9999,N/A
710,429.192658,429.19262330293,429.1927462314391,1620543.5,-9999,360792.4,17.5,-1,-0.28641795608621673,0.9852250492216256,0,0.5911350295329754,9,1.36,0.08,S2 O2,de-protonated,0,-9999,C25 H34 O2 S2,25,34,2,-9999,-9999,2,-9999,N/A
711,430.078762,430.078727385284,430.0788386755891,1431171.4,-9999,321900.1,15.25,-1,-0.2587672192494614,0.9879236218936196,0,0.5927541731361717,12,1,0.23809523809523808,N1 S2 O5,de-protonated,0,-9999,C21 H21 O5 N1 S2,21,21,5,1,-9999,2,-9999,N/A
711,430.078762,430.078727385284,430.07845855306914,1431171.4,-9999,321900.1,15.25,-1,0.6250771446056748,0.931558870365006,0,0.5589353222190037,17,0.782608695652174,0.08695652173913043,N3 S1 P1 O2,de-protonated,0,-9999,C23 H18 O2 N3 P1 S1,23,18,2,3,1,1,-9999,N/A
712,430.086896,430.08686138604,430.08694453845914,1174662.4,-9999,502691.4,12.21,-1,-0.1933386264438568,0.9932404293293272,0.9887350604180662,0.9914382817648228,12,1.0476190476190477,0.23809523809523808,13C1 S2 O5,de-protonated,1,703,C21 H22 O5 S2 13C1,21,22,5,-9999,-9999,2,1,N/A
712,430.086896,430.08686138604,430.0865644159391,1174662.4,-9999,502691.4,12.21,-1,0.6904891375123812,0.9171261549793316,0.9748624187493616,0.9402206604873437,17,0.8260869565217391,0.08695652173913043,13C1 N2 S1 P1 O2,de-protonated,1,703,C23 H19 O2 N2 P1 S1 13C1,23,19,2,2,1,1,1,N/A
712,430.086896,430.08686138604,430.0867007615591,1174662.4,-9999,502691.4,12.21,-1,0.3734700018774746,0.975009139528636,0,0.5850054837171816,17,0.7391304347826086,0.17391304347826086,N3 S1 O4,de-protonated,0,-9999,C23 H17 O4 N3 S1,23,17,4,3,-9999,1,-9999,N/A
713,430.107892,430.1078573879913,430.1080739065191,1272206.1,-9999,438247,13.36,-1,-0.5034049368722153,0.9550590608965606,0.9866191560689876,0.9676830989655314,7,1.4444444444444444,0.3888888888888889,13C1 S2 O7,de-protonated,1,705,C18 H26 O7 S2 13C1,18,26,7,-9999,-9999,2,1,N/A
713,430.107892,430.1078573879913,430.1076937839991,1272206.1,-9999,438247,13.36,-1,0.3803791343401234,0.9740881275610036,0.9719964318064376,0.9732514492591772,12,1.15,0.2,13C1 N2 S1 P1 O4,de-protonated,1,705,C20 H23 O4 N2 P1 S1 13C1,20,23,4,2,1,1,1,N/A
713,430.107892,430.1078573879913,430.1078301296191,1272206.1,-9999,438247,13.36,-1,0.06337567068053077,0.999271481271295,0,0.599562888762777,12,1.05,0.3,N3 S1 O6,de-protonated,0,-9999,C20 H21 O6 N3 S1,20,21,6,3,-9999,1,-9999,N/A
714,430.123285,430.123250389422,430.12333004780913,1221523.8,-9999,340198.2,12.76,-1,-0.18519894551144897,0.993795880642604,0.9827273973926374,0.9893684873426174,11,1.181818181818182,0.18181818181818185,13C1 S2 O4,de-protonated,1,706,C22 H26 O4 S2 13C1,22,26,4,-9999,-9999,2,1,N/A
714,430.123285,430.123250389422,430.1229499252891,1221523.8,-9999,340198.2,12.76,-1,0.6985540597524226,0.915263821174081,0.9963628014969184,0.947703413303216,16,0.9583333333333334,0.04166666666666666,13C1 N2 S1 P1 O1,de-protonated,1,706,C24 H23 O1 N2 P1 S1 13C1,24,23,1,2,1,1,1,N/A
714,430.123285,430.123250389422,430.12308627090914,1221523.8,-9999,340198.2,12.76,-1,0.3815617391075309,0.9739288782828808,0,0.5843573269697284,16,0.875,0.125,N3 S1 O3,de-protonated,0,-9999,C24 H21 O3 N3 S1,24,21,3,3,-9999,1,-9999,N/A
714,430.123285,430.123250389422,430.123219212639,1221523.8,-9999,340198.2,12.76,-1,0.07248337570479639,0.999047151926926,0,0.5994282911561556,3,2,0.8461538461538461,N3 P1 O11,de-protonated,0,-9999,C13 H26 O11 N3 P1,13,26,11,3,1,-9999,-9999,N/A
715,430.144279,430.1442443913731,430.1444594158691,1185179.4,-9999,430383.5,12.33,-1,-0.4998890286924747,0.9556705500762238,0.9932196209212352,0.9706901784142284,6,1.5789473684210529,0.3157894736842105,13C1 S2 O6,de-protonated,1,707,C19 H30 O6 S2 13C1,19,30,6,-9999,-9999,2,1,N/A
715,430.144279,430.1442443913731,430.1440792933491,1185179.4,-9999,430383.5,12.33,-1,0.3838202871096224,0.9736234420552048,0.9924143034672142,0.9811397866200086,11,1.2857142857142858,0.14285714285714285,13C1 N2 S1 P1 O3,de-protonated,1,707,C21 H27 O3 N2 P1 S1 13C1,21,27,3,2,1,1,1,N/A
715,430.144279,430.1442443913731,430.1442156389691,1185179.4,-9999,430383.5,12.33,-1,0.0668436373949476,0.9991896027799664,0,0.5995137616679798,11,1.1904761904761905,0.23809523809523808,N3 S1 O5,de-protonated,0,-9999,C21 H25 O5 N3 S1,21,25,5,3,-9999,1,-9999,N/A
716,431.026389,431.0263544733559,431.0267400753091,2069215.9,-9999,381138.8,22.82,-1,-0.8946126012693058,0.8648327557215695,0,0.5188996534329416,27,0.3,0.06666666666666667,P1 O2,de-protonated,0,-9999,C30 H9 O2 P1,30,9,2,-9999,1,-9999,-9999,N/A
716,431.026389,431.0263544733559,431.02646874914905,2069215.9,-9999,381138.8,22.82,-1,-0.2651247693790798,0.9873267549550911,0,0.5923960529730548,13,0.8,0.35,S2 O7,de-protonated,0,-9999,C20 H16 O7 S2,20,16,7,-9999,-9999,2,-9999,N/A
716,431.026389,431.0263544733559,431.0260886266291,2069215.9,-9999,381138.8,22.82,-1,0.6167764176283341,0.9333029120933868,0,0.559981747256032,18,0.5909090909090909,0.18181818181818185,N2 S1 P1 O4,de-protonated,0,-9999,C22 H13 O4 N2 P1 S1,22,13,4,2,1,1,-9999,N/A
717,431.027162,431.02712747342775,431.0267400753091,1693152.1,-9999,478912.2,18.36,-1,0.8987797801315828,0.8636608059620793,0,0.5181964835772476,27,0.3,0.06666666666666667,P1 O2,de-protonated,0,-9999,C30 H9 O2 P1,30,9,2,-9999,1,-9999,-9999,N/A
717,431.027162,431.02712747342775,431.0269367797991,1693152.1,-9999,478912.2,18.36,-1,0.44241696375631634,0.9651078193849968,0,0.5790646916309982,19,0.4,0.4,N4 O8,de-protonated,0,-9999,C20 H8 O8 N4,20,8,8,4,-9999,-9999,-9999,N/A
718,431.062806,431.0627714767406,431.0631255846591,6316269.5,-9999,268392.6,73.24,-1,-0.8214757827330041,0.4423769953823676,0.748902346707035,0.5649871359122345,26,0.41935483870967744,0.03225806451612903,P1 O1,de-protonated,0,-9999,C31 H13 O1 P1,31,13,1,-9999,1,-9999,-9999,N/A
718,431.062806,431.0627714767406,431.0628542584991,6316269.5,-9999,268392.6,73.24,-1,-0.19204103926846416,0.971919010929941,0.999504845383114,0.9829533447112102,12,0.9523809523809524,0.2857142857142857,S2 O6,de-protonated,0,-9999,C21 H20 O6 S2,21,20,6,-9999,-9999,2,-9999,N/A
718,431.062806,431.0627714767406,431.06247413597913,6316269.5,-9999,268392.6,73.24,-1,0.6897857718768934,0.9475986371888824,0.986379029511238,0.9631107941178249,17,0.7391304347826086,0.13043478260869565,N2 S1 P1 O3,de-protonated,0,-9999,C23 H17 O3 N2 P1 S1,23,17,3,2,1,1,-9999,N/A
719,431.083905,431.0838704787015,431.08425495271905,2545397,-9999,344158.6,28.47,-1,-0.8918767343824643,0.8656000711672687,0,0.5193600427003612,21,0.6071428571428571,0.10714285714285714,P1 O3,de-protonated,0,-9999,C28 H17 O3 P1,28,17,3,-9999,1,-9999,-9999,N/A
719,431.083905,431.0838704787015,431.083983626559,2545397,-9999,344158.6,28.47,-1,-0.26247288652909684,0.9875774392082496,0,0.5925464635249498,7,1.3333333333333333,0.4444444444444444,S2 O8,de-protonated,0,-9999,C18 H24 O8 S2,18,24,8,-9999,-9999,2,-9999,N/A
719,431.083905,431.0838704787015,431.0836035040391,2545397,-9999,344158.6,28.47,-1,0.6193106400360057,0.9327725813350763,0,0.5596635488010457,12,1.05,0.25,N2 S1 P1 O5,de-protonated,0,-9999,C20 H21 O5 N2 P1 S1,20,21,5,2,1,1,-9999,N/A
720,431.099156,431.09912148011887,431.09923976784904,7507194.5,-9999,335359.2,87.37,-1,-0.2743863112310629,0.98649250730375,0.997022248477372,0.9907044037731988,11,1.0909090909090908,0.2272727272727273,S2 O5,de-protonated,0,-9999,C22 H24 O5 S2,22,24,5,-9999,-9999,2,-9999,N/A
720,431.099156,431.09912148011887,431.0988596453291,7507194.5,-9999,335359.2,87.37,-1,0.6073659994253717,0.9353395023949128,0.9831496068086676,0.9544635441604148,16,0.875,0.08333333333333333,N2 S1 P1 O2,de-protonated,0,-9999,C24 H21 O2 N2 P1 S1,24,21,2,2,1,1,-9999,N/A
721,431.120336,431.12030148208737,431.1206404620691,2699010.5,-9999,343183.9,30.3,-1,-0.7862763920809762,0.89388591499833,0,0.536331548998998,20,0.7241379310344828,0.06896551724137931,P1 O2,de-protonated,0,-9999,C29 H21 O2 P1,29,21,2,-9999,1,-9999,-9999,N/A
721,431.120336,431.12030148208737,431.12036913590913,2699010.5,-9999,343183.9,30.3,-1,-0.15692559805186893,0.995541677327771,0,0.5973250063966625,6,1.4736842105263157,0.3684210526315789,S2 O7,de-protonated,0,-9999,C19 H28 O7 S2,19,28,7,-9999,-9999,2,-9999,N/A
721,431.120336,431.12030148208737,431.1199890133891,2699010.5,-9999,343183.9,30.3,-1,0.7247836013909034,0.9090846729011496,0,0.5454508037406898,11,1.1904761904761905,0.1904761904761905,N2 S1 P1 O4,de-protonated,0,-9999,C21 H25 O4 N2 P1 S1,21,25,4,2,1,1,-9999,N/A
722,431.135551,431.1355164835014,431.1356252771991,7363848,-9999,333510.8,85.67,-1,-0.2523421663598484,0.9739561676667594,0.9903782982763198,0.9805250199105836,10,1.2173913043478262,0.17391304347826086,S2 O4,de-protonated,0,-9999,C23 H28 O4 S2,23,28,4,-9999,-9999,2,-9999,N/A
722,431.135551,431.1355164835014,431.1352451546791,7363848,-9999,333510.8,85.67,-1,0.6293357486841074,0.9509013726421036,0.9959862976193988,0.9689353426330216,15,1,0.04,N2 S1 P1 O1,de-protonated,0,-9999,C25 H25 O1 N2 P1 S1,25,25,1,2,1,1,-9999,N/A
723,431.156564,431.1565294854544,431.156754645259,1694991.9,-9999,482645.6,18.38,-1,-0.5222226076102386,0.9517203456326514,0,0.5710322073795908,5,1.6,0.3,S2 O6,de-protonated,0,-9999,C20 H32 O6 S2,20,32,6,-9999,-9999,2,-9999,N/A
723,431.156564,431.1565294854544,431.1563745227391,1694991.9,-9999,482645.6,18.38,-1,0.359411861746914,0.9768335828177064,0,0.5861001496906239,10,1.318181818181818,0.13636363636363635,N2 S1 P1 O3,de-protonated,0,-9999,C22 H29 O3 N2 P1 S1,22,29,3,2,1,1,-9999,N/A
724,431.17192,431.17188548688154,431.17201078654904,4990229.5,-9999,300144.6,57.5,-1,-0.29060250750855476,0.4923967480488946,0.7939170211058494,0.6130048572716765,9,1.3333333333333333,0.125,S2 O3,de-protonated,0,-9999,C24 H32 O3 S2,24,32,3,-9999,-9999,2,-9999,N/A
725,431.208399,431.20836449027183,431.2083962958991,1964835.1,-9999,397145.4,21.58,-1,-0.07375929501622337,0.9990133275517606,0,0.5994079965310564,8,1.44,0.08,S2 O2,de-protonated,0,-9999,C25 H36 O2 S2,25,36,2,-9999,-9999,2,-9999,N/A
726,431.209314,431.2092794903569,431.2088643265491,1217571.4,-9999,758576,12.71,-1,0.962790522555654,0.8451875795562164,0,0.5071125477337298,14,1.12,0.12,N4 O3,de-protonated,0,-9999,C25 H28 O3 N4,25,28,3,4,-9999,-9999,-9999,N/A
727,432.058005,432.05797056923376,432.0583745568591,1607773.6,-9999,374703,17.34,-1,-0.9350301930283702,0.853305862802045,0,0.511983517681227,26,0.4,0.03333333333333333,N1 P1 O1,de-protonated,0,-9999,C30 H12 O1 N1 P1,30,12,1,1,1,-9999,-9999,N/A
727,432.058005,432.05797056923376,432.0581032306991,1607773.6,-9999,374703,17.34,-1,-0.3070454282362688,0.9830390652822836,0,0.5898234391693701,12,0.95,0.3,N1 S2 O6,de-protonated,0,-9999,C20 H19 O6 N1 S2,20,19,6,1,-9999,2,-9999,N/A
727,432.058005,432.05797056923376,432.0577231081791,1607773.6,-9999,374703,17.34,-1,0.5727499854909498,0.9422139670049752,0,0.565328380202985,17,0.7272727272727273,0.13636363636363635,N3 S1 P1 O3,de-protonated,0,-9999,C22 H16 O3 N3 P1 S1,22,16,3,3,1,1,-9999,N/A
728,432.066015,432.06598056997825,432.0662090935691,1439328.6,-9999,387232.3,15.34,-1,-0.5289087321649727,0.950507465873914,0.999504845383114,0.970106417677594,12,1,0.3,13C1 S2 O6,de-protonated,1,718,C20 H20 O6 S2 13C1,20,20,6,-9999,-9999,2,1,N/A
728,432.066015,432.06598056997825,432.0658289710491,1439328.6,-9999,387232.3,15.34,-1,0.35086998091413096,0.9779095467293148,0.986379029511238,0.981297339842084,17,0.7727272727272727,0.13636363636363635,13C1 N2 S1 P1 O3,de-protonated,1,718,C22 H17 O3 N2 P1 S1 13C1,22,17,3,2,1,1,1,N/A
728,432.066015,432.06598056997825,432.0659653166691,1439328.6,-9999,387232.3,15.34,-1,0.03530319523864535,0.9997738832409774,0,0.5998643299445864,17,0.6818181818181818,0.2272727272727273,N3 S1 O5,de-protonated,0,-9999,C22 H15 O5 N3 S1,22,15,5,3,-9999,1,-9999,N/A
729,432.09445,432.09441557262096,432.09448874004903,1711723.3,-9999,404033,18.57,-1,-0.16933200949499383,0.9948107728409342,0,0.5968864637045606,11,1.0952380952380951,0.23809523809523808,N1 S2 O5,de-protonated,0,-9999,C21 H23 O5 N1 S2,21,23,5,1,-9999,2,-9999,N/A
729,432.09445,432.09441557262096,432.0941086175291,1711723.3,-9999,404033,18.57,-1,0.7103894399904391,0.9124986688867536,0,0.5474992013320521,16,0.8695652173913043,0.08695652173913043,N3 S1 P1 O2,de-protonated,0,-9999,C23 H20 O2 N3 P1 S1,23,20,2,3,1,1,-9999,N/A
730,432.102511,432.10247657337015,432.1025946029191,1752174.3,-9999,496363.4,19.05,-1,-0.2731516784018131,0.986553009299523,0.997022248477372,0.9907407049706628,11,1.1428571428571428,0.23809523809523808,13C1 S2 O5,de-protonated,1,720,C21 H24 O5 S2 13C1,21,24,5,-9999,-9999,2,1,N/A
730,432.102511,432.10247657337015,432.10221448039914,1752174.3,-9999,496363.4,19.05,-1,0.6065531770728887,0.9354232318988214,0.9831496068086676,0.9545137818627598,16,0.9130434782608696,0.08695652173913043,13C1 N2 S1 P1 O2,de-protonated,1,720,C23 H21 O2 N2 P1 S1 13C1,23,21,2,2,1,1,1,N/A
730,432.102511,432.10247657337015,432.10235082601906,1752174.3,-9999,496363.4,19.05,-1,0.29101288352504784,0.984750847234772,0,0.5908505083408632,16,0.8260869565217391,0.17391304347826086,N3 S1 O4,de-protonated,0,-9999,C23 H19 O4 N3 S1,23,19,4,3,-9999,1,-9999,N/A
731,432.138808,432.1387735767436,432.1389801122691,1943675.6,-9999,454770.4,21.33,-1,-0.47793773540573226,0.9593998736392422,0.9903782982763198,0.9717912434940732,10,1.2727272727272727,0.18181818181818185,13C1 S2 O4,de-protonated,1,722,C22 H28 O4 S2 13C1,22,28,4,-9999,-9999,2,1,N/A
731,432.138808,432.1387735767436,432.13859998974914,1943675.6,-9999,454770.4,21.33,-1,0.4016928699255273,0.9711464044963386,0.9959862976193988,0.9810823617455628,15,1.0416666666666667,0.04166666666666666,13C1 N2 S1 P1 O1,de-protonated,1,722,C24 H25 O1 N2 P1 S1 13C1,24,25,1,2,1,1,1,N/A
731,432.138808,432.1387735767436,432.13873633536906,1943675.6,-9999,454770.4,21.33,-1,0.08617920908875597,0.998653314317098,0,0.5991919885902588,15,0.9583333333333334,0.125,N3 S1 O3,de-protonated,0,-9999,C24 H23 O3 N3 S1,24,23,3,3,-9999,1,-9999,N/A
731,432.138808,432.1387735767436,432.1388692770991,1943675.6,-9999,454770.4,21.33,-1,-0.22145741180390105,0.9911406198219248,0,0.5946843718931549,2,2.1538461538461537,0.8461538461538461,N3 P1 O11,de-protonated,0,-9999,C13 H28 O11 N3 P1,13,28,11,3,1,-9999,-9999,N/A
732,433.040819,433.040784660576,433.0410872424091,1655499.8,-9999,440945.9,17.9,-1,-0.6987370068094237,0.915221368762906,0,0.5491328212577437,8,1.3571428571428572,0.42857142857142855,N4 S2 P1 O6,de-protonated,0,-9999,C14 H19 O6 N4 P1 S2,14,19,6,4,1,2,-9999,N/A
733,433.042101,433.0420666606951,433.0423901397691,5452748.5,-9999,287827.3,62.98,-1,-0.7469917064689293,0.4518545548101814,0.7550179348240813,0.5731199068157413,26,0.36666666666666664,0.06666666666666667,P1 O2,de-protonated,0,-9999,C30 H11 O2 P1,30,11,2,-9999,1,-9999,-9999,N/A
733,433.042101,433.0420666606951,433.0421188136091,5452748.5,-9999,287827.3,62.98,-1,-0.12043381390883576,0.49868583664649263,0.8221557383861047,0.6280737973423375,12,0.9,0.35,S2 O7,de-protonated,0,-9999,C20 H18 O7 S2,20,18,7,-9999,-9999,2,-9999,N/A
733,433.042101,433.0420666606951,433.0417386910891,5452748.5,-9999,287827.3,62.98,-1,0.7573625743567269,0.45057722469516776,0.8077896627745538,0.5934621999269222,17,0.6818181818181818,0.18181818181818185,N2 S1 P1 O4,de-protonated,0,-9999,C22 H15 O4 N2 P1 S1,22,15,4,2,1,1,-9999,N/A
734,433.077268,433.0772336639636,433.0776349430891,2886617.5,-9999,534266.5,32.52,-1,-0.9265754985917848,0.8557462821836493,0,0.5134477693101895,12,0.9,0.55,O11,de-protonated,0,-9999,C20 H18 O11,20,18,11,-9999,-9999,-9999,-9999,N/A
734,433.077268,433.0772336639636,433.07747275175905,2886617.5,-9999,534266.5,32.52,-1,-0.5520670330851973,0.9461997600738606,0,0.5677198560443164,7,1.5333333333333334,0.3333333333333333,N4 S2 P1 O5,de-protonated,0,-9999,C15 H23 O5 N4 P1 S2,15,23,5,4,1,2,-9999,N/A
735,433.07845,433.07841566407336,433.0787756491191,9752538,-9999,346335.8,114.02,-1,-0.8312230152772374,0.4410858152508679,0.7489023467070351,0.5642124278333348,25,0.4838709677419355,0.03225806451612903,P1 O1,de-protonated,0,-9999,C31 H15 O1 P1,31,15,1,-9999,1,-9999,-9999,N/A
735,433.07845,433.07841566407336,433.07850432295913,9752538,-9999,346335.8,114.02,-1,-0.20471781648705223,0.6514965285585782,0.9312307703973433,0.7633902252940843,11,1.0476190476190477,0.2857142857142857,S2 O6,de-protonated,0,-9999,C21 H22 O6 S2,21,22,6,-9999,-9999,2,-9999,N/A
735,433.07845,433.07841566407336,433.07812420043905,9752538,-9999,346335.8,114.02,-1,0.6730047490858676,0.9452384790175952,0.972499636396055,0.9561429419689792,16,0.8260869565217391,0.13043478260869565,N2 S1 P1 O3,de-protonated,0,-9999,C23 H19 O3 N2 P1 S1,23,19,3,2,1,1,-9999,N/A
736,433.089587,433.0895526651085,433.08973771224913,1353182,-9999,573724.6,14.31,-1,-0.4272720514394266,0.967417114728584,0,0.5804502688371503,11,1.1,0.25,N2 S2 O5,de-protonated,0,-9999,C20 H22 O5 N2 S2,20,22,5,2,-9999,2,-9999,N/A
736,433.089587,433.0895526651085,433.0893575897291,1353182,-9999,573724.6,14.31,-1,0.4504275524656214,0.9638561542419356,0,0.5783136925451613,16,0.8636363636363636,0.09090909090909093,N4 S1 P1 O2,de-protonated,0,-9999,C22 H19 O2 N4 P1 S1,22,19,2,4,1,1,-9999,N/A
737,433.113656,433.1136216673454,433.1140204524391,3332071,-9999,426350.2,37.8,-1,-0.9207392854130042,0.8574219802446835,0,0.5144531881468101,11,1.0476190476190477,0.47619047619047616,O10,de-protonated,0,-9999,C21 H22 O10,21,22,10,-9999,-9999,-9999,-9999,N/A
737,433.113656,433.1136216673454,433.1133690037591,3332071,-9999,426350.2,37.8,-1,0.583365936937775,0.940118020559078,0,0.5640708123354468,2,2,0.9230769230769232,N2 S1 O12,de-protonated,0,-9999,C13 H26 O12 N2 S1,13,26,12,2,-9999,1,-9999,N/A
737,433.113656,433.1136216673454,433.1138582611091,3332071,-9999,426350.2,37.8,-1,-0.5462622799746498,0.9472949872621412,0,0.5683769923572847,6,1.6875,0.25,N4 S2 P1 O4,de-protonated,0,-9999,C16 H27 O4 N4 P1 S2,16,27,4,4,1,2,-9999,N/A
738,433.114875,433.1148406674587,433.1148898323091,10575848,-9999,288971.5,123.79,-1,-0.11351456980464358,0.6598401484897454,0.9325891667306584,0.7689397557861106,10,1.181818181818182,0.2272727272727273,S2 O5,de-protonated,0,-9999,C22 H26 O5 S2,22,26,5,-9999,-9999,2,-9999,N/A
738,433.114875,433.1148406674587,433.1145097097891,10575848,-9999,288971.5,123.79,-1,0.7641343389704085,0.92227534177036,0.9772063240698552,0.944247734690158,15,0.9583333333333334,0.08333333333333333,N2 S1 P1 O2,de-protonated,0,-9999,C24 H23 O2 N2 P1 S1,24,23,2,2,1,1,-9999,N/A
739,433.150028,433.14999367072585,433.1504059617891,3385332.8,-9999,453471.5,38.44,-1,-0.9518427261457548,0.848408243355922,0,0.5090449460135532,10,1.181818181818182,0.4090909090909091,O9,de-protonated,0,-9999,C22 H26 O9,22,26,9,-9999,-9999,-9999,-9999,N/A
739,433.150028,433.14999367072585,433.1497545131091,3385332.8,-9999,453471.5,38.44,-1,0.5521361013580778,0.9461866664087596,0,0.5677119998452557,1,2.142857142857143,0.7857142857142857,N2 S1 O11,de-protonated,0,-9999,C14 H30 O11 N2 S1,14,30,11,2,-9999,1,-9999,N/A
739,433.150028,433.14999367072585,433.1502437704591,3385332.8,-9999,453471.5,38.44,-1,-0.5773971891908821,0.94130061557791,0,0.5647803693467459,5,1.8235294117647056,0.17647058823529413,N4 S2 P1 O3,de-protonated,0,-9999,C17 H31 O3 N4 P1 S2,17,31,3,4,1,2,-9999,N/A
740,433.151205,433.1511706708352,433.151275341659,10397685,-9999,355481.4,121.68,-1,-0.24164958012374688,0.6617832771151207,0.9331339827666248,0.7703235593757224,9,1.3043478260869563,0.17391304347826086,S2 O4,de-protonated,0,-9999,C23 H30 O4 S2,23,30,4,-9999,-9999,2,-9999,N/A
740,433.151205,433.1511706708352,433.1508952191391,10397685,-9999,355481.4,121.68,-1,0.6359254918734625,0.9191554902367244,0.9959078839217964,0.9498564477107532,14,1.08,0.04,N2 S1 P1 O1,de-protonated,0,-9999,C25 H27 O1 N2 P1 S1,25,27,1,2,1,1,-9999,N/A
741,433.187648,433.18761367422223,433.187660851009,5163010.5,-9999,309377.4,59.54,-1,-0.10890611875580512,0.9960118771352026,0.9973761244374354,0.9965575760560956,8,1.4166666666666667,0.125,S2 O3,de-protonated,0,-9999,C24 H34 O3 S2,24,34,3,-9999,-9999,2,-9999,N/A
742,433.223951,433.2239166775962,433.22404636035907,1312528.3,-9999,425472.2,13.83,-1,-0.2993434089133357,0.9838724862821604,0,0.5903234917692963,7,1.52,0.08,S2 O2,de-protonated,0,-9999,C25 H38 O2 S2,25,38,2,-9999,-9999,2,-9999,N/A
743,434.073718,434.0736837565731,434.0740246213191,1684047.1,-9999,329985.7,17.59,-1,-0.7852687023124073,0.8941428078483775,0,0.5364856847090265,25,0.4666666666666667,0.03333333333333333,N1 P1 O1,de-protonated,0,-9999,C30 H14 O1 N1 P1,30,14,1,1,1,-9999,-9999,N/A
743,434.073718,434.0736837565731,434.0737532951591,1684047.1,-9999,329985.7,17.59,-1,-0.16019993265859203,0.9953541231998488,0,0.5972124739199093,11,1.05,0.3,N1 S2 O6,de-protonated,0,-9999,C20 H21 O6 N1 S2,20,21,6,1,-9999,2,-9999,N/A
743,434.073718,434.0736837565731,434.0733731726391,1684047.1,-9999,329985.7,17.59,-1,0.7155102181322017,0.9112905120122862,0,0.5467743072073716,16,0.8181818181818182,0.13636363636363635,N3 S1 P1 O3,de-protonated,0,-9999,C22 H18 O3 N3 P1 S1,22,18,3,3,1,1,-9999,N/A
744,434.081693,434.08165875731424,434.08185915802915,2021714.1,-9999,474658,21.45,-1,-0.46166572197069033,0.6413767653981118,0.9312307703973433,0.7573183673978043,11,1.1,0.3,13C1 S2 O6,de-protonated,1,735,C20 H22 O6 S2 13C1,20,22,6,-9999,-9999,2,1,N/A
744,434.081693,434.08165875731424,434.08147903550906,2021714.1,-9999,474658,21.45,-1,0.4140278124312613,0.9693749877333564,0.972499636396055,0.9706248471984358,16,0.8636363636363636,0.13636363636363635,13C1 N2 S1 P1 O3,de-protonated,1,735,C22 H19 O3 N2 P1 S1 13C1,22,19,3,2,1,1,1,N/A
744,434.081693,434.08165875731424,434.0816153811291,2021714.1,-9999,474658,21.45,-1,0.09992633553195138,0.9981898257616788,0,0.5989138954570074,16,0.7727272727272727,0.2272727272727273,N3 S1 O5,de-protonated,0,-9999,C22 H17 O5 N3 S1,22,17,5,3,-9999,1,-9999,N/A
745,434.110162,434.11012775996016,434.11013880450906,1708380.8,-9999,305155.5,17.87,-1,-0.02544181282881065,0.9998825577315442,0,0.5999295346389265,10,1.1904761904761905,0.23809523809523808,N1 S2 O5,de-protonated,0,-9999,C21 H25 O5 N1 S2,21,25,5,1,-9999,2,-9999,N/A
745,434.110162,434.11012775996016,434.1097586819891,1708380.8,-9999,305155.5,17.87,-1,0.8501950569737293,0.8770801930666989,0,0.5262481158400193,15,0.9565217391304348,0.08695652173913043,N3 S1 P1 O2,de-protonated,0,-9999,C23 H22 O2 N3 P1 S1,23,22,2,3,1,1,-9999,N/A
746,434.118141,434.1181067607017,434.1182446673791,2373471.8,-9999,371067.3,25.48,-1,-0.3176707707187857,0.6545705212064471,0.9325891667306584,0.7657779794161316,10,1.238095238095238,0.23809523809523808,13C1 S2 O5,de-protonated,1,738,C21 H26 O5 S2 13C1,21,26,5,-9999,-9999,2,1,N/A
746,434.118141,434.1181067607017,434.1178645448591,2373471.8,-9999,371067.3,25.48,-1,0.557949493412936,0.9450793735806062,0.9772063240698552,0.957930153776306,15,1,0.08695652173913043,13C1 N2 S1 P1 O2,de-protonated,1,738,C23 H23 O2 N2 P1 S1 13C1,23,23,2,2,1,1,1,N/A
746,434.118141,434.1181067607017,434.1180008904791,2373471.8,-9999,371067.3,25.48,-1,0.24387429779188183,0.9892664191236452,0,0.5935598514741872,15,0.9130434782608696,0.17391304347826086,N3 S1 O4,de-protonated,0,-9999,C23 H21 O4 N3 S1,23,21,4,3,-9999,1,-9999,N/A
747,434.119025,434.1189907607839,434.1186523391591,1655648.1,-9999,348928.8,17.26,-1,0.7795602031384071,0.895593253728106,0,0.5373559522368636,24,0.5483870967741935,0.06451612903225806,N1 O2,de-protonated,0,-9999,C31 H17 O2 N1,31,17,2,1,-9999,-9999,-9999,N/A
747,434.119025,434.1189907607839,434.11900321207906,1655648.1,-9999,348928.8,17.26,-1,-0.02868175562643071,0.9998507436289874,0,0.5999104461773924,1,2.3076923076923075,0.5384615384615384,N3 S2 P1 O7,de-protonated,0,-9999,C13 H30 O7 N3 P1 S2,13,30,7,3,1,2,-9999,N/A
748,434.146478,434.14644376333536,434.1465243138591,1254506.5,-9999,368229.5,12.67,-1,-0.18553764512918255,0.993773238045901,0,0.5962639428275406,9,1.318181818181818,0.18181818181818185,N1 S2 O4,de-protonated,0,-9999,C22 H29 O4 N1 S2,22,29,4,1,-9999,2,-9999,N/A
748,434.146478,434.14644376333536,434.1461441913391,1254506.5,-9999,368229.5,12.67,-1,0.6900256981978035,0.917232628610888,0,0.5503395771665328,14,1.0833333333333333,0.04166666666666666,N3 S1 P1 O1,de-protonated,0,-9999,C24 H26 O1 N3 P1 S1,24,26,1,3,1,1,-9999,N/A
749,434.154599,434.15456476409014,434.1546301767291,2743149.5,-9999,384268.3,29.71,-1,-0.1506666850925902,0.663926336318849,0.9331339827666248,0.7716093948979594,9,1.3636363636363635,0.18181818181818185,13C1 S2 O4,de-protonated,1,740,C22 H30 O4 S2 13C1,22,30,4,-9999,-9999,2,1,N/A
749,434.154599,434.15456476409014,434.1542500542091,2743149.5,-9999,384268.3,29.71,-1,0.7248803414575813,0.9090615401994478,0.9959078839217964,0.9438000776883873,14,1.125,0.04166666666666666,13C1 N2 S1 P1 O1,de-protonated,1,740,C24 H27 O1 N2 P1 S1 13C1,24,27,1,2,1,1,1,N/A
749,434.154599,434.15456476409014,434.1543863998291,2743149.5,-9999,384268.3,29.71,-1,0.4108314153527042,0.9698388511135496,0,0.5819033106681298,14,1.0416666666666667,0.125,N3 S1 O3,de-protonated,0,-9999,C24 H25 O3 N3 S1,24,25,3,3,-9999,1,-9999,N/A
749,434.154599,434.15456476409014,434.1545193415591,2743149.5,-9999,384268.3,29.71,-1,0.10462296034137984,0.9980158402950796,0,0.5988095041770477,1,2.3076923076923075,0.8461538461538461,N3 P1 O11,de-protonated,0,-9999,C13 H30 O11 N3 P1,13,30,11,3,1,-9999,-9999,N/A
750,434.190972,434.1909377674706,434.1910156860791,1318779.1,-9999,431899.1,13.41,-1,-0.1794569801814254,0.9941735200990898,0.9973761244374354,0.995454561834428,8,1.4782608695652173,0.13043478260869565,13C1 S2 O3,de-protonated,1,741,C23 H34 O3 S2 13C1,23,34,3,-9999,-9999,2,1,N/A
750,434.190972,434.1909377674706,434.19077190917915,1318779.1,-9999,431899.1,13.41,-1,0.3819940500105187,0.9738705465298164,0,0.58432232791788985,13,1.16,0.08,N3 S1 O2,de-protonated,0,-9999,C25 H29 O2 N3 S1,25,29,2,3,-9999,1,-9999,N/A
750,434.190972,434.1909377674706,434.1909048509091,1318779.1,-9999,431899.1,13.41,-1,0.07581126444784254,0.9989576948665416,0,0.599374616919925,0,2.4285714285714284,0.7142857142857143,N3 P1 O10,de-protonated,0,-9999,C14 H34 O10 N3 P1,14,34,10,3,1,-9999,-9999,N/A
751,435.021398,435.0213638446499,435.02165469487903,1637300.6,-9999,286357,17.05,-1,-0.668587933487532,0.9220928592463478,0,0.5532557155478086,26,0.3103448275862069,0.10344827586206896,P1 O3,de-protonated,0,-9999,C29 H9 O3 P1,29,9,3,-9999,1,-9999,-9999,N/A
751,435.021398,435.0213638446499,435.0213833687191,1637300.6,-9999,286357,17.05,-1,-0.04488071153024334,0.9996345786371592,0,0.5997807471822956,12,0.8421052631578947,0.42105263157894735,S2 O8,de-protonated,0,-9999,C19 H16 O8 S2,19,16,8,-9999,-9999,2,-9999,N/A
751,435.021398,435.0213638446499,435.0210032461991,1637300.6,-9999,286357,17.05,-1,0.8289219327812251,0.8827833264988467,0,0.529669995899308,17,0.6190476190476191,0.23809523809523808,N2 S1 P1 O5,de-protonated,0,-9999,C21 H13 O5 N2 P1 S1,21,13,5,2,1,1,-9999,N/A
752,435.057754,435.05771984802885,435.0580402042291,8161986.5,-9999,321383.7,91.75,-1,-0.7363527865929993,0.871207035142611,0.9278612788774312,0.8938687326365391,25,0.43333333333333335,0.06666666666666667,P1 O2,de-protonated,0,-9999,C30 H13 O2 P1,30,13,2,-9999,1,-9999,-9999,N/A
752,435.057754,435.05771984802885,435.0577688780691,8161986.5,-9999,321383.7,91.75,-1,-0.1126977697360787,0.986517336575306,0.9949990824394546,0.9899100349209656,11,1,0.35,S2 O7,de-protonated,0,-9999,C20 H20 O7 S2,20,20,7,-9999,-9999,2,-9999,N/A
752,435.057754,435.05771984802885,435.0573887555491,8161986.5,-9999,321383.7,91.75,-1,0.7610317358725471,0.9278839014241612,0.9806330068279038,0.9489835435856582,16,0.7727272727272727,0.18181818181818185,N2 S1 P1 O4,de-protonated,0,-9999,C22 H17 O4 N2 P1 S1,22,17,4,2,1,1,-9999,N/A
753,435.092934,435.09289985129845,435.093285007549,3949263.8,-9999,517352.1,43.52,-1,-0.8852268326985426,0.43372907638397423,0.8221557383861046,0.5890997411848264,11,1,0.55,O11,de-protonated,0,-9999,C20 H20 O11,20,20,11,-9999,-9999,-9999,-9999,N/A
753,435.092934,435.09289985129845,435.0931228162191,3949263.8,-9999,517352.1,43.52,-1,-0.5124533322454163,0.9534674876634676,0,0.5720804925980805,6,1.6666666666666667,0.3333333333333333,N4 S2 P1 O5,de-protonated,0,-9999,C15 H25 O5 N4 P1 S2,15,25,5,4,1,2,-9999,N/A
754,435.094113,435.094078851408,435.0944257135791,12890832,-9999,350240.7,145.89,-1,-0.7972112501507101,0.9029155150575884,0.901593532443656,0.9023867220120154,24,0.5483870967741935,0.03225806451612903,P1 O1,de-protonated,0,-9999,C31 H17 O1 P1,31,17,1,-9999,1,-9999,-9999,N/A
754,435.094113,435.094078851408,435.09415438741905,12890832,-9999,350240.7,145.89,-1,-0.17360842535582455,0.6644752309770738,0.9122155850770712,0.7635713726170728,10,1.1428571428571428,0.2857142857142857,S2 O6,de-protonated,0,-9999,C21 H24 O6 S2,21,24,6,-9999,-9999,2,-9999,N/A
754,435.094113,435.094078851408,435.0937742648991,12890832,-9999,350240.7,145.89,-1,0.7000479596858504,0.9035353194508204,0.953484451075783,0.9235149721008054,15,0.9130434782608696,0.13043478260869565,N2 S1 P1 O3,de-protonated,0,-9999,C23 H21 O3 N2 P1 S1,23,21,3,2,1,1,-9999,N/A
755,435.130515,435.1304808547912,435.1305398967691,16057054,-9999,356202.9,182.14,-1,-0.1356879660390359,0.6617445195235665,0.9325891667306584,0.7700823784064033,9,1.2727272727272727,0.2272727272727273,S2 O5,de-protonated,0,-9999,C22 H28 O5 S2,22,28,5,-9999,-9999,2,-9999,N/A
755,435.130515,435.1304808547912,435.13015977424914,16057054,-9999,356202.9,182.14,-1,0.7378953971322116,0.9192927374139224,0.976054636642275,0.9419974971052634,14,1.0416666666666667,0.08333333333333333,N2 S1 P1 O2,de-protonated,0,-9999,C24 H25 O2 N2 P1 S1,24,25,2,2,1,1,-9999,N/A
756,435.166918,435.1668838581745,435.16692540611905,11643628,-9999,285779.7,131.61,-1,-0.09547587858367124,0.665879099616833,0.933133982766625,0.7727810528767498,8,1.391304347826087,0.17391304347826086,S2 O4,de-protonated,0,-9999,C23 H32 O4 S2,23,32,4,-9999,-9999,2,-9999,N/A
756,435.166918,435.1668838581745,435.16654528359913,11643628,-9999,285779.7,131.61,-1,0.7780344767994171,0.8920111311825245,0.9756197852606276,0.9254545928137656,13,1.16,0.04,N2 S1 P1 O1,de-protonated,0,-9999,C25 H29 O1 N2 P1 S1,25,29,1,2,1,1,-9999,N/A
757,435.20331,435.20327586155673,435.2033109154691,3520249.5,-9999,334820.6,38.61,-1,-0.08054606086611237,0.4994117568908451,0.7939170211058494,0.61721386257684685,7,1.5,0.125,S2 O3,de-protonated,0,-9999,C24 H36 O3 S2,24,36,3,-9999,-9999,2,-9999,N/A
758,436.060996,436.0609619412696,436.0613950392991,1705535.5,-9999,381992.8,17.83,-1,-0.9932042469301822,0.8361135037413203,0.9278612788774312,0.8728126137957647,25,0.4482758620689655,0.06896551724137931,13C1 P1 O2,de-protonated,1,752,C29 H13 O2 P1 13C1,29,13,2,-9999,1,-9999,1,N/A
758,436.060996,436.0609619412696,436.0611237131391,1705535.5,-9999,381992.8,17.83,-1,-0.37098438889175595,0.97533656090564,0.9949990824394546,0.9832015695191658,11,1.0526315789473684,0.3684210526315789,13C1 S2 O7,de-protonated,1,752,C19 H20 O7 S2 13C1,19,20,7,-9999,-9999,2,1,N/A
758,436.060996,436.0609619412696,436.0607435906191,1705535.5,-9999,381992.8,17.83,-1,0.5007344819201283,0.955523863967283,0.9806330068279038,0.9655675211115312,16,0.8095238095238095,0.1904761904761905,13C1 N2 S1 P1 O4,de-protonated,1,752,C21 H17 O4 N2 P1 S1 13C1,21,17,4,2,1,1,1,N/A
758,436.060996,436.0609619412696,436.06087993623913,1705535.5,-9999,381992.8,17.83,-1,0.18805867314759647,0.9936034198290752,0,0.5961620518974452,16,0.7142857142857143,0.2857142857142857,N3 S1 O6,de-protonated,0,-9999,C21 H15 O6 N3 S1,21,15,6,3,-9999,1,-9999,N/A
759,436.089385,436.0893509439081,436.0896746857791,1837130.3,-9999,382941.7,19.33,-1,-0.7423745385242335,0.904837425350401,0,0.5429024552102406,24,0.5333333333333333,0.03333333333333333,N1 P1 O1,de-protonated,0,-9999,C30 H16 O1 N1 P1,30,16,1,1,1,-9999,-9999,N/A
759,436.089385,436.0893509439081,436.08940335961904,1837130.3,-9999,382941.7,19.33,-1,-0.12019487417998596,0.9973820784561052,0,0.5984292470736632,10,1.15,0.3,N1 S2 O6,de-protonated,0,-9999,C20 H23 O6 N1 S2,20,23,6,1,-9999,2,-9999,N/A
759,436.089385,436.0893509439081,436.089023237099,1837130.3,-9999,382941.7,19.33,-1,0.7514676855892234,0.902609974008133,0,0.5415659844048798,15,0.9090909090909092,0.13636363636363635,N3 S1 P1 O3,de-protonated,0,-9999,C22 H20 O3 N3 P1 S1,22,20,3,3,1,1,-9999,N/A
761,436.097509,436.09747494466313,436.0977805486491,2323021.3,-9999,308622.2,24.9,-1,-0.7007694136390166,0.914749138892624,0.901593532443656,0.9094868963130368,24,0.5666666666666667,0.03333333333333333,13C1 P1 O1,de-protonated,1,754,C30 H17 O1 P1 13C1,30,17,1,-9999,1,-9999,1,N/A
761,436.097509,436.09747494466313,436.0975092224891,2323021.3,-9999,308622.2,24.9,-1,-0.07860128816215045,0.6659197390920112,0.9122155850770712,0.7644380774860352,10,1.2,0.3,13C1 S2 O6,de-protonated,1,754,C20 H24 O6 S2 13C1,20,24,6,-9999,-9999,2,1,N/A
761,436.097509,436.09747494466313,436.0971290999691,2323021.3,-9999,308622.2,24.9,-1,0.7930451061493984,0.8921537410221294,0.953484451075783,0.9166860250435908,15,0.9545454545454546,0.13636363636363635,13C1 N2 S1 P1 O3,de-protonated,1,754,C22 H21 O3 N2 P1 S1 13C1,22,21,3,2,1,1,1,N/A
761,436.097509,436.09747494466313,436.0972654455891,2323021.3,-9999,308622.2,24.9,-1,0.48039529403181513,0.9589899706965326,0,0.5753939824179195,15,0.8636363636363636,0.2272727272727273,N3 S1 O5,de-protonated,0,-9999,C22 H19 O5 N3 S1,22,19,5,3,-9999,1,-9999,N/A
762,436.125688,436.1256539472821,436.1257888689691,1758808.1,-9999,409161.1,18.44,-1,-0.3093641569384934,0.9827841548484596,0,0.5896704929090757,9,1.2857142857142858,0.23809523809523808,N1 S2 O5,de-protonated,0,-9999,C21 H27 O5 N1 S2,21,27,5,1,-9999,2,-9999,N/A
762,436.125688,436.1256539472821,436.1254087464491,1758808.1,-9999,409161.1,18.44,-1,0.5622255160117287,0.9442583431179552,0,0.566555005870773,14,1.0434782608695652,0.08695652173913043,N3 S1 P1 O2,de-protonated,0,-9999,C23 H24 O2 N3 P1 S1,23,24,2,3,1,1,-9999,N/A
764,436.133819,436.13378494803777,436.1338947318391,3575899.3,-9999,374371.5,39.24,-1,-0.2517204066810635,0.6590457847318296,0.9325891667306584,0.7684631375313611,9,1.3333333333333333,0.23809523809523808,13C1 S2 O5,de-protonated,1,755,C21 H28 O5 S2 13C1,21,28,5,-9999,-9999,2,1,N/A
764,436.133819,436.13378494803777,436.1335146093191,3575899.3,-9999,374371.5,39.24,-1,0.6198531173733633,0.9326588150919874,0.976054636642275,0.9500171437121024,14,1.0869565217391304,0.08695652173913043,13C1 N2 S1 P1 O2,de-protonated,1,755,C23 H25 O2 N2 P1 S1 13C1,23,25,2,2,1,1,1,N/A
764,436.133819,436.13378494803777,436.133650954939,3575899.3,-9999,374371.5,39.24,-1,0.3072294431001074,0.4915094515901872,0.8007932653391621,0.6152229770897771,14,1,0.17391304347826086,N3 S1 O4,de-protonated,0,-9999,C23 H23 O4 N3 S1,23,23,4,3,-9999,1,-9999,N/A
765,436.134632,436.1345979481133,436.1343024036191,2438235.5,-9999,442152,26.21,-1,0.6776456073440074,0.9200549482422732,0,0.5520329689453639,23,0.6129032258064516,0.06451612903225806,N1 O2,de-protonated,0,-9999,C31 H19 O2 N1,31,19,2,1,-9999,-9999,-9999,N/A
765,436.134632,436.1345979481133,436.1346532765391,2438235.5,-9999,442152,26.21,-1,-0.12686087971209892,0.9970840819691554,0,0.5982504491814933,0,2.4615384615384617,0.5384615384615384,N3 S2 P1 O7,de-protonated,0,-9999,C13 H32 O7 N3 P1 S2,13,32,7,3,1,2,-9999,N/A
766,436.170287,436.170252951427,436.1702802411891,2703977.3,-9999,343101.4,29.26,-1,-0.06256676196863996,0.6661933021526739,0.933133982766625,0.7729695743982543,8,1.4545454545454546,0.18181818181818185,13C1 S2 O4,de-protonated,1,756,C22 H32 O4 S2 13C1,22,32,4,-9999,-9999,2,1,N/A
766,436.170287,436.170252951427,436.1706879129691,2703977.3,-9999,343101.4,29.26,-1,-0.9972278149556076,0.417449690963863,0.7428850341668535,0.5476238282450592,22,0.71875,0.03125,N1 O1,de-protonated,0,-9999,C32 H23 O1 N1,32,23,1,1,-9999,-9999,-9999,N/A
766,436.170287,436.170252951427,436.16990011866915,2703977.3,-9999,343101.4,29.26,-1,0.8089342198378233,0.888042740060433,0.9756197852606276,0.9230735581405108,13,1.2083333333333333,0.04166666666666666,13C1 N2 S1 P1 O1,de-protonated,1,756,C24 H29 O1 N2 P1 S1 13C1,24,29,1,2,1,1,1,N/A
766,436.170287,436.170252951427,436.1700364642891,2703977.3,-9999,343101.4,29.26,-1,0.49633656554175737,0.956284437530682,0,0.5737706625184092,13,1.125,0.125,N3 S1 O3,de-protonated,0,-9999,C24 H27 O3 N3 S1,24,27,3,3,-9999,1,-9999,N/A
766,436.170287,436.170252951427,436.1701694060191,2703977.3,-9999,343101.4,29.26,-1,0.1915431493574113,0.9933649790220094,0,0.5960189874132056,0,2.4615384615384617,0.8461538461538461,N3 P1 O11,de-protonated,0,-9999,C13 H32 O11 N3 P1,13,32,11,3,1,-9999,-9999,N/A
767,436.17129,436.17125595152027,436.1716902345691,1597801.5,-9999,475952.5,16.59,-1,-0.9956699587703328,0.8353698419068818,0,0.501221905144129,8,1.4545454545454546,0.18181818181818185,N1 S1 P1 O4,de-protonated,0,-9999,C22 H32 O4 N1 P1 S1,22,32,4,1,1,1,-9999,N/A
768,437.035845,437.0358110318715,437.03616405330905,1361332.1,-9999,468465.7,13.88,-1,-0.807762529801621,0.8883480237745374,0,0.5330088142647224,12,0.7777777777777778,0.7222222222222222,O13,de-protonated,0,-9999,C18 H14 O13,18,14,13,-9999,-9999,-9999,-9999,N/A
768,437.035845,437.0358110318715,437.0360018619791,1361332.1,-9999,468465.7,13.88,-1,-0.43664619560611306,0.9659965768473364,0,0.5795979461084018,7,1.4615384615384617,0.5384615384615384,N4 S2 P1 O7,de-protonated,0,-9999,C13 H19 O7 N4 P1 S2,13,19,7,4,1,2,-9999,N/A
769,437.037068,437.0370340319852,437.03730475933907,4435380.5,-9999,339269.7,49.08,-1,-0.6194605150290033,0.46637057935206744,0.7612342259156645,0.5843160379775063,25,0.3793103448275862,0.10344827586206896,P1 O3,de-protonated,0,-9999,C29 H11 O3 P1,29,11,3,-9999,1,-9999,-9999,N/A
769,437.037068,437.0370340319852,437.03703343317903,4435380.5,-9999,339269.7,49.08,-1,0.0013701496511456,0.49999982968230633,0.8295321147073604,0.631812743692328,11,0.9473684210526316,0.42105263157894735,S2 O8,de-protonated,0,-9999,C19 H18 O8 S2,19,18,8,-9999,-9999,2,-9999,N/A
769,437.037068,437.0370340319852,437.0366533106591,4435380.5,-9999,339269.7,49.08,-1,0.8711427821187957,0.43568022737176654,0.8149093904448103,0.5873718926009841,16,0.7142857142857143,0.23809523809523808,N2 S1 P1 O5,de-protonated,0,-9999,C21 H15 O5 N2 P1 S1,21,15,5,2,1,1,-9999,N/A
770,437.072213,437.0721790352516,437.0725495626591,3385794,-9999,446206.2,37.06,-1,-0.8477480635899499,0.8777416670701622,0,0.5266450002420973,11,0.9473684210526316,0.631578947368421,O12,de-protonated,0,-9999,C19 H18 O12,19,18,12,-9999,-9999,-9999,-9999,N/A
770,437.072213,437.0721790352516,437.0720364984091,3385794,-9999,446206.2,37.06,-1,0.3261175059761616,0.49044373053394263,0.7428850341668535,0.591420251987107,29,0.3125,0.03125,N2 O1,de-protonated,0,-9999,C32 H10 O1 N2,32,10,1,2,-9999,-9999,-9999,N/A
770,437.072213,437.0721790352516,437.07238737132906,3385794,-9999,446206.2,37.06,-1,-0.47666263875604487,0.9596117908114988,0,0.5757670744868993,6,1.6428571428571428,0.42857142857142855,N4 S2 P1 O6,de-protonated,0,-9999,C14 H23 O6 N4 P1 S2,14,23,6,4,1,2,-9999,N/A
771,437.073455,437.073421035367,437.0736902686891,10620354,-9999,328149.3,119.89,-1,-0.6159906855736492,0.9290268334268184,0.9484516407971018,0.9367967563749318,24,0.5,0.06666666666666667,P1 O2,de-protonated,0,-9999,C30 H15 O2 P1,30,15,2,-9999,1,-9999,-9999,N/A
771,437.073455,437.073421035367,437.07341894252914,10620354,-9999,328149.3,119.89,-1,0.0047882981889158,0.6665779324035704,0.931472458876528,0.7725357429927535,10,1.1,0.35,S2 O7,de-protonated,0,-9999,C20 H22 O7 S2,20,22,7,-9999,-9999,2,-9999,N/A
771,437.073455,437.073421035367,437.07303882000906,10620354,-9999,328149.3,119.89,-1,0.874488527081889,0.8765066108483335,0.9987766312524256,0.9254146190099704,15,0.8636363636363636,0.18181818181818185,N2 S1 P1 O4,de-protonated,0,-9999,C22 H19 O4 N2 P1 S1,22,19,4,2,1,1,-9999,N/A
772,437.105527,437.1054930383478,437.10578169987906,1306830.8,-9999,413101,13.26,-1,-0.6603928463404971,0.92391688075727,0,0.5543501284543619,5,1.625,0.5,N2 S2 O8,de-protonated,0,-9999,C16 H26 O8 N2 S2,16,26,8,2,-9999,2,-9999,N/A
772,437.105527,437.1054930383478,437.1054015773591,1306830.8,-9999,413101,13.26,-1,0.20924241226981155,0.9920872155888704,0,0.5952523293533222,10,1.2777777777777777,0.2777777777777778,N4 S1 P1 O5,de-protonated,0,-9999,C18 H23 O5 N4 P1 S1,18,23,5,4,1,1,-9999,N/A
773,437.108551,437.1085170386288,437.1089350720091,5389776,-9999,452547.1,60,-1,-0.9563597235328862,0.4235411981494504,0.8221557383861047,0.5829870142441121,10,1.1,0.55,O11,de-protonated,0,-9999,C20 H22 O11,20,22,11,-9999,-9999,-9999,-9999,N/A
773,437.108551,437.1085170386288,437.1087728806791,5389776,-9999,452547.1,60,-1,-0.5853052287689013,0.4698657456352297,0.8604105061749866,0.6260836498511325,5,1.8,0.3333333333333333,N4 S2 P1 O5,de-protonated,0,-9999,C15 H27 O5 N4 P1 S2,15,27,5,4,1,2,-9999,N/A
774,437.109803,437.1097690387452,437.11007577803906,16127440,-9999,362982.1,182.94,-1,-0.7017438189454929,0.6131232010559394,0.9057592519518852,0.7301776214143179,23,0.6129032258064516,0.03225806451612903,P1 O1,de-protonated,0,-9999,C31 H19 O1 P1,31,19,1,-9999,1,-9999,-9999,N/A
774,437.109803,437.1097690387452,437.1098044518791,16127440,-9999,362982.1,182.94,-1,-0.0810165627496766,0.6661876847814644,0.932035399574757,0.7725267706987815,9,1.238095238095238,0.2857142857142857,S2 O6,de-protonated,0,-9999,C21 H26 O6 S2,21,26,6,-9999,-9999,2,-9999,N/A
774,437.109803,437.1097690387452,437.1094243293591,16127440,-9999,362982.1,182.94,-1,0.7886111963815075,0.8877919634538232,0.9869640875458536,0.9274608130906354,14,1,0.13043478260869565,N2 S1 P1 O3,de-protonated,0,-9999,C23 H23 O3 N2 P1 S1,23,23,3,2,1,1,-9999,N/A
775,437.144952,437.1449180420119,437.14532058135904,5203422,-9999,469163,57.87,-1,-0.920836454568134,0.8718686739024238,0.9922093562552562,0.9200049468435568,9,1.238095238095238,0.47619047619047616,O10,de-protonated,0,-9999,C21 H26 O10,21,26,10,-9999,-9999,-9999,-9999,N/A
775,437.144952,437.1449180420119,437.1446691326791,5203422,-9999,469163,57.87,-1,0.5693980743370488,0.942868707378806,0,0.5657212244272836,0,2.3076923076923075,0.9230769230769232,N2 S1 O12,de-protonated,0,-9999,C13 H30 O12 N2 S1,13,30,12,2,-9999,1,-9999,N/A
775,437.144952,437.1449180420119,437.14515839002905,5203422,-9999,469163,57.87,-1,-0.5498128311176325,0.9556461705158128,0.9546413662606008,0.955244248813728,4,1.9375,0.25,N4 S2 P1 O4,de-protonated,0,-9999,C16 H31 O4 N4 P1 S2,16,31,4,4,1,2,-9999,N/A
776,437.146158,437.146124042124,437.146189961229,17733086,-9999,319530.9,201.32,-1,-0.1507941886908289,0.6644216253939329,0.9325891667306584,0.7716886419286231,8,1.3636363636363635,0.2272727272727273,S2 O5,de-protonated,0,-9999,C22 H30 O5 S2,22,30,5,-9999,-9999,2,-9999,N/A
776,437.146158,437.146124042124,437.1458098387091,17733086,-9999,319530.9,201.32,-1,0.7187611268091032,0.907067559281596,0.9733516509297276,0.9335811959408484,13,1.125,0.08333333333333333,N2 S1 P1 O2,de-protonated,0,-9999,C24 H27 O2 N2 P1 S1,24,27,2,2,1,1,-9999,N/A
777,437.182512,437.1824780455027,437.1825754705791,7998956.5,-9999,353873.8,89.87,-1,-0.222847574085597,0.9915458173151814,0.9847460248124544,0.9888259003140908,7,1.4782608695652173,0.17391304347826086,S2 O4,de-protonated,0,-9999,C23 H34 O4 S2,23,34,4,-9999,-9999,2,-9999,N/A
777,437.182512,437.1824780455027,437.1821953480591,7998956.5,-9999,353873.8,89.87,-1,0.6466353081229741,0.4634681418842091,0.7871578612348809,0.5929440296244778,12,1.24,0.04,N2 S1 P1 O1,de-protonated,0,-9999,C25 H31 O1 N2 P1 S1,25,31,1,2,1,1,-9999,N/A
778,437.218953,437.2189190488895,437.218960979929,1536250.3,-9999,328632.5,15.88,-1,-0.09590398232176904,0.9983325041308556,0,0.5989995024785133,6,1.5833333333333333,0.125,S2 O3,de-protonated,0,-9999,C24 H38 O3 S2,24,38,3,-9999,-9999,2,-9999,N/A
779,438.068641,438.0686071278591,438.0689392408891,1705793.4,-9999,343366.4,17.82,-1,-0.7581296007928637,0.9009643978952072,0,0.5405786387371244,24,0.4827586206896552,0.06896551724137931,N1 P1 O2,de-protonated,0,-9999,C29 H14 O2 N1 P1,29,14,2,1,1,-9999,-9999,N/A
779,438.068641,438.0686071278591,438.06866791472913,1705793.4,-9999,343366.4,17.82,-1,-0.13876105392481622,0.9965123686294878,0,0.5979074211776927,10,1.105263157894737,0.3684210526315789,N1 S2 O7,de-protonated,0,-9999,C19 H21 O7 N1 S2,19,21,7,1,-9999,2,-9999,N/A
779,438.068641,438.0686071278591,438.0682877922091,1705793.4,-9999,343366.4,17.82,-1,0.7289631750927144,0.9080829686060848,0,0.5448497811636509,15,0.8571428571428571,0.1904761904761905,N3 S1 P1 O4,de-protonated,0,-9999,C21 H18 O4 N3 P1 S1,21,18,4,3,1,1,-9999,N/A
780,438.076791,438.0767571286165,438.07704510375913,2547012.5,-9999,423703.6,27.45,-1,-0.6573618632401359,0.9245867070692008,0.9484516407971018,0.9341326805603613,24,0.5172413793103449,0.06896551724137931,13C1 P1 O2,de-protonated,1,771,C29 H15 O2 P1 13C1,29,15,2,-9999,1,-9999,1,N/A
780,438.076791,438.0767571286165,438.0767737775992,2547012.5,-9999,423703.6,27.45,-1,-0.03800471431848168,0.66649197161411,0.931472458876528,0.7724841665190771,10,1.1578947368421053,0.3684210526315789,13C1 S2 O7,de-protonated,1,771,C19 H22 O7 S2 13C1,19,22,7,-9999,-9999,2,1,N/A
780,438.076791,438.0767571286165,438.07718144937905,2547012.5,-9999,423703.6,27.45,-1,-0.968598184296565,0.8434691329030494,0,0.5060814797418296,24,0.4482758620689655,0.13793103448275862,N1 O4,de-protonated,0,-9999,C29 H13 O4 N1,29,13,4,1,-9999,-9999,-9999,N/A
780,438.076791,438.0767571286165,438.07639365507913,2547012.5,-9999,423703.6,27.45,-1,0.8297035463566387,0.8825756930595723,0.9987766312524256,0.9290560683367136,15,0.9047619047619048,0.1904761904761905,13C1 N2 S1 P1 O4,de-protonated,1,771,C21 H19 O4 N2 P1 S1 13C1,21,19,4,2,1,1,1,N/A
780,438.076791,438.0767571286165,438.0765300006991,2547012.5,-9999,423703.6,27.45,-1,0.5184662995117656,0.9523956496722508,0,0.5714373898033503,15,0.8095238095238095,0.2857142857142857,N3 S1 O6,de-protonated,0,-9999,C21 H17 O6 N3 S1,21,17,6,3,-9999,1,-9999,N/A
781,438.105081,438.1050471312457,438.1053247502391,2001743.5,-9999,346323.3,21.21,-1,-0.6336809385688602,0.9297300554273522,0,0.5578380332564113,23,0.6,0.03333333333333333,N1 P1 O1,de-protonated,0,-9999,C30 H18 O1 N1 P1,30,18,1,1,1,-9999,-9999,N/A
781,438.105081,438.1050471312457,438.1050534240791,2001743.5,-9999,346323.3,21.21,-1,-0.01436375430632531,0.9999625646726724,0,0.5999775388036034,9,1.25,0.3,N1 S2 O6,de-protonated,0,-9999,C20 H25 O6 N1 S2,20,25,6,1,-9999,2,-9999,N/A
781,438.105081,438.1050471312457,438.1046733015591,2001743.5,-9999,346323.3,21.21,-1,0.8532885162031187,0.8762419540634324,0,0.5257451724380594,14,1,0.13636363636363635,N3 S1 P1 O3,de-protonated,0,-9999,C22 H22 O3 N3 P1 S1,22,22,3,3,1,1,-9999,N/A
782,438.113177,438.11314313199824,438.1134306131091,3689298.5,-9999,357144.3,40.53,-1,-0.6561796346416789,0.616564844782448,0.9057592519518852,0.7322426076502229,23,0.6333333333333333,0.03333333333333333,13C1 P1 O1,de-protonated,1,774,C30 H19 O1 P1 13C1,30,19,1,-9999,1,-9999,1,N/A
782,438.113177,438.11314313199824,438.1131592869491,3689298.5,-9999,357144.3,40.53,-1,-0.03687392302778221,0.6665022114376864,0.932035399574757,0.7727154866925147,9,1.3,0.3,13C1 S2 O6,de-protonated,1,774,C20 H26 O6 S2 13C1,20,26,6,-9999,-9999,2,1,N/A
782,438.113177,438.11314313199824,438.1135669587291,3689298.5,-9999,357144.3,40.53,-1,-0.9673901080228806,0.4219135785005218,0.7550179348240813,0.5551553210299456,23,0.5666666666666667,0.1,N1 O3,de-protonated,0,-9999,C30 H17 O3 N1,30,17,3,1,-9999,-9999,-9999,N/A
782,438.113177,438.11314313199824,438.112779164429,3689298.5,-9999,357144.3,40.53,-1,0.8307622751057949,0.8822942107064483,0.9869640875458536,0.9241621614422104,14,1.0454545454545454,0.13636363636363635,13C1 N2 S1 P1 O3,de-protonated,1,774,C22 H23 O3 N2 P1 S1 13C1,22,23,3,2,1,1,1,N/A
782,438.113177,438.11314313199824,438.1129155100491,3689298.5,-9999,357144.3,40.53,-1,0.5195508762196507,0.4761005586938753,0.8077896627745539,0.6087762003261468,14,0.9545454545454546,0.2272727272727273,N3 S1 O5,de-protonated,0,-9999,C22 H21 O5 N3 S1,22,21,5,3,-9999,1,-9999,N/A
783,438.141515,438.14148113463193,438.14143893342913,1467741.5,-9999,461889.6,15.09,-1,0.09631867486729212,0.9983180644796188,0,0.5989908386877714,8,1.380952380952381,0.23809523809523808,N1 S2 O5,de-protonated,0,-9999,C21 H29 O5 N1 S2,21,29,5,1,-9999,2,-9999,N/A
783,438.141515,438.14148113463193,438.1410588109091,1467741.5,-9999,461889.6,15.09,-1,0.9638989871809912,0.8448601209866584,0,0.506916072591995,13,1.1304347826086956,0.08695652173913043,N3 S1 P1 O2,de-protonated,0,-9999,C23 H26 O2 N3 P1 S1,23,26,2,3,1,1,-9999,N/A
784,438.148352,438.14831813526735,438.14867541642906,1243488.1,-9999,468879,12.53,-1,-0.8154336227817713,0.8863432069300982,0.9922093562552562,0.9286896666601614,9,1.3,0.5,13C1 O10,de-protonated,1,775,C20 H26 O10 13C1,20,26,10,-9999,-9999,-9999,1,N/A
784,438.148352,438.14831813526735,438.14851322509907,1243488.1,-9999,468879,12.53,-1,-0.4452595999572053,0.9646660391515866,0.9546413662606008,0.9606561699951922,4,2.066666666666667,0.26666666666666666,13C1 N4 S2 P1 O4,de-protonated,1,775,C15 H31 O4 N4 P1 S2 13C1,15,31,4,4,1,2,1,N/A
785,438.149526,438.1494921353764,438.1495447962991,3877728.5,-9999,325303.1,42.69,-1,-0.12018938123337128,0.6649215449446674,0.9325891667306584,0.7719885936590638,8,1.4285714285714286,0.23809523809523808,13C1 S2 O5,de-protonated,1,776,C21 H30 O5 S2 13C1,21,30,5,-9999,-9999,2,1,N/A
785,438.149526,438.1494921353764,438.1491646737791,3877728.5,-9999,325303.1,42.69,-1,0.7473746926755895,0.9036152669915066,0.9733516509297276,0.9315098205667948,13,1.173913043478261,0.08695652173913043,13C1 N2 S1 P1 O2,de-protonated,1,776,C23 H27 O2 N2 P1 S1 13C1,23,27,2,2,1,1,1,N/A
785,438.149526,438.1494921353764,438.1493010193991,3877728.5,-9999,325303.1,42.69,-1,0.43618916399307833,0.48303325021777377,0.8007932653391622,0.6101372562663292,13,1.0869565217391304,0.17391304347826086,N3 S1 O4,de-protonated,0,-9999,C23 H25 O4 N3 S1,23,25,4,3,-9999,1,-9999,N/A
786,438.186056,438.18602213877153,438.1859303056491,1803118.8,-9999,309945.2,18.93,-1,0.20957569855268868,0.9920620885637018,0.9847460248124544,0.9891356630632028,7,1.5454545454545454,0.18181818181818185,13C1 S2 O4,de-protonated,1,777,C22 H34 O4 S2 13C1,22,34,4,-9999,-9999,2,1,N/A
786,438.186056,438.18602213877153,438.1863379774291,1803118.8,-9999,309945.2,18.93,-1,-0.7207861820348106,0.9100383572108824,0,0.5460230143265293,21,0.78125,0.03125,N1 O1,de-protonated,0,-9999,C32 H25 O1 N1,32,25,1,1,-9999,-9999,-9999,N/A
786,438.186056,438.18602213877153,438.1856865287491,1803118.8,-9999,309945.2,18.93,-1,0.765908227249813,0.8990284524785233,0,0.5394170714871139,12,1.2083333333333333,0.125,N3 S1 O3,de-protonated,0,-9999,C24 H29 O3 N3 S1,24,29,3,3,-9999,1,-9999,N/A
787,439.031514,439.031480217348,439.03155412957904,1450678.1,-9999,299297.5,14.9,-1,-0.16835289030619754,0.994870456375926,0,0.5969222738255555,15,0.7272727272727273,0.2727272727272727,S2 O6,de-protonated,0,-9999,C22 H16 O6 S2,22,16,6,-9999,-9999,2,-9999,N/A
787,439.031514,439.031480217348,439.03117400705906,1450678.1,-9999,299297.5,14.9,-1,0.6974682141651802,0.9155156006182752,0,0.5493093603709651,20,0.5416666666666666,0.125,N2 S1 P1 O3,de-protonated,0,-9999,C24 H13 O3 N2 P1 S1,24,13,3,2,1,1,-9999,N/A
788,439.052716,439.05268221931846,439.0529548237991,6869182.5,-9999,304367.6,76.93,-1,-0.620892030556222,0.9294929281826576,0.92641586524147,0.9282621030061824,24,0.4482758620689655,0.10344827586206896,P1 O3,de-protonated,0,-9999,C29 H13 O3 P1,29,13,3,-9999,1,-9999,-9999,N/A
788,439.052716,439.05268221931846,439.05268349763907,6869182.5,-9999,304367.6,76.93,-1,-0.00291154264237833,0.9999071493764892,0.994713754033166,0.99782979123916,10,1.0526315789473684,0.42105263157894735,S2 O8,de-protonated,0,-9999,C19 H20 O8 S2,19,20,8,-9999,-9999,2,-9999,N/A
788,439.052716,439.05268221931846,439.0523033751191,6869182.5,-9999,304367.6,76.93,-1,0.8628680374714949,0.8778056442869512,0.9800910297706158,0.9187197984804172,15,0.8095238095238095,0.23809523809523808,N2 S1 P1 O5,de-protonated,0,-9999,C21 H17 O5 N2 P1 S1,21,17,5,2,1,1,-9999,N/A
789,439.067948,439.0679142207341,439.0679396389291,2330820.3,-9999,350529.6,24.97,-1,-0.05789125710436344,0.9993920781586656,0,0.5996352468951993,14,0.8695652173913043,0.21739130434782608,S2 O5,de-protonated,0,-9999,C23 H20 O5 S2,23,20,5,-9999,-9999,2,-9999,N/A
789,439.067948,439.0679142207341,439.0675595164091,2330820.3,-9999,350529.6,24.97,-1,0.8078581924422631,0.8883231115414353,0,0.5329938669248612,19,0.68,0.08,N2 S1 P1 O2,de-protonated,0,-9999,C25 H17 O2 N2 P1 S1,25,17,2,2,1,1,-9999,N/A
790,439.087855,439.08782122258424,439.0881996271191,4178124,-9999,486887.2,46.12,-1,-0.8617961839189708,0.4369625486778718,0.8295321147073605,0.5939903750896673,10,1.0526315789473684,0.631578947368421,O12,de-protonated,0,-9999,C19 H20 O12,19,20,12,-9999,-9999,-9999,-9999,N/A
790,439.087855,439.08782122258424,439.0876865628691,4178124,-9999,486887.2,46.12,-1,0.3066806909790741,0.4915394971285329,0.7428850341668535,0.5920777119438612,28,0.375,0.03125,N2 O1,de-protonated,0,-9999,C32 H12 O1 N2,32,12,1,2,-9999,-9999,-9999,N/A
790,439.087855,439.08782122258424,439.0880374357891,4178124,-9999,486887.2,46.12,-1,-0.4924142459306229,0.9569576056854382,0,0.5741745634112629,5,1.7857142857142858,0.42857142857142855,N4 S2 P1 O6,de-protonated,0,-9999,C14 H25 O6 N4 P1 S2,14,25,6,4,1,2,-9999,N/A
791,439.089081,439.08904722269824,439.0893403331491,13805772,-9999,334189.9,156.35,-1,-0.6675417140220082,0.9212871057715154,0.9260471428367693,0.9231911205976168,23,0.5666666666666667,0.06666666666666667,P1 O2,de-protonated,0,-9999,C30 H17 O2 P1,30,17,2,-9999,1,-9999,-9999,N/A
791,439.089081,439.08904722269824,439.08906900698906,13805772,-9999,334189.9,156.35,-1,-0.04961246444154294,0.6662981686173572,0.931472458876528,0.7723678847210256,9,1.2,0.35,S2 O7,de-protonated,0,-9999,C20 H24 O7 S2,20,24,7,-9999,-9999,2,-9999,N/A
791,439.089081,439.08904722269824,439.0886888844691,13805772,-9999,334189.9,156.35,-1,0.816095331579783,0.8878178551572141,0.978818870787242,0.9242182614092253,14,0.9545454545454546,0.18181818181818185,N2 S1 P1 O4,de-protonated,0,-9999,C22 H21 O4 N2 P1 S1,22,21,4,2,1,1,-9999,N/A
792,439.104306,439.1042722241132,439.10432514827903,1728466.4,-9999,307269.6,18.08,-1,-0.12052754384092756,0.9973675860009223,0,0.5984205516005534,13,1,0.16666666666666666,S2 O4,de-protonated,0,-9999,C24 H24 O4 S2,24,24,4,-9999,-9999,2,-9999,N/A
792,439.104306,439.1042722241132,439.1044580900091,1728466.4,-9999,307269.6,18.08,-1,-0.4232840100337081,0.9680127272984654,0,0.5808076363790793,0,2.230769230769231,0.9230769230769232,S1 P1 O12,de-protonated,0,-9999,C13 H29 O12 P1 S1,13,29,12,-9999,1,1,-9999,N/A
792,439.104306,439.1042722241132,439.1039450257591,1728466.4,-9999,307269.6,18.08,-1,0.7451501126795718,0.9041598170401236,0,0.5424958902240742,18,0.8076923076923077,0.03846153846153846,N2 S1 P1 O1,de-protonated,0,-9999,C26 H21 O1 N2 P1 S1,26,21,1,2,1,1,-9999,N/A
793,439.124243,439.1242092259661,439.1245851364691,5099738,-9999,412502.1,56.67,-1,-0.8560452219641123,0.4377465393872932,0.8221557383861047,0.5915102189868178,9,1.2,0.55,O11,de-protonated,0,-9999,C20 H24 O11,20,24,11,-9999,-9999,-9999,-9999,N/A
793,439.124243,439.1242092259661,439.12442294513903,5099738,-9999,412502.1,56.67,-1,-0.48669388842328903,0.95793062409108,0,0.574758374454648,4,1.9333333333333331,0.3333333333333333,N4 S2 P1 O5,de-protonated,0,-9999,C15 H29 O5 N4 P1 S2,15,29,5,4,1,2,-9999,N/A
794,439.125453,439.1254192260786,439.1257258424991,19081434,-9999,349237.7,216.75,-1,-0.6982429005458034,0.6122907601851719,0.92167946318734,0.7360462413860391,22,0.6774193548387096,0.03225806451612903,P1 O1,de-protonated,0,-9999,C31 H21 O1 P1,31,21,1,-9999,1,-9999,-9999,N/A
794,439.125453,439.1254192260786,439.1254545163391,19081434,-9999,349237.7,216.75,-1,-0.08036487108281332,0.6660959898208373,0.9320353995747568,0.7724717537224052,8,1.3333333333333333,0.2857142857142857,S2 O6,de-protonated,0,-9999,C21 H28 O6 S2,21,28,6,-9999,-9999,2,-9999,N/A
794,439.125453,439.1254192260786,439.12507439381915,19081434,-9999,349237.7,216.75,-1,0.7852711665475067,0.891076024025464,0.9971157012186916,0.9334918949027552,13,1.0869565217391304,0.13043478260869565,N2 S1 P1 O3,de-protonated,0,-9999,C23 H25 O3 N2 P1 S1,23,25,3,2,1,1,-9999,N/A
795,439.140713,439.1406792274968,439.1407106576291,1218784.5,-9999,373082.9,12.24,-1,-0.07157189367889644,0.9990709544089426,0,0.5994425726453655,12,1.12,0.12,S2 O3,de-protonated,0,-9999,C25 H28 O3 S2,25,28,3,-9999,-9999,2,-9999,N/A
796,439.161834,439.1618002294598,439.16184002568906,11852009,-9999,339247.1,133.98,-1,-0.09061859577145574,0.6661639384340362,0.9290685501246788,0.7713257831102933,7,1.4545454545454546,0.2272727272727273,S2 O5,de-protonated,0,-9999,C22 H32 O5 S2,22,32,5,-9999,-9999,2,-9999,N/A
796,439.161834,439.1618002294598,439.16145990316915,11852009,-9999,339247.1,133.98,-1,0.7749457129720377,0.8865017827116347,0.9696496827299677,0.919760942718968,12,1.2083333333333333,0.08333333333333333,N2 S1 P1 O2,de-protonated,0,-9999,C24 H29 O2 N2 P1 S1,24,29,2,2,1,1,-9999,N/A
797,439.198204,439.19817023284,439.1982255350391,3351798.8,-9999,374792.8,36.66,-1,-0.12591626257007707,0.9971272824560468,0,0.5982763694736281,6,1.565217391304348,0.17391304347826086,S2 O4,de-protonated,0,-9999,C23 H36 O4 S2,23,36,4,-9999,-9999,2,-9999,N/A
797,439.198204,439.19817023284,439.1978454125191,3351798.8,-9999,374792.8,36.66,-1,0.7395763078843308,0.452759258135307,0.787157861234881,0.5865186993751366,11,1.32,0.04,N2 S1 P1 O1,de-protonated,0,-9999,C25 H33 O1 N2 P1 S1,25,33,1,2,1,1,-9999,N/A
798,440.056058,440.0560243125685,440.0563096588691,1359173.3,-9999,443362.4,13.84,-1,-0.6484313355431666,0.9265451573524582,0.92641586524147,0.9264934405080628,24,0.4642857142857143,0.10714285714285714,13C1 P1 O3,de-protonated,1,788,C28 H13 O3 P1 13C1,28,13,3,-9999,1,-9999,1,N/A
798,440.056058,440.0560243125685,440.0560383327091,1359173.3,-9999,443362.4,13.84,-1,-0.0318598981334596,0.9998158369069268,0.994713754033166,0.9977750037574225,10,1.1111111111111112,0.4444444444444444,13C1 S2 O8,de-protonated,1,788,C18 H20 O8 S2 13C1,18,20,8,-9999,-9999,2,1,N/A
798,440.056058,440.0560243125685,440.0564460044891,1359173.3,-9999,443362.4,13.84,-1,-0.9582677958552722,0.8465210709182314,0,0.5079126425509388,24,0.3928571428571429,0.17857142857142858,N1 O5,de-protonated,0,-9999,C28 H11 O5 N1,28,11,5,1,-9999,-9999,-9999,N/A
798,440.056058,440.0560243125685,440.0556582101891,1359173.3,-9999,443362.4,13.84,-1,0.8319456245730684,0.8819792773108764,0.9800910297706158,0.9212239782947722,15,0.85,0.25,13C1 N2 S1 P1 O5,de-protonated,1,788,C20 H17 O5 N2 P1 S1 13C1,20,17,5,2,1,1,1,N/A
798,440.056058,440.0560243125685,440.0557945558091,1359173.3,-9999,443362.4,13.84,-1,0.5221082469103165,0.9517409701028702,0,0.571044582061722,15,0.75,0.35,N3 S1 O7,de-protonated,0,-9999,C20 H15 O7 N3 S1,20,15,7,3,-9999,1,-9999,N/A
799,440.084358,440.0843243151987,440.0845893053491,1439824.3,-9999,459271.3,14.77,-1,-0.6021345822952895,0.9363301555447,0,0.5617980933268201,23,0.5517241379310345,0.06896551724137931,N1 P1 O2,de-protonated,0,-9999,C29 H16 O2 N1 P1,29,16,2,1,1,-9999,-9999,N/A
799,440.084358,440.0843243151987,440.08431797918905,1439824.3,-9999,459271.3,14.77,-1,0.01439726301797704,0.9999623898090358,0,0.5999774338854215,9,1.2105263157894737,0.3684210526315789,N1 S2 O7,de-protonated,0,-9999,C19 H23 O7 N1 S2,19,23,7,1,-9999,2,-9999,N/A
799,440.084358,440.0843243151987,440.0839378566691,1439824.3,-9999,459271.3,14.77,-1,0.8781473178254952,0.869425324610131,0,0.5216551947660786,14,0.9523809523809524,0.1904761904761905,N3 S1 P1 O4,de-protonated,0,-9999,C21 H20 O4 N3 P1 S1,21,20,4,3,1,1,-9999,N/A
800,440.092431,440.092397315949,440.0926951682191,2848339.5,-9999,339304.4,30.89,-1,-0.6767943967419191,0.92024743897122,0.9260471428367693,0.9225673205174396,23,0.5862068965517241,0.06896551724137931,13C1 P1 O2,de-protonated,1,791,C29 H17 O2 P1 13C1,29,17,2,-9999,1,-9999,1,N/A
800,440.092431,440.092397315949,440.09242384205913,2848339.5,-9999,339304.4,30.89,-1,-0.06027395320774598,0.6662273488787321,0.931472458876528,0.7723253928778505,9,1.263157894736842,0.3684210526315789,13C1 S2 O7,de-protonated,1,791,C19 H24 O7 S2 13C1,19,24,7,-9999,-9999,2,1,N/A
800,440.092431,440.092397315949,440.0928315138391,2848339.5,-9999,339304.4,30.89,-1,-0.9866052319499664,0.4190489683877481,0.7612342259156646,0.5559230713989147,23,0.5172413793103449,0.13793103448275862,N1 O4,de-protonated,0,-9999,C29 H15 O4 N1,29,15,4,1,-9999,-9999,-9999,N/A
800,440.092431,440.092397315949,440.0920437195391,2848339.5,-9999,339304.4,30.89,-1,0.8034601281983758,0.88946611345215,0.978818870787242,0.9252072163861867,14,1,0.1904761904761905,13C1 N2 S1 P1 O4,de-protonated,1,791,C21 H21 O4 N2 P1 S1 13C1,21,21,4,2,1,1,1,N/A
800,440.092431,440.092397315949,440.0921800651591,2848339.5,-9999,339304.4,30.89,-1,0.4936483757913894,0.9567463229863236,0,0.5740477937917942,14,0.9047619047619048,0.2857142857142857,N3 S1 O6,de-protonated,0,-9999,C21 H19 O6 N3 S1,21,19,6,3,-9999,1,-9999,N/A
801,440.120704,440.1206703185767,440.1209748146991,1339998.5,-9999,369219.9,13.62,-1,-0.691846423644222,0.9168139830299892,0,0.5500883898179935,22,0.6666666666666666,0.03333333333333333,N1 P1 O1,de-protonated,0,-9999,C30 H20 O1 N1 P1,30,20,1,1,1,-9999,-9999,N/A
801,440.120704,440.1206703185767,440.1207034885391,1339998.5,-9999,369219.9,13.62,-1,-0.07536560347714161,0.9989699070557592,0,0.5993819442334555,8,1.35,0.3,N1 S2 O6,de-protonated,0,-9999,C20 H27 O6 N1 S2,20,27,6,1,-9999,2,-9999,N/A
801,440.120704,440.1206703185767,440.12032336601914,1339998.5,-9999,369219.9,13.62,-1,0.7883129660911999,0.8933659464349476,0,0.5360195678609685,13,1.0909090909090908,0.13636363636363635,N3 S1 P1 O3,de-protonated,0,-9999,C22 H24 O3 N3 P1 S1,22,24,3,3,1,1,-9999,N/A
802,440.128819,440.1287853193309,440.1290806775691,4832865.5,-9999,410528.5,53.61,-1,-0.6710718540476902,0.6143575177806685,0.92167946318734,0.73728629594333706,22,0.7,0.03333333333333333,13C1 P1 O1,de-protonated,1,794,C30 H21 O1 P1 13C1,30,21,1,-9999,1,-9999,1,N/A
802,440.128819,440.1287853193309,440.12880935140913,4832865.5,-9999,410528.5,53.61,-1,-0.05460237481580878,0.6663061144524086,0.9320353995747568,0.772597828501348,8,1.4,0.3,13C1 S2 O6,de-protonated,1,794,C20 H28 O6 S2 13C1,20,28,6,-9999,-9999,2,1,N/A
802,440.128819,440.1287853193309,440.129217023189,4832865.5,-9999,410528.5,53.61,-1,-0.9808570788186092,0.4199097619867887,0.7550179348240812,0.5539530311217058,22,0.6333333333333333,0.1,N1 O3,de-protonated,0,-9999,C30 H19 O3 N1,30,19,3,1,-9999,-9999,-9999,N/A
802,440.128819,440.1287853193309,440.1284292288891,4832865.5,-9999,410528.5,53.61,-1,0.8090603064113803,0.8880098681042639,0.9971157012186916,0.931652201350035,13,1.1363636363636365,0.13636363636363635,13C1 N2 S1 P1 O3,de-protonated,1,794,C22 H25 O3 N2 P1 S1 13C1,22,25,3,2,1,1,1,N/A
802,440.128819,440.1287853193309,440.1285655745091,4832865.5,-9999,410528.5,53.61,-1,0.4992741644640093,0.4778885437133856,0.8077896627745539,0.6098489913378529,13,1.0454545454545454,0.2272727272727273,N3 S1 O5,de-protonated,0,-9999,C22 H23 O5 N3 S1,22,23,5,3,-9999,1,-9999,N/A
803,440.165224,440.1651903227143,440.16519486075913,2526832,-9999,319576.5,27.21,-1,-0.01030986736406297,0.6666538089296895,0.9290685501246788,0.7716197054076852,7,1.5238095238095235,0.23809523809523808,13C1 S2 O5,de-protonated,1,796,C21 H32 O5 S2 13C1,21,32,5,-9999,-9999,2,1,N/A
803,440.165224,440.1651903227143,440.1656025325391,2526832,-9999,319576.5,27.21,-1,-0.9364880453154172,0.8528835262726838,0,0.5117301157636103,21,0.7419354838709677,0.06451612903225806,N1 O2,de-protonated,0,-9999,C31 H23 O2 N1,31,23,2,1,-9999,-9999,-9999,N/A
803,440.165224,440.1651903227143,440.1648147382392,2526832,-9999,319576.5,27.21,-1,0.8532814587121116,0.8762438689928894,0.9696496827299677,0.9136061944877208,12,1.2608695652173914,0.08695652173913043,13C1 N2 S1 P1 O2,de-protonated,1,796,C23 H29 O2 N2 P1 S1 13C1,23,29,2,2,1,1,1,N/A
803,440.165224,440.1651903227143,440.1649510838591,2526832,-9999,319576.5,27.21,-1,0.5435209111561604,0.94780863379039,0,0.568685180274234,12,1.173913043478261,0.17391304347826086,N3 S1 O4,de-protonated,0,-9999,C23 H27 O4 N3 S1,23,27,4,3,-9999,1,-9999,N/A
804,441.032458,441.0324244033146,441.0322193789091,1517892,-9999,267145.1,15.66,-1,0.4648739854745809,0.9615463776118336,0,0.5769278265671001,24,0.3928571428571429,0.14285714285714285,P1 O4,de-protonated,0,-9999,C28 H11 O4 P1,28,11,4,-9999,1,-9999,-9999,N/A
804,441.032458,441.0324244033146,441.0324160833991,1517892,-9999,267145.1,15.66,-1,0.01886463496457625,0.999935429132918,0,0.5999612574797508,16,0.5555555555555556,0.5555555555555556,N4 O10,de-protonated,0,-9999,C18 H10 O10 N4,18,10,10,4,-9999,-9999,-9999,N/A
805,441.047242,441.0472084046886,441.0474755201991,2846153.8,-9999,399456.1,30.86,-1,-0.6056389058371631,0.4678056796697924,0.7428850341668535,0.5778374214686168,28,0.34375,0.03125,P1 O1,de-protonated,0,-9999,C32 H11 O1 P1,32,11,1,-9999,1,-9999,-9999,N/A
805,441.047242,441.0472084046886,441.04720419403907,2846153.8,-9999,399456.1,30.86,-1,0.00954693623645556,0.9999834621792278,0,0.5999900773075367,14,0.8181818181818182,0.2727272727272727,S2 O6,de-protonated,0,-9999,C22 H18 O6 S2,22,18,6,-9999,-9999,2,-9999,N/A
805,441.047242,441.0472084046886,441.0468240715191,2846153.8,-9999,399456.1,30.86,-1,0.871411261866988,0.8712864889315208,0,0.5227718933589125,19,0.625,0.125,N2 S1 P1 O3,de-protonated,0,-9999,C24 H15 O3 N2 P1 S1,24,15,3,2,1,1,-9999,N/A
806,441.048104,441.04807040476874,441.0476722246891,1521098.3,-9999,274789.8,15.69,-1,0.9028050814093588,0.8625251038008779,0,0.5175150622805267,20,0.4545454545454546,0.3181818181818182,N4 O7,de-protonated,0,-9999,C22 H10 O7 N4,22,10,7,4,-9999,-9999,-9999,N/A
807,441.067059,441.0670254065304,441.0674641822291,2359249.8,-9999,449044.1,25.29,-1,-0.9948040478419052,0.8356311364046036,0,0.5013786818427621,10,1,0.7222222222222222,O13,de-protonated,0,-9999,C18 H18 O13,18,18,13,-9999,-9999,-9999,-9999,N/A
807,441.067059,441.0670254065304,441.0669511179791,2359249.8,-9999,449044.1,25.29,-1,0.1684291944492854,0.9948658174605458,0,0.5969194904763274,28,0.3225806451612903,0.06451612903225806,N2 O2,de-protonated,0,-9999,C31 H10 O2 N2,31,10,2,2,-9999,-9999,-9999,N/A
807,441.067059,441.0670254065304,441.06730199089907,2359249.8,-9999,449044.1,25.29,-1,-0.6270797391761959,0.9311351131392952,0,0.5586810678835771,5,1.7692307692307692,0.5384615384615384,N4 S2 P1 O7,de-protonated,0,-9999,C13 H23 O7 N4 P1 S2,13,23,7,4,1,2,-9999,N/A
808,441.068384,441.0683504066535,441.06860488825913,7201746,-9999,376860,80.73,-1,-0.5769660383952843,0.926092517684844,0.9439521285882554,0.9332363620462084,23,0.5172413793103449,0.10344827586206896,P1 O3,de-protonated,0,-9999,C29 H15 O3 P1,29,15,3,-9999,1,-9999,-9999,N/A
808,441.068384,441.0683504066535,441.0683335620991,7201746,-9999,376860,80.73,-1,0.0381903508534658,0.9988907116937747,0.9877499826200486,0.9944344200642844,9,1.1578947368421053,0.42105263157894735,S2 O8,de-protonated,0,-9999,C19 H22 O8 S2,19,22,8,-9999,-9999,2,-9999,N/A
808,441.068384,441.0683504066535,441.067953439579,7201746,-9999,376860,80.73,-1,0.9000134136727653,0.8823969977323238,0.9976272931174012,0.9284891158863546,14,0.9047619047619048,0.23809523809523808,N2 S1 P1 O5,de-protonated,0,-9999,C21 H19 O5 N2 P1 S1,21,19,5,2,1,1,-9999,N/A
809,441.069146,441.06911240672434,441.06880159274914,4479698.5,-9999,278704.1,49.57,-1,0.7046836549808064,0.4569182457190837,0.8295321147073604,0.6059637933143944,15,0.7368421052631579,0.47368421052631576,N4 O9,de-protonated,0,-9999,C19 H14 O9 N4,19,14,9,4,-9999,-9999,-9999,N/A
810,441.083586,441.08355240806645,441.0835897033891,3424216,-9999,344712,37.48,-1,-0.08455386584488603,0.998703599757985,0,0.599222159854791,13,0.9565217391304348,0.21739130434782608,S2 O5,de-protonated,0,-9999,C23 H22 O5 S2,23,22,5,-9999,-9999,2,-9999,N/A
810,441.083586,441.08355240806645,441.0832095808691,3424216,-9999,344712,37.48,-1,0.7772392825456442,0.4480903038941045,0.7871578612348809,0.583717326830415,18,0.76,0.08,N2 S1 P1 O2,de-protonated,0,-9999,C25 H19 O2 N2 P1 S1,25,19,2,2,1,1,-9999,N/A
811,441.103487,441.103453409916,441.1038496915791,3906528,-9999,503787.2,43,-1,-0.8983863174623241,0.8637716255809373,0,0.5182629753485624,9,1.1578947368421053,0.631578947368421,O12,de-protonated,0,-9999,C19 H22 O12,19,22,12,-9999,-9999,-9999,-9999,N/A
811,441.103487,441.103453409916,441.1033366273291,3906528,-9999,503787.2,43,-1,0.2647510847795795,0.4936811141387159,0.7428850341668535,0.5933626821499709,27,0.4375,0.03125,N2 O1,de-protonated,0,-9999,C32 H14 O1 N2,32,14,1,2,-9999,-9999,-9999,N/A
811,441.103487,441.103453409916,441.10368750024907,3906528,-9999,503787.2,43,-1,-0.5306923059773682,0.9501815778792282,0,0.5701089467275369,4,1.9285714285714288,0.42857142857142855,N4 S2 P1 O6,de-protonated,0,-9999,C14 H27 O6 N4 P1 S2,14,27,6,4,1,2,-9999,N/A
812,441.104729,441.10469541003147,441.1049903976091,12825568,-9999,312023.7,145.12,-1,-0.6687468607825852,0.9383267906775,0.932620501436846,0.9360442749812384,22,0.6333333333333333,0.06666666666666667,P1 O2,de-protonated,0,-9999,C30 H19 O2 P1,30,19,2,-9999,1,-9999,-9999,N/A
812,441.104729,441.10469541003147,441.1047190714491,12825568,-9999,312023.7,145.12,-1,-0.05364127066829324,0.6657923956981017,0.931472458876528,0.7720644209694723,8,1.3,0.35,S2 O7,de-protonated,0,-9999,C20 H26 O7 S2,20,26,7,-9999,-9999,2,-9999,N/A
812,441.104729,441.10469541003147,441.104338948929,12825568,-9999,312023.7,145.12,-1,0.8081106235507326,0.8660326511026301,0.9853922293873189,0.9137764824165056,13,1.0454545454545454,0.18181818181818185,N2 S1 P1 O4,de-protonated,0,-9999,C22 H23 O4 N2 P1 S1,22,23,4,2,1,1,-9999,N/A
813,441.11999,441.1199564114498,441.11997521273906,2681830.5,-9999,359034.9,28.98,-1,-0.04262171368971115,0.999670432734481,0,0.5998022596406886,12,1.0833333333333333,0.16666666666666666,S2 O4,de-protonated,0,-9999,C24 H26 O4 S2,24,26,4,-9999,-9999,2,-9999,N/A
813,441.11999,441.1199564114498,441.1195950902191,2681830.5,-9999,359034.9,28.98,-1,0.8191003861677332,0.8853798294964798,0,0.5312278976978878,17,0.8846153846153846,0.03846153846153846,N2 S1 P1 O1,de-protonated,0,-9999,C26 H23 O1 N2 P1 S1,26,23,1,2,1,1,-9999,N/A
814,441.141148,441.1411144134162,441.141375906959,12274671,-9999,313841.3,138.81,-1,-0.5927658505306085,0.9310137956972164,0.9355833050256992,0.9328415994286094,21,0.7419354838709677,0.03225806451612903,P1 O1,de-protonated,0,-9999,C31 H23 O1 P1,31,23,1,-9999,1,-9999,-9999,N/A
814,441.141148,441.1411144134162,441.14110458079904,12274671,-9999,313841.3,138.81,-1,0.02228905226960411,0.6665013843830866,0.932035399574757,0.7727149904597548,7,1.4285714285714286,0.2857142857142857,S2 O6,de-protonated,0,-9999,C21 H30 O6 S2,21,30,6,-9999,-9999,2,-9999,N/A
814,441.141148,441.1411144134162,441.14072445827907,12274671,-9999,313841.3,138.81,-1,0.8839699340568018,0.8774684208422465,0.987474223657826,0.9214707419684784,12,1.173913043478261,0.13043478260869565,N2 S1 P1 O3,de-protonated,0,-9999,C23 H27 O3 N2 P1 S1,23,27,3,2,1,1,-9999,N/A
815,441.156399,441.15636541483366,441.156360722089,2129396.8,-9999,339539.2,22.66,-1,0.01063737275742933,0.999979468620704,0,0.5999876811724224,11,1.2,0.12,S2 O3,de-protonated,0,-9999,C25 H30 O3 S2,25,30,3,-9999,-9999,2,-9999,N/A
816,441.176332,441.17629841668617,441.17662071027905,1313788.6,-9999,361503.9,13.32,-1,-0.7305318952953783,0.9077057984916552,0,0.5446234790949931,7,1.4285714285714286,0.47619047619047616,O10,de-protonated,0,-9999,C21 H30 O10,21,30,10,-9999,-9999,-9999,-9999,N/A
816,441.176332,441.17629841668617,441.1764585189491,1313788.6,-9999,361503.9,13.32,-1,-0.3628984726211448,0.976387307883617,0,0.5858323847301702,2,2.1875,0.25,N4 S2 P1 O4,de-protonated,0,-9999,C16 H35 O4 N4 P1 S2,16,35,4,4,1,2,-9999,N/A
817,441.177488,441.1774544167936,441.1774900901491,4501501,-9999,356404.3,49.81,-1,-0.08085941897206766,0.9991910375324752,0.972904668208274,0.9886764898027948,6,1.5454545454545454,0.2272727272727273,S2 O5,de-protonated,0,-9999,C22 H34 O5 S2,22,34,5,-9999,-9999,2,-9999,N/A
817,441.177488,441.1774544167936,441.1771099676291,4501501,-9999,356404.3,49.81,-1,0.7807503079294196,0.8781062566446287,0.9867773098769786,0.9215746779375686,11,1.2916666666666667,0.08333333333333333,N2 S1 P1 O2,de-protonated,0,-9999,C24 H31 O2 N2 P1 S1,24,31,2,2,1,1,-9999,N/A
818,441.203993,441.203959419257,441.2039796207291,6300679.5,-9999,353217.7,70.41,-1,-0.04578714848107677,0.987178751127128,0.986730405387478,0.986999412831268,10,1.36,0.04,N2 S2 O1,de-protonated,0,-9999,C25 H34 O1 N2 S2,25,34,1,2,-9999,2,-9999,N/A
819,442.071676,442.071642499899,442.07195972332914,1610078,-9999,430454.6,16.71,-1,-0.7175832422333548,0.910799409118292,0.9439521285882554,0.9240604969062772,23,0.5357142857142857,0.10714285714285714,13C1 P1 O3,de-protonated,1,808,C28 H15 O3 P1 13C1,28,15,3,-9999,1,-9999,1,N/A
819,442.071676,442.071642499899,442.0716883971691,1610078,-9999,430454.6,16.71,-1,-0.10382313848943069,0.9980460318074448,0.9877499826200486,0.9939276121324864,9,1.2222222222222223,0.4444444444444444,13C1 S2 O8,de-protonated,1,808,C18 H22 O8 S2 13C1,18,22,8,-9999,-9999,2,1,N/A
819,442.071676,442.071642499899,442.0713082746491,1610078,-9999,430454.6,16.71,-1,0.7560437505104117,0.9014808673449692,0.9976272931174012,0.939939437653942,14,0.95,0.25,13C1 N2 S1 P1 O5,de-protonated,1,808,C20 H19 O5 N2 P1 S1 13C1,20,19,5,2,1,1,1,N/A
819,442.071676,442.071642499899,442.0714446202691,1610078,-9999,430454.6,16.71,-1,0.4476191173935988,0.9642973473555296,0,0.5785784084133178,14,0.85,0.35,N3 S1 O7,de-protonated,0,-9999,C20 H17 O7 N3 S1,20,17,7,3,-9999,1,-9999,N/A
820,442.078935,442.0789015005736,442.0788386755891,1237856.9,-9999,319579,12.44,-1,0.14211262568717023,0.9963421688481034,0,0.597805301308862,13,0.9545454545454546,0.2272727272727273,N1 S2 O5,de-protonated,0,-9999,C22 H21 O5 N1 S2,22,21,5,1,-9999,2,-9999,N/A
821,442.108155,442.10812150328934,442.10834523267914,2769772.5,-9999,335642.6,29.98,-1,-0.5060510443073107,0.9545962818627152,0.932620501436846,0.9458059696923676,22,0.6551724137931034,0.06896551724137931,13C1 P1 O2,de-protonated,1,812,C29 H19 O2 P1 13C1,29,19,2,-9999,1,-9999,1,N/A
821,442.108155,442.10812150328934,442.1080739065191,2769772.5,-9999,335642.6,29.98,-1,0.10765867677886728,0.6652660991466086,0.931472458876528,0.7717486430385764,8,1.368421052631579,0.3684210526315789,13C1 S2 O7,de-protonated,1,812,C19 H26 O7 S2 13C1,19,26,7,-9999,-9999,2,1,N/A
821,442.108155,442.10812150328934,442.10848157829906,2769772.5,-9999,335642.6,29.98,-1,-0.8144494501395103,0.4433006114807519,0.7612342259156646,0.5704740572547169,22,0.5862068965517241,0.13793103448275862,N1 O4,de-protonated,0,-9999,C29 H17 O4 N1,29,17,4,1,-9999,-9999,-9999,N/A
821,442.108155,442.10812150328934,442.1076937839991,2769772.5,-9999,335642.6,29.98,-1,0.9674549804752473,0.8438079389697535,0.9853922293873189,0.9004416551367795,13,1.0952380952380951,0.1904761904761905,13C1 N2 S1 P1 O4,de-protonated,1,812,C21 H23 O4 N2 P1 S1 13C1,21,23,4,2,1,1,1,N/A
821,442.108155,442.10812150328934,442.1078301296191,2769772.5,-9999,335642.6,29.98,-1,0.6590556655310925,0.9242127084538754,0,0.5545276250723252,13,1,0.2857142857142857,N3 S1 O6,de-protonated,0,-9999,C21 H21 O6 N3 S1,21,21,6,3,-9999,1,-9999,N/A
822,442.144472,442.1444385066646,442.1447307420291,2817402.8,-9999,416933.7,30.53,-1,-0.6609495583203819,0.923793569227194,0.9355833050256992,0.928509463546596,21,0.7666666666666667,0.03333333333333333,13C1 P1 O1,de-protonated,1,814,C30 H23 O1 P1 13C1,30,23,1,-9999,1,-9999,1,N/A
822,442.144472,442.1444385066646,442.1444594158691,2817402.8,-9999,416933.7,30.53,-1,-0.0472904365919042,0.6663961954197619,0.932035399574757,0.77265187708176,7,1.5,0.3,13C1 S2 O6,de-protonated,1,814,C20 H30 O6 S2 13C1,20,30,6,-9999,-9999,2,1,N/A
822,442.144472,442.1444385066646,442.14486708764906,2817402.8,-9999,416933.7,30.53,-1,-0.9693225374275276,0.42162716155842656,0.7550179348240812,0.5549834708646884,21,0.7,0.1,N1 O3,de-protonated,0,-9999,C30 H21 O3 N1,30,21,3,1,-9999,-9999,-9999,N/A
822,442.144472,442.1444385066646,442.1440792933491,2817402.8,-9999,416933.7,30.53,-1,0.8124349783884155,0.8871286096628868,0.987474223657826,0.9272668552608624,12,1.2272727272727273,0.13636363636363635,13C1 N2 S1 P1 O3,de-protonated,1,814,C22 H27 O3 N2 P1 S1 13C1,22,27,3,2,1,1,1,N/A
822,442.144472,442.1444385066646,442.1442156389691,2817402.8,-9999,416933.7,30.53,-1,0.5040610904476188,0.9549445112057086,0,0.5729667067234251,12,1.1363636363636365,0.2272727272727273,N3 S1 O5,de-protonated,0,-9999,C22 H25 O5 N3 S1,22,25,5,3,-9999,1,-9999,N/A
824,442.1809,442.1808665100502,442.1808449252191,1264521.4,-9999,494924.4,12.75,-1,0.04881448692820766,0.9995677277043044,0.972904668208274,0.9889025039058924,6,1.619047619047619,0.23809523809523808,13C1 S2 O5,de-protonated,1,817,C21 H34 O5 S2 13C1,21,34,5,-9999,-9999,2,1,N/A
824,442.1809,442.1808665100502,442.1812525969991,1264521.4,-9999,494924.4,12.75,-1,-0.8731418319258855,0.8708093232122266,0,0.522485593927336,20,0.8064516129032258,0.06451612903225806,N1 O2,de-protonated,0,-9999,C31 H25 O2 N1,31,25,2,1,-9999,-9999,-9999,N/A
824,442.1809,442.1808665100502,442.18046480269913,1264521.4,-9999,494924.4,12.75,-1,0.9084692405500776,0.8609209681796921,0.9867773098769786,0.9112635048586066,11,1.3478260869565215,0.08695652173913043,13C1 N2 S1 P1 O2,de-protonated,1,817,C23 H31 O2 N2 P1 S1 13C1,23,31,2,2,1,1,1,N/A
824,442.1809,442.1808665100502,442.1806011483191,1264521.4,-9999,494924.4,12.75,-1,0.6001206981444451,0.9367415982980236,0,0.5620449589788142,11,1.2608695652173914,0.17391304347826086,N3 S1 O4,de-protonated,0,-9999,C23 H29 O4 N3 S1,23,29,4,3,-9999,1,-9999,N/A
825,442.207534,442.20750051252554,442.2073344557991,1570963.9,-9999,299340.4,16.26,-1,0.3755178023409678,0.974737830362264,0.986730405387478,0.9795348603723496,10,1.4166666666666667,0.04166666666666666,13C1 N2 S2 O1,de-protonated,1,818,C24 H34 O1 N2 S2 13C1,24,34,1,2,-9999,2,1,N/A
826,443.026647,443.0266135886535,443.02646874914905,2031833.3,-9999,330601.5,21.53,-1,0.326931943517039,0.9807928033768212,0,0.5884756820260928,14,0.7619047619047619,0.3333333333333333,S2 O7,de-protonated,0,-9999,C21 H16 O7 S2,21,16,7,-9999,-9999,2,-9999,N/A
826,443.026647,443.0266135886535,443.0269367797991,2031833.3,-9999,330601.5,21.53,-1,-0.7295067607670244,0.907952347425182,0,0.5447714084551092,20,0.380952380952381,0.380952380952381,N4 O8,de-protonated,0,-9999,C21 H8 O8 N4,21,8,8,4,-9999,-9999,-9999,N/A
827,443.047675,443.04764159060784,443.04786944336905,2451169.5,-9999,344341.6,26.33,-1,-0.5142847464759627,0.9531422267455166,0,0.57188533604731,23,0.4642857142857143,0.14285714285714285,P1 O4,de-protonated,0,-9999,C28 H13 O4 P1,28,13,4,-9999,1,-9999,-9999,N/A
827,443.047675,443.04764159060784,443.04759811720913,2451169.5,-9999,344341.6,26.33,-1,0.09812353997553448,0.9982544956465568,0,0.598952697387934,9,1.1111111111111112,0.5,S2 O9,de-protonated,0,-9999,C18 H20 O9 S2,18,20,9,-9999,-9999,2,-9999,N/A
827,443.047675,443.04764159060784,443.0472179946891,2451169.5,-9999,344341.6,26.33,-1,0.9560965547869033,0.8471597578451909,0,0.5082958547071146,14,0.85,0.3,N2 S1 P1 O6,de-protonated,0,-9999,C20 H17 O6 N2 P1 S1,20,17,6,2,1,1,-9999,N/A
827,443.047675,443.04764159060784,443.04806614785906,2451169.5,-9999,344341.6,26.33,-1,-0.9582645398120868,0.8465220294315553,0,0.5079132176589332,15,0.6666666666666666,0.5555555555555556,N4 O10,de-protonated,0,-9999,C18 H12 O10 N4,18,12,10,4,-9999,-9999,-9999,N/A
828,443.06289,443.06285659202183,443.0631255846591,4293351.5,-9999,350083.6,47.42,-1,-0.6071203440604273,0.467653201850186,0.7428850341668535,0.577745934776853,27,0.40625,0.03125,P1 O1,de-protonated,0,-9999,C32 H13 O1 P1,32,13,1,-9999,1,-9999,-9999,N/A
828,443.06289,443.06285659202183,443.0628542584991,4293351.5,-9999,350083.6,47.42,-1,0.00526679839504761,0.4999974833887787,0.8077896627745539,0.6231143551430889,13,0.9090909090909092,0.2727272727272727,S2 O6,de-protonated,0,-9999,C22 H20 O6 S2,22,20,6,-9999,-9999,2,-9999,N/A
828,443.06289,443.06285659202183,443.06247413597913,4293351.5,-9999,350083.6,47.42,-1,0.8632101904961099,0.436769198722761,0.7939170211058494,0.5796283276759964,18,0.7083333333333334,0.125,N2 S1 P1 O3,de-protonated,0,-9999,C24 H17 O3 N2 P1 S1,24,17,3,2,1,1,-9999,N/A
829,443.084054,443.0840205939888,443.08425495271905,6217456,-9999,295485.7,69.45,-1,-0.5289258816829847,0.4752521685350287,0.7612342259156646,0.589644991487283,22,0.5862068965517241,0.10344827586206896,P1 O3,de-protonated,0,-9999,C29 H17 O3 P1,29,17,3,-9999,1,-9999,-9999,N/A
829,443.084054,443.0840205939888,443.083983626559,6217456,-9999,295485.7,69.45,-1,0.08343210584755756,0.4993688740975851,0.8295321147073604,0.6314341703414952,8,1.263157894736842,0.42105263157894735,S2 O8,de-protonated,0,-9999,C19 H24 O8 S2,19,24,8,-9999,-9999,2,-9999,N/A
829,443.084054,443.0840205939888,443.0836035040391,6217456,-9999,295485.7,69.45,-1,0.941334652054046,0.42573812822058665,0.8149093904448103,0.5814066331102761,13,1,0.23809523809523808,N2 S1 P1 O5,de-protonated,0,-9999,C21 H21 O5 N2 P1 S1,21,21,5,2,1,1,-9999,N/A
829,443.084054,443.0840205939888,443.08445165720906,6217456,-9999,295485.7,69.45,-1,-0.972869209485646,0.4211005090369419,0.8295321147073604,0.5844731513051094,14,0.8421052631578947,0.47368421052631576,N4 O9,de-protonated,0,-9999,C19 H16 O9 N4,19,16,9,4,-9999,-9999,-9999,N/A
830,443.099308,443.09927459540654,443.09923976784904,4923126,-9999,286232,54.63,-1,0.07859990352845347,0.49943982404449466,0.8007932653391621,0.6199812005623616,12,1.0434782608695652,0.21739130434782608,S2 O5,de-protonated,0,-9999,C23 H24 O5 S2,23,24,5,-9999,-9999,2,-9999,N/A
830,443.099308,443.09927459540654,443.0988596453291,4923126,-9999,286232,54.63,-1,0.9364729075255636,0.426443956980991,0.7871578612348809,0.570729518682547,17,0.84,0.08,N2 S1 P1 O2,de-protonated,0,-9999,C25 H21 O2 N2 P1 S1,25,21,2,2,1,1,-9999,N/A
830,443.099308,443.09927459540654,443.0997077984991,4923126,-9999,286232,54.63,-1,-0.9776650377258542,0.4203863609569069,0.8007932653391621,0.572549122709809,18,0.6956521739130435,0.2608695652173913,N4 O6,de-protonated,0,-9999,C23 H16 O6 N4,23,16,6,4,-9999,-9999,-9999,N/A
831,443.119157,443.1191235972513,443.1194997560391,2495230,-9999,520405.5,26.84,-1,-0.8488879140986937,0.877433716567771,0,0.5264602299406625,8,1.263157894736842,0.631578947368421,O12,de-protonated,0,-9999,C19 H24 O12,19,24,12,-9999,-9999,-9999,-9999,N/A
831,443.119157,443.1191235972513,443.1189866917891,2495230,-9999,520405.5,26.84,-1,0.3089586911917035,0.4914144317369918,0.7428850341668535,0.5920026727089365,26,0.5,0.03125,N2 O1,de-protonated,0,-9999,C32 H16 O1 N2,32,16,1,2,-9999,-9999,-9999,N/A
831,443.119157,443.1191235972513,443.11933756470904,2495230,-9999,520405.5,26.84,-1,-0.48286644174013305,0.9585758593575698,0,0.5751455156145419,3,2.0714285714285716,0.42857142857142855,N4 S2 P1 O6,de-protonated,0,-9999,C14 H29 O6 N4 P1 S2,14,29,6,4,1,2,-9999,N/A
832,443.120452,443.12041859737167,443.1206404620691,8085246.5,-9999,307927.2,90.84,-1,-0.500686894669725,0.9425892914563812,0.912862138376837,0.9306984302245634,21,0.7,0.06666666666666667,P1 O2,de-protonated,0,-9999,C30 H21 O2 P1,30,21,2,-9999,1,-9999,-9999,N/A
832,443.120452,443.12041859737167,443.12036913590913,8085246.5,-9999,307927.2,90.84,-1,0.11162082807115783,0.998822314732508,0.9799999419388604,0.991293365615049,7,1.4,0.35,S2 O7,de-protonated,0,-9999,C20 H28 O7 S2,20,28,7,-9999,-9999,2,-9999,N/A
832,443.120452,443.12041859737167,443.1199890133891,8085246.5,-9999,307927.2,90.84,-1,0.9694529545425066,0.8624907906947177,0.9656338663273096,0.9037480209477544,12,1.1363636363636365,0.18181818181818185,N2 S1 P1 O4,de-protonated,0,-9999,C22 H25 O4 N2 P1 S1,22,25,4,2,1,1,-9999,N/A
832,443.120452,443.12041859737167,443.12083716655906,8085246.5,-9999,307927.2,90.84,-1,-0.9445937818339464,0.42526357919937713,0.8221557383861047,0.5840204428740682,13,1,0.4,N4 O8,de-protonated,0,-9999,C20 H20 O8 N4,20,20,8,4,-9999,-9999,-9999,N/A
833,443.134408,443.1343745986687,443.13475589732906,1617156.1,-9999,535201.1,16.78,-1,-0.8604575814803954,0.8742907490865943,0,0.5245744494519565,12,1.0434782608695652,0.391304347826087,O9,de-protonated,0,-9999,C23 H24 O9,23,24,9,-9999,-9999,-9999,-9999,N/A
833,443.134408,443.1343745986687,443.1341044486491,1617156.1,-9999,535201.1,16.78,-1,0.6096349093980127,0.9347873009327292,0,0.5608723805596375,3,1.8666666666666667,0.7333333333333333,N2 S1 O11,de-protonated,0,-9999,C15 H28 O11 N2 S1,15,28,11,2,-9999,1,-9999,N/A
833,443.134408,443.1343745986687,443.13459370599907,1617156.1,-9999,535201.1,16.78,-1,-0.49444871479225616,0.956609047474112,0,0.5739654284844671,7,1.6111111111111112,0.16666666666666666,N4 S2 P1 O3,de-protonated,0,-9999,C18 H29 O3 N4 P1 S2,18,29,3,4,1,2,-9999,N/A
834,443.135656,443.13562259878466,443.1356252771991,4389636.5,-9999,349762.4,48.52,-1,-0.00604423178748282,0.999857134447993,0.9704622968521806,0.988099199409668,11,1.1666666666666667,0.16666666666666666,S2 O4,de-protonated,0,-9999,C24 H28 O4 S2,24,28,4,-9999,-9999,2,-9999,N/A
834,443.135656,443.13562259878466,443.1352451546791,4389636.5,-9999,349762.4,48.52,-1,0.851758260407986,0.8813414744277643,0.98386649744521,0.9223514836347426,16,0.9615384615384616,0.03846153846153846,N2 S1 P1 O1,de-protonated,0,-9999,C26 H25 O1 N2 P1 S1,26,25,1,2,1,1,-9999,N/A
835,443.148779,443.1487456000043,443.14851243676907,1290505.9,-9999,445353.1,13.04,-1,0.526151456437209,0.9510093245315524,0,0.5706055947189315,6,1.5714285714285714,0.1904761904761905,S2 P1 O4,de-protonated,0,-9999,C21 H33 O4 P1 S2,21,33,4,-9999,1,2,-9999,N/A
835,443.148779,443.1487456000043,443.1489804674191,1290505.9,-9999,445353.1,13.04,-1,-0.5299965139400735,0.9503088276354344,0,0.5701852965812606,12,1.1904761904761905,0.23809523809523808,N4 P1 O5,de-protonated,0,-9999,C21 H25 O5 N4 P1,21,25,5,4,1,-9999,-9999,N/A
836,443.156762,443.1567286007463,443.1570259714191,4755213,-9999,374439.5,52.71,-1,-0.6710277742867004,0.4607730844320172,0.7489023467070351,0.5760247893420244,20,0.8064516129032258,0.03225806451612903,P1 O1,de-protonated,0,-9999,C31 H25 O1 P1,31,25,1,-9999,1,-9999,-9999,N/A
836,443.156762,443.1567286007463,443.156754645259,4755213,-9999,374439.5,52.71,-1,-0.05877042940699227,0.4996867396148054,0.8149093904448101,0.6257757999468073,6,1.5238095238095235,0.2857142857142857,S2 O6,de-protonated,0,-9999,C21 H32 O6 S2,21,32,6,-9999,-9999,2,-9999,N/A
836,443.156762,443.1567286007463,443.1563745227391,4755213,-9999,374439.5,52.71,-1,0.7989911181738018,0.4453113279616529,0.8007932653391621,0.5875041029126566,11,1.2608695652173914,0.13043478260869565,N2 S1 P1 O3,de-protonated,0,-9999,C23 H29 O3 N2 P1 S1,23,29,3,2,1,1,-9999,N/A
837,443.172074,443.1720406021694,443.17201078654904,3263763.3,-9999,311297.8,35.63,-1,0.06727776035356194,0.4995895232577106,0.7871578612348809,0.6146168584485787,10,1.28,0.12,S2 O3,de-protonated,0,-9999,C25 H32 O3 S2,25,32,3,-9999,-9999,2,-9999,N/A
837,443.172074,443.1720406021694,443.1724788171991,3263763.3,-9999,311297.8,35.63,-1,-0.988813725240531,0.41871737793192687,0.7871578612348809,0.5660935712531086,16,0.96,0.16,N4 O4,de-protonated,0,-9999,C25 H24 O4 N4,25,24,4,4,-9999,-9999,-9999,N/A
838,444.094512,444.0944786879003,444.09448874004903,1437828,-9999,458565.8,14.73,-1,-0.02263515762380237,0.9999070390212677,0,0.5999442234127605,12,1.0454545454545454,0.2272727272727273,N1 S2 O5,de-protonated,0,-9999,C22 H23 O5 N1 S2,22,23,5,1,-9999,2,-9999,N/A
838,444.094512,444.0944786879003,444.0941086175291,1437828,-9999,458565.8,14.73,-1,0.8333152004956338,0.8816143631404002,0,0.5289686178842401,17,0.8333333333333334,0.08333333333333333,N3 S1 P1 O2,de-protonated,0,-9999,C24 H20 O2 N3 P1 S1,24,20,2,3,1,1,-9999,N/A
839,444.123747,444.1237136906173,444.1239952971391,1515407.6,-9999,318713.2,15.61,-1,-0.6340718465829691,0.929646456574069,0.912862138376837,0.9229327292951762,21,0.7241379310344828,0.06896551724137931,13C1 P1 O2,de-protonated,1,832,C29 H21 O2 P1 13C1,29,21,2,-9999,1,-9999,1,N/A
839,444.123747,444.1237136906173,444.12372397097914,1515407.6,-9999,318713.2,15.61,-1,-0.02314751786458102,0.9999027831437608,0.9799999419388604,0.9919416466618008,7,1.4736842105263157,0.3684210526315789,13C1 S2 O7,de-protonated,1,832,C19 H28 O7 S2 13C1,19,28,7,-9999,-9999,2,1,N/A
839,444.123747,444.1237136906173,444.12413164275904,1515407.6,-9999,318713.2,15.61,-1,-0.9410705520220124,0.8515530681677271,0,0.5109318409006363,21,0.6551724137931034,0.13793103448275862,N1 O4,de-protonated,0,-9999,C29 H19 O4 N1,29,19,4,1,-9999,-9999,-9999,N/A
839,444.123747,444.1237136906173,444.1233438484591,1515407.6,-9999,318713.2,15.61,-1,0.8327464955753788,0.8817659452279135,0.9656338663273096,0.915313113667672,12,1.1904761904761905,0.1904761904761905,13C1 N2 S1 P1 O4,de-protonated,1,832,C21 H25 O4 N2 P1 S1 13C1,21,25,4,2,1,1,1,N/A
839,444.123747,444.1237136906173,444.1234801940791,1515407.6,-9999,318713.2,15.61,-1,0.5257468893845879,0.9510827623310092,0,0.5706496573986055,12,1.0952380952380951,0.2857142857142857,N3 S1 O6,de-protonated,0,-9999,C21 H23 O6 N3 S1,21,23,6,3,-9999,1,-9999,N/A
840,444.138996,444.13896269203457,444.1389801122691,1353109.8,-9999,356905.6,13.75,-1,-0.03922248512747898,0.9997208976913148,0.9704622968521806,0.9880174573556612,11,1.2173913043478262,0.17391304347826086,13C1 S2 O4,de-protonated,1,834,C23 H28 O4 S2 13C1,23,28,4,-9999,-9999,2,1,N/A
840,444.138996,444.13896269203457,444.13938778404906,1353109.8,-9999,356905.6,13.75,-1,-0.9571139740980726,0.8468605966971758,0,0.5081163580183055,25,0.5757575757575758,0.0303030303030303,N1 O1,de-protonated,0,-9999,C33 H19 O1 N1,33,19,1,1,-9999,-9999,-9999,N/A
840,444.138996,444.13896269203457,444.13859998974914,1353109.8,-9999,356905.6,13.75,-1,0.8166421145049463,0.8860260588933937,0.98386649744521,0.92516223431412,16,1,0.04,13C1 N2 S1 P1 O1,de-protonated,1,834,C25 H25 O1 N2 P1 S1 13C1,25,25,1,2,1,1,1,N/A
840,444.138996,444.13896269203457,444.13873633536906,1353109.8,-9999,356905.6,13.75,-1,0.5096530588056796,0.9539627884751354,0,0.5723776730850813,16,0.92,0.12,N3 S1 O3,de-protonated,0,-9999,C25 H23 O3 N3 S1,25,23,3,3,-9999,1,-9999,N/A
840,444.138996,444.13896269203457,444.1388692770991,1353109.8,-9999,356905.6,13.75,-1,0.21032821472142096,0.9920052103446568,0,0.5952031262067942,3,2,0.7857142857142857,N3 P1 O11,de-protonated,0,-9999,C14 H28 O11 N3 P1,14,28,11,3,1,-9999,-9999,N/A
841,444.203692,444.2036586980474,444.20364526809914,3227311.8,-9999,318544.6,35.21,-1,0.03023376413674536,0.4999170775244989,0.7871578612348809,0.6148133910086517,9,1.4,0.08,N1 S2 O2,de-protonated,0,-9999,C25 H35 O2 N1 S2,25,35,2,1,-9999,2,-9999,N/A
842,445.042154,445.0421207759736,445.0423901397691,4899329,-9999,357349.9,52.39,-1,-0.6052542443619685,0.4678452183516215,0.7489023467070351,0.580268069693787,27,0.3548387096774194,0.06451612903225806,P1 O2,de-protonated,0,-9999,C31 H11 O2 P1,31,11,2,-9999,1,-9999,-9999,N/A
842,445.042154,445.0421207759736,445.0421188136091,4899329,-9999,357349.9,52.39,-1,0.00440939047329896,0.499998236074716,0.8149093904448103,0.6259626978227537,13,0.8571428571428571,0.3333333333333333,S2 O7,de-protonated,0,-9999,C21 H18 O7 S2,21,18,7,-9999,-9999,2,-9999,N/A
842,445.042154,445.0421207759736,445.0417386910891,4899329,-9999,357349.9,52.39,-1,0.8585371915307193,0.4374072976246302,0.8007932653391621,0.5827616847104429,18,0.6521739130434783,0.17391304347826086,N2 S1 P1 O4,de-protonated,0,-9999,C23 H15 O4 N2 P1 S1,23,15,4,2,1,1,-9999,N/A
843,445.06332,445.06328677794073,445.0635195078291,2386953.5,-9999,359124.6,24.67,-1,-0.522913872182203,0.9515955923384104,0,0.5709573554030463,22,0.5357142857142857,0.14285714285714285,P1 O4,de-protonated,0,-9999,C28 H15 O4 P1,28,15,4,-9999,1,-9999,-9999,N/A
843,445.06332,445.06328677794073,445.06324818166905,2386953.5,-9999,359124.6,24.67,-1,0.08672086908279382,0.9986363441219634,0,0.5991818064731781,8,1.2222222222222223,0.5,S2 O9,de-protonated,0,-9999,C18 H22 O9 S2,18,22,9,-9999,-9999,2,-9999,N/A
843,445.06332,445.06328677794073,445.0628680591491,2386953.5,-9999,359124.6,24.67,-1,0.9408081907079248,0.8516293597169649,0,0.5109776158301789,13,0.95,0.3,N2 S1 P1 O6,de-protonated,0,-9999,C20 H19 O6 N2 P1 S1,20,19,6,2,1,1,-9999,N/A
843,445.06332,445.06328677794073,445.0637162123191,2386953.5,-9999,359124.6,24.67,-1,-0.9648829206208084,0.8445692417574535,0,0.5067415450544721,14,0.7777777777777778,0.5555555555555556,N4 O10,de-protonated,0,-9999,C18 H14 O10 N4,18,14,10,4,-9999,-9999,-9999,N/A
844,445.078522,445.0784887793536,445.0787756491191,7776783.5,-9999,353763.9,84.15,-1,-0.6445370599184191,0.9406250969047992,0.93469368654036,0.9382525327590234,26,0.46875,0.03125,P1 O1,de-protonated,0,-9999,C32 H15 O1 P1,32,15,1,-9999,1,-9999,-9999,N/A
844,445.078522,445.0784887793536,445.07850432295913,7776783.5,-9999,353763.9,84.15,-1,-0.03492328962832524,0.9990188610550832,0.9995983151480604,0.999250642692274,12,1,0.2727272727272727,S2 O6,de-protonated,0,-9999,C22 H22 O6 S2,22,22,6,-9999,-9999,2,-9999,N/A
844,445.078522,445.0784887793536,445.07812420043905,7776783.5,-9999,353763.9,84.15,-1,0.8191346524291772,0.8671397802656494,0.9857256734793558,0.914574137551132,17,0.7916666666666666,0.125,N2 S1 P1 O3,de-protonated,0,-9999,C24 H19 O3 N2 P1 S1,24,19,3,2,1,1,-9999,N/A
845,445.099761,445.09972778132754,445.0999050171791,3382296.3,-9999,337337.6,35.65,-1,-0.3981934157710739,0.4858198898897757,0.7612342259156646,0.5959856243001312,21,0.6551724137931034,0.10344827586206896,P1 O3,de-protonated,0,-9999,C29 H19 O3 P1,29,19,3,-9999,1,-9999,-9999,N/A
845,445.099761,445.09972778132754,445.09963369101905,3382296.3,-9999,337337.6,35.65,-1,0.21139156577951415,0.991924495994958,0,0.5951546975969748,7,1.368421052631579,0.42105263157894735,S2 O8,de-protonated,0,-9999,C19 H26 O8 S2,19,26,8,-9999,-9999,2,-9999,N/A
845,445.099761,445.09972778132754,445.1001017216691,3382296.3,-9999,337337.6,35.65,-1,-0.8401263897720225,0.8797929143251921,0,0.5278757485951152,13,0.9473684210526316,0.47368421052631576,N4 O9,de-protonated,0,-9999,C19 H18 O9 N4,19,18,9,4,-9999,-9999,-9999,N/A
846,445.113722,445.1136887826251,445.1140204524391,2385438,-9999,520671.3,24.65,-1,-0.7451345020568608,0.9041636337521416,0,0.542498180251285,12,1,0.4545454545454546,O10,de-protonated,0,-9999,C22 H22 O10,22,22,10,-9999,-9999,-9999,-9999,N/A
846,445.113722,445.1136887826251,445.1133690037591,2385438,-9999,520671.3,24.65,-1,0.7184211670169585,0.9106005754299382,0,0.546360345257963,3,1.8571428571428572,0.8571428571428571,N2 S1 O12,de-protonated,0,-9999,C14 H26 O12 N2 S1,14,26,12,2,-9999,1,-9999,N/A
846,445.113722,445.1136887826251,445.1138582611091,2385438,-9999,520671.3,24.65,-1,-0.3807531058660865,0.9740378192753824,0,0.5844226915652294,7,1.588235294117647,0.2352941176470588,N4 S2 P1 O4,de-protonated,0,-9999,C17 H27 O4 N4 P1 S2,17,27,4,4,1,2,-9999,N/A
847,445.114896,445.1148627827342,445.1148898323091,7887390.5,-9999,399797.9,85.37,-1,-0.06076987203595912,0.99877494473643,0.9956330533312826,0.9975181881743712,11,1.1304347826086956,0.21739130434782608,S2 O5,de-protonated,0,-9999,C23 H26 O5 S2,23,26,5,-9999,-9999,2,-9999,N/A
847,445.114896,445.1148627827342,445.1145097097891,7887390.5,-9999,399797.9,85.37,-1,0.7932182334489017,0.8703582331246494,0.9819976492270016,0.9150139995655904,16,0.92,0.08,N2 S1 P1 O2,de-protonated,0,-9999,C25 H23 O2 N2 P1 S1,25,23,2,2,1,1,-9999,N/A
848,445.115746,445.1157127828132,445.1153578629591,5065246.5,-9999,343265.5,54.22,-1,0.7973660037108901,0.8699919183252445,0.92552076494544,0.8922034569733228,17,0.782608695652174,0.2608695652173913,N4 O6,de-protonated,0,-9999,C23 H18 O6 N4,23,18,6,4,-9999,-9999,-9999,N/A
849,445.135989,445.13595578469454,445.1362905265291,2899494.8,-9999,434989.8,30.32,-1,-0.7519985264281317,0.4512396362633456,0.7550179348240813,0.5727509556876399,20,0.7666666666666667,0.06666666666666667,P1 O2,de-protonated,0,-9999,C30 H23 O2 P1,30,23,2,-9999,1,-9999,-9999,N/A
849,445.135989,445.13595578469454,445.13601920036905,2899494.8,-9999,434989.8,30.32,-1,-0.142463588135485,0.9963241130099716,0,0.5977944678059829,6,1.5,0.35,S2 O7,de-protonated,0,-9999,C20 H30 O7 S2,20,30,7,-9999,-9999,2,-9999,N/A
849,445.135989,445.13595578469454,445.1356390778491,2899494.8,-9999,434989.8,30.32,-1,0.7114839111138063,0.912241042717628,0,0.5473446256305768,11,1.2272727272727273,0.18181818181818185,N2 S1 P1 O4,de-protonated,0,-9999,C22 H27 O4 N2 P1 S1,22,27,4,2,1,1,-9999,N/A
850,445.136691,445.1366577847598,445.1362905265291,1726247.1,-9999,284263.2,17.37,-1,0.8250467071016959,0.8838105969264435,0,0.5302863581558661,20,0.7666666666666667,0.06666666666666667,P1 O2,de-protonated,0,-9999,C30 H23 O2 P1,30,23,2,-9999,1,-9999,-9999,N/A
850,445.136691,445.1366577847598,445.1364872310191,1726247.1,-9999,284263.2,17.37,-1,0.38314931620837256,0.9737143594462933,0,0.584228615667776,12,1.1,0.4,N4 O8,de-protonated,0,-9999,C20 H22 O8 N4,20,22,8,4,-9999,-9999,-9999,N/A
851,445.151324,445.1512907861198,445.151275341659,7088685,-9999,348548.2,76.56,-1,0.03469485905786518,0.9998759822954582,0.9796825549309583,0.9917986113496584,10,1.25,0.16666666666666666,S2 O4,de-protonated,0,-9999,C24 H30 O4 S2,24,30,4,-9999,-9999,2,-9999,N/A
851,445.151324,445.1512907861198,445.1508952191391,7088685,-9999,348548.2,76.56,-1,0.8886132431042667,0.8698108972752832,0.993086755523988,0.9191212405747652,15,1.0384615384615383,0.03846153846153846,N2 S1 P1 O1,de-protonated,0,-9999,C26 H27 O1 N2 P1 S1,26,27,1,2,1,1,-9999,N/A
852,445.17249,445.17245678808695,445.1726760358791,1364789.6,-9999,409860.9,13.38,-1,-0.49250055974584794,0.956942844468707,0,0.5741657066812242,19,0.8709677419354839,0.03225806451612903,P1 O1,de-protonated,0,-9999,C31 H27 O1 P1,31,27,1,-9999,1,-9999,-9999,N/A
852,445.17249,445.17245678808695,445.1724047097191,1364789.6,-9999,409860.9,13.38,-1,0.1169847171409723,0.9975198783816768,0,0.5985119270290061,5,1.619047619047619,0.2857142857142857,S2 O6,de-protonated,0,-9999,C21 H34 O6 S2,21,34,6,-9999,-9999,2,-9999,N/A
852,445.17249,445.17245678808695,445.17202458719913,1364789.6,-9999,409860.9,13.38,-1,0.9708626417295388,0.8427972475644673,0,0.5056783485386803,10,1.3478260869565215,0.13043478260869565,N2 S1 P1 O3,de-protonated,0,-9999,C23 H31 O3 N2 P1 S1,23,31,3,2,1,1,-9999,N/A
852,445.17249,445.17245678808695,445.1728727403691,1364789.6,-9999,409860.9,13.38,-1,-0.9343612506735812,0.8534995035607519,0,0.5120997021364511,11,1.238095238095238,0.3333333333333333,N4 O7,de-protonated,0,-9999,C21 H26 O7 N4,21,26,7,4,-9999,-9999,-9999,N/A
853,445.187693,445.18765978949995,445.187660851009,4341307.5,-9999,323204,46.23,-1,-0.00238440823388274,0.9998647392237822,0.9876841181614224,0.9949924907988384,9,1.36,0.12,S2 O3,de-protonated,0,-9999,C25 H34 O3 S2,25,34,3,-9999,-9999,2,-9999,N/A
854,446.073767,446.0737338718511,446.0740246213191,1979810.4,-9999,433558.8,20.17,-1,-0.6517964551415772,0.9258098515687156,0,0.5554859109412293,26,0.4516129032258064,0.03225806451612903,N1 P1 O1,de-protonated,0,-9999,C31 H14 O1 N1 P1,31,14,1,1,1,-9999,-9999,N/A
854,446.073767,446.0737338718511,446.0737532951591,1979810.4,-9999,433558.8,20.17,-1,-0.04354281743830816,0.9996560366420252,0,0.5997936219852151,12,1,0.2857142857142857,N1 S2 O6,de-protonated,0,-9999,C21 H21 O6 N1 S2,21,21,6,1,-9999,2,-9999,N/A
854,446.073767,446.0737338718511,446.0733731726391,1979810.4,-9999,433558.8,20.17,-1,0.8086096002585941,0.8881273534612625,0,0.5328764120767575,17,0.782608695652174,0.13043478260869565,N3 S1 P1 O3,de-protonated,0,-9999,C23 H18 O3 N3 P1 S1,23,18,3,3,1,1,-9999,N/A
855,446.081936,446.08190287261033,446.0821304841891,1845669.8,-9999,490405.1,18.69,-1,-0.5102459014588403,0.953858133945373,0.93469368654036,0.9461923549833676,26,0.4838709677419355,0.03225806451612903,13C1 P1 O1,de-protonated,1,844,C31 H15 O1 P1 13C1,31,15,1,-9999,1,-9999,1,N/A
855,446.081936,446.08190287261033,446.08185915802915,1845669.8,-9999,490405.1,18.69,-1,0.097996769615527,0.9982589990035536,0.9995983151480604,0.9987947254613564,12,1.0476190476190477,0.2857142857142857,13C1 S2 O6,de-protonated,1,844,C21 H22 O6 S2 13C1,21,22,6,-9999,-9999,2,1,N/A
855,446.081936,446.08190287261033,446.08226682980904,1845669.8,-9999,490405.1,18.69,-1,-0.8158970346470387,0.8862216344965854,0,0.5317329806979513,26,0.41935483870967744,0.0967741935483871,N1 O3,de-protonated,0,-9999,C31 H13 O3 N1,31,13,3,1,-9999,-9999,-9999,N/A
855,446.081936,446.08190287261033,446.08147903550906,1845669.8,-9999,490405.1,18.69,-1,0.9501338234946226,0.8489087493243618,0.9857256734793558,0.9036355189863594,17,0.8260869565217391,0.13043478260869565,13C1 N2 S1 P1 O3,de-protonated,1,844,C23 H19 O3 N2 P1 S1 13C1,23,19,3,2,1,1,1,N/A
855,446.081936,446.08190287261033,446.0816153811291,1845669.8,-9999,490405.1,18.69,-1,0.6444817973171608,0.9274040468669116,0,0.5564424281201469,17,0.7391304347826086,0.21739130434782608,N3 S1 O5,de-protonated,0,-9999,C23 H17 O5 N3 S1,23,17,5,3,-9999,1,-9999,N/A
856,446.110129,446.11009587523057,446.11013880450906,1500081.1,-9999,426733.3,14.87,-1,-0.0962302237917359,0.9983211495678296,0,0.5989926897406977,11,1.1363636363636365,0.2272727272727273,N1 S2 O5,de-protonated,0,-9999,C22 H25 O5 N1 S2,22,25,5,1,-9999,2,-9999,N/A
856,446.110129,446.11009587523057,446.1097586819891,1500081.1,-9999,426733.3,14.87,-1,0.755852645809275,0.9015281296750484,0,0.540916877805029,16,0.9166666666666666,0.08333333333333333,N3 S1 P1 O2,de-protonated,0,-9999,C24 H22 O2 N3 P1 S1,24,22,2,3,1,1,-9999,N/A
857,446.118322,446.1182888759921,446.1182446673791,1908660.5,-9999,372345,19.38,-1,0.09909617795469124,0.9982197509036892,0.9956330533312826,0.9971850718747264,11,1.181818181818182,0.2272727272727273,13C1 S2 O5,de-protonated,1,847,C22 H26 O5 S2 13C1,22,26,5,-9999,-9999,2,1,N/A
857,446.118322,446.1182888759921,446.1186523391591,1908660.5,-9999,372345,19.38,-1,-0.8147230902410657,0.886529507728544,0,0.5319177046371264,25,0.53125,0.0625,N1 O2,de-protonated,0,-9999,C32 H17 O2 N1,32,17,2,1,-9999,-9999,-9999,N/A
857,446.118322,446.1182888759921,446.1178645448591,1908660.5,-9999,372345,19.38,-1,0.951163731957224,0.8486071805277254,0.9819976492270016,0.901963368007436,16,0.9583333333333334,0.08333333333333333,13C1 N2 S1 P1 O2,de-protonated,1,847,C24 H23 O2 N2 P1 S1 13C1,24,23,2,2,1,1,1,N/A
857,446.118322,446.1182888759921,446.1180008904791,1908660.5,-9999,372345,19.38,-1,0.6455366346574449,0.9271750916143776,0,0.5563050549686266,16,0.875,0.16666666666666666,N3 S1 O4,de-protonated,0,-9999,C24 H21 O4 N3 S1,24,21,4,3,-9999,1,-9999,N/A
857,446.118322,446.1182888759921,446.1181338322091,1908660.5,-9999,372345,19.38,-1,0.3475397461115918,0.9783223368488174,0,0.5869934021092904,3,2,0.9230769230769232,N3 P1 O12,de-protonated,0,-9999,C13 H26 O12 N3 P1,13,26,12,3,1,-9999,-9999,N/A
857,446.118322,446.1182888759921,446.1187126980291,1908660.5,-9999,372345,19.38,-1,-0.9500207568403526,0.848941843134972,0.92552076494544,0.8795734118591592,17,0.8181818181818182,0.2727272727272727,13C1 N4 O6,de-protonated,1,848,C22 H18 O6 N4 13C1,22,18,6,4,-9999,-9999,1,N/A
858,446.154669,446.1546358793702,446.1546301767291,2074563.3,-9999,370678.9,21.21,-1,0.01278175929218042,0.9999703565559014,0.9796825549309583,0.9918552359059242,10,1.3043478260869563,0.17391304347826086,13C1 S2 O4,de-protonated,1,851,C23 H30 O4 S2 13C1,23,30,4,-9999,-9999,2,1,N/A
858,446.154669,446.1546358793702,446.1550378485091,2074563.3,-9999,370678.9,21.21,-1,-0.900962904865392,0.8630453014989501,0,0.5178271808993701,24,0.6363636363636364,0.0303030303030303,N1 O1,de-protonated,0,-9999,C33 H21 O1 N1,33,21,1,1,-9999,-9999,-9999,N/A
858,446.154669,446.1546358793702,446.1542500542091,2074563.3,-9999,370678.9,21.21,-1,0.864779750532499,0.8731086155552243,0.993086755523988,0.9210998715427298,15,1.08,0.04,13C1 N2 S1 P1 O1,de-protonated,1,851,C25 H27 O1 N2 P1 S1 13C1,25,27,1,2,1,1,1,N/A
858,446.154669,446.1546358793702,446.1543863998291,2074563.3,-9999,370678.9,21.21,-1,0.5591776046307636,0.9448441351125524,0,0.5669064810675314,15,1,0.12,N3 S1 O3,de-protonated,0,-9999,C25 H25 O3 N3 S1,25,25,3,3,-9999,1,-9999,N/A
858,446.154669,446.1546358793702,446.1545193415591,2074563.3,-9999,370678.9,21.21,-1,0.26120504453799726,0.987696421013054,0,0.5926178526078324,2,2.142857142857143,0.7857142857142857,N3 P1 O11,de-protonated,0,-9999,C14 H30 O11 N3 P1,14,30,11,3,1,-9999,-9999,N/A
859,446.191066,446.1910328827528,446.1910156860791,1261522,-9999,367357.3,12.24,-1,0.03854105786085504,0.9997305100558698,0.9876841181614224,0.9949119532980908,9,1.4166666666666667,0.125,13C1 S2 O3,de-protonated,1,853,C24 H34 O3 S2 13C1,24,34,3,-9999,-9999,2,1,N/A
859,446.191066,446.1910328827528,446.19077190917915,1261522,-9999,367357.3,12.24,-1,0.5848923602153333,0.9398138761763642,0,0.5638883257058185,14,1.1153846153846154,0.07692307692307693,N3 S1 O2,de-protonated,0,-9999,C26 H29 O2 N3 S1,26,29,2,3,-9999,1,-9999,N/A
859,446.191066,446.1910328827528,446.1909048509091,1261522,-9999,367357.3,12.24,-1,0.2869440913430577,0.9851711225352482,0,0.5911026735211489,1,2.2666666666666666,0.6666666666666666,N3 P1 O10,de-protonated,0,-9999,C15 H34 O10 N3 P1,15,34,10,3,1,-9999,-9999,N/A
860,447.021449,447.0214159599282,447.02165469487903,2040100.3,-9999,314171.1,20.83,-1,-0.5340567918920291,0.949564151345232,0,0.5697384908071391,27,0.3,0.1,P1 O3,de-protonated,0,-9999,C30 H9 O3 P1,30,9,3,-9999,1,-9999,-9999,N/A
860,447.021449,447.0214159599282,447.021383368719,2040100.3,-9999,314171.1,20.83,-1,0.07290749488041362,0.9990359739700352,0,0.5994215843820212,13,0.8,0.4,S2 O8,de-protonated,0,-9999,C20 H16 O8 S2,20,16,8,-9999,-9999,2,-9999,N/A
860,447.021449,447.0214159599282,447.0210032461991,2040100.3,-9999,314171.1,20.83,-1,0.9232535521516092,0.8567009784284286,0,0.5140205870570571,18,0.5909090909090909,0.2272727272727273,N2 S1 P1 O5,de-protonated,0,-9999,C22 H13 O5 N2 P1 S1,22,13,5,2,1,1,-9999,N/A
860,447.021449,447.0214159599282,447.02185139936904,2040100.3,-9999,314171.1,20.83,-1,-0.9740898335459824,0.8418379277304785,0,0.5051027566382871,19,0.4,0.45,N4 O9,de-protonated,0,-9999,C20 H8 O9 N4,20,8,9,4,-9999,-9999,-9999,N/A
861,447.056595,447.05656196319467,447.0568994981991,2546994.5,-9999,476355.2,26.42,-1,-0.7550157592559726,0.9017349895036298,0,0.5410409937021778,13,0.8,0.6,O12,de-protonated,0,-9999,C20 H16 O12,20,16,12,-9999,-9999,-9999,-9999,N/A
861,447.056595,447.05656196319467,447.05673730686914,2546994.5,-9999,476355.2,26.42,-1,-0.3922179442524236,0.9724728288365034,0,0.5834836973019021,8,1.4,0.4,N4 S2 P1 O6,de-protonated,0,-9999,C15 H21 O6 N4 P1 S2,15,21,6,4,1,2,-9999,N/A
862,447.057864,447.0578309633126,447.0580402042291,7935283,-9999,336536.8,85.89,-1,-0.46803971223653457,0.9660888755792728,0.9241359621586168,0.9493077102110103,26,0.41935483870967744,0.06451612903225806,P1 O2,de-protonated,0,-9999,C31 H13 O2 P1,31,13,2,-9999,1,-9999,-9999,N/A
862,447.057864,447.0578309633126,447.0577688780691,7935283,-9999,336536.8,85.89,-1,0.138875214361563,0.9944969570423704,0.990143005896392,0.9927553765839788,12,0.9523809523809524,0.3333333333333333,S2 O7,de-protonated,0,-9999,C21 H20 O7 S2,21,20,7,-9999,-9999,2,-9999,N/A
862,447.057864,447.0578309633126,447.0573887555491,7935283,-9999,336536.8,85.89,-1,0.989152119247198,0.41866652805661375,0.8007932653391622,0.5715172229696331,17,0.7391304347826086,0.17391304347826086,N2 S1 P1 O4,de-protonated,0,-9999,C23 H17 O4 N2 P1 S1,23,17,4,2,1,1,-9999,N/A
862,447.057864,447.0578309633126,447.0582369087191,7935283,-9999,336536.8,85.89,-1,-0.9080369693274682,0.8703407753656858,0.990143005896392,0.9182616675779682,18,0.5714285714285714,0.380952380952381,N4 O8,de-protonated,0,-9999,C21 H12 O8 N4,21,12,8,4,-9999,-9999,-9999,N/A
863,447.092961,447.0929279665745,447.093285007549,2736449.5,-9999,441731.8,28.51,-1,-0.7985827265498565,0.8907280972937066,0,0.5344368583762239,12,0.9523809523809524,0.5238095238095238,O11,de-protonated,0,-9999,C21 H20 O11,21,20,11,-9999,-9999,-9999,-9999,N/A
863,447.092961,447.0929279665745,447.0931228162191,2736449.5,-9999,441731.8,28.51,-1,-0.43581445257916374,0.9661237785790994,0,0.5796742671474596,7,1.5625,0.3125,N4 S2 P1 O5,de-protonated,0,-9999,C16 H25 O5 N4 P1 S2,16,25,5,4,1,2,-9999,N/A
864,447.094215,447.09418196669105,447.0944257135791,10460482,-9999,361059.7,113.76,-1,-0.5451798859773489,0.9524488427588684,0.9131494949481208,0.9367291036345692,25,0.53125,0.03125,P1 O1,de-protonated,0,-9999,C32 H17 O1 P1,32,17,1,-9999,1,-9999,-9999,N/A
864,447.094215,447.09418196669105,447.09415438741905,10460482,-9999,361059.7,113.76,-1,0.06168560185751903,0.6656281620297556,0.923600349281828,0.7688170369305845,11,1.0909090909090908,0.2727272727272727,S2 O6,de-protonated,0,-9999,C22 H24 O6 S2,22,24,6,-9999,-9999,2,-9999,N/A
864,447.094215,447.09418196669105,447.0937742648991,10460482,-9999,361059.7,113.76,-1,0.9118932435182808,0.8523909267042995,0.9641814818871166,0.8971071487774264,16,0.875,0.125,N2 S1 P1 O3,de-protonated,0,-9999,C24 H21 O3 N2 P1 S1,24,21,3,2,1,1,-9999,N/A
864,447.094215,447.09418196669105,447.0946224180691,10460482,-9999,361059.7,113.76,-1,-0.9851413010917294,0.8468214008906005,0.9780541235558212,0.8993144899566887,17,0.7272727272727273,0.3181818181818182,N4 O7,de-protonated,0,-9999,C22 H16 O7 N4,22,16,7,4,-9999,-9999,-9999,N/A
865,447.13063,447.13059697007543,447.1305398967691,11531601,-9999,324517,125.58,-1,0.127643498330354,0.660212189867096,0.933133982766625,0.7693809070269075,10,1.2173913043478262,0.21739130434782608,S2 O5,de-protonated,0,-9999,C23 H28 O5 S2,23,28,5,-9999,-9999,2,-9999,N/A
865,447.13063,447.13059697007543,447.13015977424914,11531601,-9999,324517,125.58,-1,0.9777820098612472,0.42036891391068865,0.7871578612348809,0.5670844928403656,15,1,0.08,N2 S1 P1 O2,de-protonated,0,-9999,C25 H25 O2 N2 P1 S1,25,25,2,2,1,1,-9999,N/A
865,447.13063,447.13059697007543,447.1310079274191,11531601,-9999,324517,125.58,-1,-0.919098287469968,0.881360378566291,0.998134142354527,0.9280698840815854,16,0.8695652173913043,0.2608695652173913,N4 O6,de-protonated,0,-9999,C23 H20 O6 N4,23,20,6,4,-9999,-9999,-9999,N/A
866,447.165754,447.16572097333983,447.1660560262491,2834783.3,-9999,485850.1,29.6,-1,-0.749280730899286,0.9031476627694682,0,0.541888597661681,10,1.2173913043478262,0.391304347826087,O9,de-protonated,0,-9999,C23 H28 O9,23,28,9,-9999,-9999,-9999,-9999,N/A
866,447.165754,447.16572097333983,447.1654045775691,2834783.3,-9999,485850.1,29.6,-1,0.7075586963376155,0.9131634904783846,0,0.5478980942870307,1,2.1333333333333333,0.7333333333333333,N2 S1 O11,de-protonated,0,-9999,C15 H32 O11 N2 S1,15,32,11,2,-9999,1,-9999,N/A
866,447.165754,447.16572097333983,447.16589383491913,2834783.3,-9999,485850.1,29.6,-1,-0.38657147533956,0.9732490787458736,0,0.5839494472475241,5,1.8333333333333333,0.16666666666666666,N4 S2 P1 O3,de-protonated,0,-9999,C18 H33 O3 N4 P1 S2,18,33,3,4,1,2,-9999,N/A
867,447.167049,447.1670159734602,447.16692540611905,8871264,-9999,326270.4,96.22,-1,0.2025358674825931,0.9934935534979952,0.9956991279196832,0.9943757832666704,9,1.3333333333333333,0.16666666666666666,S2 O4,de-protonated,0,-9999,C24 H32 O4 S2,24,32,4,-9999,-9999,2,-9999,N/A
867,447.167049,447.1670159734602,447.1673934367691,8871264,-9999,326270.4,96.22,-1,-0.844120824626138,0.8754131801354488,0.9956991279196832,0.9235275592491424,15,1,0.20833333333333337,N4 O5,de-protonated,0,-9999,C24 H24 O5 N4,24,24,5,4,-9999,-9999,-9999,N/A
868,447.203433,447.2033999768417,447.2033109154691,4340078.5,-9999,347194.1,46.21,-1,0.19915186318531877,0.49641465614888414,0.7871578612348809,0.6127119381832828,8,1.44,0.12,S2 O3,de-protonated,0,-9999,C25 H36 O3 S2,25,36,3,-9999,-9999,2,-9999,N/A
868,447.203433,447.2033999768417,447.2037789461191,4340078.5,-9999,347194.1,46.21,-1,-0.8474196669026265,0.4389151662089528,0.7871578612348809,0.578212244219324,14,1.12,0.16,N4 O4,de-protonated,0,-9999,C25 H28 O4 N4,25,28,4,4,-9999,-9999,-9999,N/A
869,448.053175,448.0531420558163,448.05328917642913,1257930.9,-9999,413156.2,12.19,-1,-0.3283551675462404,0.9806268449740164,0,0.5883761069844098,26,0.4,0.06666666666666667,N1 P1 O2,de-protonated,0,-9999,C30 H12 O2 N1 P1,30,12,2,1,1,-9999,-9999,N/A
869,448.053175,448.0531420558163,448.0530178502691,1257930.9,-9999,413156.2,12.19,-1,0.2772117188067697,0.9861530957547238,0,0.5916918574528343,12,0.95,0.35,N1 S2 O7,de-protonated,0,-9999,C20 H19 O7 N1 S2,20,19,7,1,-9999,2,-9999,N/A
870,448.061248,448.06121505656654,448.0613950392991,1685966.3,-9999,285049.9,16.92,-1,-0.4016921220036614,0.9711465103774528,0.9241359621586168,0.9523422910899184,26,0.43333333333333335,0.06666666666666667,13C1 P1 O2,de-protonated,1,862,C30 H13 O2 P1 13C1,30,13,2,-9999,1,-9999,1,N/A
870,448.061248,448.06121505656654,448.0611237131391,1685966.3,-9999,285049.9,16.92,-1,0.20386376451705748,0.992487276411501,0.990143005896392,0.9915495682054574,12,1,0.35,13C1 S2 O7,de-protonated,1,862,C20 H20 O7 S2 13C1,20,20,7,-9999,-9999,2,1,N/A
870,448.061248,448.06121505656654,448.0615313849191,1685966.3,-9999,285049.9,16.92,-1,-0.7059931067097909,0.9135302481705194,0,0.5481181489023116,26,0.36666666666666664,0.13333333333333333,N1 O4,de-protonated,0,-9999,C30 H11 O4 N1,30,11,4,1,-9999,-9999,-9999,N/A
870,448.061248,448.06121505656654,448.06087993623913,1685966.3,-9999,285049.9,16.92,-1,0.7479348062123753,0.9034779540250956,0,0.5420867724150572,17,0.6818181818181818,0.2727272727272727,N3 S1 O6,de-protonated,0,-9999,C22 H15 O6 N3 S1,22,15,6,3,-9999,1,-9999,N/A
870,448.061248,448.06121505656654,448.0615917437891,1685966.3,-9999,285049.9,16.92,-1,-0.8407041119138574,0.8796379117329155,0.990143005896392,0.923839949398306,18,0.6,0.4,13C1 N4 O8,de-protonated,1,862,C20 H12 O8 N4 13C1,20,12,8,4,-9999,-9999,1,N/A
871,448.089549,448.0895160591968,448.0896746857791,2097881.8,-9999,351457,21.46,-1,-0.35400633229910294,0.9775173508361538,0,0.5865104105016923,25,0.5161290322580645,0.03225806451612903,N1 P1 O1,de-protonated,0,-9999,C31 H16 O1 N1 P1,31,16,1,1,1,-9999,-9999,N/A
871,448.089549,448.0895160591968,448.08940335961904,2097881.8,-9999,351457,21.46,-1,0.2515113656123323,0.9885875467757332,0,0.5931525280654399,11,1.0952380952380951,0.2857142857142857,N1 S2 O6,de-protonated,0,-9999,C21 H23 O6 N1 S2,21,23,6,1,-9999,2,-9999,N/A
872,448.097594,448.09756105994455,448.0977805486491,2146525.3,-9999,387304.2,22,-1,-0.4898232351788492,0.957399616121468,0.9131494949481208,0.9396995676521293,25,0.5483870967741935,0.03225806451612903,13C1 P1 O1,de-protonated,1,864,C31 H17 O1 P1 13C1,31,17,1,-9999,1,-9999,1,N/A
872,448.097594,448.09756105994455,448.0975092224891,2146525.3,-9999,387304.2,22,-1,0.11568342685123208,0.6650497870912928,0.923600349281828,0.7684700119675067,11,1.1428571428571428,0.2857142857142857,13C1 S2 O6,de-protonated,1,864,C21 H24 O6 S2 13C1,21,24,6,-9999,-9999,2,1,N/A
872,448.097594,448.09756105994455,448.0979168942691,2146525.3,-9999,387304.2,22,-1,-0.7940994838569865,0.8918828838727831,0,0.5351297303236698,25,0.4838709677419355,0.0967741935483871,N1 O3,de-protonated,0,-9999,C31 H15 O3 N1,31,15,3,1,-9999,-9999,-9999,N/A
872,448.097594,448.09756105994455,448.0971290999691,2146525.3,-9999,387304.2,22,-1,0.9639873755176772,0.8448339988728123,0.9641814818871166,0.892572992078534,16,0.9130434782608696,0.13043478260869565,13C1 N2 S1 P1 O3,de-protonated,1,864,C23 H21 O3 N2 P1 S1 13C1,23,21,3,2,1,1,1,N/A
872,448.097594,448.09756105994455,448.0972654455891,2146525.3,-9999,387304.2,22,-1,0.6597102421185201,0.9240679580009284,0,0.554440774800557,16,0.8260869565217391,0.21739130434782608,N3 S1 O5,de-protonated,0,-9999,C23 H19 O5 N3 S1,23,19,5,3,-9999,1,-9999,N/A
872,448.097594,448.09756105994455,448.0979772531391,2146525.3,-9999,387304.2,22,-1,-0.9287995386734372,0.8551057947804296,0.9780541235558212,0.9042851262905862,17,0.7619047619047619,0.3333333333333333,13C1 N4 O7,de-protonated,1,864,C21 H16 O7 N4 13C1,21,16,7,4,-9999,-9999,1,N/A
873,448.125869,448.1258360625724,448.1257888689691,1812712.8,-9999,301463.5,18.31,-1,0.10531329485744254,0.9979895961405248,0,0.5987937576843149,10,1.2272727272727273,0.2272727272727273,N1 S2 O5,de-protonated,0,-9999,C22 H27 O5 N1 S2,22,27,5,1,-9999,2,-9999,N/A
873,448.125869,448.1258360625724,448.1254087464491,1812712.8,-9999,301463.5,18.31,-1,0.95356370106887,0.8479035917264623,0,0.5087421550358774,15,1,0.08333333333333333,N3 S1 P1 O2,de-protonated,0,-9999,C24 H24 O2 N3 P1 S1,24,24,2,3,1,1,-9999,N/A
874,448.134063,448.134030063334,448.1338947318391,2902252.3,-9999,332419.3,30.34,-1,0.30198897346739517,0.6557256816811824,0.933133982766625,0.7666890021153594,10,1.2727272727272727,0.2272727272727273,13C1 S2 O5,de-protonated,1,865,C22 H28 O5 S2 13C1,22,28,5,-9999,-9999,2,1,N/A
874,448.134063,448.134030063334,448.1343024036191,2902252.3,-9999,332419.3,30.34,-1,-0.6077202384346552,0.4675913656055467,0.7428850341668535,0.5777088330300694,24,0.59375,0.0625,N1 O2,de-protonated,0,-9999,C32 H19 O2 N1,32,19,2,1,-9999,-9999,-9999,N/A
874,448.134063,448.134030063334,448.133650954939,2902252.3,-9999,332419.3,30.34,-1,0.8459717186771393,0.8782209676436983,0,0.526932580586219,15,0.9583333333333334,0.16666666666666666,N3 S1 O4,de-protonated,0,-9999,C24 H23 O4 N3 S1,24,23,4,3,-9999,1,-9999,N/A
874,448.134063,448.134030063334,448.1337838966691,2902252.3,-9999,332419.3,30.34,-1,0.54931512351277,0.9467202691219976,0,0.5680321614731985,2,2.1538461538461537,0.9230769230769232,N3 P1 O12,de-protonated,0,-9999,C13 H28 O12 N3 P1,13,28,12,3,1,-9999,-9999,N/A
874,448.134063,448.134030063334,448.1343627624891,2902252.3,-9999,332419.3,30.34,-1,-0.7424093816119423,0.9048289315464052,0.998134142354527,0.942151015869654,16,0.9090909090909092,0.2727272727272727,13C1 N4 O6,de-protonated,1,865,C22 H20 O6 N4 13C1,22,20,6,4,-9999,-9999,1,N/A
875,448.170392,448.1703590667103,448.1702802411891,2363643,-9999,360259.1,24.39,-1,0.17588297277915577,0.9944026414428798,0.9956991279196832,0.9949212360336012,9,1.391304347826087,0.17391304347826086,13C1 S2 O4,de-protonated,1,867,C23 H32 O4 S2 13C1,23,32,4,-9999,-9999,2,1,N/A
875,448.170392,448.1703590667103,448.1706879129691,2363643,-9999,360259.1,24.39,-1,-0.733752268102952,0.9069294715286876,0,0.5441576829172126,23,0.696969696969697,0.0303030303030303,N1 O1,de-protonated,0,-9999,C33 H23 O1 N1,33,23,1,1,-9999,-9999,-9999,N/A
875,448.170392,448.1703590667103,448.1700364642891,2363643,-9999,360259.1,24.39,-1,0.7198214850276965,0.9102678689679596,0,0.5461607213807756,14,1.08,0.12,N3 S1 O3,de-protonated,0,-9999,C25 H27 O3 N3 S1,25,27,3,3,-9999,1,-9999,N/A
875,448.170392,448.1703590667103,448.1701694060191,2363643,-9999,360259.1,24.39,-1,0.423189012014976,0.9680268515594278,0,0.5808161109356567,1,2.2857142857142856,0.7857142857142857,N3 P1 O11,de-protonated,0,-9999,C14 H32 O11 N3 P1,14,32,11,3,1,-9999,-9999,N/A
875,448.170392,448.1703590667103,448.1707482718391,2363643,-9999,360259.1,24.39,-1,-0.8684304593378194,0.8721067689068301,0.9956991279196832,0.9215437125119714,15,1.0434782608695652,0.21739130434782608,13C1 N4 O5,de-protonated,1,867,C23 H24 O5 N4 13C1,23,24,5,4,-9999,-9999,1,N/A
876,449.037096,449.0370631472614,449.03730475933907,5289056.5,-9999,359174,56.68,-1,-0.5380668267693649,0.47441184553174337,0.7550179348240813,0.5866542812486786,26,0.36666666666666664,0.1,P1 O3,de-protonated,0,-9999,C30 H11 O3 P1,30,11,3,-9999,1,-9999,-9999,N/A
876,449.037096,449.0370631472614,449.03703343317903,5289056.5,-9999,359174,56.68,-1,0.06617289921923503,0.49960288925538926,0.8221557383861047,0.6286240289076754,12,0.9,0.4,S2 O8,de-protonated,0,-9999,C20 H18 O8 S2,20,18,8,-9999,-9999,2,-9999,N/A
876,449.037096,449.0370631472614,449.0366533106591,5289056.5,-9999,359174,56.68,-1,0.9127018902610116,0.4298588304887474,0.8077896627745539,0.58103116340307,17,0.6818181818181818,0.2272727272727273,N2 S1 P1 O5,de-protonated,0,-9999,C22 H15 O5 N2 P1 S1,22,15,5,2,1,1,-9999,N/A
876,449.037096,449.0370631472614,449.0375014638291,5289056.5,-9999,359174,56.68,-1,-0.9761246360325382,0.4206159931801456,0.8221557383861047,0.5812318912625293,18,0.5,0.45,N4 O9,de-protonated,0,-9999,C20 H10 O9 N4,20,10,9,4,-9999,-9999,-9999,N/A
877,449.073553,449.0735201506496,449.0736902686891,10987632,-9999,330065.4,119.57,-1,-0.3788198755882235,0.9705972223018556,0.9306298498903842,0.954610273337267,25,0.4838709677419355,0.06451612903225806,P1 O2,de-protonated,0,-9999,C31 H15 O2 P1,31,15,2,-9999,1,-9999,-9999,N/A
877,449.073553,449.0735201506496,449.07341894252914,10987632,-9999,330065.4,119.57,-1,0.2253709888595821,0.9419819846210878,0.9766865040251708,0.955863792382721,11,1.0476190476190477,0.3333333333333333,S2 O7,de-protonated,0,-9999,C21 H22 O7 S2,21,22,7,-9999,-9999,2,-9999,N/A
877,449.073553,449.0735201506496,449.073886973179,10987632,-9999,330065.4,119.57,-1,-0.8168422615296913,0.8894895954525541,0.9444182299376837,0.911461049246606,17,0.6666666666666666,0.380952380952381,N4 O8,de-protonated,0,-9999,C21 H14 O8 N4,21,14,8,4,-9999,-9999,-9999,N/A
878,449.1086,449.1085671539069,449.1089350720091,3922046,-9999,436476.2,41.59,-1,-0.8192179524114601,0.4426744434484191,0.8149093904448103,0.5915684222469756,11,1.0476190476190477,0.5238095238095238,O11,de-protonated,0,-9999,C21 H22 O11,21,22,11,-9999,-9999,-9999,-9999,N/A
878,449.1086,449.1085671539069,449.1087728806791,3922046,-9999,436476.2,41.59,-1,-0.458077830206714,0.9626413761841406,0,0.5775848257104843,6,1.6875,0.3125,N4 S2 P1 O5,de-protonated,0,-9999,C16 H27 O5 N4 P1 S2,16,27,5,4,1,2,-9999,N/A
879,449.109889,449.1098561540267,449.11007577803906,13867135,-9999,368277.9,151.35,-1,-0.48902045220170975,0.9671012511164742,0.9133091935347954,0.9455844280838026,24,0.59375,0.03125,P1 O1,de-protonated,0,-9999,C32 H19 O1 P1,32,19,1,-9999,1,-9999,-9999,N/A
879,449.109889,449.1098561540267,449.1098044518791,13867135,-9999,368277.9,151.35,-1,0.11512139596449036,0.6623405663177517,0.9237600478685026,0.7669083589380521,10,1.181818181818182,0.2727272727272727,S2 O6,de-protonated,0,-9999,C22 H26 O6 S2,22,26,6,-9999,-9999,2,-9999,N/A
879,449.109889,449.1098561540267,449.1094243293591,13867135,-9999,368277.9,151.35,-1,0.9615132620419892,0.4227822965273276,0.7939170211058494,0.5712361863587363,15,0.9583333333333334,0.125,N2 S1 P1 O3,de-protonated,0,-9999,C24 H23 O3 N2 P1 S1,24,23,3,2,1,1,-9999,N/A
879,449.109889,449.1098561540267,449.1102724825291,13867135,-9999,368277.9,151.35,-1,-0.92700730292642,0.8732847335733036,0.978213822142496,0.9152563690009804,16,0.8181818181818182,0.3181818181818182,N4 O7,de-protonated,0,-9999,C22 H18 O7 N4,22,18,7,4,-9999,-9999,-9999,N/A
880,449.12106,449.1210271550649,449.1210378411691,1387651.3,-9999,502947.3,13.62,-1,-0.02379337258690402,0.9998972827146226,0,0.5999383696287736,10,1.238095238095238,0.23809523809523808,N2 S2 O5,de-protonated,0,-9999,C21 H26 O5 N2 S2,21,26,5,2,-9999,2,-9999,N/A
880,449.12106,449.1210271550649,449.1206577186491,1387651.3,-9999,502947.3,13.62,-1,0.8225772059951499,0.8844633375916182,0,0.5306780025549709,15,1,0.08695652173913043,N4 S1 P1 O2,de-protonated,0,-9999,C23 H23 O2 N4 P1 S1,23,23,2,4,1,1,-9999,N/A
881,449.146318,449.1462851574123,449.146189961229,16291982,-9999,337891.4,178.11,-1,0.2119492171272632,0.6594424038866763,0.9222973429736798,0.7645843795214777,9,1.3043478260869563,0.21739130434782608,S2 O5,de-protonated,0,-9999,C23 H30 O5 S2,23,30,5,-9999,-9999,2,-9999,N/A
881,449.146318,449.1462851574123,449.1466579918791,16291982,-9999,337891.4,178.11,-1,-0.8300951596216208,0.8908047829439496,0.9758431992542188,0.9248201494680572,15,0.9565217391304348,0.2608695652173913,N4 O6,de-protonated,0,-9999,C23 H22 O6 N4,23,22,6,4,-9999,-9999,-9999,N/A
882,449.151014,449.1509811578488,449.1506807438791,2171791.8,-9999,346756.7,22.27,-1,0.6688489688698225,0.9220344492187116,0,0.553220669531227,19,0.7857142857142857,0.14285714285714285,N2 O4,de-protonated,0,-9999,C28 H22 O4 N2,28,22,4,2,-9999,-9999,-9999,N/A
883,449.181412,449.181379160674,449.18170609070904,2798748.3,-9999,468405.4,29.19,-1,-0.7278347061131071,0.908353883611382,0,0.5450123301668292,9,1.3043478260869563,0.391304347826087,O9,de-protonated,0,-9999,C23 H30 O9,23,30,9,-9999,-9999,-9999,-9999,N/A
883,449.181412,449.181379160674,449.1810546420291,2798748.3,-9999,468405.4,29.19,-1,0.7224673470717723,0.9096377941413591,0,0.5457826764848155,0,2.2666666666666666,0.7333333333333333,N2 S1 O11,de-protonated,0,-9999,C15 H34 O11 N2 S1,15,34,11,2,-9999,1,-9999,N/A
883,449.181412,449.181379160674,449.1815438993792,2798748.3,-9999,468405.4,29.19,-1,-0.3667530587657088,0.9758891598768856,0,0.5855334959261312,4,1.9444444444444444,0.16666666666666666,N4 S2 P1 O3,de-protonated,0,-9999,C18 H35 O3 N4 P1 S2,18,35,3,4,1,2,-9999,N/A
884,449.182688,449.1826551607926,449.1825754705791,8022172.5,-9999,245209.2,86.84,-1,0.1774116314000917,0.9964739840660825,0.9741964662843864,0.987562976953404,8,1.4166666666666667,0.16666666666666666,S2 O4,de-protonated,0,-9999,C24 H34 O4 S2,24,34,4,-9999,-9999,2,-9999,N/A
884,449.182688,449.1826551607926,449.18304350122906,8022172.5,-9999,245209.2,86.84,-1,-0.8645482996104734,0.8857900248373114,0.9516222133636948,0.9121229002478648,14,1.0833333333333333,0.20833333333333337,N4 O5,de-protonated,0,-9999,C24 H26 O5 N4,24,26,5,4,-9999,-9999,-9999,N/A
885,449.219088,449.2190551641756,449.218960979929,2477739.8,-9999,397581.1,25.65,-1,0.2096622243151668,0.9920555588032666,0,0.5952333352819599,7,1.52,0.12,S2 O3,de-protonated,0,-9999,C25 H38 O3 S2,25,38,3,-9999,-9999,2,-9999,N/A
885,449.219088,449.2190551641756,449.21942901057906,2477739.8,-9999,397581.1,25.65,-1,-0.8322133446013852,0.8819079804633296,0,0.5291447882779977,13,1.2,0.16,N4 O4,de-protonated,0,-9999,C25 H30 O4 N4,25,30,4,4,-9999,-9999,-9999,N/A
887,450.068759,450.06872624314354,450.0689392408891,1762316.5,-9999,340033.4,17.75,-1,-0.4732558214816581,0.9601754441557072,0,0.5761052664934243,25,0.4666666666666667,0.06666666666666667,N1 P1 O2,de-protonated,0,-9999,C30 H14 O2 N1 P1,30,14,2,1,1,-9999,-9999,N/A
887,450.068759,450.06872624314354,450.06866791472913,1762316.5,-9999,340033.4,17.75,-1,0.12959892249683547,0.99695704869922,0,0.598174229219532,11,1.05,0.35,N1 S2 O7,de-protonated,0,-9999,C20 H21 O7 N1 S2,20,21,7,1,-9999,2,-9999,N/A
887,450.068759,450.06872624314354,450.0682877922091,1762316.5,-9999,340033.4,17.75,-1,0.9741875762672888,0.8418088399867917,0,0.505085303992075,16,0.8181818181818182,0.18181818181818185,N3 S1 P1 O4,de-protonated,0,-9999,C22 H18 O4 N3 P1 S1,22,18,4,3,1,1,-9999,N/A
888,450.076884,450.0768512438987,450.07704510375913,2440207.8,-9999,392022.6,25.23,-1,-0.43072594464862474,0.966897063632172,0.9306298498903842,0.9523901781354568,25,0.5,0.06666666666666667,13C1 P1 O2,de-protonated,1,877,C30 H15 O2 P1 13C1,30,15,2,-9999,1,-9999,1,N/A
888,450.076884,450.0768512438987,450.0767737775992,2440207.8,-9999,392022.6,25.23,-1,0.17211796758137368,0.9432529498101966,0.9766865040251708,0.9566263714961862,11,1.1,0.35,13C1 S2 O7,de-protonated,1,877,C20 H22 O7 S2 13C1,20,22,7,-9999,-9999,2,1,N/A
888,450.076884,450.0768512438987,450.07718144937905,2440207.8,-9999,392022.6,25.23,-1,-0.7336641223958658,0.9069507571813556,0,0.5441704543088133,25,0.43333333333333335,0.13333333333333333,N1 O4,de-protonated,0,-9999,C30 H13 O4 N1,30,13,4,1,-9999,-9999,-9999,N/A
888,450.076884,450.0768512438987,450.0765300006991,2440207.8,-9999,392022.6,25.23,-1,0.7137523914145897,0.9117060375931706,0,0.5470236225559023,16,0.7727272727272727,0.2727272727272727,N3 S1 O6,de-protonated,0,-9999,C22 H17 O6 N3 S1,22,17,6,3,-9999,1,-9999,N/A
888,450.076884,450.0768512438987,450.0772418082491,2440207.8,-9999,392022.6,25.23,-1,0.7897215986481086,0.8930056915528707,0.9444182299376837,0.9135707069067958,17,0.7,0.4,13C1 N4 O8,de-protonated,1,877,C20 H14 O8 N4 13C1,20,14,8,4,-9999,-9999,1,N/A
889,450.07763,450.077597243968,450.07718144937905,1634704.1,-9999,355166.9,16.34,-1,0.9238295254317244,0.8565356186277062,0,0.5139213711766237,25,0.43333333333333335,0.13333333333333333,N1 O4,de-protonated,0,-9999,C30 H13 O4 N1,30,13,4,1,-9999,-9999,-9999,N/A
889,450.07763,450.077597243968,450.0775323222991,1634704.1,-9999,355166.9,16.34,-1,0.14424552273826757,0.9962317564825932,0,0.5977390538895558,2,2.1666666666666665,0.75,N3 S2 P1 O9,de-protonated,0,-9999,C12 H26 O9 N3 P1 S2,12,26,9,3,1,2,-9999,N/A
889,450.07763,450.077597243968,450.0772418082491,1634704.1,-9999,355166.9,16.34,-1,0.7897215986481086,0.8930056915528707,0.9444182299376837,0.9135707069067958,17,0.7,0.4,13C1 N4 O8,de-protonated,1,877,C20 H14 O8 N4 13C1,20,14,8,4,-9999,-9999,1,N/A
890,450.105251,450.1052182465351,450.1053247502391,1681179.6,-9999,261038.8,16.85,-1,-0.23661951577321405,0.9898923359378384,0,0.593935401562703,24,0.5806451612903226,0.03225806451612903,N1 P1 O1,de-protonated,0,-9999,C31 H18 O1 N1 P1,31,18,1,1,1,-9999,-9999,N/A
890,450.105251,450.1052182465351,450.1050534240791,1681179.6,-9999,261038.8,16.85,-1,0.3661866375167419,0.9759626752999604,0,0.5855776051799763,10,1.1904761904761905,0.2857142857142857,N1 S2 O6,de-protonated,0,-9999,C21 H25 O6 N1 S2,21,25,6,1,-9999,2,-9999,N/A
891,450.113301,450.11326824728326,450.1134306131091,2848799,-9999,305245.5,29.74,-1,-0.36072201976788776,0.9766663682306403,0.9133091935347954,0.9513234983523025,24,0.6129032258064516,0.03225806451612903,13C1 P1 O1,de-protonated,1,879,C31 H19 O1 P1 13C1,31,19,1,-9999,1,-9999,1,N/A
891,450.113301,450.11326824728326,450.1131592869491,2848799,-9999,305245.5,29.74,-1,0.24207320282640432,0.6596156918026052,0.9237600478685026,0.7652734342289642,10,1.238095238095238,0.2857142857142857,13C1 S2 O6,de-protonated,1,879,C21 H26 O6 S2 13C1,21,26,6,-9999,-9999,2,1,N/A
891,450.113301,450.11326824728326,450.1135669587291,2848799,-9999,305245.5,29.74,-1,-0.6636357305754673,0.4615986774793148,0.748902346707035,0.576520145170403,24,0.5483870967741935,0.0967741935483871,N1 O3,de-protonated,0,-9999,C31 H17 O3 N1,31,17,3,1,-9999,-9999,-9999,N/A
891,450.113301,450.11326824728326,450.1129155100491,2848799,-9999,305245.5,29.74,-1,0.78366388076777,0.89455140087881,0,0.536730840527286,15,0.9130434782608696,0.21739130434782608,N3 S1 O5,de-protonated,0,-9999,C23 H21 O5 N3 S1,23,21,5,3,-9999,1,-9999,N/A
891,450.113301,450.11326824728326,450.11362731759914,2848799,-9999,305245.5,29.74,-1,-0.7977326036994491,0.890947454964137,0.978213822142496,0.9258540018354806,16,0.8571428571428571,0.3333333333333333,13C1 N4 O7,de-protonated,1,879,C21 H18 O7 N4 13C1,21,18,7,4,-9999,-9999,1,N/A
892,450.141579,450.14154624991136,450.14143893342913,1755690.8,-9999,318842.1,17.68,-1,0.23840613848616649,0.9897399102137786,0,0.5938439461282672,9,1.318181818181818,0.2272727272727273,N1 S2 O5,de-protonated,0,-9999,C22 H29 O5 N1 S2,22,29,5,1,-9999,2,-9999,N/A
894,450.149701,450.14966825066625,450.1495447962991,3457070.3,-9999,263351.3,36.45,-1,0.27425189824781104,0.657630136410574,0.9222973429736798,0.7634970190358163,9,1.3636363636363635,0.2272727272727273,13C1 S2 O5,de-protonated,1,881,C22 H30 O5 S2 13C1,22,30,5,-9999,-9999,2,1,N/A
894,450.149701,450.14966825066625,450.1499524680791,3457070.3,-9999,263351.3,36.45,-1,-0.631383856193373,0.4651102074342987,0.7428850341668535,0.5762201381273206,23,0.65625,0.0625,N1 O2,de-protonated,0,-9999,C32 H21 O2 N1,32,21,2,1,-9999,-9999,-9999,N/A
894,450.149701,450.14966825066625,450.1493010193991,3457070.3,-9999,263351.3,36.45,-1,0.8157988167852361,0.4431237027751246,0.7939170211058493,0.5834410301074144,14,1.0416666666666667,0.16666666666666666,N3 S1 O4,de-protonated,0,-9999,C24 H25 O4 N3 S1,24,25,4,3,-9999,1,-9999,N/A
894,450.149701,450.14966825066625,450.1494339611291,3457070.3,-9999,263351.3,36.45,-1,0.5204705804016054,0.9520358697391018,0,0.5712215218434611,1,2.3076923076923075,0.9230769230769232,N3 P1 O12,de-protonated,0,-9999,C13 H30 O12 N3 P1,13,30,12,3,1,-9999,-9999,N/A
894,450.149701,450.14966825066625,450.15001282694914,3457070.3,-9999,263351.3,36.45,-1,-0.7654698946262404,0.8991379589905754,0.9758431992542188,0.9298200550960328,15,1,0.2727272727272727,13C1 N4 O6,de-protonated,1,881,C22 H22 O6 N4 13C1,22,22,6,4,-9999,-9999,1,N/A
895,450.186002,450.18596925404,450.1859303056491,2421821.3,-9999,418217,25.03,-1,0.08651623315383457,0.9986427678240388,0.9741964662843864,0.988864247208178,8,1.4782608695652173,0.17391304347826086,13C1 S2 O4,de-protonated,1,884,C23 H34 O4 S2 13C1,23,34,4,-9999,-9999,2,1,N/A
895,450.186002,450.18596925404,450.1863379774291,2421821.3,-9999,418217,25.03,-1,-0.8190461548833576,0.4426970508263638,0.7369636471990461,0.5604036893754367,22,0.7575757575757576,0.0303030303030303,N1 O1,de-protonated,0,-9999,C33 H25 O1 N1,33,25,1,1,-9999,-9999,-9999,N/A
895,450.186002,450.18596925404,450.1856865287491,2421821.3,-9999,418217,25.03,-1,0.628019280276595,0.9309359018967572,0,0.5585615411380542,13,1.16,0.12,N3 S1 O3,de-protonated,0,-9999,C25 H29 O3 N3 S1,25,29,3,3,-9999,1,-9999,N/A
895,450.186002,450.18596925404,450.1858194704791,2421821.3,-9999,418217,25.03,-1,0.3327149688777602,0.9801141509087896,0,0.5880684905452738,0,2.4285714285714284,0.7857142857142857,N3 P1 O11,de-protonated,0,-9999,C14 H34 O11 N3 P1,14,34,11,3,1,-9999,-9999,N/A
895,450.186002,450.18596925404,450.1863983362991,2421821.3,-9999,418217,25.03,-1,0.7683879706583316,0.8984080217218525,0.9516222133636948,0.9196936983785894,14,1.1304347826086956,0.21739130434782608,13C1 N4 O5,de-protonated,1,884,C23 H26 O5 N4 13C1,23,26,5,4,-9999,-9999,1,N/A
896,450.186777,450.1867442541121,450.1863379774291,1502013.6,-9999,366877.3,14.88,-1,0.902463377352034,0.8626216514731764,0,0.5175729908839058,22,0.7575757575757576,0.0303030303030303,N1 O1,de-protonated,0,-9999,C33 H25 O1 N1,33,25,1,1,-9999,-9999,-9999,N/A
896,450.186777,450.1867442541121,450.1863983362991,1502013.6,-9999,366877.3,14.88,-1,0.7683879706583316,0.8984080217218525,0.9516222133636948,0.9196936983785894,14,1.1304347826086956,0.21739130434782608,13C1 N4 O5,de-protonated,1,884,C23 H26 O5 N4 13C1,23,26,5,4,-9999,-9999,1,N/A
897,451.016384,451.01635133121533,451.01656931444904,1329816,-9999,452352.4,12.97,-1,-0.48331535589018576,0.9585004221901788,0,0.5751002533141073,26,0.3103448275862069,0.13793103448275862,P1 O4,de-protonated,0,-9999,C29 H9 O4 P1,29,9,4,-9999,1,-9999,-9999,N/A
897,451.016384,451.01635133121533,451.01629798828907,1329816,-9999,452352.4,12.97,-1,0.11827272429512492,0.9974650348904858,0,0.5984790209342914,12,0.8421052631578947,0.47368421052631576,S2 O9,de-protonated,0,-9999,C19 H16 O9 S2,19,16,9,-9999,-9999,2,-9999,N/A
897,451.016384,451.01635133121533,451.0159178657691,1329816,-9999,452352.4,12.97,-1,0.9610868021834802,0.8456903986722797,0,0.5074142392033678,17,0.6190476190476191,0.2857142857142857,N2 S1 P1 O6,de-protonated,0,-9999,C21 H13 O6 N2 P1 S1,21,13,6,2,1,1,-9999,N/A
897,451.016384,451.01635133121533,451.01676601893905,1329816,-9999,452352.4,12.97,-1,-0.9194507942119048,0.8577909459567722,0,0.5146745675740633,18,0.42105263157894735,0.5263157894736842,N4 O10,de-protonated,0,-9999,C19 H8 O10 N4,19,8,10,4,-9999,-9999,-9999,N/A
898,451.052792,451.05275933459905,451.0529548237991,8758183,-9999,325965.4,94.95,-1,-0.4334063172892878,0.9531905492245044,0.9256234642297718,0.9421637152266114,25,0.43333333333333335,0.1,P1 O3,de-protonated,0,-9999,C30 H13 O3 P1,30,13,3,-9999,1,-9999,-9999,N/A
898,451.052792,451.05275933459905,451.05268349763907,8758183,-9999,325965.4,94.95,-1,0.16813326414843627,0.9974195498464272,0.9927612677917952,0.9955562370245744,11,1,0.4,S2 O8,de-protonated,0,-9999,C20 H20 O8 S2,20,20,8,-9999,-9999,2,-9999,N/A
898,451.052792,451.05275933459905,451.0531515282891,8758183,-9999,325965.4,94.95,-1,-0.8695065952475701,0.43590543240975294,0.8221557383861047,0.5904055548002937,17,0.6,0.45,N4 O9,de-protonated,0,-9999,C20 H12 O9 N4,20,12,9,4,-9999,-9999,-9999,N/A
899,451.055049,451.0550163348088,451.0551854210891,1319976.1,-9999,336614.2,12.86,-1,-0.3748682772932076,0.9748240371626627,0,0.5848944222975976,7,1.25,0.8125,S1 O13,de-protonated,0,-9999,C16 H20 O13 S1,16,20,13,-9999,-9999,1,-9999,N/A
899,451.055049,451.0550163348088,451.0546723568391,1319976.1,-9999,336614.2,12.86,-1,0.7626081508870964,0.8998516804411171,0,0.5399110082646702,25,0.41379310344827586,0.06896551724137931,N2 S1 O2,de-protonated,0,-9999,C29 H12 O2 N2 S1,29,12,2,2,-9999,1,-9999,N/A
899,451.055049,451.0550163348088,451.0548052985691,1319976.1,-9999,336614.2,12.86,-1,0.4678727223958107,0.961058494310953,0,0.5766350965865717,12,0.9444444444444444,0.5555555555555556,N2 P1 O10,de-protonated,0,-9999,C18 H17 O10 N2 P1,18,17,10,2,1,-9999,-9999,N/A
900,451.067954,451.06792133600817,451.0679396389291,1522605.6,-9999,391456.9,15.1,-1,-0.04057686062932855,0.9997012926951944,0,0.5998207756171167,15,0.8333333333333334,0.20833333333333337,S2 O5,de-protonated,0,-9999,C24 H20 O5 S2,24,20,5,-9999,-9999,2,-9999,N/A
900,451.067954,451.06792133600817,451.0675595164091,1522605.6,-9999,391456.9,15.1,-1,0.8021405916171473,0.8898081131354504,0,0.5338848678812702,20,0.6538461538461539,0.07692307692307693,N2 S1 P1 O2,de-protonated,0,-9999,C26 H17 O2 N2 P1 S1,26,17,2,2,1,1,-9999,N/A
901,451.068806,451.06877333608736,451.0692147721291,1348781.9,-9999,442079.9,13.18,-1,-0.9786436921060252,0.8918668221137988,0.9766865040251708,0.9257946948783476,11,1.0476190476190477,0.3333333333333333,S1 34S1 O7,de-protonated,1,877,C21 H22 O7 S1 34S1,21,22,7,-9999,-9999,1,-9999,TRUE
901,451.068806,451.06877333608736,451.06840766957913,1348781.9,-9999,442079.9,13.18,-1,0.8106675218500226,0.8875905098529591,0,0.5325543059117754,21,0.5,0.25,N4 O6,de-protonated,0,-9999,C24 H12 O6 N4,24,12,6,4,-9999,-9999,-9999,N/A
902,451.087937,451.08790433786544,451.0881996271191,4187062,-9999,501159.9,44.51,-1,-0.654615336616749,0.4625957129963626,0.8221557383861046,0.6064197231522594,11,1,0.6,O12,de-protonated,0,-9999,C20 H20 O12,20,20,12,-9999,-9999,-9999,-9999,N/A
902,451.087937,451.08790433786544,451.0876865628691,4187062,-9999,501159.9,44.51,-1,0.48277752375513944,0.4792953969228528,0.7369636471990462,0.5823626970333302,29,0.3636363636363637,0.0303030303030303,N2 O1,de-protonated,0,-9999,C33 H12 O1 N2,33,12,1,2,-9999,-9999,-9999,N/A
902,451.087937,451.08790433786544,451.0880374357891,4187062,-9999,501159.9,44.51,-1,-0.2950597502162637,0.9843271485790416,0,0.5905962891474249,6,1.6666666666666667,0.4,N4 S2 P1 O6,de-protonated,0,-9999,C15 H25 O6 N4 P1 S2,15,25,6,4,1,2,-9999,N/A
903,451.089178,451.0891453379808,451.0893403331491,13855670,-9999,326858.3,151.21,-1,-0.4322761610474934,0.9497751475655244,0.9041837984382312,0.9315386079146072,24,0.5483870967741935,0.06451612903225806,P1 O2,de-protonated,0,-9999,C31 H17 O2 P1,31,17,2,-9999,1,-9999,-9999,N/A
903,451.089178,451.0891453379808,451.08906900698906,13855670,-9999,326858.3,151.21,-1,0.1692149000005169,0.6649183762725277,0.9148058510716464,0.7648733661921752,10,1.1428571428571428,0.3333333333333333,S2 O7,de-protonated,0,-9999,C21 H24 O7 S2,21,24,7,-9999,-9999,2,-9999,N/A
903,451.089178,451.0891453379808,451.0895370376391,13855670,-9999,326858.3,151.21,-1,-0.8683412630437293,0.4360656415933386,0.8149093904448103,0.5876031411339273,16,0.7619047619047619,0.380952380952381,N4 O8,de-protonated,0,-9999,C21 H16 O8 N4,21,16,8,4,-9999,-9999,-9999,N/A
904,451.104432,451.1043993393984,451.10432514827903,1290172.9,-9999,361500.3,12.53,-1,0.1644655465383813,0.9951040342301538,0,0.5970624205380922,14,0.96,0.16,S2 O4,de-protonated,0,-9999,C25 H24 O4 S2,25,24,4,-9999,-9999,2,-9999,N/A
904,451.104432,451.1043993393984,451.1044580900091,1290172.9,-9999,361500.3,12.53,-1,-0.1302372645825312,0.9969270448582978,0,0.5981562269149786,1,2.0714285714285716,0.8571428571428571,S1 P1 O12,de-protonated,0,-9999,C14 H29 O12 P1 S1,14,29,12,-9999,1,1,-9999,N/A
904,451.104432,451.1043993393984,451.104793178929,1290172.9,-9999,361500.3,12.53,-1,-0.8730555219413599,0.8708331374782766,0,0.522499882486966,20,0.64,0.2,N4 O5,de-protonated,0,-9999,C25 H16 O5 N4,25,16,5,4,-9999,-9999,-9999,N/A
905,451.12556,451.1255273413621,451.1257258424991,19372998,-9999,326091.6,212.11,-1,-0.44001289591415665,0.6506237308285353,0.8728298486486257,0.7395061779565715,23,0.65625,0.03125,P1 O1,de-protonated,0,-9999,C32 H21 O1 P1,32,21,1,-9999,1,-9999,-9999,N/A
905,451.12556,451.1255273413621,451.1254545163391,19372998,-9999,326091.6,212.11,-1,0.1614296471120294,0.6587544928848337,0.9139786219420208,0.7608441445077085,9,1.2727272727272727,0.2727272727272727,S2 O6,de-protonated,0,-9999,C22 H28 O6 S2,22,28,6,-9999,-9999,2,-9999,N/A
905,451.12556,451.1255273413621,451.1259225469891,19372998,-9999,326091.6,212.11,-1,-0.8760428237563409,0.8913158139430835,0.968432396216014,0.9221624468522556,15,0.9090909090909092,0.3181818181818182,N4 O7,de-protonated,0,-9999,C22 H20 O7 N4,22,20,7,4,-9999,-9999,-9999,N/A
906,451.160678,451.16064534462595,451.1609706458191,4334548.5,-9999,442542,46.13,-1,-0.7210313264987862,0.4549899974832477,0.8077896627745539,0.5961098635997701,9,1.2727272727272727,0.4545454545454546,O10,de-protonated,0,-9999,C22 H28 O10,22,28,10,-9999,-9999,-9999,-9999,N/A
906,451.160678,451.16064534462595,451.16031919713913,4334548.5,-9999,442542,46.13,-1,0.7229081834971716,0.9095326329760964,0,0.5457195797856579,0,2.2857142857142856,0.8571428571428571,N2 S1 O12,de-protonated,0,-9999,C14 H32 O12 N2 S1,14,32,12,2,-9999,1,-9999,N/A
906,451.160678,451.16064534462595,451.1608084544891,4334548.5,-9999,442542,46.13,-1,-0.3615337593187404,0.9765624756118458,0,0.5859374853671074,4,1.9411764705882353,0.2352941176470588,N4 S2 P1 O4,de-protonated,0,-9999,C17 H33 O4 N4 P1 S2,17,33,4,4,1,2,-9999,N/A
907,451.161957,451.1619243447448,451.16184002568906,15313877,-9999,367322.8,167.31,-1,0.1868931461429724,0.6596305426090788,0.933133982766625,0.7690319186720973,8,1.391304347826087,0.21739130434782608,S2 O5,de-protonated,0,-9999,C23 H32 O5 S2,23,32,5,-9999,-9999,2,-9999,N/A
907,451.161957,451.1619243447448,451.1623080563391,15313877,-9999,367322.8,167.31,-1,-0.8504956807926626,0.8901670611431118,0.999534411328934,0.9339140012174406,14,1.0434782608695652,0.2608695652173913,N4 O6,de-protonated,0,-9999,C23 H24 O6 N4,23,24,6,4,-9999,-9999,-9999,N/A
908,451.196785,451.19675234798166,451.1971939638391,1384099.5,-9999,373190.4,13.57,-1,-0.9787646362473872,0.8404445918148494,0,0.5042667550889096,3,2.0555555555555554,0.16666666666666666,N4 S2 P1 O3,de-protonated,0,-9999,C18 H37 O3 N4 P1 S2,18,37,3,4,1,2,-9999,N/A
908,451.196785,451.19675234798166,451.1963245839691,1384099.5,-9999,373190.4,13.57,-1,0.9480662612908768,0.8495134912177373,0,0.5097080947306424,4,1.9411764705882353,0.4705882352941176,N4 P1 O8,de-protonated,0,-9999,C17 H33 O8 N4 P1,17,33,8,4,1,-9999,-9999,N/A
909,451.198325,451.1982923481248,451.1982255350391,6052836,-9999,315581.4,65.1,-1,0.14807922976669344,0.9924730585995706,0.9907801778999769,0.991795906319733,7,1.5,0.16666666666666666,S2 O4,de-protonated,0,-9999,C24 H36 O4 S2,24,36,4,-9999,-9999,2,-9999,N/A
909,451.198325,451.1982923481248,451.1978454125191,6052836,-9999,315581.4,65.1,-1,0.9905535017092802,0.41845582537804726,0.7805128205128198,0.5632786234319562,12,1.2692307692307692,0.03846153846153846,N2 S1 P1 O1,de-protonated,0,-9999,C26 H33 O1 N2 P1 S1,26,33,1,2,1,1,-9999,N/A
909,451.198325,451.1982923481248,451.1986935656891,6052836,-9999,315581.4,65.1,-1,-0.8892258997993647,0.8800000604252736,0.9907801778999766,0.9243121074151548,13,1.1666666666666667,0.20833333333333337,N4 O5,de-protonated,0,-9999,C24 H28 O5 N4,24,28,5,4,-9999,-9999,-9999,N/A
910,452.056078,452.0560454278439,452.0563096588691,1801548.6,-9999,376626.8,18.17,-1,-0.5845090966609077,0.93989030804791,0.9256234642297718,0.9341835705206548,25,0.4482758620689655,0.10344827586206896,13C1 P1 O3,de-protonated,1,898,C29 H13 O3 P1 13C1,29,13,3,-9999,1,-9999,1,N/A
910,452.056078,452.0560454278439,452.0560383327091,1801548.6,-9999,376626.8,18.17,-1,0.01569525508298322,0.9999553027422894,0.9927612677917952,0.9970776887620916,11,1.0526315789473684,0.42105263157894735,13C1 S2 O8,de-protonated,1,898,C19 H20 O8 S2 13C1,19,20,8,-9999,-9999,2,1,N/A
910,452.056078,452.0560454278439,452.0564460044891,1801548.6,-9999,376626.8,18.17,-1,-0.8861208566262095,0.8672089270109784,0,0.520325356206587,25,0.3793103448275862,0.1724137931034483,N1 O5,de-protonated,0,-9999,C29 H11 O5 N1,29,11,5,1,-9999,-9999,-9999,N/A
910,452.056078,452.0560454278439,452.05579455580914,1801548.6,-9999,376626.8,18.17,-1,0.5549581219629148,0.9456504349062326,0,0.5673902609437396,16,0.7142857142857143,0.3333333333333333,N3 S1 O7,de-protonated,0,-9999,C21 H15 O7 N3 S1,21,15,7,3,-9999,1,-9999,N/A
911,452.08441,452.08437743047705,452.0845893053491,1459800.5,-9999,363684.6,14.4,-1,-0.4686620093860958,0.96092960011624,0,0.5765577600697439,24,0.5333333333333333,0.06666666666666667,N1 P1 O2,de-protonated,0,-9999,C30 H16 O2 N1 P1,30,16,2,1,1,-9999,-9999,N/A
911,452.08441,452.08437743047705,452.08431797918905,1459800.5,-9999,363684.6,14.4,-1,0.1315048667501175,0.9968670297296912,0,0.5981202178378147,10,1.15,0.35,N1 S2 O7,de-protonated,0,-9999,C20 H23 O7 N1 S2,20,23,7,1,-9999,2,-9999,N/A
911,452.08441,452.08437743047705,452.0839378566691,1459800.5,-9999,363684.6,14.4,-1,0.9723278602875692,0.8423619536970491,0,0.5054171722182295,15,0.9090909090909092,0.18181818181818185,N3 S1 P1 O4,de-protonated,0,-9999,C22 H20 O4 N3 P1 S1,22,20,4,3,1,1,-9999,N/A
912,452.092448,452.0924154312241,452.0926951682191,2547036,-9999,400471.8,26.4,-1,-0.61876026313968,0.9328879166113124,0.9041837984382312,0.92140626934208,24,0.5666666666666667,0.06666666666666667,13C1 P1 O2,de-protonated,1,903,C30 H17 O2 P1 13C1,30,17,2,-9999,1,-9999,1,N/A
912,452.092448,452.0924154312241,452.09242384205913,2547036,-9999,400471.8,26.4,-1,-0.0186042379988928,0.6666247995834903,0.9148058510716464,0.7658972201787528,10,1.2,0.35,13C1 S2 O7,de-protonated,1,903,C20 H24 O7 S2 13C1,20,24,7,-9999,-9999,2,1,N/A
912,452.092448,452.0924154312241,452.0928315138391,2547036,-9999,400471.8,26.4,-1,-0.9203477383414476,0.8575341395062914,0,0.5145204837037748,24,0.5,0.13333333333333333,N1 O4,de-protonated,0,-9999,C30 H15 O4 N1,30,15,4,1,-9999,-9999,-9999,N/A
912,452.092448,452.0924154312241,452.0921800651591,2547036,-9999,400471.8,26.4,-1,0.5206152094133113,0.9520098595718776,0,0.5712059157431266,15,0.8636363636363636,0.2727272727272727,N3 S1 O6,de-protonated,0,-9999,C22 H19 O6 N3 S1,22,19,6,3,-9999,1,-9999,N/A
913,452.120847,452.12081443386353,452.1209748146991,2089831.9,-9999,361591.9,21.35,-1,-0.35472991629799716,0.9774263947640858,0,0.5864558368584515,23,0.6451612903225806,0.03225806451612903,N1 P1 O1,de-protonated,0,-9999,C31 H20 O1 N1 P1,31,20,1,1,1,-9999,-9999,N/A
913,452.120847,452.12081443386353,452.1207034885391,2089831.9,-9999,361591.9,21.35,-1,0.24538872820139657,0.989133425867296,0,0.5934800555203776,9,1.2857142857142858,0.2857142857142857,N1 S2 O6,de-protonated,0,-9999,C21 H27 O6 N1 S2,21,27,6,1,-9999,2,-9999,N/A
914,452.128989,452.1289564346202,452.1290806775691,3707755.3,-9999,288719.2,39.21,-1,-0.27479530564080445,0.6575945356721244,0.8728298486486257,0.7436886608627249,23,0.6774193548387096,0.03225806451612903,13C1 P1 O1,de-protonated,1,905,C31 H21 O1 P1 13C1,31,21,1,-9999,1,-9999,1,N/A
914,452.128989,452.1289564346202,452.12880935140913,3707755.3,-9999,288719.2,39.21,-1,0.3253126277714235,0.6539871898069721,0.9139786219420208,0.7579837626609915,9,1.3333333333333333,0.2857142857142857,13C1 S2 O6,de-protonated,1,905,C21 H28 O6 S2 13C1,21,28,6,-9999,-9999,2,1,N/A
914,452.128989,452.1289564346202,452.129217023189,3707755.3,-9999,288719.2,39.21,-1,-0.576358613918128,0.4707526491682321,0.7489023467070351,0.5820125281837534,23,0.6129032258064516,0.0967741935483871,N1 O3,de-protonated,0,-9999,C31 H19 O3 N1,31,19,3,1,-9999,-9999,-9999,N/A
914,452.128989,452.1289564346202,452.1285655745091,3707755.3,-9999,288719.2,39.21,-1,0.8644888663781117,0.4365941546693552,0.8007932653391621,0.5822737989372779,14,1,0.21739130434782608,N3 S1 O5,de-protonated,0,-9999,C23 H23 O5 N3 S1,23,23,5,3,-9999,1,-9999,N/A
914,452.128989,452.1289564346202,452.1292773820591,3707755.3,-9999,288719.2,39.21,-1,-0.7098576778320322,0.9126237227665874,0.968432396216014,0.934947192146358,15,0.9523809523809524,0.3333333333333333,13C1 N4 O7,de-protonated,1,905,C21 H20 O7 N4 13C1,21,20,7,4,-9999,-9999,1,N/A
915,452.165357,452.1653244380002,452.16519486075913,3798394.8,-9999,340090.7,40.21,-1,0.28657057761477683,0.656806277355576,0.933133982766625,0.7673373595199956,8,1.4545454545454546,0.2272727272727273,13C1 S2 O5,de-protonated,1,907,C22 H32 O5 S2 13C1,22,32,5,-9999,-9999,2,1,N/A
915,452.165357,452.1653244380002,452.1656025325391,3798394.8,-9999,340090.7,40.21,-1,-0.6150280722977611,0.46683384574793296,0.7428850341668535,0.5772543211155011,22,0.71875,0.0625,N1 O2,de-protonated,0,-9999,C32 H23 O2 N1,32,23,2,1,-9999,-9999,-9999,N/A
915,452.165357,452.1653244380002,452.1649510838591,3798394.8,-9999,340090.7,40.21,-1,0.8257034080660098,0.4418183845477543,0.7939170211058493,0.5826578391709923,13,1.125,0.16666666666666666,N3 S1 O4,de-protonated,0,-9999,C24 H27 O4 N3 S1,24,27,4,3,-9999,1,-9999,N/A
915,452.165357,452.1653244380002,452.1650840255891,3798394.8,-9999,340090.7,40.21,-1,0.5316916753801589,0.9499985462418772,0,0.5699991277451262,0,2.4615384615384617,0.9230769230769232,N3 P1 O12,de-protonated,0,-9999,C13 H32 O12 N3 P1,13,32,12,3,1,-9999,-9999,N/A
915,452.165357,452.1653244380002,452.1656628914091,3798394.8,-9999,340090.7,40.21,-1,-0.7485163883315734,0.903335291239336,0.999534411328934,0.9418149392751752,14,1.0909090909090908,0.2727272727272727,13C1 N4 O6,de-protonated,1,907,C22 H24 O6 N4 13C1,22,24,6,4,-9999,-9999,1,N/A
916,452.201725,452.20169244138026,452.2015803701091,1483658,-9999,325864.5,14.66,-1,0.24783476218932565,0.9889169211258436,0.9907801778999769,0.9896622238354968,7,1.565217391304348,0.17391304347826086,13C1 S2 O4,de-protonated,1,909,C23 H36 O4 S2 13C1,23,36,4,-9999,-9999,2,1,N/A
916,452.201725,452.20169244138026,452.2019880418891,1483658,-9999,325864.5,14.66,-1,-0.653691307508014,0.9253943943143574,0,0.5552366365886144,21,0.8181818181818182,0.0303030303030303,N1 O1,de-protonated,0,-9999,C33 H27 O1 N1,33,27,1,1,-9999,-9999,-9999,N/A
916,452.201725,452.20169244138026,452.2013365932091,1483658,-9999,325864.5,14.66,-1,0.786924191473972,0.8937206349602622,0,0.5362323809761573,12,1.24,0.12,N3 S1 O3,de-protonated,0,-9999,C25 H31 O3 N3 S1,25,31,3,3,-9999,1,-9999,N/A
916,452.201725,452.20169244138026,452.2020484007591,1483658,-9999,325864.5,14.66,-1,-0.7871688775178807,0.8936581781149842,0.9907801778999766,0.9325069780289812,13,1.2173913043478262,0.21739130434782608,13C1 N4 O5,de-protonated,1,909,C23 H28 O5 N4 13C1,23,28,5,4,-9999,-9999,1,N/A
917,453.032081,453.0320485185531,453.0322193789091,3014377,-9999,326744.5,31.55,-1,-0.37714835429006216,0.4872603975441459,0.7612342259156646,0.5968499288927533,25,0.3793103448275862,0.13793103448275862,P1 O4,de-protonated,0,-9999,C29 H11 O4 P1,29,11,4,-9999,1,-9999,-9999,N/A
917,453.032081,453.0320485185531,453.0319480527491,3014377,-9999,326744.5,31.55,-1,0.2217631768087416,0.9911162478051536,0,0.5946697486830922,11,0.9473684210526316,0.47368421052631576,S2 O9,de-protonated,0,-9999,C19 H18 O9 S2,19,18,9,-9999,-9999,2,-9999,N/A
917,453.032081,453.0320485185531,453.0324160833991,3014377,-9999,326744.5,31.55,-1,-0.8113433673582409,0.8874139774293415,0,0.5324483864576048,17,0.5263157894736842,0.5263157894736842,N4 O10,de-protonated,0,-9999,C19 H10 O10 N4,19,10,10,4,-9999,-9999,-9999,N/A
918,453.047401,453.0473685199769,453.0474755201991,2119919.5,-9999,309869.9,21.68,-1,-0.23617882892324335,0.989929760440559,0,0.5939578562643354,29,0.3333333333333333,0.0303030303030303,P1 O1,de-protonated,0,-9999,C33 H11 O1 P1,33,11,1,-9999,1,-9999,-9999,N/A
918,453.047401,453.0473685199769,453.04720419403907,2119919.5,-9999,309869.9,21.68,-1,0.36271261867589194,0.9764112001288784,0,0.585846720077327,15,0.782608695652174,0.2608695652173913,S2 O6,de-protonated,0,-9999,C23 H18 O6 S2,23,18,6,-9999,-9999,2,-9999,N/A
918,453.047401,453.0473685199769,453.0476722246891,2119919.5,-9999,309869.9,21.68,-1,-0.6703592819097075,0.9216961224405328,0,0.5530176734643196,21,0.43478260869565216,0.30434782608695654,N4 O7,de-protonated,0,-9999,C23 H10 O7 N4,23,10,7,4,-9999,-9999,-9999,N/A
919,453.068494,453.0684615219373,453.06860488825913,10786552,-9999,316622.7,117.33,-1,-0.31643402406479315,0.9833769156387931,0.9012469578459148,0.9505249325216418,24,0.5,0.1,P1 O3,de-protonated,0,-9999,C30 H15 O3 P1,30,15,3,-9999,1,-9999,-9999,N/A
919,453.068494,453.0684615219373,453.0683335620991,10786552,-9999,316622.7,117.33,-1,0.2824294454740381,0.6562395462714304,0.9120444502357858,0.7585615078571726,10,1.1,0.4,S2 O8,de-protonated,0,-9999,C20 H22 O8 S2,20,22,8,-9999,-9999,2,-9999,N/A
919,453.068494,453.0684615219373,453.06880159274914,10786552,-9999,316622.7,117.33,-1,-0.7505941937187467,0.9060314800132424,0.968384761407938,0.9309727925711206,16,0.7,0.45,N4 O9,de-protonated,0,-9999,C20 H14 O9 N4,20,14,9,4,-9999,-9999,-9999,N/A
920,453.083687,453.0836545233493,453.0835897033891,2759422.8,-9999,384780.2,28.74,-1,0.14306402098861723,0.9962931202487516,0,0.5977758721492509,14,0.9166666666666666,0.20833333333333337,S2 O5,de-protonated,0,-9999,C24 H22 O5 S2,24,22,5,-9999,-9999,2,-9999,N/A
920,453.083687,453.0836545233493,453.0832095808691,2759422.8,-9999,384780.2,28.74,-1,0.9820325953509726,0.8394679849714455,0,0.5036807909828672,19,0.7307692307692307,0.07692307692307693,N2 S1 P1 O2,de-protonated,0,-9999,C26 H19 O2 N2 P1 S1,26,19,2,2,1,1,-9999,N/A
920,453.083687,453.0836545233493,453.0840577340391,2759422.8,-9999,384780.2,28.74,-1,-0.8899246903834709,0.8661465295170468,0,0.519687917710228,20,0.5833333333333334,0.25,N4 O6,de-protonated,0,-9999,C24 H14 O6 N4,24,14,6,4,-9999,-9999,-9999,N/A
921,453.103593,453.1035605251994,453.1038496915791,4935431.5,-9999,420463.2,52.76,-1,-0.6381900748069305,0.4643815336091631,0.8221557383861047,0.6074912155199397,10,1.1,0.6,O12,de-protonated,0,-9999,C20 H22 O12,20,22,12,-9999,-9999,-9999,-9999,N/A
921,453.103593,453.1035605251994,453.1033366273291,4935431.5,-9999,420463.2,52.76,-1,0.49414306226799065,0.47833074871930537,0.7369636471990461,0.5817839081112016,28,0.42424242424242425,0.0303030303030303,N2 O1,de-protonated,0,-9999,C33 H14 O1 N2,33,14,1,2,-9999,-9999,-9999,N/A
921,453.103593,453.1035605251994,453.1036875002491,4935431.5,-9999,420463.2,52.76,-1,-0.28023398008321426,0.9858516797096571,0,0.5915110078257944,5,1.8,0.4,N4 S2 P1 O6,de-protonated,0,-9999,C15 H27 O6 N4 P1 S2,15,27,6,4,1,2,-9999,N/A
922,453.104876,453.10484352531864,453.1049903976091,17227528,-9999,354140.4,188.42,-1,-0.3241462653066728,0.6549425790061617,0.9000739169171784,0.7529951141705684,23,0.6129032258064516,0.06451612903225806,P1 O2,de-protonated,0,-9999,C31 H19 O2 P1,31,19,2,-9999,1,-9999,-9999,N/A
922,453.104876,453.10484352531864,453.1047190714491,17227528,-9999,354140.4,188.42,-1,0.27466910916532467,0.6568543692811678,0.932035399574757,0.7669267813986036,9,1.238095238095238,0.3333333333333333,S2 O7,de-protonated,0,-9999,C21 H26 O7 S2,21,26,7,-9999,-9999,2,-9999,N/A
922,453.104876,453.10484352531864,453.10518710209914,17227528,-9999,354140.4,188.42,-1,-0.7582715675621698,0.9038986424517172,0.9953948776167948,0.9404971365177482,15,0.8571428571428571,0.380952380952381,N4 O8,de-protonated,0,-9999,C21 H18 O8 N4,21,18,8,4,-9999,-9999,-9999,N/A
923,453.120137,453.12010452673695,453.11997521273906,1846798.3,-9999,346798.4,18.67,-1,0.2853857807254913,0.9853305639305364,0,0.5911983383583218,13,1.04,0.16,S2 O4,de-protonated,0,-9999,C25 H26 O4 S2,25,26,4,-9999,-9999,2,-9999,N/A
923,453.120137,453.12010452673695,453.1201081544691,1846798.3,-9999,346798.4,18.67,-1,-0.00800611601709749,0.9999883695890304,0,0.5999930217534182,0,2.2142857142857144,0.8571428571428571,S1 P1 O12,de-protonated,0,-9999,C14 H31 O12 P1 S1,14,31,12,-9999,1,1,-9999,N/A
923,453.120137,453.12010452673695,453.1204432433891,1846798.3,-9999,346798.4,18.67,-1,-0.7475201289253628,0.903579620882841,0,0.5421477725297046,19,0.72,0.2,N4 O5,de-protonated,0,-9999,C25 H18 O5 N4,25,18,5,4,-9999,-9999,-9999,N/A
924,453.141285,453.14125252870247,453.141375906959,18308888,-9999,272615.2,200.35,-1,-0.2722732091200132,0.6557552686562115,0.9063549833599164,0.7559951545376934,22,0.71875,0.03125,P1 O1,de-protonated,0,-9999,C32 H23 O1 P1,32,23,1,-9999,1,-9999,-9999,N/A
924,453.141285,453.14125252870247,453.14110458079904,18308888,-9999,272615.2,200.35,-1,0.32649411393747757,0.6559303276475149,0.9325891667306582,0.7665938632807723,8,1.3636363636363635,0.2727272727272727,S2 O6,de-protonated,0,-9999,C22 H30 O6 S2,22,30,6,-9999,-9999,2,-9999,N/A
924,453.141285,453.14125252870247,453.14157261144913,18308888,-9999,272615.2,200.35,-1,-0.7063636753164608,0.9067873537861628,0.9980424690726954,0.943289399900776,14,1,0.3181818181818182,N4 O7,de-protonated,0,-9999,C22 H22 O7 N4,22,22,7,4,-9999,-9999,-9999,N/A
925,453.156535,453.1565025301198,453.156360722089,1282333.8,-9999,365572.7,12.44,-1,0.3129339960048793,0.9823880851686758,0,0.5894328511012055,12,1.1538461538461535,0.1153846153846154,S2 O3,de-protonated,0,-9999,C26 H30 O3 S2,26,30,3,-9999,-9999,2,-9999,N/A
925,453.156535,453.1565025301198,453.1568287527391,1282333.8,-9999,365572.7,12.44,-1,-0.719889006680887,0.9102518129647024,0,0.5461510877788214,18,0.8461538461538461,0.15384615384615383,N4 O4,de-protonated,0,-9999,C26 H22 O4 N4,26,22,4,4,-9999,-9999,-9999,N/A
926,453.177618,453.1775855320792,453.1774900901491,9305895,-9999,341760.8,100.99,-1,0.2106060698089997,0.984899965688125,0.984431049435622,0.9847123991871238,7,1.4782608695652173,0.21739130434782608,S2 O5,de-protonated,0,-9999,C23 H34 O5 S2,23,34,5,-9999,-9999,2,-9999,N/A
926,453.177618,453.1775855320792,453.1779581207991,9305895,-9999,341760.8,100.99,-1,-0.8221686716953359,0.9021743305503498,0.984431049435622,0.9350770181044584,13,1.1304347826086956,0.2608695652173913,N4 O6,de-protonated,0,-9999,C23 H26 O6 N4,23,26,6,4,-9999,-9999,-9999,N/A
927,453.199968,453.19993553415645,453.1999568687291,1295152.3,-9999,445117.8,12.58,-1,-0.04707540747342325,0.999597973491314,0,0.5997587840947884,7,1.619047619047619,0.14285714285714285,N4 S2 O3,de-protonated,0,-9999,C21 H34 O3 N4 S2,21,34,3,4,-9999,2,-9999,N/A
928,453.214124,453.2140915354721,453.21387559949903,2191158.3,-9999,314741.8,22.47,-1,0.4764549028609869,0.9596462666798152,0,0.5757877600078892,6,1.5833333333333333,0.16666666666666666,S2 O4,de-protonated,0,-9999,C24 H38 O4 S2,24,38,4,-9999,-9999,2,-9999,N/A
928,453.214124,453.2140915354721,453.2143436301491,2191158.3,-9999,314741.8,22.47,-1,-0.5562371988211668,0.9454065889821996,0,0.5672439533893197,12,1.25,0.20833333333333337,N4 O5,de-protonated,0,-9999,C24 H30 O5 N4,24,30,5,4,-9999,-9999,-9999,N/A
929,454.07186,454.0718276151896,454.07195972332914,1847459.1,-9999,354610.4,18.67,-1,-0.29094097691829696,0.9847583244380664,0.9012469578459148,0.9513537778012058,24,0.5172413793103449,0.10344827586206896,13C1 P1 O3,de-protonated,1,919,C29 H15 O3 P1 13C1,29,15,3,-9999,1,-9999,1,N/A
929,454.07186,454.0718276151896,454.0716883971691,1847459.1,-9999,354610.4,18.67,-1,0.30659920897142817,0.6553919387290708,0.9120444502357858,0.7580529433317569,10,1.1578947368421053,0.42105263157894735,13C1 S2 O8,de-protonated,1,919,C19 H22 O8 S2 13C1,19,22,8,-9999,-9999,2,1,N/A
929,454.07186,454.0718276151896,454.07209606894907,1847459.1,-9999,354610.4,18.67,-1,-0.59121395434489,0.9385468780776628,0,0.5631281268465976,24,0.4482758620689655,0.1724137931034483,N1 O5,de-protonated,0,-9999,C29 H13 O5 N1,29,13,5,1,-9999,-9999,-9999,N/A
929,454.07186,454.0718276151896,454.0714446202691,1847459.1,-9999,354610.4,18.67,-1,0.8434684123150217,0.8788951557466478,0,0.5273370934479886,15,0.8095238095238095,0.3333333333333333,N3 S1 O7,de-protonated,0,-9999,C21 H17 O7 N3 S1,21,17,7,3,-9999,1,-9999,N/A
929,454.07186,454.0718276151896,454.0721564278191,1847459.1,-9999,354610.4,18.67,-1,-0.7241418019292157,0.9092380781358764,0.968384761407938,0.9328967514447012,16,0.7368421052631579,0.47368421052631576,13C1 N4 O9,de-protonated,1,919,C19 H14 O9 N4 13C1,19,14,9,4,-9999,-9999,1,N/A
930,454.100157,454.1001246178195,454.1002393698091,1315759.1,-9999,295795,12.8,-1,-0.2527018918965488,0.9884798758217752,0,0.593087925493065,23,0.6,0.06666666666666667,N1 P1 O2,de-protonated,0,-9999,C30 H18 O2 N1 P1,30,18,2,1,1,-9999,-9999,N/A
930,454.100157,454.1001246178195,454.0999680436491,1315759.1,-9999,295795,12.8,-1,0.3448011042747467,0.978658976836809,0,0.5871953861020854,9,1.25,0.35,N1 S2 O7,de-protonated,0,-9999,C20 H25 O7 N1 S2,20,25,7,1,-9999,2,-9999,N/A
931,454.108241,454.10820861857087,454.10834523267914,3794098.5,-9999,302640.5,40.15,-1,-0.30084033844667823,0.6558080726707286,0.9000739169171784,0.7535144103693086,23,0.6333333333333333,0.06666666666666667,13C1 P1 O2,de-protonated,1,922,C30 H19 O2 P1 13C1,30,19,2,-9999,1,-9999,1,N/A
931,454.108241,454.10820861857087,454.1080739065191,3794098.5,-9999,302640.5,40.15,-1,0.29665196348936734,0.6561059291562328,0.932035399574757,0.7664777173236426,9,1.3,0.35,13C1 S2 O7,de-protonated,1,922,C20 H26 O7 S2 13C1,20,26,7,-9999,-9999,2,1,N/A
931,454.108241,454.10820861857087,454.10848157829906,3794098.5,-9999,302640.5,40.15,-1,-0.6010892534842044,0.4682719344700243,0.7550179348240813,0.5829703346116472,23,0.5666666666666667,0.13333333333333333,N1 O4,de-protonated,0,-9999,C30 H17 O4 N1,30,17,4,1,-9999,-9999,-9999,N/A
931,454.108241,454.10820861857087,454.1078301296191,3794098.5,-9999,302640.5,40.15,-1,0.83347814470687,0.4407854589363115,0.8077896627745538,0.5875871404716084,14,0.9545454545454546,0.2727272727272727,N3 S1 O6,de-protonated,0,-9999,C22 H21 O6 N3 S1,22,21,6,3,-9999,1,-9999,N/A
931,454.108241,454.10820861857087,454.1085419371691,3794098.5,-9999,302640.5,40.15,-1,-0.7340064487686949,0.9068680798053332,0.9953948776167948,0.9422787989299176,15,0.9,0.4,13C1 N4 O8,de-protonated,1,922,C20 H18 O8 N4 13C1,20,18,8,4,-9999,-9999,1,N/A
932,454.136684,454.1366516212143,454.1366248791591,1284542.8,-9999,403132,12.46,-1,0.05888548449647664,0.999371024516675,0,0.599622614710005,22,0.7096774193548387,0.03225806451612903,N1 P1 O1,de-protonated,0,-9999,C31 H22 O1 N1 P1,31,22,1,1,1,-9999,-9999,N/A
932,454.136684,454.1366516212143,454.13635355299914,1284542.8,-9999,403132,12.46,-1,0.656340794624315,0.9248117712243752,0,0.5548870627346251,8,1.380952380952381,0.2857142857142857,N1 S2 O6,de-protonated,0,-9999,C21 H29 O6 N1 S2,21,29,6,1,-9999,2,-9999,N/A
933,454.143337,454.1433046218326,454.14336748579905,1400513.6,-9999,509748,13.74,-1,-0.13842317412275046,0.9965293030741014,0,0.5979175818444608,12,1.2,0.04,N1 S2 P1 O1,de-protonated,0,-9999,C25 H30 O1 N1 P1 S2,25,30,1,1,1,2,-9999,N/A
934,454.144614,454.1445816219513,454.1447307420291,4411586,-9999,388478.7,46.97,-1,-0.32835364515045956,0.6537513485777932,0.9063549833599164,0.7547928024906424,22,0.7419354838709677,0.03225806451612903,13C1 P1 O1,de-protonated,1,924,C31 H23 O1 P1 13C1,31,23,1,-9999,1,-9999,1,N/A
934,454.144614,454.1445816219513,454.1444594158691,4411586,-9999,388478.7,46.97,-1,0.2690907698561938,0.6579648431867436,0.9325891667306582,0.7678145726043095,8,1.4285714285714286,0.2857142857142857,13C1 S2 O6,de-protonated,1,924,C21 H30 O6 S2 13C1,21,30,6,-9999,-9999,2,1,N/A
934,454.144614,454.1445816219513,454.14486708764906,4411586,-9999,388478.7,46.97,-1,-0.628578496491635,0.4654086048779762,0.7489023467070351,0.5788061016095998,22,0.6774193548387096,0.0967741935483871,N1 O3,de-protonated,0,-9999,C31 H21 O3 N1,31,21,3,1,-9999,-9999,-9999,N/A
934,454.144614,454.1445816219513,454.1442156389691,4411586,-9999,388478.7,46.97,-1,0.8058739263865036,0.44441969399089337,0.8007932653391622,0.586969122530201,13,1.0869565217391304,0.21739130434782608,N3 S1 O5,de-protonated,0,-9999,C23 H25 O5 N3 S1,23,25,5,3,-9999,1,-9999,N/A
934,454.144614,454.1445816219513,454.14492744651915,4411586,-9999,388478.7,46.97,-1,-0.7614850390925092,0.9001312093418192,0.9980424690726954,0.9392957132341696,14,1.0476190476190477,0.3333333333333333,13C1 N4 O7,de-protonated,1,924,C21 H22 O7 N4 13C1,21,22,7,4,-9999,-9999,1,N/A
935,454.145546,454.145513622038,454.1458694092491,2412482.5,-9999,337767.1,24.91,-1,-0.7834205594972575,0.8946132946045684,0,0.536767976762741,8,1.4285714285714286,0.2857142857142857,N1 S1 P1 O6,de-protonated,0,-9999,C21 H30 O6 N1 P1 S1,21,30,6,1,1,1,-9999,N/A
936,454.181037,454.18100462533647,454.1808449252191,2545361.8,-9999,413727,26.37,-1,0.3516223089313379,0.9778157731510788,0.984431049435622,0.980461883664896,7,1.5454545454545454,0.2272727272727273,13C1 S2 O5,de-protonated,1,926,C22 H34 O5 S2 13C1,22,34,5,-9999,-9999,2,1,N/A
936,454.181037,454.18100462533647,454.1812525969991,2545361.8,-9999,413727,26.37,-1,-0.5459751172630841,0.47367445031818634,0.7428850341668536,0.5813586838576532,21,0.78125,0.0625,N1 O2,de-protonated,0,-9999,C32 H25 O2 N1,32,25,2,1,-9999,-9999,-9999,N/A
936,454.181037,454.18100462533647,454.1806011483191,2545361.8,-9999,413727,26.37,-1,0.8883625067592531,0.8665832349971571,0,0.5199499409982942,12,1.2083333333333333,0.16666666666666666,N3 S1 O4,de-protonated,0,-9999,C24 H29 O4 N3 S1,24,29,4,3,-9999,1,-9999,N/A
936,454.181037,454.18100462533647,454.18131295586915,2545361.8,-9999,413727,26.37,-1,-0.6788710232677192,0.9197774816240644,0.984431049435622,0.9456389087486874,13,1.181818181818182,0.2727272727272727,13C1 N4 O6,de-protonated,1,926,C22 H26 O6 N4 13C1,22,26,6,4,-9999,-9999,1,N/A
937,455.026652,455.02661970392745,455.02646874914905,1509435.5,-9999,248138.1,14.93,-1,0.33174944486260377,0.980228252203688,0,0.5881369513222129,15,0.7272727272727273,0.3181818181818182,S2 O7,de-protonated,0,-9999,C22 H16 O7 S2,22,16,7,-9999,-9999,2,-9999,N/A
937,455.026652,455.02661970392745,455.0269367797991,1509435.5,-9999,248138.1,14.93,-1,-0.6968287940907986,0.9156637146718364,0,0.5493982288031019,21,0.3636363636363637,0.3636363636363637,N4 O8,de-protonated,0,-9999,C22 H8 O8 N4,22,8,8,4,-9999,-9999,-9999,N/A
938,455.046472,455.0464397057695,455.0467287373391,1635908,-9999,560249.8,16.33,-1,-0.6351689867007564,0.9294115890813968,0,0.5576469534488381,11,0.8888888888888888,0.7777777777777778,O14,de-protonated,0,-9999,C18 H16 O14,18,16,14,-9999,-9999,-9999,-9999,N/A
938,455.046472,455.0464397057695,455.04656654600905,1635908,-9999,560249.8,16.33,-1,-0.2787412297341668,0.9860009515939744,0,0.5916005709563846,6,1.6153846153846154,0.6153846153846154,N4 S2 P1 O8,de-protonated,0,-9999,C13 H21 O8 N4 P1 S2,13,21,8,4,1,2,-9999,N/A
939,455.047697,455.0476647058834,455.04786944336905,4223556.5,-9999,330668.7,44.89,-1,-0.4499251604246195,0.4819676328422222,0.7612342259156645,0.5936742700715991,24,0.4482758620689655,0.13793103448275862,P1 O4,de-protonated,0,-9999,C29 H13 O4 P1,29,13,4,-9999,1,-9999,-9999,N/A
939,455.047697,455.0476647058834,455.04759811720913,4223556.5,-9999,330668.7,44.89,-1,0.1463334265110795,0.4980610461339094,0.8295321147073604,0.6306494735632898,10,1.0526315789473684,0.47368421052631576,S2 O9,de-protonated,0,-9999,C19 H20 O9 S2,19,20,9,-9999,-9999,2,-9999,N/A
939,455.047697,455.0476647058834,455.0472179946891,4223556.5,-9999,330668.7,44.89,-1,0.9816809698440292,0.4197865837593544,0.8149093904448103,0.5778357064335368,15,0.8095238095238095,0.2857142857142857,N2 S1 P1 O6,de-protonated,0,-9999,C21 H17 O6 N2 P1 S1,21,17,6,2,1,1,-9999,N/A
939,455.047697,455.0476647058834,455.04806614785906,4223556.5,-9999,330668.7,44.89,-1,-0.8821968612391884,0.43415073656964537,0.8295321147073605,0.5923032878247314,16,0.631578947368421,0.5263157894736842,N4 O10,de-protonated,0,-9999,C19 H12 O10 N4,19,12,10,4,-9999,-9999,-9999,N/A
940,455.063011,455.0629787073066,455.0631255846591,3830347.3,-9999,337974.6,40.55,-1,-0.3227625887301484,0.4906374954104756,0.7369636471990461,0.5891679561259038,28,0.3939393939393939,0.0303030303030303,P1 O1,de-protonated,0,-9999,C33 H13 O1 P1,33,13,1,-9999,1,-9999,-9999,N/A
940,455.063011,455.0629787073066,455.0628542584991,3830347.3,-9999,337974.6,40.55,-1,0.27347608437213794,0.4932606331562834,0.8007932653391622,0.6162736860294349,14,0.8695652173913043,0.2608695652173913,S2 O6,de-protonated,0,-9999,C23 H20 O6 S2,23,20,6,-9999,-9999,2,-9999,N/A
940,455.063011,455.0629787073066,455.06332228914914,3830347.3,-9999,337974.6,40.55,-1,-0.7550198525915961,0.4508669890819704,0.8007932653391622,0.5908374995848471,20,0.5217391304347826,0.30434782608695654,N4 O7,de-protonated,0,-9999,C23 H12 O7 N4,23,12,7,4,-9999,-9999,-9999,N/A
941,455.084183,455.0841507092743,455.08425495271905,10162772,-9999,311769.5,110.44,-1,-0.22906405475766223,0.9936427823814404,0.9092631718084594,0.959890938152248,23,0.5666666666666667,0.1,P1 O3,de-protonated,0,-9999,C30 H17 O3 P1,30,17,3,-9999,1,-9999,-9999,N/A
941,455.084183,455.0841507092743,455.083983626559,10162772,-9999,311769.5,110.44,-1,0.3671469912095873,0.6459934900525068,0.9200606641983304,0.7556203597108363,9,1.2,0.4,S2 O8,de-protonated,0,-9999,C20 H24 O8 S2,20,24,8,-9999,-9999,2,-9999,N/A
941,455.084183,455.0841507092743,455.08445165720906,10162772,-9999,311769.5,110.44,-1,-0.6613012894822924,0.9337191044389416,0.9764009753704828,0.950791852811558,15,0.8,0.45,N4 O9,de-protonated,0,-9999,C20 H16 O9 N4,20,16,9,4,-9999,-9999,-9999,N/A
942,455.09935,455.099317710684,455.09923976784904,3553882.8,-9999,336765.6,37.5,-1,0.1712655792930657,0.4973459517598556,0.7939170211058493,0.6159743794982531,13,1,0.20833333333333337,S2 O5,de-protonated,0,-9999,C24 H24 O5 S2,24,24,5,-9999,-9999,2,-9999,N/A
942,455.09935,455.099317710684,455.0997077984991,3553882.8,-9999,336765.6,37.5,-1,-0.8571480236556429,0.4375964997906519,0.7939170211058493,0.5801247083167309,19,0.6666666666666666,0.25,N4 O6,de-protonated,0,-9999,C24 H16 O6 N4,24,16,6,4,-9999,-9999,-9999,N/A
943,455.119195,455.1191627125283,455.1194997560391,4465251,-9999,429703.6,47.56,-1,-0.7405604702074937,0.4526396027199492,0.8221557383861046,0.6004460569864114,9,1.2,0.6,O12,de-protonated,0,-9999,C20 H24 O12,20,24,12,-9999,-9999,-9999,-9999,N/A
943,455.119195,455.1191627125283,455.1189866917891,4465251,-9999,429703.6,47.56,-1,0.3867576269546428,0.48661182856008217,0.7369636471990462,0.5867525560156678,27,0.48484848484848486,0.0303030303030303,N2 O1,de-protonated,0,-9999,C33 H16 O1 N2,33,16,1,2,-9999,-9999,-9999,N/A
943,455.119195,455.1191627125283,455.11933756470904,4465251,-9999,429703.6,47.56,-1,-0.3841897415901964,0.9735733162341572,0,0.5841439897404942,4,1.9333333333333331,0.4,N4 S2 P1 O6,de-protonated,0,-9999,C15 H29 O6 N4 P1 S2,15,29,6,4,1,2,-9999,N/A
944,455.120565,455.1205327126557,455.1206404620691,13455972,-9999,303986.5,146.78,-1,-0.23674912503884488,0.979041225519315,0.9462082573061984,0.9659080382340683,22,0.6774193548387096,0.06451612903225806,P1 O2,de-protonated,0,-9999,C31 H21 O2 P1,31,21,2,-9999,1,-9999,-9999,N/A
944,455.120565,455.1205327126557,455.12036913590913,13455972,-9999,303986.5,146.78,-1,0.3594142509358863,0.6571425371379224,0.932035399574757,0.7670996821126563,8,1.3333333333333333,0.3333333333333333,S2 O7,de-protonated,0,-9999,C21 H28 O7 S2,21,28,7,-9999,-9999,2,-9999,N/A
944,455.120565,455.1205327126557,455.12083716655906,13455972,-9999,303986.5,146.78,-1,-0.6689518002812622,0.880780527226074,0.9572305903832912,0.911360552488961,14,0.9523809523809524,0.380952380952381,N4 O8,de-protonated,0,-9999,C21 H20 O8 N4,21,20,8,4,-9999,-9999,-9999,N/A
945,455.135792,455.1357597140709,455.1356252771991,2770538.3,-9999,328100.9,28.85,-1,0.2953776067627721,0.984293629592031,0,0.5905761777552186,12,1.12,0.16,S2 O4,de-protonated,0,-9999,C25 H28 O4 S2,25,28,4,-9999,-9999,2,-9999,N/A
945,455.135792,455.1357597140709,455.1360933078491,2770538.3,-9999,328100.9,28.85,-1,-0.7329539079448023,0.907122186501174,0,0.5442733119007044,18,0.8,0.2,N4 O5,de-protonated,0,-9999,C25 H20 O5 N4,25,20,5,4,-9999,-9999,-9999,N/A
946,455.156994,455.15696171604134,455.1570259714191,9888371,-9999,304543,107.41,-1,-0.14117189035604577,0.9894808058395734,0.9527613850144566,0.9747930375095268,21,0.78125,0.03125,P1 O1,de-protonated,0,-9999,C32 H25 O1 P1,32,25,1,-9999,1,-9999,-9999,N/A
946,455.156994,455.15696171604134,455.156754645259,9888371,-9999,304543,107.41,-1,0.4549438850537767,0.6495540007541244,0.9325891667306584,0.762768067144738,7,1.4545454545454546,0.2727272727272727,S2 O6,de-protonated,0,-9999,C22 H32 O6 S2,22,32,6,-9999,-9999,2,-9999,N/A
946,455.156994,455.15696171604134,455.1572226759091,9888371,-9999,304543,107.41,-1,-0.5733400565181189,0.9234519390925372,0.982333986377843,0.9470047580066594,13,1.0909090909090908,0.3181818181818182,N4 O7,de-protonated,0,-9999,C22 H24 O7 N4,22,24,7,4,-9999,-9999,-9999,N/A
947,455.172115,455.1720827174467,455.17201078654904,1889402,-9999,391075.5,19.13,-1,0.15803014235658633,0.9954788378978692,0,0.5972873027387215,11,1.2307692307692308,0.1153846153846154,S2 O3,de-protonated,0,-9999,C26 H32 O3 S2,26,32,3,-9999,-9999,2,-9999,N/A
947,455.172115,455.1720827174467,455.1724788171991,1889402,-9999,391075.5,19.13,-1,-0.8702190286380724,0.871614821387423,0,0.5229688928324537,17,0.9230769230769232,0.15384615384615383,N4 O4,de-protonated,0,-9999,C26 H24 O4 N4,26,24,4,4,-9999,-9999,-9999,N/A
949,455.193273,455.1932407194131,455.1931401546091,3410563,-9999,385082,35.92,-1,0.22092776692128943,0.9911827587694404,0,0.5947096552616642,6,1.565217391304348,0.21739130434782608,S2 O5,de-protonated,0,-9999,C23 H36 O5 S2,23,36,5,-9999,-9999,2,-9999,N/A
949,455.193273,455.1932407194131,455.1936081852591,3410563,-9999,385082,35.92,-1,-0.8072737389180847,0.8884752783627454,0,0.5330851670176472,12,1.2173913043478262,0.2608695652173913,N4 O6,de-protonated,0,-9999,C23 H28 O6 N4,23,28,6,4,-9999,-9999,-9999,N/A
950,455.194085,455.1940527194886,455.1944775651291,2348675.5,-9999,306055.2,24.2,-1,-0.9333277564831354,0.8537984860541327,0,0.5122790916324795,11,1.3333333333333333,0.04166666666666666,N4 S2 O1,de-protonated,0,-9999,C24 H32 O1 N4 S2,24,32,1,4,-9999,2,-9999,N/A
950,455.194085,455.1940527194886,455.1936081852591,2348675.5,-9999,306055.2,24.2,-1,0.9765827583678892,0.8410954485304752,0,0.5046572691182851,12,1.2173913043478262,0.2608695652173913,N4 O6,de-protonated,0,-9999,C23 H28 O6 N4,23,28,6,4,-9999,-9999,-9999,N/A
951,456.087581,456.0875488025296,456.0876097877891,1853444.1,-9999,303209.6,18.73,-1,-0.13371391413856532,0.9967610611085296,0.9092631718084594,0.9617619053885016,23,0.5862068965517241,0.10344827586206896,13C1 P1 O3,de-protonated,1,941,C29 H17 O3 P1 13C1,29,17,3,-9999,1,-9999,1,N/A
951,456.087581,456.0875488025296,456.0873384616291,1853444.1,-9999,303209.6,18.73,-1,0.4611855730234704,0.6414283348145858,0.9200606641983304,0.7528812665680837,9,1.263157894736842,0.42105263157894735,13C1 S2 O8,de-protonated,1,941,C19 H24 O8 S2 13C1,19,24,8,-9999,-9999,2,1,N/A
951,456.087581,456.0875488025296,456.0877461334091,1853444.1,-9999,303209.6,18.73,-1,-0.4326599018414228,0.9666041631658132,0,0.579962497899488,23,0.5172413793103449,0.1724137931034483,N1 O5,de-protonated,0,-9999,C29 H15 O5 N1,29,15,5,1,-9999,-9999,-9999,N/A
951,456.087581,456.0875488025296,456.0870946847291,1853444.1,-9999,303209.6,18.73,-1,0.995682197154996,0.8353661478478738,0,0.5012196887087242,14,0.9047619047619048,0.3333333333333333,N3 S1 O7,de-protonated,0,-9999,C21 H19 O7 N3 S1,21,19,7,3,-9999,1,-9999,N/A
951,456.087581,456.0875488025296,456.0878064922791,1853444.1,-9999,303209.6,18.73,-1,-0.5650003044043339,0.9437225930645724,0.9764009753704828,0.9567939459869366,15,0.8421052631578947,0.47368421052631576,13C1 N4 O9,de-protonated,1,941,C19 H16 O9 N4 13C1,19,16,9,4,-9999,-9999,1,N/A
952,456.123835,456.12380280589906,456.1239952971391,3307540,-9999,401360,34.77,-1,-0.42201515824973734,0.9682011349310882,0.9462082573061984,0.9594039838811323,22,0.7,0.06666666666666667,13C1 P1 O2,de-protonated,1,944,C30 H21 O2 P1 13C1,30,21,2,-9999,1,-9999,1,N/A
952,456.123835,456.12380280589906,456.12372397097914,3307540,-9999,401360,34.77,-1,0.17283670148091587,0.6630628886659287,0.932035399574757,0.77065189302946,8,1.4,0.35,13C1 S2 O7,de-protonated,1,944,C20 H28 O7 S2 13C1,20,28,7,-9999,-9999,2,1,N/A
952,456.123835,456.12380280589906,456.12413164275904,3307540,-9999,401360,34.77,-1,-0.7209372124074727,0.4550012014410117,0.7550179348240813,0.5750078947942396,22,0.6333333333333333,0.13333333333333333,N1 O4,de-protonated,0,-9999,C30 H19 O4 N1,30,19,4,1,-9999,-9999,-9999,N/A
952,456.123835,456.12380280589906,456.1234801940791,3307540,-9999,401360,34.77,-1,0.7072905342002186,0.9132263577971416,0,0.5479358146782849,13,1.0454545454545454,0.2727272727272727,N3 S1 O6,de-protonated,0,-9999,C22 H23 O6 N3 S1,22,23,6,3,-9999,1,-9999,N/A
952,456.123835,456.12380280589906,456.124192001629,3307540,-9999,401360,34.77,-1,0.9817596952669118,0.8395496203295908,0.9572305903832912,0.886622008351071,14,1,0.4,13C1 N4 O8,de-protonated,1,944,C20 H20 O8 N4 13C1,20,20,8,4,-9999,-9999,1,N/A
953,456.124672,456.1246398059768,456.124192001629,2232852.3,-9999,334343,22.91,-1,0.9817596952669118,0.8395496203295908,0.9572305903832912,0.886622008351071,14,1,0.4,13C1 N4 O8,de-protonated,1,944,C20 H20 O8 N4 13C1,20,20,8,4,-9999,-9999,1,N/A
954,456.160271,456.16023880928543,456.1603808064891,2626595.5,-9999,435812.6,27.26,-1,-0.31128789272139473,0.9825712632374318,0.9527613850144566,0.9706473119482416,21,0.8064516129032258,0.03225806451612903,13C1 P1 O1,de-protonated,1,946,C31 H25 O1 P1 13C1,31,25,1,-9999,1,-9999,1,N/A
954,456.160271,456.16023880928543,456.16010948032914,2626595.5,-9999,435812.6,27.26,-1,0.28351658464448976,0.6570138016845231,0.9325891667306584,0.7672439477029771,7,1.5238095238095235,0.2857142857142857,13C1 S2 O6,de-protonated,1,946,C21 H32 O6 S2 13C1,21,32,6,-9999,-9999,2,1,N/A
954,456.160271,456.16023880928543,456.1605171521091,2626595.5,-9999,435812.6,27.26,-1,-0.6101861366702956,0.4673366291863608,0.7489023467070351,0.5799629161946306,21,0.7419354838709677,0.0967741935483871,N1 O3,de-protonated,0,-9999,C31 H23 O3 N1,31,23,3,1,-9999,-9999,-9999,N/A
954,456.160271,456.16023880928543,456.1598657034291,2626595.5,-9999,435812.6,27.26,-1,0.8179278458988549,0.8856882498423745,0,0.5314129499054246,12,1.173913043478261,0.21739130434782608,N3 S1 O5,de-protonated,0,-9999,C23 H27 O5 N3 S1,23,27,5,3,-9999,1,-9999,N/A
954,456.160271,456.16023880928543,456.1605775109791,2626595.5,-9999,435812.6,27.26,-1,-0.7425054035593499,0.9048055223378996,0.982333986377843,0.9358169079538768,13,1.1428571428571428,0.3333333333333333,13C1 N4 O7,de-protonated,1,946,C21 H24 O7 N4 13C1,21,24,7,4,-9999,-9999,1,N/A
955,457.042315,457.04228289126206,457.0423901397691,4186529.8,-9999,364089.8,42.62,-1,-0.23465768025732647,0.49502920795012095,0.7428850341668535,0.5941715384368139,28,0.34375,0.0625,P1 O2,de-protonated,0,-9999,C32 H11 O2 P1,32,11,2,-9999,1,-9999,-9999,N/A
955,457.042315,457.04228289126206,457.0421188136091,4186529.8,-9999,364089.8,42.62,-1,0.3589989767430073,0.48844307944159626,0.8077896627745539,0.6161817127747793,14,0.8181818181818182,0.3181818181818182,S2 O7,de-protonated,0,-9999,C22 H18 O7 S2,22,18,7,-9999,-9999,2,-9999,N/A
955,457.042315,457.04228289126206,457.0425868442591,4186529.8,-9999,364089.8,42.62,-1,-0.6650430524572786,0.4614420895967896,0.8077896627745539,0.5999811188678954,20,0.4545454545454546,0.3636363636363637,N4 O8,de-protonated,0,-9999,C22 H10 O8 N4,22,10,8,4,-9999,-9999,-9999,N/A
956,457.063495,457.0634628932305,457.0635195078291,4645291,-9999,307964.9,47.48,-1,-0.12386593145338182,0.4986099731257968,0.7612342259156646,0.6036596742417439,23,0.5172413793103449,0.13793103448275862,P1 O4,de-protonated,0,-9999,C29 H15 O4 P1,29,15,4,-9999,1,-9999,-9999,N/A
956,457.063495,457.0634628932305,457.06324818166905,4645291,-9999,307964.9,47.48,-1,0.46976334743384174,0.4803747062260123,0.8295321147073604,0.6200376696185517,9,1.1578947368421053,0.47368421052631576,S2 O9,de-protonated,0,-9999,C19 H22 O9 S2,19,22,9,-9999,-9999,2,-9999,N/A
956,457.063495,457.0634628932305,457.0637162123191,4645291,-9999,307964.9,47.48,-1,-0.5542314552659415,0.47289437303729337,0.8295321147073604,0.6155494697053202,15,0.7368421052631579,0.5263157894736842,N4 O10,de-protonated,0,-9999,C19 H14 O10 N4,19,14,10,4,-9999,-9999,-9999,N/A
957,457.077419,457.07738689452464,457.0776349430891,1295793,-9999,391940.9,12.05,-1,-0.5426836613634427,0.9479650482854056,0,0.5687790289712433,14,0.8181818181818182,0.5,O11,de-protonated,0,-9999,C22 H18 O11,22,18,11,-9999,-9999,-9999,-9999,N/A
957,457.077419,457.07738689452464,457.07698349440903,1295793,-9999,391940.9,12.05,-1,0.8825649292542105,0.8681991407900189,0,0.5209194844740114,5,1.5714285714285714,0.9285714285714286,N2 S1 O13,de-protonated,0,-9999,C14 H22 O13 N2 S1,14,22,13,2,-9999,1,-9999,N/A
957,457.077419,457.07738689452464,457.07747275175905,1295793,-9999,391940.9,12.05,-1,-0.1878395666562272,0.9936182687771128,0,0.5961709612662677,9,1.3529411764705883,0.29411764705882354,N4 S2 P1 O5,de-protonated,0,-9999,C17 H23 O5 N4 P1 S2,17,23,5,4,1,2,-9999,N/A
958,457.078645,457.0786128946386,457.0787756491191,5504433.5,-9999,322148.9,56.56,-1,-0.35607534017795406,0.9736578314610488,0.9459395035054212,0.962570500278798,27,0.4545454545454546,0.0303030303030303,P1 O1,de-protonated,0,-9999,C33 H15 O1 P1,33,15,1,-9999,1,-9999,-9999,N/A
958,457.078645,457.0786128946386,457.07850432295913,5504433.5,-9999,322148.9,56.56,-1,0.23753398687736976,0.9918781106719938,0.9902308783544628,0.9912192177449812,13,0.9565217391304348,0.2608695652173913,S2 O6,de-protonated,0,-9999,C23 H22 O6 S2,23,22,6,-9999,-9999,2,-9999,N/A
958,457.078645,457.0786128946386,457.0789723536091,5504433.5,-9999,322148.9,56.56,-1,-0.786426399545044,0.8870093740371725,0.9902308783544628,0.9282979757640886,19,0.6086956521739131,0.30434782608695654,N4 O7,de-protonated,0,-9999,C23 H14 O7 N4,23,14,7,4,-9999,-9999,-9999,N/A
959,457.099829,457.0997968966074,457.0999050171791,8742331,-9999,309977.8,90.81,-1,-0.23653597491614103,0.991698509682576,0.9113182423256307,0.959546402739798,22,0.6333333333333333,0.1,P1 O3,de-protonated,0,-9999,C30 H19 O3 P1,30,19,3,-9999,1,-9999,-9999,N/A
959,457.099829,457.0997968966074,457.09963369101905,8742331,-9999,309977.8,90.81,-1,0.35704598370999857,0.9740710792117216,0.9784560458876542,0.9758250658820946,8,1.3,0.4,S2 O8,de-protonated,0,-9999,C20 H26 O8 S2,20,26,8,-9999,-9999,2,-9999,N/A
959,457.099829,457.0997968966074,457.1001017216691,8742331,-9999,309977.8,90.81,-1,-0.6668671928262627,0.9276573620719336,0.9784560458876542,0.947976835598222,14,0.9,0.45,N4 O9,de-protonated,0,-9999,C20 H18 O9 N4,20,18,9,4,-9999,-9999,-9999,N/A
960,457.115128,457.1150958980293,457.1148898323091,5804481.5,-9999,315527.9,59.74,-1,0.4507963420853903,0.48189901452874584,0.7939170211058493,0.6067062171595872,12,1.0833333333333333,0.20833333333333337,S2 O5,de-protonated,0,-9999,C24 H26 O5 S2,24,26,5,-9999,-9999,2,-9999,N/A
960,457.115128,457.1150958980293,457.1153578629591,5804481.5,-9999,315527.9,59.74,-1,-0.573082757525253,0.4710743903478767,0.7939170211058493,0.6002114426510657,18,0.75,0.25,N4 O6,de-protonated,0,-9999,C24 H18 O6 N4,24,18,6,4,-9999,-9999,-9999,N/A
961,457.128227,457.1281948992467,457.12777699187905,1345735,-9999,389340,12.57,-1,0.9142025242882243,0.8592901056938804,0,0.5155740634163283,7,1.4761904761904765,0.23809523809523808,S2 P1 O5,de-protonated,0,-9999,C21 H31 O5 P1 S2,21,31,5,-9999,1,2,-9999,N/A
961,457.128227,457.1281948992467,457.12862514504906,1345735,-9999,389340,12.57,-1,-0.9411919943244456,0.8515177493032021,0,0.5109106495819212,8,1.368421052631579,0.47368421052631576,N2 S1 O9,de-protonated,0,-9999,C19 H26 O9 N2 S1,19,26,9,2,-9999,1,-9999,N/A
961,457.128227,457.1281948992467,457.1282450225291,1345735,-9999,389340,12.57,-1,-0.10964818502892544,0.9978208701954704,0,0.5986925221172822,13,1.0952380952380951,0.2857142857142857,N4 P1 O6,de-protonated,0,-9999,C21 H23 O6 N4 P1,21,23,6,4,1,-9999,-9999,N/A
962,457.136214,457.136181899989,457.1362905265291,8517066,-9999,322143.3,88.43,-1,-0.2376239697123712,0.9569062264835432,0.9176831227824104,0.94121698500309,21,0.7419354838709677,0.06451612903225806,P1 O2,de-protonated,0,-9999,C31 H23 O2 P1,31,23,2,-9999,1,-9999,-9999,N/A
962,457.136214,457.136181899989,457.13601920036905,8517066,-9999,322143.3,88.43,-1,0.35591074241338366,0.9882224460597636,0.9836901665201856,0.9864095342439324,7,1.4285714285714286,0.3333333333333333,S2 O7,de-protonated,0,-9999,C21 H30 O7 S2,21,30,7,-9999,-9999,2,-9999,N/A
962,457.136214,457.136181899989,457.1364872310191,8517066,-9999,322143.3,88.43,-1,-0.6679209351945996,0.46112101096339286,0.8149093904448101,0.6026363627559598,13,1.0476190476190477,0.380952380952381,N4 O8,de-protonated,0,-9999,C21 H22 O8 N4,21,22,8,4,-9999,-9999,-9999,N/A
963,457.138608,457.1385759002115,457.1385211238191,1304523.5,-9999,450751.7,12.14,-1,0.11982449492244518,0.99739816681841,0,0.59843890009104594,3,1.7647058823529411,0.7058823529411765,S1 O12,de-protonated,0,-9999,C17 H30 O12 S1,17,30,12,-9999,-9999,1,-9999,N/A
963,457.138608,457.1385759002115,457.13901038116904,1304523.5,-9999,450751.7,12.14,-1,-0.950435092356502,0.8488205571304216,0,0.5092923342782529,7,1.55,0.2,N2 S2 P1 O4,de-protonated,0,-9999,C20 H31 O4 N2 P1 S2,20,31,4,2,1,2,-9999,N/A
963,457.138608,457.1385759002115,457.13814100129906,1304523.5,-9999,450751.7,12.14,-1,0.9513511856140332,0.8485522683754001,0,0.50913136102524,8,1.4210526315789471,0.47368421052631576,N2 P1 O9,de-protonated,0,-9999,C19 H27 O9 N2 P1,19,27,9,2,1,-9999,-9999,N/A
964,457.151449,457.15141690140496,457.151275341659,4627921,-9999,319336.2,47.29,-1,0.3096562419858179,0.4913759565295732,0.7871578612348809,0.6096887184116963,11,1.2,0.16,S2 O4,de-protonated,0,-9999,C25 H30 O4 S2,25,30,4,-9999,-9999,2,-9999,N/A
964,457.151449,457.15141690140496,457.1517433723091,4627921,-9999,319336.2,47.29,-1,-0.7141412209163527,0.45580709774259975,0.7871578612348809,0.5883474031395122,17,0.88,0.2,N4 O5,de-protonated,0,-9999,C25 H22 O5 N4,25,22,5,4,-9999,-9999,-9999,N/A
965,457.172565,457.1725329033675,457.1726760358791,3469786.3,-9999,301500.3,35.04,-1,-0.3130819471474482,0.4911857877761362,0.7428850341668535,0.5918654863324231,20,0.84375,0.03125,P1 O1,de-protonated,0,-9999,C32 H27 O1 P1,32,27,1,-9999,1,-9999,-9999,N/A
965,457.172565,457.1725329033675,457.1724047097191,3469786.3,-9999,301500.3,35.04,-1,0.28040548173644514,0.985834480297861,0,0.5915006881787166,6,1.5454545454545454,0.2727272727272727,S2 O6,de-protonated,0,-9999,C22 H34 O6 S2,22,34,6,-9999,-9999,2,-9999,N/A
965,457.172565,457.1725329033675,457.1728727403691,3469786.3,-9999,301500.3,35.04,-1,-0.7433446336553143,0.9046008232209628,0,0.5427604939325776,12,1.181818181818182,0.3181818181818182,N4 O7,de-protonated,0,-9999,C22 H26 O7 N4,22,26,7,4,-9999,-9999,-9999,N/A
966,457.187798,457.1877659047832,457.187660851009,2410465,-9999,299302.4,23.84,-1,0.22978261032939185,0.990465247426445,0,0.594279148455867,10,1.3076923076923077,0.1153846153846154,S2 O3,de-protonated,0,-9999,C26 H34 O3 S2,26,34,3,-9999,-9999,2,-9999,N/A
966,457.187798,457.1877659047832,457.18812888165905,2410465,-9999,299302.4,23.84,-1,-0.7939332912049349,0.8919255952264771,0,0.5351553571358862,16,1,0.15384615384615383,N4 O4,de-protonated,0,-9999,C26 H26 O4 N4,26,26,4,4,-9999,-9999,-9999,N/A
967,458.074208,458.0741759871657,458.0740246213191,1420307.3,-9999,246088.7,13.36,-1,0.33043970724200117,0.9803825222396768,0,0.588229513343806,27,0.4375,0.03125,N1 P1 O1,de-protonated,0,-9999,C32 H14 O1 N1 P1,32,14,1,1,1,-9999,-9999,N/A
967,458.074208,458.0741759871657,458.0737532951591,1420307.3,-9999,246088.7,13.36,-1,0.9227597161495376,0.8568427002014797,0,0.5141056201208878,13,0.9545454545454546,0.2727272727272727,N1 S2 O6,de-protonated,0,-9999,C22 H21 O6 N1 S2,22,21,6,1,-9999,2,-9999,N/A
968,458.081975,458.08194298788754,458.0821304841891,1454182.8,-9999,361267.2,13.72,-1,-0.40930717244921105,0.9700588619588312,0.9459395035054212,0.9604111185774672,27,0.46875,0.03125,13C1 P1 O1,de-protonated,1,958,C32 H15 O1 P1 13C1,32,15,1,-9999,1,-9999,1,N/A
968,458.081975,458.08194298788754,458.08185915802915,1454182.8,-9999,361267.2,13.72,-1,0.18300191706182967,0.9939417632028394,0.9902308783544628,0.9924574092634888,13,1,0.2727272727272727,13C1 S2 O6,de-protonated,1,958,C22 H22 O6 S2 13C1,22,22,6,-9999,-9999,2,1,N/A
968,458.081975,458.08194298788754,458.08226682980904,1454182.8,-9999,361267.2,13.72,-1,-0.7069514472600091,0.9133058246381992,0,0.5479834947829195,27,0.40625,0.09375,N1 O3,de-protonated,0,-9999,C32 H13 O3 N1,32,13,3,1,-9999,-9999,-9999,N/A
968,458.081975,458.08194298788754,458.0816153811291,1454182.8,-9999,361267.2,13.72,-1,0.715171156070062,0.911370726333404,0,0.5468224358000423,18,0.7083333333333334,0.20833333333333337,N3 S1 O5,de-protonated,0,-9999,C24 H17 O5 N3 S1,24,17,5,3,-9999,1,-9999,N/A
968,458.081975,458.08194298788754,458.08232718867913,1454182.8,-9999,361267.2,13.72,-1,-0.8387155949549667,0.8801710967047425,0.9902308783544628,0.9241950093646306,19,0.6363636363636364,0.3181818181818182,13C1 N4 O7,de-protonated,1,958,C22 H14 O7 N4 13C1,22,14,7,4,-9999,-9999,1,N/A
969,458.103205,458.10317298986064,458.1032598522491,1619568,-9999,345567.6,15.47,-1,-0.1896131201623324,0.9934975836266052,0.9113182423256307,0.9606258471062156,22,0.6551724137931034,0.10344827586206896,13C1 P1 O3,de-protonated,1,959,C29 H19 O3 P1 13C1,29,19,3,-9999,1,-9999,1,N/A
969,458.103205,458.10317298986064,458.10298852608906,1619568,-9999,345567.6,15.47,-1,0.4026687801543951,0.9710080896392466,0.9784560458876542,0.9739872721386096,8,1.368421052631579,0.42105263157894735,13C1 S2 O8,de-protonated,1,959,C19 H26 O8 S2 13C1,19,26,8,-9999,-9999,2,1,N/A
969,458.103205,458.10317298986064,458.1033961978691,1619568,-9999,345567.6,15.47,-1,-0.48724373206576016,0.9578375482143568,0,0.5747025289286141,22,0.5862068965517241,0.1724137931034483,N1 O5,de-protonated,0,-9999,C29 H17 O5 N1,29,17,5,1,-9999,-9999,-9999,N/A
969,458.103205,458.10317298986064,458.1027447491891,1619568,-9999,345567.6,15.47,-1,0.9348135902242954,0.8533685738293425,0,0.5120211442976055,13,1,0.3333333333333333,N3 S1 O7,de-protonated,0,-9999,C21 H21 O7 N3 S1,21,21,7,3,-9999,1,-9999,N/A
969,458.103205,458.10317298986064,458.1034565567392,1619568,-9999,345567.6,15.47,-1,-0.6190018312757637,0.9328373052123384,0.9784560458876542,0.9510848014824648,14,0.9473684210526316,0.47368421052631576,13C1 N4 O9,de-protonated,1,959,C19 H18 O9 N4 13C1,19,18,9,4,-9999,-9999,1,N/A
970,458.139375,458.1393429932222,458.1396453615991,1729407.8,-9999,462841.5,16.63,-1,-0.6599917294652612,0.9240056738073228,0.9176831227824104,0.921476653397358,21,0.7666666666666667,0.06666666666666667,13C1 P1 O2,de-protonated,1,962,C30 H23 O2 P1 13C1,30,23,2,-9999,1,-9999,1,N/A
970,458.139375,458.1393429932222,458.1393740354391,1729407.8,-9999,462841.5,16.63,-1,-0.06775714697955995,0.999167310340866,0.9836901665201856,0.9929764528125938,7,1.5,0.35,13C1 S2 O7,de-protonated,1,962,C20 H30 O7 S2 13C1,20,30,7,-9999,-9999,2,1,N/A
970,458.139375,458.1393429932222,458.1397817072191,1729407.8,-9999,462841.5,16.63,-1,-0.9575985635264008,0.8467180337341301,0,0.5080308202404781,21,0.7,0.13333333333333333,N1 O4,de-protonated,0,-9999,C30 H21 O4 N1,30,21,4,1,-9999,-9999,-9999,N/A
970,458.139375,458.1393429932222,458.1391302585391,1729407.8,-9999,462841.5,16.63,-1,0.4643451498431483,0.9616321173750793,0,0.5769792704250475,12,1.1363636363636365,0.2727272727272727,N3 S1 O6,de-protonated,0,-9999,C22 H25 O6 N3 S1,22,25,6,3,-9999,1,-9999,N/A
971,459.021623,459.0215910752179,459.021383368719,1989890.6,-9999,320945.8,19.38,-1,0.4524985249261548,0.9635291759676664,0,0.5781175055805998,14,0.7619047619047619,0.380952380952381,S2 O8,de-protonated,0,-9999,C21 H16 O8 S2,21,16,8,-9999,-9999,2,-9999,N/A
971,459.021623,459.0215910752179,459.0218513993691,1989890.6,-9999,320945.8,19.38,-1,-0.5671280146611226,0.9433101999417856,0,0.5659861199650714,20,0.380952380952381,0.42857142857142855,N4 O9,de-protonated,0,-9999,C21 H8 O9 N4,21,8,9,4,-9999,-9999,-9999,N/A
972,459.057977,459.0579450785966,459.0580402042291,6885650.5,-9999,310869.9,71.17,-1,-0.207219183934556,0.9955371815050048,0.9393606880571846,0.9730665841258768,27,0.40625,0.0625,P1 O2,de-protonated,0,-9999,C32 H13 O2 P1,32,13,2,-9999,1,-9999,-9999,N/A
972,459.057977,459.0579450785966,459.0577688780691,6885650.5,-9999,310869.9,71.17,-1,0.3838308366637061,0.9637948628928794,0.995734683335115,0.9765707910697736,13,0.9090909090909092,0.3181818181818182,S2 O7,de-protonated,0,-9999,C22 H20 O7 S2,22,20,7,-9999,-9999,2,-9999,N/A
972,459.057977,459.0579450785966,459.0582369087191,6885650.5,-9999,310869.9,71.17,-1,-0.6357148158371978,0.941800952586442,0.995734683335115,0.9633744448859112,19,0.5454545454545454,0.3636363636363637,N4 O8,de-protonated,0,-9999,C22 H12 O8 N4,22,12,8,4,-9999,-9999,-9999,N/A
973,459.079144,459.07911208056385,459.07916957228906,2668828,-9999,403673,26.56,-1,-0.1252327028228044,0.9971583437158108,0,0.5982950062294864,22,0.5862068965517241,0.13793103448275862,P1 O4,de-protonated,0,-9999,C29 H17 O4 P1,29,17,4,-9999,1,-9999,-9999,N/A
973,459.079144,459.07911208056385,459.0788982461291,2668828,-9999,403673,26.56,-1,0.46579016281713215,0.9613976255477698,0,0.5768385753286618,8,1.263157894736842,0.47368421052631576,S2 O9,de-protonated,0,-9999,C19 H24 O9 S2,19,24,9,-9999,-9999,2,-9999,N/A
973,459.079144,459.07911208056385,459.079366276779,2668828,-9999,403673,26.56,-1,-0.5537086479951836,0.9458881557588386,0,0.5675328934553031,14,0.8421052631578947,0.5263157894736842,N4 O10,de-protonated,0,-9999,C19 H16 O10 N4,19,16,10,4,-9999,-9999,-9999,N/A
974,459.079974,459.079942080641,459.0802356566491,1902364.3,-9999,383803.8,18.45,-1,-0.639487360414712,0.9284837804992988,0,0.5570902682995793,13,1,0.25,N4 S2 O5,de-protonated,0,-9999,C20 H20 O5 N4 S2,20,20,5,4,-9999,2,-9999,N/A
975,459.093017,459.0929850818532,459.093285007549,2271522,-9999,419735.3,22.36,-1,-0.6533001149234546,0.9254802490369088,0,0.5552881494221453,13,0.9090909090909092,0.5,O11,de-protonated,0,-9999,C22 H20 O11,22,20,11,-9999,-9999,-9999,-9999,N/A
975,459.093017,459.0929850818532,459.09263355886907,2271522,-9999,419735.3,22.36,-1,0.7656907526959754,0.8990827892594158,0,0.5394496735556494,4,1.7142857142857142,0.9285714285714286,N2 S1 O13,de-protonated,0,-9999,C14 H24 O13 N2 S1,14,24,13,2,-9999,1,-9999,N/A
975,459.093017,459.0929850818532,459.0931228162191,2271522,-9999,419735.3,22.36,-1,-0.3000140037378728,0.9838007361201396,0,0.5902804416720837,8,1.4705882352941178,0.29411764705882354,N4 S2 P1 O5,de-protonated,0,-9999,C17 H25 O5 N4 P1 S2,17,25,5,4,1,2,-9999,N/A
976,459.094359,459.0943270819779,459.0944257135791,7477538.5,-9999,344291.8,77.43,-1,-0.2148394657161053,0.9907293991089948,0.939640521454282,0.9702938480471096,26,0.5151515151515151,0.0303030303030303,P1 O1,de-protonated,0,-9999,C33 H17 O1 P1,33,17,1,-9999,1,-9999,-9999,N/A
976,459.094359,459.0943270819779,459.09415438741905,7477538.5,-9999,344291.8,77.43,-1,0.3761637068302188,0.976210508701282,0.996529860405602,0.9843382493830102,12,1.0434782608695652,0.2608695652173913,S2 O6,de-protonated,0,-9999,C23 H24 O6 S2,23,24,6,-9999,-9999,2,-9999,N/A
976,459.094359,459.0943270819779,459.0946224180691,7477538.5,-9999,344291.8,77.43,-1,-0.6433011338412453,0.9252495568947496,0.996529860405602,0.9537616782990904,18,0.6956521739130435,0.30434782608695654,N4 O7,de-protonated,0,-9999,C23 H16 O7 N4,23,16,7,4,-9999,-9999,-9999,N/A
977,459.115482,459.1154500839411,459.1155550816391,3375916,-9999,379975.9,34.04,-1,-0.22869557972722895,0.4952774098047147,0.7550179348240813,0.5991736198124613,21,0.7,0.1,P1 O3,de-protonated,0,-9999,C30 H21 O3 P1,30,21,3,-9999,1,-9999,-9999,N/A
977,459.115482,459.1154500839411,459.1152837554791,3375916,-9999,379975.9,34.04,-1,0.3622803855281912,0.9764667203021976,0,0.5858800321813186,7,1.4,0.4,S2 O8,de-protonated,0,-9999,C20 H28 O8 S2,20,28,8,-9999,-9999,2,-9999,N/A
977,459.115482,459.1154500839411,459.1157517861291,3375916,-9999,379975.9,34.04,-1,-0.6571375233061951,0.9246361814158996,0,0.5547817088495397,13,1,0.45,N4 O9,de-protonated,0,-9999,C20 H20 O9 N4,20,20,9,4,-9999,-9999,-9999,N/A
978,459.130772,459.1307400853621,459.1305398967691,7553330.5,-9999,347167.6,78.23,-1,0.4360167220493318,0.9685249927092336,0.991210691277106,0.9775992721363826,11,1.1666666666666667,0.20833333333333337,S2 O5,de-protonated,0,-9999,C24 H28 O5 S2,24,28,5,-9999,-9999,2,-9999,N/A
978,459.130772,459.1307400853621,459.1310079274191,7553330.5,-9999,347167.6,78.23,-1,-0.5833673883062745,0.9369858730486076,0.991210691277106,0.9586758003400072,17,0.8333333333333334,0.25,N4 O6,de-protonated,0,-9999,C24 H20 O6 N4,24,20,6,4,-9999,-9999,-9999,N/A
979,459.151986,459.15195408733376,459.1519405909891,2592572,-9999,327192.8,25.75,-1,0.0293940708003855,0.4999216192775974,0.7489023467070351,0.5995139102493725,20,0.8064516129032258,0.06451612903225806,P1 O2,de-protonated,0,-9999,C31 H25 O2 P1,31,25,2,-9999,1,-9999,-9999,N/A
979,459.151986,459.15195408733376,459.1516692648291,2592572,-9999,327192.8,25.75,-1,0.620323356632708,0.932560128983616,0,0.5595360773901695,6,1.5238095238095235,0.3333333333333333,S2 O7,de-protonated,0,-9999,C21 H32 O7 S2,21,32,7,-9999,-9999,2,-9999,N/A
979,459.151986,459.15195408733376,459.1521372954791,2592572,-9999,327192.8,25.75,-1,-0.3990140314661074,0.9715244491918136,0,0.5829146695150881,12,1.1428571428571428,0.380952380952381,N4 O8,de-protonated,0,-9999,C21 H24 O8 N4,21,24,8,4,-9999,-9999,-9999,N/A
980,459.165815,459.16578308861904,459.1660560262491,1952578,-9999,378972.4,18.98,-1,-0.594420311571739,0.9378997016817548,0,0.5627398210090528,11,1.1666666666666667,0.375,O9,de-protonated,0,-9999,C24 H28 O9,24,28,9,-9999,-9999,-9999,-9999,N/A
980,459.165815,459.16578308861904,459.1654045775691,1952578,-9999,378972.4,18.98,-1,0.824345750230956,0.8839960243177365,0,0.5303976145906418,2,2,0.6875,N2 S1 O11,de-protonated,0,-9999,C16 H32 O11 N2 S1,16,32,11,2,-9999,1,-9999,N/A
980,459.165815,459.16578308861904,459.16589383491913,1952578,-9999,378972.4,18.98,-1,-0.2411901702235405,0.98950015264985,0,0.5937000915899099,6,1.736842105263158,0.15789473684210523,N4 S2 P1 O3,de-protonated,0,-9999,C19 H33 O3 N4 P1 S2,19,33,3,4,1,2,-9999,N/A
981,459.167146,459.1671140887427,459.16692540611905,6483266.5,-9999,343708.5,66.91,-1,0.41092381274172063,0.978582493382484,0.9680479464283152,0.9743686746008164,10,1.28,0.16,S2 O4,de-protonated,0,-9999,C25 H32 O4 S2,25,32,4,-9999,-9999,2,-9999,N/A
981,459.167146,459.1671140887427,459.1673934367691,6483266.5,-9999,343708.5,66.91,-1,-0.6083794937545174,0.9187517120572662,0.9680479464283152,0.938470205805686,16,0.96,0.2,N4 O5,de-protonated,0,-9999,C25 H24 O5 N4,25,24,5,4,-9999,-9999,-9999,N/A
982,459.203449,459.2034170921167,459.2033109154691,3305810.5,-9999,336996.3,33.3,-1,0.2312192553222421,0.49517311382614415,0.7805128205128199,0.6093089965008145,9,1.3846153846153846,0.1153846153846154,S2 O3,de-protonated,0,-9999,C26 H36 O3 S2,26,36,3,-9999,-9999,2,-9999,N/A
982,459.203449,459.2034170921167,459.2037789461191,3305810.5,-9999,336996.3,33.3,-1,-0.7880031022886044,0.4467225633194674,0.7805128205128199,0.5802386661968084,15,1.0769230769230769,0.15384615384615383,N4 O4,de-protonated,0,-9999,C26 H28 O4 N4,26,28,4,4,-9999,-9999,-9999,N/A
983,460.053213,460.05318117109334,460.05328917642913,1673673.5,-9999,343425.6,16.03,-1,-0.2347670114106394,0.9900491960793364,0,0.5940295176476017,27,0.3870967741935484,0.06451612903225806,N1 P1 O2,de-protonated,0,-9999,C31 H12 O2 N1 P1,31,12,2,1,1,-9999,-9999,N/A
983,460.053213,460.05318117109334,460.0530178502691,1673673.5,-9999,343425.6,16.03,-1,0.3550043536407667,0.9773918510366648,0,0.5864351106219988,13,0.9047619047619048,0.3333333333333333,N1 S2 O7,de-protonated,0,-9999,C21 H19 O7 N1 S2,21,19,7,1,-9999,2,-9999,N/A
984,460.06139,460.0613581718533,460.0613950392991,1683661.1,-9999,371642.6,16.13,-1,-0.0801359257032533,0.9988354574952686,0.9393606880571846,0.975045549720035,27,0.41935483870967744,0.06451612903225806,13C1 P1 O2,de-protonated,1,972,C31 H13 O2 P1 13C1,31,13,2,-9999,1,-9999,1,N/A
984,460.06139,460.0613581718533,460.0611237131391,1683661.1,-9999,371642.6,16.13,-1,0.5096251391794355,0.9539677144106132,0.995734683335115,0.970674501980414,13,0.9523809523809524,0.3333333333333333,13C1 S2 O7,de-protonated,1,972,C21 H20 O7 S2 13C1,21,20,7,-9999,-9999,2,1,N/A
984,460.06139,460.0613581718533,460.0615313849191,1683661.1,-9999,371642.6,16.13,-1,-0.3764997808634667,0.9746072305543352,0,0.5847643383326011,27,0.3548387096774194,0.12903225806451613,N1 O4,de-protonated,0,-9999,C31 H11 O4 N1,31,11,4,1,-9999,-9999,-9999,N/A
984,460.06139,460.0613581718533,460.0615917437891,1683661.1,-9999,371642.6,16.13,-1,-0.5076970996316001,0.9543072921919076,0.995734683335115,0.9708782486491906,19,0.5714285714285714,0.380952380952381,13C1 N4 O8,de-protonated,1,972,C21 H12 O8 N4 13C1,21,12,8,4,-9999,-9999,1,N/A
985,460.08962,460.089588174477,460.0896746857791,1985753.6,-9999,358328.8,19.33,-1,-0.18803139220924883,0.9936052696022442,0,0.5961631617613464,26,0.5,0.03125,N1 P1 O1,de-protonated,0,-9999,C32 H16 O1 N1 P1,32,16,1,1,1,-9999,-9999,N/A
985,460.08962,460.089588174477,460.08940335961904,1985753.6,-9999,358328.8,19.33,-1,0.40169335918236704,0.9711463352335764,0,0.5826878011401457,12,1.0454545454545454,0.2727272727272727,N1 S2 O6,de-protonated,0,-9999,C22 H23 O6 N1 S2,22,23,6,1,-9999,2,-9999,N/A
986,460.097703,460.09767117522824,460.0977805486491,1900765.3,-9999,370638.8,18.43,-1,-0.23771777539296016,0.9897987709103552,0.939640521454282,0.9697354711279258,26,0.53125,0.03125,13C1 P1 O1,de-protonated,1,976,C32 H17 O1 P1 13C1,32,17,1,-9999,1,-9999,1,N/A
986,460.097703,460.09767117522824,460.0975092224891,1900765.3,-9999,370638.8,18.43,-1,0.3519965569767554,0.9777690537240558,0.996529860405602,0.9852733763966744,12,1.0909090909090908,0.2727272727272727,13C1 S2 O6,de-protonated,1,976,C22 H24 O6 S2 13C1,22,24,6,-9999,-9999,2,1,N/A
986,460.097703,460.09767117522824,460.0979168942691,1900765.3,-9999,370638.8,18.43,-1,-0.5340581467793482,0.9495639020010443,0,0.5697383412006266,26,0.46875,0.09375,N1 O3,de-protonated,0,-9999,C32 H15 O3 N1,32,15,3,1,-9999,-9999,-9999,N/A
986,460.097703,460.09767117522824,460.0972654455891,1900765.3,-9999,370638.8,18.43,-1,0.8818344937919997,0.8684021906606596,0,0.5210413143963958,17,0.7916666666666666,0.20833333333333337,N3 S1 O5,de-protonated,0,-9999,C24 H19 O5 N3 S1,24,19,5,3,-9999,1,-9999,N/A
986,460.097703,460.09767117522824,460.0979772531391,1900765.3,-9999,370638.8,18.43,-1,-0.6652450695197871,0.9228391779820784,0.996529860405602,0.9523154509514876,18,0.7272727272727273,0.3181818181818182,13C1 N4 O7,de-protonated,1,976,C22 H16 O7 N4 13C1,22,16,7,4,-9999,-9999,1,N/A
987,460.134112,460.13408017861207,460.1338947318391,2067181.4,-9999,362502.8,20.19,-1,0.40302784704423544,0.970957119926821,0.991210691277106,0.9790585484669352,11,1.2173913043478262,0.21739130434782608,13C1 S2 O5,de-protonated,1,978,C23 H28 O5 S2 13C1,23,28,5,-9999,-9999,2,1,N/A
987,460.134112,460.13408017861207,460.1343024036191,2067181.4,-9999,362502.8,20.19,-1,-0.48295683639927034,0.958560674269472,0,0.5751364045616831,25,0.5757575757575758,0.06060606060606061,N1 O2,de-protonated,0,-9999,C33 H19 O2 N1,33,19,2,1,-9999,-9999,-9999,N/A
987,460.134112,460.13408017861207,460.133650954939,2067181.4,-9999,362502.8,20.19,-1,0.9328239134531005,0.8539441622019833,0,0.51236649732119,16,0.92,0.16,N3 S1 O4,de-protonated,0,-9999,C25 H23 O4 N3 S1,25,23,4,3,-9999,1,-9999,N/A
987,460.134112,460.13408017861207,460.1337838966691,2067181.4,-9999,362502.8,20.19,-1,0.6439039108195914,0.9275293438449944,0,0.5565176063069966,3,2,0.8571428571428571,N3 P1 O12,de-protonated,0,-9999,C14 H28 O12 N3 P1,14,28,12,3,1,-9999,-9999,N/A
987,460.134112,460.13408017861207,460.1343627624891,2067181.4,-9999,362502.8,20.19,-1,-0.614133392127435,0.9338540143968256,0.991210691277106,0.956796685148938,17,0.8695652173913043,0.2608695652173913,13C1 N4 O6,de-protonated,1,978,C23 H20 O6 N4 13C1,23,20,6,4,-9999,-9999,1,N/A
988,460.170434,460.17040218198775,460.1702802411891,2101501.3,-9999,392054.1,20.55,-1,0.2649905999395817,0.9873394970705988,0.9680479464283152,0.9796228768136854,10,1.3333333333333333,0.16666666666666666,13C1 S2 O4,de-protonated,1,981,C24 H32 O4 S2 13C1,24,32,4,-9999,-9999,2,1,N/A
988,460.170434,460.17040218198775,460.1706879129691,2101501.3,-9999,392054.1,20.55,-1,-0.6209239067657661,0.9324340017492668,0,0.5594604010495602,24,0.6764705882352942,0.02941176470588235,N1 O1,de-protonated,0,-9999,C34 H23 O1 N1,34,23,1,1,-9999,-9999,-9999,N/A
988,460.170434,460.17040218198775,460.1700364642891,2101501.3,-9999,392054.1,20.55,-1,0.794744702280095,0.8917169980256886,0,0.5350301988154131,15,1.0384615384615383,0.1153846153846154,N3 S1 O3,de-protonated,0,-9999,C26 H27 O3 N3 S1,26,27,3,3,-9999,1,-9999,N/A
988,460.170434,460.17040218198775,460.1701694060191,2101501.3,-9999,392054.1,20.55,-1,0.5058475844737436,0.9546319431791408,0,0.5727791659074845,2,2.1333333333333333,0.7333333333333333,N3 P1 O11,de-protonated,0,-9999,C15 H32 O11 N3 P1,15,32,11,3,1,-9999,-9999,N/A
988,460.170434,460.17040218198775,460.1707482718391,2101501.3,-9999,392054.1,20.55,-1,-0.7520900723216972,0.9024567250510452,0.9680479464283152,0.9286932136019532,16,1,0.20833333333333337,13C1 N4 O5,de-protonated,1,981,C24 H24 O5 N4 13C1,24,24,5,4,-9999,-9999,1,N/A
989,461.037328,461.0372962625564,461.03730475933907,5208190,-9999,322552.4,53.41,-1,-0.01842970743000363,0.49996918605296814,0.7489023467070351,0.599542450314595,27,0.3548387096774194,0.0967741935483871,P1 O3,de-protonated,0,-9999,C31 H11 O3 P1,31,11,3,-9999,1,-9999,-9999,N/A
989,461.037328,461.0372962625564,461.03703343317903,5208190,-9999,322552.4,53.41,-1,0.57008300490261,0.47136759651139654,0.8149093904448103,0.608784314084762,13,0.8571428571428571,0.380952380952381,S2 O8,de-protonated,0,-9999,C21 H18 O8 S2,21,18,8,-9999,-9999,2,-9999,N/A
989,461.037328,461.0372962625564,461.0375014638291,5208190,-9999,322552.4,53.41,-1,-0.4450858596056008,0.4823465579390091,0.8149093904448103,0.6153716909413296,19,0.47619047619047616,0.42857142857142855,N4 O9,de-protonated,0,-9999,C21 H10 O9 N4,21,10,9,4,-9999,-9999,-9999,N/A
990,461.072342,461.0723102658106,461.0725495626591,3222669.8,-9999,457634.5,32.41,-1,-0.5190004235702679,0.9522998937345082,0,0.5713799362407049,13,0.8571428571428571,0.5714285714285714,O12,de-protonated,0,-9999,C21 H18 O12,21,18,12,-9999,-9999,-9999,-9999,N/A
990,461.072342,461.0723102658106,461.07238737132906,3222669.8,-9999,457634.5,32.41,-1,-0.1672308309569209,0.994938431798051,0,0.5969630590788305,8,1.4375,0.375,N4 S2 P1 O6,de-protonated,0,-9999,C16 H23 O6 N4 P1 S2,16,23,6,4,1,2,-9999,N/A
991,461.073673,461.0736412659343,461.0736902686891,10136718,-9999,344542.6,105.55,-1,-0.10627965947054102,0.9947667025406312,0.9356629018375582,0.971125182259402,26,0.46875,0.0625,P1 O2,de-protonated,0,-9999,C32 H15 O2 P1,32,15,2,-9999,1,-9999,-9999,N/A
991,461.073673,461.0736412659343,461.07341894252914,10136718,-9999,344542.6,105.55,-1,0.4821865586883683,0.6446605135415614,0.9325891667306584,0.7598319748172002,12,1,0.3181818181818182,S2 O7,de-protonated,0,-9999,C22 H22 O7 S2,22,22,7,-9999,-9999,2,-9999,N/A
991,461.073673,461.0736412659343,461.073886973179,10136718,-9999,344542.6,105.55,-1,-0.5329021046000946,0.938906789857439,0.9994324695547414,0.96311706173636,18,0.6363636363636364,0.3636363636363637,N4 O8,de-protonated,0,-9999,C22 H14 O8 N4,22,14,8,4,-9999,-9999,-9999,N/A
992,461.094986,461.0949542679152,461.09481963674904,1312151.9,-9999,444531.3,12.2,-1,0.29198151963563834,0.9846499491361276,0,0.5907899694816765,21,0.6551724137931034,0.13793103448275862,P1 O4,de-protonated,0,-9999,C29 H19 O4 P1,29,19,4,-9999,1,-9999,-9999,N/A
992,461.094986,461.0949542679152,461.0945483105891,1312151.9,-9999,444531.3,12.2,-1,0.8804210059289757,0.8687947757907728,0,0.5212768654744636,7,1.368421052631579,0.47368421052631576,S2 O9,de-protonated,0,-9999,C19 H26 O9 S2,19,26,9,-9999,-9999,2,-9999,N/A
992,461.094986,461.0949542679152,461.0950163412391,1312151.9,-9999,444531.3,12.2,-1,-0.13462154595412382,0.9967170134249111,0,0.5980302080549467,13,0.9473684210526316,0.5263157894736842,N4 O10,de-protonated,0,-9999,C19 H18 O10 N4,19,18,10,4,-9999,-9999,-9999,N/A
993,461.110023,461.1099912693127,461.11007577803906,11445407,-9999,302240.1,119.39,-1,-0.183272348247278,0.9884386769008184,0.9110907524190518,0.9574995071081118,25,0.5757575757575758,0.0303030303030303,P1 O1,de-protonated,0,-9999,C33 H19 O1 P1,33,19,1,-9999,1,-9999,-9999,N/A
993,461.110023,461.1099912693127,461.1098044518791,11445407,-9999,302240.1,119.39,-1,0.4051473895874078,0.6521996481340943,0.9213745142786288,0.7598695945919081,11,1.1304347826086956,0.2608695652173913,S2 O6,de-protonated,0,-9999,C23 H26 O6 S2,23,26,6,-9999,-9999,2,-9999,N/A
993,461.110023,461.1099912693127,461.1102724825291,11445407,-9999,302240.1,119.39,-1,-0.6098610966517439,0.9208668360691604,0.9749203705591678,0.9424882498651634,17,0.782608695652174,0.30434782608695654,N4 O7,de-protonated,0,-9999,C23 H18 O7 N4,23,18,7,4,-9999,-9999,-9999,N/A
994,461.146456,461.1464242726987,461.146189961229,12127407,-9999,311469.9,126.6,-1,0.5081067019169767,0.6320261742532515,0.9296512768820272,0.7510762153047617,10,1.25,0.20833333333333337,S2 O5,de-protonated,0,-9999,C24 H30 O5 S2,24,30,5,-9999,-9999,2,-9999,N/A
994,461.146456,461.1464242726987,461.1466579918791,12127407,-9999,311469.9,126.6,-1,-0.5068218024873946,0.9601185344665758,0.9823117428972716,0.9689958178388542,16,0.9166666666666666,0.25,N4 O6,de-protonated,0,-9999,C24 H22 O6 N4,24,22,6,4,-9999,-9999,-9999,N/A
995,461.149079,461.1490472729425,461.14869188467907,1493935.9,-9999,320656.7,14.12,-1,0.7706587260664997,0.8978384978768122,0,0.5387030987260873,6,1.5,0.5,S1 O10,de-protonated,0,-9999,C20 H30 O10 S1,20,30,10,-9999,-9999,1,-9999,N/A
995,461.149079,461.1490472729425,461.1491811420291,1493935.9,-9999,320656.7,14.12,-1,-0.29029453389655946,0.9848254643372744,0,0.5908952786023647,10,1.3478260869565215,0.08695652173913043,N2 S2 P1 O2,de-protonated,0,-9999,C23 H31 O2 N2 P1 S2,23,31,2,2,1,2,-9999,N/A
996,461.181554,461.18152227596073,461.18170609070904,2581694.5,-9999,530637.3,25.63,-1,-0.398573373322731,0.9715864077778692,0,0.5829518446667215,10,1.25,0.375,O9,de-protonated,0,-9999,C24 H30 O9,24,30,9,-9999,-9999,-9999,-9999,N/A
996,461.181554,461.18152227596073,461.1815438993792,2581694.5,-9999,530637.3,25.63,-1,-0.04688699866599504,0.9996011844537346,0,0.5997607106722407,5,1.8421052631578947,0.15789473684210523,N4 S2 P1 O3,de-protonated,0,-9999,C19 H35 O3 N4 P1 S2,19,35,3,4,1,2,-9999,N/A
997,461.182833,461.1828012760796,461.1825754705791,8334527,-9999,320179.6,86.48,-1,0.4896227926425362,0.9689920027994108,0.9928049813878728,0.9785171942347956,9,1.36,0.16,S2 O4,de-protonated,0,-9999,C25 H34 O4 S2,25,34,4,-9999,-9999,2,-9999,N/A
997,461.182833,461.1828012760796,461.18304350122906,8334527,-9999,320179.6,86.48,-1,-0.5252256189313852,0.934936025891736,0.9928049813878728,0.9580836080901908,15,1.04,0.2,N4 O5,de-protonated,0,-9999,C25 H26 O5 N4,25,26,5,4,-9999,-9999,-9999,N/A
998,461.219158,461.2191262794556,461.218960979929,2645199,-9999,350797.8,26.3,-1,0.3583970751088253,0.9769627007945232,0,0.586177620476714,8,1.4615384615384617,0.1153846153846154,S2 O3,de-protonated,0,-9999,C26 H38 O3 S2,26,38,3,-9999,-9999,2,-9999,N/A
998,461.219158,461.2191262794556,461.21942901057906,2645199,-9999,350797.8,26.3,-1,-0.6563711422346364,0.9248050862531716,0,0.554883051751903,14,1.1538461538461535,0.15384615384615383,N4 O4,de-protonated,0,-9999,C26 H30 O4 N4,26,30,4,4,-9999,-9999,-9999,N/A
999,462.068959,462.0689273584357,462.0689392408891,1679946.6,-9999,347081.4,16.09,-1,-0.02571575895874274,0.9998800151355386,0,0.5999280090813232,26,0.4516129032258064,0.06451612903225806,N1 P1 O2,de-protonated,0,-9999,C31 H14 O2 N1 P1,31,14,2,1,1,-9999,-9999,N/A
999,462.068959,462.0689273584357,462.06866791472913,1679946.6,-9999,347081.4,16.09,-1,0.5614830100516529,0.9444013085872736,0,0.5666407851523642,12,1,0.3333333333333333,N1 S2 O7,de-protonated,0,-9999,C21 H21 O7 N1 S2,21,21,7,1,-9999,2,-9999,N/A
1000,462.076977,462.07694535918085,462.07704510375913,2420814.3,-9999,393501.4,23.92,-1,-0.21586135761464265,0.9915808355553896,0.9356629018375582,0.969213662068257,26,0.4838709677419355,0.06451612903225806,13C1 P1 O2,de-protonated,1,991,C31 H15 O2 P1 13C1,31,15,2,-9999,1,-9999,1,N/A
1000,462.076977,462.07694535918085,462.0767737775992,2420814.3,-9999,393501.4,23.92,-1,0.3713269989611811,0.6501943689600461,0.9325891667306584,0.763152288068291,12,1.0476190476190477,0.3333333333333333,13C1 S2 O7,de-protonated,1,991,C21 H22 O7 S2 13C1,21,22,7,-9999,-9999,2,1,N/A
1000,462.076977,462.07694535918085,462.07718144937905,2420814.3,-9999,393501.4,23.92,-1,-0.5109323889563436,0.9537368106493502,0,0.5722420863896102,26,0.41935483870967744,0.12903225806451613,N1 O4,de-protonated,0,-9999,C31 H13 O4 N1,31,13,4,1,-9999,-9999,-9999,N/A
1000,462.076977,462.07694535918085,462.0765300006991,2420814.3,-9999,393501.4,23.92,-1,0.8988954313374655,0.8636282260248505,0,0.5181769356149103,17,0.7391304347826086,0.2608695652173913,N3 S1 O6,de-protonated,0,-9999,C23 H17 O6 N3 S1,23,17,6,3,-9999,1,-9999,N/A
1000,462.076977,462.07694535918085,462.0772418082491,2420814.3,-9999,393501.4,23.92,-1,-0.6415573878300859,0.9280371338627188,0.9994324695547414,0.9565952681395278,18,0.6666666666666666,0.380952380952381,13C1 N4 O8,de-protonated,1,991,C21 H14 O8 N4 13C1,21,14,8,4,-9999,-9999,1,N/A
1001,462.105416,462.1053843618239,462.1053247502391,2087515,-9999,370284.2,20.4,-1,0.12899999556910952,0.9969850666857376,0,0.5981910400114425,25,0.5625,0.03125,N1 P1 O1,de-protonated,0,-9999,C32 H18 O1 N1 P1,32,18,1,1,1,-9999,-9999,N/A
1001,462.105416,462.1053843618239,462.1050534240791,2087515,-9999,370284.2,20.4,-1,0.7161526203296921,0.9111384494829368,0,0.546683069689762,11,1.1363636363636365,0.2727272727272727,N1 S2 O6,de-protonated,0,-9999,C22 H25 O6 N1 S2,22,25,6,1,-9999,2,-9999,N/A
1002,462.11332,462.11328836255854,462.1134306131091,2413150.5,-9999,330033.6,23.84,-1,-0.30782604684333936,0.9829534544068008,0.9110907524190518,0.9542083736117012,25,0.59375,0.03125,13C1 P1 O1,de-protonated,1,993,C32 H19 O1 P1 13C1,32,19,1,-9999,1,-9999,1,N/A
1002,462.11332,462.11328836255854,462.1131592869491,2413150.5,-9999,330033.6,23.84,-1,0.27931602202940153,0.6572957101965554,0.9213745142786288,0.7629272318293847,11,1.181818181818182,0.2727272727272727,13C1 S2 O6,de-protonated,1,993,C22 H26 O6 S2 13C1,22,26,6,-9999,-9999,2,1,N/A
1002,462.11332,462.11328836255854,462.1135669587291,2413150.5,-9999,330033.6,23.84,-1,-0.6028738182423896,0.9361788269868768,0,0.561707296192126,25,0.53125,0.09375,N1 O3,de-protonated,0,-9999,C32 H17 O3 N1,32,17,3,1,-9999,-9999,-9999,N/A
1002,462.11332,462.11328836255854,462.1129155100491,2413150.5,-9999,330033.6,23.84,-1,0.8068428665693915,0.8885874053385202,0,0.5331524432031121,16,0.875,0.20833333333333337,N3 S1 O5,de-protonated,0,-9999,C24 H21 O5 N3 S1,24,21,5,3,-9999,1,-9999,N/A
1002,462.11332,462.11328836255854,462.11362731759914,2413150.5,-9999,330033.6,23.84,-1,-0.7334885200672734,0.9069931559513682,0.9749203705591678,0.934164041794488,17,0.8181818181818182,0.3181818181818182,13C1 N4 O7,de-protonated,1,993,C22 H18 O7 N4 13C1,22,18,7,4,-9999,-9999,1,N/A
1003,462.141588,462.14155636518575,462.14143893342913,1590379.3,-9999,352702,15.14,-1,0.2541034989029855,0.9883524782477704,0,0.5930114869486622,10,1.2608695652173914,0.21739130434782608,N1 S2 O5,de-protonated,0,-9999,C23 H29 O5 N1 S2,23,29,5,1,-9999,2,-9999,N/A
1004,462.149842,462.1498103659529,462.1495447962991,2815087,-9999,354951.5,28.09,-1,0.5746400851574458,0.6278955163856795,0.9296512768820272,0.7485978205842185,10,1.3043478260869563,0.21739130434782608,13C1 S2 O5,de-protonated,1,994,C23 H30 O5 S2 13C1,23,30,5,-9999,-9999,2,1,N/A
1004,462.149842,462.1498103659529,462.1499524680791,2815087,-9999,354951.5,28.09,-1,-0.3074805600957568,0.4914956850119558,0.7369636471990461,0.5896828698867919,24,0.6363636363636364,0.06060606060606061,N1 O2,de-protonated,0,-9999,C33 H21 O2 N1,33,21,2,1,-9999,-9999,-9999,N/A
1004,462.149842,462.1498103659529,462.1494339611291,2815087,-9999,354951.5,28.09,-1,0.8144656167950842,0.8865969865343504,0,0.5319581919206102,2,2.142857142857143,0.8571428571428571,N3 P1 O12,de-protonated,0,-9999,C14 H30 O12 N3 P1,14,30,12,3,1,-9999,-9999,N/A
1004,462.149842,462.1498103659529,462.15001282694914,2815087,-9999,354951.5,28.09,-1,-0.4380850170808271,0.9657759992703098,0.9823117428972716,0.9723902967210944,16,0.9565217391304348,0.2608695652173913,13C1 N4 O6,de-protonated,1,994,C23 H22 O6 N4 13C1,23,22,6,4,-9999,-9999,1,N/A
1005,462.186114,462.186082369324,462.1859303056491,2157695.3,-9999,379328.2,21.14,-1,0.3290097445729661,0.9805502839152724,0.9928049813878728,0.9854521629043126,9,1.4166666666666667,0.16666666666666666,13C1 S2 O4,de-protonated,1,997,C24 H34 O4 S2 13C1,24,34,4,-9999,-9999,2,1,N/A
1005,462.186114,462.186082369324,462.1863379774291,2157695.3,-9999,379328.2,21.14,-1,-0.5530412392841754,0.946014939650056,0,0.5676089637900337,23,0.7352941176470589,0.02941176470588235,N1 O1,de-protonated,0,-9999,C34 H25 O1 N1,34,25,1,1,-9999,-9999,-9999,N/A
1005,462.186114,462.186082369324,462.1856865287491,2157695.3,-9999,379328.2,21.14,-1,0.8564535561102202,0.8753820015647007,0,0.5252292009388204,14,1.1153846153846154,0.1153846153846154,N3 S1 O3,de-protonated,0,-9999,C26 H29 O3 N3 S1,26,29,3,3,-9999,1,-9999,N/A
1005,462.186114,462.186082369324,462.1858194704791,2157695.3,-9999,379328.2,21.14,-1,0.568816337077824,0.94298199490684,0,0.565789196944104,1,2.2666666666666666,0.7333333333333333,N3 P1 O11,de-protonated,0,-9999,C15 H34 O11 N3 P1,15,34,11,3,1,-9999,-9999,N/A
1005,462.186114,462.186082369324,462.1863983362991,2157695.3,-9999,379328.2,21.14,-1,-0.6836353822740341,0.9186947423575672,0.9928049813878728,0.9483388379696892,15,1.0833333333333333,0.20833333333333337,13C1 N4 O5,de-protonated,1,997,C24 H26 O5 N4 13C1,24,26,5,4,-9999,-9999,1,N/A
1006,463.016525,463.0164934465019,463.01656931444904,1496052.1,-9999,313412.5,14.14,-1,-0.16385579289628463,0.9951401821838268,0,0.5970841093102961,27,0.3,0.13333333333333333,P1 O4,de-protonated,0,-9999,C30 H9 O4 P1,30,9,4,-9999,1,-9999,-9999,N/A
1006,463.016525,463.0164934465019,463.01629798828907,1496052.1,-9999,313412.5,14.14,-1,0.4221411076354109,0.9681824567694904,0,0.5809094740616941,13,0.8,0.45,S2 O9,de-protonated,0,-9999,C20 H16 O9 S2,20,16,9,-9999,-9999,2,-9999,N/A
1006,463.016525,463.0164934465019,463.01676601893905,1496052.1,-9999,313412.5,14.14,-1,-0.5886880499839224,0.9390545580982677,0,0.5634327348589606,19,0.4,0.5,N4 O10,de-protonated,0,-9999,C20 H8 O10 N4,20,8,10,4,-9999,-9999,-9999,N/A
1007,463.051638,463.05160644976536,463.0518141177691,2842628,-9999,422211.4,28.38,-1,-0.4484768170501784,0.9641628777097382,0,0.5784977266258429,13,0.8,0.65,O13,de-protonated,0,-9999,C20 H16 O13,20,16,13,-9999,-9999,-9999,-9999,N/A
1007,463.051638,463.05160644976536,463.0516519264391,2842628,-9999,422211.4,28.38,-1,-0.09821080132441586,0.9982513924261706,0,0.5989508354557023,8,1.4,0.4666666666666667,N4 S2 P1 O7,de-protonated,0,-9999,C15 H21 O7 N4 P1 S2,15,21,7,4,1,2,-9999,N/A
1008,463.052974,463.0529424498895,463.0529548237991,9345029,-9999,330721.8,97.16,-1,-0.02672245038845485,0.9926355706082468,0.9403934891977096,0.971738738044032,26,0.41935483870967744,0.0967741935483871,P1 O3,de-protonated,0,-9999,C31 H13 O3 P1,31,13,3,-9999,1,-9999,-9999,N/A
1008,463.052974,463.0529424498895,463.05268349763907,9345029,-9999,330721.8,97.16,-1,0.5592284844642688,0.9643190452485776,0.9935994670645152,0.9760312139749528,12,0.9523809523809524,0.380952380952381,S2 O8,de-protonated,0,-9999,C21 H20 O8 S2,21,20,8,-9999,-9999,2,-9999,N/A
1008,463.052974,463.0529424498895,463.0531515282891,9345029,-9999,330721.8,97.16,-1,-0.4515213835190753,0.9383039882567872,0.9935994670645154,0.9604221797798784,18,0.5714285714285714,0.42857142857142855,N4 O9,de-protonated,0,-9999,C21 H12 O9 N4,21,12,9,4,-9999,-9999,-9999,N/A
1009,463.089325,463.0892934532679,463.0893403331491,13512725,-9999,303054.8,141.25,-1,-0.10123290934972728,0.995699230587344,0.9315453937748148,0.9700376958623322,25,0.53125,0.0625,P1 O2,de-protonated,0,-9999,C32 H17 O2 P1,32,17,2,-9999,1,-9999,-9999,N/A
1009,463.089325,463.0892934532679,463.08906900698906,13512725,-9999,303054.8,141.25,-1,0.4846719429212995,0.6436135103509666,0.9325891667306584,0.7592037729028434,11,1.0909090909090908,0.3181818181818182,S2 O7,de-protonated,0,-9999,C22 H24 O7 S2,22,24,7,-9999,-9999,2,-9999,N/A
1009,463.089325,463.0892934532679,463.0895370376391,13512725,-9999,303054.8,141.25,-1,-0.5259984338609388,0.9421509576622712,0.9964500223825152,0.9638705835503688,17,0.7272727272727273,0.3636363636363637,N4 O8,de-protonated,0,-9999,C22 H16 O8 N4,22,16,8,4,-9999,-9999,-9999,N/A
1010,463.09211,463.0920784535268,463.09206018778906,1300502.3,-9999,356739.4,12.07,-1,0.03944299477025615,0.9997177510756716,0,0.599830650645403,11,1.1904761904761905,0.1904761904761905,N2 S2 P1 O4,de-protonated,0,-9999,C21 H25 O4 N2 P1 S2,21,25,4,2,1,2,-9999,N/A
1011,463.124354,463.1243224565235,463.1245851364691,4546597,-9999,411548.9,46.4,-1,-0.5671906740063845,0.47164901726942104,0.8077896627745539,0.6061052754714742,11,1.0909090909090908,0.5,O11,de-protonated,0,-9999,C22 H24 O11,22,24,11,-9999,-9999,-9999,-9999,N/A
1011,463.124354,463.1243224565235,463.12393368778913,4546597,-9999,411548.9,46.4,-1,0.8394485926431232,0.8799746659347476,0,0.5279847995608485,2,2,0.9285714285714286,N2 S1 O13,de-protonated,0,-9999,C14 H28 O13 N2 S1,14,28,13,2,-9999,1,-9999,N/A
1011,463.124354,463.1243224565235,463.12442294513903,4546597,-9999,411548.9,46.4,-1,-0.21697973711945676,0.9914937430937216,0,0.5948962458562329,6,1.7058823529411764,0.29411764705882354,N4 S2 P1 O5,de-protonated,0,-9999,C17 H29 O5 N4 P1 S2,17,29,5,4,1,2,-9999,N/A
1012,463.125727,463.1256954566511,463.1257258424991,16506917,-9999,347608.2,172.92,-1,-0.0656103651705884,0.6657566941308535,0.8810832298517708,0.7518873084192204,24,0.6363636363636364,0.0303030303030303,P1 O1,de-protonated,0,-9999,C33 H21 O1 P1,33,21,1,-9999,1,-9999,-9999,N/A
1012,463.125727,463.1256954566511,463.1254545163391,16506917,-9999,347608.2,172.92,-1,0.5202484761593683,0.6369939103215762,0.9234522628039812,0.7515772513145382,10,1.2173913043478262,0.2608695652173913,S2 O6,de-protonated,0,-9999,C23 H28 O6 S2,23,28,6,-9999,-9999,2,-9999,N/A
1012,463.125727,463.1256954566511,463.1259225469891,16506917,-9999,347608.2,172.92,-1,-0.4903425330889228,0.9540369051640928,0.9769981190845204,0.963221390732264,16,0.8695652173913043,0.30434782608695654,N4 O7,de-protonated,0,-9999,C23 H20 O7 N4,23,20,7,4,-9999,-9999,-9999,N/A
1013,463.16211,463.1620784600325,463.16184002568906,14401590,-9999,312205.8,150.65,-1,0.5147970381516039,0.6324742178700734,0.9270606262822556,0.7503087812349463,9,1.3333333333333333,0.20833333333333337,S2 O5,de-protonated,0,-9999,C24 H32 O5 S2,24,32,5,-9999,-9999,2,-9999,N/A
1013,463.16211,463.1620784600325,463.1623080563391,14401590,-9999,312205.8,150.65,-1,-0.4957145748190258,0.960417134073318,0.9797210922975002,0.968138717362991,15,1,0.25,N4 O6,de-protonated,0,-9999,C24 H24 O6 N4,24,24,6,4,-9999,-9999,-9999,N/A
1014,463.164804,463.1647724602829,463.1643419491391,1605175,-9999,324456.3,15.29,-1,0.929499758104434,0.8549039245725825,0,0.5129423547435494,5,1.6,0.5,S1 O10,de-protonated,0,-9999,C20 H32 O10 S1,20,32,10,-9999,-9999,1,-9999,N/A
1014,463.164804,463.1647724602829,463.1648312064891,1605175,-9999,324456.3,15.29,-1,-0.12683650020260392,0.9970852009606888,0,0.5982511205764133,9,1.434782608695652,0.08695652173913043,N2 S2 P1 O2,de-protonated,0,-9999,C23 H33 O2 N2 P1 S2,23,33,2,2,1,2,-9999,N/A
1015,463.197157,463.1971254632898,463.1973561551691,2238021.5,-9999,406771.9,21.98,-1,-0.49804230572866515,0.9559901723632191,0,0.5735941034179315,9,1.3333333333333333,0.375,O9,de-protonated,0,-9999,C24 H32 O9,24,32,9,-9999,-9999,-9999,-9999,N/A
1015,463.197157,463.1971254632898,463.1967047064891,2238021.5,-9999,406771.9,21.98,-1,0.9083760667135196,0.8609474127012234,0,0.5165684476207341,0,2.25,0.6875,N2 S1 O11,de-protonated,0,-9999,C16 H36 O11 N2 S1,16,36,11,2,-9999,1,-9999,N/A
1015,463.197157,463.1971254632898,463.1971939638391,2238021.5,-9999,406771.9,21.98,-1,-0.1478863649612017,0.9960395123351744,0,0.5976237074011046,4,1.9473684210526316,0.15789473684210523,N4 S2 P1 O3,de-protonated,0,-9999,C19 H37 O3 N4 P1 S2,19,37,3,4,1,2,-9999,N/A
1016,463.198532,463.1985004634176,463.1982255350391,6871110,-9999,320746.1,70.99,-1,0.5935436781006466,0.9685174735610628,0.9688149247237108,0.968636454026122,8,1.44,0.16,S2 O4,de-protonated,0,-9999,C25 H36 O4 S2,25,36,4,-9999,-9999,2,-9999,N/A
1016,463.198532,463.1985004634176,463.1986935656891,6871110,-9999,320746.1,70.99,-1,-0.416888635896876,0.9092158129206072,0.9608283829095794,0.929860840916196,14,1.12,0.2,N4 O5,de-protonated,0,-9999,C25 H28 O5 N4,25,28,5,4,-9999,-9999,-9999,N/A
1017,463.234957,463.2349254668029,463.23461104438906,1579094.6,-9999,346091.7,15.01,-1,0.6787541482318236,0.919803963240554,0,0.5518823779443324,7,1.5384615384615383,0.1153846153846154,S2 O3,de-protonated,0,-9999,C26 H40 O3 S2,26,40,3,-9999,-9999,2,-9999,N/A
1017,463.234957,463.2349254668029,463.2350790750391,1579094.6,-9999,346091.7,15.01,-1,-0.3315988860260759,0.9802460158807688,0,0.5881476095284613,13,1.2307692307692308,0.15384615384615383,N4 O4,de-protonated,0,-9999,C26 H32 O4 N4,26,32,4,4,-9999,-9999,-9999,N/A
1018,464.056209,464.0561775431297,464.0563096588691,2213321.8,-9999,376137.7,21.72,-1,-0.28469764705599715,0.98540070339792,0.9403934891977096,0.9673978177178356,26,0.43333333333333335,0.1,13C1 P1 O3,de-protonated,1,1008,C30 H13 O3 P1 13C1,30,13,3,-9999,1,-9999,1,N/A
1018,464.056209,464.0561775431297,464.0560383327091,2213321.8,-9999,376137.7,21.72,-1,0.29998622810899933,0.98380371105148,0.9935994670645152,0.9877220134566942,12,1,0.4,13C1 S2 O8,de-protonated,1,1008,C20 H20 O8 S2 13C1,20,20,8,-9999,-9999,2,1,N/A
1018,464.056209,464.0561775431297,464.0564460044891,2213321.8,-9999,376137.7,21.72,-1,-0.5785101397710158,0.9410809154138264,0,0.5646485492482958,26,0.36666666666666664,0.16666666666666666,N1 O5,de-protonated,0,-9999,C30 H11 O5 N1,30,11,5,1,-9999,-9999,-9999,N/A
1018,464.056209,464.0561775431297,464.05579455580914,2213321.8,-9999,376137.7,21.72,-1,0.8253044676943162,0.8837423804693516,0,0.5302454282816109,17,0.6818181818181818,0.3181818181818182,N3 S1 O7,de-protonated,0,-9999,C22 H15 O7 N3 S1,22,15,7,3,-9999,1,-9999,N/A
1018,464.056209,464.0561775431297,464.0565063633592,2213321.8,-9999,376137.7,21.72,-1,-0.7085779964674368,0.9129243501892448,0.9935994670645154,0.945194396939353,18,0.6,0.45,13C1 N4 O9,de-protonated,1,1008,C20 H12 O9 N4 13C1,20,12,9,4,-9999,-9999,1,N/A
1019,464.084661,464.0846295457739,464.0845893053491,2274262.8,-9999,331907.9,22.36,-1,0.08670924600977602,0.998636709385865,0,0.599182025631519,25,0.5161290322580645,0.06451612903225806,N1 P1 O2,de-protonated,0,-9999,C31 H16 O2 N1 P1,31,16,2,1,1,-9999,-9999,N/A
1019,464.084661,464.0846295457739,464.08431797918905,2274262.8,-9999,331907.9,22.36,-1,0.6713577097629893,0.9214721129514012,0,0.5528832677708406,11,1.0952380952380951,0.3333333333333333,N1 S2 O7,de-protonated,0,-9999,C21 H23 O7 N1 S2,21,23,7,1,-9999,2,-9999,N/A
1020,464.092637,464.0926055465152,464.0926951682191,3142106.5,-9999,431475.3,31.54,-1,-0.193111645146473,0.9932562380004352,0.9315453937748148,0.9685719003101868,25,0.5483870967741935,0.06451612903225806,13C1 P1 O2,de-protonated,1,1009,C31 H17 O2 P1 13C1,31,17,2,-9999,1,-9999,1,N/A
1020,464.092637,464.0926055465152,464.09242384205913,3142106.5,-9999,431475.3,31.54,-1,0.39152644338922254,0.6483789763264799,0.9325891667306584,0.7620630524881513,11,1.1428571428571428,0.3333333333333333,13C1 S2 O7,de-protonated,1,1009,C21 H24 O7 S2 13C1,21,24,7,-9999,-9999,2,1,N/A
1020,464.092637,464.0926055465152,464.0928315138391,3142106.5,-9999,431475.3,31.54,-1,-0.4869011294693651,0.47894777711464087,0.7489023467070351,0.5869296049515986,25,0.4838709677419355,0.12903225806451613,N1 O4,de-protonated,0,-9999,C31 H15 O4 N1,31,15,4,1,-9999,-9999,-9999,N/A
1020,464.092637,464.0926055465152,464.0921800651591,3142106.5,-9999,431475.3,31.54,-1,0.9168035455810184,0.8585478736544668,0,0.5151287241926801,16,0.8260869565217391,0.2608695652173913,N3 S1 O6,de-protonated,0,-9999,C23 H19 O6 N3 S1,23,19,6,3,-9999,1,-9999,N/A
1020,464.092637,464.0926055465152,464.09289187270906,3142106.5,-9999,431475.3,31.54,-1,-0.6169588003396957,0.9332648078613224,0.9964500223825152,0.9585388936697996,17,0.7619047619047619,0.380952380952381,13C1 N4 O8,de-protonated,1,1009,C21 H16 O8 N4 13C1,21,16,8,4,-9999,-9999,1,N/A
1021,464.093795,464.0937635466228,464.0938338354391,1466330.9,-9999,430572.8,13.82,-1,-0.15145388963311393,0.995846528724224,0,0.5975079172345343,11,1.1428571428571428,0.3333333333333333,N1 S1 P1 O7,de-protonated,0,-9999,C21 H24 O7 N1 P1 S1,21,24,7,1,1,1,-9999,N/A
1022,464.121356,464.1213245491843,464.1209748146991,1858535.4,-9999,330710.1,17.96,-1,0.7535416502316321,0.9020989144438504,0,0.5412593486663102,24,0.625,0.03125,N1 P1 O1,de-protonated,0,-9999,C32 H20 O1 N1 P1,32,20,1,1,1,-9999,-9999,N/A
1023,464.129064,464.1290325499007,464.1290806775691,3530730.8,-9999,297213.8,35.65,-1,-0.10369457631985347,0.6653672421444216,0.8810832298517708,0.7516536372273612,24,0.65625,0.03125,13C1 P1 O1,de-protonated,1,1012,C32 H21 O1 P1 13C1,32,21,1,-9999,1,-9999,1,N/A
1023,464.129064,464.1290325499007,464.12880935140913,3530730.8,-9999,297213.8,35.65,-1,0.4808977316199842,0.6392706203697599,0.9234522628039812,0.7529432773434485,10,1.2727272727272727,0.2727272727272727,13C1 S2 O6,de-protonated,1,1012,C22 H28 O6 S2 13C1,22,28,6,-9999,-9999,2,1,N/A
1023,464.129064,464.1290325499007,464.129217023189,3530730.8,-9999,297213.8,35.65,-1,-0.3974610550984815,0.48587125894771727,0.7428850341668535,0.5886767690353718,24,0.59375,0.09375,N1 O3,de-protonated,0,-9999,C32 H19 O3 N1,32,19,3,1,-9999,-9999,-9999,N/A
1023,464.129064,464.1290325499007,464.1292773820591,3530730.8,-9999,297213.8,35.65,-1,-0.5275085419475896,0.9507626127036944,0.9769981190845204,0.9612568152560248,16,0.9090909090909092,0.3181818181818182,13C1 N4 O7,de-protonated,1,1012,C22 H20 O7 N4 13C1,22,20,7,4,-9999,-9999,1,N/A
1024,464.165487,464.1654555532858,464.16519486075913,3286523.5,-9999,295397.2,33.07,-1,0.561637385958649,0.6295810654164763,0.9270606262822556,0.748572889762788,9,1.391304347826087,0.21739130434782608,13C1 S2 O5,de-protonated,1,1013,C23 H32 O5 S2 13C1,23,32,5,-9999,-9999,2,1,N/A
1024,464.165487,464.1654555532858,464.1656025325391,3286523.5,-9999,295397.2,33.07,-1,-0.3166526180677117,0.49098542437941434,0.7369636471990462,0.5893767135072671,23,0.696969696969697,0.06060606060606061,N1 O2,de-protonated,0,-9999,C33 H23 O2 N1,33,23,2,1,-9999,-9999,-9999,N/A
1024,464.165487,464.1654555532858,464.1650840255891,3286523.5,-9999,295397.2,33.07,-1,0.8004214653067948,0.8902530325809125,0,0.5341518195485475,1,2.2857142857142856,0.8571428571428571,N3 P1 O12,de-protonated,0,-9999,C14 H32 O12 N3 P1,14,32,12,3,1,-9999,-9999,N/A
1024,464.165487,464.1654555532858,464.1656628914091,3286523.5,-9999,295397.2,33.07,-1,-0.4466899210024029,0.964442756820686,0.9797210922975002,0.9705540910114115,15,1.0434782608695652,0.2608695652173913,13C1 N4 O6,de-protonated,1,1013,C23 H24 O6 N4 13C1,23,24,6,4,-9999,-9999,1,N/A
1025,464.201647,464.2016155566465,464.2015803701091,1525259.9,-9999,393837.3,14.44,-1,0.07580012407669884,0.9989580010152816,0.9688149247237108,0.9869007704986532,8,1.5,0.16666666666666666,13C1 S2 O4,de-protonated,1,1016,C24 H36 O4 S2 13C1,24,36,4,-9999,-9999,2,1,N/A
1025,464.201647,464.2016155566465,464.2019880418891,1525259.9,-9999,393837.3,14.44,-1,-0.8024206103383219,0.8897355734210861,0,0.5338413440526516,22,0.7941176470588235,0.02941176470588235,N1 O1,de-protonated,0,-9999,C34 H27 O1 N1,34,27,1,1,-9999,-9999,-9999,N/A
1025,464.201647,464.2016155566465,464.2013365932091,1525259.9,-9999,393837.3,14.44,-1,0.6009535420241877,0.9365715909575596,0,0.5619429545745358,13,1.1923076923076923,0.1153846153846154,N3 S1 O3,de-protonated,0,-9999,C26 H31 O3 N3 S1,26,31,3,3,-9999,1,-9999,N/A
1025,464.201647,464.2016155566465,464.20146953493906,1525259.9,-9999,393837.3,14.44,-1,0.31456537093090076,0.9822056268552806,0,0.5893233761131683,0,2.4,0.7333333333333333,N3 P1 O11,de-protonated,0,-9999,C15 H36 O11 N3 P1,15,36,11,3,1,-9999,-9999,N/A
1025,464.201647,464.2016155566465,464.2020484007591,1525259.9,-9999,393837.3,14.44,-1,0.9481991086636016,0.8494746613182081,0.9608283829095794,0.8940161499547565,14,1.1666666666666667,0.20833333333333337,13C1 N4 O5,de-protonated,1,1016,C24 H28 O5 N4 13C1,24,28,5,4,-9999,-9999,1,N/A
1026,464.20252,464.2024885567277,464.2020484007591,1444108.3,-9999,379131.5,13.58,-1,0.9481991086636016,0.8494746613182081,0.9608283829095794,0.8940161499547565,14,1.1666666666666667,0.20833333333333337,13C1 N4 O5,de-protonated,1,1016,C24 H28 O5 N4 13C1,24,28,5,4,-9999,-9999,1,N/A
1027,465.032302,465.0322706338472,465.0322193789091,3937157.5,-9999,317124.9,39.95,-1,0.1102180364677816,0.4988990930455433,0.7550179348240813,0.6013466297569585,26,0.36666666666666664,0.13333333333333333,P1 O4,de-protonated,0,-9999,C30 H11 O4 P1,30,11,4,-9999,1,-9999,-9999,N/A
1027,465.032302,465.0322706338472,465.0319480527491,3937157.5,-9999,317124.9,39.95,-1,0.6936751323003032,0.9163925844799744,0,0.5498355506879845,12,0.9,0.45,S2 O9,de-protonated,0,-9999,C20 H18 O9 S2,20,18,9,-9999,-9999,2,-9999,N/A
1027,465.032302,465.0322706338472,465.0324160833991,3937157.5,-9999,317124.9,39.95,-1,-0.31277293122751193,0.9824060495566266,0,0.5894436297339759,18,0.5,0.5,N4 O10,de-protonated,0,-9999,C20 H10 O10 N4,20,10,10,4,-9999,-9999,-9999,N/A
1028,465.047421,465.04738963525233,465.0474755201991,1852812.4,-9999,378540.4,17.9,-1,-0.1846799548247198,0.9938304967082978,0,0.5962982980249787,30,0.3235294117647059,0.02941176470588235,P1 O1,de-protonated,0,-9999,C34 H11 O1 P1,34,11,1,-9999,1,-9999,-9999,N/A
1028,465.047421,465.04738963525233,465.04720419403907,1852812.4,-9999,378540.4,17.9,-1,0.3987578284294101,0.9715604803815155,0,0.5829362882289093,16,0.75,0.25,S2 O6,de-protonated,0,-9999,C24 H18 O6 S2,24,18,6,-9999,-9999,2,-9999,N/A
1028,465.047421,465.04738963525233,465.0476722246891,1852812.4,-9999,378540.4,17.9,-1,-0.6076569213366607,0.9351957894740918,0,0.5611174736844551,22,0.4166666666666667,0.2916666666666667,N4 O7,de-protonated,0,-9999,C24 H10 O7 N4,24,10,7,4,-9999,-9999,-9999,N/A
1029,465.067206,465.0671746370911,465.0674641822291,3568533.3,-9999,461917.7,36.05,-1,-0.6225873885025613,0.9320840902614012,0,0.5592504541568407,12,0.9,0.65,O13,de-protonated,0,-9999,C20 H18 O13,20,18,13,-9999,-9999,-9999,-9999,N/A
1029,465.067206,465.0671746370911,465.0669511179791,3568533.3,-9999,461917.7,36.05,-1,0.48061706271496457,0.4794764432580339,0.7369636471990462,0.5824713248344389,30,0.30303030303030304,0.06060606060606061,N2 O2,de-protonated,0,-9999,C33 H10 O2 N2,33,10,2,2,-9999,-9999,-9999,N/A
1029,465.067206,465.0671746370911,465.06730199089907,3568533.3,-9999,461917.7,36.05,-1,-0.27383952260090305,0.9864856605015676,0,0.5918913963009406,7,1.5333333333333334,0.4666666666666667,N4 S2 P1 O7,de-protonated,0,-9999,C15 H23 O7 N4 P1 S2,15,23,7,4,1,2,-9999,N/A
1030,465.068623,465.0685916372228,465.06860488825913,11119510,-9999,319848,115.92,-1,-0.02849264854272784,0.9999225757760318,0.933164084399416,0.9732191792253856,25,0.4838709677419355,0.0967741935483871,P1 O3,de-protonated,0,-9999,C31 H15 O3 P1,31,15,3,-9999,1,-9999,-9999,N/A
1030,465.068623,465.0685916372228,465.0683335620991,11119510,-9999,319848,115.92,-1,0.55491871860634,0.6282428829795007,0.932035399574757,0.7497598896176032,11,1.0476190476190477,0.380952380952381,S2 O8,de-protonated,0,-9999,C21 H22 O8 S2,21,22,8,-9999,-9999,2,-9999,N/A
1030,465.068623,465.0685916372228,465.06880159274914,11119510,-9999,319848,115.92,-1,-0.45145046409629136,0.9664205609125768,0.9991711281371912,0.9795207878024226,17,0.6666666666666666,0.42857142857142855,N4 O9,de-protonated,0,-9999,C21 H14 O9 N4,21,14,9,4,-9999,-9999,-9999,N/A
1031,465.083774,465.08374263863095,465.0835897033891,1766300.9,-9999,411934.1,16.98,-1,0.32883388108003475,0.9805708677659126,0,0.5883425206595475,15,0.88,0.2,S2 O5,de-protonated,0,-9999,C25 H22 O5 S2,25,22,5,-9999,-9999,2,-9999,N/A
1031,465.083774,465.08374263863095,465.08372264511905,1766300.9,-9999,411934.1,16.98,-1,0.04298905965749203,0.9996647282929432,0,0.5997988369757659,2,1.9285714285714288,0.9285714285714286,S1 P1 O13,de-protonated,0,-9999,C14 H27 O13 P1 S1,14,27,13,-9999,1,1,-9999,N/A
1031,465.083774,465.08374263863095,465.0840577340391,1766300.9,-9999,411934.1,16.98,-1,-0.6775020620787743,0.9200874233613956,0,0.5520524540168374,21,0.56,0.24,N4 O6,de-protonated,0,-9999,C25 H14 O6 N4,25,14,6,4,-9999,-9999,-9999,N/A
1032,465.103625,465.10359364047594,465.1038496915791,4785062,-9999,424111.8,48.92,-1,-0.5505245835927332,0.4732458956563224,0.8149093904448101,0.6099112935717175,11,1.0476190476190477,0.5714285714285714,O12,de-protonated,0,-9999,C21 H22 O12,21,22,12,-9999,-9999,-9999,-9999,N/A
1032,465.103625,465.10359364047594,465.1033366273291,4785062,-9999,424111.8,48.92,-1,0.5525936423069601,0.4730499454916112,0.7311359101322861,0.5762843313478812,29,0.4117647058823529,0.02941176470588235,N2 O1,de-protonated,0,-9999,C34 H14 O1 N2,34,14,1,2,-9999,-9999,-9999,N/A
1032,465.103625,465.10359364047594,465.1036875002491,4785062,-9999,424111.8,48.92,-1,-0.20180397556487265,0.9926377654601808,0,0.5955826592761085,6,1.6875,0.375,N4 S2 P1 O6,de-protonated,0,-9999,C16 H27 O6 N4 P1 S2,16,27,6,4,1,2,-9999,N/A
1033,465.10499,465.1049586406027,465.1049903976091,15987623,-9999,336292.4,167.42,-1,-0.06827922084266215,0.6654007238723417,0.8969030547051142,0.7580016562054508,24,0.59375,0.0625,P1 O2,de-protonated,0,-9999,C32 H19 O2 P1,32,19,2,-9999,1,-9999,-9999,N/A
1033,465.10499,465.1049586406027,465.1047190714491,15987623,-9999,336292.4,167.42,-1,0.5150864822422396,0.6387392540112603,0.9325891667306584,0.7562792190990195,10,1.181818181818182,0.3181818181818182,S2 O7,de-protonated,0,-9999,C22 H26 O7 S2,22,26,7,-9999,-9999,2,-9999,N/A
1033,465.10499,465.1049586406027,465.10518710209914,15987623,-9999,336292.4,167.42,-1,-0.4912039314011977,0.951909328908546,0.9925056022725024,0.9681478382541284,16,0.8181818181818182,0.3636363636363637,N4 O8,de-protonated,0,-9999,C22 H18 O8 N4,22,18,8,4,-9999,-9999,-9999,N/A
1034,465.139998,465.1399666438564,465.14023520092906,5897142.5,-9999,429686.5,60.68,-1,-0.5773679685150926,0.470653189413748,0.8077896627745539,0.6055077787580704,10,1.181818181818182,0.5,O11,de-protonated,0,-9999,C22 H26 O11,22,26,11,-9999,-9999,-9999,-9999,N/A
1034,465.139998,465.1399666438564,465.13958375224905,5897142.5,-9999,429686.5,60.68,-1,0.8231757104857281,0.4421526378998371,0.8684926696514785,0.6126886506004937,1,2.142857142857143,0.9285714285714286,N2 S1 O13,de-protonated,0,-9999,C14 H30 O13 N2 S1,14,30,13,2,-9999,1,-9999,N/A
1034,465.139998,465.1399666438564,465.14007300959906,5897142.5,-9999,429686.5,60.68,-1,-0.22867464846228464,0.49527827013674414,0.8446892076502734,0.6350426451421558,5,1.8235294117647056,0.29411764705882354,N4 S2 P1 O5,de-protonated,0,-9999,C17 H31 O5 N4 P1 S2,17,31,5,4,1,2,-9999,N/A
1035,465.141436,465.14140464399,465.141375906959,18379704,-9999,315801.6,192.72,-1,0.06178128295565728,0.666132814590975,0.900978040796282,0.7600709050730978,23,0.696969696969697,0.0303030303030303,P1 O1,de-protonated,0,-9999,C33 H23 O1 P1,33,23,1,-9999,1,-9999,-9999,N/A
1035,465.141436,465.14140464399,465.14110458079904,18379704,-9999,315801.6,192.72,-1,0.6451014284401344,0.6269827732159604,0.933133982766625,0.7494432570362263,9,1.3043478260869563,0.2608695652173913,S2 O6,de-protonated,0,-9999,C23 H30 O6 S2,23,30,6,-9999,-9999,2,-9999,N/A
1035,465.141436,465.14140464399,465.14157261144913,18379704,-9999,315801.6,192.72,-1,-0.3611103994918044,0.9667554255765364,0.9968929300290318,0.9788104273575348,15,0.9565217391304348,0.30434782608695654,N4 O7,de-protonated,0,-9999,C23 H22 O7 N4,23,22,7,4,-9999,-9999,-9999,N/A
1036,465.176384,465.1763526472381,465.17662071027905,4003783.3,-9999,453298.6,40.65,-1,-0.5762607772423212,0.47076228166016826,0.8007932653391621,0.6027746751317657,9,1.3043478260869563,0.43478260869565216,O10,de-protonated,0,-9999,C23 H30 O10,23,30,10,-9999,-9999,-9999,-9999,N/A
1036,465.176384,465.1763526472381,465.1759692615991,4003783.3,-9999,453298.6,40.65,-1,0.8241733543311606,0.8840416108182869,0,0.5304249664909721,0,2.2666666666666666,0.8,N2 S1 O12,de-protonated,0,-9999,C15 H34 O12 N2 S1,15,34,12,2,-9999,1,-9999,N/A
1036,465.176384,465.1763526472381,465.1764585189491,4003783.3,-9999,453298.6,40.65,-1,-0.2275947312724796,0.9906451057147664,0,0.5943870634288598,4,1.9444444444444444,0.2222222222222222,N4 S2 P1 O4,de-protonated,0,-9999,C18 H35 O4 N4 P1 S2,18,35,4,4,1,2,-9999,N/A
1037,465.177809,465.17777764737053,465.1774900901491,11441096,-9999,325713.5,119.32,-1,0.6181666730799158,0.6216117948580635,0.933670062972206,0.7464351021037205,8,1.4166666666666667,0.20833333333333337,S2 O5,de-protonated,0,-9999,C24 H34 O5 S2,24,34,5,-9999,-9999,2,-9999,N/A
1037,465.177809,465.17777764737053,465.1779581207991,11441096,-9999,325713.5,119.32,-1,-0.3879664231554501,0.9735891288497688,0.9937254971059352,0.9816436761522354,14,1.0833333333333333,0.25,N4 O6,de-protonated,0,-9999,C24 H26 O6 N4,24,26,6,4,-9999,-9999,-9999,N/A
1038,465.214127,465.2140956507459,465.21387559949903,3905496.5,-9999,371008.5,39.61,-1,0.4730109276569437,0.4801079092260814,0.787157861234881,0.6029278900296012,7,1.52,0.16,S2 O4,de-protonated,0,-9999,C25 H38 O4 S2,25,38,4,-9999,-9999,2,-9999,N/A
1038,465.214127,465.2140956507459,465.2143436301491,3905496.5,-9999,371008.5,39.61,-1,-0.5330433306273206,0.47487525146154297,0.7871578612348809,0.5997882953708782,13,1.2,0.2,N4 O5,de-protonated,0,-9999,C25 H30 O5 N4,25,30,5,4,-9999,-9999,-9999,N/A
1039,466.063752,466.0637207297096,466.0638538604591,1772893.1,-9999,460559.8,17.05,-1,-0.28564916251129957,0.9853036747058916,0,0.5911822048235349,25,0.4666666666666667,0.1,N1 P1 O3,de-protonated,0,-9999,C30 H14 O3 N1 P1,30,14,3,1,1,-9999,-9999,N/A
1039,466.063752,466.0637207297096,466.0635825342991,1772893.1,-9999,460559.8,17.05,-1,0.2965162172691421,0.9841732727055632,0,0.590503963623338,11,1.05,0.4,N1 S2 O8,de-protonated,0,-9999,C20 H21 O8 N1 S2,20,21,8,1,-9999,2,-9999,N/A
1040,466.071994,466.0719627304756,466.07195972332914,2511712.8,-9999,350023.3,24.86,-1,0.00645210765847586,0.9999924463753794,0.933164084399416,0.973261101584994,25,0.5,0.1,13C1 P1 O3,de-protonated,1,1030,C30 H15 O3 P1 13C1,30,15,3,-9999,1,-9999,1,N/A
1040,466.071994,466.0719627304756,466.0716883971691,2511712.8,-9999,350023.3,24.86,-1,0.5886075325368376,0.6260471400058399,0.932035399574757,0.7484424438334067,11,1.1,0.4,13C1 S2 O8,de-protonated,1,1030,C20 H22 O8 S2 13C1,20,22,8,-9999,-9999,2,1,N/A
1040,466.071994,466.0719627304756,466.07209606894907,2511712.8,-9999,350023.3,24.86,-1,-0.286089801525101,0.9852586350834291,0,0.5911551810500575,25,0.43333333333333335,0.16666666666666666,N1 O5,de-protonated,0,-9999,C30 H13 O5 N1,30,13,5,1,-9999,-9999,-9999,N/A
1040,466.071994,466.0719627304756,466.0721564278191,2511712.8,-9999,350023.3,24.86,-1,-0.4155951838708069,0.9691462977645724,0.9991711281371912,0.9811562299136198,17,0.7,0.45,13C1 N4 O9,de-protonated,1,1030,C20 H14 O9 N4 13C1,20,14,9,4,-9999,-9999,1,N/A
1041,466.073285,466.0732537305956,466.0730983905491,1306721.5,-9999,406157.7,12.12,-1,0.3332954573572365,0.9800453981882132,0,0.588027238912928,11,1.1,0.4,N1 S1 P1 O8,de-protonated,0,-9999,C20 H22 O8 N1 P1 S1,20,22,8,1,1,1,-9999,N/A
1042,466.100211,466.10017973309806,466.1002393698091,1663341.9,-9999,336395.6,15.89,-1,-0.12794825237184287,0.9970339553871728,0,0.5982203732323036,24,0.5806451612903226,0.06451612903225806,N1 P1 O2,de-protonated,0,-9999,C31 H18 O2 N1 P1,31,18,2,1,1,-9999,-9999,N/A
1042,466.100211,466.10017973309806,466.0999680436491,1663341.9,-9999,336395.6,15.89,-1,0.45417177319933855,0.9632639789114804,0,0.5779583873468883,10,1.1904761904761905,0.3333333333333333,N1 S2 O7,de-protonated,0,-9999,C21 H25 O7 N1 S2,21,25,7,1,-9999,2,-9999,N/A
1043,466.108317,466.1082857338514,466.10834523267914,3622257.5,-9999,336628.1,36.61,-1,-0.12765020911345942,0.6646984914237107,0.8969030547051142,0.7575803167362722,24,0.6129032258064516,0.06451612903225806,13C1 P1 O2,de-protonated,1,1033,C31 H19 O2 P1 13C1,31,19,2,-9999,1,-9999,1,N/A
1043,466.108317,466.1082857338514,466.1080739065191,3622257.5,-9999,336628.1,36.61,-1,0.45445969325990926,0.6421455029709463,0.9325891667306584,0.7583229684748312,10,1.238095238095238,0.3333333333333333,13C1 S2 O7,de-protonated,1,1033,C21 H26 O7 S2 13C1,21,26,7,-9999,-9999,2,1,N/A
1043,466.108317,466.1082857338514,466.10848157829906,3622257.5,-9999,336628.1,36.61,-1,-0.4201692425694819,0.4842371419992431,0.7489023467070351,0.5901032238823599,24,0.5483870967741935,0.12903225806451613,N1 O4,de-protonated,0,-9999,C31 H17 O4 N1,31,17,4,1,-9999,-9999,-9999,N/A
1043,466.108317,466.1082857338514,466.1078301296191,3622257.5,-9999,336628.1,36.61,-1,0.9774653048831629,0.4204161490725266,0.8007932653391621,0.5725669955791808,15,0.9130434782608696,0.2608695652173913,N3 S1 O6,de-protonated,0,-9999,C23 H21 O6 N3 S1,23,21,6,3,-9999,1,-9999,N/A
1043,466.108317,466.1082857338514,466.1085419371691,3622257.5,-9999,336628.1,36.61,-1,-0.5496644979413127,0.9466543151235552,0.9925056022725024,0.964994829983134,16,0.8571428571428571,0.380952380952381,13C1 N4 O8,de-protonated,1,1033,C21 H18 O8 N4 13C1,21,18,8,4,-9999,-9999,1,N/A
1044,466.136579,466.13654773647806,466.1366248791591,1730942.5,-9999,395239.2,16.61,-1,-0.16549371350124897,0.9950427804473512,0,0.5970256682684106,23,0.6875,0.03125,N1 P1 O1,de-protonated,0,-9999,C32 H22 O1 N1 P1,32,22,1,1,1,-9999,-9999,N/A
1044,466.136579,466.13654773647806,466.13635355299914,1730942.5,-9999,395239.2,16.61,-1,0.41658085117124694,0.9690020674984222,0,0.5814012404990533,9,1.318181818181818,0.2727272727272727,N1 S2 O6,de-protonated,0,-9999,C22 H29 O6 N1 S2,22,29,6,1,-9999,2,-9999,N/A
1045,466.144729,466.1446977372355,466.1447307420291,4483458.5,-9999,294950,45.72,-1,-0.07080374699613255,0.6660605202488711,0.900978040796282,0.7600275284678355,23,0.71875,0.03125,13C1 P1 O1,de-protonated,1,1035,C32 H23 O1 P1 13C1,32,23,1,-9999,1,-9999,1,N/A
1045,466.144729,466.1446977372355,466.1444594158691,4483458.5,-9999,294950,45.72,-1,0.5112607510014484,0.6357858178959089,0.933133982766625,0.7547250838441953,9,1.3636363636363635,0.2727272727272727,13C1 S2 O6,de-protonated,1,1035,C22 H30 O6 S2 13C1,22,30,6,-9999,-9999,2,1,N/A
1045,466.144729,466.1446977372355,466.14486708764906,4483458.5,-9999,294950,45.72,-1,-0.3632999642695297,0.4881678273977457,0.7428850341668535,0.5900547101053888,23,0.65625,0.09375,N1 O3,de-protonated,0,-9999,C32 H21 O3 N1,32,21,3,1,-9999,-9999,-9999,N/A
1045,466.144729,466.1446977372355,466.14492744651915,4483458.5,-9999,294950,45.72,-1,-0.4927851192173526,0.9568941629636404,0.9968929300290318,0.9728936697897972,15,1,0.3181818181818182,13C1 N4 O7,de-protonated,1,1035,C22 H22 O7 N4 13C1,22,22,7,4,-9999,-9999,1,N/A
1046,466.181167,466.1811357406221,466.1808449252191,2856851,-9999,272681.9,28.52,-1,0.6238252947473195,0.6212154506960668,0.933670062972206,0.7461972956065225,8,1.4782608695652173,0.21739130434782608,13C1 S2 O5,de-protonated,1,1037,C23 H34 O5 S2 13C1,23,34,5,-9999,-9999,2,1,N/A
1046,466.181167,466.1811357406221,466.1812525969991,2856851,-9999,272681.9,28.52,-1,-0.2506672595011501,0.49433179328501586,0.7369636471990461,0.5913845348506279,22,0.7575757575757576,0.06060606060606061,N1 O2,de-protonated,0,-9999,C33 H25 O2 N1,33,25,2,1,-9999,-9999,-9999,N/A
1046,466.181167,466.1811357406221,466.1807340900491,2856851,-9999,272681.9,28.52,-1,0.8615769456463103,0.8739850127768087,0,0.5243910076660853,0,2.4285714285714284,0.8571428571428571,N3 P1 O12,de-protonated,0,-9999,C14 H34 O12 N3 P1,14,34,12,3,1,-9999,-9999,N/A
1046,466.181167,466.1811357406221,466.18131295586915,2856851,-9999,272681.9,28.52,-1,-0.38014232257775055,0.974119960293219,0.9937254971059352,0.9819621750183054,14,1.1304347826086956,0.2608695652173913,13C1 N4 O6,de-protonated,1,1037,C23 H26 O6 N4 13C1,23,26,6,4,-9999,-9999,1,N/A
1047,467.026705,467.0266738192059,467.02646874914905,1347864,-9999,357586.6,12.55,-1,0.4390972901072739,0.965620408876878,0,0.5793722453261267,16,0.6956521739130435,0.30434782608695654,S2 O7,de-protonated,0,-9999,C23 H16 O7 S2,23,16,7,-9999,-9999,2,-9999,N/A
1047,467.026705,467.0266738192059,467.0269367797991,1347864,-9999,357586.6,12.55,-1,-0.563052304900097,0.9440989526328394,0,0.5664593715797036,22,0.34782608695652173,0.34782608695652173,N4 O8,de-protonated,0,-9999,C23 H8 O8 N4,23,8,8,4,-9999,-9999,-9999,N/A
1048,467.046571,467.0465398210522,467.0467287373391,2254625.3,-9999,531100.5,22.14,-1,-0.4044911895919297,0.9707489557037494,0,0.5824493734222497,12,0.8421052631578947,0.7368421052631579,O14,de-protonated,0,-9999,C19 H16 O14,19,16,14,-9999,-9999,-9999,-9999,N/A
1048,467.046571,467.0465398210522,467.04656654600905,2254625.3,-9999,531100.5,22.14,-1,-0.05722118257154168,0.9994060655955754,0,0.5996436393573452,7,1.5,0.5714285714285714,N4 S2 P1 O8,de-protonated,0,-9999,C14 H21 O8 N4 P1 S2,14,21,8,4,1,2,-9999,N/A
1049,467.04787,467.04783882117295,467.04786944336905,6027042,-9999,373901.4,62.05,-1,-0.06556543367455865,0.49961014389321257,0.7550179348240812,0.6017732602655601,25,0.43333333333333335,0.13333333333333333,P1 O4,de-protonated,0,-9999,C30 H13 O4 P1,30,13,4,-9999,1,-9999,-9999,N/A
1049,467.04787,467.04783882117295,467.04759811720913,6027042,-9999,373901.4,62.05,-1,0.5153735182063336,0.4764741813404452,0.8221557383861046,0.614746804158709,11,1,0.45,S2 O9,de-protonated,0,-9999,C20 H20 O9 S2,20,20,9,-9999,-9999,2,-9999,N/A
1049,467.04787,467.04783882117295,467.04806614785906,6027042,-9999,373901.4,62.05,-1,-0.4867308155030029,0.4789621880975025,0.8221557383861046,0.6162396082129433,17,0.6,0.5,N4 O10,de-protonated,0,-9999,C20 H12 O10 N4,20,12,10,4,-9999,-9999,-9999,N/A
1050,467.063074,467.063042822586,467.0631255846591,3007272.8,-9999,325917.1,30.1,-1,-0.1771967610884445,0.4971594735596108,0.7311359101322861,0.5907500481886809,29,0.38235294117647056,0.02941176470588235,P1 O1,de-protonated,0,-9999,C34 H13 O1 P1,34,13,1,-9999,1,-9999,-9999,N/A
1050,467.063074,467.063042822586,467.0628542584991,3007272.8,-9999,325917.1,30.1,-1,0.40372315027508343,0.9708582997706188,0,0.5825149798623713,15,0.8333333333333334,0.25,S2 O6,de-protonated,0,-9999,C24 H20 O6 S2,24,20,6,-9999,-9999,2,-9999,N/A
1050,467.063074,467.063042822586,467.06332228914914,3007272.8,-9999,325917.1,30.1,-1,-0.5983483390924308,0.9371027052555208,0,0.5622616231533125,21,0.5,0.2916666666666667,N4 O7,de-protonated,0,-9999,C24 H12 O7 N4,24,12,7,4,-9999,-9999,-9999,N/A
1051,467.082945,467.0829138244328,467.08311424668904,3876658,-9999,433847.5,39.3,-1,-0.4290933457335101,0.9671433702425862,0,0.5802860221455517,11,1,0.65,O13,de-protonated,0,-9999,C20 H20 O13,20,20,13,-9999,-9999,-9999,-9999,N/A
1051,467.082945,467.0829138244328,467.08260118243913,3876658,-9999,433847.5,39.3,-1,0.6693505450255638,0.4609610807472294,0.7369636471990462,0.5713621073279561,29,0.3636363636363637,0.06060606060606061,N2 O2,de-protonated,0,-9999,C33 H12 O2 N2,33,12,2,2,-9999,-9999,-9999,N/A
1051,467.082945,467.0829138244328,467.0829520553591,3876658,-9999,433847.5,39.3,-1,-0.08185039964517928,0.9987851252761084,0,0.5992710751656649,6,1.6666666666666667,0.4666666666666667,N4 S2 P1 O7,de-protonated,0,-9999,C15 H25 O7 N4 P1 S2,15,25,7,4,1,2,-9999,N/A
1052,467.084317,467.0842858245603,467.08425495271905,13141811,-9999,318531.7,137.31,-1,0.06609480181318624,0.9982190666482889,0.9236600044218308,0.9683954417577056,24,0.5483870967741935,0.0967741935483871,P1 O3,de-protonated,0,-9999,C31 H17 O3 P1,31,17,3,-9999,1,-9999,-9999,N/A
1052,467.084317,467.0842858245603,467.083983626559,13141811,-9999,318531.7,137.31,-1,0.6469885756878694,0.6299432553812893,0.932035399574757,0.7507801130586764,10,1.1428571428571428,0.380952380952381,S2 O8,de-protonated,0,-9999,C21 H24 O8 S2,21,24,8,-9999,-9999,2,-9999,N/A
1052,467.084317,467.0842858245603,467.08445165720906,13141811,-9999,318531.7,137.31,-1,-0.355037827011546,0.9625663818451874,0.9896670481596058,0.9734066483709548,16,0.7619047619047619,0.42857142857142855,N4 O9,de-protonated,0,-9999,C21 H16 O9 N4,21,16,9,4,-9999,-9999,-9999,N/A
1053,467.086842,467.086810824795,467.08648555000906,1675187.8,-9999,374340.4,16.01,-1,0.6963909169145572,0.9157650791500108,0,0.5494590474900065,6,1.411764705882353,0.7647058823529411,S1 O13,de-protonated,0,-9999,C17 H24 O13 S1,17,24,13,-9999,-9999,1,-9999,N/A
1053,467.086842,467.086810824795,467.086974807359,1675187.8,-9999,374340.4,16.01,-1,-0.351075009378173,0.977884010070111,0,0.5867304060420666,10,1.25,0.25,N2 S2 P1 O5,de-protonated,0,-9999,C20 H25 O5 N2 P1 S2,20,25,5,2,1,2,-9999,N/A
1054,467.099563,467.0995318259773,467.09923976784904,2258233.5,-9999,369110.7,22.18,-1,0.6252592669548064,0.9315203805978544,0,0.5589122283587127,14,0.96,0.2,S2 O5,de-protonated,0,-9999,C25 H24 O5 S2,25,24,5,-9999,-9999,2,-9999,N/A
1054,467.099563,467.0995318259773,467.0993727095791,2258233.5,-9999,369110.7,22.18,-1,0.3406478524803257,0.9791646393594788,0,0.5874987836156873,1,2.0714285714285716,0.9285714285714286,S1 P1 O13,de-protonated,0,-9999,C14 H29 O13 P1 S1,14,29,13,-9999,1,1,-9999,N/A
1054,467.099563,467.0995318259773,467.0997077984991,2258233.5,-9999,369110.7,22.18,-1,-0.3767343863634747,0.9745759809375684,0,0.584745588562541,20,0.64,0.24,N4 O6,de-protonated,0,-9999,C25 H16 O6 N4,25,16,6,4,-9999,-9999,-9999,N/A
1055,467.1193,467.11926882781165,467.1194997560391,5644098.5,-9999,450880.2,57.99,-1,-0.4943664898571022,0.47831158008838215,0.8149093904448103,0.6129507042309534,10,1.1428571428571428,0.5714285714285714,O12,de-protonated,0,-9999,C21 H24 O12,21,24,12,-9999,-9999,-9999,-9999,N/A
1055,467.1193,467.11926882781165,467.1189866917891,5644098.5,-9999,450880.2,57.99,-1,0.603991767867933,0.4679748330163562,0.7311359101322861,0.5732392638627282,28,0.4705882352941176,0.02941176470588235,N2 O1,de-protonated,0,-9999,C34 H16 O1 N2,34,16,1,2,-9999,-9999,-9999,N/A
1055,467.1193,467.11926882781165,467.11933756470904,5644098.5,-9999,450880.2,57.99,-1,-0.14715061411995567,0.4980393724259312,0.8524773804394657,0.639814575631345,5,1.8125,0.375,N4 S2 P1 O6,de-protonated,0,-9999,C16 H29 O6 N4 P1 S2,16,29,6,4,1,2,-9999,N/A
1056,467.120672,467.1206408279392,467.1206404620691,17565508,-9999,329851,184.1,-1,7.8324530968789e-4,0.6640465645694705,0.8826020456479144,0.751468757000848,23,0.65625,0.0625,P1 O2,de-protonated,0,-9999,C32 H21 O2 P1,32,21,2,-9999,1,-9999,-9999,N/A
1056,467.120672,467.1206408279392,467.12036913590913,17565508,-9999,329851,184.1,-1,0.5816317334404479,0.6112903758881204,0.9237508189413094,0.736274553109396,9,1.2727272727272727,0.3181818181818182,S2 O7,de-protonated,0,-9999,C22 H28 O7 S2,22,28,7,-9999,-9999,2,-9999,N/A
1056,467.120672,467.1206408279392,467.12083716655906,17565508,-9999,329851,184.1,-1,-0.4203165525473304,0.9801785147044092,0.9782045932153024,0.9793889461087666,15,0.9090909090909092,0.3636363636363637,N4 O8,de-protonated,0,-9999,C22 H20 O8 N4,22,20,8,4,-9999,-9999,-9999,N/A
1057,467.135978,467.13594682936167,467.1356252771991,1820234.4,-9999,296477.4,17.54,-1,0.6883486190632112,0.9176174375359312,0,0.5505704625215587,13,1.0769230769230769,0.15384615384615383,S2 O4,de-protonated,0,-9999,C26 H28 O4 S2,26,28,4,-9999,-9999,2,-9999,N/A
1057,467.135978,467.13594682936167,467.1357582189291,1820234.4,-9999,296477.4,17.54,-1,0.40375935532486296,0.9708531497283328,0,0.5825118898369996,0,2.2,0.8,S1 P1 O12,de-protonated,0,-9999,C15 H33 O12 P1 S1,15,33,12,-9999,1,1,-9999,N/A
1057,467.135978,467.13594682936167,467.1360933078491,1820234.4,-9999,296477.4,17.54,-1,-0.3135670514593573,0.9823173907960806,0,0.5893904344776484,19,0.7692307692307693,0.19230769230769232,N4 O5,de-protonated,0,-9999,C26 H20 O5 N4,26,20,5,4,-9999,-9999,-9999,N/A
1058,467.155648,467.1556168311898,467.1558852653891,5226323.5,-9999,415787.6,53.57,-1,-0.5746137590894513,0.9411810719881868,0.9868757799864292,0.9594589551874836,9,1.2727272727272727,0.5,O11,de-protonated,0,-9999,C22 H28 O11,22,28,11,-9999,-9999,-9999,-9999,N/A
1058,467.155648,467.1556168311898,467.1552338167091,5226323.5,-9999,415787.6,53.57,-1,0.8198869518393503,0.8851727470700199,0,0.531103648242012,0,2.2857142857142856,0.9285714285714286,N2 S1 O13,de-protonated,0,-9999,C14 H32 O13 N2 S1,14,32,13,2,-9999,1,-9999,N/A
1058,467.155648,467.1556168311898,467.1557230740591,5226323.5,-9999,415787.6,53.57,-1,-0.22742495505050564,0.9903472108300682,0.9499762351107094,0.9741988205423248,4,1.9411764705882353,0.29411764705882354,N4 S2 P1 O5,de-protonated,0,-9999,C17 H33 O5 N4 P1 S2,17,33,5,4,1,2,-9999,N/A
1059,467.157087,467.15705583132353,467.1570259714191,15488852,-9999,311873.4,162.13,-1,0.0639183460162015,0.6664130751638794,0.8892989617655322,0.7555674298045405,22,0.7575757575757576,0.0303030303030303,P1 O1,de-protonated,0,-9999,C33 H25 O1 P1,33,25,1,-9999,1,-9999,-9999,N/A
1059,467.157087,467.15705583132353,467.156754645259,15488852,-9999,311873.4,162.13,-1,0.6447216303029885,0.6234242756981584,0.9316679947177428,0.7467217633059922,8,1.391304347826087,0.2608695652173913,S2 O6,de-protonated,0,-9999,C23 H32 O6 S2,23,32,6,-9999,-9999,2,-9999,N/A
1059,467.157087,467.15705583132353,467.1572226759091,15488852,-9999,311873.4,162.13,-1,-0.3571486803153262,0.9720191509981786,0.985213850998282,0.97729703099822,14,1.0434782608695652,0.30434782608695654,N4 O7,de-protonated,0,-9999,C23 H24 O7 N4,23,24,7,4,-9999,-9999,-9999,N/A
1060,467.172328,467.17229683274,467.17201078654904,1347931.3,-9999,478959,12.55,-1,0.6122930834350534,0.934236534218336,0,0.5605419205310016,12,1.1851851851851851,0.1111111111111111,S2 O3,de-protonated,0,-9999,C27 H32 O3 S2,27,32,3,-9999,-9999,2,-9999,N/A
1060,467.172328,467.17229683274,467.1724788171991,1347931.3,-9999,478959,12.55,-1,-0.3895444772819709,0.9728416902864604,0,0.5837050141718761,18,0.8888888888888888,0.14814814814814814,N4 O4,de-protonated,0,-9999,C27 H24 O4 N4,27,24,4,4,-9999,-9999,-9999,N/A
1061,467.192031,467.1919998345712,467.1922707747391,2100580.3,-9999,495209.4,20.51,-1,-0.5799328987538203,0.9407995168502518,0,0.5644797101101511,8,1.391304347826087,0.43478260869565216,O10,de-protonated,0,-9999,C23 H32 O10,23,32,10,-9999,-9999,-9999,-9999,N/A
1061,467.192031,467.1919998345712,467.19210858340904,2100580.3,-9999,495209.4,20.51,-1,-0.2327711359407823,0.9902168438811646,0,0.5941301063286988,3,2.0555555555555554,0.2222222222222222,N4 S2 P1 O4,de-protonated,0,-9999,C18 H37 O4 N4 P1 S2,18,37,4,4,1,2,-9999,N/A
1062,467.193453,467.1934218347034,467.1931401546091,6766437,-9999,302192.8,69.87,-1,0.602920013238374,0.9175074136866036,0.9821071963554648,0.943347326754148,7,1.5,0.20833333333333337,S2 O5,de-protonated,0,-9999,C24 H36 O5 S2,24,36,5,-9999,-9999,2,-9999,N/A
1062,467.193453,467.1934218347034,467.1936081852591,6766437,-9999,302192.8,69.87,-1,-0.3988722287116265,0.9808708214721542,0.9821071963554648,0.9813653714254784,13,1.1666666666666667,0.25,N4 O6,de-protonated,0,-9999,C24 H28 O6 N4,24,28,6,4,-9999,-9999,-9999,N/A
1063,467.229823,467.2297918380836,467.22952566395907,1833845.8,-9999,460274.8,17.69,-1,0.5696860106498788,0.942812596851413,0,0.5656875581108478,6,1.6,0.16,S2 O4,de-protonated,0,-9999,C25 H40 O4 S2,25,40,4,-9999,-9999,2,-9999,N/A
1063,467.229823,467.2297918380836,467.2299936946091,1833845.8,-9999,460274.8,17.69,-1,-0.43202818361661094,0.9666999722951026,0,0.5800199833770615,12,1.28,0.2,N4 O5,de-protonated,0,-9999,C25 H32 O5 N4,25,32,5,4,-9999,-9999,-9999,N/A
1064,468.087583,468.08755191780335,468.0876097877891,2782979,-9999,347933.7,27.72,-1,-0.12363067202994756,0.997230481950499,0.9236600044218308,0.9678022909390316,24,0.5666666666666667,0.1,13C1 P1 O3,de-protonated,1,1052,C30 H17 O3 P1 13C1,30,17,3,-9999,1,-9999,1,N/A
1064,468.087583,468.08755191780335,468.0873384616291,2782979,-9999,347933.7,27.72,-1,0.4560178341216666,0.6419802279098551,0.932035399574757,0.758002296575816,10,1.2,0.4,13C1 S2 O8,de-protonated,1,1052,C20 H24 O8 S2 13C1,20,24,8,-9999,-9999,2,1,N/A
1064,468.087583,468.08755191780335,468.0877461334091,2782979,-9999,347933.7,27.72,-1,-0.41491281784149014,0.48462297955175215,0.7550179348240813,0.5927809616606838,24,0.5,0.16666666666666666,N1 O5,de-protonated,0,-9999,C30 H15 O5 N1,30,15,5,1,-9999,-9999,-9999,N/A
1064,468.087583,468.08755191780335,468.0870946847291,2782979,-9999,347933.7,27.72,-1,0.9768119639477816,0.8410271208518267,0,0.504616272511096,15,0.8636363636363636,0.3181818181818182,N3 S1 O7,de-protonated,0,-9999,C22 H19 O7 N3 S1,22,19,7,3,-9999,1,-9999,N/A
1064,468.087583,468.08755191780335,468.0878064922791,2782979,-9999,347933.7,27.72,-1,-0.543860515579506,0.9477451277277036,0.9896670481596058,0.9645138959004644,16,0.8,0.45,13C1 N4 O9,de-protonated,1,1052,C20 H16 O9 N4 13C1,20,16,9,4,-9999,-9999,1,N/A
1065,468.116,468.1159689204444,468.1158894342691,2026256,-9999,406951.6,19.72,-1,0.1698002078189352,0.9947821121302074,0,0.5968692672781244,23,0.6451612903225806,0.06451612903225806,N1 P1 O2,de-protonated,0,-9999,C31 H20 O2 N1 P1,31,20,2,1,1,-9999,-9999,N/A
1065,468.116,468.1159689204444,468.1156181081091,2026256,-9999,406951.6,19.72,-1,0.7494138663910729,0.9031149654826044,0,0.5418689792895626,9,1.2857142857142858,0.3333333333333333,N1 S2 O7,de-protonated,0,-9999,C21 H27 O7 N1 S2,21,27,7,1,-9999,2,-9999,N/A
1066,468.124124,468.1240929211994,468.1239952971391,3608339.8,-9999,267339.7,36.45,-1,0.20854316648767357,0.6614265366815429,0.8826020456479144,0.7498967402680916,23,0.6774193548387096,0.06451612903225806,13C1 P1 O2,de-protonated,1,1056,C31 H21 O2 P1 13C1,31,21,2,-9999,1,-9999,1,N/A
1066,468.124124,468.1240929211994,468.12372397097914,3608339.8,-9999,267339.7,36.45,-1,0.7881468111326896,0.5956056049256997,0.9237508189413094,0.7268636905319437,9,1.3333333333333333,0.3333333333333333,13C1 S2 O7,de-protonated,1,1056,C21 H28 O7 S2 13C1,21,28,7,-9999,-9999,2,1,N/A
1066,468.124124,468.1240929211994,468.12413164275904,3608339.8,-9999,267339.7,36.45,-1,-0.0827164356972494,0.4993796484064082,0.7489023467070351,0.599188727726659,23,0.6129032258064516,0.12903225806451613,N1 O4,de-protonated,0,-9999,C31 H19 O4 N1,31,19,4,1,-9999,-9999,-9999,N/A
1066,468.124124,468.1240929211994,468.12448251567906,3608339.8,-9999,267339.7,36.45,-1,-0.8322454693314583,0.8818994241331628,0,0.5291396544798976,0,2.4615384615384617,0.6923076923076923,N3 S2 P1 O9,de-protonated,0,-9999,C13 H32 O9 N3 P1 S2,13,32,9,3,1,2,-9999,N/A
1066,468.124124,468.1240929211994,468.124192001629,3608339.8,-9999,267339.7,36.45,-1,-0.21165415365480683,0.9919045024390712,0.9782045932153024,0.9864245387495638,15,0.9523809523809524,0.380952380952381,13C1 N4 O8,de-protonated,1,1056,C21 H20 O8 N4 13C1,21,20,8,4,-9999,-9999,1,N/A
1067,468.158999,468.1589679244407,468.1592401004591,1350436,-9999,508581.3,12.57,-1,-0.5813748722951888,0.9405136988611535,0.9868757799864292,0.9590585313112638,9,1.3333333333333333,0.5238095238095238,13C1 O11,de-protonated,1,1058,C21 H28 O11 13C1,21,28,11,-9999,-9999,-9999,1,N/A
1067,468.158999,468.1589679244407,468.1590175502591,1350436,-9999,508581.3,12.57,-1,-0.10600205602234736,0.9979632404859676,0,0.5987779442915805,12,1.2307692307692308,0.03846153846153846,N1 S2 P1 O1,de-protonated,0,-9999,C26 H32 O1 N1 P1 S2,26,32,1,1,1,2,-9999,N/A
1067,468.158999,468.1589679244407,468.1590779091292,1350436,-9999,508581.3,12.57,-1,-0.23493016302037292,0.9900354297899416,0.9499762351107094,0.9740117519182488,4,2.0625,0.3125,13C1 N4 S2 P1 O5,de-protonated,1,1058,C16 H33 O5 N4 P1 S2 13C1,16,33,5,4,1,2,1,N/A
1068,468.160407,468.1603759245715,468.1603808064891,3502372.8,-9999,254291.5,35.33,-1,-0.01042787421129263,0.6666535129085254,0.8892989617655322,0.7557116924513281,22,0.78125,0.03125,13C1 P1 O1,de-protonated,1,1059,C32 H25 O1 P1 13C1,32,25,1,-9999,1,-9999,1,N/A
1068,468.160407,468.1603759245715,468.16010948032914,3502372.8,-9999,254291.5,35.33,-1,0.5691305966011501,0.6286138724605236,0.9316679947177428,0.7498355213634113,8,1.4545454545454546,0.2727272727272727,13C1 S2 O6,de-protonated,1,1059,C22 H32 O6 S2 13C1,22,32,6,-9999,-9999,2,1,N/A
1068,468.160407,468.1603759245715,468.1605171521091,3502372.8,-9999,254291.5,35.33,-1,-0.30166477600289304,0.491811725212215,0.7428850341668535,0.5922410487940704,22,0.71875,0.09375,N1 O3,de-protonated,0,-9999,C32 H23 O3 N1,32,23,3,1,-9999,-9999,-9999,N/A
1068,468.160407,468.1603759245715,468.1605775109791,3502372.8,-9999,254291.5,35.33,-1,-0.4305924446734264,0.966917237236786,0.985213850998282,0.9742358827413844,14,1.0909090909090908,0.3181818181818182,13C1 N4 O7,de-protonated,1,1059,C22 H24 O7 N4 13C1,22,24,7,4,-9999,-9999,1,N/A
1069,468.196885,468.1968539279618,468.19649498967914,1568565.6,-9999,391401.7,14.88,-1,0.7666402600192362,0.898845462288203,0.9821071963554648,0.9321501559151076,7,1.565217391304348,0.21739130434782608,13C1 S2 O5,de-protonated,1,1062,C23 H36 O5 S2 13C1,23,36,5,-9999,-9999,2,1,N/A
1069,468.196885,468.1968539279618,468.1969026614591,1568565.6,-9999,391401.7,14.88,-1,-0.10408761146748612,0.998036074074278,0,0.5988216444445668,21,0.8181818181818182,0.06060606060606061,N1 O2,de-protonated,0,-9999,C33 H27 O2 N1,33,27,2,1,-9999,-9999,-9999,N/A
1069,468.196885,468.1968539279618,468.1969630203291,1568565.6,-9999,391401.7,14.88,-1,-0.23300528611044344,0.990197248585628,0.9821071963554648,0.9869612276935628,13,1.2173913043478262,0.2608695652173913,13C1 N4 O6,de-protonated,1,1062,C23 H28 O6 N4 13C1,23,28,6,4,-9999,-9999,1,N/A
1070,468.97945,468.97941900069293,468.97971180432904,2989730,-9999,349640.4,28.53,-1,-0.6243417971910563,0.931714180926556,0,0.5590285085559336,18,0.3157894736842105,0.6842105263157895,N2 O13,de-protonated,0,-9999,C19 H6 O13 N2,19,6,13,2,-9999,-9999,-9999,N/A
1071,469.04245,469.0424190065482,469.0423901397691,3746495.3,-9999,328575.5,36.17,-1,0.06154407282910443,0.49965648392139506,0.7369636471990461,0.5945793492324555,29,0.3333333333333333,0.06060606060606061,P1 O2,de-protonated,0,-9999,C33 H11 O2 P1,33,11,2,-9999,1,-9999,-9999,N/A
1071,469.04245,469.0424190065482,469.0421188136091,3746495.3,-9999,328575.5,36.17,-1,0.6400127558054025,0.4641852665482166,0.8007932653391622,0.5988284660645948,15,0.782608695652174,0.30434782608695654,S2 O7,de-protonated,0,-9999,C23 H18 O7 S2,23,18,7,-9999,-9999,2,-9999,N/A
1071,469.04245,469.0424190065482,469.0425868442591,3746495.3,-9999,328575.5,36.17,-1,-0.35783043096136685,0.4885173236086648,0.8007932653391622,0.6134277003008637,21,0.43478260869565216,0.34782608695652173,N4 O8,de-protonated,0,-9999,C23 H10 O8 N4,23,10,8,4,-9999,-9999,-9999,N/A
1072,469.063564,469.0635330085105,469.0635195078291,7680713,-9999,311426.1,75.87,-1,0.02878220292847937,0.9998028134774206,0.9411713450757316,0.9763502261167448,24,0.5,0.13333333333333333,P1 O4,de-protonated,0,-9999,C30 H15 O4 P1,30,15,4,-9999,1,-9999,-9999,N/A
1072,469.063564,469.0635330085105,469.0632481816692,7680713,-9999,311426.1,75.87,-1,0.6072248090791033,0.9418256556980862,0.9916908513622452,0.9617717339637498,10,1.1,0.45,S2 O9,de-protonated,0,-9999,C20 H22 O9 S2,20,22,9,-9999,-9999,2,-9999,N/A
1072,469.063564,469.0635330085105,469.0637162123191,7680713,-9999,311426.1,75.87,-1,-0.3905733960472599,0.9679051778436428,0.9916908513622452,0.977419447251084,16,0.7,0.5,N4 O10,de-protonated,0,-9999,C20 H14 O10 N4,20,14,10,4,-9999,-9999,-9999,N/A
1073,469.077529,469.0774980098084,469.0776349430891,1453263.8,-9999,539203.1,13.03,-1,-0.29192029317495677,0.9846563364179416,0,0.5907938018507649,15,0.782608695652174,0.4782608695652174,O11,de-protonated,0,-9999,C23 H18 O11,23,18,11,-9999,-9999,-9999,-9999,N/A
1073,469.077529,469.0774980098084,469.07747275175905,1453263.8,-9999,539203.1,13.03,-1,0.05384622114908005,0.9994740432244236,0,0.5996844259346541,10,1.2777777777777777,0.2777777777777778,N4 S2 P1 O5,de-protonated,0,-9999,C18 H23 O5 N4 P1 S2,18,23,5,4,1,2,-9999,N/A
1074,469.078835,469.0788040099298,469.0787756491191,4361936.5,-9999,329474.9,42.38,-1,0.06046065641982771,0.4996684679445215,0.731135910132286,0.5922554448196273,28,0.4411764705882353,0.02941176470588235,P1 O1,de-protonated,0,-9999,C34 H15 O1 P1,34,15,1,-9999,1,-9999,-9999,N/A
1074,469.078835,469.0788040099298,469.07850432295913,4361936.5,-9999,329474.9,42.38,-1,0.6388844679550305,0.46430681728388057,0.7939170211058493,0.596150898812668,14,0.9166666666666666,0.25,S2 O6,de-protonated,0,-9999,C24 H22 O6 S2,24,22,6,-9999,-9999,2,-9999,N/A
1074,469.078835,469.0788040099298,469.0789723536091,4361936.5,-9999,329474.9,42.38,-1,-0.3588813168823014,0.48845056547013815,0.7939170211058493,0.6106371477244226,20,0.5833333333333334,0.2916666666666667,N4 O7,de-protonated,0,-9999,C24 H14 O7 N4,24,14,7,4,-9999,-9999,-9999,N/A
1075,469.098643,469.0986120117707,469.09876431114907,3754713.5,-9999,500911,36.25,-1,-0.3246637807898905,0.9810558554731604,0,0.5886335132838961,10,1.1,0.65,O13,de-protonated,0,-9999,C20 H22 O13,20,22,13,-9999,-9999,-9999,-9999,N/A
1075,469.098643,469.0986120117707,469.0982512468991,3754713.5,-9999,500911,36.25,-1,0.7690603633970967,0.4491197588515047,0.7369636471990461,0.5642573141905212,28,0.42424242424242425,0.06060606060606061,N2 O2,de-protonated,0,-9999,C33 H14 O2 N2,33,14,2,2,-9999,-9999,-9999,N/A
1075,469.098643,469.0986120117707,469.09860211981913,3754713.5,-9999,500911,36.25,-1,0.02108714778669881,0.99991931886642,0,0.599951591319852,5,1.8,0.4666666666666667,N4 S2 P1 O7,de-protonated,0,-9999,C15 H27 O7 N4 P1 S2,15,27,7,4,1,2,-9999,N/A
1076,469.099973,469.0999420118943,469.0999050171791,12438234,-9999,339241.1,123.88,-1,0.0788631906233729,0.9992593917620648,0.9244956757003512,0.9693539053373792,23,0.6129032258064516,0.0967741935483871,P1 O3,de-protonated,0,-9999,C31 H19 O3 P1,31,19,3,-9999,1,-9999,-9999,N/A
1076,469.099973,469.0999420118943,469.09963369101905,12438234,-9999,339241.1,123.88,-1,0.6572609593335579,0.6247872973048044,0.932035399574757,0.7476865382127855,9,1.238095238095238,0.380952380952381,S2 O8,de-protonated,0,-9999,C21 H26 O8 S2,21,26,8,-9999,-9999,2,-9999,N/A
1076,469.099973,469.0999420118943,469.1001017216691,12438234,-9999,339241.1,123.88,-1,-0.3404599022500305,0.9705540373961976,0.9905027194381264,0.9785335102129692,15,0.8571428571428571,0.42857142857142855,N4 O9,de-protonated,0,-9999,C21 H18 O9 N4,21,18,9,4,-9999,-9999,-9999,N/A
1077,469.115187,469.1151560133083,469.1148898323091,3447521.3,-9999,320419.7,33.15,-1,0.5674111076039521,0.4716276138009362,0.7871578612348809,0.5978397127745141,13,1.04,0.2,S2 O5,de-protonated,0,-9999,C25 H26 O5 S2,25,26,5,-9999,-9999,2,-9999,N/A
1077,469.115187,469.1151560133083,469.1150227740391,3447521.3,-9999,320419.7,33.15,-1,0.28402260153895603,0.9854693491348058,0,0.5912816094808835,0,2.2142857142857144,0.9285714285714286,S1 P1 O13,de-protonated,0,-9999,C14 H31 O13 P1 S1,14,31,13,-9999,1,1,-9999,N/A
1077,469.115187,469.1151560133083,469.1153578629591,3447521.3,-9999,320419.7,33.15,-1,-0.4302772173707595,0.4834824245431332,0.787157861234881,0.6049525992198324,19,0.72,0.24,N4 O6,de-protonated,0,-9999,C25 H18 O6 N4,25,18,6,4,-9999,-9999,-9999,N/A
1078,469.13494,469.1349090151441,469.13514982049907,4203242.5,-9999,404432.8,40.78,-1,-0.5132963391361651,0.4766589495902756,0.8149093904448103,0.6119591259320895,9,1.238095238095238,0.5714285714285714,O12,de-protonated,0,-9999,C21 H26 O12,21,26,12,-9999,-9999,-9999,-9999,N/A
1078,469.13494,469.1349090151441,469.1346367562491,4203242.5,-9999,404432.8,40.78,-1,0.5803427708462012,0.4703591691107972,0.731135910132286,0.5746698655193927,27,0.5294117647058824,0.02941176470588235,N2 O1,de-protonated,0,-9999,C34 H18 O1 N2,34,18,1,2,-9999,-9999,-9999,N/A
1078,469.13494,469.1349090151441,469.1349876291691,4203242.5,-9999,404432.8,40.78,-1,-0.16757229165286264,0.9949177934110588,0,0.5969506760466352,4,1.9375,0.375,N4 S2 P1 O6,de-protonated,0,-9999,C16 H31 O6 N4 P1 S2,16,31,6,4,1,2,-9999,N/A
1079,469.136374,469.1363430152774,469.1362905265291,14248683,-9999,321243.4,142.15,-1,0.11188379453453554,0.9978096839013884,0.9169094899286532,0.9654496063122944,22,0.71875,0.0625,P1 O2,de-protonated,0,-9999,C32 H23 O2 P1,32,23,2,-9999,1,-9999,-9999,N/A
1079,469.136374,469.1363430152774,469.13601920036905,14248683,-9999,321243.4,142.15,-1,0.690236722650081,0.6118514017322253,0.9273603442623604,0.7380549787442794,8,1.3636363636363635,0.3181818181818182,S2 O7,de-protonated,0,-9999,C22 H30 O7 S2,22,30,7,-9999,-9999,2,-9999,N/A
1079,469.136374,469.1363430152774,469.1364872310191,14248683,-9999,321243.4,142.15,-1,-0.3074067901255217,0.9828314915885066,0.9818141185363536,0.9824245423676454,14,1,0.3636363636363637,N4 O8,de-protonated,0,-9999,C22 H22 O8 N4,22,22,8,4,-9999,-9999,-9999,N/A
1080,469.151595,469.151564016692,469.151275341659,2573554.3,-9999,302926.9,24.33,-1,0.6153133289356727,0.9336082357641388,0,0.5601649414584833,12,1.1538461538461535,0.15384615384615383,S2 O4,de-protonated,0,-9999,C26 H30 O4 S2,26,30,4,-9999,-9999,2,-9999,N/A
1080,469.151595,469.151564016692,469.1517433723091,2573554.3,-9999,302926.9,24.33,-1,-0.3822976672816847,0.9738295420277676,0,0.5842977252166606,18,0.8461538461538461,0.19230769230769232,N4 O5,de-protonated,0,-9999,C26 H22 O5 N4,26,22,5,4,-9999,-9999,-9999,N/A
1081,469.172725,469.1726940186559,469.1726760358791,7729916,-9999,344175,76.36,-1,0.03832869584069359,0.9959215352525916,0.9092231732354826,0.961242190445748,21,0.8181818181818182,0.0303030303030303,P1 O1,de-protonated,0,-9999,C33 H27 O1 P1,33,27,1,-9999,1,-9999,-9999,N/A
1081,469.172725,469.1726940186559,469.1724047097191,7729916,-9999,344175,76.36,-1,0.6166367285618636,0.9136418112365524,0.9730527913755986,0.937406203292171,7,1.4782608695652173,0.2608695652173913,S2 O6,de-protonated,0,-9999,C23 H34 O6 S2,23,34,6,-9999,-9999,2,-9999,N/A
1081,469.172725,469.1726940186559,469.1728727403691,7729916,-9999,344175,76.36,-1,-0.38092934096548303,0.983044026101474,0.9730527913755986,0.979047532211124,13,1.1304347826086956,0.30434782608695654,N4 O7,de-protonated,0,-9999,C23 H26 O7 N4,23,26,7,4,-9999,-9999,-9999,N/A
1082,469.188039,469.1880080200791,469.187660851009,1577731.4,-9999,348958.3,14.28,-1,0.7399364881201407,0.9054309637263884,0,0.543258578235833,11,1.2592592592592593,0.1111111111111111,S2 O3,de-protonated,0,-9999,C27 H34 O3 S2,27,34,3,-9999,-9999,2,-9999,N/A
1082,469.188039,469.1880080200791,469.18812888165905,1577731.4,-9999,348958.3,14.28,-1,-0.25759726750175344,0.988031921110852,0,0.5928191526665113,17,0.9629629629629628,0.14814814814814814,N4 O4,de-protonated,0,-9999,C27 H26 O4 N4,27,26,4,4,-9999,-9999,-9999,N/A
1083,469.209187,469.20915602204457,469.20879021906904,2749709.3,-9999,334338.5,26.11,-1,0.7796166294159174,0.895578956957503,0,0.5373473741745017,6,1.5833333333333333,0.20833333333333337,S2 O5,de-protonated,0,-9999,C24 H38 O5 S2,24,38,5,-9999,-9999,2,-9999,N/A
1083,469.209187,469.20915602204457,469.2092582497191,2749709.3,-9999,334338.5,26.11,-1,-0.2178722451019942,0.99142392273472,0,0.594854353640832,12,1.25,0.25,N4 O6,de-protonated,0,-9999,C24 H30 O6 N4,24,30,6,4,-9999,-9999,-9999,N/A
1084,470.066888,470.0668571017589,470.0668743428991,1756831,-9999,324898.4,16.08,-1,-0.03667805825113061,0.9997559305088732,0.9411713450757316,0.9763220963356164,24,0.5172413793103449,0.13793103448275862,13C1 P1 O4,de-protonated,1,1072,C29 H15 O4 P1 13C1,29,15,4,-9999,1,-9999,1,N/A
1084,470.066888,470.0668571017589,470.0666030167392,1756831,-9999,324898.4,16.08,-1,0.5405298272385312,0.9483664362947646,0.9916908513622452,0.9656962023217568,10,1.1578947368421053,0.47368421052631576,13C1 S2 O9,de-protonated,1,1072,C19 H22 O9 S2 13C1,19,22,9,-9999,-9999,2,1,N/A
1084,470.066888,470.0668571017589,470.0670106885191,1756831,-9999,324898.4,16.08,-1,-0.32673375643281566,0.9808158584894436,0,0.5884895150936662,24,0.4482758620689655,0.20689655172413793,N1 O6,de-protonated,0,-9999,C29 H13 O6 N1,29,13,6,1,-9999,-9999,-9999,N/A
1084,470.066888,470.0668571017589,470.0670710473891,1756831,-9999,324898.4,16.08,-1,-0.45513851827736695,0.9631103444690452,0.9916908513622452,0.9745425472263252,16,0.7368421052631579,0.5263157894736842,13C1 N4 O10,de-protonated,1,1072,C19 H14 O10 N4 13C1,19,14,10,4,-9999,-9999,1,N/A
1085,470.074321,470.0742901024497,470.0740246213191,1524130.5,-9999,326945.9,13.74,-1,0.5647645194294643,0.9437682086078424,0,0.5662609251647054,28,0.42424242424242425,0.0303030303030303,N1 P1 O1,de-protonated,0,-9999,C33 H14 O1 N1 P1,33,14,1,1,1,-9999,-9999,N/A
1086,470.10327,470.1032391051402,470.1032598522491,2649264,-9999,427364.9,25.09,-1,-0.04413308881599851,0.9996466494787796,0.9244956757003512,0.9695862599674084,23,0.6333333333333333,0.1,13C1 P1 O3,de-protonated,1,1076,C30 H19 O3 P1 13C1,30,19,3,-9999,1,-9999,1,N/A
1086,470.10327,470.1032391051402,470.10298852608906,2649264,-9999,427364.9,25.09,-1,0.5330301172896029,0.6331686202982255,0.932035399574757,0.7527153320088382,9,1.3,0.4,13C1 S2 O8,de-protonated,1,1076,C20 H26 O8 S2 13C1,20,26,8,-9999,-9999,2,1,N/A
1086,470.10327,470.1032391051402,470.1033961978691,2649264,-9999,427364.9,25.09,-1,-0.3341663348289387,0.48997101813200095,0.7550179348240812,0.5959897848088331,23,0.5666666666666667,0.16666666666666666,N1 O5,de-protonated,0,-9999,C30 H17 O5 N1,30,17,5,1,-9999,-9999,-9999,N/A
1086,470.10327,470.1032391051402,470.1034565567392,2649264,-9999,427364.9,25.09,-1,-0.4625611574476108,0.9619206910959648,0.9905027194381264,0.9733535024328296,15,0.9,0.45,13C1 N4 O9,de-protonated,1,1076,C20 H18 O9 N4 13C1,20,18,9,4,-9999,-9999,1,N/A
1087,470.104423,470.10439210524737,470.10439851946904,1640112.6,-9999,380594.4,14.91,-1,-0.01364424943291984,0.9999662210773816,0,0.599979732646429,9,1.3,0.4,N1 S1 P1 O8,de-protonated,0,-9999,C20 H26 O8 N1 P1 S1,20,26,8,1,1,1,-9999,N/A
1088,470.131566,470.1315351077701,470.1315394987291,1531069.4,-9999,489359.9,13.81,-1,-0.00933985216543672,0.9999841718413226,0,0.5999905031047935,22,0.7096774193548387,0.06451612903225806,N1 P1 O2,de-protonated,0,-9999,C31 H22 O2 N1 P1,31,22,2,1,1,-9999,-9999,N/A
1088,470.131566,470.1315351077701,470.1312681725691,1531069.4,-9999,489359.9,13.81,-1,0.567788655997138,0.943181875750386,0,0.5659091254502315,8,1.380952380952381,0.3333333333333333,N1 S2 O7,de-protonated,0,-9999,C21 H29 O7 N1 S2,21,29,7,1,-9999,2,-9999,N/A
1089,470.139727,470.1396961085285,470.1396453615991,3002049.3,-9999,316354.9,28.65,-1,0.107940119260316,0.9978881618477292,0.9169094899286532,0.9654966930800988,22,0.7419354838709677,0.06451612903225806,13C1 P1 O2,de-protonated,1,1079,C31 H23 O2 P1 13C1,31,23,2,-9999,1,-9999,1,N/A
1089,470.139727,470.1396961085285,470.1393740354391,3002049.3,-9999,316354.9,28.65,-1,0.6850587446015874,0.6122467009437434,0.9273603442623604,0.7382921582711902,8,1.4285714285714286,0.3333333333333333,13C1 S2 O7,de-protonated,1,1079,C21 H30 O7 S2 13C1,21,30,7,-9999,-9999,2,1,N/A
1089,470.139727,470.1396961085285,470.1397817072191,3002049.3,-9999,316354.9,28.65,-1,-0.182070724324073,0.4970015377106349,0.7489023467070351,0.5977618613091951,22,0.6774193548387096,0.12903225806451613,N1 O4,de-protonated,0,-9999,C31 H21 O4 N1,31,21,4,1,-9999,-9999,-9999,N/A
1089,470.139727,470.1396961085285,470.1398420660891,3002049.3,-9999,316354.9,28.65,-1,-0.31045562949451816,0.9826635225576243,0.9818141185363536,0.982323760949116,14,1.0476190476190477,0.380952380952381,13C1 N4 O8,de-protonated,1,1079,C21 H22 O8 N4 13C1,21,22,8,4,-9999,-9999,1,N/A
1090,470.17616,470.1761291119145,470.1760308709491,1608658.4,-9999,291115,14.59,-1,0.2089450737130316,0.9921095992355772,0.9092231732354826,0.9589550288355394,21,0.84375,0.03125,13C1 P1 O1,de-protonated,1,1081,C32 H27 O1 P1 13C1,32,27,1,-9999,1,-9999,1,N/A
1090,470.17616,470.1761291119145,470.1757595447891,1608658.4,-9999,291115,14.59,-1,0.7860190958406617,0.8939515324666674,0.9730527913755986,0.92559203603024,7,1.5454545454545454,0.2727272727272727,13C1 S2 O6,de-protonated,1,1081,C22 H34 O6 S2 13C1,22,34,6,-9999,-9999,2,1,N/A
1090,470.17616,470.1761291119145,470.1761672165691,1608658.4,-9999,291115,14.59,-1,-0.08104335622181687,0.998808950248918,0,0.5992853701493508,21,0.78125,0.09375,N1 O3,de-protonated,0,-9999,C32 H25 O3 N1,32,25,3,1,-9999,-9999,-9999,N/A
1090,470.17616,470.1761291119145,470.1762275754391,1608658.4,-9999,291115,14.59,-1,-0.2094183389231122,0.9920739570804478,0.9730527913755986,0.984465490798508,13,1.181818181818182,0.3181818181818182,13C1 N4 O7,de-protonated,1,1081,C22 H26 O7 N4 13C1,22,26,7,4,-9999,-9999,1,N/A
1091,471.021721,471.0216901905005,471.021383368719,1609312.6,-9999,340369.1,14.59,-1,0.6513967143632021,0.9258973667507784,0,0.5555384200504669,15,0.7272727272727273,0.3636363636363637,S2 O8,de-protonated,0,-9999,C22 H16 O8 S2,22,16,8,-9999,-9999,2,-9999,N/A
1091,471.021721,471.0216901905005,471.0218513993691,1609312.6,-9999,340369.1,14.59,-1,-0.3422534817736643,0.97896984804345355,0,0.5873819088260721,21,0.3636363636363637,0.4090909090909091,N4 O9,de-protonated,0,-9999,C22 H8 O9 N4,22,8,9,4,-9999,-9999,-9999,N/A
1092,471.042886,471.0428551924676,471.04278406293906,2297962.5,-9999,296855.6,21.54,-1,0.15100439053088718,0.99587109537238,0,0.5975226572234279,24,0.4482758620689655,0.1724137931034483,P1 O5,de-protonated,0,-9999,C29 H13 O5 P1,29,13,5,-9999,1,-9999,-9999,N/A
1092,471.042886,471.0428551924676,471.0425127367791,2297962.5,-9999,296855.6,21.54,-1,0.7270165202433071,0.9085500959736504,0,0.5451300575841902,10,1.0526315789473684,0.5263157894736842,S2 O10,de-protonated,0,-9999,C19 H20 O10 S2,19,20,10,-9999,-9999,2,-9999,N/A
1092,471.042886,471.0428551924676,471.042980767429,2297962.5,-9999,296855.6,21.54,-1,-0.26658917893740824,0.9871872708684284,0,0.5923123625210571,16,0.631578947368421,0.5789473684210527,N4 O11,de-protonated,0,-9999,C19 H12 O11 N4,19,12,11,4,-9999,-9999,-9999,N/A
1093,471.058092,471.0580611938808,471.0580402042291,6055538,-9999,310351.4,59.46,-1,0.04455852554212466,0.9966946737000352,0.963253443274439,0.9833181815297968,28,0.3939393939393939,0.06060606060606061,P1 O2,de-protonated,0,-9999,C33 H13 O2 P1,33,13,2,-9999,1,-9999,-9999,N/A
1093,471.058092,471.0580611938808,471.0577688780691,6055538,-9999,310351.4,59.46,-1,0.6205519386457422,0.9527227337230288,0.9729169385854448,0.9608004156679952,14,0.8695652173913043,0.30434782608695654,S2 O7,de-protonated,0,-9999,C23 H20 O7 S2,23,20,7,-9999,-9999,2,-9999,N/A
1093,471.058092,471.0580611938808,471.0582369087191,6055538,-9999,310351.4,59.46,-1,-0.37302147501359695,0.9556532959621422,0.9729169385854448,0.9625587530114632,20,0.5217391304347826,0.34782608695652173,N4 O8,de-protonated,0,-9999,C23 H12 O8 N4,23,12,8,4,-9999,-9999,-9999,N/A
1094,471.079246,471.07921519584687,471.07916957228906,7396988,-9999,324175.6,73,-1,0.09684902402143444,0.9980451973683808,0.9153262090078836,0.964957602024182,23,0.5666666666666667,0.13333333333333333,P1 O4,de-protonated,0,-9999,C30 H17 O4 P1,30,17,4,-9999,1,-9999,-9999,N/A
1094,471.079246,471.07921519584687,471.0788982461291,7396988,-9999,324175.6,73,-1,0.6728166321291358,0.9413884094456278,0.9824640125699068,0.9578186506953394,9,1.2,0.45,S2 O9,de-protonated,0,-9999,C20 H24 O9 S2,20,24,9,-9999,-9999,2,-9999,N/A
1094,471.079246,471.07921519584687,471.079366276779,7396988,-9999,324175.6,73,-1,-0.32071226849223594,0.966175755109238,0.9824640125699068,0.9726910580935056,15,0.8,0.5,N4 O10,de-protonated,0,-9999,C20 H16 O10 N4,20,16,10,4,-9999,-9999,-9999,N/A
1095,471.094549,471.0945181972691,471.0944257135791,6583939,-9999,305416.1,64.79,-1,0.19631667236405795,0.9909986198570622,0.9205393200423446,0.9628148999311752,27,0.5,0.02941176470588235,P1 O1,de-protonated,0,-9999,C34 H17 O1 P1,34,17,1,-9999,1,-9999,-9999,N/A
1095,471.094549,471.0945181972691,471.09415438741905,6583939,-9999,305416.1,64.79,-1,0.7722656854666894,0.8910240930057751,0.983320431015908,0.9279426282098282,13,1,0.25,S2 O6,de-protonated,0,-9999,C24 H24 O6 S2,24,24,6,-9999,-9999,2,-9999,N/A
1095,471.094549,471.0945181972691,471.0946224180691,6583939,-9999,305416.1,64.79,-1,-0.2212311391883775,0.9929833232517432,0.983320431015908,0.9891181663574092,19,0.6666666666666666,0.2916666666666667,N4 O7,de-protonated,0,-9999,C24 H16 O7 N4,24,16,7,4,-9999,-9999,-9999,N/A
1096,471.115639,471.1156081992292,471.1155550816391,9555597,-9999,305992.3,94.78,-1,0.11274853804271978,0.9988426738525764,0.9212802236217726,0.9678176937602548,22,0.6774193548387096,0.0967741935483871,P1 O3,de-protonated,0,-9999,C31 H21 O3 P1,31,21,3,-9999,1,-9999,-9999,N/A
1096,471.115639,471.1156081992292,471.1152837554791,9555597,-9999,305992.3,94.78,-1,0.6886716718896296,0.6202913470912065,0.9319022762551878,0.7449357187567991,8,1.3333333333333333,0.380952380952381,S2 O8,de-protonated,0,-9999,C21 H28 O8 S2,21,28,8,-9999,-9999,2,-9999,N/A
1096,471.115639,471.1156081992292,471.1157517861291,9555597,-9999,305992.3,94.78,-1,-0.3047805117519381,0.975572522937508,0.9872872673595476,0.980258420706324,14,0.9523809523809524,0.42857142857142855,N4 O9,de-protonated,0,-9999,C21 H20 O9 N4,21,20,9,4,-9999,-9999,-9999,N/A
1097,471.129517,471.12948620051907,471.12967051689907,1966739.5,-9999,473206.1,18.2,-1,-0.3912221868730106,0.972610493155168,0,0.5835662958931008,13,1,0.4166666666666667,O10,de-protonated,0,-9999,C24 H24 O10,24,24,10,-9999,-9999,-9999,-9999,N/A
1097,471.129517,471.12948620051907,471.1290190682191,1966739.5,-9999,473206.1,18.2,-1,0.9915167205567956,0.836621781450719,0,0.5019730688704314,4,1.75,0.75,N2 S1 O12,de-protonated,0,-9999,C16 H28 O12 N2 S1,16,28,12,2,-9999,1,-9999,N/A
1097,471.129517,471.12948620051907,471.12950832556913,1966739.5,-9999,473206.1,18.2,-1,-0.04696171578056843,0.9995999126247038,0,0.5997599475748223,8,1.5263157894736843,0.21052631578947367,N4 S2 P1 O4,de-protonated,0,-9999,C19 H29 O4 N4 P1 S2,19,29,4,4,1,2,-9999,N/A
1098,471.130958,471.130927200653,471.1305398967691,5864084,-9999,315649.4,57.53,-1,0.8220733981035676,0.9088697110401742,0.9917909428028352,0.9420382037452388,12,1.12,0.2,S2 O5,de-protonated,0,-9999,C25 H28 O5 S2,25,28,5,-9999,-9999,2,-9999,N/A
1098,471.130958,471.130927200653,471.1310079274191,5864084,-9999,315649.4,57.53,-1,-0.1713467480211072,0.9848283322929284,0.9917909428028354,0.9876133764968912,18,0.8,0.24,N4 O6,de-protonated,0,-9999,C25 H20 O6 N4,25,20,6,4,-9999,-9999,-9999,N/A
1099,471.143824,471.1437932018487,471.1434270563391,1408154.3,-9999,405106,12.56,-1,0.7771423490560184,0.8962051089574499,0,0.5377230653744699,7,1.5,0.2272727272727273,S2 P1 O5,de-protonated,0,-9999,C22 H33 O5 P1 S2,22,33,5,-9999,1,2,-9999,N/A
1099,471.143824,471.1437932018487,471.1438950869891,1408154.3,-9999,405106,12.56,-1,-0.2162505796169573,0.991550575551988,0,0.5949303453311927,13,1.1363636363636365,0.2727272727272727,N4 P1 O6,de-protonated,0,-9999,C22 H25 O6 N4 P1,22,25,6,4,1,-9999,-9999,N/A
1100,471.152032,471.1520012026116,471.1519405909891,6842014,-9999,301573.8,67.39,-1,0.12864559657131655,0.9968815035044178,0.93267062205454,0.9711971509244668,21,0.78125,0.0625,P1 O2,de-protonated,0,-9999,C32 H25 O2 P1,32,25,2,-9999,1,-9999,-9999,N/A
1100,471.152032,471.1520012026116,471.1516692648291,6842014,-9999,301573.8,67.39,-1,0.7045242629045777,0.9396043878207664,0.9975752506622404,0.962792732957356,7,1.4545454545454546,0.3181818181818182,S2 O7,de-protonated,0,-9999,C22 H32 O7 S2,22,32,7,-9999,-9999,2,-9999,N/A
1100,471.152032,471.1520012026116,471.1521372954791,6842014,-9999,301573.8,67.39,-1,-0.2888512154832993,0.9657530408676052,0.9975752506622404,0.9784819247854591,13,1.0909090909090908,0.3636363636363637,N4 O8,de-protonated,0,-9999,C22 H24 O8 N4,22,24,8,4,-9999,-9999,-9999,N/A
1101,471.167358,471.1673272040359,471.16692540611905,4246181.5,-9999,291030.7,41.2,-1,0.8527719056956403,0.43819104834325534,0.7805128205128199,0.5751197572110811,11,1.2307692307692308,0.15384615384615383,S2 O4,de-protonated,0,-9999,C26 H32 O4 S2,26,32,4,-9999,-9999,2,-9999,N/A
1101,471.167358,471.1673272040359,471.1673934367691,4246181.5,-9999,291030.7,41.2,-1,-0.14057155500081367,0.4982104642302062,0.7805128205128199,0.6111314067432516,17,0.9230769230769232,0.19230769230769232,N4 O5,de-protonated,0,-9999,C26 H24 O5 N4,26,24,5,4,-9999,-9999,-9999,N/A
1102,471.188656,471.1886252060154,471.1883261003391,2498735.5,-9999,281083.2,23.57,-1,0.6347900822419213,0.4647463706419422,0.7369636471990461,0.5736332812647837,20,0.8787878787878788,0.0303030303030303,P1 O1,de-protonated,0,-9999,C33 H29 O1 P1,33,29,1,-9999,1,-9999,-9999,N/A
1102,471.188656,471.1886252060154,471.1885228048291,2498735.5,-9999,281083.2,23.57,-1,0.21732529828759933,0.9914667434712858,0,0.5948800460827715,12,1.2173913043478262,0.30434782608695654,N4 O7,de-protonated,0,-9999,C23 H28 O7 N4,23,28,7,4,-9999,-9999,-9999,N/A
1103,471.203679,471.2036482074116,471.2033109154691,2472118.5,-9999,311220.5,23.3,-1,0.7158097888984215,0.9112196146700898,0,0.5467317688020539,10,1.3333333333333333,0.1111111111111111,S2 O3,de-protonated,0,-9999,C27 H36 O3 S2,27,36,3,-9999,-9999,2,-9999,N/A
1103,471.203679,471.2036482074116,471.2037789461191,2472118.5,-9999,311220.5,23.3,-1,-0.277456831439982,0.9861287685588772,0,0.5916772611353263,16,1.037037037037037,0.14814814814814814,N4 O4,de-protonated,0,-9999,C27 H28 O4 N4,27,28,4,4,-9999,-9999,-9999,N/A
1104,472.053369,472.05333828638135,472.05328917642913,1674825.1,-9999,419662.3,15.25,-1,0.10403476332249732,0.9980380658893824,0,0.5988228395336295,28,0.375,0.0625,N1 P1 O2,de-protonated,0,-9999,C32 H12 O2 N1 P1,32,12,2,1,1,-9999,-9999,N/A
1104,472.053369,472.05333828638135,472.0530178502691,1674825.1,-9999,419662.3,15.25,-1,0.6788138199102022,0.9197904432699112,0,0.5518742659619468,14,0.8636363636363636,0.3181818181818182,N1 S2 O7,de-protonated,0,-9999,C22 H19 O7 N1 S2,22,19,7,1,-9999,2,-9999,N/A
1105,472.061338,472.0613072871219,472.0613950392991,1771084.9,-9999,425785,16.22,-1,-0.18589144983966532,0.9937495420220432,0.963253443274439,0.9815511025230016,28,0.40625,0.0625,13C1 P1 O2,de-protonated,1,1093,C32 H13 O2 P1 13C1,32,13,2,-9999,1,-9999,1,N/A
1105,472.061338,472.0613072871219,472.0611237131391,1771084.9,-9999,425785,16.22,-1,0.3888775703324468,0.9729333327652588,0.9729169385854448,0.9729267750933333,14,0.9090909090909092,0.3181818181818182,13C1 S2 O7,de-protonated,1,1093,C22 H20 O7 S2 13C1,22,20,7,-9999,-9999,2,1,N/A
1105,472.061338,472.0613072871219,472.0615313849191,1771084.9,-9999,425785,16.22,-1,-0.4747215822862497,0.9599333909905542,0,0.5759600345943325,28,0.34375,0.125,N1 O4,de-protonated,0,-9999,C32 H11 O4 N1,32,11,4,1,-9999,-9999,-9999,N/A
1105,472.061338,472.0613072871219,472.06087993623913,1771084.9,-9999,425785,16.22,-1,0.9052876461363328,0.8618228889591298,0,0.5170937333754779,19,0.625,0.25,N3 S1 O6,de-protonated,0,-9999,C24 H15 O6 N3 S1,24,15,6,3,-9999,1,-9999,N/A
1105,472.061338,472.0613072871219,472.0615917437891,1771084.9,-9999,425785,16.22,-1,-0.602583798641245,0.936238215946083,0.9729169385854448,0.9509097050018278,20,0.5454545454545454,0.3636363636363637,13C1 N4 O8,de-protonated,1,1093,C22 H12 O8 N4 13C1,22,12,8,4,-9999,-9999,1,N/A
1106,472.082503,472.082472289089,472.0825244073591,1412183,-9999,352124.1,12.6,-1,-0.1104007612092153,0.9977908875708008,0.9153262090078836,0.964805016145634,23,0.5862068965517241,0.13793103448275862,13C1 P1 O4,de-protonated,1,1094,C29 H17 O4 P1 13C1,29,17,4,-9999,1,-9999,1,N/A
1106,472.082503,472.082472289089,472.0822530811992,1412183,-9999,352124.1,12.6,-1,0.46434257682733177,0.961632534316502,0.9824640125699068,0.969965125617864,9,1.263157894736842,0.47368421052631576,13C1 S2 O9,de-protonated,1,1094,C19 H24 O9 S2 13C1,19,24,9,-9999,-9999,2,1,N/A
1106,472.082503,472.082472289089,472.0826607529791,1412183,-9999,352124.1,12.6,-1,-0.3992179881860301,0.9714957500895552,0,0.5828974500537331,23,0.5172413793103449,0.20689655172413793,N1 O6,de-protonated,0,-9999,C29 H15 O6 N1,29,15,6,1,-9999,-9999,-9999,N/A
1106,472.082503,472.082472289089,472.0820093042991,1412183,-9999,352124.1,12.6,-1,0.98072957832447,0.839857636612124,0,0.5039145819672743,14,0.9047619047619048,0.380952380952381,N3 S1 O8,de-protonated,0,-9999,C21 H19 O8 N3 S1,21,19,8,3,-9999,1,-9999,N/A
1106,472.082503,472.082472289089,472.0827211118491,1412183,-9999,352124.1,12.6,-1,-0.5270744912470591,0.9508415832605964,0.9824640125699068,0.9634905549843206,15,0.8421052631578947,0.5263157894736842,13C1 N4 O10,de-protonated,1,1094,C19 H16 O10 N4 13C1,19,16,10,4,-9999,-9999,1,N/A
1107,472.089753,472.0897222897629,472.0896746857791,2037338.4,-9999,317636.6,18.91,-1,0.10083673998007855,0.9981567219519843,0,0.5988940331711906,27,0.48484848484848486,0.0303030303030303,N1 P1 O1,de-protonated,0,-9999,C33 H16 O1 N1 P1,33,16,1,1,1,-9999,-9999,N/A
1107,472.089753,472.0897222897629,472.08940335961904,2037338.4,-9999,317636.6,18.91,-1,0.6755714945853704,0.9205236299752744,0,0.5523141779851646,13,1,0.2608695652173913,N1 S2 O6,de-protonated,0,-9999,C23 H23 O6 N1 S2,23,23,6,1,-9999,2,-9999,N/A
1108,472.097928,472.09789729052267,472.0977805486491,1538398.4,-9999,358550.1,13.87,-1,0.2472832501634608,0.988965920226436,0.9205393200423446,0.9615952801527994,27,0.5151515151515151,0.0303030303030303,13C1 P1 O1,de-protonated,1,1095,C33 H17 O1 P1 13C1,33,17,1,-9999,1,-9999,1,N/A
1108,472.097928,472.09789729052267,472.0975092224891,1538398.4,-9999,358550.1,13.87,-1,0.8220082206815854,0.884613523099571,0.983320431015908,0.9240962862661056,13,1.0434782608695652,0.2608695652173913,13C1 S2 O6,de-protonated,1,1095,C23 H24 O6 S2 13C1,23,24,6,-9999,-9999,2,1,N/A
1108,472.097928,472.09789729052267,472.0979168942691,1538398.4,-9999,358550.1,13.87,-1,-0.04152474668447405,0.999687176137441,0,0.5998123056824646,27,0.4545454545454546,0.09090909090909093,N1 O3,de-protonated,0,-9999,C33 H15 O3 N1,33,15,3,1,-9999,-9999,-9999,N/A
1108,472.097928,472.09789729052267,472.0982677671891,1538398.4,-9999,358550.1,13.87,-1,-0.7847448122226353,0.8942762634164162,0,0.5365657580498497,4,1.8666666666666667,0.5333333333333333,N3 S2 P1 O8,de-protonated,0,-9999,C15 H28 O8 N3 P1 S2,15,28,8,3,1,2,-9999,N/A
1108,472.097928,472.09789729052267,472.0979772531391,1538398.4,-9999,358550.1,13.87,-1,-0.1693771638350243,0.9948080121349082,0.983320431015908,0.9902129796873084,19,0.6956521739130435,0.30434782608695654,13C1 N4 O7,de-protonated,1,1095,C23 H16 O7 N4 13C1,23,16,7,4,-9999,-9999,1,N/A
1109,472.118937,472.1189062924752,472.11890991670913,1990248.3,-9999,284568.7,18.43,-1,-0.00767652771739284,0.999989307453414,0.9212802236217726,0.9685056739207576,22,0.7,0.1,13C1 P1 O3,de-protonated,1,1096,C30 H21 O3 P1 13C1,30,21,3,-9999,1,-9999,1,N/A
1109,472.118937,472.1189062924752,472.1186385905491,1990248.3,-9999,284568.7,18.43,-1,0.5670225749470797,0.6288871123572238,0.9319022762551878,0.7500931779164095,8,1.4,0.4,13C1 S2 O8,de-protonated,1,1096,C20 H28 O8 S2 13C1,20,28,8,-9999,-9999,2,1,N/A
1109,472.118937,472.1189062924752,472.11904626232905,1990248.3,-9999,284568.7,18.43,-1,-0.2964715254075833,0.9841780053142912,0,0.5905068031885747,22,0.6333333333333333,0.16666666666666666,N1 O5,de-protonated,0,-9999,C30 H19 O5 N1,30,19,5,1,-9999,-9999,-9999,N/A
1109,472.118937,472.1189062924752,472.11910662119914,1990248.3,-9999,284568.7,18.43,-1,-0.42431818813685024,0.9678587744351156,0.9872872673595476,0.9756301716048884,14,1,0.45,13C1 N4 O9,de-protonated,1,1096,C20 H20 O9 N4 13C1,20,20,9,4,-9999,-9999,1,N/A
1110,472.126175,472.1261442931479,472.1257888689691,1663595.8,-9999,396472.4,15.13,-1,0.7528167009132827,0.9022776812832196,0,0.5413666087699317,12,1.125,0.20833333333333337,N1 S2 O5,de-protonated,0,-9999,C24 H27 O5 N1 S2,24,27,5,1,-9999,2,-9999,N/A
1111,472.134217,472.1341862938953,472.1338947318391,1508719.5,-9999,319118.8,13.57,-1,0.617541039616192,0.9331430987940714,0.9917909428028352,0.956602236397577,12,1.1666666666666667,0.20833333333333337,13C1 S2 O5,de-protonated,1,1098,C24 H28 O5 S2 13C1,24,28,5,-9999,-9999,2,1,N/A
1111,472.134217,472.1341862938953,472.1343024036191,1508719.5,-9999,319118.8,13.57,-1,-0.24592520215463437,0.9890861209769236,0,0.59345167258615406,26,0.5588235294117647,0.0588235294117647,N1 O2,de-protonated,0,-9999,C34 H19 O2 N1,34,19,2,1,-9999,-9999,-9999,N/A
1111,472.134217,472.1341862938953,472.1346532765391,1508719.5,-9999,319118.8,13.57,-1,-0.98908783870324,0.8373523764898542,0,0.5024114258939125,3,2,0.4375,N3 S2 P1 O7,de-protonated,0,-9999,C16 H32 O7 N3 P1 S2,16,32,7,3,1,2,-9999,N/A
1111,472.134217,472.1341862938953,472.1337838966691,1508719.5,-9999,319118.8,13.57,-1,0.852294921314591,0.8765114343268554,0,0.5259068605961132,4,1.8666666666666667,0.8,N3 P1 O12,de-protonated,0,-9999,C15 H28 O12 N3 P1,15,28,12,3,1,-9999,-9999,N/A
1111,472.134217,472.1341862938953,472.1343627624891,1508719.5,-9999,319118.8,13.57,-1,-0.3737677400990348,0.9749697802492664,0.9917909428028354,0.981698245270694,18,0.8333333333333334,0.25,13C1 N4 O6,de-protonated,1,1098,C24 H20 O6 N4 13C1,24,20,6,4,-9999,-9999,1,N/A
1112,472.155263,472.1552322958513,472.1552954260591,1602681.5,-9999,342687.1,14.52,-1,-0.1337064487722901,0.9967614221778306,0.93267062205454,0.9711251021285144,21,0.8064516129032258,0.06451612903225806,13C1 P1 O2,de-protonated,1,1100,C31 H25 O2 P1 13C1,31,25,2,-9999,1,-9999,1,N/A
1112,472.155263,472.1552322958513,472.1550240998991,1602681.5,-9999,342687.1,14.52,-1,0.44094829352204495,0.9653350387746832,0.9975752506622404,0.978231123529706,7,1.5238095238095235,0.3333333333333333,13C1 S2 O7,de-protonated,1,1100,C21 H32 O7 S2 13C1,21,32,7,-9999,-9999,2,1,N/A
1112,472.155263,472.1552322958513,472.15543177167905,1602681.5,-9999,342687.1,14.52,-1,-0.42247915478476566,0.9681322989600128,0,0.5808793793760076,21,0.7419354838709677,0.12903225806451613,N1 O4,de-protonated,0,-9999,C31 H23 O4 N1,31,23,4,1,-9999,-9999,-9999,N/A
1112,472.155263,472.1552322958513,472.1547803229991,1602681.5,-9999,342687.1,14.52,-1,0.9572556946154712,0.8468189084535042,0,0.5080913450721025,12,1.173913043478261,0.2608695652173913,N3 S1 O6,de-protonated,0,-9999,C23 H27 O6 N3 S1,23,27,6,3,-9999,1,-9999,N/A
1112,472.155263,472.1552322958513,472.1554921305491,1602681.5,-9999,342687.1,14.52,-1,-0.5503159490945367,0.9465312361584676,0.9975752506622404,0.9669488419599768,13,1.1428571428571428,0.380952380952381,13C1 N4 O8,de-protonated,1,1100,C21 H24 O8 N4 13C1,21,24,8,4,-9999,-9999,1,N/A
1113,473.035942,473.0359113777011,473.03616405330905,1688605.1,-9999,466628.5,15.38,-1,-0.5341570627247083,0.9495456966555734,0,0.569727417993344,15,0.6666666666666666,0.6190476190476191,O13,de-protonated,0,-9999,C21 H14 O13,21,14,13,-9999,-9999,-9999,-9999,N/A
1113,473.035942,473.0359113777011,473.0360018619791,1688605.1,-9999,466628.5,15.38,-1,-0.19128412565334116,0.9933828524955552,0,0.5960297114973331,10,1.1875,0.4375,N4 S2 P1 O7,de-protonated,0,-9999,C16 H19 O7 N4 P1 S2,16,19,7,4,1,2,-9999,N/A
1114,473.037439,473.0374083778403,473.03730475933907,4621854,-9999,334653.7,44.98,-1,0.21904932268862676,0.4956657049985848,0.7428850341668535,0.5945534366658922,28,0.34375,0.09375,P1 O3,de-protonated,0,-9999,C32 H11 O3 P1,32,11,3,-9999,1,-9999,-9999,N/A
1114,473.037439,473.0374083778403,473.03703343317903,4621854,-9999,334653.7,44.98,-1,0.7926327850585827,0.4461297929457552,0.8077896627745538,0.5907937408772747,14,0.8181818181818182,0.3636363636363637,S2 O8,de-protonated,0,-9999,C22 H18 O8 S2,22,18,8,-9999,-9999,2,-9999,N/A
1114,473.037439,473.0374083778403,473.0375014638291,4621854,-9999,334653.7,44.98,-1,-0.19678352880346808,0.4964991261917824,0.8077896627745538,0.6210153408248911,20,0.4545454545454546,0.4090909090909091,N4 O9,de-protonated,0,-9999,C22 H10 O9 N4,22,10,9,4,-9999,-9999,-9999,N/A
1115,473.058742,473.0587113798202,473.0584341273991,2077736,-9999,320351.6,19.31,-1,0.5860849338768648,0.9395757679789548,0,0.563745460787373,23,0.5172413793103449,0.1724137931034483,P1 O5,de-protonated,0,-9999,C29 H15 O5 P1,29,15,5,-9999,1,-9999,-9999,N/A
1115,473.058742,473.0587113798202,473.0586308318891,2077736,-9999,320351.6,19.31,-1,0.17027050312006567,0.994753244218858,0,0.5968519465313147,15,0.7368421052631579,0.5789473684210527,N4 O11,de-protonated,0,-9999,C19 H14 O11 N4,19,14,11,4,-9999,-9999,-9999,N/A
1116,473.073761,473.073730381216,473.0736902686891,8356399,-9999,305941.2,82.67,-1,0.08479128670383337,0.987086204626186,0.9180478744074132,0.9594708725386768,27,0.4545454545454546,0.06060606060606061,P1 O2,de-protonated,0,-9999,C33 H15 O2 P1,33,15,2,-9999,1,-9999,-9999,N/A
1116,473.073761,473.073730381216,473.07341894252914,8356399,-9999,305941.2,82.67,-1,0.6583305559101982,0.8877920192350113,0.9818774925475292,0.9254262085600184,13,0.9565217391304348,0.30434782608695654,S2 O7,de-protonated,0,-9999,C23 H22 O7 S2,23,22,7,-9999,-9999,2,-9999,N/A
1116,473.073761,473.073730381216,473.073886973179,8356399,-9999,305941.2,82.67,-1,-0.33100952591119537,0.9899740504183936,0.9818774925475292,0.9867354272700478,19,0.6086956521739131,0.34782608695652173,N4 O8,de-protonated,0,-9999,C23 H14 O8 N4,23,14,8,4,-9999,-9999,-9999,N/A
1117,473.094993,473.0949623831893,473.09481963674904,4004409.3,-9999,294219.4,38.75,-1,0.3017290283508362,0.49180826549160905,0.7550179348240813,0.597092133224598,22,0.6333333333333333,0.13333333333333333,P1 O4,de-protonated,0,-9999,C30 H19 O4 P1,30,19,4,-9999,1,-9999,-9999,N/A
1117,473.094993,473.0949623831893,473.0945483105891,4004409.3,-9999,294219.4,38.75,-1,0.8752428064195034,0.4351145534489479,0.8221557383861046,0.5899310274238105,8,1.3,0.45,S2 O9,de-protonated,0,-9999,C20 H26 O9 S2,20,26,9,-9999,-9999,2,-9999,N/A
1117,473.094993,473.0949623831893,473.0950163412391,4004409.3,-9999,294219.4,38.75,-1,-0.11405330420882792,0.49882123524704935,0.8221557383861046,0.6281550365026715,14,0.9,0.5,N4 O10,de-protonated,0,-9999,C20 H18 O10 N4,20,18,10,4,-9999,-9999,-9999,N/A
1118,473.110193,473.1101623846019,473.11007577803906,7886400.5,-9999,306889.1,77.92,-1,0.1830579548447904,0.9803135206351332,0.9270550798670868,0.9590101443279146,26,0.5588235294117647,0.02941176470588235,P1 O1,de-protonated,0,-9999,C34 H19 O1 P1,34,19,1,-9999,1,-9999,-9999,N/A
1118,473.110193,473.1101623846019,473.1098044518791,7886400.5,-9999,306889.1,77.92,-1,0.7565531711570311,0.45067741783080106,0.7939170211058493,0.5879732591408204,12,1.0833333333333333,0.25,S2 O6,de-protonated,0,-9999,C24 H26 O6 S2,24,26,6,-9999,-9999,2,-9999,N/A
1118,473.110193,473.1101623846019,473.1102724825291,7886400.5,-9999,306889.1,77.92,-1,-0.23271092085816455,0.9950840645308384,0.98983619084065,0.9929849150547628,18,0.75,0.2916666666666667,N4 O7,de-protonated,0,-9999,C24 H18 O7 N4,24,18,7,4,-9999,-9999,-9999,N/A
1119,473.131341,473.1313103865675,473.13120514609903,4323914.5,-9999,385495.1,41.97,-1,0.2224340042274166,0.4955313307824663,0.7489023467070351,0.5968797371522938,21,0.7419354838709677,0.0967741935483871,P1 O3,de-protonated,0,-9999,C31 H23 O3 P1,31,23,3,-9999,1,-9999,-9999,N/A
1119,473.131341,473.1313103865675,473.130933819939,4323914.5,-9999,385495.1,41.97,-1,0.7959036317437345,0.4457093881013115,0.8149093904448103,0.593389389038711,7,1.4285714285714286,0.380952380952381,S2 O8,de-protonated,0,-9999,C21 H30 O8 S2,21,30,8,-9999,-9999,2,-9999,N/A
1119,473.131341,473.1313103865675,473.1314018505891,4323914.5,-9999,385495.1,41.97,-1,-0.19331632032615545,0.4966209918527269,0.8149093904448103,0.6239363512895602,13,1.0476190476190477,0.42857142857142855,N4 O9,de-protonated,0,-9999,C21 H22 O9 N4,21,22,9,4,-9999,-9999,-9999,N/A
1120,473.146563,473.14653238798223,473.146189961229,8954450,-9999,300959.4,88.7,-1,0.7237229432934807,0.9160277210281058,0.999251448631658,0.9493172120695266,11,1.2,0.2,S2 O5,de-protonated,0,-9999,C25 H30 O5 S2,25,30,5,-9999,-9999,2,-9999,N/A
1120,473.146563,473.14653238798223,473.1466579918791,8954450,-9999,300959.4,88.7,-1,-0.2654650408469772,0.9843684108739464,0.999251448631658,0.9903216259770308,17,0.88,0.24,N4 O6,de-protonated,0,-9999,C25 H22 O6 N4,25,22,6,4,-9999,-9999,-9999,N/A
1121,473.159655,473.15962438919894,473.1599252739691,1393752.1,-9999,409709.5,12.41,-1,-0.6359050167008776,0.929253831077202,0,0.5575522986463212,7,1.5,0.45,N2 S1 O9,de-protonated,0,-9999,C20 H30 O9 N2 S1,20,30,9,2,-9999,1,-9999,N/A
1121,473.159655,473.15962438919894,473.1595451514491,1393752.1,-9999,409709.5,12.41,-1,0.16746518305751196,0.9949242716975594,0,0.5969545630185356,12,1.2272727272727273,0.2727272727272727,N4 P1 O6,de-protonated,0,-9999,C22 H27 O6 N4 P1,22,27,6,4,1,-9999,-9999,N/A
1122,473.167762,473.1677313899524,473.1675906554491,2281564,-9999,300586.7,21.36,-1,0.29743056389276107,0.9840762971232698,0,0.5904457782739618,20,0.84375,0.0625,P1 O2,de-protonated,0,-9999,C32 H27 O2 P1,32,27,2,-9999,1,-9999,-9999,N/A
1122,473.167762,473.1677313899524,473.1673193292891,2281564,-9999,300586.7,21.36,-1,0.8708561357611986,0.8714394072019573,0,0.5228636443211744,6,1.5454545454545454,0.3181818181818182,S2 O7,de-protonated,0,-9999,C22 H34 O7 S2,22,34,7,-9999,-9999,2,-9999,N/A
1122,473.167762,473.1677313899524,473.16778735993904,2281564,-9999,300586.7,21.36,-1,-0.11828782123869629,0.9974643885182206,0,0.5984786331109323,12,1.181818181818182,0.3636363636363637,N4 O8,de-protonated,0,-9999,C22 H26 O8 N4,22,26,8,4,-9999,-9999,-9999,N/A
1123,473.182955,473.18292439136445,473.1825754705791,6043235.5,-9999,301625.4,59.32,-1,0.7373914498508513,0.8904108374492532,0.9867981156683568,0.9289657487368946,10,1.3076923076923077,0.15384615384615383,S2 O4,de-protonated,0,-9999,C26 H34 O4 S2,26,34,4,-9999,-9999,2,-9999,N/A
1123,473.182955,473.18292439136445,473.18304350122906,6043235.5,-9999,301625.4,59.32,-1,-0.2517204837515603,0.992792495716364,0.9867981156683568,0.9903947436971612,16,1,0.19230769230769232,N4 O5,de-protonated,0,-9999,C26 H26 O5 N4,26,26,5,4,-9999,-9999,-9999,N/A
1124,473.219433,473.2194023947547,473.218960979929,2364788.8,-9999,292409.3,22.2,-1,0.9327919252406262,0.853953409137855,0,0.512372045482713,9,1.4074074074074074,0.1111111111111111,S2 O3,de-protonated,0,-9999,C27 H38 O3 S2,27,38,3,-9999,-9999,2,-9999,N/A
1124,473.219433,473.2194023947547,473.21942901057906,2364788.8,-9999,292409.3,22.2,-1,-0.05624414961835135,0.9994261691374048,0,0.599655701482443,15,1.1111111111111112,0.14814814814814814,N4 O4,de-protonated,0,-9999,C27 H30 O4 N4,27,30,4,4,-9999,-9999,-9999,N/A
1126,474.069149,474.06911847372686,474.0689392408891,1902347.9,-9999,266334,17.53,-1,0.37807336215466175,0.9743972750808334,0,0.5846383650485,27,0.4375,0.0625,N1 P1 O2,de-protonated,0,-9999,C32 H14 O2 N1 P1,32,14,2,1,1,-9999,-9999,N/A
1126,474.069149,474.06911847372686,474.06866791472913,1902347.9,-9999,266334,17.53,-1,0.9504087239279428,0.8488282768651135,0,0.509296966119068,13,0.9545454545454546,0.3181818181818182,N1 S2 O7,de-protonated,0,-9999,C22 H21 O7 N1 S2,22,21,7,1,-9999,2,-9999,N/A
1127,474.077251,474.0772204744798,474.07704510375913,1847823.8,-9999,306415.2,16.98,-1,0.3699202956445491,0.9754760953490006,0.9180478744074132,0.9525048069723656,27,0.46875,0.0625,13C1 P1 O2,de-protonated,1,1116,C32 H15 O2 P1 13C1,32,15,2,-9999,1,-9999,1,N/A
1127,474.077251,474.0772204744798,474.0767737775992,1847823.8,-9999,306415.2,16.98,-1,0.9422458668430644,0.8512111234960759,0.9818774925475292,0.9034776711166572,13,1,0.3181818181818182,13C1 S2 O7,de-protonated,1,1116,C22 H22 O7 S2 13C1,22,22,7,-9999,-9999,2,1,N/A
1127,474.077251,474.0772204744798,474.07718144937905,1847823.8,-9999,306415.2,16.98,-1,0.08231803235557884,0.9987712123845072,0,0.5992627274307042,27,0.40625,0.125,N1 O4,de-protonated,0,-9999,C32 H13 O4 N1,32,13,4,1,-9999,-9999,-9999,N/A
1127,474.077251,474.0772204744798,474.0775323222991,1847823.8,-9999,306415.2,16.98,-1,-0.6577991952798318,0.9244902200147688,0,0.5546941320088612,4,1.8571428571428572,0.6428571428571429,N3 S2 P1 O9,de-protonated,0,-9999,C14 H26 O9 N3 P1 S2,14,26,9,3,1,2,-9999,N/A
1127,474.077251,474.0772204744798,474.0772418082491,1847823.8,-9999,306415.2,16.98,-1,-0.04500061885932802,0.999632623803108,0.9818774925475292,0.9925305713008764,19,0.6363636363636364,0.3636363636363637,13C1 N4 O8,de-protonated,1,1116,C22 H14 O8 N4 13C1,22,14,8,4,-9999,-9999,1,N/A
1128,474.105512,474.1054814771064,474.1053247502391,1805341.3,-9999,337519.3,16.55,-1,0.330573944392564,0.9803667378044928,0,0.5882200426826956,26,0.5454545454545454,0.0303030303030303,N1 P1 O1,de-protonated,0,-9999,C33 H18 O1 N1 P1,33,18,1,1,1,-9999,-9999,N/A
1128,474.105512,474.1054814771064,474.1050534240791,1805341.3,-9999,337519.3,16.55,-1,0.9028653548421928,0.8625080710145314,0,0.5175048426087189,12,1.0869565217391304,0.2608695652173913,N1 S2 O6,de-protonated,0,-9999,C23 H25 O6 N1 S2,23,25,6,1,-9999,2,-9999,N/A
1129,474.113666,474.11363547786425,474.1134306131091,1921569.3,-9999,268139,17.73,-1,0.4321007209415671,0.9666889776014638,0.9270550798670868,0.9508354185077128,26,0.5757575757575758,0.0303030303030303,13C1 P1 O1,de-protonated,1,1118,C33 H19 O1 P1 13C1,33,19,1,-9999,1,-9999,1,N/A
1129,474.113666,474.11363547786425,474.1135669587291,1921569.3,-9999,268139,17.73,-1,0.14452051136262162,0.996217402516443,0,0.5977304415098658,26,0.5151515151515151,0.09090909090909093,N1 O3,de-protonated,0,-9999,C33 H17 O3 N1,33,17,3,1,-9999,-9999,-9999,N/A
1129,474.113666,474.11363547786425,474.1139178316491,1921569.3,-9999,268139,17.73,-1,-0.5955399624569397,0.9376729905618786,0,0.56260379433712715,3,2,0.5333333333333333,N3 S2 P1 O8,de-protonated,0,-9999,C15 H30 O8 N3 P1 S2,15,30,8,3,1,2,-9999,N/A
1129,474.113666,474.11363547786425,474.11362731759914,1921569.3,-9999,268139,17.73,-1,0.01721162320710847,0.9999462490906212,0.98983619084065,0.9959022257906328,18,0.782608695652174,0.30434782608695654,13C1 N4 O7,de-protonated,1,1118,C23 H18 O7 N4 13C1,23,18,7,4,-9999,-9999,1,N/A
1130,474.141891,474.1418604804874,474.14143893342913,1366062.8,-9999,305102,12.12,-1,0.8890744906059086,0.8663842691176034,0,0.519830561470562,11,1.2083333333333333,0.20833333333333337,N1 S2 O5,de-protonated,0,-9999,C24 H29 O5 N1 S2,24,29,5,1,-9999,2,-9999,N/A
1131,474.149891,474.149860481231,474.1495447962991,2432050.5,-9999,351062.7,22.88,-1,0.6657919117325751,0.9227173061534746,0.999251448631658,0.953330963144748,11,1.25,0.20833333333333337,13C1 S2 O5,de-protonated,1,1120,C24 H30 O5 S2 13C1,24,30,5,-9999,-9999,2,1,N/A
1131,474.149891,474.149860481231,474.1499524680791,2432050.5,-9999,351062.7,22.88,-1,-0.19400370632635872,0.4965970013666731,0.7311359101322861,0.5904125648729183,25,0.6176470588235294,0.0588235294117647,N1 O2,de-protonated,0,-9999,C34 H21 O2 N1,34,21,2,1,-9999,-9999,-9999,N/A
1131,474.149891,474.149860481231,474.15030334099913,2432050.5,-9999,351062.7,22.88,-1,-0.9340071387410396,0.8536019710847083,0,0.5121611826508249,2,2.125,0.4375,N3 S2 P1 O7,de-protonated,0,-9999,C16 H34 O7 N3 P1 S2,16,34,7,3,1,2,-9999,N/A
1131,474.149891,474.149860481231,474.1494339611291,2432050.5,-9999,351062.7,22.88,-1,0.8995478457482551,0.8634443797998916,0,0.518066627879935,3,2,0.8,N3 P1 O12,de-protonated,0,-9999,C15 H30 O12 N3 P1,15,30,12,3,1,-9999,-9999,N/A
1131,474.149891,474.149860481231,474.15001282694914,2432050.5,-9999,351062.7,22.88,-1,-0.3213027819087332,0.9814424106685784,0.999251448631658,0.9885660258538104,17,0.9166666666666666,0.25,13C1 N4 O6,de-protonated,1,1120,C24 H22 O6 N4 13C1,24,22,6,4,-9999,-9999,1,N/A
1132,474.186368,474.1863374846211,474.1859303056491,1570628.1,-9999,312755.6,14.19,-1,0.8586905389745849,0.8747727964402892,0.9867981156683568,0.9195829241315162,10,1.36,0.16,13C1 S2 O4,de-protonated,1,1123,C25 H34 O4 S2 13C1,25,34,4,-9999,-9999,2,1,N/A
1132,474.186368,474.1863374846211,474.1863379774291,1570628.1,-9999,312755.6,14.19,-1,-0.00103927064645446,0.9999998040202912,0,0.5999998824121747,24,0.7142857142857143,0.02857142857142857,N1 O1,de-protonated,0,-9999,C35 H25 O1 N1,35,25,1,1,-9999,-9999,-9999,N/A
1132,474.186368,474.1863374846211,474.186688850349,1570628.1,-9999,312755.6,14.19,-1,-0.7409860634436829,0.905175638404863,0,0.5431053830429178,1,2.235294117647059,0.35294117647058826,N3 S2 P1 O6,de-protonated,0,-9999,C17 H38 O6 N3 P1 S2,17,38,6,3,1,2,-9999,N/A
1132,474.186368,474.1863374846211,474.1863983362991,1570628.1,-9999,312755.6,14.19,-1,-0.12832860269453697,0.9970163212947922,0.9867981156683568,0.992929039044218,16,1.04,0.2,13C1 N4 O5,de-protonated,1,1123,C25 H26 O5 N4 13C1,25,26,5,4,-9999,-9999,1,N/A
1133,474.287302,474.28727149400186,474.28698097082906,1375348.8,-9999,323925,12.21,-1,0.612547222356761,0.9341837688392642,0,0.5605102613035585,7,1.6071428571428572,0.03571428571428571,N1 S2 O1,de-protonated,0,-9999,C28 H45 O1 N1 S2,28,45,1,1,-9999,2,-9999,N/A
1134,475.016725,475.01669456179405,475.01629798828907,1536980.1,-9999,343884.7,13.84,-1,0.8348629439989987,0.8812014371910835,0,0.5287208623146501,14,0.7619047619047619,0.42857142857142855,S2 O9,de-protonated,0,-9999,C21 H16 O9 S2,21,16,9,-9999,-9999,2,-9999,N/A
1134,475.016725,475.01669456179405,475.0167660189391,1536980.1,-9999,343884.7,13.84,-1,-0.15043078511372143,0.9959023396827248,0,0.5975414038096348,20,0.380952380952381,0.47619047619047616,N4 O10,de-protonated,0,-9999,C21 H8 O10 N4,21,8,10,4,-9999,-9999,-9999,N/A
1135,475.053088,475.0530575651736,475.0529548237991,8521190,-9999,303844.3,84.32,-1,0.21627351956428267,0.994928051960639,0.9218562117356554,0.9656993158706456,27,0.40625,0.09375,P1 O3,de-protonated,0,-9999,C32 H13 O3 P1,32,13,3,-9999,1,-9999,-9999,N/A
1135,475.053088,475.0530575651736,475.05268349763907,8521190,-9999,303844.3,84.32,-1,0.7874232638726228,0.908068248043652,0.9867608403433556,0.9395452849635336,13,0.9090909090909092,0.3636363636363637,S2 O8,de-protonated,0,-9999,C22 H20 O8 S2,22,20,8,-9999,-9999,2,-9999,N/A
1135,475.053088,475.0530575651736,475.0531515282891,8521190,-9999,303844.3,84.32,-1,-0.1977949523900044,0.9874532911443455,0.9867608403433556,0.9871763108239496,19,0.5454545454545454,0.4090909090909091,N4 O9,de-protonated,0,-9999,C22 H12 O9 N4,22,12,9,4,-9999,-9999,-9999,N/A
1136,475.088059,475.0880285684238,475.0881996271191,3182070.5,-9999,427449.2,30.44,-1,-0.36005671246103904,0.9767513534133534,0,0.586050812048012,13,0.9090909090909092,0.5454545454545454,O12,de-protonated,0,-9999,C22 H20 O12,22,20,12,-9999,-9999,-9999,-9999,N/A
1136,475.088059,475.0880285684238,475.0876865628691,3182070.5,-9999,427449.2,30.44,-1,0.7198788020492587,0.455127119803465,0.7253996187124169,0.5632361193670458,31,0.34285714285714286,0.02857142857142857,N2 O1,de-protonated,0,-9999,C35 H12 O1 N2,35,12,1,2,-9999,-9999,-9999,N/A
1136,475.088059,475.0880285684238,475.0880374357891,3182070.5,-9999,427449.2,30.44,-1,-0.01866467811573028,0.9999367906809904,0,0.5999620744085942,8,1.4705882352941178,0.35294117647058826,N4 S2 P1 O6,de-protonated,0,-9999,C17 H25 O6 N4 P1 S2,17,25,6,4,1,2,-9999,N/A
1137,475.089535,475.089504568561,475.0893403331491,9690615,-9999,245981.8,96.12,-1,0.3456937420906571,0.989272251346864,0.9354454248586026,0.9677415207515594,26,0.5151515151515151,0.06060606060606061,P1 O2,de-protonated,0,-9999,C33 H17 O2 P1,33,17,2,-9999,1,-9999,-9999,N/A
1137,475.089535,475.089504568561,475.08906900698906,9690615,-9999,245981.8,96.12,-1,0.9167998178310944,0.6007805574355052,0.9331339827666248,0.7337219275679531,12,1.0434782608695652,0.30434782608695654,S2 O7,de-protonated,0,-9999,C23 H24 O7 S2,23,24,7,-9999,-9999,2,-9999,N/A
1137,475.089535,475.089504568561,475.0895370376391,9690615,-9999,245981.8,96.12,-1,-0.06834307133708625,0.9839418361015208,0.9992750429987188,0.9900751188604,18,0.6956521739130435,0.34782608695652173,N4 O8,de-protonated,0,-9999,C23 H16 O8 N4,23,16,8,4,-9999,-9999,-9999,N/A
1138,475.110713,475.1106825705292,475.110469701209,1421825.5,-9999,445771.2,12.68,-1,0.44804173705319256,0.9642311191213898,0,0.5785386714728339,21,0.7,0.13333333333333333,P1 O4,de-protonated,0,-9999,C30 H21 O4 P1,30,21,4,-9999,1,-9999,-9999,N/A
1138,475.110713,475.1106825705292,475.1106664056991,1421825.5,-9999,445771.2,12.68,-1,0.03402329451149384,0.9997899798579034,0,0.599873987914742,13,1,0.5,N4 O10,de-protonated,0,-9999,C20 H20 O10 N4,20,20,10,4,-9999,-9999,-9999,N/A
1139,475.124425,475.1243945718036,475.1245851364691,3235336.3,-9999,409118.3,30.98,-1,-0.4010835714743934,0.9712325995809712,0,0.5827395597485827,12,1.0434782608695652,0.4782608695652174,O11,de-protonated,0,-9999,C23 H24 O11,23,24,11,-9999,-9999,-9999,-9999,N/A
1139,475.124425,475.1243945718036,475.12393368778913,3235336.3,-9999,409118.3,30.98,-1,0.970029042458366,0.8430447043185755,0,0.5058268225911453,3,1.8666666666666667,0.8666666666666667,N2 S1 O13,de-protonated,0,-9999,C15 H28 O13 N2 S1,15,28,13,2,-9999,1,-9999,N/A
1139,475.124425,475.1243945718036,475.12442294513903,3235336.3,-9999,409118.3,30.98,-1,-0.05971769516225428,0.9993531264425444,0,0.5996118758655267,7,1.6111111111111112,0.2777777777777778,N4 S2 P1 O5,de-protonated,0,-9999,C18 H29 O5 N4 P1 S2,18,29,5,4,1,2,-9999,N/A
1140,475.125881,475.12585057193894,475.1257258424991,10702345,-9999,326915.3,106.33,-1,0.26251880936480204,0.979841983272066,0.9288703017304386,0.9594533106554152,25,0.6176470588235294,0.02941176470588235,P1 O1,de-protonated,0,-9999,C34 H21 O1 P1,34,21,1,-9999,1,-9999,-9999,N/A
1140,475.125881,475.12585057193894,475.1254545163391,10702345,-9999,326915.3,106.33,-1,0.8335811017010047,0.5753905211501866,0.933670062972206,0.7187023378789944,11,1.1666666666666667,0.25,S2 O6,de-protonated,0,-9999,C24 H28 O6 S2,24,28,6,-9999,-9999,2,-9999,N/A
1140,475.125881,475.12585057193894,475.1259225469891,10702345,-9999,326915.3,106.33,-1,-0.1514862623698169,0.9978919707840188,0.991651412704002,0.995395747552012,17,0.8333333333333334,0.2916666666666667,N4 O7,de-protonated,0,-9999,C24 H20 O7 N4,24,20,7,4,-9999,-9999,-9999,N/A
1141,475.162214,475.16218357531574,475.16184002568906,11734554,-9999,332799.7,116.75,-1,0.723016028936399,0.5945824230092298,0.9064487970453976,0.7193289726236969,10,1.28,0.2,S2 O5,de-protonated,0,-9999,C25 H32 O5 S2,25,32,5,-9999,-9999,2,-9999,N/A
1141,475.162214,475.16218357531574,475.1623080563391,11734554,-9999,332799.7,116.75,-1,-0.2619757949070591,0.9924574956474064,0.9582456610660618,0.9787727618148684,16,0.96,0.24,N4 O6,de-protonated,0,-9999,C25 H24 O6 N4,25,24,6,4,-9999,-9999,-9999,N/A
1142,475.198673,475.1986425787042,475.1982255350391,7034412,-9999,298925.6,69.32,-1,0.8776204175123881,0.8726315953237187,0.9785639137962115,0.915004522712716,9,1.3846153846153846,0.15384615384615383,S2 O4,de-protonated,0,-9999,C26 H36 O4 S2,26,36,4,-9999,-9999,2,-9999,N/A
1142,475.198673,475.1986425787042,475.1986935656891,7034412,-9999,298925.6,69.32,-1,-0.10729613860211504,0.9974833331781112,0.9785639137962115,0.9899155654253512,15,1.0769230769230769,0.19230769230769232,N4 O5,de-protonated,0,-9999,C26 H28 O5 N4,26,28,5,4,-9999,-9999,-9999,N/A
1143,475.235093,475.2350625820891,475.23461104438906,2169917.5,-9999,361497,20.23,-1,0.950136394817595,0.8489079966855029,0,0.5093447980113017,8,1.4814814814814814,0.1111111111111111,S2 O3,de-protonated,0,-9999,C27 H40 O3 S2,27,40,3,-9999,-9999,2,-9999,N/A
1143,475.235093,475.2350625820891,475.2350790750391,2169917.5,-9999,361497,20.23,-1,-0.03470482448867477,0.9997814825729264,0,0.5998688895437558,14,1.1851851851851851,0.14814814814814814,N4 O4,de-protonated,0,-9999,C27 H32 O4 N4,27,32,4,4,-9999,-9999,-9999,N/A
1144,476.048318,476.04828765766973,476.0482037959991,1375687.5,-9999,375517.7,12.21,-1,0.17616214067670094,0.9943849086957304,0,0.5966309452174381,27,0.3870967741935484,0.0967741935483871,N1 P1 O3,de-protonated,0,-9999,C31 H12 O3 N1 P1,31,12,3,1,1,-9999,-9999,N/A
1144,476.048318,476.04828765766973,476.04793246983905,1375687.5,-9999,375517.7,12.21,-1,0.7461177886756373,0.903923100932236,0,0.5423538605593416,13,0.9047619047619048,0.380952380952381,N1 S2 O8,de-protonated,0,-9999,C21 H19 O8 N1 S2,21,19,8,1,-9999,2,-9999,N/A
1145,476.056386,476.05635565841953,476.0563096588691,1857483.4,-9999,322775.3,17.07,-1,0.09662628031526448,0.9983073135041666,0.9218562117356554,0.967726872796762,27,0.41935483870967744,0.0967741935483871,13C1 P1 O3,de-protonated,1,1135,C31 H13 O3 P1 13C1,31,13,3,-9999,1,-9999,1,N/A
1145,476.056386,476.05635565841953,476.0560383327091,1857483.4,-9999,322775.3,17.07,-1,0.6665721782803592,0.9225432668082716,0.9867608403433556,0.9482302962223051,13,0.9523809523809524,0.380952380952381,13C1 S2 O8,de-protonated,1,1135,C21 H20 O8 S2 13C1,21,20,8,-9999,-9999,2,1,N/A
1145,476.056386,476.05635565841953,476.0564460044891,1857483.4,-9999,322775.3,17.07,-1,-0.18978016223422473,0.9934861592200064,0,0.5960916955320039,27,0.3548387096774194,0.16129032258064516,N1 O5,de-protonated,0,-9999,C31 H11 O5 N1,31,11,5,1,-9999,-9999,-9999,N/A
1145,476.056386,476.05635565841953,476.05679687740906,1857483.4,-9999,322775.3,17.07,-1,-0.9268200610012614,0.8556759038770793,0,0.5134055423262476,4,1.8461538461538465,0.7692307692307693,N3 S2 P1 O10,de-protonated,0,-9999,C13 H24 O10 N3 P1 S2,13,24,10,3,1,2,-9999,N/A
1145,476.056386,476.05635565841953,476.0565063633592,1857483.4,-9999,322775.3,17.07,-1,-0.3165694358292868,0.9819802339070096,0.9867608403433556,0.983892476481548,19,0.5714285714285714,0.42857142857142855,13C1 N4 O9,de-protonated,1,1135,C21 H12 O9 N4 13C1,21,12,9,4,-9999,-9999,1,N/A
1146,476.0847,476.08466966105107,476.0845893053491,2199001.3,-9999,304126.1,20.52,-1,0.1687845055002039,0.9948441889037096,0,0.5969065133422258,26,0.5,0.0625,N1 P1 O2,de-protonated,0,-9999,C32 H16 O2 N1 P1,32,16,2,1,1,-9999,-9999,N/A
1146,476.0847,476.08466966105107,476.08431797918905,2199001.3,-9999,304126.1,20.52,-1,0.7386965895178841,0.905732214379052,0,0.5434393286274312,12,1.0454545454545454,0.3181818181818182,N1 S2 O7,de-protonated,0,-9999,C22 H23 O7 N1 S2,22,23,7,1,-9999,2,-9999,N/A
1147,476.092723,476.0926926617967,476.0926951682191,2399709,-9999,286860.5,22.54,-1,-0.00526456804727717,0.9999949710395134,0.9354454248586026,0.9741751525671491,26,0.53125,0.0625,13C1 P1 O2,de-protonated,1,1137,C32 H17 O2 P1 13C1,32,17,2,-9999,1,-9999,1,N/A
1147,476.092723,476.0926926617967,476.09242384205913,2399709,-9999,286860.5,22.54,-1,0.5646377134407312,0.629195155896889,0.9331339827666248,0.7507706866447834,12,1.0909090909090908,0.3181818181818182,13C1 S2 O7,de-protonated,1,1137,C22 H24 O7 S2 13C1,22,24,7,-9999,-9999,2,1,N/A
1147,476.092723,476.0926926617967,476.0928315138391,2399709,-9999,286860.5,22.54,-1,-0.29164909273543044,0.9846846130469435,0,0.5908107678281661,26,0.46875,0.125,N1 O4,de-protonated,0,-9999,C32 H15 O4 N1,32,15,4,1,-9999,-9999,-9999,N/A
1147,476.092723,476.0926926617967,476.09289187270906,2399709,-9999,286860.5,22.54,-1,-0.4184286632772458,0.968730819231562,0.9992750429987188,0.9809485087384248,18,0.7272727272727273,0.3636363636363637,13C1 N4 O8,de-protonated,1,1137,C22 H16 O8 N4 13C1,22,16,8,4,-9999,-9999,1,N/A
1148,476.121442,476.1214116644659,476.1209748146991,1575659,-9999,328387.6,14.23,-1,0.9175184247442852,0.8583436176249865,0,0.5150061705749919,25,0.6060606060606061,0.0303030303030303,N1 P1 O1,de-protonated,0,-9999,C33 H20 O1 N1 P1,33,20,1,1,1,-9999,-9999,N/A
1149,476.129299,476.1292686651961,476.1290806775691,2637806.8,-9999,333203,24.94,-1,0.39482492167727967,0.9721108475489878,0.9288703017304386,0.954814629221568,25,0.6363636363636364,0.0303030303030303,13C1 P1 O1,de-protonated,1,1140,C33 H21 O1 P1 13C1,33,21,1,-9999,1,-9999,1,N/A
1149,476.129299,476.1292686651961,476.12880935140913,2637806.8,-9999,333203,24.94,-1,0.9646838795317636,0.5630853999538085,0.933670062972206,0.7113192651611675,11,1.2173913043478262,0.2608695652173913,13C1 S2 O6,de-protonated,1,1140,C23 H28 O6 S2 13C1,23,28,6,-9999,-9999,2,1,N/A
1149,476.129299,476.1292686651961,476.129217023189,2637806.8,-9999,333203,24.94,-1,0.10846216787153404,0.49893385331659623,0.7369636471990461,0.5941457708695761,25,0.5757575757575758,0.09090909090909093,N1 O3,de-protonated,0,-9999,C33 H19 O3 N1,33,19,3,1,-9999,-9999,-9999,N/A
1149,476.129299,476.1292686651961,476.1295678961091,2637806.8,-9999,333203,24.94,-1,-0.6284653027057383,0.9308412421388416,0,0.558504745283305,2,2.1333333333333333,0.5333333333333333,N3 S2 P1 O8,de-protonated,0,-9999,C15 H32 O8 N3 P1 S2,15,32,8,3,1,2,-9999,N/A
1149,476.129299,476.1292686651961,476.1292773820591,2637806.8,-9999,333203,24.94,-1,-0.01830776521357179,0.9999391849188586,0.991651412704002,0.996624076032916,17,0.8695652173913043,0.30434782608695654,13C1 N4 O7,de-protonated,1,1140,C23 H20 O7 N4 13C1,23,20,7,4,-9999,-9999,1,N/A
1150,476.165635,476.1656046685731,476.16519486075913,2422016.5,-9999,240867.3,22.77,-1,0.8606421015301526,0.5828269136042348,0.9064487970453976,0.7122756669807,10,1.3333333333333333,0.20833333333333337,13C1 S2 O5,de-protonated,1,1141,C24 H32 O5 S2 13C1,24,32,5,-9999,-9999,2,1,N/A
1150,476.165635,476.1656046685731,476.1656025325391,2422016.5,-9999,240867.3,22.77,-1,0.00448590577653789,0.49999817432556454,0.7311359101322861,0.5924532686482531,24,0.6764705882352942,0.0588235294117647,N1 O2,de-protonated,0,-9999,C34 H23 O2 N1,34,23,2,1,-9999,-9999,-9999,N/A
1150,476.165635,476.1656046685731,476.16595340545905,2422016.5,-9999,240867.3,22.77,-1,-0.7323851767340942,0.9072593686652426,0,0.5443556211991455,1,2.25,0.4375,N3 S2 P1 O7,de-protonated,0,-9999,C16 H36 O7 N3 P1 S2,16,36,7,3,1,2,-9999,N/A
1150,476.165635,476.1656046685731,476.1656628914091,2422016.5,-9999,240867.3,22.77,-1,-0.12227432706833928,0.99729083511286,0.9582456610660618,0.9816727654941406,16,1,0.25,13C1 N4 O6,de-protonated,1,1141,C24 H24 O6 N4 13C1,24,24,6,4,-9999,-9999,1,N/A
1151,476.202018,476.20198767195456,476.2015803701091,1737234.1,-9999,329129.3,15.86,-1,0.8553139305233939,0.875691911336805,0.9785639137962115,0.9168407123205676,9,1.44,0.16,13C1 S2 O4,de-protonated,1,1142,C25 H36 O4 S2 13C1,25,36,4,-9999,-9999,2,1,N/A
1151,476.202018,476.20198767195456,476.2019880418891,1737234.1,-9999,329129.3,15.86,-1,-7.7684372381617e-4,0.999999890498233,0,0.5999999342989398,23,0.7714285714285715,0.02857142857142857,N1 O1,de-protonated,0,-9999,C35 H27 O1 N1,35,27,1,1,-9999,-9999,-9999,N/A
1151,476.202018,476.20198767195456,476.2023389148091,1737234.1,-9999,329129.3,15.86,-1,-0.7375916198764484,0.9060003406789348,0,0.5436002044073608,0,2.3529411764705883,0.35294117647058826,N3 S2 P1 O6,de-protonated,0,-9999,C17 H40 O6 N3 P1 S2,17,40,6,3,1,2,-9999,N/A
1151,476.202018,476.20198767195456,476.2020484007591,1737234.1,-9999,329129.3,15.86,-1,-0.12752739044217104,0.9970534070689668,0.9785639137962115,0.9896576097598646,15,1.12,0.2,13C1 N4 O5,de-protonated,1,1142,C25 H28 O5 N4 13C1,25,28,5,4,-9999,-9999,1,N/A
1152,477.032307,477.03227674912114,477.0322193789091,4742566.5,-9999,312525.2,46.18,-1,0.12026485786759752,0.4986895164945205,0.7489023467070351,0.5987746485795263,27,0.3548387096774194,0.12903225806451613,P1 O4,de-protonated,0,-9999,C31 H11 O4 P1,31,11,4,-9999,1,-9999,-9999,N/A
1152,477.032307,477.03227674912114,477.0319480527491,4742566.5,-9999,312525.2,46.18,-1,0.6890447765160648,0.4587288984996712,0.8149093904448103,0.6012010952777268,13,0.8571428571428571,0.42857142857142855,S2 O9,de-protonated,0,-9999,C21 H18 O9 S2,21,18,9,-9999,-9999,2,-9999,N/A
1152,477.032307,477.03227674912114,477.0324160833991,4742566.5,-9999,312525.2,46.18,-1,-0.2920855548780692,0.49231954648469434,0.8149093904448103,0.6213554840687407,19,0.47619047619047616,0.47619047619047616,N4 O10,de-protonated,0,-9999,C21 H10 O10 N4,21,10,10,4,-9999,-9999,-9999,N/A
1153,477.068759,477.068728752509,477.06860488825913,11680184,-9999,307559,116.19,-1,0.25963613745028874,0.9926278746011836,0.9303651345253932,0.9677227785708674,26,0.46875,0.09375,P1 O3,de-protonated,0,-9999,C32 H15 O3 P1,32,15,3,-9999,1,-9999,-9999,N/A
1153,477.068759,477.068728752509,477.0683335620991,11680184,-9999,307559,116.19,-1,0.8283727552261613,0.6002830202675955,0.9325891667306584,0.7332054788528206,12,1,0.3636363636363637,S2 O8,de-protonated,0,-9999,C22 H22 O8 S2,22,22,8,-9999,-9999,2,-9999,N/A
1153,477.068759,477.068728752509,477.06880159274914,11680184,-9999,307559,116.19,-1,-0.15268288325131232,0.9902151429871984,0.9952697631330936,0.9922369910455564,18,0.6363636363636364,0.4090909090909091,N4 O9,de-protonated,0,-9999,C22 H14 O9 N4,22,14,9,4,-9999,-9999,-9999,N/A
1154,477.07126,477.07122975274143,477.070835485549,1902009.4,-9999,397769.1,17.52,-1,0.8264332318780747,0.883443463648697,0,0.5300660781892181,8,1.2222222222222223,0.7222222222222222,S1 O13,de-protonated,0,-9999,C18 H22 O13 S1,18,22,13,-9999,-9999,1,-9999,N/A
1154,477.07126,477.07122975274143,477.07132474289904,1902009.4,-9999,397769.1,17.52,-1,-0.19911101900241235,0.9928322427126064,0,0.5956993456275638,12,1.0952380952380951,0.23809523809523808,N2 S2 P1 O5,de-protonated,0,-9999,C21 H23 O5 N2 P1 S2,21,23,5,2,1,2,-9999,N/A
1155,477.105141,477.10511075589034,477.1049903976091,13666762,-9999,300763.8,136.24,-1,0.2522679152123191,0.9921133068526132,0.9216831138088584,0.9639412296351112,25,0.5757575757575758,0.06060606060606061,P1 O2,de-protonated,0,-9999,C33 H19 O2 P1,33,19,2,-9999,1,-9999,-9999,N/A
1155,477.105141,477.10511075589034,477.1047190714491,13666762,-9999,300763.8,136.24,-1,0.8209611550320923,0.5982547411292413,0.9319668756684352,0.7317395949449188,11,1.1304347826086956,0.30434782608695654,S2 O7,de-protonated,0,-9999,C23 H26 O7 S2,23,26,7,-9999,-9999,2,-9999,N/A
1155,477.105141,477.10511075589034,477.10518710209914,13666762,-9999,300763.8,136.24,-1,-0.16001965785360853,0.9917051319657908,0.9855127319489744,0.989228171959064,17,0.782608695652174,0.34782608695652173,N4 O8,de-protonated,0,-9999,C23 H18 O8 N4,23,18,8,4,-9999,-9999,-9999,N/A
1156,477.141561,477.1415307592752,477.141375906959,15055324,-9999,256454.2,150.25,-1,0.32454178983924775,0.6538900339531509,0.9084115538756636,0.7556986419221561,24,0.6764705882352942,0.02941176470588235,P1 O1,de-protonated,0,-9999,C34 H23 O1 P1,34,23,1,-9999,1,-9999,-9999,N/A
1156,477.141561,477.1415307592752,477.14110458079904,15055324,-9999,256454.2,150.25,-1,0.89319170384542,0.5765543926283755,0.933670062972206,0.7194006607659078,10,1.25,0.25,S2 O6,de-protonated,0,-9999,C24 H30 O6 S2,24,30,6,-9999,-9999,2,-9999,N/A
1156,477.141561,477.1415307592752,477.14157261144913,15055324,-9999,256454.2,150.25,-1,-0.08771437310102889,0.9986807534145334,0.9953326059601028,0.9973414944327612,16,0.9166666666666666,0.2916666666666667,N4 O7,de-protonated,0,-9999,C24 H22 O7 N4,24,22,7,4,-9999,-9999,-9999,N/A
1157,477.176401,477.1763707625131,477.17662071027905,3306988.8,-9999,440455.5,31.69,-1,-0.5238055576200022,0.47571722467084093,0.7939170211058493,0.6029971432448443,10,1.25,0.4166666666666667,O10,de-protonated,0,-9999,C24 H30 O10,24,30,10,-9999,-9999,-9999,-9999,N/A
1157,477.176401,477.1763707625131,477.1759692615991,3306988.8,-9999,440455.5,31.69,-1,0.8414105904640694,0.8794482561935624,0,0.5276689537161374,1,2.125,0.75,N2 S1 O12,de-protonated,0,-9999,C16 H34 O12 N2 S1,16,34,12,2,-9999,1,-9999,N/A
1157,477.176401,477.1763707625131,477.1764585189491,3306988.8,-9999,440455.5,31.69,-1,-0.183907723009209,0.9938818260701888,0,0.5963290956421133,5,1.8421052631578947,0.21052631578947367,N4 S2 P1 O4,de-protonated,0,-9999,C19 H35 O4 N4 P1 S2,19,35,4,4,1,2,-9999,N/A
1158,477.177945,477.1779147626567,477.1774900901491,11237869,-9999,319971.4,111.73,-1,0.8899676041713255,0.5779356560885628,0.9341976157877584,0.720440439968241,9,1.36,0.2,S2 O5,de-protonated,0,-9999,C25 H34 O5 S2,25,34,5,-9999,-9999,2,-9999,N/A
1158,477.177945,477.1779147626567,477.1779581207991,11237869,-9999,319971.4,111.73,-1,-0.09086367386773234,0.9984451403500774,0.9911220961854096,0.9955159226842104,15,1.04,0.24,N4 O6,de-protonated,0,-9999,C25 H26 O6 N4,25,26,6,4,-9999,-9999,-9999,N/A
1159,477.214328,477.2142977660381,477.21387559949903,4966911.5,-9999,274347.6,48.44,-1,0.8846484996627603,0.4338096389653975,0.7805128205128198,0.5724909115843664,8,1.4615384615384617,0.15384615384615383,S2 O4,de-protonated,0,-9999,C26 H38 O4 S2,26,38,4,-9999,-9999,2,-9999,N/A
1159,477.214328,477.2142977660381,477.2143436301491,4966911.5,-9999,274347.6,48.44,-1,-0.09610798917774412,0.4991627041719661,0.7805128205128198,0.6117027507083076,14,1.1538461538461535,0.19230769230769232,N4 O5,de-protonated,0,-9999,C26 H30 O5 N4,26,30,5,4,-9999,-9999,-9999,N/A
1160,478.064118,478.0640878450171,478.0638538604591,2127775.3,-9999,300001.6,19.79,-1,0.48944206117799754,0.9574644624540326,0,0.5744786774724195,26,0.4516129032258064,0.0967741935483871,N1 P1 O3,de-protonated,0,-9999,C31 H14 O3 N1 P1,31,14,3,1,1,-9999,-9999,N/A
1161,478.072047,478.0720168457541,478.07195972332914,2695075,-9999,399246.2,25.51,-1,0.11948499327295713,0.9974128705444292,0.9303651345253932,0.9705937761368147,26,0.4838709677419355,0.0967741935483871,13C1 P1 O3,de-protonated,1,1153,C31 H15 O3 P1 13C1,31,15,3,-9999,1,-9999,1,N/A
1161,478.072047,478.0720168457541,478.0716883971691,2695075,-9999,399246.2,25.51,-1,0.687027893295093,0.6119466231367222,0.9325891667306584,0.7402036405742967,12,1.0476190476190477,0.380952380952381,13C1 S2 O8,de-protonated,1,1153,C21 H22 O8 S2 13C1,21,22,8,-9999,-9999,2,1,N/A
1161,478.072047,478.0720168457541,478.07209606894907,2695075,-9999,399246.2,25.51,-1,-0.165713907340302,0.49751480655151753,0.7489023467070351,0.5980698226137247,26,0.41935483870967744,0.16129032258064516,N1 O5,de-protonated,0,-9999,C31 H13 O5 N1,31,13,5,1,-9999,-9999,-9999,N/A
1161,478.072047,478.0720168457541,478.0724469418691,2695075,-9999,399246.2,25.51,-1,-0.8996463147053096,0.8634166236908021,0,0.5180499742144812,3,2,0.7692307692307693,N3 S2 P1 O10,de-protonated,0,-9999,C13 H26 O10 N3 P1 S2,13,26,10,3,1,2,-9999,N/A
1161,478.072047,478.0720168457541,478.0721564278191,2695075,-9999,399246.2,25.51,-1,-0.29196861444483196,0.9846512955425684,0.9952697631330936,0.9888986825787784,18,0.6666666666666666,0.42857142857142855,13C1 N4 O9,de-protonated,1,1153,C21 H14 O9 N4 13C1,21,14,9,4,-9999,-9999,1,N/A
1162,478.073028,478.0729978458453,478.0730983905491,1493667.6,-9999,289944.3,13.39,-1,-0.21031240660394515,0.992006407248905,0,0.5952038443493429,12,1.0476190476190477,0.380952380952381,N1 S1 P1 O8,de-protonated,0,-9999,C21 H22 O8 N1 P1 S1,21,22,8,1,1,1,-9999,N/A
1163,478.100545,478.1005148484026,478.1002393698091,2398641,-9999,320356.3,22.52,-1,0.576194217884275,0.941537667855019,0,0.5649226007130114,25,0.5625,0.0625,N1 P1 O2,de-protonated,0,-9999,C32 H18 O2 N1 P1,32,18,2,1,1,-9999,-9999,N/A
1164,478.108449,478.1084188491372,478.10834523267914,3096501,-9999,350340.5,29.56,-1,0.15397442606280357,0.9957074315889306,0.9216831138088584,0.9660977044769016,25,0.59375,0.0625,13C1 P1 O2,de-protonated,1,1155,C32 H19 O2 P1 13C1,32,19,2,-9999,1,-9999,1,N/A
1164,478.108449,478.1084188491372,478.1080739065191,3096501,-9999,350340.5,29.56,-1,0.7214741538802927,0.6065830193160838,0.9319668756684352,0.7367365618570243,11,1.181818181818182,0.3181818181818182,13C1 S2 O7,de-protonated,1,1155,C22 H26 O7 S2 13C1,22,26,7,-9999,-9999,2,1,N/A
1164,478.108449,478.1084188491372,478.10848157829906,3096501,-9999,350340.5,29.56,-1,-0.1312027798824431,0.4984406922913141,0.7428850341668536,0.5962184290415299,25,0.53125,0.125,N1 O4,de-protonated,0,-9999,C32 H17 O4 N1,32,17,4,1,-9999,-9999,-9999,N/A
1164,478.108449,478.1084188491372,478.10883245121903,3096501,-9999,350340.5,29.56,-1,-0.8650793580084113,0.873026511414568,0,0.5238159068487408,2,2.142857142857143,0.6428571428571429,N3 S2 P1 O9,de-protonated,0,-9999,C14 H30 O9 N3 P1 S2,14,30,9,3,1,2,-9999,N/A
1164,478.108449,478.1084188491372,478.1085419371691,3096501,-9999,350340.5,29.56,-1,-0.2574478828590109,0.9880457147573172,0.9855127319489744,0.98703252163398,17,0.8181818181818182,0.3636363636363637,13C1 N4 O8,de-protonated,1,1155,C22 H18 O8 N4 13C1,22,18,8,4,-9999,-9999,1,N/A
1165,478.109449,478.1094188492301,478.1094838998991,1956277.5,-9999,352054.8,18.06,-1,-0.13605810210838212,0.9966466918499256,0,0.5979880151099554,11,1.181818181818182,0.3181818181818182,N1 S1 P1 O7,de-protonated,0,-9999,C22 H26 O7 N1 P1 S1,22,26,7,1,1,1,-9999,N/A
1166,478.136873,478.1368428517789,478.1366248791591,1984834.9,-9999,274638,18.35,-1,0.4558793626169423,0.9629924055476932,0,0.5777954433286159,24,0.6666666666666666,0.0303030303030303,N1 P1 O1,de-protonated,0,-9999,C33 H22 O1 N1 P1,33,22,1,1,1,-9999,-9999,N/A
1167,478.144918,478.14488785252667,478.1447307420291,4020166.8,-9999,303313.9,38.88,-1,0.32858355949789825,0.6537334321919533,0.9084115538756636,0.7556046808654375,24,0.696969696969697,0.0303030303030303,13C1 P1 O1,de-protonated,1,1156,C33 H23 O1 P1 13C1,33,23,1,-9999,1,-9999,1,N/A
1167,478.144918,478.14488785252667,478.1444594158691,4020166.8,-9999,303313.9,38.88,-1,0.8960402010742636,0.5762878009910624,0.933670062972206,0.7192407057835198,10,1.3043478260869563,0.2608695652173913,13C1 S2 O6,de-protonated,1,1156,C23 H30 O6 S2 13C1,23,30,6,-9999,-9999,2,1,N/A
1167,478.144918,478.14488785252667,478.14486708764906,4020166.8,-9999,303313.9,38.88,-1,0.04342800484407377,0.4998289239241643,0.7369636471990461,0.594682813234117,24,0.6363636363636364,0.09090909090909093,N1 O3,de-protonated,0,-9999,C33 H21 O3 N1,33,21,3,1,-9999,-9999,-9999,N/A
1167,478.144918,478.14488785252667,478.14521796056914,4020166.8,-9999,303313.9,38.88,-1,-0.6903928557191241,0.9171482802647924,0,0.5502889681588754,1,2.2666666666666666,0.5333333333333333,N3 S2 P1 O8,de-protonated,0,-9999,C15 H34 O8 N3 P1 S2,15,34,8,3,1,2,-9999,N/A
1167,478.144918,478.14488785252667,478.14492744651915,4020166.8,-9999,303313.9,38.88,-1,-0.08280751339207025,0.9987565647735404,0.9953326059601028,0.9973869812481654,16,0.9565217391304348,0.30434782608695654,13C1 N4 O7,de-protonated,1,1156,C23 H22 O7 N4 13C1,23,22,7,4,-9999,-9999,1,N/A
1168,478.181298,478.1812678559078,478.1808449252191,3201496.8,-9999,298024.8,30.62,-1,0.8844576129717749,0.5784482952905929,0.9341976157877584,0.7207480234894591,9,1.4166666666666667,0.20833333333333337,13C1 S2 O5,de-protonated,1,1158,C24 H34 O5 S2 13C1,24,34,5,-9999,-9999,2,1,N/A
1168,478.181298,478.1812678559078,478.1812525969991,3201496.8,-9999,298024.8,30.62,-1,0.03191030300368794,0.4999076268893925,0.7311359101322861,0.5923989401865499,23,0.7352941176470589,0.0588235294117647,N1 O2,de-protonated,0,-9999,C34 H25 O2 N1,34,25,2,1,-9999,-9999,-9999,N/A
1168,478.181298,478.1812678559078,478.1816034699191,3201496.8,-9999,298024.8,30.62,-1,-0.7018547114112559,0.9144965082213236,0,0.5486979049327941,0,2.375,0.4375,N3 S2 P1 O7,de-protonated,0,-9999,C16 H38 O7 N3 P1 S2,16,38,7,3,1,2,-9999,N/A
1168,478.181298,478.1812678559078,478.18131295586915,3201496.8,-9999,298024.8,30.62,-1,-0.09431560821615598,0.9983872370970758,0.9911220961854096,0.9954811807324092,15,1.0833333333333333,0.25,13C1 N4 O6,de-protonated,1,1158,C24 H26 O6 N4 13C1,24,26,6,4,-9999,-9999,1,N/A
1169,479.048004,479.04797393645896,479.04786944336905,6980995,-9999,310755.1,68.76,-1,0.2181266144204453,0.9892183207830824,0.9544972883016074,0.9753299077904922,26,0.41935483870967744,0.12903225806451613,P1 O4,de-protonated,0,-9999,C31 H13 O4 P1,31,13,4,-9999,1,-9999,-9999,N/A
1169,479.048004,479.04797393645896,479.04759811720913,6980995,-9999,310755.1,68.76,-1,0.7845133788425225,0.8879626508368084,0.9794956679606176,0.924575857686332,12,0.9523809523809524,0.42857142857142855,S2 O9,de-protonated,0,-9999,C21 H20 O9 S2,21,20,9,-9999,-9999,2,-9999,N/A
1169,479.048004,479.04797393645896,479.0480661478591,6980995,-9999,310755.1,68.76,-1,-0.19248882664268463,0.9948351684007722,0.9794956679606176,0.9886993682247104,18,0.5714285714285714,0.47619047619047616,N4 O10,de-protonated,0,-9999,C21 H12 O10 N4,21,12,10,4,-9999,-9999,-9999,N/A
1170,479.084432,479.08440193984455,479.08425495271905,12715413,-9999,284955.6,126.63,-1,0.30680850807440874,0.985298147605624,0.9060924728195952,0.9536158776912124,25,0.53125,0.09375,P1 O3,de-protonated,0,-9999,C32 H17 O3 P1,32,17,3,-9999,1,-9999,-9999,N/A
1170,479.084432,479.08440193984455,479.083983626559,12715413,-9999,284955.6,126.63,-1,0.873152306970166,0.5846005959104058,0.9165433271533024,0.7173776884075644,11,1.0909090909090908,0.3636363636363637,S2 O8,de-protonated,0,-9999,C22 H24 O8 S2,22,24,8,-9999,-9999,2,-9999,N/A
1170,479.084432,479.08440193984455,479.08445165720906,12715413,-9999,284955.6,126.63,-1,-0.10377578385700714,0.9970735705976832,0.9709971014272956,0.986642982929528,17,0.7272727272727273,0.4090909090909091,N4 O9,de-protonated,0,-9999,C22 H16 O9 N4,22,16,9,4,-9999,-9999,-9999,N/A
1171,479.120818,479.1207879432262,479.1206404620691,18587048,-9999,319288.1,185.88,-1,0.30781632987474405,0.660570748398359,0.8667589355971982,0.7430460232778948,24,0.6363636363636364,0.06060606060606061,P1 O2,de-protonated,0,-9999,C33 H21 O2 P1,33,21,2,-9999,1,-9999,-9999,N/A
1171,479.120818,479.1207879432262,479.12036913590913,18587048,-9999,319288.1,185.88,-1,0.8741171197641794,0.5990680331584373,0.9091279685494088,0.7230920073148259,10,1.2173913043478262,0.30434782608695654,S2 O7,de-protonated,0,-9999,C23 H28 O7 S2,23,28,7,-9999,-9999,2,-9999,N/A
1171,479.120818,479.1207879432262,479.12083716655906,18587048,-9999,319288.1,185.88,-1,-0.10273678166117552,0.98944007267052,0.962673824829948,0.9787335735342912,16,0.8695652173913043,0.34782608695652173,N4 O8,de-protonated,0,-9999,C23 H20 O8 N4,23,20,8,4,-9999,-9999,-9999,N/A
1172,479.131702,479.13167194423784,479.1318738513591,1358252.4,-9999,505935.9,12.02,-1,-0.421401981969611,0.9682919938492972,0,0.5809751963095783,24,0.65625,0.03125,N2 P1 O1,de-protonated,0,-9999,C32 H21 O1 N2 P1,32,21,1,2,1,-9999,-9999,N/A
1172,479.131702,479.13167194423784,479.1316025251991,1358252.4,-9999,505935.9,12.02,-1,0.14488511787475564,0.9961983288057864,0,0.5977189972834718,10,1.2727272727272727,0.2727272727272727,N2 S2 O6,de-protonated,0,-9999,C22 H28 O6 N2 S2,22,28,6,2,-9999,2,-9999,N/A
1172,479.131702,479.13167194423784,479.1312224026792,1358252.4,-9999,505935.9,12.02,-1,0.9382430901204252,0.8523744989173734,0,0.511424699350424,15,1.0416666666666667,0.125,N4 S1 P1 O3,de-protonated,0,-9999,C24 H25 O3 N4 P1 S1,24,25,3,4,1,1,-9999,N/A
1173,479.157231,479.1572009466105,479.1570259714191,18603448,-9999,312303.9,186.04,-1,0.36517296397801546,0.6569286922069932,0.8699254372519075,0.742127390224959,23,0.7352941176470589,0.02941176470588235,P1 O1,de-protonated,0,-9999,C34 H25 O1 P1,34,25,1,-9999,1,-9999,-9999,N/A
1173,479.157231,479.1572009466105,479.156754645259,18603448,-9999,312303.9,186.04,-1,0.9314307835382484,0.5868837110790288,0.9135208114008964,0.7175385512077759,9,1.3333333333333333,0.25,S2 O6,de-protonated,0,-9999,C24 H32 O6 S2,24,32,6,-9999,-9999,2,-9999,N/A
1173,479.157231,479.1572009466105,479.1572226759091,18603448,-9999,312303.9,186.04,-1,-0.04534899526754681,0.9946835999767566,0.9661812774161412,0.9832826709525104,15,1,0.2916666666666667,N4 O7,de-protonated,0,-9999,C24 H24 O7 N4,24,24,7,4,-9999,-9999,-9999,N/A
1174,479.192162,479.1921319498569,479.1922707747391,2440650.3,-9999,382960.5,22.94,-1,-0.2897060129141296,0.984886462520671,0,0.5909318775124026,9,1.3333333333333333,0.4166666666666667,O10,de-protonated,0,-9999,C24 H32 O10,24,32,10,-9999,-9999,-9999,-9999,N/A
1174,479.192162,479.1921319498569,479.19210858340904,2440650.3,-9999,382960.5,22.94,-1,0.04876217167244906,0.9995686535541324,0,0.5997411921324795,4,1.9473684210526316,0.21052631578947367,N4 S2 P1 O4,de-protonated,0,-9999,C19 H37 O4 N4 P1 S2,19,37,4,4,1,2,-9999,N/A
1175,479.193607,479.1935769499912,479.1931401546091,10292683,-9999,318038.4,102.18,-1,0.911522610580663,0.2866844377370666,0.7353609972142168,0.46615506152792663,8,1.44,0.2,S2 O5,de-protonated,0,-9999,C25 H36 O5 S2,25,36,5,-9999,-9999,2,-9999,N/A
1175,479.193607,479.1935769499912,479.1936081852591,10292683,-9999,318038.4,102.18,-1,-0.06518298108313784,0.9974050875678104,0.97297092288682,0.9876314216954144,14,1.12,0.24,N4 O6,de-protonated,0,-9999,C25 H28 O6 N4,25,28,6,4,-9999,-9999,-9999,N/A
1176,479.229937,479.2299069533678,479.22952566395907,3528157,-9999,363758.3,33.91,-1,0.7956300441562565,0.4457446036929094,0.7805128205128198,0.5796518904208736,7,1.5384615384615383,0.15384615384615383,S2 O4,de-protonated,0,-9999,C26 H40 O4 S2,26,40,4,-9999,-9999,2,-9999,N/A
1176,479.229937,479.2299069533678,479.2299936946091,3528157,-9999,363758.3,33.91,-1,-0.18100127812679664,0.49703655468036073,0.7805128205128198,0.6104270610133443,13,1.2307692307692308,0.19230769230769232,N4 O5,de-protonated,0,-9999,C26 H32 O5 N4,26,32,5,4,-9999,-9999,-9999,N/A
1177,480.051383,480.05135302971246,480.05122427843907,1806707.1,-9999,341957.5,16.54,-1,0.26820319766368805,0.9870326695679202,0.9544972883016074,0.9740185170613952,26,0.43333333333333335,0.13333333333333333,13C1 P1 O4,de-protonated,1,1169,C30 H13 O4 P1 13C1,30,13,4,-9999,1,-9999,1,N/A
1177,480.051383,480.05135302971246,480.05095295227915,1806707.1,-9999,341957.5,16.54,-1,0.833406185013726,0.8815901050272604,0.9794956679606176,0.9207523302006032,12,1,0.45,13C1 S2 O9,de-protonated,1,1169,C20 H20 O9 S2 13C1,20,20,9,-9999,-9999,2,1,N/A
1177,480.051383,480.05135302971246,480.0513606240591,1806707.1,-9999,341957.5,16.54,-1,-0.01581986275688059,0.9999545902207696,0,0.5999727541324616,26,0.36666666666666664,0.2,N1 O6,de-protonated,0,-9999,C30 H11 O6 N1,30,11,6,1,-9999,-9999,-9999,N/A
1177,480.051383,480.05135302971246,480.05171149697907,1806707.1,-9999,341957.5,16.54,-1,-0.7467263588959983,0.903774104906243,0,0.5422644629437458,3,2,0.9166666666666666,N3 S2 P1 O11,de-protonated,0,-9999,C12 H24 O11 N3 P1 S2,12,24,11,3,1,2,-9999,N/A
1177,480.051383,480.05135302971246,480.05142098292913,1806707.1,-9999,341957.5,16.54,-1,-0.14155403713267825,0.9963708151731392,0.9794956679606176,0.9896207562881306,18,0.6,0.5,13C1 N4 O10,de-protonated,1,1169,C20 H12 O10 N4 13C1,20,12,10,4,-9999,-9999,1,N/A
1178,480.079641,480.07961103233873,480.07950392491904,1682049.1,-9999,324857.2,15.28,-1,0.22310350435431384,0.9910090228795324,0,0.5946054137277195,25,0.5161290322580645,0.0967741935483871,N1 P1 O3,de-protonated,0,-9999,C31 H16 O3 N1 P1,31,16,3,1,1,-9999,-9999,N/A
1178,480.079641,480.07961103233873,480.079232598759,1682049.1,-9999,324857.2,15.28,-1,0.7882731724882199,0.8933761163344356,0,0.5360256698006614,11,1.0952380952380951,0.380952380952381,N1 S2 O8,de-protonated,0,-9999,C21 H23 O8 N1 S2,21,23,8,1,-9999,2,-9999,N/A
1179,480.087766,480.08773603309385,480.0876097877891,2480005.3,-9999,356606,23.33,-1,0.26296305539585557,0.9875312882905876,0.9060924728195952,0.9549557621021904,25,0.5483870967741935,0.0967741935483871,13C1 P1 O3,de-protonated,1,1170,C31 H17 O3 P1 13C1,31,17,3,-9999,1,-9999,1,N/A
1179,480.087766,480.08773603309385,480.0873384616291,2480005.3,-9999,356606,23.33,-1,0.8281232036517663,0.5886635699082492,0.9165433271533024,0.7198154728062705,11,1.1428571428571428,0.380952380952381,13C1 S2 O8,de-protonated,1,1170,C21 H24 O8 S2 13C1,21,24,8,-9999,-9999,2,1,N/A
1179,480.087766,480.08773603309385,480.0877461334091,2480005.3,-9999,356606,23.33,-1,-0.021038477512049632,0.999919690854502,0,0.5999518145127012,25,0.4838709677419355,0.16129032258064516,N1 O5,de-protonated,0,-9999,C31 H15 O5 N1,31,15,5,1,-9999,-9999,-9999,N/A
1179,480.087766,480.08773603309385,480.0880970063291,2480005.3,-9999,356606,23.33,-1,-0.7518895751117277,0.9025061040621064,0,0.5415036624372639,2,2.1538461538461537,0.7692307692307693,N3 S2 P1 O10,de-protonated,0,-9999,C13 H28 O10 N3 P1 S2,13,28,10,3,1,2,-9999,N/A
1179,480.087766,480.08773603309385,480.0878064922791,2480005.3,-9999,356606,23.33,-1,-0.14676312192914978,0.9960993290913622,0.9709971014272956,0.9860584380257356,17,0.7619047619047619,0.42857142857142855,13C1 N4 O9,de-protonated,1,1170,C21 H16 O9 N4 13C1,21,16,9,4,-9999,-9999,1,N/A
1180,480.088743,480.0887130331847,480.0887484550091,1860485.6,-9999,547196.4,17.08,-1,-0.07378182579983245,0.9990127249722588,0,0.5994076349833551,11,1.1428571428571428,0.380952380952381,N1 S1 P1 O8,de-protonated,0,-9999,C21 H24 O8 N1 P1 S1,21,24,8,1,1,1,-9999,N/A
1181,480.115969,480.11593903571503,480.1158894342691,1968531.1,-9999,312714.4,18.17,-1,0.10331140257759072,0.9980652276420228,0,0.5988391365852137,24,0.625,0.0625,N1 P1 O2,de-protonated,0,-9999,C32 H20 O2 N1 P1,32,20,2,1,1,-9999,-9999,N/A
1181,480.115969,480.11593903571503,480.1156181081091,1968531.1,-9999,312714.4,18.17,-1,0.6684381715742018,0.9221263617793232,0,0.5532758170675939,10,1.2272727272727273,0.3181818181818182,N1 S2 O7,de-protonated,0,-9999,C22 H27 O7 N1 S2,22,27,7,1,-9999,2,-9999,N/A
1182,480.124065,480.12403503646743,480.1239952971391,3590039.3,-9999,370931.9,34.53,-1,0.08276888617187746,0.6658384825551579,0.8667589355971982,0.746206663771974,24,0.65625,0.0625,13C1 P1 O2,de-protonated,1,1171,C32 H21 O2 P1 13C1,32,21,2,-9999,1,-9999,1,N/A
1182,480.124065,480.12403503646743,480.12372397097914,3590039.3,-9999,370931.9,34.53,-1,0.6478861026019589,0.6177759944176672,0.9091279685494088,0.7343167840703639,10,1.2727272727272727,0.3181818181818182,13C1 S2 O7,de-protonated,1,1171,C22 H28 O7 S2 13C1,22,28,7,-9999,-9999,2,1,N/A
1182,480.124065,480.12403503646743,480.12413164275904,3590039.3,-9999,370931.9,34.53,-1,-0.20121107280279363,0.4963404020616955,0.7428850341668535,0.5949582549037586,24,0.59375,0.125,N1 O4,de-protonated,0,-9999,C32 H19 O4 N1,32,19,4,1,-9999,-9999,-9999,N/A
1182,480.124065,480.12403503646743,480.12448251567906,3590039.3,-9999,370931.9,34.53,-1,-0.9320066522856072,0.8541803424615547,0,0.5125082054769328,1,2.2857142857142856,0.6428571428571429,N3 S2 P1 O9,de-protonated,0,-9999,C14 H32 O9 N3 P1 S2,14,32,9,3,1,2,-9999,N/A
1182,480.124065,480.12403503646743,480.124192001629,3590039.3,-9999,370931.9,34.53,-1,-0.32692616671126373,0.9807934755830444,0.962673824829948,0.9735456152818058,16,0.9090909090909092,0.3636363636363637,13C1 N4 O8,de-protonated,1,1171,C22 H20 O8 N4 13C1,22,20,8,4,-9999,-9999,1,N/A
1183,480.124988,480.1249580365532,480.1251339643591,2264727.8,-9999,258841.9,21.16,-1,-0.3664207379854407,0.9759323046665628,0,0.5855593827999377,10,1.2727272727272727,0.3181818181818182,N1 S1 P1 O7,de-protonated,0,-9999,C22 H28 O7 N1 P1 S1,22,28,7,1,1,1,-9999,N/A
1183,480.124988,480.1249580365532,480.12448251567906,2264727.8,-9999,258841.9,21.16,-1,0.9904116358649172,0.8369543282780902,0,0.5021725969668541,1,2.2857142857142856,0.6428571428571429,N3 S2 P1 O9,de-protonated,0,-9999,C14 H32 O9 N3 P1 S2,14,32,9,3,1,2,-9999,N/A
1184,480.160493,480.160463039853,480.1603808064891,3871657.3,-9999,326926.1,37.38,-1,0.17126228485155023,0.6631280714576506,0.8699254372519075,0.7458470177753533,23,0.7575757575757576,0.0303030303030303,13C1 P1 O1,de-protonated,1,1173,C33 H25 O1 P1 13C1,33,25,1,-9999,1,-9999,1,N/A
1184,480.160493,480.160463039853,480.16010948032914,3871657.3,-9999,326926.1,37.38,-1,0.7363367279092029,0.6042029704235525,0.9135208114008964,0.7279301068144901,9,1.391304347826087,0.2608695652173913,13C1 S2 O6,de-protonated,1,1173,C23 H32 O6 S2 13C1,23,32,6,-9999,-9999,2,1,N/A
1184,480.160493,480.160463039853,480.1605171521091,3871657.3,-9999,326926.1,37.38,-1,-0.11269617999240183,0.49884908855587695,0.7369636471990461,0.5940949120131446,23,0.696969696969697,0.09090909090909093,N1 O3,de-protonated,0,-9999,C33 H23 O3 N1,33,23,3,1,-9999,-9999,-9999,N/A
1184,480.160493,480.160463039853,480.16086802502906,3871657.3,-9999,326926.1,37.38,-1,-0.8434364459948314,0.8789037553071819,0,0.5273422531843092,0,2.4,0.5333333333333333,N3 S2 P1 O8,de-protonated,0,-9999,C15 H36 O8 N3 P1 S2,15,36,8,3,1,2,-9999,N/A
1184,480.160493,480.160463039853,480.1599986451591,3871657.3,-9999,326926.1,37.38,-1,0.9671665596049244,0.8438933752088983,0,0.5063360251253389,1,2.2857142857142856,0.9285714285714286,N3 P1 O13,de-protonated,0,-9999,C14 H32 O13 N3 P1,14,32,13,3,1,-9999,-9999,N/A
1184,480.160493,480.160463039853,480.1605775109791,3871657.3,-9999,326926.1,37.38,-1,-0.23840175861519472,0.989740285255644,0.9661812774161412,0.9803166821198428,15,1.0434782608695652,0.30434782608695654,13C1 N4 O7,de-protonated,1,1173,C23 H24 O7 N4 13C1,23,24,7,4,-9999,-9999,1,N/A
1185,480.197068,480.19703804325235,480.1969026614591,2348987.5,-9999,299878.8,22.01,-1,0.28192975112175667,0.4928405832782883,0.7311359101322861,0.5881587140198874,22,0.7941176470588235,0.0588235294117647,N1 O2,de-protonated,0,-9999,C34 H27 O2 N1,34,27,2,1,-9999,-9999,-9999,N/A
1185,480.197068,480.19703804325235,480.1969630203291,2348987.5,-9999,299878.8,22.01,-1,0.15623364786570165,0.9955808210284012,0.97297092288682,0.9865368617717688,14,1.1666666666666667,0.25,13C1 N4 O6,de-protonated,1,1175,C24 H28 O6 N4 13C1,24,28,6,4,-9999,-9999,1,N/A
1186,481.027358,481.02732812041904,481.0271339984791,2620760,-9999,375728.1,24.75,-1,0.40355715142694554,0.9708819069655416,0,0.582529144179325,26,0.36666666666666664,0.16666666666666666,P1 O5,de-protonated,0,-9999,C30 H11 O5 P1,30,11,5,-9999,1,-9999,-9999,N/A
1186,481.027358,481.02732812041904,481.02686267231906,2620760,-9999,375728.1,24.75,-1,0.9676135286951036,0.8437609665359843,0,0.5062565799215906,12,0.9,0.5,S2 O10,de-protonated,0,-9999,C20 H18 O10 S2,20,18,10,-9999,-9999,2,-9999,N/A
1186,481.027358,481.02732812041904,481.0273307029691,2620760,-9999,375728.1,24.75,-1,-0.0053688218695323,0.9999947698916952,0,0.599996861935017,18,0.5,0.55,N4 O11,de-protonated,0,-9999,C20 H10 O11 N4,20,10,11,4,-9999,-9999,-9999,N/A
1187,481.04263,481.0426001218384,481.0423901397691,2570079.8,-9999,336334.1,24.24,-1,0.43651468892863066,0.48300835185347984,0.7311359101322861,0.5822593751650023,30,0.3235294117647059,0.0588235294117647,P1 O2,de-protonated,0,-9999,C34 H11 O2 P1,34,11,2,-9999,1,-9999,-9999,N/A
1187,481.04263,481.0426001218384,481.0425868442591,2570079.8,-9999,336334.1,24.24,-1,0.02760167113692632,0.9998617724644616,0,0.599917063478677,22,0.4166666666666667,0.3333333333333333,N4 O8,de-protonated,0,-9999,C24 H10 O8 N4,24,10,8,4,-9999,-9999,-9999,N/A
1188,481.06372,481.0636901237985,481.0635195078291,9761130,-9999,278504.1,96.8,-1,0.3546641191667112,0.9610770956905406,0.9036254690463612,0.9380964450328688,25,0.4838709677419355,0.12903225806451613,P1 O4,de-protonated,0,-9999,C31 H15 O4 P1,31,15,4,-9999,1,-9999,-9999,N/A
1188,481.06372,481.0636901237985,481.0632481816692,9761130,-9999,278504.1,96.8,-1,0.9186778058774172,0.2860040410093026,0.7595243993404504,0.47541218434176175,11,1.0476190476190477,0.42857142857142855,S2 O9,de-protonated,0,-9999,C21 H22 O9 S2,21,22,9,-9999,-9999,2,-9999,N/A
1188,481.06372,481.0636901237985,481.0637162123191,9761130,-9999,278504.1,96.8,-1,-0.05423090480475617,0.9976474948448864,0.9696325127841364,0.9864415020205864,17,0.6666666666666666,0.47619047619047616,N4 O10,de-protonated,0,-9999,C21 H14 O10 N4,21,14,10,4,-9999,-9999,-9999,N/A
1189,481.078926,481.07889612521177,481.0787756491191,2962801.8,-9999,354072.8,28.2,-1,0.250429033163299,0.49434250078393593,0.725399618712417,0.5867653479553283,29,0.42857142857142855,0.02857142857142857,P1 O1,de-protonated,0,-9999,C35 H15 O1 P1,35,15,1,-9999,1,-9999,-9999,N/A
1189,481.078926,481.07889612521177,481.07850432295913,2962801.8,-9999,354072.8,28.2,-1,0.8144247749912497,0.886607688892416,0,0.5319646133354496,15,0.88,0.24,S2 O6,de-protonated,0,-9999,C25 H22 O6 S2,25,22,6,-9999,-9999,2,-9999,N/A
1189,481.078926,481.07889612521177,481.0789723536091,2962801.8,-9999,354072.8,28.2,-1,-0.15845298116915363,0.99545466626505,0,0.5972727997590299,21,0.56,0.28,N4 O7,de-protonated,0,-9999,C25 H14 O7 N4,25,14,7,4,-9999,-9999,-9999,N/A
1190,481.1001,481.10007012717966,481.0999050171791,14668156,-9999,309301.5,146.32,-1,0.3431927523957319,0.9779638827989792,0.9342943734605488,0.960496079063607,24,0.59375,0.09375,P1 O3,de-protonated,0,-9999,C32 H19 O3 P1,32,19,3,-9999,1,-9999,-9999,N/A
1190,481.1001,481.10007012717966,481.09963369101905,14668156,-9999,309301.5,146.32,-1,0.90716377658369,0.5729434113413764,0.9325891667306584,0.7168017134970892,10,1.181818181818182,0.3636363636363637,S2 O8,de-protonated,0,-9999,C22 H26 O8 S2,22,26,8,-9999,-9999,2,-9999,N/A
1190,481.1001,481.10007012717966,481.1001017216691,14668156,-9999,309301.5,146.32,-1,-0.06567134223247825,0.999377756021314,0.9991990020682492,0.999306254440088,16,0.8181818181818182,0.4090909090909091,N4 O9,de-protonated,0,-9999,C22 H18 O9 N4,22,18,9,4,-9999,-9999,-9999,N/A
1191,481.115234,481.1152041285862,481.1148898323091,2086787.8,-9999,340968,19.36,-1,0.6532665767636444,0.9254876076085417,0,0.555292564565125,14,1,0.19230769230769232,S2 O5,de-protonated,0,-9999,C26 H26 O5 S2,26,26,5,-9999,-9999,2,-9999,N/A
1191,481.115234,481.1152041285862,481.1150227740391,2086787.8,-9999,340968,19.36,-1,0.3769463402351049,0.974547732658094,0,0.5847286395948563,1,2.066666666666667,0.8666666666666667,S1 P1 O13,de-protonated,0,-9999,C15 H31 O13 P1 S1,15,31,13,-9999,1,1,-9999,N/A
1191,481.115234,481.1152041285862,481.1153578629591,2086787.8,-9999,340968,19.36,-1,-0.3195374465128544,0.981643894508942,0,0.5889863367053653,20,0.6923076923076923,0.2307692307692308,N4 O6,de-protonated,0,-9999,C26 H18 O6 N4,26,18,6,4,-9999,-9999,-9999,N/A
1192,481.135077,481.1350471304304,481.13514982049907,4727181.5,-9999,399233.6,46,-1,-0.21343289657965,0.49588421268308286,0.8077896627745538,0.6206463927196713,10,1.181818181818182,0.5454545454545454,O12,de-protonated,0,-9999,C22 H26 O12,22,26,12,-9999,-9999,-9999,-9999,N/A
1192,481.135077,481.1350471304304,481.1346367562491,4727181.5,-9999,399233.6,46,-1,0.8529300323340382,0.43816960389465537,0.7253996187124169,0.55306160982176,28,0.5142857142857142,0.02857142857142857,N2 O1,de-protonated,0,-9999,C35 H18 O1 N2,35,18,1,2,-9999,-9999,-9999,N/A
1192,481.135077,481.1350471304304,481.1349876291691,4727181.5,-9999,399233.6,46,-1,0.1236685397005225,0.49861439372768135,0.8446892076502734,0.6370443192967181,5,1.8235294117647056,0.35294117647058826,N4 S2 P1 O6,de-protonated,0,-9999,C17 H31 O6 N4 P1 S2,17,31,6,4,1,2,-9999,N/A
1193,481.136498,481.1364681305625,481.1362905265291,17342862,-9999,354696.1,173.31,-1,0.3691345610541172,0.6494690194473663,0.9024822819183432,0.750674324435757,23,0.696969696969697,0.06060606060606061,P1 O2,de-protonated,0,-9999,C33 H23 O2 P1,33,23,2,-9999,1,-9999,-9999,N/A
1193,481.136498,481.1364681305625,481.13601920036905,17342862,-9999,354696.1,173.31,-1,0.9330629500340182,0.5673735539391251,0.9331339827666248,0.713677725470125,9,1.3043478260869563,0.30434782608695654,S2 O7,de-protonated,0,-9999,C23 H30 O7 S2,23,30,7,-9999,-9999,2,-9999,N/A
1193,481.136498,481.1364681305625,481.1364872310191,17342862,-9999,354696.1,173.31,-1,-0.03969862420458475,0.999826527087064,0.9983971711510928,0.9992547847126756,15,0.9565217391304348,0.34782608695652173,N4 O8,de-protonated,0,-9999,C23 H22 O8 N4,23,22,8,4,-9999,-9999,-9999,N/A
1194,481.16478,481.164750133191,481.16501065439905,2583964.5,-9999,285970.2,23.25,-1,-0.5414383887188893,0.9481972909322792,0,0.5689183745593676,9,1.3636363636363635,0.3636363636363637,N2 S1 O8,de-protonated,0,-9999,C22 H30 O8 N2 S1,22,30,8,2,-9999,1,-9999,N/A
1194,481.16478,481.164750133191,481.1646305318791,2583964.5,-9999,285970.2,23.25,-1,0.24856629998354235,0.9888517629677588,0,0.5933110577806553,14,1.125,0.20833333333333337,N4 P1 O5,de-protonated,0,-9999,C24 H27 O5 N4 P1,24,27,5,4,1,-9999,-9999,N/A
1194,481.16478,481.164750133191,481.1643592057191,2583964.5,-9999,285970.2,23.25,-1,0.8124614061497414,0.8871216973280095,0,0.5322730183968056,0,2.4285714285714284,0.7142857142857143,N4 S2 O10,de-protonated,0,-9999,C14 H34 O10 N4 S2,14,34,10,4,-9999,2,-9999,N/A
1195,481.166344,481.1663141333363,481.16653148294904,1446429.3,-9999,288088.3,12.3,-1,-0.45171390468475114,0.9636532202161756,0,0.5781919321297053,17,0.967741935483871,0.03225806451612903,S2 O1,de-protonated,0,-9999,C31 H30 O1 S2,31,30,1,-9999,-9999,2,-9999,N/A
1195,481.166344,481.1663141333363,481.16666442467914,1446429.3,-9999,288088.3,12.3,-1,-0.7280041797147934,0.9083132191935712,0,0.5449879315161427,4,1.75,0.45,S1 P1 O9,de-protonated,0,-9999,C20 H35 O9 P1 S1,20,35,9,-9999,1,1,-9999,N/A
1196,481.171399,481.17136913380614,481.17153532984906,3585439.8,-9999,427326.9,32.88,-1,-0.34539874186878905,0.48929286560273544,0.8007932653391622,0.6138930254973061,9,1.3043478260869563,0.4782608695652174,O11,de-protonated,0,-9999,C23 H30 O11,23,30,11,-9999,-9999,-9999,-9999,N/A
1196,481.171399,481.17136913380614,481.17137313851913,3585439.8,-9999,427326.9,32.88,-1,-0.00832284133057243,0.9999874311851332,0,0.5999924587110799,4,1.9444444444444444,0.2777777777777778,N4 S2 P1 O5,de-protonated,0,-9999,C18 H35 O5 N4 P1 S2,18,35,5,4,1,2,-9999,N/A
1197,481.172865,481.1728351339424,481.1726760358791,12130721,-9999,312727.6,115.12,-1,0.3306465043226293,0.988196142055294,0.9299615521161564,0.9649023060796388,22,0.7941176470588235,0.02941176470588235,P1 O1,de-protonated,0,-9999,C34 H27 O1 P1,34,27,1,-9999,1,-9999,-9999,N/A
1197,481.172865,481.1728351339424,481.1724047097191,12130721,-9999,312727.6,115.12,-1,0.8945322280932849,0.5924269599473441,0.933670062972206,0.728924201157289,8,1.4166666666666667,0.25,S2 O6,de-protonated,0,-9999,C24 H34 O6 S2,24,34,6,-9999,-9999,2,-9999,N/A
1197,481.172865,481.1728351339424,481.1728727403691,12130721,-9999,312727.6,115.12,-1,-0.07815574990213126,0.9933523254802648,0.9927426630897196,0.9931084605240468,14,1.0833333333333333,0.2916666666666667,N4 O7,de-protonated,0,-9999,C24 H26 O7 N4,24,26,7,4,-9999,-9999,-9999,N/A
1198,481.207802,481.2077721371894,481.20792083919906,1529266,-9999,517730.1,13.1,-1,-0.3090182085822828,0.982822304341473,0,0.5896933826048838,8,1.4166666666666667,0.4166666666666667,O10,de-protonated,0,-9999,C24 H34 O10,24,34,10,-9999,-9999,-9999,-9999,N/A
1198,481.207802,481.2077721371894,481.207758647869,1529266,-9999,517730.1,13.1,-1,0.02803221705312955,0.9998574268445676,0,0.5999144561067404,3,2.0526315789473686,0.21052631578947367,N4 S2 P1 O4,de-protonated,0,-9999,C19 H39 O4 N4 P1 S2,19,39,4,4,1,2,-9999,N/A
1199,481.209272,481.2092421373261,481.20879021906904,4665778.5,-9999,318194.6,43.28,-1,0.9391313421219336,0.8713982321358351,0.9741064195723944,0.9124815071104588,7,1.52,0.2,S2 O5,de-protonated,0,-9999,C25 H38 O5 S2,25,38,5,-9999,-9999,2,-9999,N/A
1199,481.209272,481.2092421373261,481.2092582497191,4665778.5,-9999,318194.6,43.28,-1,-0.03348313184936864,0.9972270553635922,0.9741064195723944,0.9879788010471132,13,1.2,0.24,N4 O6,de-protonated,0,-9999,C25 H30 O6 N4,25,30,6,4,-9999,-9999,-9999,N/A
1200,482.067174,482.067144217059,482.0668743428991,1786719.3,-9999,251736.5,15.57,-1,0.559827223751764,0.9447195184492648,0.9036254690463612,0.9282818986881036,25,0.5,0.13333333333333333,13C1 P1 O4,de-protonated,1,1188,C30 H15 O4 P1 13C1,30,15,4,-9999,1,-9999,1,N/A
1200,482.067174,482.067144217059,482.0670106885191,1786719.3,-9999,251736.5,15.57,-1,0.27699165673467885,0.98617491889984,0,0.5917049513399041,25,0.43333333333333335,0.2,N1 O6,de-protonated,0,-9999,C30 H13 O6 N1,30,13,6,1,-9999,-9999,-9999,N/A
1200,482.067174,482.067144217059,482.0673615614391,1786719.3,-9999,251736.5,15.57,-1,-0.4508589408992813,0.963788158441094,0,0.5782728950646564,2,2.1666666666666665,0.9166666666666666,N3 S2 P1 O11,de-protonated,0,-9999,C12 H26 O11 N3 P1 S2,12,26,11,3,1,2,-9999,N/A
1200,482.067174,482.067144217059,482.0670710473891,1786719.3,-9999,251736.5,15.57,-1,0.15178317357102383,0.9958284862897526,0.9696325127841364,0.9853500968875062,17,0.7,0.5,13C1 N4 O10,de-protonated,1,1188,C20 H14 O10 N4 13C1,20,14,10,4,-9999,-9999,1,N/A
1201,482.095348,482.09531821967744,482.095153989379,1591149.4,-9999,347324,13.69,-1,0.34065950882902324,0.9791632283990012,0,0.5874979370394008,24,0.5806451612903226,0.0967741935483871,N1 P1 O3,de-protonated,0,-9999,C31 H18 O3 N1 P1,31,18,3,1,1,-9999,-9999,N/A
1201,482.095348,482.09531821967744,482.09488266321904,1591149.4,-9999,347324,13.69,-1,0.9034662554241388,0.862338217578675,0,0.517402930547205,10,1.1904761904761905,0.380952380952381,N1 S2 O8,de-protonated,0,-9999,C21 H25 O8 N1 S2,21,25,8,1,-9999,2,-9999,N/A
1202,482.103462,482.1034322204315,482.1032598522491,3472241.5,-9999,345125.1,31.79,-1,0.35753374186744685,0.977072274332582,0.9342943734605488,0.9599611139837688,24,0.6129032258064516,0.0967741935483871,13C1 P1 O3,de-protonated,1,1190,C31 H19 O3 P1 13C1,31,19,3,-9999,1,-9999,1,N/A
1202,482.103462,482.1034322204315,482.10298852608906,3472241.5,-9999,345125.1,31.79,-1,0.920331035179762,0.571692615611941,0.9325891667306584,0.7160512360594279,10,1.238095238095238,0.380952380952381,13C1 S2 O8,de-protonated,1,1190,C21 H26 O8 S2 13C1,21,26,8,-9999,-9999,2,1,N/A
1202,482.103462,482.1034322204315,482.1033961978691,3472241.5,-9999,345125.1,31.79,-1,0.07471957834612591,0.4994937410673177,0.7489023467070351,0.5992571833232048,24,0.5483870967741935,0.16129032258064516,N1 O5,de-protonated,0,-9999,C31 H17 O5 N1,31,17,5,1,-9999,-9999,-9999,N/A
1202,482.103462,482.1034322204315,482.10374707078904,3472241.5,-9999,345125.1,31.79,-1,-0.6530759393521874,0.9255294290928456,0,0.5553176574557074,1,2.3076923076923075,0.7692307692307693,N3 S2 P1 O10,de-protonated,0,-9999,C13 H30 O10 N3 P1 S2,13,30,10,3,1,2,-9999,N/A
1202,482.103462,482.1034322204315,482.1034565567392,3472241.5,-9999,345125.1,31.79,-1,-0.05047942982529789,0.9995377442596274,0.9991990020682492,0.999402247383076,16,0.8571428571428571,0.42857142857142855,13C1 N4 O9,de-protonated,1,1190,C21 H18 O9 N4 13C1,21,18,9,4,-9999,-9999,1,N/A
1203,482.131804,482.1317742230656,482.1315394987291,1776511.6,-9999,432766.6,15.47,-1,0.48684708897491824,0.9579047004157076,0,0.5747428202494245,23,0.6875,0.0625,N1 P1 O2,de-protonated,0,-9999,C32 H22 O2 N1 P1,32,22,2,1,1,-9999,-9999,N/A
1204,482.139863,482.13983322381466,482.1396453615991,4270979.5,-9999,312046.1,39.48,-1,0.3896427464034049,0.6485521161142485,0.9024822819183432,0.7501241824358863,23,0.71875,0.0625,13C1 P1 O2,de-protonated,1,1193,C32 H23 O2 P1 13C1,32,23,2,-9999,1,-9999,1,N/A
1204,482.139863,482.13983322381466,482.1393740354391,4270979.5,-9999,312046.1,39.48,-1,0.9523975851639642,0.5654970703729545,0.9331339827666248,0.7125518353304227,9,1.3636363636363635,0.3181818181818182,13C1 S2 O7,de-protonated,1,1193,C22 H30 O7 S2 13C1,22,30,7,-9999,-9999,2,1,N/A
1204,482.139863,482.13983322381466,482.1397817072191,4270979.5,-9999,312046.1,39.48,-1,0.10684991686002822,0.4989652809401434,0.7428850341668536,0.5965331822308275,23,0.65625,0.125,N1 O4,de-protonated,0,-9999,C32 H21 O4 N1,32,21,4,1,-9999,-9999,-9999,N/A
1204,482.139863,482.13983322381466,482.1401325801391,4270979.5,-9999,312046.1,39.48,-1,-0.620890700035974,0.9324409785517354,0,0.5594645871310412,0,2.4285714285714284,0.6428571428571429,N3 S2 P1 O9,de-protonated,0,-9999,C14 H34 O9 N3 P1 S2,14,34,9,3,1,2,-9999,N/A
1204,482.139863,482.13983322381466,482.1398420660891,4270979.5,-9999,312046.1,39.48,-1,-0.0183396468581942,0.9999389729307998,0.9983971711510928,0.9993222522189172,15,1,0.3636363636363637,13C1 N4 O8,de-protonated,1,1193,C22 H22 O8 N4 13C1,22,22,8,4,-9999,-9999,1,N/A
1205,482.168015,482.1679852264311,482.16792500807907,1557905.8,-9999,381084,13.37,-1,0.1248908293052223,0.9971738155334716,0,0.5983042893200828,22,0.7878787878787878,0.0303030303030303,N1 P1 O1,de-protonated,0,-9999,C33 H26 O1 N1 P1,33,26,1,1,1,-9999,-9999,N/A
1205,482.168015,482.1679852264311,482.1676536819191,1557905.8,-9999,381084,13.37,-1,0.6876125129134317,0.91778609361768,0,0.550671656170608,8,1.434782608695652,0.2608695652173913,N1 S2 O6,de-protonated,0,-9999,C23 H33 O6 N1 S2,23,33,6,1,-9999,2,-9999,N/A
1206,482.176132,482.1761022271855,482.1760308709491,3010453.8,-9999,296916.3,27.35,-1,0.1479879376438198,0.9960340809152504,0.9299615521161564,0.9696050693956126,22,0.8181818181818182,0.0303030303030303,13C1 P1 O1,de-protonated,1,1197,C33 H27 O1 P1 13C1,33,27,1,-9999,1,-9999,1,N/A
1206,482.176132,482.1761022271855,482.1757595447891,3010453.8,-9999,296916.3,27.35,-1,0.7107001743276216,0.6082837056329659,0.933670062972206,0.738438248568662,8,1.4782608695652173,0.2608695652173913,13C1 S2 O6,de-protonated,1,1197,C23 H34 O6 S2 13C1,23,34,6,-9999,-9999,2,1,N/A
1206,482.176132,482.1761022271855,482.1761672165691,3010453.8,-9999,296916.3,27.35,-1,-0.1347834838466986,0.4983545617019138,0.7369636471990462,0.5937981959007668,22,0.7575757575757576,0.09090909090909093,N1 O3,de-protonated,0,-9999,C33 H25 O3 N1,33,25,3,1,-9999,-9999,-9999,N/A
1206,482.176132,482.1761022271855,482.1756487096191,3010453.8,-9999,296916.3,27.35,-1,0.9405650567052736,0.851700047301344,0,0.5110200283808064,0,2.4285714285714284,0.9285714285714286,N3 P1 O13,de-protonated,0,-9999,C14 H34 O13 N3 P1,14,34,13,3,1,-9999,-9999,N/A
1206,482.176132,482.1761022271855,482.1762275754391,3010453.8,-9999,296916.3,27.35,-1,-0.2599635702673226,0.9878123838360702,0.9927426630897196,0.98978449553753,14,1.1304347826086956,0.30434782608695654,13C1 N4 O7,de-protonated,1,1197,C23 H26 O7 N4 13C1,23,26,7,4,-9999,-9999,1,N/A
1207,482.21256,482.2125302305711,482.2121450541391,1463208,-9999,410347.2,12.46,-1,0.7987696616781895,0.8906798382323068,0.9741064195723944,0.924050470768342,7,1.5833333333333333,0.20833333333333337,13C1 S2 O5,de-protonated,1,1199,C24 H38 O5 S2 13C1,24,38,5,-9999,-9999,2,1,N/A
1207,482.21256,482.2125302305711,482.2125527259191,1463208,-9999,410347.2,12.46,-1,-0.04665027469973308,0.9996052005896088,0,0.5997631203537652,21,0.8529411764705882,0.0588235294117647,N1 O2,de-protonated,0,-9999,C34 H29 O2 N1,34,29,2,1,-9999,-9999,-9999,N/A
1207,482.21256,482.2125302305711,482.2126130847891,1463208,-9999,410347.2,12.46,-1,-0.1718209266479676,0.9946575158102536,0.9741064195723944,0.98643707731511,13,1.25,0.25,13C1 N4 O6,de-protonated,1,1199,C24 H30 O6 N4 13C1,24,30,6,4,-9999,-9999,1,N/A
1208,483.042943,483.0429133077464,483.04278406293906,3623241,-9999,328004.8,33.24,-1,0.2675638920695703,0.49354700758187986,0.7550179348240813,0.5981353784787604,25,0.43333333333333335,0.16666666666666666,P1 O5,de-protonated,0,-9999,C30 H13 O5 P1,30,13,5,-9999,1,-9999,-9999,N/A
1208,483.042943,483.0429133077464,483.0425127367791,3623241,-9999,328004.8,33.24,-1,0.8292664863919373,0.8826918149044215,0,0.5296150889426529,11,1,0.5,S2 O10,de-protonated,0,-9999,C20 H20 O10 S2,20,20,10,-9999,-9999,2,-9999,N/A
1208,483.042943,483.0429133077464,483.042980767429,3623241,-9999,328004.8,33.24,-1,-0.1396556525078533,0.996467333625484,0,0.5978804001752904,17,0.6,0.55,N4 O11,de-protonated,0,-9999,C20 H12 O11 N4,20,12,11,4,-9999,-9999,-9999,N/A
1209,483.058324,483.0582943091759,483.0580402042291,4003152.8,-9999,316147.3,36.89,-1,0.5260339870430735,0.4755153265201512,0.7311359101322861,0.5777635599650051,29,0.38235294117647056,0.0588235294117647,P1 O2,de-protonated,0,-9999,C34 H13 O2 P1,34,13,2,-9999,1,-9999,-9999,N/A
1209,483.058324,483.0582943091759,483.0582369087191,4003152.8,-9999,316147.3,36.89,-1,0.11882719807018306,0.4987206206837333,0.7939170211058493,0.6167991808525797,21,0.5,0.3333333333333333,N4 O8,de-protonated,0,-9999,C24 H12 O8 N4,24,12,8,4,-9999,-9999,-9999,N/A
1210,483.077983,483.07795331100306,483.0780288662591,2762074.5,-9999,560467.1,24.95,-1,-0.15640383443565342,0.9955712094528608,0,0.5973427256717164,11,1,0.7,O14,de-protonated,0,-9999,C20 H20 O14,20,20,14,-9999,-9999,-9999,-9999,N/A
1210,483.077983,483.07795331100306,483.07751580200915,2762074.5,-9999,560467.1,24.95,-1,0.9056703729738904,0.4308572553908306,0.7369636471990462,0.5532998121141168,29,0.3636363636363637,0.09090909090909093,N2 O3,de-protonated,0,-9999,C33 H12 O3 N2,33,12,3,2,-9999,-9999,-9999,N/A
1210,483.077983,483.07795331100306,483.0778666749291,2762074.5,-9999,560467.1,24.95,-1,0.17934184097778152,0.9941809724256316,0,0.5965085834553789,6,1.6666666666666667,0.5333333333333333,N4 S2 P1 O8,de-protonated,0,-9999,C15 H25 O8 N4 P1 S2,15,25,8,4,1,2,-9999,N/A
1211,483.079369,483.07933931113183,483.07916957228906,9153883,-9999,312775,86.46,-1,0.35136858192784065,0.9578216018670078,0.9217350981197774,0.9433870003681156,24,0.5483870967741935,0.12903225806451613,P1 O4,de-protonated,0,-9999,C31 H17 O4 P1,31,17,4,-9999,1,-9999,-9999,N/A
1211,483.079369,483.07933931113183,483.0788982461291,9153883,-9999,312775,86.46,-1,0.9130289158727268,0.42981226387404986,0.8149093904448101,0.5838511145023539,10,1.1428571428571428,0.42857142857142855,S2 O9,de-protonated,0,-9999,C21 H24 O9 S2,21,24,9,-9999,-9999,2,-9999,N/A
1211,483.079369,483.07933931113183,483.079366276779,9153883,-9999,312775,86.46,-1,-0.05582032502185311,0.9965011046507252,0.9877421418575526,0.992997519533456,16,0.7619047619047619,0.47619047619047616,N4 O10,de-protonated,0,-9999,C21 H16 O10 N4,21,16,10,4,-9999,-9999,-9999,N/A
1212,483.094607,483.094577312548,483.0944257135791,3783011,-9999,311011.7,34.78,-1,0.3138081519594983,0.4911452152343353,0.725399618712417,0.584846976625568,28,0.4857142857142857,0.02857142857142857,P1 O1,de-protonated,0,-9999,C35 H17 O1 P1,35,17,1,-9999,1,-9999,-9999,N/A
1212,483.094607,483.094577312548,483.09415438741905,3783011,-9999,311011.7,34.78,-1,0.8754507276607428,0.43508581574393435,0.7871578612348809,0.575914633940313,14,0.96,0.24,S2 O6,de-protonated,0,-9999,C25 H24 O6 S2,25,24,6,-9999,-9999,2,-9999,N/A
1212,483.094607,483.094577312548,483.0946224180691,3783011,-9999,311011.7,34.78,-1,-0.09336788065975846,0.499209730176987,0.7871578612348809,0.6143889826001445,20,0.64,0.28,N4 O7,de-protonated,0,-9999,C25 H16 O7 N4,25,16,7,4,-9999,-9999,-9999,N/A
1213,483.115822,483.11579231451975,483.1155550816391,13198702,-9999,322020.7,125.39,-1,0.4910479038412259,0.972343040797297,0.9264419356251302,0.9539825987284304,23,0.65625,0.09375,P1 O3,de-protonated,0,-9999,C32 H21 O3 P1,32,21,3,-9999,1,-9999,-9999,N/A
1213,483.115822,483.11579231451975,483.1157517861291,13198702,-9999,322020.7,125.39,-1,0.08388960715455206,0.997510986068102,0.9913465642328306,0.9950452173339934,15,0.9090909090909092,0.4090909090909091,N4 O9,de-protonated,0,-9999,C22 H20 O9 N4,22,20,9,4,-9999,-9999,-9999,N/A
1214,483.130921,483.13089131592307,483.1305398967691,2763125.3,-9999,337639.8,24.96,-1,0.7273793000812264,0.9084631183219076,0,0.5450778709931445,13,1.0769230769230769,0.19230769230769232,S2 O5,de-protonated,0,-9999,C26 H28 O5 S2,26,28,5,-9999,-9999,2,-9999,N/A
1214,483.130921,483.13089131592307,483.13067283849904,2763125.3,-9999,337639.8,24.96,-1,0.45221186794887935,0.9635745180031784,0,0.5781447108019071,0,2.2,0.8666666666666667,S1 P1 O13,de-protonated,0,-9999,C15 H33 O13 P1 S1,15,33,13,-9999,1,1,-9999,N/A
1214,483.130921,483.13089131592307,483.1310079274191,2763125.3,-9999,337639.8,24.96,-1,-0.24136620111768267,0.9894849014751472,0,0.5936909408850882,19,0.7692307692307693,0.2307692307692308,N4 O6,de-protonated,0,-9999,C26 H20 O6 N4,26,20,6,4,-9999,-9999,-9999,N/A
1215,483.152211,483.15218131790175,483.1519405909891,11281792,-9999,242908.5,106.94,-1,0.4982426694635446,0.9730613112887904,0.9453288315217212,0.9619683193819628,22,0.7575757575757576,0.06060606060606061,P1 O2,de-protonated,0,-9999,C33 H25 O2 P1,33,25,2,-9999,1,-9999,-9999,N/A
1215,483.152211,483.15218131790175,483.1521372954791,11281792,-9999,242908.5,106.94,-1,0.09111503236755636,0.9965419947751204,0.9908415503381628,0.9942618170003372,14,1.0434782608695652,0.34782608695652173,N4 O8,de-protonated,0,-9999,C23 H24 O8 N4,23,24,8,4,-9999,-9999,-9999,N/A
1216,483.167338,483.1673083193076,483.16692540611905,2313607.5,-9999,293820.2,20.63,-1,0.7925070372681022,0.8922918575172147,0,0.5353751145103288,12,1.1851851851851851,0.14814814814814814,S2 O4,de-protonated,0,-9999,C27 H32 O4 S2,27,32,4,-9999,-9999,2,-9999,N/A
1216,483.167338,483.1673083193076,483.1673934367691,2313607.5,-9999,293820.2,20.63,-1,-0.17616557457537968,0.9943846904013328,0,0.5966308142407998,18,0.8888888888888888,0.18518518518518515,N4 O5,de-protonated,0,-9999,C27 H24 O5 N4,27,24,5,4,-9999,-9999,-9999,N/A
1217,483.188552,483.18852232127927,483.1883261003391,6299026,-9999,318087,58.99,-1,0.4060961938746997,0.957735416695555,0.9297329582106032,0.9465344333015742,21,0.8529411764705882,0.02941176470588235,P1 O1,de-protonated,0,-9999,C34 H29 O1 P1,34,29,1,-9999,1,-9999,-9999,N/A
1217,483.188552,483.18852232127927,483.18805477417914,6299026,-9999,318087,58.99,-1,0.9676296744291544,0.4218780914100774,0.7939170211058493,0.5706936632883862,7,1.5,0.25,S2 O6,de-protonated,0,-9999,C24 H36 O6 S2,24,36,6,-9999,-9999,2,-9999,N/A
1217,483.188552,483.18852232127927,483.1885228048291,6299026,-9999,318087,58.99,-1,-0.00100074780661777,0.9978981225660826,0.9925140691841664,0.995744501213316,13,1.1666666666666667,0.2916666666666667,N4 O7,de-protonated,0,-9999,C24 H28 O7 N4,24,28,7,4,-9999,-9999,-9999,N/A
1218,483.203724,483.2036943226894,483.2033109154691,1495449.8,-9999,439013,12.76,-1,0.793469770520147,0.892044683165598,0,0.5352268098993588,11,1.2857142857142858,0.10714285714285714,S2 O3,de-protonated,0,-9999,C28 H36 O3 S2,28,36,3,-9999,-9999,2,-9999,N/A
1218,483.203724,483.2036943226894,483.2037789461191,1495449.8,-9999,439013,12.76,-1,-0.17512990055969488,0.9944503379069384,0,0.5966702027441629,17,1,0.14285714285714285,N4 O4,de-protonated,0,-9999,C28 H28 O4 N4,28,28,4,4,-9999,-9999,-9999,N/A
1219,483.224908,483.22487832465816,483.2244402835291,2090916.5,-9999,323218.6,18.49,-1,0.9064962211549636,0.8614805427043959,0,0.5168883256226375,6,1.6,0.2,S2 O5,de-protonated,0,-9999,C25 H40 O5 S2,25,40,5,-9999,-9999,2,-9999,N/A
1219,483.224908,483.22487832465816,483.2249083141791,2090916.5,-9999,323218.6,18.49,-1,-0.06206120677491813,0.999301377590194,0,0.5995808265541164,12,1.28,0.24,N4 O6,de-protonated,0,-9999,C25 H32 O6 N4,25,32,6,4,-9999,-9999,-9999,N/A
1220,484.082842,484.0828124043941,484.0825244073591,1912661.3,-9999,288238,16.77,-1,0.594933757120948,0.9377957834564488,0.9217350981197774,0.9313715093217804,24,0.5666666666666667,0.13333333333333333,13C1 P1 O4,de-protonated,1,1211,C30 H17 O4 P1 13C1,30,17,4,-9999,1,-9999,1,N/A
1220,484.082842,484.0828124043941,484.0826607529791,1912661.3,-9999,288238,16.77,-1,0.31327586642165806,0.9823499250335086,0,0.5894099550201052,24,0.5,0.2,N1 O6,de-protonated,0,-9999,C30 H15 O6 N1,30,15,6,1,-9999,-9999,-9999,N/A
1220,484.082842,484.0828124043941,484.08301162589913,1912661.3,-9999,288238,16.77,-1,-0.4115440952724784,0.9697357187418836,0,0.5818414312451301,1,2.3333333333333335,0.9166666666666666,N3 S2 P1 O11,de-protonated,0,-9999,C12 H28 O11 N3 P1 S2,12,28,11,3,1,2,-9999,N/A
1220,484.082842,484.0828124043941,484.0827211118491,1912661.3,-9999,288238,16.77,-1,0.18858872876967436,0.9935674270433454,0.9877421418575526,0.9912373129690284,16,0.8,0.5,13C1 N4 O10,de-protonated,1,1211,C20 H16 O10 N4 13C1,20,16,10,4,-9999,-9999,1,N/A
1221,484.119067,484.1190374077608,484.11890991670913,2967399.5,-9999,376599,26.92,-1,0.263346564366279,0.9874951211999492,0.9264419356251302,0.9630738469700216,23,0.6774193548387096,0.0967741935483871,13C1 P1 O3,de-protonated,1,1213,C31 H21 O3 P1 13C1,31,21,3,-9999,1,-9999,1,N/A
1221,484.119067,484.1190374077608,484.11904626232905,2967399.5,-9999,376599,26.92,-1,-0.01829006381495205,0.49996965123006,0.748902346707035,0.59954272942085,23,0.6129032258064516,0.16129032258064516,N1 O5,de-protonated,0,-9999,C31 H19 O5 N1,31,19,5,1,-9999,-9999,-9999,N/A
1221,484.119067,484.1190374077608,484.1193971352491,2967399.5,-9999,376599,26.92,-1,-0.7430553090875691,0.9046714141250932,0,0.542802848475056,0,2.4615384615384617,0.7692307692307693,N3 S2 P1 O10,de-protonated,0,-9999,C13 H32 O10 N3 P1 S2,13,32,10,3,1,2,-9999,N/A
1221,484.119067,484.1190374077608,484.11910662119914,2967399.5,-9999,376599,26.92,-1,-0.14296778910496002,0.996298096191392,0.9913465642328306,0.9943174834079674,15,0.9523809523809524,0.42857142857142855,13C1 N4 O9,de-protonated,1,1213,C21 H20 O9 N4 13C1,21,20,9,4,-9999,-9999,1,N/A
1222,484.119937,484.1199074078417,484.1200485839291,1860712.1,-9999,309123.8,16.27,-1,-0.2916138008284434,0.9846882908736736,0,0.5908129745242041,9,1.3333333333333333,0.380952380952381,N1 S1 P1 O8,de-protonated,0,-9999,C21 H28 O8 N1 P1 S1,21,28,8,1,1,1,-9999,N/A
1223,484.155438,484.15540841114114,484.1552954260591,2969466,-9999,307806.7,26.94,-1,0.23336537486933037,0.9901670761956648,0.9453288315217212,0.9722317783260874,22,0.78125,0.0625,13C1 P1 O2,de-protonated,1,1215,C32 H25 O2 P1 13C1,32,25,2,-9999,1,-9999,1,N/A
1223,484.155438,484.15540841114114,484.15543177167905,2969466,-9999,307806.7,26.94,-1,-0.04825007916141279,0.4997888319703072,0.7428850341668535,0.5970273128489256,22,0.71875,0.125,N1 O4,de-protonated,0,-9999,C32 H23 O4 N1,32,23,4,1,-9999,-9999,-9999,N/A
1223,484.155438,484.15540841114114,484.1554921305491,2969466,-9999,307806.7,26.94,-1,-0.17291843075266256,0.9945892332950056,0.9908415503381628,0.9930901601122686,14,1.0909090909090908,0.3636363636363637,13C1 N4 O8,de-protonated,1,1215,C22 H24 O8 N4 13C1,22,24,8,4,-9999,-9999,1,N/A
1224,484.191981,484.1919514145374,484.1916809354091,1560972.5,-9999,271626,13.39,-1,0.5586199411087405,0.9449510095766364,0.9297329582106032,0.9388637890302232,21,0.8787878787878788,0.0303030303030303,13C1 P1 O1,de-protonated,1,1217,C33 H29 O1 P1 13C1,33,29,1,-9999,1,-9999,1,N/A
1224,484.191981,484.1919514145374,484.19181728102905,1560972.5,-9999,271626,13.39,-1,0.2770255580138044,0.9861715580710744,0,0.5917029348426447,21,0.8181818181818182,0.09090909090909093,N1 O3,de-protonated,0,-9999,C33 H27 O3 N1,33,27,3,1,-9999,-9999,-9999,N/A
1224,484.191981,484.1919514145374,484.19187763989913,1560972.5,-9999,271626,13.39,-1,0.15236653419438995,0.9957964268523134,0.9925140691841664,0.9944834837850548,13,1.2173913043478262,0.30434782608695654,13C1 N4 O7,de-protonated,1,1217,C23 H28 O7 N4 13C1,23,28,7,4,-9999,-9999,1,N/A
1225,485.037476,485.0374464931173,485.03730475933907,3818809,-9999,338633.8,35.11,-1,0.2922121181536288,0.492312940465119,0.7369636471990461,0.5901732231586898,29,0.3333333333333333,0.09090909090909093,P1 O3,de-protonated,0,-9999,C33 H11 O3 P1,33,11,3,-9999,1,-9999,-9999,N/A
1225,485.037476,485.0374464931173,485.03703343317903,3818809,-9999,338633.8,35.11,-1,0.8516049492459271,0.4383492153786973,0.8007932653391622,0.5833268353628833,15,0.782608695652174,0.34782608695652173,S2 O8,de-protonated,0,-9999,C23 H18 O8 S2,23,18,8,-9999,-9999,2,-9999,N/A
1225,485.037476,485.0374464931173,485.0375014638291,3818809,-9999,338633.8,35.11,-1,-0.11333291062085112,0.4988360617656532,0.8007932653391622,0.6196189431950567,21,0.43478260869565216,0.391304347826087,N4 O9,de-protonated,0,-9999,C23 H10 O9 N4,23,10,9,4,-9999,-9999,-9999,N/A
1226,485.058731,485.0587014950927,485.0584341273991,4248900,-9999,287978.1,39.25,-1,0.5512071840923086,0.4731813222751484,0.7550179348240813,0.5859159672947216,24,0.5,0.16666666666666666,P1 O5,de-protonated,0,-9999,C30 H15 O5 P1,30,15,5,-9999,1,-9999,-9999,N/A
1226,485.058731,485.0587014950927,485.0586308318891,4248900,-9999,287978.1,39.25,-1,0.14567971600873098,0.4980782978295014,0.8221557383861047,0.6277092740521427,16,0.7,0.55,N4 O11,de-protonated,0,-9999,C20 H14 O11 N4,20,14,11,4,-9999,-9999,-9999,N/A
1227,485.073883,485.073853496501,485.0736902686891,6033739.5,-9999,313045.8,56.43,-1,0.3365010617674814,0.971181332658616,0.9215446464526856,0.9513266581762438,28,0.4411764705882353,0.0588235294117647,P1 O2,de-protonated,0,-9999,C34 H15 O2 P1,34,15,2,-9999,1,-9999,-9999,N/A
1227,485.073883,485.073853496501,485.07341894252914,6033739.5,-9999,313045.8,56.43,-1,0.8958519572838727,0.4322423052907444,0.7939170211058494,0.5769121916167864,14,0.9166666666666666,0.2916666666666667,S2 O7,de-protonated,0,-9999,C24 H22 O7 S2,24,22,7,-9999,-9999,2,-9999,N/A
1227,485.073883,485.073853496501,485.073886973179,6033739.5,-9999,313045.8,56.43,-1,-0.06901356481912209,0.9993129144142466,0.984325757426249,0.9933180516190476,20,0.5833333333333334,0.3333333333333333,N4 O8,de-protonated,0,-9999,C24 H14 O8 N4,24,14,8,4,-9999,-9999,-9999,N/A
1228,485.095061,485.0950314984691,485.09481963674904,7629142.5,-9999,273860.3,71.78,-1,0.4367429037405818,0.4829908861205522,0.7489023467070351,0.58935547035514535,23,0.6129032258064516,0.12903225806451613,P1 O4,de-protonated,0,-9999,C31 H19 O4 P1,31,19,4,-9999,1,-9999,-9999,N/A
1228,485.095061,485.0950314984691,485.0945483105891,7629142.5,-9999,273860.3,71.78,-1,0.9960694914398752,0.41762461556848707,0.8149093904448103,0.5765385255190163,9,1.238095238095238,0.42857142857142855,S2 O9,de-protonated,0,-9999,C21 H26 O9 S2,21,26,9,-9999,-9999,2,-9999,N/A
1228,485.095061,485.0950314984691,485.0950163412391,7629142.5,-9999,273860.3,71.78,-1,0.0312458993430415,0.49991143310397096,0.8149093904448103,0.6259106160403067,15,0.8571428571428571,0.47619047619047616,N4 O10,de-protonated,0,-9999,C21 H18 O10 N4,21,18,10,4,-9999,-9999,-9999,N/A
1229,485.110351,485.1103214998902,485.11007577803906,5631326,-9999,294372.3,52.55,-1,0.5065280302027912,0.4772563137088821,0.725399618712417,0.576513635710296,27,0.5428571428571428,0.02857142857142857,P1 O1,de-protonated,0,-9999,C35 H19 O1 P1,35,19,1,-9999,1,-9999,-9999,N/A
1229,485.110351,485.1103214998902,485.1102724825291,5631326,-9999,294372.3,52.55,-1,0.10104374990715972,0.49907457649399106,0.7871578612348809,0.61430789039034694,19,0.72,0.28,N4 O7,de-protonated,0,-9999,C25 H18 O7 N4,25,18,7,4,-9999,-9999,-9999,N/A
1230,485.131429,485.1313995018492,485.13120514609903,8956265,-9999,307731.3,84.55,-1,0.4006251259868019,0.9676341598350524,0.9065700591035416,0.943208519542448,22,0.71875,0.09375,P1 O3,de-protonated,0,-9999,C32 H23 O3 P1,32,23,3,-9999,1,-9999,-9999,N/A
1230,485.131429,485.1313995018492,485.130933819939,8956265,-9999,307731.3,84.55,-1,0.9599097434315148,0.4230187191412257,0.8077896627745538,0.576927096594557,8,1.3636363636363635,0.3636363636363637,S2 O8,de-protonated,0,-9999,C22 H30 O8 S2,22,30,8,-9999,-9999,2,-9999,N/A
1230,485.131429,485.1313995018492,485.1314018505891,8956265,-9999,307731.3,84.55,-1,-0.00484145106121156,0.9998136295424408,0.971474687711242,0.9884780528099611,14,1,0.4090909090909091,N4 O9,de-protonated,0,-9999,C22 H22 O9 N4,22,22,9,4,-9999,-9999,-9999,N/A
1231,485.146729,485.1466995032712,485.1466579918791,5462384.5,-9999,334675.4,50.93,-1,0.08556462540039095,0.49933622039565656,0.7805128205128199,0.611806860442522,18,0.8461538461538461,0.2307692307692308,N4 O6,de-protonated,0,-9999,C26 H22 O6 N4,26,22,6,4,-9999,-9999,-9999,N/A
1232,485.159833,485.15980350448905,485.1599252739691,1578359.1,-9999,432308.7,13.55,-1,-0.2509883313334256,0.9886346928218012,0,0.5931808156930808,8,1.4285714285714286,0.42857142857142855,N2 S1 O9,de-protonated,0,-9999,C21 H30 O9 N2 S1,21,30,9,2,-9999,1,-9999,N/A
1232,485.159833,485.15980350448905,485.1595451514491,1578359.1,-9999,432308.7,13.55,-1,0.5325115058237481,0.9498481659278156,0,0.5699088995566893,13,1.173913043478261,0.2608695652173913,N4 P1 O6,de-protonated,0,-9999,C23 H27 O6 N4 P1,23,27,6,4,1,-9999,-9999,N/A
1233,485.167815,485.1677855052309,485.1675906554491,5351803,-9999,324666.6,49.86,-1,0.4016133508193227,0.4855788303724129,0.7369636471990461,0.5861327571030661,21,0.8181818181818182,0.06060606060606061,P1 O2,de-protonated,0,-9999,C33 H27 O2 P1,33,27,2,-9999,1,-9999,-9999,N/A
1233,485.167815,485.1677855052309,485.1673193292891,5351803,-9999,324666.6,49.86,-1,0.960856024704404,0.4228792312676063,0.8007932653391621,0.5740448448962286,7,1.4782608695652173,0.30434782608695654,S2 O7,de-protonated,0,-9999,C23 H34 O7 S2,23,34,7,-9999,-9999,2,-9999,N/A
1233,485.167815,485.1677855052309,485.16778735993904,5351803,-9999,324666.6,49.86,-1,-0.00382281801846596,0.49999867416186794,0.8007932653391621,0.6203165106327856,13,1.1304347826086956,0.34782608695652173,N4 O8,de-protonated,0,-9999,C23 H26 O8 N4,23,26,8,4,-9999,-9999,-9999,N/A
1234,485.183069,485.1830395066486,485.1825754705791,4130179,-9999,348066.1,38.11,-1,0.9564153639524312,0.4235330191609315,0.773979033015177,0.5637114247026297,11,1.2592592592592593,0.14814814814814814,S2 O4,de-protonated,0,-9999,C27 H34 O4 S2,27,34,4,-9999,-9999,2,-9999,N/A
1234,485.183069,485.1830395066486,485.18304350122906,4130179,-9999,348066.1,38.11,-1,-0.0082331411515894,0.987540842505582,0.9649033575883206,0.9784858485386776,17,0.9629629629629628,0.18518518518518515,N4 O5,de-protonated,0,-9999,C27 H26 O5 N4,27,26,5,4,-9999,-9999,-9999,N/A
1235,485.204202,485.20417250861266,485.2039761647991,1954701.8,-9999,310315.3,17.17,-1,0.40466241666510466,0.9707245518334254,0,0.5824347311000553,20,0.9117647058823528,0.02941176470588235,P1 O1,de-protonated,0,-9999,C34 H31 O1 P1,34,31,1,-9999,1,-9999,-9999,N/A
1235,485.204202,485.20417250861266,485.20370483863906,1954701.8,-9999,310315.3,17.17,-1,0.9638631546679948,0.844870710404257,0,0.5069224262425541,6,1.5833333333333333,0.25,S2 O6,de-protonated,0,-9999,C24 H38 O6 S2,24,38,6,-9999,-9999,2,-9999,N/A
1235,485.204202,485.20417250861266,485.2041728692891,1954701.8,-9999,310315.3,17.17,-1,-7.4334982717972e-4,0.999999899737092,0,0.5999999398422553,12,1.25,0.2916666666666667,N4 O7,de-protonated,0,-9999,C24 H30 O7 N4,24,30,7,4,-9999,-9999,-9999,N/A
1236,485.219587,485.21955751004253,485.21942901057906,1743253.5,-9999,275655,15.14,-1,0.2648275311926904,0.98735497530051,0,0.592412985180306,16,1.0714285714285714,0.14285714285714285,N4 O4,de-protonated,0,-9999,C28 H30 O4 N4,28,30,4,4,-9999,-9999,-9999,N/A
1237,486.069162,486.0691325890016,486.0689392408891,1715526.3,-9999,419598.3,14.87,-1,0.3977791972824605,0.9716979096976378,0,0.5830187458185827,28,0.42424242424242425,0.06060606060606061,N1 P1 O2,de-protonated,0,-9999,C33 H14 O2 N1 P1,33,14,2,1,1,-9999,-9999,N/A
1237,486.069162,486.0691325890016,486.06866791472913,1715526.3,-9999,419598.3,14.87,-1,0.9559848291473416,0.8471925966079098,0,0.5083155579647458,14,0.9130434782608696,0.30434782608695654,N1 S2 O7,de-protonated,0,-9999,C23 H21 O7 N1 S2,23,21,7,1,-9999,2,-9999,N/A
1238,486.077297,486.0772675897576,486.07704510375913,1419082.4,-9999,346563.5,12.01,-1,0.4577175588671952,0.9626990076305602,0.9215446464526856,0.9462372631594104,28,0.4545454545454546,0.06060606060606061,13C1 P1 O2,de-protonated,1,1227,C33 H15 O2 P1 13C1,33,15,2,-9999,1,-9999,1,N/A
1238,486.077297,486.0772675897576,486.07718144937905,1419082.4,-9999,346563.5,12.01,-1,0.17721543382870725,0.9943177531421254,0,0.5965906518852753,28,0.3939393939393939,0.12121212121212122,N1 O4,de-protonated,0,-9999,C33 H13 O4 N1,33,13,4,1,-9999,-9999,-9999,N/A
1238,486.077297,486.0772675897576,486.0775323222991,1419082.4,-9999,346563.5,12.01,-1,-0.5446302777539769,0.9476010510444388,0,0.5685606306266633,5,1.7333333333333334,0.6,N3 S2 P1 O9,de-protonated,0,-9999,C15 H26 O9 N3 P1 S2,15,26,9,3,1,2,-9999,N/A
1238,486.077297,486.0772675897576,486.0772418082491,1419082.4,-9999,346563.5,12.01,-1,0.05303994167427264,0.9994896723915138,0.984325757426249,0.9934241064054078,20,0.6086956521739131,0.34782608695652173,13C1 N4 O8,de-protonated,1,1227,C23 H14 O8 N4 13C1,23,14,8,4,-9999,-9999,1,N/A
1239,486.134808,486.1347785951027,486.1345599811691,1752935.8,-9999,379724.9,15.22,-1,0.449698399595877,0.96397094681376,0.9065700591035416,0.9410105917296726,22,0.7419354838709677,0.0967741935483871,13C1 P1 O3,de-protonated,1,1230,C31 H23 O3 P1 13C1,31,23,3,-9999,1,-9999,1,N/A
1239,486.134808,486.1347785951027,486.1346963267891,1752935.8,-9999,379724.9,15.22,-1,0.16922946305841674,0.9948170397556456,0,0.5968902238533874,22,0.6774193548387096,0.16129032258064516,N1 O5,de-protonated,0,-9999,C31 H21 O5 N1,31,21,5,1,-9999,-9999,-9999,N/A
1239,486.134808,486.1347785951027,486.1347566856592,1752935.8,-9999,379724.9,15.22,-1,0.04506866305115145,0.9996315121692434,0.971474687711242,0.9883687823860428,14,1.0476190476190477,0.42857142857142855,13C1 N4 O9,de-protonated,1,1230,C21 H22 O9 N4 13C1,21,22,9,4,-9999,-9999,1,N/A
1240,486.186609,486.186579599917,486.1863379774291,1459586.1,-9999,404478.1,12.4,-1,0.49697506705963784,0.9561743942871404,0,0.5737046365722842,25,0.6944444444444444,0.02777777777777777,N1 O1,de-protonated,0,-9999,C36 H25 O1 N1,36,25,1,1,-9999,-9999,-9999,N/A
1240,486.186609,486.186579599917,486.186688850349,1459586.1,-9999,404478.1,12.4,-1,-0.2247088095009946,0.9908797650847398,0,0.5945278590508439,2,2.111111111111111,0.3333333333333333,N3 S2 P1 O6,de-protonated,0,-9999,C18 H38 O6 N3 P1 S2,18,38,6,3,1,2,-9999,N/A
1240,486.186609,486.186579599917,486.1863983362991,1459586.1,-9999,404478.1,12.4,-1,0.37282741468466246,0.97509398436454775,0.9649033575883206,0.9710177336540567,17,1,0.19230769230769232,13C1 N4 O5,de-protonated,1,1234,C26 H26 O5 N4 13C1,26,26,5,4,-9999,-9999,1,N/A
1241,487.053218,487.0531886804592,487.0529548237991,6765885.5,-9999,303135.3,63.46,-1,0.4801462712197182,0.935183940056502,0.915350381400568,0.9272505165941284,28,0.3939393939393939,0.09090909090909093,P1 O3,de-protonated,0,-9999,C33 H13 O3 P1,33,13,3,-9999,1,-9999,-9999,N/A
1241,487.053218,487.0531886804592,487.0531515282891,6765885.5,-9999,303135.3,63.46,-1,0.07627949849046488,0.9907028713142148,0.979179999540684,0.9860937226048024,20,0.5217391304347826,0.391304347826087,N4 O9,de-protonated,0,-9999,C23 H12 O9 N4,23,12,9,4,-9999,-9999,-9999,N/A
1242,487.074406,487.0743766824284,487.0740841918591,3237192.5,-9999,325685.4,29.5,-1,0.6005053005879307,0.4683315576826238,0.7550179348240813,0.5830061085392069,23,0.5666666666666667,0.16666666666666666,P1 O5,de-protonated,0,-9999,C30 H17 O5 P1,30,17,5,-9999,1,-9999,-9999,N/A
1242,487.074406,487.0743766824284,487.0742808963491,3237192.5,-9999,325685.4,29.5,-1,0.19665599906350273,0.993007292910694,0,0.5958043757464164,15,0.8,0.55,N4 O11,de-protonated,0,-9999,C20 H16 O11 N4,20,16,11,4,-9999,-9999,-9999,N/A
1243,487.089648,487.089618683845,487.0893403331491,8117584,-9999,291019.4,76.47,-1,0.5714571698844141,0.47123344924585087,0.7311359101322861,0.5751944336004249,27,0.5,0.0588235294117647,P1 O2,de-protonated,0,-9999,C34 H17 O2 P1,34,17,2,-9999,1,-9999,-9999,N/A
1243,487.089648,487.089618683845,487.0895370376391,8117584,-9999,291019.4,76.47,-1,0.16762052906286057,0.4974574372559929,0.7939170211058493,0.6160412707959355,19,0.6666666666666666,0.3333333333333333,N4 O8,de-protonated,0,-9999,C24 H16 O8 N4,24,16,8,4,-9999,-9999,-9999,N/A
1244,487.110681,487.1106516857998,487.110469701209,3890523,-9999,304381.4,35.79,-1,0.3736002447706674,0.4874959629157723,0.748902346707035,0.5920585164322774,22,0.6774193548387096,0.12903225806451613,P1 O4,de-protonated,0,-9999,C31 H21 O4 P1,31,21,4,-9999,1,-9999,-9999,N/A
1244,487.110681,487.1106516857998,487.1101983750491,3890523,-9999,304381.4,35.79,-1,0.9306123175848972,0.42729148190151095,0.8149093904448101,0.5823386453188306,8,1.3333333333333333,0.42857142857142855,S2 O9,de-protonated,0,-9999,C21 H28 O9 S2,21,28,9,-9999,-9999,2,-9999,N/A
1244,487.110681,487.1106516857998,487.1106664056991,3890523,-9999,304381.4,35.79,-1,-0.03021879895651577,0.4999171595877101,0.8149093904448104,0.6259140519305502,14,0.9523809523809524,0.47619047619047616,N4 O10,de-protonated,0,-9999,C21 H20 O10 N4,21,20,10,4,-9999,-9999,-9999,N/A
1245,487.125972,487.1259426872209,487.1257258424991,8314211,-9999,298982.2,78.36,-1,0.4451514471845194,0.9585347885302496,0.9298685451090498,0.9470682911617696,26,0.6,0.02857142857142857,P1 O1,de-protonated,0,-9999,C35 H21 O1 P1,35,21,1,-9999,1,-9999,-9999,N/A
1245,487.125972,487.1259426872209,487.1259225469891,8314211,-9999,298982.2,78.36,-1,0.04134502164425548,0.9986352823804688,0.9916267876315136,0.9958318844808868,18,0.8,0.28,N4 O7,de-protonated,0,-9999,C25 H20 O7 N4,25,20,7,4,-9999,-9999,-9999,N/A
1246,487.147057,487.14702768918056,487.14685521055907,3659117.8,-9999,317444.5,33.56,-1,0.35405878052740375,0.4887553819696791,0.7428850341668536,0.590407242848549,21,0.78125,0.09375,P1 O3,de-protonated,0,-9999,C32 H25 O3 P1,32,25,3,-9999,1,-9999,-9999,N/A
1246,487.147057,487.14702768918056,487.14658388439904,3659117.8,-9999,317444.5,33.56,-1,0.9110292388521192,0.4300968245554499,0.8077896627745539,0.5811739598430915,7,1.4545454545454546,0.3636363636363637,S2 O8,de-protonated,0,-9999,C22 H32 O8 S2,22,32,8,-9999,-9999,2,-9999,N/A
1246,487.147057,487.14702768918056,487.1470519150491,3659117.8,-9999,317444.5,33.56,-1,-0.04973009365358754,0.4997756815743036,0.8077896627745539,0.6229812740544038,13,1.0909090909090908,0.4090909090909091,N4 O9,de-protonated,0,-9999,C22 H24 O9 N4,22,24,9,4,-9999,-9999,-9999,N/A
1247,487.162416,487.162386690608,487.1623080563391,6824309.5,-9999,254981.3,64.02,-1,0.1614128753438769,0.994296852543444,0.9989693588301054,0.9961658550581084,17,0.9230769230769232,0.2307692307692308,N4 O6,de-protonated,0,-9999,C26 H24 O6 N4,26,24,6,4,-9999,-9999,-9999,N/A
1248,487.183687,487.183657692585,487.1832407199091,1579904.5,-9999,327092.2,13.55,-1,0.8558846877292884,0.8755367374962971,0,0.5253220424977783,20,0.8787878787878788,0.06060606060606061,P1 O2,de-protonated,0,-9999,C33 H29 O2 P1,33,29,2,-9999,1,-9999,-9999,N/A
1248,487.183687,487.183657692585,487.1834374243991,1579904.5,-9999,327092.2,13.55,-1,0.4521257681981686,0.9635881316569744,0,0.5781528789941847,12,1.2173913043478262,0.34782608695652173,N4 O8,de-protonated,0,-9999,C23 H28 O8 N4,23,28,8,4,-9999,-9999,-9999,N/A
1249,487.198766,487.19873669398635,487.1986935656891,4653448,-9999,316284.9,43.13,-1,0.08852301498245965,0.4992895598397043,0.7739790330151772,0.6091653491098935,16,1.037037037037037,0.18518518518518515,N4 O5,de-protonated,0,-9999,C27 H28 O5 N4,27,28,5,4,-9999,-9999,-9999,N/A
1250,487.235181,487.2351516973708,487.2350790750391,1738650.9,-9999,298295.3,15.08,-1,0.14904988332100283,0.9959770737231638,0,0.5975862442338983,15,1.1428571428571428,0.14285714285714285,N4 O4,de-protonated,0,-9999,C28 H32 O4 N4,28,32,4,4,-9999,-9999,-9999,N/A
1251,488.056688,488.0566587737212,488.0563096588691,1468993.1,-9999,323033.4,12.48,-1,0.7153167476583508,0.911336286489794,0.915350381400568,0.9129419244541036,28,0.40625,0.09375,13C1 P1 O3,de-protonated,1,1241,C32 H13 O3 P1 13C1,32,13,3,-9999,1,-9999,1,N/A
1251,488.056688,488.0566587737212,488.0564460044891,1468993.1,-9999,323033.4,12.48,-1,0.4359520991123916,0.9661027433449292,0,0.5796616460069575,28,0.34375,0.15625,N1 O5,de-protonated,0,-9999,C32 H11 O5 N1,32,11,5,1,-9999,-9999,-9999,N/A
1251,488.056688,488.0566587737212,488.05679687740906,1468993.1,-9999,323033.4,12.48,-1,-0.2829664267134537,0.985576434719195,0,0.591345860831517,5,1.7142857142857142,0.7142857142857143,N3 S2 P1 O10,de-protonated,0,-9999,C14 H24 O10 N3 P1 S2,14,24,10,3,1,2,-9999,N/A
1251,488.056688,488.0566587737212,488.0565063633592,1468993.1,-9999,323033.4,12.48,-1,0.31228015618460225,0.982460955910088,0.979179999540684,0.9811485733623264,20,0.5454545454545454,0.4090909090909091,13C1 N4 O9,de-protonated,1,1241,C22 H12 O9 N4 13C1,22,12,9,4,-9999,-9999,1,N/A
1252,488.08468800000003,488.0846587763235,488.0845893053491,1509711.6,-9999,335715.3,12.87,-1,0.14233388220034365,0.9963307910943416,0,0.597798474656605,27,0.48484848484848486,0.06060606060606061,N1 P1 O2,de-protonated,0,-9999,C33 H16 O2 N1 P1,33,16,2,1,1,-9999,-9999,N/A
1252,488.08468800000003,488.0846587763235,488.08431797918905,1509711.6,-9999,335715.3,12.87,-1,0.6982341409389953,0.9153380355549824,0,0.5492028213329895,13,1,0.30434782608695654,N1 S2 O7,de-protonated,0,-9999,C23 H23 O7 N1 S2,23,23,7,1,-9999,2,-9999,N/A
1253,488.121217,488.12118777971847,488.1209748146991,1614178.4,-9999,471799.7,13.88,-1,0.436295570923474,0.9660502267865276,0,0.5796301360719165,26,0.5882352941176471,0.02941176470588235,N1 P1 O1,de-protonated,0,-9999,C34 H20 O1 N1 P1,34,20,1,1,1,-9999,-9999,N/A
1253,488.121217,488.12118777971847,488.1207034885391,1614178.4,-9999,471799.7,13.88,-1,0.992154555011685,0.8364297329928464,0,0.5018578397957079,12,1.125,0.25,N1 S2 O6,de-protonated,0,-9999,C24 H27 O6 N1 S2,24,27,6,1,-9999,2,-9999,N/A
1254,488.129363,488.1293337804756,488.1290806775691,2136934.5,-9999,405566.5,18.91,-1,0.5185163443212971,0.9523866815872736,0.9298685451090498,0.9433794269959842,26,0.6176470588235294,0.02941176470588235,13C1 P1 O1,de-protonated,1,1245,C34 H21 O1 P1 13C1,34,21,1,-9999,1,-9999,1,N/A
1254,488.129363,488.1293337804756,488.129217023189,2136934.5,-9999,405566.5,18.91,-1,0.23919339895365616,0.9896723886583624,0,0.5938034331950174,26,0.5588235294117647,0.08823529411764706,N1 O3,de-protonated,0,-9999,C34 H19 O3 N1,34,19,3,1,-9999,-9999,-9999,N/A
1254,488.129363,488.1293337804756,488.1295678961091,2136934.5,-9999,405566.5,18.91,-1,-0.47961780832288414,0.9591198580530252,0,0.5754719148318151,3,2,0.5,N3 S2 P1 O8,de-protonated,0,-9999,C16 H32 O8 N3 P1 S2,16,32,8,3,1,2,-9999,N/A
1254,488.129363,488.1293337804756,488.1292773820591,2136934.5,-9999,405566.5,18.91,-1,0.11553991754788942,0.997580687009794,0.9916267876315136,0.995199127258482,18,0.8333333333333334,0.2916666666666667,13C1 N4 O7,de-protonated,1,1245,C24 H20 O7 N4 13C1,24,20,7,4,-9999,-9999,1,N/A
1255,488.165786,488.16575678386073,488.1656025325391,1930617.4,-9999,325800.1,16.92,-1,0.3159815457011611,0.9820464956610396,0,0.5892278973966238,25,0.6571428571428571,0.05714285714285714,N1 O2,de-protonated,0,-9999,C35 H23 O2 N1,35,23,2,1,-9999,-9999,-9999,N/A
1255,488.165786,488.16575678386073,488.16595340545905,1930617.4,-9999,325800.1,16.92,-1,-0.40277613985284505,0.9709928543606948,0,0.5825957126164168,2,2.1176470588235294,0.4117647058823529,N3 S2 P1 O7,de-protonated,0,-9999,C17 H36 O7 N3 P1 S2,17,36,7,3,1,2,-9999,N/A
1255,488.165786,488.16575678386073,488.1656628914091,1930617.4,-9999,325800.1,16.92,-1,0.19233727145034843,0.9933100332977168,0.9989693588301054,0.9955737635106722,17,0.96,0.24,13C1 N4 O6,de-protonated,1,1247,C25 H24 O6 N4 13C1,25,24,6,4,-9999,-9999,1,N/A
1256,489.032517,489.0324878644142,489.0322193789091,4298041,-9999,322343.3,39.7,-1,0.5490139390896003,0.4733885479818769,0.7428850341668535,0.5811871424558674,28,0.34375,0.125,P1 O4,de-protonated,0,-9999,C32 H11 O4 P1,32,11,4,-9999,1,-9999,-9999,N/A
1256,489.032517,489.0324878644142,489.0324160833991,4298041,-9999,322343.3,39.7,-1,0.14678171166937173,0.49804917140137034,0.8077896627745539,0.6219453679506438,20,0.4545454545454546,0.4545454545454546,N4 O10,de-protonated,0,-9999,C22 H10 O10 N4,22,10,10,4,-9999,-9999,-9999,N/A
1257,489.06893,489.0689008677985,489.06860488825913,10391884,-9999,328107.3,98.35,-1,0.6051902255805781,0.9283070290293473,0.9131461777611762,0.9222426885220788,27,0.4545454545454546,0.09090909090909093,P1 O3,de-protonated,0,-9999,C33 H15 O3 P1,33,15,3,-9999,1,-9999,-9999,N/A
1257,489.06893,489.0689008677985,489.06880159274914,10391884,-9999,328107.3,98.35,-1,0.20298790064911248,0.9895851957832144,0.9769757959012922,0.9845414358304456,19,0.6086956521739131,0.391304347826087,N4 O9,de-protonated,0,-9999,C23 H14 O9 N4,23,14,9,4,-9999,-9999,-9999,N/A
1258,489.090047,489.090017869761,489.08973425631905,1833302.6,-9999,427354.8,15.98,-1,0.5798801776338952,0.9408099550583616,0,0.564485973035017,22,0.6333333333333333,0.16666666666666666,P1 O5,de-protonated,0,-9999,C30 H19 O5 P1,30,19,5,-9999,1,-9999,-9999,N/A
1258,489.090047,489.090017869761,489.0899309608091,1833302.6,-9999,427354.8,15.98,-1,0.1776952384676568,0.9942870306944016,0,0.596572218416641,14,0.9,0.55,N4 O11,de-protonated,0,-9999,C20 H18 O11 N4,20,18,11,4,-9999,-9999,-9999,N/A
1259,489.105234,489.1052048711725,489.1049903976091,10795358,-9999,298115,102.23,-1,0.43850209589757894,0.949412636899743,0.9147982218114308,0.935566870864418,26,0.5588235294117647,0.0588235294117647,P1 O2,de-protonated,0,-9999,C34 H19 O2 P1,34,19,2,-9999,1,-9999,-9999,N/A
1259,489.105234,489.1052048711725,489.1047190714491,10795358,-9999,298115,102.23,-1,0.9932427646593835,0.27870063194663125,0.7412565550906046,0.4637230012042206,12,1.0833333333333333,0.2916666666666667,S2 O7,de-protonated,0,-9999,C24 H26 O7 S2,24,26,7,-9999,-9999,2,-9999,N/A
1259,489.105234,489.1052048711725,489.10518710209914,10795358,-9999,298115,102.23,-1,0.03632975851950926,0.9956523035743235,0.977579332784994,0.9884231152585916,18,0.75,0.3333333333333333,N4 O8,de-protonated,0,-9999,C24 H18 O8 N4,24,18,8,4,-9999,-9999,-9999,N/A
1260,489.108016,489.1079868714311,489.1083617009291,1743199.9,-9999,507167.9,15.12,-1,-0.7663526681707902,0.8989173695834389,0,0.5393504217500633,21,0.7419354838709677,0.06451612903225806,S1 P1 O2,de-protonated,0,-9999,C31 H23 O2 P1 S1,31,23,2,-9999,1,1,-9999,N/A
1260,489.108016,489.1079868714311,489.1077102522491,1743199.9,-9999,507167.9,15.12,-1,0.5655588251636304,0.9436144730980548,0,0.5661686838588329,12,1.173913043478261,0.17391304347826086,N2 S2 P1 O4,de-protonated,0,-9999,C23 H27 O4 N2 P1 S2,23,27,4,2,1,2,-9999,N/A
1261,489.14168,489.1416508745598,489.141375906959,10439025,-9999,301652.4,98.8,-1,0.5621434093714724,0.965379433508938,0.9170438183711598,0.9460451874538268,25,0.6571428571428571,0.02857142857142857,P1 O1,de-protonated,0,-9999,C35 H23 O1 P1,35,23,1,-9999,1,-9999,-9999,N/A
1261,489.14168,489.1416508745598,489.14157261144913,10439025,-9999,301652.4,98.8,-1,0.16000093844793964,0.9962108453625264,0.9788020608936238,0.9892473315749654,17,0.88,0.28,N4 O7,de-protonated,0,-9999,C25 H22 O7 N4,25,22,7,4,-9999,-9999,-9999,N/A
1262,489.178054,489.1780248779403,489.1779581207991,8712580,-9999,244084.7,82.18,-1,0.13646800740724968,0.9960786835205452,0.997288089749074,0.9965624460119566,16,1,0.2307692307692308,N4 O6,de-protonated,0,-9999,C26 H26 O6 N4,26,26,6,4,-9999,-9999,-9999,N/A
1263,489.214481,489.21445188132583,489.2143436301491,4075927,-9999,339966.7,37.56,-1,0.2212755577681644,0.4955775497196124,0.7739790330151772,0.6069381430378383,15,1.1111111111111112,0.18518518518518515,N4 O5,de-protonated,0,-9999,C27 H30 O5 N4,27,30,5,4,-9999,-9999,-9999,N/A
1264,489.250761,489.2507318846977,489.2502611088491,1485225.9,-9999,323272.7,12.63,-1,0.96223934054734,0.8453503146600665,0,0.5072101887960399,8,1.5,0.10714285714285714,S2 O3,de-protonated,0,-9999,C28 H42 O3 S2,28,42,3,-9999,-9999,2,-9999,N/A
1264,489.250761,489.2507318846977,489.25072913949907,1485225.9,-9999,323272.7,12.63,-1,0.00561102613632483,0.9999942873558616,0,0.599996572413517,14,1.2142857142857142,0.14285714285714285,N4 O4,de-protonated,0,-9999,C28 H34 O4 N4,28,34,4,4,-9999,-9999,-9999,N/A
1265,490.064143,490.06411396029296,490.0638538604591,1915727.8,-9999,398985.7,16.77,-1,0.5307468236824362,0.9501716010896196,0,0.5701029606537718,27,0.4375,0.09375,N1 P1 O3,de-protonated,0,-9999,C32 H14 O3 N1 P1,32,14,3,1,1,-9999,-9999,N/A
1266,490.072319,490.0722899610528,490.07195972332914,2222420,-9999,329081,19.72,-1,0.6738555780139381,0.9209104648258892,0.9131461777611762,0.917804750000004,27,0.46875,0.09375,13C1 P1 O3,de-protonated,1,1257,C32 H15 O3 P1 13C1,32,15,3,-9999,1,-9999,1,N/A
1266,490.072319,490.0722899610528,490.07209606894907,2222420,-9999,329081,19.72,-1,0.39563995853178135,0.9719972146569588,0,0.5831983287941753,27,0.40625,0.15625,N1 O5,de-protonated,0,-9999,C32 H13 O5 N1,32,13,5,1,-9999,-9999,-9999,N/A
1266,490.072319,490.0722899610528,490.0724469418691,2222420,-9999,329081,19.72,-1,-0.32032165292444365,0.9815545222435303,0,0.5889327133461182,4,1.8571428571428572,0.7142857142857143,N3 S2 P1 O10,de-protonated,0,-9999,C14 H26 O10 N3 P1 S2,14,26,10,3,1,2,-9999,N/A
1266,490.072319,490.0722899610528,490.0721564278191,2222420,-9999,329081,19.72,-1,0.2724766790521392,0.9866189402069644,0.9769757959012922,0.9827616824846954,19,0.6363636363636364,0.4090909090909091,13C1 N4 O9,de-protonated,1,1257,C22 H14 O9 N4 13C1,22,14,9,4,-9999,-9999,1,N/A
1267,490.100563,490.10053396367783,490.1002393698091,1709922.6,-9999,273682,14.79,-1,0.6010890121070346,0.936543918251414,0,0.5619263509508484,26,0.5454545454545454,0.06060606060606061,N1 P1 O2,de-protonated,0,-9999,C33 H18 O2 N1 P1,33,18,2,1,1,-9999,-9999,N/A
1268,490.108677,490.1086479644319,490.10834523267914,2428774.8,-9999,360344,21.71,-1,0.6176833260553689,0.9331133407410914,0.9147982218114308,0.9257872931692273,26,0.5757575757575758,0.06060606060606061,13C1 P1 O2,de-protonated,1,1259,C33 H19 O2 P1 13C1,33,19,2,-9999,1,-9999,1,N/A
1268,490.108677,490.1086479644319,490.10848157829906,2428774.8,-9999,360344,21.71,-1,0.33948837684570327,0.4896523793618133,0.7369636471990461,0.5885768864967064,26,0.5151515151515151,0.12121212121212122,N1 O4,de-protonated,0,-9999,C33 H17 O4 N1,33,17,4,1,-9999,-9999,-9999,N/A
1268,490.108677,490.1086479644319,490.10883245121903,2428774.8,-9999,360344,21.71,-1,-0.37642004155401154,0.9746178476816284,0,0.5847707086089771,3,2,0.6,N3 S2 P1 O9,de-protonated,0,-9999,C15 H30 O9 N3 P1 S2,15,30,9,3,1,2,-9999,N/A
1268,490.108677,490.1086479644319,490.1085419371691,2428774.8,-9999,360344,21.71,-1,0.21633424800181383,0.9915440637686584,0.977579332784994,0.9859581713751928,18,0.782608695652174,0.34782608695652173,13C1 N4 O8,de-protonated,1,1259,C23 H18 O8 N4 13C1,23,18,8,4,-9999,-9999,1,N/A
1269,490.136908,490.13687896705574,490.1366248791591,1604981.5,-9999,373342.4,13.78,-1,0.5184021836445244,0.9524071381647587,0,0.5714442828988553,25,0.6470588235294118,0.02941176470588235,N1 P1 O1,de-protonated,0,-9999,C34 H22 O1 N1 P1,34,22,1,1,1,-9999,-9999,N/A
1270,490.144894,490.1448649677979,490.1447307420291,2474873.8,-9999,341824.8,22.15,-1,0.27384925401846283,0.9864847064884544,0.9170438183711598,0.9587083512415366,25,0.6764705882352942,0.02941176470588235,13C1 P1 O1,de-protonated,1,1261,C34 H23 O1 P1 13C1,34,23,1,-9999,1,-9999,1,N/A
1270,490.144894,490.1448649677979,490.14486708764906,2474873.8,-9999,341824.8,22.15,-1,-0.00432494808349088,0.49999830298808046,0.7311359101322861,0.5924533458457627,25,0.6176470588235294,0.08823529411764706,N1 O3,de-protonated,0,-9999,C34 H21 O3 N1,34,21,3,1,-9999,-9999,-9999,N/A
1270,490.144894,490.1448649677979,490.14521796056914,2474873.8,-9999,341824.8,22.15,-1,-0.720179975747989,0.9101826093165888,0,0.5461095655899533,2,2.125,0.5,N3 S2 P1 O8,de-protonated,0,-9999,C16 H34 O8 N3 P1 S2,16,34,8,3,1,2,-9999,N/A
1270,490.144894,490.1448649677979,490.14492744651915,2474873.8,-9999,341824.8,22.15,-1,-0.12746989245806353,0.99705605960321,0.9788020608936238,0.9897544601193756,17,0.9166666666666666,0.2916666666666667,13C1 N4 O7,de-protonated,1,1261,C24 H22 O7 N4 13C1,24,22,7,4,-9999,-9999,1,N/A
1271,490.181419,490.1813899711925,490.1812525969991,2411404.8,-9999,347631.7,21.54,-1,0.28025183066978887,0.49292494500093254,0.7253996187124169,0.5859148144855263,24,0.7142857142857143,0.05714285714285714,N1 O2,de-protonated,0,-9999,C35 H25 O2 N1,35,25,2,1,-9999,-9999,-9999,N/A
1271,490.181419,490.1813899711925,490.1816034699191,2411404.8,-9999,347631.7,21.54,-1,-0.4355502635247051,0.966164134797212,0,0.5796984808783271,1,2.235294117647059,0.4117647058823529,N3 S2 P1 O7,de-protonated,0,-9999,C17 H38 O7 N3 P1 S2,17,38,7,3,1,2,-9999,N/A
1271,490.181419,490.1813899711925,490.18131295586915,2411404.8,-9999,347631.7,21.54,-1,0.15711599225563858,0.9955308766301088,0.997288089749074,0.9962337618776952,16,1.04,0.24,13C1 N4 O6,de-protonated,1,1262,C25 H26 O6 N4 13C1,25,26,6,4,-9999,-9999,1,N/A
1272,491.04816,491.04813105174696,491.04786944336905,7994704,-9999,327853.1,75.27,-1,0.5327553466594179,0.4749016992246628,0.7428850341668535,0.5820950332015391,27,0.40625,0.125,P1 O4,de-protonated,0,-9999,C32 H13 O4 P1,32,13,4,-9999,1,-9999,-9999,N/A
1272,491.04816,491.04813105174696,491.0480661478591,7994704,-9999,327853.1,75.27,-1,0.1321742051762187,0.4984175532976443,0.8077896627745539,0.6221663970884082,19,0.5454545454545454,0.4545454545454546,N4 O10,de-protonated,0,-9999,C22 H12 O10 N4,22,12,10,4,-9999,-9999,-9999,N/A
1273,491.084584,491.0845550551322,491.08425495271905,11511139,-9999,293448.3,109.11,-1,0.6111016799074052,0.9619324322986156,0.9200769124888756,0.9451902243747196,26,0.5151515151515151,0.09090909090909093,P1 O3,de-protonated,0,-9999,C33 H17 O3 P1,33,17,3,-9999,1,-9999,-9999,N/A
1273,491.084584,491.0845550551322,491.08445165720906,11511139,-9999,293448.3,109.11,-1,0.21055018708155523,0.99375795986727,0.9839065306289916,0.9898173881719586,18,0.6956521739130435,0.391304347826087,N4 O9,de-protonated,0,-9999,C23 H16 O9 N4,23,16,9,4,-9999,-9999,-9999,N/A
1274,491.120987,491.1209580585155,491.1206404620691,13063542,-9999,290334.9,124.04,-1,0.646677048829997,0.6287023397643061,0.8767367681646154,0.7279161111244299,25,0.6176470588235294,0.0588235294117647,P1 O2,de-protonated,0,-9999,C34 H21 O2 P1,34,21,2,-9999,1,-9999,-9999,N/A
1274,491.120987,491.1209580585155,491.12083716655906,13063542,-9999,290334.9,124.04,-1,0.24615521739904944,0.993959063055361,0.972992608328849,0.9855724811647562,17,0.8333333333333334,0.3333333333333333,N4 O8,de-protonated,0,-9999,C24 H20 O8 N4,24,20,8,4,-9999,-9999,-9999,N/A
1275,491.155805,491.15577606175145,491.1558852653891,4035976.5,-9999,447570.3,37.17,-1,-0.22234007758226265,0.4955350870358049,0.7939170211058493,0.6148878606638226,11,1.1666666666666667,0.4583333333333333,O11,de-protonated,0,-9999,C24 H28 O11,24,28,11,-9999,-9999,-9999,-9999,N/A
1275,491.155805,491.15577606175145,491.1557230740591,4035976.5,-9999,447570.3,37.17,-1,0.10788369119445244,0.9978903669599652,0,0.5987342201759791,6,1.736842105263158,0.2631578947368421,N4 S2 P1 O5,de-protonated,0,-9999,C19 H33 O5 N4 P1 S2,19,33,5,4,1,2,-9999,N/A
1276,491.157358,491.1573290618958,491.1570259714191,13239689,-9999,280132.7,125.74,-1,0.6170948610130698,0.6258780596774546,0.9154975490970888,0.7417258554453082,24,0.7142857142857143,0.02857142857142857,P1 O1,de-protonated,0,-9999,C35 H25 O1 P1,35,25,1,-9999,1,-9999,-9999,N/A
1276,491.157358,491.1573290618958,491.1572226759091,13239689,-9999,280132.7,125.74,-1,0.21660271244592863,0.9933913670730802,0.9878790851583418,0.9911864543071848,16,0.96,0.28,N4 O7,de-protonated,0,-9999,C25 H24 O7 N4,25,24,7,4,-9999,-9999,-9999,N/A
1277,491.19219,491.192161065133,491.1922707747391,2839963.5,-9999,435448.6,25.66,-1,-0.22335368980029313,0.9909889380151624,0,0.5945933628090975,10,1.28,0.4,O10,de-protonated,0,-9999,C25 H32 O10,25,32,10,-9999,-9999,-9999,-9999,N/A
1277,491.19219,491.192161065133,491.19210858340904,2839963.5,-9999,435448.6,25.66,-1,0.106845617126624,0.997930728256472,0,0.5987584369538832,5,1.85,0.2,N4 S2 P1 O4,de-protonated,0,-9999,C20 H37 O4 N4 P1 S2,20,37,4,4,1,2,-9999,N/A
1278,491.193693,491.19366406527274,491.1936081852591,8140188,-9999,329443.9,76.67,-1,0.11376372310638468,0.9753967253804904,0.975793914247754,0.9755556009273958,15,1.0769230769230769,0.2307692307692308,N4 O6,de-protonated,0,-9999,C26 H28 O6 N4,26,28,6,4,-9999,-9999,-9999,N/A
1279,491.196487,491.1964580655324,491.19613133540906,1490333.6,-9999,330022.7,12.67,-1,0.6651724280591158,0.9228553608755856,0,0.5537132165253513,9,1.48,0.08,N2 S2 P1 O2,de-protonated,0,-9999,C25 H37 O2 N2 P1 S2,25,37,2,2,1,2,-9999,N/A
1280,491.230124,491.2300950686586,491.2299936946091,3518895.3,-9999,351992.7,32.19,-1,0.20636779270007957,0.49615115208042304,0.7739790330151771,0.6072823044543247,14,1.1851851851851851,0.18518518518518515,N4 O5,de-protonated,0,-9999,C27 H32 O5 N4,27,32,5,4,-9999,-9999,-9999,N/A
1281,491.23133,491.23130106877073,491.2316474648891,2120624,-9999,368096,18.74,-1,-0.7051583914295677,0.913725518013425,0,0.548235310808055,9,1.48,0.24,N2 P1 O6,de-protonated,0,-9999,C25 H37 O6 N2 P1,25,37,6,2,1,-9999,-9999,N/A
1281,491.23133,491.23130106877073,491.2309960162091,2120624,-9999,368096,18.74,-1,0.6209961588970717,0.9324188203185751,0,0.5594512921911451,0,2.411764705882353,0.4705882352941176,N4 S1 P1 O8,de-protonated,0,-9999,C17 H41 O8 N4 P1 S1,17,41,8,4,1,1,-9999,N/A
1282,492.079864,492.079835147633,492.07950392491904,1992555.9,-9999,388302.1,17.5,-1,0.6731081284858318,0.921078712345943,0,0.5526472274075658,26,0.5,0.09375,N1 P1 O3,de-protonated,0,-9999,C32 H16 O3 N1 P1,32,16,3,1,1,-9999,-9999,N/A
1283,492.087758,492.08772914836663,492.0876097877891,2580336,-9999,415911.9,23.16,-1,0.2425596075579818,0.9893812185104356,0.9200769124888756,0.9616594961018116,26,0.53125,0.09375,13C1 P1 O3,de-protonated,1,1273,C32 H17 O3 P1 13C1,32,17,3,-9999,1,-9999,1,N/A
1283,492.087758,492.08772914836663,492.0877461334091,2580336,-9999,415911.9,23.16,-1,-0.03451628819761832,0.4998919250445825,0.7428850341668535,0.5970891686934909,26,0.46875,0.15625,N1 O5,de-protonated,0,-9999,C32 H15 O5 N1,32,15,5,1,-9999,-9999,-9999,N/A
1283,492.087758,492.08772914836663,492.0880970063291,2580336,-9999,415911.9,23.16,-1,-0.7475449309288501,0.903573541413805,0,0.542144124848283,3,2,0.7142857142857143,N3 S2 P1 O10,de-protonated,0,-9999,C14 H28 O10 N3 P1 S2,14,28,10,3,1,2,-9999,N/A
1283,492.087758,492.08772914836663,492.0878064922791,2580336,-9999,415911.9,23.16,-1,-0.157175023387532,0.9955275252714454,0.9839065306289916,0.990879127414464,18,0.7272727272727273,0.4090909090909091,13C1 N4 O9,de-protonated,1,1273,C22 H16 O9 N4 13C1,22,16,9,4,-9999,-9999,1,N/A
1284,492.088987,492.08895814848086,492.0887484550091,1690480.8,-9999,403065.1,14.59,-1,0.42612937684485575,0.9675883061328976,0,0.5805529836797386,12,1.0909090909090908,0.3636363636363637,N1 S1 P1 O8,de-protonated,0,-9999,C22 H24 O8 N1 P1 S1,22,24,8,1,1,1,-9999,N/A
1285,492.116301,492.1162721510194,492.1158894342691,1927551,-9999,288993.4,16.88,-1,0.7776963892857931,0.8960650361105986,0,0.5376390216663591,25,0.6060606060606061,0.06060606060606061,N1 P1 O2,de-protonated,0,-9999,C33 H20 O2 N1 P1,33,20,2,1,1,-9999,-9999,N/A
1286,492.12426,492.12423115175915,492.1239952971391,2849667.3,-9999,357626.4,25.75,-1,0.479258524850905,0.6394532100564572,0.8767367681646154,0.7343666332997205,25,0.6363636363636364,0.06060606060606061,13C1 P1 O2,de-protonated,1,1274,C33 H21 O2 P1 13C1,33,21,2,-9999,1,-9999,1,N/A
1286,492.12426,492.12423115175915,492.12413164275904,2849667.3,-9999,357626.4,25.75,-1,0.20220304941394465,0.49630436327021826,0.7369636471990461,0.5925680768417494,25,0.5757575757575758,0.12121212121212122,N1 O4,de-protonated,0,-9999,C33 H19 O4 N1,33,19,4,1,-9999,-9999,-9999,N/A
1286,492.12426,492.12423115175915,492.12448251567906,2849667.3,-9999,357626.4,25.75,-1,-0.5107730439057857,0.9537649849450944,0,0.5722589909670566,2,2.1333333333333333,0.6,N3 S2 P1 O9,de-protonated,0,-9999,C15 H32 O9 N3 P1 S2,15,32,9,3,1,2,-9999,N/A
1286,492.12426,492.12423115175915,492.124192001629,2849667.3,-9999,357626.4,25.75,-1,0.07955335404063958,0.9988523182325976,0.972992608328849,0.988508434271098,17,0.8695652173913043,0.34782608695652173,13C1 N4 O8,de-protonated,1,1274,C23 H20 O8 N4 13C1,23,20,8,4,-9999,-9999,1,N/A
1287,492.125338,492.1253091518593,492.1251339643591,1798531.8,-9999,342695.5,15.63,-1,0.3559816154457265,0.9772686350323636,0,0.586361181019418,11,1.2173913043478262,0.30434782608695654,N1 S1 P1 O7,de-protonated,0,-9999,C23 H28 O7 N1 P1 S1,23,28,7,1,1,1,-9999,N/A
1288,492.160686,492.1606571551445,492.1603808064891,3842966.3,-9999,329778.8,35.31,-1,0.5615012223284728,0.6295985359428432,0.9154975490970888,0.7439581412045414,24,0.7352941176470589,0.02941176470588235,13C1 P1 O1,de-protonated,1,1276,C34 H25 O1 P1 13C1,34,25,1,-9999,1,-9999,1,N/A
1288,492.160686,492.1606571551445,492.1605171521091,3842966.3,-9999,329778.8,35.31,-1,0.28446620674955886,0.49271212825214405,0.731135910132286,0.5880816410042009,24,0.6764705882352942,0.08823529411764706,N1 O3,de-protonated,0,-9999,C34 H23 O3 N1,34,23,3,1,-9999,-9999,-9999,N/A
1288,492.160686,492.1606571551445,492.16086802502906,3842966.3,-9999,329778.8,35.31,-1,-0.42845723469774,0.9672391026225916,0,0.5803434615735549,1,2.25,0.5,N3 S2 P1 O8,de-protonated,0,-9999,C16 H36 O8 N3 P1 S2,16,36,8,3,1,2,-9999,N/A
1288,492.160686,492.1606571551445,492.1605775109791,3842966.3,-9999,329778.8,35.31,-1,0.1618255687988314,0.9952595812766016,0.9878790851583418,0.9923073828292978,16,1,0.2916666666666667,13C1 N4 O7,de-protonated,1,1276,C24 H24 O7 N4 13C1,24,24,7,4,-9999,-9999,1,N/A
1289,492.197245,492.19721615854235,492.1969026614591,2622889.5,-9999,317337,23.57,-1,0.6369342869888317,0.4645164798132158,0.7253996187124169,0.5688697353728962,23,0.7714285714285715,0.05714285714285714,N1 O2,de-protonated,0,-9999,C35 H27 O2 N1,35,27,2,1,-9999,-9999,-9999,N/A
1289,492.197245,492.19721615854235,492.1972535343791,2622889.5,-9999,317337,23.57,-1,-0.07593670322268443,0.998954244582402,0,0.5993725467494411,0,2.3529411764705883,0.4117647058823529,N3 S2 P1 O7,de-protonated,0,-9999,C17 H40 O7 N3 P1 S2,17,40,7,3,1,2,-9999,N/A
1289,492.197245,492.19721615854235,492.1969630203291,2622889.5,-9999,317337,23.57,-1,0.5143026719859025,0.9531390379729936,0.975793914247754,0.9622009884828976,15,1.12,0.24,13C1 N4 O6,de-protonated,1,1278,C25 H28 O6 N4 13C1,25,28,6,4,-9999,-9999,1,N/A
1290,493.027468,493.0274392357028,493.0271339984791,2574173.8,-9999,297180.5,23.09,-1,0.6191083667624107,0.46640748967784945,0.7489023467070351,0.5794054324895237,27,0.3548387096774194,0.16129032258064516,P1 O5,de-protonated,0,-9999,C31 H11 O5 P1,31,11,5,-9999,1,-9999,-9999,N/A
1290,493.027468,493.0274392357028,493.0273307029691,2574173.8,-9999,297180.5,23.09,-1,0.2201353290824416,0.991245620634956,0,0.5947473723809735,19,0.47619047619047616,0.5238095238095238,N4 O11,de-protonated,0,-9999,C21 H10 O11 N4,21,10,11,4,-9999,-9999,-9999,N/A
1291,493.042659,493.0426302371146,493.0423901397691,1552229.8,-9999,344185.6,13.26,-1,0.4869709994772252,0.957883727571396,0,0.5747302365428375,31,0.3142857142857143,0.05714285714285714,P1 O2,de-protonated,0,-9999,C35 H11 O2 P1,35,11,2,-9999,1,-9999,-9999,N/A
1291,493.042659,493.0426302371146,493.0425868442591,1552229.8,-9999,344185.6,13.26,-1,0.08801035987646937,0.9985955177210876,0,0.5991573106326524,23,0.4,0.32,N4 O8,de-protonated,0,-9999,C25 H10 O8 N4,25,10,8,4,-9999,-9999,-9999,N/A
1292,493.063886,493.0638572390875,493.0635195078291,10322289,-9999,282471.5,97.66,-1,0.6849650096790716,0.9346938771552756,0.9210207799033452,0.9292246382545036,26,0.46875,0.125,P1 O4,de-protonated,0,-9999,C32 H15 O4 P1,32,15,4,-9999,1,-9999,-9999,N/A
1292,493.063886,493.0638572390875,493.0637162123191,10322289,-9999,282471.5,97.66,-1,0.28602138783810804,0.9911465161098858,0.9859254085110454,0.9890580730703497,18,0.6363636363636364,0.4545454545454546,N4 O10,de-protonated,0,-9999,C22 H14 O10 N4,22,14,10,4,-9999,-9999,-9999,N/A
1293,493.100291,493.10026224247093,493.0999050171791,12349828,-9999,255586.6,117.17,-1,0.7244481051720784,0.9275468591132636,0.933328144769056,0.9298593733755806,25,0.5757575757575758,0.09090909090909093,P1 O3,de-protonated,0,-9999,C33 H19 O3 P1,33,19,3,-9999,1,-9999,-9999,N/A
1293,493.100291,493.10026224247093,493.1001017216691,12349828,-9999,255586.6,117.17,-1,0.32553390534974713,0.9882917186873894,0.997157762909172,0.9918381363761024,17,0.782608695652174,0.391304347826087,N4 O9,de-protonated,0,-9999,C23 H18 O9 N4,23,18,9,4,-9999,-9999,-9999,N/A
1294,493.115521,493.1154922438864,493.1150227740391,1463180.1,-9999,385415.6,12.4,-1,0.9520493709667394,0.8483476799817806,0,0.5090086079890683,2,1.9375,0.8125,S1 P1 O13,de-protonated,0,-9999,C16 H31 O13 P1 S1,16,31,13,-9999,1,1,-9999,N/A
1294,493.115521,493.1154922438864,493.1153578629591,1463180.1,-9999,385415.6,12.4,-1,0.27251417970877223,0.986615281475279,0,0.5919691688851674,21,0.6666666666666666,0.2222222222222222,N4 O6,de-protonated,0,-9999,C27 H18 O6 N4,27,18,6,4,-9999,-9999,-9999,N/A
1295,493.135164,493.135135245712,493.13514982049907,4673942.5,-9999,402123.1,43.3,-1,-0.02955536041741379,0.49992075681275233,0.8007932653391621,0.6202697602233163,11,1.1304347826086956,0.5217391304347826,O12,de-protonated,0,-9999,C23 H26 O12,23,26,12,-9999,-9999,-9999,-9999,N/A
1295,493.135164,493.135135245712,493.1349876291691,4673942.5,-9999,402123.1,43.3,-1,0.29934307361489987,0.4919362610592496,0.8370420509349343,0.6299785770095234,6,1.7222222222222223,0.3333333333333333,N4 S2 P1 O6,de-protonated,0,-9999,C18 H31 O6 N4 P1 S2,18,31,6,4,1,2,-9999,N/A
1296,493.136693,493.1366642458541,493.1362905265291,15399319,-9999,302024.4,146.51,-1,0.7578418627692327,0.6132165703098376,0.8904173484812223,0.7240968815783915,24,0.6764705882352942,0.0588235294117647,P1 O2,de-protonated,0,-9999,C34 H23 O2 P1,34,23,2,-9999,1,-9999,-9999,N/A
1296,493.136693,493.1366642458541,493.1364872310191,15399319,-9999,302024.4,146.51,-1,0.35895708305273644,0.9850845016768244,0.986673188645456,0.985719976464277,16,0.9166666666666666,0.3333333333333333,N4 O8,de-protonated,0,-9999,C24 H22 O8 N4,24,22,8,4,-9999,-9999,-9999,N/A
1297,493.171517,493.1714882490906,493.17153532984906,4247977.5,-9999,466151.3,39.2,-1,-0.09546527950339063,0.499173856115323,0.7939170211058493,0.6170711221115335,10,1.25,0.4583333333333333,O11,de-protonated,0,-9999,C24 H30 O11,24,30,11,-9999,-9999,-9999,-9999,N/A
1297,493.171517,493.1714882490906,493.17137313851913,4247977.5,-9999,466151.3,39.2,-1,0.23340886706099617,0.49508171441340393,0.8295321147073605,0.6288618745309866,5,1.8421052631578947,0.2631578947368421,N4 S2 P1 O5,de-protonated,0,-9999,C19 H35 O5 N4 P1 S2,19,35,5,4,1,2,-9999,N/A
1298,493.173029,493.1730002492312,493.1726760358791,13773226,-9999,284701.1,130.86,-1,0.6574033149872082,0.6191982315377546,0.9018087422675722,0.7322424358296816,23,0.7714285714285715,0.02857142857142857,P1 O1,de-protonated,0,-9999,C35 H27 O1 P1,35,27,1,-9999,1,-9999,-9999,N/A
1298,493.173029,493.1730002492312,493.1728727403691,13773226,-9999,284701.1,130.86,-1,0.25854800441510023,0.9895962760611838,0.9984321080121418,0.993130608841567,15,1.04,0.28,N4 O7,de-protonated,0,-9999,C25 H26 O7 N4,25,26,7,4,-9999,-9999,-9999,N/A
1299,493.207908,493.2078792524728,493.20792083919906,1976764.8,-9999,424340.9,17.34,-1,-0.08431885324656209,0.9987107916415484,0,0.5992264749849291,9,1.36,0.4,O10,de-protonated,0,-9999,C25 H34 O10,25,34,10,-9999,-9999,-9999,-9999,N/A
1299,493.207908,493.2078792524728,493.207758647869,1976764.8,-9999,424340.9,17.34,-1,0.24453103500390347,0.989208845113552,0,0.5935253070681311,4,1.95,0.2,N4 S2 P1 O4,de-protonated,0,-9999,C20 H39 O4 N4 P1 S2,20,39,4,4,1,2,-9999,N/A
1300,493.209357,493.20932825260746,493.2092582497191,6039997.5,-9999,357750.6,56.44,-1,0.14193344347764927,0.9979916467986962,0.9884988345890648,0.9941945219148436,14,1.1538461538461535,0.2307692307692308,N4 O6,de-protonated,0,-9999,C26 H30 O6 N4,26,30,6,4,-9999,-9999,-9999,N/A
1301,493.210275,493.2102462526928,493.2101276295891,4319678,-9999,298519,39.89,-1,0.2405123030302859,0.49477939039055696,0.7739790330151772,0.6064592474404051,13,1.2592592592592593,0.03703703703703703,N4 S2 O1,de-protonated,0,-9999,C27 H34 O1 N4 S2,27,34,1,4,-9999,2,-9999,N/A
1301,493.210275,493.2102462526928,493.2102605713191,4319678,-9999,298519,39.89,-1,-0.02903148506376141,0.9998470818185567,0,0.599908249091134,0,2.4375,0.5625,N4 S1 P1 O9,de-protonated,0,-9999,C16 H39 O9 N4 P1 S1,16,39,9,4,1,1,-9999,N/A
1302,493.245985,493.24595625601165,493.2456437590691,1904592.9,-9999,337303.4,16.65,-1,0.6335523618379756,0.9297575429800548,0,0.5578545257880329,13,1.2592592592592593,0.18518518518518515,N4 O5,de-protonated,0,-9999,C27 H34 O5 N4,27,34,5,4,-9999,-9999,-9999,N/A
1303,494.067163,494.0671343323315,494.0668743428991,2237314.3,-9999,414310.9,19.85,-1,0.5262231610349354,0.950996303271916,0.9210207799033452,0.9390060939244876,26,0.4838709677419355,0.12903225806451613,13C1 P1 O4,de-protonated,1,1292,C31 H15 O4 P1 13C1,31,15,4,-9999,1,-9999,1,N/A
1303,494.067163,494.0671343323315,494.0670106885191,2237314.3,-9999,414310.9,19.85,-1,0.2502571710439341,0.9887004384985122,0,0.5932202630991072,26,0.41935483870967744,0.1935483870967742,N1 O6,de-protonated,0,-9999,C31 H13 O6 N1,31,13,6,1,-9999,-9999,-9999,N/A
1303,494.067163,494.0671343323315,494.0673615614391,2237314.3,-9999,414310.9,19.85,-1,-0.4599152368702859,0.962346800710919,0,0.5774080804265515,3,2,0.8461538461538461,N3 S2 P1 O11,de-protonated,0,-9999,C13 H26 O11 N3 P1 S2,13,26,11,3,1,2,-9999,N/A
1303,494.067163,494.0671343323315,494.0670710473891,2237314.3,-9999,414310.9,19.85,-1,0.1280897798689477,0.99702739985947475,0.9859254085110454,0.992586603320103,18,0.6666666666666666,0.47619047619047616,13C1 N4 O10,de-protonated,1,1292,C21 H14 O10 N4 13C1,21,14,10,4,-9999,-9999,1,N/A
1304,494.095509,494.09548033496594,494.095153989379,1682321.3,-9999,338013.9,14.51,-1,0.660491373444066,0.9238950634036748,0,0.5543370380422048,25,0.5625,0.09375,N1 P1 O3,de-protonated,0,-9999,C32 H18 O3 N1 P1,32,18,3,1,1,-9999,-9999,N/A
1305,494.103562,494.1035333357144,494.1032598522491,3017621.5,-9999,299759.4,27.36,-1,0.5534945578032769,0.945928840078818,0.933328144769056,0.9408885619549132,25,0.59375,0.09375,13C1 P1 O3,de-protonated,1,1293,C32 H19 O3 P1 13C1,32,19,3,-9999,1,-9999,1,N/A
1305,494.103562,494.1035333357144,494.1033961978691,3017621.5,-9999,299759.4,27.36,-1,0.2775488822744932,0.4930598136013765,0.7428850341668535,0.5929899018275673,25,0.53125,0.15625,N1 O5,de-protonated,0,-9999,C32 H17 O5 N1,32,17,5,1,-9999,-9999,-9999,N/A
1305,494.103562,494.1035333357144,494.10374707078904,3017621.5,-9999,299759.4,27.36,-1,-0.4325712482266078,0.9666176166293772,0,0.5799705699776263,2,2.142857142857143,0.7142857142857143,N3 S2 P1 O10,de-protonated,0,-9999,C14 H30 O10 N3 P1 S2,14,30,10,3,1,2,-9999,N/A
1305,494.103562,494.1035333357144,494.1034565567392,3017621.5,-9999,299759.4,27.36,-1,0.155390483990681,0.9956282871530524,0.997157762909172,0.9962400774555004,17,0.8181818181818182,0.4090909090909091,13C1 N4 O9,de-protonated,1,1293,C22 H18 O9 N4 13C1,22,18,9,4,-9999,-9999,1,N/A
1306,494.131967,494.1319383383543,494.1315394987291,1540516.5,-9999,326851,13.14,-1,0.8071527382803031,0.8885067712736322,0,0.5331040627641793,24,0.6666666666666666,0.06060606060606061,N1 P1 O2,de-protonated,0,-9999,C33 H22 O2 N1 P1,33,22,2,1,1,-9999,-9999,N/A
1307,494.139966,494.1399373390978,494.1396453615991,3677096.8,-9999,300637.2,33.7,-1,0.5908805363942163,0.6257426668842897,0.8904173484812223,0.7316125395230628,24,0.696969696969697,0.06060606060606061,13C1 P1 O2,de-protonated,1,1296,C33 H23 O2 P1 13C1,33,23,2,-9999,1,-9999,1,N/A
1307,494.139966,494.1399373390978,494.1397817072191,3677096.8,-9999,300637.2,33.7,-1,0.31495516954511016,0.49108094755682696,0.736963647199046,0.5894340274137145,24,0.6363636363636364,0.12121212121212122,N1 O4,de-protonated,0,-9999,C33 H21 O4 N1,33,21,4,1,-9999,-9999,-9999,N/A
1307,494.139966,494.1399373390978,494.1401325801391,3677096.8,-9999,300637.2,33.7,-1,-0.395112698653764,0.9720707507684544,0,0.5832424504610726,1,2.2666666666666666,0.6,N3 S2 P1 O9,de-protonated,0,-9999,C15 H34 O9 N3 P1 S2,15,34,9,3,1,2,-9999,N/A
1307,494.139966,494.1399373390978,494.1398420660891,3677096.8,-9999,300637.2,33.7,-1,0.19280576182268752,0.9932775130190804,0.986673188645456,0.9906357832696308,16,0.9565217391304348,0.34782608695652173,13C1 N4 O8,de-protonated,1,1296,C23 H22 O8 N4 13C1,23,22,8,4,-9999,-9999,1,N/A
1308,494.176365,494.1763363424806,494.1760308709491,3689404,-9999,328990.8,33.82,-1,0.6181431563861144,0.6220114203857137,0.9018087422675722,0.7339303491384571,23,0.7941176470588235,0.02941176470588235,13C1 P1 O1,de-protonated,1,1298,C34 H27 O1 P1 13C1,34,27,1,-9999,1,-9999,1,N/A
1308,494.176365,494.1763363424806,494.1761672165691,3689404,-9999,328990.8,33.82,-1,0.34223809790414306,0.48948585927074534,0.7311359101322861,0.5861458796153616,23,0.7352941176470589,0.08823529411764706,N1 O3,de-protonated,0,-9999,C34 H25 O3 N1,34,25,3,1,-9999,-9999,-9999,N/A
1308,494.176365,494.1763363424806,494.1765180894891,3689404,-9999,328990.8,33.82,-1,-0.3677775082707077,0.9757559227975796,0,0.5854535536785477,0,2.375,0.5,N3 S2 P1 O8,de-protonated,0,-9999,C16 H38 O8 N3 P1 S2,16,38,8,3,1,2,-9999,N/A
1308,494.176365,494.1763363424806,494.1762275754391,3689404,-9999,328990.8,33.82,-1,0.22009768065565577,0.9912486016570844,0.9984321080121418,0.9941220041991072,15,1.0833333333333333,0.2916666666666667,13C1 N4 O7,de-protonated,1,1298,C24 H26 O7 N4 13C1,24,26,7,4,-9999,-9999,1,N/A
1309,494.212664,494.21263534585427,494.2125527259191,1586127.3,-9999,294951,13.58,-1,0.16717490214795666,0.9949418082459864,0,0.5969650849475918,22,0.8285714285714286,0.05714285714285714,N1 O2,de-protonated,0,-9999,C35 H29 O2 N1,35,29,2,1,-9999,-9999,-9999,N/A
1309,494.212664,494.21263534585427,494.2126130847891,1586127.3,-9999,294951,13.58,-1,0.04504349864738382,0.9996319234741676,0.9884988345890648,0.9951786879201264,14,1.2,0.24,13C1 N4 O6,de-protonated,1,1300,C25 H30 O6 N4 13C1,25,30,6,4,-9999,-9999,1,N/A
1310,495.043156,495.0431274230398,495.04278406293906,5294471.5,-9999,310605.6,46.96,-1,0.6935968198476119,0.4582053246181296,0.7489023467070351,0.5744841334536919,26,0.41935483870967744,0.16129032258064516,P1 O5,de-protonated,0,-9999,C31 H13 O5 P1,31,13,5,-9999,1,-9999,-9999,N/A
1310,495.043156,495.0431274230398,495.0429807674291,5294471.5,-9999,310605.6,46.96,-1,0.29624823772262143,0.4921008199196118,0.8149093904448103,0.6212242481296912,18,0.5714285714285714,0.5238095238095238,N4 O11,de-protonated,0,-9999,C21 H12 O11 N4,21,12,11,4,-9999,-9999,-9999,N/A
1311,495.058478,495.0584494244638,495.0580402042291,3028879.5,-9999,323372.3,26.17,-1,0.8266106222118178,0.4416982297948612,0.7253996187124169,0.5551787853618835,30,0.37142857142857144,0.05714285714285714,P1 O2,de-protonated,0,-9999,C35 H13 O2 P1,35,13,2,-9999,1,-9999,-9999,N/A
1311,495.058478,495.0584494244638,495.0582369087191,3028879.5,-9999,323372.3,26.17,-1,0.4292742322720049,0.9671161232782732,0,0.5802696739669639,22,0.48,0.32,N4 O8,de-protonated,0,-9999,C25 H12 O8 N4,25,12,8,4,-9999,-9999,-9999,N/A
1312,495.079532,495.0795034264205,495.07916957228906,11234715,-9999,323882.4,101.45,-1,0.6743449370512349,0.8918771482524075,0.9088955716516222,0.8986845176120933,25,0.53125,0.125,P1 O4,de-protonated,0,-9999,C32 H17 O4 P1,32,17,4,-9999,1,-9999,-9999,N/A
1312,495.079532,495.0795034264205,495.079366276779,11234715,-9999,323882.4,101.45,-1,0.2770255655444007,0.9704960504389176,0.9738002002593226,0.9718177103670796,17,0.7272727272727273,0.4545454545454546,N4 O10,de-protonated,0,-9999,C22 H16 O10 N4,22,16,10,4,-9999,-9999,-9999,N/A
1313,495.094718,495.0946894278319,495.0944257135791,2745762.8,-9999,440026,23.58,-1,0.5326544576421782,0.4749109615998228,0.719752637322661,0.5728476318889582,29,0.4722222222222222,0.02777777777777777,P1 O1,de-protonated,0,-9999,C36 H17 O1 P1,36,17,1,-9999,1,-9999,-9999,N/A
1313,495.094718,495.0946894278319,495.09428732914904,2745762.8,-9999,440026,23.58,-1,0.8121658705136473,0.8871989866583393,0,0.5323193919950036,2,1.9333333333333331,0.9333333333333332,S1 P1 O14,de-protonated,0,-9999,C15 H29 O14 P1 S1,15,29,14,-9999,1,1,-9999,N/A
1313,495.094718,495.0946894278319,495.0946224180691,2745762.8,-9999,440026,23.58,-1,0.1353473856662755,0.9966815751565588,0,0.5980089450939352,21,0.6153846153846154,0.2692307692307692,N4 O7,de-protonated,0,-9999,C26 H16 O7 N4,26,16,7,4,-9999,-9999,-9999,N/A
1314,495.114395,495.11436642966066,495.1144143756091,4312493,-9999,460473.4,37.95,-1,-0.09683811871771068,0.4991499448866632,0.8077896627745538,0.6226058320418195,11,1.0909090909090908,0.5909090909090909,O13,de-protonated,0,-9999,C22 H24 O13,22,24,13,-9999,-9999,-9999,-9999,N/A
1314,495.114395,495.11436642966066,495.1139013113591,4312493,-9999,460473.4,37.95,-1,0.93941676924195,0.426016863519006,0.7253996187124169,0.5457699655963704,29,0.45714285714285713,0.05714285714285714,N2 O2,de-protonated,0,-9999,C35 H16 O2 N2,35,16,2,2,-9999,-9999,-9999,N/A
1314,495.114395,495.11436642966066,495.11425218427905,4312493,-9999,460473.4,37.95,-1,0.2307454917851327,0.9903855572923,0,0.59423133437538,6,1.7058823529411764,0.4117647058823529,N4 S2 P1 O7,de-protonated,0,-9999,C17 H29 O7 N4 P1 S2,17,29,7,4,1,2,-9999,N/A
1315,495.115907,495.1158784298012,495.1155550816391,14384558,-9999,310837.9,130.34,-1,0.6530761531056415,0.6315171066768261,0.8766283376723569,0.7295615990750385,24,0.6363636363636364,0.09090909090909093,P1 O3,de-protonated,0,-9999,C33 H21 O3 P1,33,21,3,-9999,1,-9999,-9999,N/A
1315,495.115907,495.1158784298012,495.1157517861291,14384558,-9999,310837.9,130.34,-1,0.2557859886101375,0.9940631823579076,0.9725432269051066,0.9854552001767872,16,0.8695652173913043,0.391304347826087,N4 O9,de-protonated,0,-9999,C23 H20 O9 N4,23,20,9,4,-9999,-9999,-9999,N/A
1316,495.131116,495.1310874312147,495.13067283849904,1812918.1,-9999,339185.3,15.02,-1,0.8373399961443895,0.8805393884522527,0,0.5283236330713516,1,2.0625,0.8125,S1 P1 O13,de-protonated,0,-9999,C16 H33 O13 P1 S1,16,33,13,-9999,1,1,-9999,N/A
1316,495.131116,495.1310874312147,495.1310079274191,1812918.1,-9999,339185.3,15.02,-1,0.16057123136977408,0.9953326129469128,0,0.5971995677681476,20,0.7407407407407407,0.2222222222222222,N4 O6,de-protonated,0,-9999,C27 H20 O6 N4,27,20,6,4,-9999,-9999,-9999,N/A
1317,495.152375,495.1523464331906,495.1519405909891,15470017,-9999,281811,140.3,-1,0.819631648686308,0.5942355804884276,0.8873675084718576,0.7114883516817996,23,0.7352941176470589,0.0588235294117647,P1 O2,de-protonated,0,-9999,C34 H25 O2 P1,34,25,2,-9999,1,-9999,-9999,N/A
1317,495.152375,495.1523464331906,495.1521372954791,15470017,-9999,281811,140.3,-1,0.422370612294461,0.9714323183466428,0.9836233486360912,0.9763087304624222,15,1,0.3333333333333333,N4 O8,de-protonated,0,-9999,C24 H24 O8 N4,24,24,8,4,-9999,-9999,-9999,N/A
1318,495.1887,495.1886714365665,495.1883261003391,9496021,-9999,299854.7,85.5,-1,0.6973836198899231,0.92800024628369715,0.9344483971894092,0.930579506645982,22,0.8285714285714286,0.02857142857142857,P1 O1,de-protonated,0,-9999,C35 H29 O1 P1,35,29,1,-9999,1,-9999,-9999,N/A
1318,495.1887,495.1886714365665,495.1885228048291,9496021,-9999,299854.7,85.5,-1,0.3001518220430412,0.9887912151805872,0.9962066397118732,0.9917573849931016,14,1.12,0.28,N4 O7,de-protonated,0,-9999,C25 H28 O7 N4,25,28,7,4,-9999,-9999,-9999,N/A
1319,495.225294,495.2252654399676,495.2249083141791,2792168,-9999,253330.3,24,-1,0.7211385826379441,0.9099544551267342,0,0.5459726730760405,13,1.2307692307692308,0.2307692307692308,N4 O6,de-protonated,0,-9999,C26 H32 O6 N4,26,32,6,4,-9999,-9999,-9999,N/A
1320,496.083,496.0829715196823,496.0825244073591,2236336.5,-9999,311371.7,18.9,-1,0.9012861796802608,0.8629540686681793,0.9088955716516222,0.8813306698615564,25,0.5483870967741935,0.12903225806451613,13C1 P1 O4,de-protonated,1,1312,C31 H17 O4 P1 13C1,31,17,4,-9999,1,-9999,1,N/A
1320,496.083,496.0829715196823,496.0826607529791,2236336.5,-9999,311371.7,18.9,-1,0.6264413731420871,0.9312703202355758,0,0.5587621921413455,25,0.4838709677419355,0.1935483870967742,N1 O6,de-protonated,0,-9999,C31 H15 O6 N1,31,15,6,1,-9999,-9999,-9999,N/A
1320,496.083,496.0829715196823,496.08301162589913,2236336.5,-9999,311371.7,18.9,-1,-0.08084577760065782,0.9988147471403088,0,0.5992888482841853,2,2.1538461538461537,0.8461538461538461,N3 S2 P1 O11,de-protonated,0,-9999,C13 H28 O11 N3 P1 S2,13,28,11,3,1,2,-9999,N/A
1320,496.083,496.0829715196823,496.0827211118491,2236336.5,-9999,311371.7,18.9,-1,0.5047703186670265,0.954820543553356,0.9738002002593226,0.9624124062357428,17,0.7619047619047619,0.47619047619047616,13C1 N4 O10,de-protonated,1,1312,C21 H16 O10 N4 13C1,21,16,10,4,-9999,-9999,1,N/A
1321,496.119145,496.1191165230416,496.11890991670913,2982852,-9999,370428.4,25.75,-1,0.4164451875417272,0.6460146252163136,0.8766283376723569,0.738260110198731,24,0.65625,0.09375,13C1 P1 O3,de-protonated,1,1315,C32 H21 O3 P1 13C1,32,21,3,-9999,1,-9999,1,N/A
1321,496.119145,496.1191165230416,496.11904626232905,2982852,-9999,370428.4,25.75,-1,0.14162067167367892,0.49818370190498634,0.7428850341668535,0.5960642348097331,24,0.59375,0.15625,N1 O5,de-protonated,0,-9999,C32 H19 O5 N1,32,19,5,1,-9999,-9999,-9999,N/A
1321,496.119145,496.1191165230416,496.1193971352491,2982852,-9999,370428.4,25.75,-1,-0.565614263586581,0.9436037360256252,0,0.566162241615375,1,2.2857142857142856,0.7142857142857143,N3 S2 P1 O10,de-protonated,0,-9999,C14 H32 O10 N3 P1 S2,14,32,10,3,1,2,-9999,N/A
1321,496.119145,496.1191165230416,496.11910662119914,2982852,-9999,370428.4,25.75,-1,0.01995859934176416,0.9999277233103576,0.9725432269051066,0.9889739247482572,16,0.9090909090909092,0.4090909090909091,13C1 N4 O9,de-protonated,1,1315,C22 H20 O9 N4 13C1,22,20,9,4,-9999,-9999,1,N/A
1322,496.120024,496.1199955231233,496.1200485839291,2425284.5,-9999,310106.9,20.63,-1,-0.10695154516408883,0.9979266274790828,0,0.5987559764874496,10,1.2727272727272727,0.3636363636363637,N1 S1 P1 O8,de-protonated,0,-9999,C22 H28 O8 N1 P1 S1,22,28,8,1,1,1,-9999,N/A
1323,496.155707,496.15567852643966,496.1552954260591,3621847.5,-9999,302484.6,31.61,-1,0.7721380464209504,0.5983111754615936,0.8873675084718576,0.7139337086656992,23,0.7575757575757576,0.06060606060606061,13C1 P1 O2,de-protonated,1,1317,C33 H25 O2 P1 13C1,33,25,2,-9999,1,-9999,1,N/A
1323,496.155707,496.15567852643966,496.15543177167905,3621847.5,-9999,302484.6,31.61,-1,0.4973335870355911,0.4780562741539703,0.7369636471990461,0.5816192233720006,23,0.696969696969697,0.12121212121212122,N1 O4,de-protonated,0,-9999,C33 H23 O4 N1,33,23,4,1,-9999,-9999,-9999,N/A
1323,496.155707,496.15567852643966,496.155782644599,3621847.5,-9999,302484.6,31.61,-1,-0.2098497346971045,0.9920413990271072,0,0.5952248394162644,0,2.4,0.6,N3 S2 P1 O9,de-protonated,0,-9999,C15 H36 O9 N3 P1 S2,15,36,9,3,1,2,-9999,N/A
1323,496.155707,496.15567852643966,496.1554921305491,3621847.5,-9999,302484.6,31.61,-1,0.37568039361956873,0.9747162286279534,0.9836233486360912,0.9782790766312084,15,1.0434782608695652,0.34782608695652173,13C1 N4 O8,de-protonated,1,1317,C23 H24 O8 N4 13C1,23,24,8,4,-9999,-9999,1,N/A
1324,496.191998,496.1919695298125,496.1916809354091,2509802.8,-9999,304674.5,21.41,-1,0.5816187866280116,0.9404652902698638,0.9344483971894092,0.938058533037682,22,0.8529411764705882,0.02941176470588235,13C1 P1 O1,de-protonated,1,1318,C34 H29 O1 P1 13C1,34,29,1,-9999,1,-9999,1,N/A
1324,496.191998,496.1919695298125,496.19181728102905,2509802.8,-9999,304674.5,21.41,-1,0.30683453087427975,0.49153107924625167,0.7311359101322861,0.5873730116006655,22,0.7941176470588235,0.08823529411764706,N1 O3,de-protonated,0,-9999,C34 H27 O3 N1,34,27,3,1,-9999,-9999,-9999,N/A
1324,496.191998,496.1919695298125,496.19187763989913,2509802.8,-9999,304674.5,21.41,-1,0.1851902812863828,0.9937964593235976,0.9962066397118732,0.9947605314789076,14,1.1666666666666667,0.2916666666666667,13C1 N4 O7,de-protonated,1,1318,C24 H28 O7 N4 13C1,24,28,7,4,-9999,-9999,1,N/A
1325,497.037557,497.0375286083983,497.03730475933907,2698158.5,-9999,303540.5,23.13,-1,0.4503667171368283,0.4819328691527617,0.731135910132286,0.5816140855445714,30,0.3235294117647059,0.08823529411764706,P1 O3,de-protonated,0,-9999,C34 H11 O3 P1,34,11,3,-9999,1,-9999,-9999,N/A
1325,497.037557,497.0375286083983,497.03703343317903,2698158.5,-9999,303540.5,23.13,-1,0.996254174162206,0.8351934687216563,0,0.5011160812329938,16,0.75,0.3333333333333333,S2 O8,de-protonated,0,-9999,C24 H18 O8 S2,24,18,8,-9999,-9999,2,-9999,N/A
1325,497.037557,497.0375286083983,497.0375014638291,2698158.5,-9999,303540.5,23.13,-1,0.05461271865934134,0.9994589668062174,0,0.5996753800837304,22,0.4166666666666667,0.375,N4 O9,de-protonated,0,-9999,C24 H10 O9 N4,24,10,9,4,-9999,-9999,-9999,N/A
1326,497.057362,497.05733361023897,497.0572934213691,1881529.1,-9999,559276.7,15.64,-1,0.08085359659899508,0.9988145180017464,0,0.5992887108010478,12,0.9,0.75,O15,de-protonated,0,-9999,C20 H18 O15,20,18,15,-9999,-9999,-9999,-9999,N/A
1326,497.057362,497.05733361023897,497.0577826787191,1881529.1,-9999,559276.7,15.64,-1,-0.9034532719767664,0.8623418883828727,0,0.5174051330297236,16,0.8260869565217391,0.30434782608695654,N2 S1 P1 O7,de-protonated,0,-9999,C23 H19 O7 N2 P1 S1,23,19,7,2,1,1,-9999,N/A
1326,497.057362,497.05733361023897,497.05713123003903,1881529.1,-9999,559276.7,15.64,-1,0.4071568180428387,0.9703679400148498,0,0.5822207640089099,7,1.5333333333333334,0.6,N4 S2 P1 O9,de-protonated,0,-9999,C15 H23 O9 N4 P1 S2,15,23,9,4,1,2,-9999,N/A
1327,497.058824,497.0587956103749,497.0584341273991,5973434,-9999,309273.7,53.17,-1,0.7272444263526968,0.4542477294168959,0.7489023467070351,0.5721095763329516,25,0.4838709677419355,0.16129032258064516,P1 O5,de-protonated,0,-9999,C31 H15 O5 P1,31,15,5,-9999,1,-9999,-9999,N/A
1327,497.058824,497.0587956103749,497.0586308318891,5973434,-9999,309273.7,53.17,-1,0.3315071413337259,0.4901284182888736,0.8149093904448103,0.6200408071512482,17,0.6666666666666666,0.5238095238095238,N4 O11,de-protonated,0,-9999,C21 H14 O11 N4,21,14,11,4,-9999,-9999,-9999,N/A
1328,497.07408,497.0740516117927,497.0736902686891,3771842.3,-9999,297833.8,32.98,-1,0.7269407145287891,0.45428413310607857,0.7253996187124169,0.562730327348614,29,0.42857142857142855,0.05714285714285714,P1 O2,de-protonated,0,-9999,C35 H15 O2 P1,35,15,2,-9999,1,-9999,-9999,N/A
1328,497.07408,497.0740516117927,497.073886973179,3771842.3,-9999,297833.8,32.98,-1,0.3312155756729483,0.49014560289399417,0.7871578612348809,0.6089505062303489,21,0.56,0.32,N4 O8,de-protonated,0,-9999,C25 H14 O8 N4,25,14,8,4,-9999,-9999,-9999,N/A
1329,497.095221,497.09519261375755,497.09481963674904,10783181,-9999,297219,97.29,-1,0.7503136097509239,0.9180942033741176,0.9080908290448164,0.9140928536423972,24,0.59375,0.125,P1 O4,de-protonated,0,-9999,C32 H19 O4 P1,32,19,4,-9999,1,-9999,-9999,N/A
1329,497.095221,497.09519261375755,497.0950163412391,10783181,-9999,297219,97.29,-1,0.354605281988726,0.9842734891709806,0.9729954576525168,0.979762276563595,16,0.8181818181818182,0.4545454545454546,N4 O10,de-protonated,0,-9999,C22 H18 O10 N4,22,18,10,4,-9999,-9999,-9999,N/A
1330,497.110436,497.11040761517165,497.11007577803906,3490261.5,-9999,305966.8,30.4,-1,0.6675325018757788,0.4611644154280514,0.719752637322661,0.5645997041858952,28,0.5277777777777778,0.02777777777777777,P1 O1,de-protonated,0,-9999,C36 H19 O1 P1,36,19,1,-9999,1,-9999,-9999,N/A
1330,497.110436,497.11040761517165,497.1099373936091,3490261.5,-9999,305966.8,30.4,-1,0.9459106069076424,0.8501430536226459,0,0.5100858321735875,1,2.066666666666667,0.9333333333333332,S1 P1 O14,de-protonated,0,-9999,C15 H31 O14 P1 S1,15,31,14,-9999,1,1,-9999,N/A
1330,497.110436,497.11040761517165,497.1102724825291,3490261.5,-9999,305966.8,30.4,-1,0.2718363510206148,0.4933406689299834,0.7805128205128199,0.608209529563118,20,0.6923076923076923,0.2692307692307692,N4 O7,de-protonated,0,-9999,C26 H18 O7 N4,26,18,7,4,-9999,-9999,-9999,N/A
1331,497.131625,497.131596617141,497.13120514609903,12902881,-9999,264589.5,116.74,-1,0.7874602073690339,0.9143826918124682,0.9247880668278976,0.91854484181864,23,0.696969696969697,0.09090909090909093,P1 O3,de-protonated,0,-9999,C33 H23 O3 P1,33,23,3,-9999,1,-9999,-9999,N/A
1331,497.131625,497.131596617141,497.1314018505891,12902881,-9999,264589.5,116.74,-1,0.39178082705465384,0.982173471925105,0.9886176849680136,0.9847511571422684,15,0.9565217391304348,0.391304347826087,N4 O9,de-protonated,0,-9999,C23 H22 O9 N4,23,22,9,4,-9999,-9999,-9999,N/A
1332,497.146822,497.1467936185533,497.146322902959,2875881,-9999,341707.7,24.76,-1,0.9468351118405468,0.8498731688386383,0,0.509923901303183,0,2.1875,0.8125,S1 P1 O13,de-protonated,0,-9999,C16 H35 O13 P1 S1,16,35,13,-9999,1,1,-9999,N/A
1332,497.146822,497.1467936185533,497.1466579918791,2875881,-9999,341707.7,24.76,-1,0.27281018993767553,0.9865863841976288,0,0.5919518305185772,19,0.8148148148148148,0.2222222222222222,N4 O6,de-protonated,0,-9999,C27 H22 O6 N4,27,22,6,4,-9999,-9999,-9999,N/A
1333,497.166436,497.1664076203762,497.1664499494191,2754547.5,-9999,344038.7,23.65,-1,-0.08514058593461621,0.9986855577395264,0,0.5992113346437159,9,1.3043478260869563,0.5217391304347826,O12,de-protonated,0,-9999,C23 H30 O12,23,30,12,-9999,-9999,-9999,-9999,N/A
1333,497.166436,497.1664076203762,497.1659368851691,2754547.5,-9999,344038.7,23.65,-1,0.9468372070128486,0.4249362785031941,0.719752637322661,0.5428628220309808,27,0.6111111111111112,0.02777777777777777,N2 O1,de-protonated,0,-9999,C36 H22 O1 N2,36,22,1,2,-9999,-9999,-9999,N/A
1333,497.166436,497.1664076203762,497.16628775808914,2754547.5,-9999,344038.7,23.65,-1,0.2410909388473134,0.9895087451756526,0,0.5937052471053915,4,1.9444444444444444,0.3333333333333333,N4 S2 P1 O6,de-protonated,0,-9999,C18 H35 O6 N4 P1 S2,18,35,6,4,1,2,-9999,N/A
1334,497.167962,497.16793362051806,497.1675906554491,10113524,-9999,332236.9,91.15,-1,0.6898379448158547,0.8999553077760607,0.9123259248631396,0.904903554610892,22,0.7941176470588235,0.0588235294117647,P1 O2,de-protonated,0,-9999,C34 H27 O2 P1,34,27,2,-9999,1,-9999,-9999,N/A
1334,497.167962,497.16793362051806,497.16778735993904,10113524,-9999,332236.9,91.15,-1,0.294187561490874,0.9753619454921538,0.9751070358367028,0.9752599816299734,14,1.0833333333333333,0.3333333333333333,N4 O8,de-protonated,0,-9999,C24 H26 O8 N4,24,26,8,4,-9999,-9999,-9999,N/A
1335,497.183087,497.1830586219238,497.1825754705791,2030076.5,-9999,321705.5,17,-1,0.9717785146975858,0.8425252063767715,0,0.5055151238260629,12,1.2142857142857142,0.14285714285714285,S2 O4,de-protonated,0,-9999,C28 H34 O4 S2,28,34,4,-9999,-9999,2,-9999,N/A
1335,497.183087,497.1830586219238,497.18304350122906,2030076.5,-9999,321705.5,17,-1,0.03041273216854414,0.99983218597269,0,0.5998993115836139,18,0.9285714285714286,0.17857142857142858,N4 O5,de-protonated,0,-9999,C28 H26 O5 N4,28,26,5,4,-9999,-9999,-9999,N/A
1336,497.204375,497.2043466239023,497.2039761647991,5177864,-9999,341625.3,45.88,-1,0.7450847559485706,0.4520878979890377,0.7253996187124169,0.5614125862783894,21,0.8857142857142857,0.02857142857142857,P1 O1,de-protonated,0,-9999,C35 H31 O1 P1,35,31,1,-9999,1,-9999,-9999,N/A
1336,497.204375,497.2043466239023,497.2041728692891,5177864,-9999,341625.3,45.88,-1,0.3494633044334329,0.4890421832053841,0.7871578612348809,0.6082884544171828,13,1.2,0.28,N4 O7,de-protonated,0,-9999,C25 H30 O7 N4,25,30,7,4,-9999,-9999,-9999,N/A
1337,498.09851,498.0984817070027,498.09817447181905,2133991.8,-9999,430795.5,17.95,-1,0.6168165220975409,0.9332945341166964,0.9080908290448164,0.9232130520879444,24,0.6129032258064516,0.12903225806451613,13C1 P1 O4,de-protonated,1,1329,C31 H19 O4 P1 13C1,31,19,4,-9999,1,-9999,1,N/A
1337,498.09851,498.0984817070027,498.0983108174391,2133991.8,-9999,430795.5,17.95,-1,0.3430840054952591,0.9788687466254216,0,0.587321247975253,24,0.5483870967741935,0.1935483870967742,N1 O6,de-protonated,0,-9999,C31 H17 O6 N1,31,17,6,1,-9999,-9999,-9999,N/A
1337,498.09851,498.0984817070027,498.09866169035905,2133991.8,-9999,430795.5,17.95,-1,-0.3613407748379403,0.9765871953956776,0,0.5859523172374066,1,2.3076923076923075,0.8461538461538461,N3 S2 P1 O11,de-protonated,0,-9999,C13 H30 O11 N3 P1 S2,13,30,11,3,1,2,-9999,N/A
1337,498.09851,498.0984817070027,498.0983711763091,2133991.8,-9999,430795.5,17.95,-1,0.22190535037196396,0.9911049041397296,0.9729954576525168,0.9838611255448444,16,0.8571428571428571,0.47619047619047616,13C1 N4 O10,de-protonated,1,1329,C21 H18 O10 N4 13C1,21,18,10,4,-9999,-9999,1,N/A
1338,498.099753,498.09972470711824,498.0993131390391,1575912.3,-9999,424456.4,12.83,-1,0.8262771464919393,0.8834848161469179,0,0.5300908896881507,10,1.238095238095238,0.42857142857142855,N1 S1 P1 O9,de-protonated,0,-9999,C21 H26 O9 N1 P1 S1,21,26,9,1,1,1,-9999,N/A
1338,498.099753,498.09972470711824,498.10016129220907,1575912.3,-9999,424456.4,12.83,-1,-0.8765006011877517,0.8698812657958376,0,0.5219287594775025,11,1.105263157894737,0.6842105263157895,N3 O13,de-protonated,0,-9999,C19 H21 O13 N3,19,21,13,3,-9999,-9999,-9999,N/A
1339,498.134891,498.1348627103839,498.1345599811691,2983931.3,-9999,368299.7,25.75,-1,0.6077257816049735,0.9351815879539064,0.9247880668278976,0.9310241795035028,23,0.71875,0.09375,13C1 P1 O3,de-protonated,1,1331,C32 H23 O3 P1 13C1,32,23,3,-9999,1,-9999,1,N/A
1339,498.134891,498.1348627103839,498.1346963267891,2983931.3,-9999,368299.7,25.75,-1,0.33401326199033726,0.4899801113917399,0.7428850341668535,0.5911420805017853,23,0.65625,0.15625,N1 O5,de-protonated,0,-9999,C32 H21 O5 N1,32,21,5,1,-9999,-9999,-9999,N/A
1339,498.134891,498.1348627103839,498.1350471997091,2983931.3,-9999,368299.7,25.75,-1,-0.37036005844175673,0.9754184754698598,0,0.5852510852819158,0,2.4285714285714284,0.7142857142857143,N3 S2 P1 O10,de-protonated,0,-9999,C14 H34 O10 N3 P1 S2,14,34,10,3,1,2,-9999,N/A
1339,498.134891,498.1348627103839,498.1347566856592,2983931.3,-9999,368299.7,25.75,-1,0.21284345916591552,0.9918136424915236,0.9886176849680136,0.9905352594821196,15,1,0.4090909090909091,13C1 N4 O9,de-protonated,1,1331,C22 H22 O9 N4 13C1,22,22,9,4,-9999,-9999,1,N/A
1340,498.136013,498.1359847104882,498.1356986483891,1797115.9,-9999,345253.9,14.86,-1,0.5742654056730908,0.9419168433746292,0,0.5651501060247776,9,1.3636363636363635,0.3636363636363637,N1 S1 P1 O8,de-protonated,0,-9999,C22 H30 O8 N1 P1 S1,22,30,8,1,1,1,-9999,N/A
1341,498.171387,498.1713587137758,498.1709454905191,2237966.8,-9999,361034,18.9,-1,0.8294808447882672,0.8826348680611986,0.9123259248631396,0.894511290781975,22,0.8181818181818182,0.06060606060606061,13C1 P1 O2,de-protonated,1,1334,C33 H27 O2 P1 13C1,33,27,2,-9999,1,-9999,1,N/A
1341,498.171387,498.1713587137758,498.1710818361391,2237966.8,-9999,361034,18.9,-1,0.5557882559453521,0.945492233178138,0,0.5672953399068829,22,0.7575757575757576,0.12121212121212122,N1 O4,de-protonated,0,-9999,C33 H25 O4 N1,33,25,4,1,-9999,-9999,-9999,N/A
1341,498.171387,498.1713587137758,498.17114219500905,2237966.8,-9999,361034,18.9,-1,0.4346272764995248,0.96630494685709,0.9751070358367028,0.9698257824489348,14,1.1304347826086956,0.34782608695652173,13C1 N4 O8,de-protonated,1,1334,C23 H26 O8 N4 13C1,23,26,8,4,-9999,-9999,1,N/A
1342,499.038202,499.0381737943372,499.03856806237906,1642977.6,-9999,389540.7,13.44,-1,-0.7900552524506765,0.8929202873759607,0,0.5357521724255764,24,0.5483870967741935,0.03225806451612903,S2 P1 O1,de-protonated,0,-9999,C31 H17 O1 P1 S2,31,17,1,-9999,1,2,-9999,N/A
1342,499.038202,499.0381737943372,499.0376986825091,1642977.6,-9999,389540.7,13.44,-1,0.9520559856771252,0.8483457411996094,0,0.5090074447197656,25,0.43333333333333335,0.2,P1 O6,de-protonated,0,-9999,C30 H13 O6 P1,30,13,6,-9999,1,-9999,-9999,N/A
1342,499.038202,499.0381737943372,499.0378953869991,1642977.6,-9999,389540.7,13.44,-1,0.5578881697649504,0.9450911077892842,0,0.5670546646735705,17,0.6,0.6,N4 O12,de-protonated,0,-9999,C20 H12 O12 N4,20,12,12,4,-9999,-9999,-9999,N/A
1343,499.053354,499.0533257957454,499.0529548237991,5606890,-9999,322039.6,49.8,-1,0.7433518682511272,0.4522995289026499,0.731135910132286,0.5638340813945044,29,0.38235294117647056,0.08823529411764706,P1 O3,de-protonated,0,-9999,C34 H13 O3 P1,34,13,3,-9999,1,-9999,-9999,N/A
1343,499.053354,499.0533257957454,499.0531515282891,5606890,-9999,322039.6,49.8,-1,0.34919618437921696,0.4890587439385281,0.7939170211058494,0.6110020548054567,21,0.5,0.375,N4 O9,de-protonated,0,-9999,C24 H12 O9 N4,24,12,9,4,-9999,-9999,-9999,N/A
1344,499.074484,499.0744557977091,499.0740841918591,5545461.5,-9999,273251.3,49.24,-1,0.7445905565163974,0.4521482927935128,0.7489023467070351,0.5708499143589217,24,0.5483870967741935,0.16129032258064516,P1 O5,de-protonated,0,-9999,C31 H17 O5 P1,31,17,5,-9999,1,-9999,-9999,N/A
1344,499.074484,499.0744557977091,499.0742808963491,5545461.5,-9999,273251.3,49.24,-1,0.3504515595730281,0.4889808088145035,0.8149093904448101,0.6193522414666262,16,0.7619047619047619,0.5238095238095238,N4 O11,de-protonated,0,-9999,C21 H16 O11 N4,21,16,11,4,-9999,-9999,-9999,N/A
1345,499.089747,499.0897187991277,499.0893403331491,5560829.5,-9999,288524.6,49.38,-1,0.7583130874857403,0.9127567148424778,0.9442606505877552,0.9253582891405888,28,0.4857142857142857,0.05714285714285714,P1 O2,de-protonated,0,-9999,C35 H17 O2 P1,35,17,2,-9999,1,-9999,-9999,N/A
1345,499.089747,499.0897187991277,499.0895370376391,5560829.5,-9999,288524.6,49.38,-1,0.36418613315295634,0.981827876607499,0.993981106889781,0.9866891687204118,20,0.64,0.32,N4 O8,de-protonated,0,-9999,C25 H16 O8 N4,25,16,8,4,-9999,-9999,-9999,N/A
1346,499.110875,499.1108468010914,499.110469701209,7833097,-9999,298803,70.22,-1,0.755543923051782,0.8871180995116386,0.9413477839595747,0.908809973290813,23,0.65625,0.125,P1 O4,de-protonated,0,-9999,C32 H21 O4 P1,32,21,4,-9999,1,-9999,-9999,N/A
1346,499.110875,499.1108468010914,499.1106664056991,7833097,-9999,298803,70.22,-1,0.3614336547943478,0.968380036305563,0.9937475874327248,0.9785270567564276,15,0.9090909090909092,0.4545454545454546,N4 O10,de-protonated,0,-9999,C22 H20 O10 N4,22,20,10,4,-9999,-9999,-9999,N/A
1347,499.126084,499.1260558025049,499.1257258424991,4791825,-9999,291456.8,42.33,-1,0.6610759347834113,0.4618827823512396,0.719752637322661,0.5650307243398082,27,0.5833333333333334,0.02777777777777777,P1 O1,de-protonated,0,-9999,C36 H21 O1 P1,36,21,1,-9999,1,-9999,-9999,N/A
1347,499.126084,499.1260558025049,499.1255874580691,4791825,-9999,291456.8,42.33,-1,0.938329846319811,0.8523493196071471,0,0.5114095917642882,0,2.2,0.9333333333333332,S1 P1 O14,de-protonated,0,-9999,C15 H33 O14 P1 S1,15,33,14,-9999,1,1,-9999,N/A
1347,499.126084,499.1260558025049,499.1259225469891,4791825,-9999,291456.8,42.33,-1,0.2669777500182211,0.49357506702966647,0.7805128205128199,0.6083501684229278,19,0.7692307692307693,0.2692307692307692,N4 O7,de-protonated,0,-9999,C26 H20 O7 N4,26,20,7,4,-9999,-9999,-9999,N/A
1348,499.147276,499.1472478044744,499.14685521055907,7904796.5,-9999,303670.9,70.88,-1,0.7865298784643311,0.9175477690440412,0.9210179905581066,0.9189358576496672,22,0.7575757575757576,0.09090909090909093,P1 O3,de-protonated,0,-9999,C33 H25 O3 P1,33,25,3,-9999,1,-9999,-9999,N/A
1348,499.147276,499.1472478044744,499.1470519150491,7904796.5,-9999,303670.9,70.88,-1,0.39244832680998826,0.9831503561821152,0.9848476086982229,0.9838292571885582,14,1.0434782608695652,0.391304347826087,N4 O9,de-protonated,0,-9999,C23 H24 O9 N4,23,24,9,4,-9999,-9999,-9999,N/A
1349,499.162538,499.16250980589285,499.1623080563391,4314661,-9999,286276.4,37.95,-1,0.4041762578960395,0.4853969077412744,0.7739790330151771,0.6008297578508355,18,0.8888888888888888,0.2222222222222222,N4 O6,de-protonated,0,-9999,C27 H24 O6 N4,27,24,6,4,-9999,-9999,-9999,N/A
1350,499.183749,499.1837208078642,499.1832407199091,4260400,-9999,286229.2,37.45,-1,0.9617469415880556,0.42274782094111607,0.7311359101322861,0.5461030566175841,21,0.8529411764705882,0.0588235294117647,P1 O2,de-protonated,0,-9999,C34 H29 O2 P1,34,29,2,-9999,1,-9999,-9999,N/A
1350,499.183749,499.1837208078642,499.1834374243991,4260400,-9999,286229.2,37.45,-1,0.5676940456297366,0.4716001305683389,0.7939170211058493,0.6005268867833431,13,1.1666666666666667,0.3333333333333333,N4 O8,de-protonated,0,-9999,C24 H28 O8 N4,24,28,8,4,-9999,-9999,-9999,N/A
1351,499.198946,499.1989178092766,499.1986935656891,3202616.5,-9999,333451.9,27.75,-1,0.44920708009643334,0.4820240997156346,0.7675537279851021,0.5962359510234216,17,1,0.17857142857142858,N4 O5,de-protonated,0,-9999,C28 H28 O5 N4,28,28,5,4,-9999,-9999,-9999,N/A
1352,499.235272,499.2352438126527,499.2350790750391,1680460,-9999,314293.5,13.78,-1,0.3299800445996112,0.9804365255786356,0,0.5882619153471813,16,1.103448275862069,0.13793103448275862,N4 O4,de-protonated,0,-9999,C29 H32 O4 N4,29,32,4,4,-9999,-9999,-9999,N/A
1353,500.048669,500.04864088824945,500.0482037959991,1495555.9,-9999,339853.4,12.08,-1,0.8741002308323151,0.8705447716645776,0,0.5223268629987465,29,0.3636363636363637,0.09090909090909093,N1 P1 O3,de-protonated,0,-9999,C33 H12 O3 N1 P1,33,12,3,1,1,-9999,-9999,N/A
1354,500.084901,500.0848728916168,500.0845893053491,1786391.6,-9999,342753.4,14.75,-1,0.5670765981666935,0.94332018164215,0,0.5659921089852901,28,0.4705882352941176,0.0588235294117647,N1 P1 O2,de-protonated,0,-9999,C34 H16 O2 N1 P1,34,16,2,1,1,-9999,-9999,N/A
1355,500.093052,500.09302389237433,500.0926951682191,1558044,-9999,312038.7,12.66,-1,0.6573264484772388,0.9245945181377354,0.9442606505877552,0.9324609711177432,28,0.5,0.0588235294117647,13C1 P1 O2,de-protonated,1,1345,C34 H17 O2 P1 13C1,34,17,2,-9999,1,-9999,1,N/A
1355,500.093052,500.09302389237433,500.0928315138391,1558044,-9999,312038.7,12.66,-1,0.384685648589793,0.9735059621917532,0,0.584103577315052,28,0.4411764705882353,0.1176470588235294,N1 O4,de-protonated,0,-9999,C34 H15 O4 N1,34,15,4,1,-9999,-9999,-9999,N/A
1355,500.093052,500.09302389237433,500.0931823867591,1558044,-9999,312038.7,12.66,-1,-0.31692970502218465,0.9819395689105662,0,0.5891637413463398,5,1.75,0.5625,N3 S2 P1 O9,de-protonated,0,-9999,C16 H28 O9 N3 P1 S2,16,28,9,3,1,2,-9999,N/A
1355,500.093052,500.09302389237433,500.09289187270906,1558044,-9999,312038.7,12.66,-1,0.2639902854415458,0.9874342991210158,0.993981106889781,0.990053022228522,20,0.6666666666666666,0.3333333333333333,13C1 N4 O8,de-protonated,1,1345,C24 H16 O8 N4 13C1,24,16,8,4,-9999,-9999,1,N/A
1356,500.114286,500.1142578943478,500.1138245362791,1939495.6,-9999,364901.4,16.16,-1,0.8665188752477239,0.8726317387665613,0.9413477839595747,0.9001181568437666,23,0.6774193548387096,0.12903225806451613,13C1 P1 O4,de-protonated,1,1346,C31 H21 O4 P1 13C1,31,21,4,-9999,1,-9999,1,N/A
1356,500.114286,500.1142578943478,500.11396088189906,1939495.6,-9999,364901.4,16.16,-1,0.5938895371585605,0.9380070449348956,0,0.5628042269609375,23,0.6129032258064516,0.1935483870967742,N1 O6,de-protonated,0,-9999,C31 H19 O6 N1,31,19,6,1,-9999,-9999,-9999,N/A
1356,500.114286,500.1142578943478,500.1143117548191,1939495.6,-9999,364901.4,16.16,-1,-0.10769632062672904,0.9978976808447412,0,0.5987386085068447,0,2.4615384615384617,0.8461538461538461,N3 S2 P1 O11,de-protonated,0,-9999,C13 H32 O11 N3 P1 S2,13,32,11,3,1,2,-9999,N/A
1356,500.114286,500.1142578943478,500.1140212407691,1939495.6,-9999,364901.4,16.16,-1,0.47319924791844137,0.9601847728329576,0.9937475874327248,0.9736098986728644,15,0.9523809523809524,0.47619047619047616,13C1 N4 O10,de-protonated,1,1346,C21 H20 O10 N4 13C1,21,20,10,4,-9999,-9999,1,N/A
1357,500.150527,500.1504988977161,500.15021004562914,1783099.3,-9999,270696.8,14.72,-1,0.5775306720893545,0.9412742852308524,0.9210179905581066,0.933171767361754,22,0.78125,0.09375,13C1 P1 O3,de-protonated,1,1348,C32 H25 O3 P1 13C1,32,25,3,-9999,1,-9999,1,N/A
1357,500.150527,500.1504988977161,500.15034639124906,1783099.3,-9999,270696.8,14.72,-1,0.3049212464455611,0.9832709623616668,0,0.5899625774170001,22,0.71875,0.15625,N1 O5,de-protonated,0,-9999,C32 H23 O5 N1,32,23,5,1,-9999,-9999,-9999,N/A
1357,500.150527,500.1504988977161,500.15040675011915,1783099.3,-9999,270696.8,14.72,-1,0.1842397720790164,0.993859781183098,0.9848476086982229,0.990254912189148,14,1.0909090909090908,0.4090909090909091,13C1 N4 O9,de-protonated,1,1348,C22 H24 O9 N4 13C1,22,24,9,4,-9999,-9999,1,N/A
1358,501.032627,501.0325989796979,501.0322193789091,3772954,-9999,312755.5,32.97,-1,0.7576374815123924,0.4505431756178709,0.7369636471990461,0.5651113642503409,29,0.3333333333333333,0.12121212121212122,P1 O4,de-protonated,0,-9999,C33 H11 O4 P1,33,11,4,-9999,1,-9999,-9999,N/A
1358,501.032627,501.0325989796979,501.0324160833991,3772954,-9999,312755.5,32.97,-1,0.36503885370950234,0.488055656935721,0.8007932653391622,0.6131507002970975,21,0.43478260869565216,0.43478260869565216,N4 O10,de-protonated,0,-9999,C23 H10 O10 N4,23,10,10,4,-9999,-9999,-9999,N/A
1359,501.053896,501.0538679816746,501.0542181268391,1646885.6,-9999,285406.2,13.47,-1,-0.6988169179122625,0.9152028227192393,0,0.5491216936315435,23,0.6129032258064516,0.03225806451612903,S2 P1 O1,de-protonated,0,-9999,C31 H19 O1 P1 S2,31,19,1,-9999,1,2,-9999,N/A
1359,501.053896,501.0538679816746,501.0535454514591,1646885.6,-9999,285406.2,13.47,-1,0.6437040880830618,0.927572647065075,0,0.556543588239045,16,0.7,0.6,N4 O12,de-protonated,0,-9999,C20 H14 O12 N4,20,14,12,4,-9999,-9999,-9999,N/A
1360,501.067479,501.0674509829371,501.0674641822291,2270765,-9999,438653.8,19.19,-1,-0.02634234503513021,0.9998740972097084,0,0.5999244583258251,15,0.782608695652174,0.5652173913043478,O13,de-protonated,0,-9999,C23 H18 O13,23,18,13,-9999,-9999,-9999,-9999,N/A
1360,501.067479,501.0674509829371,501.06730199089907,2270765,-9999,438653.8,19.19,-1,0.29734935292901,0.9840849220509656,0,0.5904509532305794,10,1.2777777777777777,0.3888888888888889,N4 S2 P1 O7,de-protonated,0,-9999,C18 H23 O7 N4 P1 S2,18,23,7,4,1,2,-9999,N/A
1361,501.069092,501.069063983087,501.06860488825913,7529006,-9999,271921.7,67.42,-1,0.9162314768793616,0.9006979060069179,0.9124694066551146,0.9054065062661968,28,0.4411764705882353,0.08823529411764706,P1 O3,de-protonated,0,-9999,C34 H15 O3 P1,34,15,3,-9999,1,-9999,-9999,N/A
1361,501.069092,501.069063983087,501.06880159274914,7529006,-9999,271921.7,67.42,-1,0.5236612956787075,0.9728460905088564,0.975250517628678,0.973807861356785,20,0.5833333333333334,0.375,N4 O9,de-protonated,0,-9999,C24 H14 O9 N4,24,14,9,4,-9999,-9999,-9999,N/A
1362,501.090199,501.09017098504864,501.08973425631905,4123193.3,-9999,301677.8,36.18,-1,0.8715579261356973,0.4356230380739056,0.748902346707035,0.5609347615271574,23,0.6129032258064516,0.16129032258064516,P1 O5,de-protonated,0,-9999,C31 H19 O5 P1,31,19,5,-9999,1,-9999,-9999,N/A
1362,501.090199,501.09017098504864,501.0899309608091,4123193.3,-9999,301677.8,36.18,-1,0.4790043157938442,0.4796111062374595,0.8149093904448103,0.6137304199203999,15,0.8571428571428571,0.5238095238095238,N4 O11,de-protonated,0,-9999,C21 H18 O11 N4,21,18,11,4,-9999,-9999,-9999,N/A
1363,501.103877,501.1038489863199,501.1038496915791,2316864.8,-9999,368088.5,19.61,-1,-0.0014074112526864,0.9999996405853392,0,0.5999997843512036,14,0.9166666666666666,0.5,O12,de-protonated,0,-9999,C24 H22 O12,24,22,12,-9999,-9999,-9999,-9999,N/A
1363,501.103877,501.1038489863199,501.104338948929,2316864.8,-9999,368088.5,19.61,-1,-0.9777656489248586,0.8407427086351553,0,0.5044456251810931,18,0.8518518518518519,0.14814814814814814,N2 S1 P1 O4,de-protonated,0,-9999,C27 H23 O4 N2 P1 S1,27,23,4,2,1,1,-9999,N/A
1363,501.103877,501.1038489863199,501.1036875002491,2316864.8,-9999,368088.5,19.61,-1,0.3222607911750811,0.9813326225048704,0,0.5887995735029221,9,1.4210526315789471,0.3157894736842105,N4 S2 P1 O6,de-protonated,0,-9999,C19 H27 O6 N4 P1 S2,19,27,6,4,1,2,-9999,N/A
1364,501.105476,501.1054479864685,501.1049903976091,7516737.5,-9999,303422.3,67.31,-1,0.9131596535689336,0.8910306983474185,0.9107238819253592,0.8989079717785948,27,0.5428571428571428,0.05714285714285714,P1 O2,de-protonated,0,-9999,C35 H19 O2 P1,35,19,2,-9999,1,-9999,-9999,N/A
1364,501.105476,501.1054479864685,501.10518710209914,7516737.5,-9999,303422.3,67.31,-1,0.5206179781865474,0.9691843650056218,0.9724821244478232,0.9705034687825024,19,0.72,0.32,N4 O8,de-protonated,0,-9999,C25 H18 O8 N4,25,18,8,4,-9999,-9999,-9999,N/A
1365,501.126688,501.12665998843994,501.1263164701591,3888717.3,-9999,267383.8,34.03,-1,0.6854923988997064,0.4591355083994818,0.8077896627745539,0.5985971701495107,14,1,0.4545454545454546,N4 O10,de-protonated,0,-9999,C22 H22 O10 N4,22,22,10,4,-9999,-9999,-9999,N/A
1366,501.141841,501.14181298984823,501.141375906959,7584341.5,-9999,322654.7,67.93,-1,0.8721748196758825,0.9032980916518024,0.9342583342612852,0.9156821886955956,26,0.6388888888888888,0.02777777777777777,P1 O1,de-protonated,0,-9999,C36 H23 O1 P1,36,23,1,-9999,1,-9999,-9999,N/A
1366,501.141841,501.14181298984823,501.14157261144913,7584341.5,-9999,322654.7,67.93,-1,0.4796616609671904,0.9754050439354216,0.995018517451444,0.9832504333418306,18,0.8461538461538461,0.2692307692307692,N4 O7,de-protonated,0,-9999,C26 H22 O7 N4,26,22,7,4,-9999,-9999,-9999,N/A
1367,501.162994,501.1629659918142,501.1625052750191,2970721,-9999,312304.9,25.61,-1,0.9192962167762068,0.4289175929501218,0.7369636471990462,0.5521360146496915,21,0.8181818181818182,0.09090909090909093,P1 O3,de-protonated,0,-9999,C33 H27 O3 P1,33,27,3,-9999,1,-9999,-9999,N/A
1367,501.162994,501.1629659918142,501.1627019795091,2970721,-9999,312304.9,25.61,-1,0.5267995883137184,0.9508915684689624,0,0.5705349410813774,13,1.1304347826086956,0.391304347826087,N4 O9,de-protonated,0,-9999,C23 H26 O9 N4,23,26,9,4,-9999,-9999,-9999,N/A
1368,501.176588,501.1765599930776,501.17662071027905,1720936.3,-9999,492760.1,14.15,-1,-0.12114930932668784,0.9973403925186164,0,0.5984042355111698,12,1.1538461538461535,0.38461538461538464,O10,de-protonated,0,-9999,C26 H30 O10,26,30,10,-9999,-9999,-9999,-9999,N/A
1368,501.176588,501.1765599930776,501.1764585189491,1720936.3,-9999,492760.1,14.15,-1,0.20247185748647353,0.992589134655862,0,0.5955534807935172,7,1.6666666666666667,0.1904761904761905,N4 S2 P1 O4,de-protonated,0,-9999,C21 H35 O4 N4 P1 S2,21,35,4,4,1,2,-9999,N/A
1369,501.178261,501.1782329932331,501.1779581207991,5458537,-9999,280096.4,48.43,-1,0.5484527593037438,0.9648583716812282,0.9955319662725464,0.9771278095177556,17,0.9629629629629628,0.2222222222222222,N4 O6,de-protonated,0,-9999,C27 H26 O6 N4,27,26,6,4,-9999,-9999,-9999,N/A
1370,501.214659,501.2146309966159,501.2143436301491,3629693,-9999,273326.5,31.65,-1,0.5733404689218573,0.47104913750463145,0.7675537279851021,0.5896509736968197,16,1.0714285714285714,0.17857142857142858,N4 O5,de-protonated,0,-9999,C28 H30 O5 N4,28,30,5,4,-9999,-9999,-9999,N/A
1371,502.06433,502.06430207558384,502.0638538604591,1675340,-9999,277493.5,13.72,-1,0.8927452579464886,0.8653566614631388,0,0.5192139968778833,28,0.42424242424242425,0.09090909090909093,N1 P1 O3,de-protonated,0,-9999,C33 H14 O3 N1 P1,33,14,3,1,1,-9999,-9999,N/A
1372,502.072274,502.0722460763222,502.07195972332914,1667664.4,-9999,324858.8,13.65,-1,0.5703425325753896,0.9426845659878592,0.9124694066551146,0.9305985022547614,28,0.4545454545454546,0.09090909090909093,13C1 P1 O3,de-protonated,1,1361,C33 H15 O3 P1 13C1,33,15,3,-9999,1,-9999,1,N/A
1372,502.072274,502.0722460763222,502.07209606894907,1667664.4,-9999,324858.8,13.65,-1,0.2987765587785364,0.983933015151052,0,0.5903598090906312,28,0.3939393939393939,0.15151515151515152,N1 O5,de-protonated,0,-9999,C33 H13 O5 N1,33,13,5,1,-9999,-9999,-9999,N/A
1372,502.072274,502.0722460763222,502.0724469418691,1667664.4,-9999,324858.8,13.65,-1,-0.40007283435830054,0.9713753129007512,0,0.5828251877404507,5,1.7333333333333334,0.6666666666666666,N3 S2 P1 O10,de-protonated,0,-9999,C15 H26 O10 N3 P1 S2,15,26,10,3,1,2,-9999,N/A
1372,502.072274,502.0722460763222,502.0721564278191,1667664.4,-9999,324858.8,13.65,-1,0.1785570099587194,0.9942316442809624,0.975250517628678,0.9866391936200486,20,0.6086956521739131,0.391304347826087,13C1 N4 O9,de-protonated,1,1361,C23 H14 O9 N4 13C1,23,14,9,4,-9999,-9999,1,N/A
1373,502.108708,502.10868007970834,502.10834523267914,1709924.3,-9999,266626.5,14.04,-1,0.6668820233186574,0.9224741080888827,0.9107238819253592,0.9177740176234734,27,0.5588235294117647,0.0588235294117647,13C1 P1 O2,de-protonated,1,1364,C34 H19 O2 P1 13C1,34,19,2,-9999,1,-9999,1,N/A
1373,502.108708,502.10868007970834,502.10848157829906,1709924.3,-9999,266626.5,14.04,-1,0.3953357024532007,0.972039660065158,0,0.5832237960390947,27,0.5,0.1176470588235294,N1 O4,de-protonated,0,-9999,C34 H17 O4 N1,34,17,4,1,-9999,-9999,-9999,N/A
1373,502.108708,502.10868007970834,502.10883245121903,1709924.3,-9999,266626.5,14.04,-1,-0.30346311565618866,0.9834292461800124,0,0.5900575477080074,4,1.875,0.5625,N3 S2 P1 O9,de-protonated,0,-9999,C16 H30 O9 N3 P1 S2,16,30,9,3,1,2,-9999,N/A
1373,502.108708,502.10868007970834,502.1085419371691,1709924.3,-9999,266626.5,14.04,-1,0.27512485389995034,0.9863593684407516,0.9724821244478232,0.9808084708435802,19,0.75,0.3333333333333333,13C1 N4 O8,de-protonated,1,1364,C24 H18 O8 N4 13C1,24,18,8,4,-9999,-9999,1,N/A
1374,502.145063,502.1450350830871,502.1447307420291,2071160.1,-9999,373352.5,17.35,-1,0.6060823491876641,0.935520143761258,0.9342583342612852,0.9350154199612688,26,0.6571428571428571,0.02857142857142857,13C1 P1 O1,de-protonated,1,1366,C35 H23 O1 P1 13C1,35,23,1,-9999,1,-9999,1,N/A
1374,502.145063,502.1450350830871,502.14486708764906,2071160.1,-9999,373352.5,17.35,-1,0.33455572101403946,0.97989573742048,0,0.5879374424522879,26,0.6,0.08571428571428572,N1 O3,de-protonated,0,-9999,C35 H21 O3 N1,35,21,3,1,-9999,-9999,-9999,N/A
1374,502.145063,502.1450350830871,502.14521796056914,2071160.1,-9999,373352.5,17.35,-1,-0.3641924197964677,0.9762206429873002,0,0.5857323857923801,3,2,0.4705882352941176,N3 S2 P1 O8,de-protonated,0,-9999,C17 H34 O8 N3 P1 S2,17,34,8,3,1,2,-9999,N/A
1374,502.145063,502.1450350830871,502.14492744651915,2071160.1,-9999,373352.5,17.35,-1,0.2143535901525994,0.9916975507433584,0.995018517451444,0.9930259374265926,18,0.88,0.28,13C1 N4 O7,de-protonated,1,1366,C25 H22 O7 N4 13C1,25,22,7,4,-9999,-9999,1,N/A
1375,502.181496,502.1814680864732,502.1812525969991,1553548,-9999,280628.4,12.61,-1,0.42910696683063027,0.9671413188679352,0,0.580284791320761,25,0.6944444444444444,0.05555555555555555,N1 O2,de-protonated,0,-9999,C36 H25 O2 N1,36,25,2,1,-9999,-9999,-9999,N/A
1375,502.181496,502.1814680864732,502.1816034699191,1553548,-9999,280628.4,12.61,-1,-0.26959061210136437,0.9868990475685372,0,0.5921394285411223,2,2.111111111111111,0.3888888888888889,N3 S2 P1 O7,de-protonated,0,-9999,C18 H38 O7 N3 P1 S2,18,38,7,3,1,2,-9999,N/A
1375,502.181496,502.1814680864732,502.18131295586915,1553548,-9999,280628.4,12.61,-1,0.30891353395432175,0.9828338392276056,0.9955319662725464,0.9879130900455818,17,1,0.2307692307692308,13C1 N4 O6,de-protonated,1,1369,C26 H26 O6 N4 13C1,26,26,6,4,-9999,-9999,1,N/A
1376,503.048301,503.0482731670336,503.04786944336905,6698598,-9999,297822.3,59.8,-1,0.8025551623543198,0.4448503552021643,0.7369636471990461,0.561695672000917,28,0.3939393939393939,0.12121212121212122,P1 O4,de-protonated,0,-9999,C33 H13 O4 P1,33,13,4,-9999,1,-9999,-9999,N/A
1376,503.048301,503.0482731670336,503.0480661478591,6698598,-9999,297822.3,59.8,-1,0.4115296099896171,0.4848689082934448,0.8007932653391622,0.6112386511117318,20,0.5217391304347826,0.43478260869565216,N4 O10,de-protonated,0,-9999,C23 H12 O10 N4,23,12,10,4,-9999,-9999,-9999,N/A
1377,503.084722,503.0846941704186,503.08425495271905,9608826,-9999,254766.3,86.49,-1,0.873049981585621,0.8880162620694954,0.926695358059577,0.903487900465528,27,0.5,0.08823529411764706,P1 O3,de-protonated,0,-9999,C34 H17 O3 P1,34,17,3,-9999,1,-9999,-9999,N/A
1377,503.084722,503.0846941704186,503.08445165720906,9608826,-9999,254766.3,86.49,-1,0.4820526826365046,0.9683230822482624,0.9894764690331403,0.9767844369622136,19,0.6666666666666666,0.375,N4 O9,de-protonated,0,-9999,C24 H16 O9 N4,24,16,9,4,-9999,-9999,-9999,N/A
1378,503.105983,503.10595517239454,503.106450405139,1782405.8,-9999,373429.3,14.7,-1,-0.9843498212513,0.838774216112745,0,0.503264529667647,13,1.0909090909090908,0.2727272727272727,N4 S2 O6,de-protonated,0,-9999,C22 H24 O6 N4 S2,22,24,6,4,-9999,2,-9999,N/A
1378,503.105983,503.10595517239454,503.1055810252691,1782405.8,-9999,373429.3,14.7,-1,0.7436751639550998,0.9045201518441072,0,0.5427120911064642,14,0.9523809523809524,0.5238095238095238,N4 O11,de-protonated,0,-9999,C21 H20 O11 N4,21,20,11,4,-9999,-9999,-9999,N/A
1379,503.119528,503.1195001736534,503.1194997560391,2716301.3,-9999,368534.6,23.27,-1,8.3004997992469e-4,0.9999998749849532,0,0.5999999249909719,13,1,0.5,O12,de-protonated,0,-9999,C24 H24 O12,24,24,12,-9999,-9999,-9999,-9999,N/A
1379,503.119528,503.1195001736534,503.1199890133891,2716301.3,-9999,368534.6,23.27,-1,-0.9716166050953776,0.842573310559708,0,0.5055439863358248,17,0.925925925925926,0.14814814814814814,N2 S1 P1 O4,de-protonated,0,-9999,C27 H25 O4 N2 P1 S1,27,25,4,2,1,1,-9999,N/A
1379,503.119528,503.1195001736534,503.1193375647091,2716301.3,-9999,368534.6,23.27,-1,0.32320153912652183,0.9812245064169758,0,0.5887347038501854,8,1.5263157894736843,0.3157894736842105,N4 S2 P1 O6,de-protonated,0,-9999,C19 H29 O6 N4 P1 S2,19,29,6,4,1,2,-9999,N/A
1380,503.121068,503.1210401737966,503.1206404620691,10364558,-9999,312968.1,93.42,-1,0.7944649757524521,0.9100103866676412,0.8976443479466335,0.905063971179238,26,0.6,0.05714285714285714,P1 O2,de-protonated,0,-9999,C35 H21 O2 P1,35,21,2,-9999,1,-9999,-9999,N/A
1380,503.121068,503.1210401737966,503.12083716655906,10364558,-9999,312968.1,93.42,-1,0.4034959844179118,0.9797861913631356,0.9594025904690976,0.9716327510055204,18,0.8,0.32,N4 O8,de-protonated,0,-9999,C25 H20 O8 N4,25,20,8,4,-9999,-9999,-9999,N/A
1381,503.142319,503.1422911757715,503.1419665346191,1499801.6,-9999,336792.8,12.11,-1,0.6452277370344879,0.9272421715797258,0,0.5563453029478355,13,1.0909090909090908,0.4545454545454546,N4 O10,de-protonated,0,-9999,C22 H24 O10 N4,22,24,10,4,-9999,-9999,-9999,N/A
1382,503.157511,503.1574831771835,503.1570259714191,10753698,-9999,273321.1,96.99,-1,0.9086741132606476,0.8706187401201273,0.9125136456085406,0.8873767023154926,25,0.6944444444444444,0.02777777777777777,P1 O1,de-protonated,0,-9999,C36 H25 O1 P1,36,25,1,-9999,1,-9999,-9999,N/A
1382,503.157511,503.1574831771835,503.1572226759091,10753698,-9999,273321.1,96.99,-1,0.5177333498496192,0.9583985249265166,0.9732738287986996,0.9643486464753896,17,0.9230769230769232,0.2692307692307692,N4 O7,de-protonated,0,-9999,C26 H24 O7 N4,26,24,7,4,-9999,-9999,-9999,N/A
1383,503.19388,503.1938521805636,503.1936081852591,8572598,-9999,279097.4,76.99,-1,0.4848934893974931,0.9715416248891228,0.9746890945921988,0.9728006127703532,16,1.037037037037037,0.2222222222222222,N4 O6,de-protonated,0,-9999,C27 H28 O6 N4,27,28,6,4,-9999,-9999,-9999,N/A
1384,503.230276,503.2302481839463,503.2299936946091,3982026,-9999,295082.8,34.88,-1,0.5057117826227383,0.47732786926927107,0.7675537279851021,0.5934182127556036,15,1.1428571428571428,0.17857142857142858,N4 O5,de-protonated,0,-9999,C28 H32 O5 N4,28,32,5,4,-9999,-9999,-9999,N/A
1385,504.079972,504.07994426291657,504.07950392491904,1970844.5,-9999,251333.4,16.42,-1,0.8735487043272078,0.8706970378623938,0,0.5224182227174363,27,0.48484848484848486,0.09090909090909093,N1 P1 O3,de-protonated,0,-9999,C33 H16 O3 N1 P1,33,16,3,1,1,-9999,-9999,N/A
1386,504.088011,504.08798326366366,504.0876097877891,2335905,-9999,263936,19.77,-1,0.7408947716384743,0.9051978580486302,0.926695358059577,0.9137968580530088,27,0.5151515151515151,0.09090909090909093,13C1 P1 O3,de-protonated,1,1377,C33 H17 O3 P1 13C1,33,17,3,-9999,1,-9999,1,N/A
1386,504.088011,504.08798326366366,504.0877461334091,2335905,-9999,263936,19.77,-1,0.4704146378881072,0.9606426730856806,0,0.5763856038514084,27,0.4545454545454546,0.15151515151515152,N1 O5,de-protonated,0,-9999,C33 H15 O5 N1,33,15,5,1,-9999,-9999,-9999,N/A
1386,504.088011,504.08798326366366,504.0880970063291,2335905,-9999,263936,19.77,-1,-0.22564045082151687,0.9908043329405568,0,0.5944825997643342,4,1.8666666666666667,0.6666666666666666,N3 S2 P1 O10,de-protonated,0,-9999,C15 H28 O10 N3 P1 S2,15,28,10,3,1,2,-9999,N/A
1386,504.088011,504.08798326366366,504.0878064922791,2335905,-9999,263936,19.77,-1,0.35067577960507795,0.977933721704655,0.9894764690331403,0.9825508206360491,19,0.6956521739130435,0.391304347826087,13C1 N4 O9,de-protonated,1,1377,C23 H16 O9 N4 13C1,23,16,9,4,-9999,-9999,1,N/A
1387,504.116255,504.1162272662887,504.1158894342691,2164912.5,-9999,303680.9,18.2,-1,0.6701475329490354,0.9217435950479996,0,0.5530461570287998,26,0.5882352941176471,0.0588235294117647,N1 P1 O2,de-protonated,0,-9999,C34 H20 O2 N1 P1,34,20,2,1,1,-9999,-9999,N/A
1388,504.124346,504.1243182670406,504.1239952971391,2156725,-9999,322474.5,18.13,-1,0.640655680976557,0.928231844782182,0.8976443479466335,0.9159968460479626,26,0.6176470588235294,0.0588235294117647,13C1 P1 O2,de-protonated,1,1380,C34 H21 O2 P1 13C1,34,21,2,-9999,1,-9999,1,N/A
1388,504.124346,504.1243182670406,504.12413164275904,2156725,-9999,322474.5,18.13,-1,0.3701950965411728,0.9754400972118172,0,0.5852640583270903,26,0.5588235294117647,0.1176470588235294,N1 O4,de-protonated,0,-9999,C34 H19 O4 N1,34,19,4,1,-9999,-9999,-9999,N/A
1388,504.124346,504.1243182670406,504.12448251567906,2156725,-9999,322474.5,18.13,-1,-0.3258096841906778,0.980923178429083,0,0.5885539070574498,3,2,0.5625,N3 S2 P1 O9,de-protonated,0,-9999,C16 H32 O9 N3 P1 S2,16,32,9,3,1,2,-9999,N/A
1388,504.124346,504.1243182670406,504.124192001629,2156725,-9999,322474.5,18.13,-1,0.25046489249167386,0.9886817793197242,0.9594025904690976,0.9769701037794736,18,0.8333333333333334,0.3333333333333333,13C1 N4 O8,de-protonated,1,1380,C24 H20 O8 N4 13C1,24,20,8,4,-9999,-9999,1,N/A
1389,504.160831,504.16080327043153,504.1603808064891,2567881,-9999,285504.8,21.9,-1,0.8379554572256158,0.8803746655459284,0.9125136456085406,0.8932302575709732,25,0.7142857142857143,0.02857142857142857,13C1 P1 O1,de-protonated,1,1382,C35 H25 O1 P1 13C1,35,25,1,-9999,1,-9999,1,N/A
1389,504.160831,504.16080327043153,504.1605171521091,2567881,-9999,285504.8,21.9,-1,0.5675143385912734,0.4716175878436129,0.7253996187124169,0.5731304001911345,25,0.6571428571428571,0.08571428571428572,N1 O3,de-protonated,0,-9999,C35 H23 O3 N1,35,23,3,1,-9999,-9999,-9999,N/A
1389,504.160831,504.16080327043153,504.16086802502906,2567881,-9999,285504.8,21.9,-1,-0.12844034838494575,0.9970111305669872,0,0.5982066783401924,2,2.1176470588235294,0.4705882352941176,N3 S2 P1 O8,de-protonated,0,-9999,C17 H36 O8 N3 P1 S2,17,36,8,3,1,2,-9999,N/A
1389,504.160831,504.16080327043153,504.1605775109791,2567881,-9999,285504.8,21.9,-1,0.44779275190434953,0.9642701443074488,0.9732738287986996,0.9678716181039492,17,0.96,0.28,13C1 N4 O7,de-protonated,1,1382,C25 H24 O7 N4 13C1,25,24,7,4,-9999,-9999,1,N/A
1390,504.197137,504.1971092738058,504.1969026614591,2152669,-9999,344850.9,18.09,-1,0.4097850375456113,0.9699899690376887,0,0.5819939814226133,24,0.75,0.05555555555555555,N1 O2,de-protonated,0,-9999,C36 H27 O2 N1,36,27,2,1,-9999,-9999,-9999,N/A
1390,504.197137,504.1971092738058,504.1972535343791,2152669,-9999,344850.9,18.09,-1,-0.2861193160507863,0.985255615868749,0,0.5911533695212494,1,2.2222222222222223,0.3888888888888889,N3 S2 P1 O7,de-protonated,0,-9999,C18 H40 O7 N3 P1 S2,18,40,7,3,1,2,-9999,N/A
1390,504.197137,504.1971092738058,504.1969630203291,2152669,-9999,344850.9,18.09,-1,0.2900721094813971,0.9848485319730024,0.9746890945921988,0.9807847570206808,16,1.0769230769230769,0.2307692307692308,13C1 N4 O6,de-protonated,1,1383,C26 H28 O6 N4 13C1,26,28,6,4,-9999,-9999,1,N/A
1391,505.02765,505.0276223509932,505.0271339984791,2597030.5,-9999,260638.4,22.16,-1,0.9669827248152356,0.421973911051427,0.7428850341668535,0.5503383602975975,28,0.34375,0.15625,P1 O5,de-protonated,0,-9999,C32 H11 O5 P1,32,11,5,-9999,1,-9999,-9999,N/A
1391,505.02765,505.0276223509932,505.0273307029691,2597030.5,-9999,260638.4,22.16,-1,0.5774895860093481,0.9412823902902394,0,0.5647694341741436,20,0.4545454545454546,0.5,N4 O11,de-protonated,0,-9999,C22 H10 O11 N4,22,10,11,4,-9999,-9999,-9999,N/A
1392,505.064037,505.064009354375,505.0635195078291,9056955,-9999,299839.2,81.42,-1,0.9698711686702572,0.8516248975258849,0.9221164767872232,0.8798215292304201,27,0.4545454545454546,0.12121212121212122,P1 O4,de-protonated,0,-9999,C33 H15 O4 P1,33,15,4,-9999,1,-9999,-9999,N/A
1392,505.064037,505.064009354375,505.0637162123191,9056955,-9999,299839.2,81.42,-1,0.5804060883797983,0.9461915794322656,0.9859460949273392,0.962093385630295,19,0.6086956521739131,0.43478260869565216,N4 O10,de-protonated,0,-9999,C23 H14 O10 N4,23,14,10,4,-9999,-9999,-9999,N/A
1393,505.100441,505.1004133577584,505.1001017216691,10646223,-9999,275013.7,96,-1,0.6169788686063505,0.9546671995162463,0.97349905981565,0.962199943636008,18,0.75,0.375,N4 O9,de-protonated,0,-9999,C24 H18 O9 N4,24,18,9,4,-9999,-9999,-9999,N/A
1394,505.135251,505.1352233609936,505.13514982049907,3881698,-9999,386064.5,33.95,-1,0.1455857795296344,0.4980807705546335,0.7939170211058494,0.6164152707751198,12,1.0833333333333333,0.5,O12,de-protonated,0,-9999,C24 H26 O12,24,26,12,-9999,-9999,-9999,-9999,N/A
1394,505.135251,505.1352233609936,505.1356390778491,3881698,-9999,386064.5,33.95,-1,-0.8229806477641556,0.4421784001660484,0.7739790330151771,0.5748986533056999,16,1,0.14814814814814814,N2 S1 P1 O4,de-protonated,0,-9999,C27 H27 O4 N2 P1 S1,27,27,4,2,1,1,-9999,N/A
1394,505.135251,505.1352233609936,505.1349876291691,3881698,-9999,386064.5,33.95,-1,0.4666709499815786,0.9612543651278004,0,0.5767526190766802,7,1.631578947368421,0.3157894736842105,N4 S2 P1 O6,de-protonated,0,-9999,C19 H31 O6 N4 P1 S2,19,31,6,4,1,2,-9999,N/A
1395,505.13679,505.1367623611367,505.1362905265291,11588323,-9999,317258.5,104.64,-1,0.934073865694512,0.8731972179318337,0.9332441211451716,0.8972159792171688,25,0.6571428571428571,0.05714285714285714,P1 O2,de-protonated,0,-9999,C35 H23 O2 P1,35,23,2,-9999,1,-9999,-9999,N/A
1395,505.13679,505.1367623611367,505.1364872310191,11588323,-9999,317258.5,104.64,-1,0.5446649064977529,0.9593599206947832,0.9950023636676356,0.973616897883924,17,0.88,0.32,N4 O8,de-protonated,0,-9999,C25 H22 O8 N4,25,22,8,4,-9999,-9999,-9999,N/A
1396,505.171599,505.1715713643718,505.17153532984906,3896054,-9999,440092.4,34.08,-1,0.07133126119792906,0.49953859406655704,0.7871578612348809,0.6145863009338866,11,1.2,0.44,O11,de-protonated,0,-9999,C25 H30 O11,25,30,11,-9999,-9999,-9999,-9999,N/A
1396,505.171599,505.1715713643718,505.17202458719913,3896054,-9999,440092.4,34.08,-1,-0.8971653323485335,0.43205765008290536,0.7675537279851021,0.566256081243784,15,1.1071428571428572,0.10714285714285714,N2 S1 P1 O3,de-protonated,0,-9999,C28 H31 O3 N2 P1 S1,28,31,3,2,1,1,-9999,N/A
1396,505.171599,505.1715713643718,505.17137313851913,3896054,-9999,440092.4,34.08,-1,0.3923932811936598,0.972448554138986,0,0.5834691324833915,6,1.75,0.25,N4 S2 P1 O5,de-protonated,0,-9999,C20 H35 O5 N4 P1 S2,20,35,5,4,1,2,-9999,N/A
1397,505.173246,505.17321836452487,505.1728727403691,10781431,-9999,293087.8,97.24,-1,0.6841700622389504,0.925796439812433,0.9915291492218528,0.9520895235762008,16,1,0.2692307692307692,N4 O7,de-protonated,0,-9999,C26 H26 O7 N4,26,26,7,4,-9999,-9999,-9999,N/A
1398,505.209595,505.2095673679031,505.2092582497191,6787851,-9999,254334,60.6,-1,0.6118616770630698,0.94120765460667,0.9932330002350392,0.9620177928580176,15,1.1111111111111112,0.2222222222222222,N4 O6,de-protonated,0,-9999,C27 H30 O6 N4,27,30,6,4,-9999,-9999,-9999,N/A
1399,505.245893,505.24586537127664,505.2456437590691,2579231.3,-9999,350881.3,22,-1,0.4386226982680674,0.965693397123732,0,0.5794160382742393,14,1.2142857142857142,0.17857142857142858,N4 O5,de-protonated,0,-9999,C28 H34 O5 N4,28,34,5,4,-9999,-9999,-9999,N/A
1400,506.067363,506.0673354476236,506.0668743428991,2057957.5,-9999,310488.3,17.21,-1,0.9111537384818466,0.860158241129659,0.9221164767872232,0.8849415353926846,27,0.46875,0.125,13C1 P1 O4,de-protonated,1,1392,C32 H15 O4 P1 13C1,32,15,4,-9999,1,-9999,1,N/A
1400,506.067363,506.0673354476236,506.0670106885191,2057957.5,-9999,310488.3,17.21,-1,0.6417314261587264,0.927999525909743,0,0.5567997155458457,27,0.40625,0.1875,N1 O6,de-protonated,0,-9999,C32 H13 O6 N1,32,13,6,1,-9999,-9999,-9999,N/A
1400,506.067363,506.0673354476236,506.0673615614391,2057957.5,-9999,310488.3,17.21,-1,-0.05160146159564431,0.9995169713122076,0,0.5997101827873245,4,1.8571428571428572,0.7857142857142857,N3 S2 P1 O11,de-protonated,0,-9999,C14 H26 O11 N3 P1 S2,14,26,11,3,1,2,-9999,N/A
1400,506.067363,506.0673354476236,506.0670710473891,2057957.5,-9999,310488.3,17.21,-1,0.5224608546920883,0.9516773657045208,0.9859460949273392,0.9653848573936482,19,0.6363636363636364,0.4545454545454546,13C1 N4 O10,de-protonated,1,1392,C22 H14 O10 N4 13C1,22,14,10,4,-9999,-9999,1,N/A
1402,506.103669,506.1036414509979,506.1033961978691,2330361.5,-9999,308431.9,19.71,-1,0.48459095641807937,0.9582857155365696,0,0.5749714293219418,26,0.5151515151515151,0.15151515151515152,N1 O5,de-protonated,0,-9999,C33 H17 O5 N1,33,17,5,1,-9999,-9999,-9999,N/A
1402,506.103669,506.1036414509979,506.10374707078904,2330361.5,-9999,308431.9,19.71,-1,-0.2086919762359877,0.9921286277323162,0,0.5952771766393897,3,2,0.6666666666666666,N3 S2 P1 O10,de-protonated,0,-9999,C15 H30 O10 N3 P1 S2,15,30,10,3,1,2,-9999,N/A
1402,506.103669,506.1036414509979,506.1034565567392,2330361.5,-9999,308431.9,19.71,-1,0.3653289783495196,0.9760737845184176,0.97349905981565,0.9750438946373106,18,0.782608695652174,0.391304347826087,13C1 N4 O9,de-protonated,1,1393,C23 H18 O9 N4 13C1,23,18,9,4,-9999,-9999,1,N/A
1403,506.131898,506.13187045362145,506.1315394987291,1785609.3,-9999,375626.8,14.71,-1,0.6538910668313619,0.9253505365472412,0,0.5552103219283447,25,0.6470588235294118,0.0588235294117647,N1 P1 O2,de-protonated,0,-9999,C34 H22 O2 N1 P1,34,22,2,1,1,-9999,-9999,N/A
1404,506.140073,506.1400454543812,506.1396453615991,3040525.8,-9999,360586.4,26.23,-1,0.7904790422600535,0.8928117711801804,0.9332441211451716,0.9089847111661769,25,0.6764705882352942,0.0588235294117647,13C1 P1 O2,de-protonated,1,1395,C34 H23 O2 P1 13C1,34,23,2,-9999,1,-9999,1,N/A
1404,506.140073,506.1400454543812,506.1397817072191,3040525.8,-9999,360586.4,26.23,-1,0.5210954990483602,0.4759617186275688,0.731135910132286,0.5780313952294557,25,0.6176470588235294,0.1176470588235294,N1 O4,de-protonated,0,-9999,C34 H21 O4 N1,34,21,4,1,-9999,-9999,-9999,N/A
1404,506.140073,506.1400454543812,506.1401325801391,3040525.8,-9999,360586.4,26.23,-1,-0.17213762015345038,0.9946378564958784,0,0.5967827138975271,2,2.125,0.5625,N3 S2 P1 O9,de-protonated,0,-9999,C16 H34 O9 N3 P1 S2,16,34,9,3,1,2,-9999,N/A
1404,506.140073,506.1400454543812,506.1398420660891,3040525.8,-9999,360586.4,26.23,-1,0.40184209027414974,0.9711252760950086,0.9950023636676356,0.9806761111240594,17,0.9166666666666666,0.3333333333333333,13C1 N4 O8,de-protonated,1,1395,C24 H22 O8 N4 13C1,24,22,8,4,-9999,-9999,1,N/A
1405,506.141047,506.14101945447175,506.1407840288191,1937166.4,-9999,262965.8,16.1,-1,0.4651386730256685,0.961503430225298,0,0.5769020581351787,11,1.25,0.2916666666666667,N1 S1 P1 O7,de-protonated,0,-9999,C24 H30 O7 N1 P1 S1,24,30,7,1,1,1,-9999,N/A
1406,506.176568,506.176540457773,506.1761672165691,3183394,-9999,275884.8,27.54,-1,0.7373741160647999,0.4530265405524638,0.725399618712417,0.5619757718164451,24,0.7142857142857143,0.08571428571428572,N1 O3,de-protonated,0,-9999,C35 H25 O3 N1,35,25,3,1,-9999,-9999,-9999,N/A
1406,506.176568,506.176540457773,506.1765180894891,3183394,-9999,275884.8,27.54,-1,0.04419067876204092,0.9996457268555172,0,0.5997874361133103,1,2.235294117647059,0.4705882352941176,N3 S2 P1 O8,de-protonated,0,-9999,C17 H38 O8 N3 P1 S2,17,38,8,3,1,2,-9999,N/A
1406,506.176568,506.176540457773,506.1762275754391,3183394,-9999,275884.8,27.54,-1,0.6181292539158453,0.933020040292381,0.9915291492218528,0.9564236838641696,16,1.04,0.28,13C1 N4 O7,de-protonated,1,1397,C25 H26 O7 N4 13C1,25,26,7,4,-9999,-9999,1,N/A
1407,506.212915,506.2128874611511,506.2125527259191,2059574.1,-9999,325625,17.23,-1,0.6612543094782575,0.923726029908672,0,0.5542356179452033,23,0.8055555555555556,0.05555555555555555,N1 O2,de-protonated,0,-9999,C36 H29 O2 N1,36,29,2,1,-9999,-9999,-9999,N/A
1407,506.212915,506.2128874611511,506.21290359883915,2059574.1,-9999,325625,17.23,-1,-0.03187925062106572,0.99981561312920475,0,0.5998893678775229,0,2.3333333333333335,0.3888888888888889,N3 S2 P1 O7,de-protonated,0,-9999,C18 H42 O7 N3 P1 S2,18,42,7,3,1,2,-9999,N/A
1407,506.212915,506.2128874611511,506.2126130847891,2059574.1,-9999,325625,17.23,-1,0.5420180274781177,0.9480892479264138,0.9932330002350392,0.966146748849864,15,1.1538461538461535,0.2307692307692308,13C1 N4 O6,de-protonated,1,1398,C26 H30 O6 N4 13C1,26,30,6,4,-9999,-9999,1,N/A
1408,507.043291,507.04326353832585,507.04278406293906,5818115,-9999,296245.5,51.7,-1,0.9456310233639116,0.4251123177960492,0.7428850341668535,0.552221404344371,27,0.40625,0.15625,P1 O5,de-protonated,0,-9999,C32 H13 O5 P1,32,13,5,-9999,1,-9999,-9999,N/A
1408,507.043291,507.04326353832585,507.0429807674291,5818115,-9999,296245.5,51.7,-1,0.5576862464193492,0.4725648687501821,0.8077896627745538,0.6066547863599308,19,0.5454545454545454,0.5,N4 O11,de-protonated,0,-9999,C22 H12 O11 N4,22,12,11,4,-9999,-9999,-9999,N/A
1409,507.058526,507.0584985397417,507.0580402042291,1997579.5,-9999,312385.8,16.65,-1,0.9039113401066512,0.8622123565405334,0,0.51732741392432,31,0.3611111111111111,0.05555555555555555,P1 O2,de-protonated,0,-9999,C36 H13 O2 P1,36,13,2,-9999,1,-9999,-9999,N/A
1409,507.058526,507.0584985397417,507.0582369087191,1997579.5,-9999,312385.8,16.65,-1,0.5159782516553375,0.9528405252750912,0,0.5717043151650547,23,0.4615384615384616,0.3076923076923077,N4 O8,de-protonated,0,-9999,C26 H12 O8 N4,26,12,8,4,-9999,-9999,-9999,N/A
1410,507.079717,507.0796895417113,507.079366276779,11081495,-9999,293824.2,99.98,-1,0.637503621137987,0.9546890735181056,0.9955773472636242,0.971044383016313,18,0.6956521739130435,0.43478260869565216,N4 O10,de-protonated,0,-9999,C23 H16 O10 N4,23,16,10,4,-9999,-9999,-9999,N/A
1411,507.094935,507.0949075431256,507.0944257135791,1782047.8,-9999,294504.5,14.68,-1,0.9501771703319922,0.8488960613091795,0,0.5093376367855077,30,0.4594594594594595,0.02702702702702703,P1 O1,de-protonated,0,-9999,C37 H17 O1 P1,37,17,1,-9999,1,-9999,-9999,N/A
1411,507.094935,507.0949075431256,507.0946224180691,1782047.8,-9999,294504.5,14.68,-1,0.5622718993698419,0.944249406704506,0,0.5665496440227036,22,0.5925925925925926,0.25925925925925924,N4 O7,de-protonated,0,-9999,C27 H16 O7 N4,27,16,7,4,-9999,-9999,-9999,N/A
1412,507.116119,507.1160915450944,507.1157517861291,13936428,-9999,271387.5,126.17,-1,0.6699830642487238,0.9321911809161094,0.9924042006158862,0.95627638879602,17,0.8333333333333334,0.375,N4 O9,de-protonated,0,-9999,C24 H20 O9 N4,24,20,9,4,-9999,-9999,-9999,N/A
1413,507.152464,507.1524365484723,507.1519405909891,15218496,-9999,296410.7,137.93,-1,0.977926817334834,0.5650319184976892,0.8898407926142404,0.6949554681443098,24,0.7142857142857143,0.05714285714285714,P1 O2,de-protonated,0,-9999,C35 H25 O2 P1,35,25,2,-9999,1,-9999,-9999,N/A
1413,507.152464,507.1524365484723,507.1521372954791,15218496,-9999,296410.7,137.93,-1,0.5900655269930649,0.9432347524356528,0.98646415835881,0.9605265148049156,16,0.96,0.32,N4 O8,de-protonated,0,-9999,C25 H24 O8 N4,25,24,8,4,-9999,-9999,-9999,N/A
1414,507.187251,507.1872235517054,507.1871853943091,3286867,-9999,440122.8,28.48,-1,0.07523336041804447,0.499486758505801,0.787157861234881,0.614555199597433,10,1.28,0.44,O11,de-protonated,0,-9999,C25 H32 O11,25,32,11,-9999,-9999,-9999,-9999,N/A
1414,507.187251,507.1872235517054,507.18767465165905,3286867,-9999,440122.8,28.48,-1,-0.8894142665163883,0.4331446388590543,0.7675537279851021,0.5669082745094735,14,1.1785714285714286,0.10714285714285714,N2 S1 P1 O3,de-protonated,0,-9999,C28 H33 O3 N2 P1 S1,28,33,3,2,1,1,-9999,N/A
1414,507.187251,507.1872235517054,507.18702320297905,3286867,-9999,440122.8,28.48,-1,0.3950194251840069,0.972083749843749,0,0.5832502499062494,5,1.85,0.25,N4 S2 P1 O5,de-protonated,0,-9999,C20 H37 O5 N4 P1 S2,20,37,5,4,1,2,-9999,N/A
1415,507.18884,507.1888125518531,507.1883261003391,10897236,-9999,327764.9,98.29,-1,0.959114177069646,0.8541448253167057,0.9279620282340144,0.883671706483629,23,0.8055555555555556,0.02777777777777777,P1 O1,de-protonated,0,-9999,C36 H29 O1 P1,36,29,1,-9999,1,-9999,-9999,N/A
1415,507.18884,507.1888125518531,507.1885228048291,10897236,-9999,327764.9,98.29,-1,0.5712807190436773,0.9475322200254924,0.9887222114241732,0.9640082165849648,15,1.0769230769230769,0.2692307692307692,N4 O7,de-protonated,0,-9999,C26 H28 O7 N4,26,28,7,4,-9999,-9999,-9999,N/A
1416,507.225264,507.2252365552382,507.2249083141791,4687720,-9999,264327.2,41.33,-1,0.6471311912538288,0.46341419285015545,0.7739790330151772,0.5876401289161641,14,1.1851851851851851,0.2222222222222222,N4 O6,de-protonated,0,-9999,C27 H32 O6 N4,27,32,6,4,-9999,-9999,-9999,N/A
1417,508.074823,508.0747956341958,508.07441854448905,1504577.5,-9999,296161.5,12.13,-1,0.7421938460395823,0.904881468183774,0,0.5429288809102645,26,0.5,0.125,N1 P1 O4,de-protonated,0,-9999,C32 H16 O4 N1 P1,32,16,4,1,1,-9999,-9999,N/A
1418,508.082916,508.082888634948,508.0826607529791,2680646,-9999,253442.8,22.91,-1,0.4485135717071315,0.4820785550019756,0.7428850341668535,0.5864011466679268,26,0.46875,0.1875,N1 O6,de-protonated,0,-9999,C32 H15 O6 N1,32,15,6,1,-9999,-9999,-9999,N/A
1418,508.082916,508.082888634948,508.08301162589913,2680646,-9999,253442.8,22.91,-1,-0.2420686153884338,0.9894239364339468,0,0.5936543618603681,3,2,0.7857142857142857,N3 S2 P1 O11,de-protonated,0,-9999,C14 H28 O11 N3 P1 S2,14,28,11,3,1,2,-9999,N/A
1418,508.082916,508.082888634948,508.0827211118491,2680646,-9999,253442.8,22.91,-1,0.3297161898301602,0.9804674918648014,0.9955773472636242,0.9865114340243304,18,0.7272727272727273,0.4545454545454546,13C1 N4 O10,de-protonated,1,1410,C22 H16 O10 N4 13C1,22,16,10,4,-9999,-9999,1,N/A
1419,508.111287,508.1112596375848,508.1108040538391,1893717.8,-9999,408729.3,15.7,-1,0.8966228272569325,0.8642678946508714,0,0.5185607367905228,25,0.6060606060606061,0.09090909090909093,N1 P1 O3,de-protonated,0,-9999,C33 H20 O3 N1 P1,33,20,3,1,1,-9999,-9999,N/A
1420,508.119424,508.119396638341,508.11904626232905,3451226.5,-9999,345645.2,29.98,-1,0.6895549665830593,0.4586703585414312,0.736963647199046,0.5699876740044771,25,0.5757575757575758,0.15151515151515152,N1 O5,de-protonated,0,-9999,C33 H19 O5 N1,33,19,5,1,-9999,-9999,-9999,N/A
1420,508.119424,508.119396638341,508.1193971352491,3451226.5,-9999,345645.2,29.98,-1,-9.7793562027674e-4,0.9999998264700982,0,0.5999998958820589,2,2.1333333333333333,0.6666666666666666,N3 S2 P1 O10,de-protonated,0,-9999,C15 H32 O10 N3 P1 S2,15,32,10,3,1,2,-9999,N/A
1420,508.119424,508.119396638341,508.11910662119914,3451226.5,-9999,345645.2,29.98,-1,0.570766062719451,0.9426019027360794,0.9924042006158862,0.962522821888002,17,0.8695652173913043,0.391304347826087,13C1 N4 O9,de-protonated,1,1412,C23 H20 O9 N4 13C1,23,20,9,4,-9999,-9999,1,N/A
1421,508.147626,508.14759864096214,508.1471895631891,1526634.1,-9999,402322.4,12.33,-1,0.805037952476336,0.8890566054209974,0,0.5334339632525984,24,0.7058823529411765,0.0588235294117647,N1 P1 O2,de-protonated,0,-9999,C34 H24 O2 N1 P1,34,24,2,1,1,-9999,-9999,N/A
1422,508.155796,508.15576864172147,508.1552954260591,3788142.8,-9999,328378.9,33.07,-1,0.9312422139422548,0.5696007527549017,0.8898407926142404,0.6976967686986373,24,0.7352941176470589,0.0588235294117647,13C1 P1 O2,de-protonated,1,1413,C34 H25 O2 P1 13C1,34,25,2,-9999,1,-9999,1,N/A
1422,508.155796,508.15576864172147,508.15543177167905,3788142.8,-9999,328378.9,33.07,-1,0.6629271702224345,0.461677411080351,0.731135910132286,0.569460810701125,24,0.6764705882352942,0.1176470588235294,N1 O4,de-protonated,0,-9999,C34 H23 O4 N1,34,23,4,1,-9999,-9999,-9999,N/A
1422,508.155796,508.15576864172147,508.155782644599,3788142.8,-9999,328378.9,33.07,-1,-0.027556269213687,0.9998622267994492,0,0.5999173360796695,1,2.25,0.5625,N3 S2 P1 O9,de-protonated,0,-9999,C16 H36 O9 N3 P1 S2,16,36,9,3,1,2,-9999,N/A
1422,508.155796,508.15576864172147,508.1554921305491,3788142.8,-9999,328378.9,33.07,-1,0.5441467752875032,0.9476915696295606,0.98646415835881,0.9632006051212604,16,1,0.3333333333333333,13C1 N4 O8,de-protonated,1,1413,C24 H24 O8 N4 13C1,24,24,8,4,-9999,-9999,1,N/A
1423,508.192168,508.1921406451018,508.1916809354091,2865539,-9999,287102.5,24.61,-1,0.9045990123866432,0.862017810862307,0.9279620282340144,0.88839549781099,23,0.8285714285714286,0.02857142857142857,13C1 P1 O1,de-protonated,1,1415,C35 H29 O1 P1 13C1,35,29,1,-9999,1,-9999,1,N/A
1423,508.192168,508.1921406451018,508.19181728102905,2865539,-9999,287102.5,24.61,-1,0.6363031866311503,0.4645842118996215,0.725399618712417,0.5689103746247397,23,0.7714285714285715,0.08571428571428572,N1 O3,de-protonated,0,-9999,C35 H27 O3 N1,35,27,3,1,-9999,-9999,-9999,N/A
1423,508.192168,508.1921406451018,508.1921681539491,2865539,-9999,287102.5,24.61,-1,-0.05413079745881558,0.999468470671362,0,0.5996810824028171,0,2.3529411764705883,0.4705882352941176,N3 S2 P1 O8,de-protonated,0,-9999,C17 H40 O8 N3 P1 S2,17,40,8,3,1,2,-9999,N/A
1423,508.192168,508.1921406451018,508.19187763989913,2865539,-9999,287102.5,24.61,-1,0.5175312991822903,0.952563059099532,0.9887222114241732,0.9670267200293884,15,1.12,0.28,13C1 N4 O7,de-protonated,1,1415,C25 H28 O7 N4 13C1,25,28,7,4,-9999,-9999,1,N/A
1424,509.037816,509.03778872369594,509.03730475933907,2383195.8,-9999,292799.7,19.23,-1,0.9507443803223298,0.4243649989536829,0.7253996187124169,0.5447788468571765,31,0.3142857142857143,0.08571428571428572,P1 O3,de-protonated,0,-9999,C35 H11 O3 P1,35,11,3,-9999,1,-9999,-9999,N/A
1424,509.037816,509.03778872369594,509.0375014638291,2383195.8,-9999,292799.7,19.23,-1,0.5643196543277942,0.9438542274556324,0,0.5663125364733793,23,0.4,0.36,N4 O9,de-protonated,0,-9999,C25 H10 O9 N4,25,10,9,4,-9999,-9999,-9999,N/A
1425,509.058925,509.05889772565774,509.0584341273991,8033127.5,-9999,311386.7,68.6,-1,0.9106975301224708,0.4301439856651087,0.7428850341668535,0.5552404050658066,26,0.46875,0.15625,P1 O5,de-protonated,0,-9999,C32 H15 O5 P1,32,15,5,-9999,1,-9999,-9999,N/A
1425,509.058925,509.05889772565774,509.0586308318891,8033127.5,-9999,311386.7,68.6,-1,0.5242888588359066,0.4756735025679797,0.8077896627745539,0.6085199666506094,18,0.6363636363636364,0.5,N4 O11,de-protonated,0,-9999,C22 H14 O11 N4,22,14,11,4,-9999,-9999,-9999,N/A
1426,509.074178,509.0741507270754,509.0736902686891,3187568,-9999,290036.5,26.26,-1,0.9045024228780744,0.43102257138127975,0.719752637322661,0.5465145977578323,30,0.4166666666666667,0.05555555555555555,P1 O2,de-protonated,0,-9999,C36 H15 O2 P1,36,15,2,-9999,1,-9999,-9999,N/A
1426,509.074178,509.0741507270754,509.073886973179,3187568,-9999,290036.5,26.26,-1,0.5181053341552293,0.4762301559614404,0.7805128205128198,0.5979432217819922,22,0.5384615384615384,0.3076923076923077,N4 O8,de-protonated,0,-9999,C26 H14 O8 N4,26,14,8,4,-9999,-9999,-9999,N/A
1427,509.093753,509.09372572889464,509.09367893071914,3513211,-9999,403772.9,29.1,-1,0.0919244874577402,0.998467913233366,0,0.5990807479400195,12,1,0.6363636363636364,O14,de-protonated,0,-9999,C22 H22 O14,22,22,14,-9999,-9999,-9999,-9999,N/A
1427,509.093753,509.09372572889464,509.0941681880691,3513211,-9999,403772.9,29.1,-1,-0.8691106716577177,0.4359598812456502,0.787157861234881,0.5764390732413426,16,0.92,0.24,N2 S1 P1 O6,de-protonated,0,-9999,C25 H23 O6 N2 P1 S1,25,23,6,2,1,1,-9999,N/A
1427,509.093753,509.09372572889464,509.09351673938914,3513211,-9999,403772.9,29.1,-1,0.41051299736363983,0.9698848753522034,0,0.581930925211322,7,1.588235294117647,0.4705882352941176,N4 S2 P1 O8,de-protonated,0,-9999,C17 H27 O8 N4 P1 S2,17,27,8,4,1,2,-9999,N/A
1428,509.095354,509.09532672904345,509.09481963674904,11348860,-9999,291657.6,97.58,-1,0.9960664985250416,0.4176250673760457,0.7369636471990462,0.5453604993052459,25,0.5757575757575758,0.12121212121212122,P1 O4,de-protonated,0,-9999,C33 H19 O4 P1,33,19,4,-9999,1,-9999,-9999,N/A
1428,509.095354,509.09532672904345,509.0950163412391,11348860,-9999,291657.6,97.58,-1,0.6096854111404374,0.91038133331928806,0.9752099674306686,0.9363127869638402,17,0.782608695652174,0.43478260869565216,N4 O10,de-protonated,0,-9999,C23 H18 O10 N4,23,18,10,4,-9999,-9999,-9999,N/A
1429,509.110563,509.110535730457,509.11007577803906,2472836.5,-9999,364221.3,20.01,-1,0.9034439501874968,0.4311722619526178,0.7141928963326545,0.5443805157046324,29,0.5135135135135135,0.02702702702702703,P1 O1,de-protonated,0,-9999,C37 H19 O1 P1,37,19,1,-9999,1,-9999,-9999,N/A
1429,509.110563,509.110535730457,509.1102724825291,2472836.5,-9999,364221.3,20.01,-1,0.5170744769934749,0.952644752744751,0,0.5715868516468506,21,0.6666666666666666,0.25925925925925924,N4 O7,de-protonated,0,-9999,C27 H18 O7 N4,27,18,7,4,-9999,-9999,-9999,N/A
1430,509.111669,509.11164173055977,509.11192625280904,1595781,-9999,375611.2,12.35,-1,-0.5588599178336529,0.9449050303796896,0,0.5669430182278137,16,0.92,0.32,N2 P1 O8,de-protonated,0,-9999,C25 H23 O8 N2 P1,25,23,8,2,1,-9999,-9999,N/A
1430,509.111669,509.11164173055977,509.1116549266491,1595781,-9999,375611.2,12.35,-1,-0.02591983355274358,0.9998781033489652,0,0.5999268620093791,2,2,0.8666666666666667,N2 S2 O13,de-protonated,0,-9999,C15 H30 O13 N2 S2,15,30,13,2,-9999,2,-9999,N/A
1430,509.111669,509.11164173055977,509.1111418623992,1595781,-9999,375611.2,12.35,-1,0.9818448654923532,0.8395241440833848,0,0.5037144864500309,20,0.7857142857142857,0.07142857142857142,N4 S2 O2,de-protonated,0,-9999,C28 H22 O2 N4 S2,28,22,2,4,-9999,2,-9999,N/A
1430,509.111669,509.11164173055977,509.1112748041291,1595781,-9999,375611.2,12.35,-1,0.7207195142426049,0.9100542262177678,0,0.5460325357306607,7,1.588235294117647,0.5882352941176471,N4 S1 P1 O10,de-protonated,0,-9999,C17 H27 O10 N4 P1 S1,17,27,10,4,1,1,-9999,N/A
1431,509.131801,509.1317737324308,509.1322712304591,13433744,-9999,276945.3,115.8,-1,-0.9771488793363594,0.28030888838311446,0.7353609972142168,0.4623297319155554,15,1.04,0.16,N4 S2 O4,de-protonated,0,-9999,C25 H26 O4 N4 S2,25,26,4,4,-9999,2,-9999,N/A
1431,509.131801,509.1317737324308,509.1314018505891,13433744,-9999,276945.3,115.8,-1,0.7304240915154528,0.9117740807731872,0.9928546090107307,0.9442062920682048,16,0.9166666666666666,0.375,N4 O9,de-protonated,0,-9999,C24 H22 O9 N4,24,22,9,4,-9999,-9999,-9999,N/A
1432,509.147055,509.1470277338485,509.1475273717491,1835416.9,-9999,305123,14.44,-1,-0.9813224531757712,0.8396803862136643,0,0.5038082317281986,19,0.896551724137931,0.03448275862068965,N4 S2 O1,de-protonated,0,-9999,C29 H26 O1 N4 S2,29,26,1,4,-9999,2,-9999,N/A
1432,509.147055,509.1470277338485,509.1466579918791,1835416.9,-9999,305123,14.44,-1,0.7261993447071626,0.9087458879926624,0,0.5452475327955975,20,0.7857142857142857,0.21428571428571427,N4 O6,de-protonated,0,-9999,C28 H22 O6 N4,28,22,6,4,-9999,-9999,-9999,N/A
1433,509.166511,509.1664837356567,509.1664499494191,3896227.8,-9999,407361.3,32.45,-1,0.06635597785937129,0.4996006897450406,0.7939170211058493,0.6173272222893641,10,1.25,0.5,O12,de-protonated,0,-9999,C24 H30 O12,24,30,12,-9999,-9999,-9999,-9999,N/A
1433,509.166511,509.1664837356567,509.1669392067691,3896227.8,-9999,407361.3,32.45,-1,-0.8945418039935681,0.432426316463311,0.7739790330151772,0.5690474030840575,14,1.148148148148148,0.14814814814814814,N2 S1 P1 O4,de-protonated,0,-9999,C27 H31 O4 N2 P1 S1,27,31,4,2,1,1,-9999,N/A
1433,509.166511,509.1664837356567,509.16628775808914,3896227.8,-9999,407361.3,32.45,-1,0.3848989462304061,0.9734769668392196,0,0.5840861801035316,5,1.8421052631578947,0.3157894736842105,N4 S2 P1 O6,de-protonated,0,-9999,C19 H35 O6 N4 P1 S2,19,35,6,4,1,2,-9999,N/A
1434,509.168129,509.1681017358071,509.16778735993904,12499877,-9999,270884.6,107.64,-1,0.6174307878002308,0.9366386573237137,0.9769980913249948,0.952782430924226,15,1.04,0.32,N4 O8,de-protonated,0,-9999,C25 H26 O8 N4,25,26,8,4,-9999,-9999,-9999,N/A
1435,509.202902,509.2028747390389,509.2028354587691,2255800,-9999,457235.8,18.11,-1,0.07714071311147837,0.998920837900607,0,0.5993525027403642,9,1.36,0.44,O11,de-protonated,0,-9999,C25 H34 O11,25,34,11,-9999,-9999,-9999,-9999,N/A
1435,509.202902,509.2028747390389,509.2033247161191,2255800,-9999,457235.8,18.11,-1,-0.8836884174247507,0.8678865929528446,0,0.5207319557717067,13,1.25,0.10714285714285714,N2 S1 P1 O3,de-protonated,0,-9999,C28 H35 O3 N2 P1 S1,28,35,3,2,1,1,-9999,N/A
1435,509.202902,509.2028747390389,509.2026732674391,2255800,-9999,457235.8,18.11,-1,0.3956609232710417,0.9719942888254663,0,0.5831965732952799,4,1.95,0.25,N4 S2 P1 O5,de-protonated,0,-9999,C20 H39 O5 N4 P1 S2,20,39,5,4,1,2,-9999,N/A
1436,509.204481,509.2044537391856,509.2039761647991,7084985,-9999,275687.2,60.32,-1,0.9378842446078116,0.4262393150299911,0.719752637322661,0.543644643947059,22,0.8611111111111112,0.02777777777777777,P1 O1,de-protonated,0,-9999,C36 H31 O1 P1,36,31,1,-9999,1,-9999,-9999,N/A
1436,509.204481,509.2044537391856,509.2041728692891,7084985,-9999,275687.2,60.32,-1,0.5515860071325461,0.9308408879470738,0.9803601415702818,0.950648589396357,14,1.1538461538461535,0.2692307692307692,N4 O7,de-protonated,0,-9999,C26 H30 O7 N4,26,30,7,4,-9999,-9999,-9999,N/A
1437,509.24085,509.2408227425658,509.2405583786391,2011085.4,-9999,279736.2,15.97,-1,0.5191336831951966,0.952275989537498,0,0.5713655937224987,13,1.2592592592592593,0.2222222222222222,N4 O6,de-protonated,0,-9999,C27 H34 O6 N4,27,34,6,4,-9999,-9999,-9999,N/A
1438,510.098815,510.0987878223046,510.0991801973091,2397614.8,-9999,305285.6,19.35,-1,-0.7692131643606995,0.44910060454694734,0.7369636471990461,0.5642458216077868,24,0.6363636363636364,0.0303030303030303,N1 S2 O1,de-protonated,0,-9999,C33 H21 O1 N1 S2,33,21,1,1,-9999,2,-9999,N/A
1438,510.098815,510.0987878223046,510.0983108174391,2397614.8,-9999,305285.6,19.35,-1,0.9351233975612144,0.8532788750942408,0,0.5119673250565445,25,0.53125,0.1875,N1 O6,de-protonated,0,-9999,C32 H17 O6 N1,32,17,6,1,-9999,-9999,-9999,N/A
1438,510.098815,510.0987878223046,510.09866169035905,2397614.8,-9999,305285.6,19.35,-1,0.24726970487877856,0.988967122314698,0,0.5933802733888188,2,2.142857142857143,0.7857142857142857,N3 S2 P1 O11,de-protonated,0,-9999,C14 H30 O11 N3 P1 S2,14,30,11,3,1,2,-9999,N/A
1438,510.098815,510.0987878223046,510.0983711763091,2397614.8,-9999,305285.6,19.35,-1,0.8167953849978975,0.8859858102233014,0.9752099674306686,0.9216754731062482,17,0.8181818181818182,0.4545454545454546,13C1 N4 O10,de-protonated,1,1428,C22 H18 O10 N4 13C1,22,18,10,4,-9999,-9999,1,N/A
1439,510.126938,510.1269108249183,510.12645411829914,1750462.4,-9999,318566.7,13.69,-1,0.8952811905247413,0.864644986043091,0,0.5187869916258546,24,0.6666666666666666,0.09090909090909093,N1 P1 O3,de-protonated,0,-9999,C33 H22 O3 N1 P1,33,22,3,1,1,-9999,-9999,N/A
1440,510.135139,510.1351118256805,510.1346963267891,3640771,-9999,301902.5,30.21,-1,0.8144885937098155,0.4432954826939295,0.7369636471990461,0.5607627484959761,24,0.6363636363636364,0.15151515151515152,N1 O5,de-protonated,0,-9999,C33 H21 O5 N1,33,21,5,1,-9999,-9999,-9999,N/A
1440,510.135139,510.1351118256805,510.1350471997091,3640771,-9999,301902.5,30.21,-1,0.12668404522507137,0.9970921936203349,0,0.5982553161722008,1,2.2666666666666666,0.6666666666666666,N3 S2 P1 O10,de-protonated,0,-9999,C15 H34 O10 N3 P1 S2,15,34,10,3,1,2,-9999,N/A
1440,510.135139,510.1351118256805,510.1347566856592,3640771,-9999,301902.5,30.21,-1,0.6961690350883014,0.9158164226788384,0.9928546090107307,0.9466316972115952,16,0.9565217391304348,0.391304347826087,13C1 N4 O9,de-protonated,1,1431,C23 H22 O9 N4 13C1,23,22,9,4,-9999,-9999,1,N/A
1441,510.171467,510.1714398290568,510.1710818361391,3857879.5,-9999,335571.5,32.11,-1,0.7017115051388361,0.4572649307582203,0.7311359101322861,0.5668133225078466,23,0.7352941176470589,0.1176470588235294,N1 O4,de-protonated,0,-9999,C34 H25 O4 N1,34,25,4,1,-9999,-9999,-9999,N/A
1441,510.171467,510.1714398290568,510.17143270905905,3857879.5,-9999,335571.5,32.11,-1,0.01395608866049717,0.9999646594264416,0,0.599978795655865,0,2.375,0.5625,N3 S2 P1 O9,de-protonated,0,-9999,C16 H38 O9 N3 P1 S2,16,38,9,3,1,2,-9999,N/A
1441,510.171467,510.1714398290568,510.17114219500905,3857879.5,-9999,335571.5,32.11,-1,0.5834003986578575,0.9401111616434272,0.9769980913249948,0.9548659335160544,15,1.0833333333333333,0.3333333333333333,13C1 N4 O8,de-protonated,1,1434,C24 H26 O8 N4 13C1,24,26,8,4,-9999,-9999,1,N/A
1442,510.207911,510.20788383244394,510.2074673454891,2226668,-9999,372021.7,17.85,-1,0.8163090145047075,0.8861135108590514,0,0.5316681065154308,22,0.8285714285714286,0.08571428571428572,N1 O3,de-protonated,0,-9999,C35 H29 O3 N1,35,29,3,1,-9999,-9999,-9999,N/A
1442,510.207911,510.20788383244394,510.2075277043591,2226668,-9999,372021.7,17.85,-1,0.6980063317254935,0.915390865404967,0.9803601415702818,0.9413785758710927,14,1.2,0.28,13C1 N4 O7,de-protonated,1,1436,C25 H30 O7 N4 13C1,25,30,7,4,-9999,-9999,1,N/A
1443,511.038442,511.038414909633,511.03856806237906,2408895.3,-9999,296797.9,19.44,-1,-0.29968921258981984,0.9838355064818288,0,0.5903013038890972,25,0.53125,0.03125,S2 P1 O1,de-protonated,0,-9999,C32 H17 O1 P1 S2,32,17,1,-9999,1,2,-9999,N/A
1443,511.038442,511.038414909633,511.03876476686906,2408895.3,-9999,296797.9,19.44,-1,-0.6846001912079207,0.9184747157304222,0,0.5510848294382533,17,0.7272727272727273,0.3181818181818182,N4 S2 O7,de-protonated,0,-9999,C22 H16 O7 N4 S2,22,16,7,4,-9999,2,-9999,N/A
1444,511.053554,511.0535269110375,511.0540209081591,3959751.8,-9999,264842.2,33,-1,-0.9666240776042272,0.4220270120119328,0.7805128205128199,0.5654213354122877,21,0.6153846153846154,0.15384615384615383,N4 S2 O4,de-protonated,0,-9999,C26 H16 O4 N4 S2,26,16,4,4,-9999,2,-9999,N/A
1444,511.053554,511.0535269110375,511.0531515282891,3959751.8,-9999,264842.2,33,-1,0.734527802623887,0.4533710523910056,0.7871578612348809,0.5868857759285557,22,0.48,0.36,N4 O9,de-protonated,0,-9999,C25 H12 O9 N4,25,12,9,4,-9999,-9999,-9999,N/A
1445,511.073072,511.0730449128515,511.07294348582906,2440147,-9999,450105.8,19.72,-1,0.1984589944548951,0.992878942777238,0,0.5957273656663427,12,0.9523809523809524,0.7142857142857143,O15,de-protonated,0,-9999,C21 H20 O15,21,20,15,-9999,-9999,-9999,-9999,N/A
1445,511.073072,511.0730449128515,511.0734327431791,2440147,-9999,450105.8,19.72,-1,-0.7588544087086542,0.9007846672773852,0,0.540470800366431,16,0.875,0.2916666666666667,N2 S1 P1 O7,de-protonated,0,-9999,C24 H21 O7 N2 P1 S1,24,21,7,2,1,1,-9999,N/A
1445,511.073072,511.0730449128515,511.07278129449907,2440147,-9999,450105.8,19.72,-1,0.5158137198795482,0.9528698762591328,0,0.5717219257554796,7,1.5625,0.5625,N4 S2 P1 O9,de-protonated,0,-9999,C16 H25 O9 N4 P1 S2,16,25,9,4,1,2,-9999,N/A
1446,511.07467,511.0746429130001,511.07515027621906,8060883.5,-9999,290554.9,68.84,-1,-0.9927370147823962,0.41812714410437896,0.8007932653391622,0.5711935925982923,16,0.8695652173913043,0.2608695652173913,N4 S2 O6,de-protonated,0,-9999,C23 H20 O6 N4 S2,23,20,6,4,-9999,2,-9999,N/A
1446,511.07467,511.0746429130001,511.0742808963491,8060883.5,-9999,290554.9,68.84,-1,0.7083444902231536,0.935281137057102,0.9951558398793088,0.9592310181859848,17,0.7272727272727273,0.5,N4 O11,de-protonated,0,-9999,C22 H16 O11 N4,22,16,11,4,-9999,-9999,-9999,N/A
1447,511.089901,511.0898739144156,511.0895370376391,4539356.5,-9999,267034.2,38.06,-1,0.6591345587692035,0.4620976343663939,0.7805128205128199,0.5894637088249643,21,0.6153846153846154,0.3076923076923077,N4 O8,de-protonated,0,-9999,C26 H16 O8 N4,26,16,8,4,-9999,-9999,-9999,N/A
1448,511.111052,511.1110249163813,511.11153578556906,10674152,-9999,277612,91.68,-1,-0.9995258411652862,0.27806817966171793,0.7412565550906046,0.4633435298332726,15,1,0.20833333333333337,N4 S2 O5,de-protonated,0,-9999,C24 H24 O5 N4 S2,24,24,5,4,-9999,2,-9999,N/A
1448,511.111052,511.1110249163813,511.1106664056991,10674152,-9999,277612,91.68,-1,0.7014345538280038,0.9551008250253632,0.9841556078700197,0.9667227381632256,16,0.8695652173913043,0.43478260869565216,N4 O10,de-protonated,0,-9999,C23 H20 O10 N4,23,20,10,4,-9999,-9999,-9999,N/A
1449,511.126212,511.1261849177903,511.1257258424991,4414449,-9999,370952.7,36.97,-1,0.8981651049412337,0.43191695775085504,0.7141928963326545,0.5448273331835748,28,0.5675675675675675,0.02702702702702703,P1 O1,de-protonated,0,-9999,C37 H21 O1 P1,37,21,1,-9999,1,-9999,-9999,N/A
1449,511.126212,511.1261849177903,511.1259225469891,4414449,-9999,370952.7,36.97,-1,0.5133193007970698,0.4766569108034136,0.7739790330151772,0.5955857596881191,20,0.7407407407407407,0.25925925925925924,N4 O7,de-protonated,0,-9999,C27 H20 O7 N4,27,20,7,4,-9999,-9999,-9999,N/A
1450,511.14744,511.1474129197632,511.1479212949192,12976125,-9999,310730,111.79,-1,-0.9945754150221116,0.27856670120004035,0.7353609972142168,0.4612844196057109,14,1.12,0.16,N4 S2 O4,de-protonated,0,-9999,C25 H28 O4 N4 S2,25,28,4,4,-9999,2,-9999,N/A
1450,511.14744,511.1474129197632,511.1470519150491,12976125,-9999,310730,111.79,-1,0.7062639073901341,0.9443679626566028,0.9840260634219508,0.960231202962742,15,1,0.375,N4 O9,de-protonated,0,-9999,C24 H24 O9 N4,24,24,9,4,-9999,-9999,-9999,N/A
1451,511.162601,511.1625739211723,511.1623080563391,2746373.3,-9999,336246.5,22.39,-1,0.5201182266208718,0.9520992099744138,0,0.5712595259846482,19,0.8571428571428571,0.21428571428571427,N4 O6,de-protonated,0,-9999,C28 H24 O6 N4,28,24,6,4,-9999,-9999,-9999,N/A
1452,511.183808,511.1837809231432,511.1834374243991,8783889,-9999,286373.1,75.16,-1,0.6719676714771214,0.9388870837988268,0.9866775341623596,0.95800326394424,14,1.12,0.32,N4 O8,de-protonated,0,-9999,C25 H28 O8 N4,25,28,8,4,-9999,-9999,-9999,N/A
1453,511.199129,511.1991019245672,511.1986935656891,1864217.9,-9999,301067.5,14.68,-1,0.7988261378907713,0.8906652566595517,0,0.534399153995731,18,0.9655172413793104,0.1724137931034483,N4 O5,de-protonated,0,-9999,C29 H28 O5 N4,29,28,5,4,-9999,-9999,-9999,N/A
1454,511.220161,511.2201339265219,511.21962622925906,3627045.8,-9999,294400.5,30.09,-1,0.9931098822981862,0.4180709703659327,0.719752637322661,0.538743637148624,21,0.9166666666666666,0.02777777777777777,P1 O1,de-protonated,0,-9999,C36 H33 O1 P1,36,33,1,-9999,1,-9999,-9999,N/A
1454,511.220161,511.2201339265219,511.21982293374907,3627045.8,-9999,294400.5,30.09,-1,0.608334729744919,0.4675279699026997,0.7805128205128198,0.5927219101467477,13,1.2307692307692308,0.2692307692307692,N4 O7,de-protonated,0,-9999,C26 H32 O7 N4,26,32,7,4,-9999,-9999,-9999,N/A
1455,512.077913,512.0778860062408,512.0775753725491,1858570.1,-9999,357047,14.63,-1,0.606614518261525,0.9354106010635164,0,0.5612463606381098,25,0.4838709677419355,0.2258064516129032,N1 O7,de-protonated,0,-9999,C31 H15 O7 N1,31,15,7,1,-9999,-9999,-9999,N/A
1455,512.077913,512.0778860062408,512.077926245469,1858570.1,-9999,357047,14.63,-1,-0.07858028281845396,0.9988802070475764,0,0.5993281242285459,2,2.1538461538461537,0.9230769230769232,N3 S2 P1 O12,de-protonated,0,-9999,C13 H28 O12 N3 P1 S2,13,28,12,3,1,2,-9999,N/A
1455,512.077913,512.0778860062408,512.077635731419,1858570.1,-9999,357047,14.63,-1,0.48874390182345945,0.9575831156356504,0.9951558398793088,0.972612205333114,17,0.7619047619047619,0.5238095238095238,13C1 N4 O11,de-protonated,1,1446,C21 H16 O11 N4 13C1,21,16,11,4,-9999,-9999,1,N/A
1456,512.085122,512.0850950069108,512.084589305349,1739790.3,-9999,391148.4,13.59,-1,0.9875352087399968,0.837818793982152,0,0.5026912763892911,29,0.45714285714285713,0.05714285714285714,N1 P1 O2,de-protonated,0,-9999,C35 H16 O2 N1 P1,35,16,2,1,1,-9999,-9999,N/A
1457,512.114128,512.1141010096067,512.1139608818991,2396702.5,-9999,320443.5,19.33,-1,0.2736260252587688,0.986506582274158,0,0.5919039493644949,24,0.59375,0.1875,N1 O6,de-protonated,0,-9999,C32 H19 O6 N1,32,19,6,1,-9999,-9999,-9999,N/A
1457,512.114128,512.1141010096067,512.114311754819,2396702.5,-9999,320443.5,19.33,-1,-0.4115198648692778,0.9697392278943096,0,0.5818435367365857,1,2.2857142857142856,0.7857142857142857,N3 S2 P1 O11,de-protonated,0,-9999,C14 H32 O11 N3 P1 S2,14,32,11,3,1,2,-9999,N/A
1457,512.114128,512.1141010096067,512.114021240769,2396702.5,-9999,320443.5,19.33,-1,0.15576382273058845,0.9956073013616348,0.9841556078700197,0.9910266239649888,16,0.9090909090909092,0.4545454545454546,13C1 N4 O10,de-protonated,1,1448,C22 H20 O10 N4 13C1,22,20,10,4,-9999,-9999,1,N/A
1458,512.150624,512.1505970129986,512.150346391249,3045939.3,-9999,364865.2,25,-1,0.48935190883051194,0.4787398963353612,0.7369636471990461,0.5820293966808352,23,0.696969696969697,0.15151515151515152,N1 O5,de-protonated,0,-9999,C33 H23 O5 N1,33,23,5,1,-9999,-9999,-9999,N/A
1458,512.150624,512.1505970129986,512.150697264169,3045939.3,-9999,364865.2,25,-1,-0.19574545343988148,0.9930716731611738,0,0.5958430038967043,0,2.4,0.6666666666666666,N3 S2 P1 O10,de-protonated,0,-9999,C15 H36 O10 N3 P1 S2,15,36,10,3,1,2,-9999,N/A
1458,512.150624,512.1505970129986,512.1504067501191,3045939.3,-9999,364865.2,25,-1,0.37149805390465984,0.9752690677895122,0.9840260634219508,0.9787718660424876,15,1.0434782608695652,0.391304347826087,13C1 N4 O9,de-protonated,1,1450,C23 H24 O9 N4 13C1,23,24,9,4,-9999,-9999,1,N/A
1459,512.187073,512.1870460163861,512.18673190059906,2189383.8,-9999,397379.4,17.52,-1,0.6132837254994664,0.9340307461748808,0,0.5604184477049285,22,0.7941176470588235,0.1176470588235294,N1 O4,de-protonated,0,-9999,C34 H27 O4 N1,34,27,4,1,-9999,-9999,-9999,N/A
1459,512.187073,512.1870460163861,512.186792259469,2189383.8,-9999,397379.4,17.52,-1,0.4954382286952886,0.95643904422731,0.9866775341623596,0.9685344402013298,14,1.1666666666666667,0.3333333333333333,13C1 N4 O8,de-protonated,1,1452,C24 H28 O8 N4 13C1,24,28,8,4,-9999,-9999,1,N/A
1460,513.032816,513.032789094989,513.0332854632691,3231783,-9999,264695.5,26.62,-1,-0.9675167170645238,0.42189482456336086,0.7871578612348809,0.5680000392319688,21,0.56,0.2,N4 S2 O5,de-protonated,0,-9999,C25 H14 O5 N4 S2,25,14,5,4,-9999,2,-9999,N/A
1460,513.032816,513.032789094989,513.032416083399,3231783,-9999,264695.5,26.62,-1,0.7270721660191709,0.9085367569938082,0,0.5451220541962849,22,0.4166666666666667,0.4166666666666667,N4 O10,de-protonated,0,-9999,C24 H10 O10 N4,24,10,10,4,-9999,-9999,-9999,N/A
1461,513.054093,513.0540660969664,513.054218126839,3363891,-9999,277495.2,27.78,-1,-0.29632320967343123,0.4920968530703345,0.7428850341668535,0.5924121255089421,24,0.59375,0.03125,S2 P1 O1,de-protonated,0,-9999,C32 H19 O1 P1 S2,32,19,1,-9999,1,2,-9999,N/A
1461,513.054093,513.0540660969664,513.054414831329,3363891,-9999,277495.2,27.78,-1,-0.6797219799285846,0.9195845569097532,0,0.551750734145852,16,0.8181818181818182,0.3181818181818182,N4 S2 O7,de-protonated,0,-9999,C22 H18 O7 N4 S2,22,18,7,4,-9999,2,-9999,N/A
1462,513.069197,513.0691700983703,513.0696709726191,6560827.5,-9999,294633,55.72,-1,-0.9762304754145722,0.4206002229664684,0.7805128205128198,0.564565261985009,20,0.6923076923076923,0.15384615384615383,N4 S2 O4,de-protonated,0,-9999,C26 H18 O4 N4 S2,26,18,4,4,-9999,2,-9999,N/A
1462,513.069197,513.0691700983703,513.0688015927491,6560827.5,-9999,294633,55.72,-1,0.7182382168317312,0.9280591172132912,0.9904258888808593,0.9530058258803183,21,0.56,0.36,N4 O9,de-protonated,0,-9999,C25 H14 O9 N4,25,14,9,4,-9999,-9999,-9999,N/A
1463,513.090336,513.0903091003348,513.090800340679,7197767.5,-9999,257403.3,61.28,-1,-0.9574140559360788,0.4233861601542227,0.8007932653391622,0.5743490022281985,15,0.9565217391304348,0.2608695652173913,N4 S2 O6,de-protonated,0,-9999,C23 H22 O6 N4 S2,23,22,6,4,-9999,2,-9999,N/A
1463,513.090336,513.0903091003348,513.089930960809,7197767.5,-9999,257403.3,61.28,-1,0.7369848888997048,0.9311766498646556,0.9848258097400112,0.9526363138147976,16,0.8181818181818182,0.5,N4 O11,de-protonated,0,-9999,C22 H18 O11 N4,22,18,11,4,-9999,-9999,-9999,N/A
1464,513.105643,513.1056161017575,513.1060564819691,6270032.5,-9999,280658.3,53.18,-1,-0.8582635227051594,0.43744458858590185,0.7739790330151771,0.572058366357612,19,0.8148148148148148,0.1111111111111111,N4 S2 O3,de-protonated,0,-9999,C27 H22 O3 N4 S2,27,22,3,4,-9999,2,-9999,N/A
1464,513.105643,513.1056161017575,513.1051871020991,6270032.5,-9999,280658.3,53.18,-1,0.8360852106128418,0.9269931260135964,0.9968518003734408,0.9549365957575342,20,0.6923076923076923,0.3076923076923077,N4 O8,de-protonated,0,-9999,C26 H18 O8 N4,26,18,8,4,-9999,-9999,-9999,N/A
1465,513.126772,513.1267451037212,513.127185850029,9227356,-9999,303661.9,79.02,-1,-0.8589416425382905,0.8768428438228906,0.9824899446082528,0.9191016841370354,14,1.0833333333333333,0.20833333333333337,N4 S2 O5,de-protonated,0,-9999,C24 H26 O5 N4 S2,24,26,5,4,-9999,2,-9999,N/A
1465,513.126772,513.1267451037212,513.126316470159,9227356,-9999,303661.9,79.02,-1,0.8353373202253601,0.8793978910522691,0.9893661888415656,0.9233852101679876,15,0.9565217391304348,0.43478260869565216,N4 O10,de-protonated,0,-9999,C23 H22 O10 N4,23,22,10,4,-9999,-9999,-9999,N/A
1466,513.141946,513.1419191051315,513.1415726114491,5087333,-9999,257809.5,42.84,-1,0.6752399355150588,0.4602992201944976,0.7739790330151771,0.5857711453227694,19,0.8148148148148148,0.25925925925925924,N4 O7,de-protonated,0,-9999,C27 H22 O7 N4,27,22,7,4,-9999,-9999,-9999,N/A
1467,513.163176,513.1631491071046,513.163571359379,7126129,-9999,295272.1,60.66,-1,-0.8228414837450171,0.9044900539937548,0.9761226234274016,0.9331430817672136,13,1.2,0.16,N4 S2 O4,de-protonated,0,-9999,C25 H30 O4 N4 S2,25,30,4,4,-9999,2,-9999,N/A
1467,513.163176,513.1631491071046,513.162701979509,7126129,-9999,295272.1,60.66,-1,0.8713174082924253,0.4356561736716269,0.7939170211058493,0.5789605126453159,14,1.0833333333333333,0.375,N4 O9,de-protonated,0,-9999,C24 H26 O9 N4,24,26,9,4,-9999,-9999,-9999,N/A
1468,513.178275,513.1782481085079,513.177958120799,4276345.5,-9999,306734.6,35.75,-1,0.5650821597770056,0.4718533765927469,0.7675537279851021,0.590133517149689,18,0.9285714285714286,0.21428571428571427,N4 O6,de-protonated,0,-9999,C28 H26 O6 N4,28,26,6,4,-9999,-9999,-9999,N/A
1469,513.199486,513.1994591104792,513.199956868729,3451013.5,-9999,269918.2,28.54,-1,-0.9699109346353008,0.4215398768524431,0.7805128205128199,0.5651290543165939,12,1.3076923076923077,0.1153846153846154,N4 S2 O3,de-protonated,0,-9999,C26 H34 O3 N4 S2,26,34,3,4,-9999,2,-9999,N/A
1469,513.199486,513.1994591104792,513.199087488859,3451013.5,-9999,269918.2,28.54,-1,0.7241275934051417,0.4546207365319656,0.7871578612348809,0.5876355864131317,13,1.2,0.32,N4 O8,de-protonated,0,-9999,C25 H30 O8 N4,25,30,8,4,-9999,-9999,-9999,N/A
1470,513.214696,513.2146691118928,513.2143436301491,2626702.3,-9999,353195.6,21.33,-1,0.6342023518700686,0.929618537154276,0,0.5577711222925656,17,1.0344827586206895,0.1724137931034483,N4 O5,de-protonated,0,-9999,C29 H30 O5 N4,29,30,5,4,-9999,-9999,-9999,N/A
1471,513.215681,513.2156541119843,513.215997400429,1756814.8,-9999,379794.9,13.73,-1,-0.6688966174776287,0.9220237851678672,0,0.5532142711007203,12,1.2962962962962965,0.2222222222222222,N2 P1 O6,de-protonated,0,-9999,C27 H35 O6 N2 P1,27,35,6,2,1,-9999,-9999,N/A
1471,513.215681,513.2156541119843,513.2153459517491,1756814.8,-9999,379794.9,13.73,-1,0.6004501573857081,0.936674370708362,0,0.5620046224250173,3,2.0526315789473686,0.42105263157894735,N4 S1 P1 O8,de-protonated,0,-9999,C19 H39 O8 N4 P1 S1,19,39,8,4,1,1,-9999,N/A
1472,514.064378,514.0643511908619,514.0638538604591,2047089.1,-9999,318009.9,16.27,-1,0.9674486916125896,0.8438098020406168,0,0.5062858812243701,29,0.4117647058823529,0.08823529411764706,N1 P1 O3,de-protonated,0,-9999,C34 H14 O3 N1 P1,34,14,3,1,1,-9999,-9999,N/A
1473,514.072469,514.0724421916137,514.072096068949,1673845.8,-9999,305401.9,13,-1,0.6732959586213411,0.9210364473042012,0,0.5526218683825207,29,0.38235294117647056,0.14705882352941177,N1 O5,de-protonated,0,-9999,C34 H13 O5 N1,34,13,5,1,-9999,-9999,-9999,N/A
1473,514.072469,514.0724421916137,514.0724469418691,1673845.8,-9999,305401.9,13,-1,-0.00924043952428321,0.999984506992822,0,0.5999907041956932,6,1.625,0.625,N3 S2 P1 O10,de-protonated,0,-9999,C16 H26 O10 N3 P1 S2,16,26,10,3,1,2,-9999,N/A
1473,514.072469,514.0724421916137,514.0721564278191,1673845.8,-9999,305401.9,13,-1,0.55588265394883285,0.9454742301023616,0.9904258888808593,0.9634548936137608,21,0.5833333333333334,0.375,13C1 N4 O9,de-protonated,1,1462,C24 H14 O9 N4 13C1,24,14,9,4,-9999,-9999,1,N/A
1474,514.093568,514.0935411935748,514.093225437009,1883265.8,-9999,403836.6,14.83,-1,0.6142009856569595,0.9338399457839868,0,0.560303967470392,24,0.5483870967741935,0.2258064516129032,N1 O7,de-protonated,0,-9999,C31 H17 O7 N1,31,17,7,1,-9999,-9999,-9999,N/A
1474,514.093568,514.0935411935748,514.0935763099291,1883265.8,-9999,403836.6,14.83,-1,-0.06830731974784487,0.9991537386827772,0,0.5994922432096664,1,2.3076923076923075,0.9230769230769232,N3 S2 P1 O12,de-protonated,0,-9999,C13 H30 O12 N3 P1 S2,13,30,12,3,1,2,-9999,N/A
1474,514.093568,514.0935411935748,514.0932857958791,1883265.8,-9999,403836.6,14.83,-1,0.4967925136401268,0.9562058698049024,0.9848258097400112,0.967653845778946,16,0.8571428571428571,0.5238095238095238,13C1 N4 O11,de-protonated,1,1463,C21 H18 O11 N4 13C1,21,18,11,4,-9999,-9999,1,N/A
1475,514.108768,514.1087411949875,514.108481578299,1795722.4,-9999,383600.5,14.07,-1,0.5049842548490641,0.954783118093856,0,0.5728698708563135,28,0.4857142857142857,0.11428571428571428,N1 O4,de-protonated,0,-9999,C35 H17 O4 N1,35,17,4,1,-9999,-9999,-9999,N/A
1475,514.108768,514.1087411949875,514.108832451219,1795722.4,-9999,383600.5,14.07,-1,-0.17750372241243825,0.9942993035368056,0,0.5965795821220834,5,1.7647058823529411,0.5294117647058824,N3 S2 P1 O9,de-protonated,0,-9999,C17 H30 O9 N3 P1 S2,17,30,9,3,1,2,-9999,N/A
1475,514.108768,514.1087411949875,514.108541937169,1795722.4,-9999,383600.5,14.07,-1,0.3875792799655727,0.9731113105475728,0.9968518003734408,0.98260750647792,20,0.72,0.32,13C1 N4 O8,de-protonated,1,1464,C25 H18 O8 N4 13C1,25,18,8,4,-9999,-9999,1,N/A
1476,514.130134,514.1301071969731,514.130480326229,2144406.5,-9999,369157.4,17.12,-1,-0.7257481712426138,0.9088539110749624,0,0.5453123466449773,22,0.7575757575757576,0.0303030303030303,N1 S2 O1,de-protonated,0,-9999,C33 H25 O1 N1 S2,33,25,1,1,-9999,2,-9999,N/A
1476,514.130134,514.1301071969731,514.1296109463591,2144406.5,-9999,369157.4,17.12,-1,0.9652247282127636,0.84446814753601,0,0.506680888521606,23,0.65625,0.1875,N1 O6,de-protonated,0,-9999,C32 H21 O6 N1,32,21,6,1,-9999,-9999,-9999,N/A
1476,514.130134,514.1301071969731,514.130613267959,2144406.5,-9999,369157.4,17.12,-1,-0.984323774661238,0.8387820202610139,0,0.5032692121566084,9,1.3636363636363635,0.4090909090909091,N1 S1 P1 O9,de-protonated,0,-9999,C22 H30 O9 N1 P1 S1,22,30,9,1,1,1,-9999,N/A
1476,514.130134,514.1301071969731,514.1299618192791,2144406.5,-9999,369157.4,17.12,-1,0.2827644852885071,0.985596865453056,0,0.5913581192718336,0,2.4285714285714284,0.7857142857142857,N3 S2 P1 O11,de-protonated,0,-9999,C14 H34 O11 N3 P1 S2,14,34,11,3,1,2,-9999,N/A
1476,514.130134,514.1301071969731,514.130540685099,2144406.5,-9999,369157.4,17.12,-1,-0.8431479783055427,0.8789813477775625,0.9824899446082528,0.9203847865098388,14,1.1304347826086956,0.21739130434782608,13C1 N4 S2 O5,de-protonated,1,1465,C23 H26 O5 N4 S2 13C1,23,26,5,4,-9999,2,1,N/A
1476,514.130134,514.1301071969731,514.1296713052291,2144406.5,-9999,369157.4,17.12,-1,0.8478245243305746,0.8777210194347755,0.9893661888415656,0.9223790871974916,15,1,0.4545454545454546,13C1 N4 O10,de-protonated,1,1465,C22 H22 O10 N4 13C1,22,22,10,4,-9999,-9999,1,N/A
1477,514.166615,514.1665882003637,514.166998777309,1660331.4,-9999,247804.5,12.88,-1,-0.7985283892550448,0.8907421233489525,0,0.5344452740093715,8,1.4782608695652173,0.34782608695652173,N1 S1 P1 O8,de-protonated,0,-9999,C23 H34 O8 N1 P1 S1,23,34,8,1,1,1,-9999,N/A
1477,514.166615,514.1665882003637,514.166926194449,1660331.4,-9999,247804.5,12.88,-1,-0.657362557110264,0.9245865540258876,0.9761226234274016,0.9452009817864934,13,1.25,0.16666666666666666,13C1 N4 S2 O4,de-protonated,1,1467,C24 H30 O4 N4 S2 13C1,24,30,4,4,-9999,2,1,N/A
1478,515.048516,515.048489282327,515.048935527729,6488226,-9999,276863.7,55.07,-1,-0.8664135992710622,0.4363303128998854,0.7871578612348809,0.5766613322338836,20,0.64,0.2,N4 S2 O5,de-protonated,0,-9999,C25 H16 O5 N4 S2,25,16,5,4,-9999,2,-9999,N/A
1478,515.048516,515.048489282327,515.048066147859,6488226,-9999,276863.7,55.07,-1,0.8215436495388876,0.4423680449899015,0.7939170211058494,0.5829876354362806,21,0.5,0.4166666666666667,N4 O10,de-protonated,0,-9999,C24 H12 O10 N4,24,12,10,4,-9999,-9999,-9999,N/A
1479,515.069644,515.0696172842908,515.0698681912991,3225774.3,-9999,279196.9,26.56,-1,-0.4871319869456796,0.47892823593411055,0.7428850341668535,0.5845109552272076,23,0.65625,0.03125,S2 P1 O1,de-protonated,0,-9999,C32 H21 O1 P1 S2,32,21,1,-9999,1,2,-9999,N/A
1479,515.069644,515.0696172842908,515.0700648957891,3225774.3,-9999,279196.9,26.56,-1,-0.8690303102876964,0.8719418612655133,0,0.523165116759308,15,0.9090909090909092,0.3181818181818182,N4 S2 O7,de-protonated,0,-9999,C22 H20 O7 N4 S2,22,20,7,4,-9999,2,-9999,N/A
1479,515.069644,515.0696172842908,515.069195515919,3225774.3,-9999,279196.9,26.56,-1,0.8188576902901337,0.8854436946993962,0,0.5312662168196377,16,0.7619047619047619,0.5714285714285714,N4 O12,de-protonated,0,-9999,C21 H16 O12 N4,21,16,12,4,-9999,-9999,-9999,N/A
1480,515.083238,515.0832112855542,515.083114246689,2778294,-9999,380622.3,22.65,-1,0.1883945765415143,0.9935806223216448,0,0.5961483733929869,15,0.8333333333333334,0.5416666666666666,O13,de-protonated,0,-9999,C24 H20 O13,24,20,13,-9999,-9999,-9999,-9999,N/A
1480,515.083238,515.0832112855542,515.083603504039,2778294,-9999,380622.3,22.65,-1,-0.7614656770433644,0.9001360254693388,0,0.5400816152816033,19,0.7777777777777778,0.18518518518518515,N2 S1 P1 O5,de-protonated,0,-9999,C27 H21 O5 N2 P1 S1,27,21,5,2,1,1,-9999,N/A
1480,515.083238,515.0832112855542,515.082952055359,2778294,-9999,380622.3,22.65,-1,0.5032785382416028,0.955081111698048,0,0.5730486670188287,10,1.3157894736842106,0.3684210526315789,N4 S2 P1 O7,de-protonated,0,-9999,C19 H25 O7 N4 P1 S2,19,25,7,4,1,2,-9999,N/A
1481,515.084934,515.0849072857117,515.0853210370791,8071351,-9999,254645.5,68.91,-1,-0.8032676345721074,0.8775022078643847,0.9692901153214476,0.9142173708472098,19,0.7692307692307693,0.15384615384615383,N4 S2 O4,de-protonated,0,-9999,C26 H20 O4 N4 S2,26,20,4,4,-9999,2,-9999,N/A
1481,515.084934,515.0849072857117,515.084451657209,8071351,-9999,254645.5,68.91,-1,0.8845704839233004,0.8799954035405708,0.9759351560435086,0.918371304541746,20,0.64,0.36,N4 O9,de-protonated,0,-9999,C25 H16 O9 N4,25,16,9,4,-9999,-9999,-9999,N/A
1482,515.106101,515.1060742876789,515.1064504051391,4633795,-9999,293197.8,38.87,-1,-0.7301742385130613,0.4538959240443136,0.8007932653391622,0.592654860562253,14,1.0434782608695652,0.2608695652173913,N4 S2 O6,de-protonated,0,-9999,C23 H24 O6 N4 S2,23,24,6,4,-9999,2,-9999,N/A
1482,515.106101,515.1060742876789,515.1055810252691,4633795,-9999,293197.8,38.87,-1,0.957594768868232,0.42335957514210265,0.8077896627745538,0.5771316101950832,15,0.9090909090909092,0.5,N4 O11,de-protonated,0,-9999,C22 H20 O11 N4,22,20,11,4,-9999,-9999,-9999,N/A
1483,515.121328,515.1213012890942,515.121706546429,7653579.5,-9999,273407.8,65.26,-1,-0.7867215255516928,0.4468861773227514,0.7739790330151772,0.5777233195997218,18,0.8888888888888888,0.1111111111111111,N4 S2 O3,de-protonated,0,-9999,C27 H24 O3 N4 S2,27,24,3,4,-9999,2,-9999,N/A
1483,515.121328,515.1213012890942,515.120837166559,7653579.5,-9999,273407.8,65.26,-1,0.9009974003697702,0.893146126092052,0.9920085646327368,0.932691101508326,19,0.7692307692307693,0.3076923076923077,N4 O8,de-protonated,0,-9999,C26 H20 O8 N4,26,20,8,4,-9999,-9999,-9999,N/A
1484,515.142467,515.1424402910588,515.1428359144891,4480215.5,-9999,298287.5,37.52,-1,-0.7679878329666409,0.4492541213449199,0.7939170211058494,0.5871192812492917,13,1.1666666666666667,0.20833333333333337,N4 S2 O5,de-protonated,0,-9999,C24 H28 O5 N4 S2,24,28,5,4,-9999,2,-9999,N/A
1484,515.142467,515.1424402910588,515.141966534619,4480215.5,-9999,298287.5,37.52,-1,0.9196619003122086,0.428865259611907,0.8007932653391621,0.577636461902809,14,1.0434782608695652,0.43478260869565216,N4 O10,de-protonated,0,-9999,C23 H24 O10 N4,23,24,10,4,-9999,-9999,-9999,N/A
1485,515.15593,515.1559032923101,515.155885265389,2258143.5,-9999,401181,18.1,-1,0.03499313824615804,0.999777837186474,0,0.5998667023118844,13,1.0769230769230769,0.4230769230769231,O11,de-protonated,0,-9999,C26 H28 O11,26,28,11,-9999,-9999,-9999,-9999,N/A
1485,515.15593,515.1559032923101,515.156374522739,2258143.5,-9999,401181,18.1,-1,-0.9147327923360764,0.8591389065845926,0,0.5154833439507556,17,1,0.10344827586206896,N2 S1 P1 O3,de-protonated,0,-9999,C29 H29 O3 N2 P1 S1,29,29,3,2,1,1,-9999,N/A
1485,515.15593,515.1559032923101,515.155723074059,2258143.5,-9999,401181,18.1,-1,0.3498325710668786,0.978038539455382,0,0.5868231236732292,8,1.5714285714285714,0.23809523809523808,N4 S2 P1 O5,de-protonated,0,-9999,C21 H33 O5 N4 P1 S2,21,33,5,4,1,2,-9999,N/A
1486,515.157688,515.1576612924734,515.1580920557791,7117024.5,-9999,276412.6,60.57,-1,-0.8361769178955964,0.874266236879433,0.9690679197845476,0.9121869100414788,17,1,0.07142857142857142,N4 S2 O2,de-protonated,0,-9999,C28 H28 O2 N4 S2,28,28,2,4,-9999,2,-9999,N/A
1486,515.157688,515.1576612924734,515.157222675909,7117024.5,-9999,276412.6,60.57,-1,0.851422721346208,0.8835683492066596,0.9754932248146226,0.9203382994498448,18,0.8888888888888888,0.25925925925925924,N4 O7,de-protonated,0,-9999,C27 H24 O7 N4,27,24,7,4,-9999,-9999,-9999,N/A
1487,515.178733,515.1787062944293,515.1792214238391,2170092.5,-9999,397211.8,17.33,-1,-0.9999033120312368,0.8340903074277974,0,0.5004541844566784,12,1.28,0.16,N4 S2 O4,de-protonated,0,-9999,C25 H32 O4 N4 S2,25,32,4,4,-9999,2,-9999,N/A
1487,515.178733,515.1787062944293,515.1783520439691,2170092.5,-9999,397211.8,17.33,-1,0.6876268359986571,0.9177828133491972,0,0.5506696880095183,13,1.1666666666666667,0.375,N4 O9,de-protonated,0,-9999,C24 H28 O9 N4,24,28,9,4,-9999,-9999,-9999,N/A
1488,515.179485,515.1794582944992,515.179872872519,2116845,-9999,288050.7,16.87,-1,-0.8047247992712956,0.8891379300027787,0,0.5334827580016672,21,0.8484848484848485,0.06060606060606061,N2 S1 O2,de-protonated,0,-9999,C33 H28 O2 N2 S1,33,28,2,2,-9999,1,-9999,N/A
1488,515.179485,515.1794582944992,515.1792214238391,2116845,-9999,288050.7,16.87,-1,0.4597830236736574,0.9623680336638438,0,0.5774208201983063,12,1.28,0.16,N4 S2 O4,de-protonated,0,-9999,C25 H32 O4 N4 S2,25,32,4,4,-9999,2,-9999,N/A
1489,515.194103,515.1940762958578,515.194477565129,5646581.5,-9999,293509.4,47.72,-1,-0.7788695116603284,0.870471958246444,0.9814549953329504,0.9148651730810464,16,1.103448275862069,0.03448275862068965,N4 S2 O1,de-protonated,0,-9999,C29 H32 O1 N4 S2,29,32,1,4,-9999,2,-9999,N/A
1489,515.194103,515.1940762958578,515.193608185259,5646581.5,-9999,293509.4,47.72,-1,0.9086110374699932,0.8853900832110619,0.987774497402388,0.9263438488875924,17,1,0.21428571428571427,N4 O6,de-protonated,0,-9999,C28 H28 O6 N4,28,28,6,4,-9999,-9999,-9999,N/A
1490,515.230439,515.2304122992349,515.2299936946091,2637322,-9999,231807.9,21.42,-1,0.8124616790863964,0.887121625938946,0,0.5322729755633675,16,1.103448275862069,0.1724137931034483,N4 O5,de-protonated,0,-9999,C29 H32 O5 N4,29,32,5,4,-9999,-9999,-9999,N/A
1493,516.088242,516.0882153789587,516.087746133409,1878260.8,-9999,321248,14.78,-1,0.909235983935068,0.86070327957569,0,0.516421967745414,28,0.4411764705882353,0.14705882352941177,N1 O5,de-protonated,0,-9999,C34 H15 O5 N1,34,15,5,1,-9999,-9999,-9999,N/A
1493,516.088242,516.0882153789587,516.0880970063291,1878260.8,-9999,321248,14.78,-1,0.22936516121722955,0.9904996948420552,0,0.5942998169052331,5,1.75,0.625,N3 S2 P1 O10,de-protonated,0,-9999,C16 H28 O10 N3 P1 S2,16,28,10,3,1,2,-9999,N/A
1493,516.088242,516.0882153789587,516.0886758721491,1878260.8,-9999,321248,14.78,-1,-0.8922753238843268,0.865488384633295,0.9692901153214476,0.907009076908556,19,0.8,0.16,13C1 N4 S2 O4,de-protonated,1,1481,C25 H20 O4 N4 S2 13C1,25,20,4,4,-9999,2,1,N/A
1493,516.088242,516.0882153789587,516.0878064922791,1878260.8,-9999,321248,14.78,-1,0.792281225058607,0.8923497995229328,0.9759351560435086,0.9257839421311632,20,0.6666666666666666,0.375,13C1 N4 O9,de-protonated,1,1481,C24 H16 O9 N4 13C1,24,16,9,4,-9999,-9999,1,N/A
1495,516.124561,516.1245343823341,516.124131642759,2052873.5,-9999,306477.1,16.31,-1,0.7803153357382359,0.8954018583707833,0,0.53724111502247,27,0.5428571428571428,0.11428571428571428,N1 O4,de-protonated,0,-9999,C35 H19 O4 N1,35,19,4,1,-9999,-9999,-9999,N/A
1495,516.124561,516.1245343823341,516.124482515679,2052873.5,-9999,306477.1,16.31,-1,0.10049253010826592,0.9981692731602252,0,0.5989015638961351,4,1.8823529411764703,0.5294117647058824,N3 S2 P1 O9,de-protonated,0,-9999,C17 H32 O9 N3 P1 S2,17,32,9,3,1,2,-9999,N/A
1495,516.124561,516.1245343823341,516.124192001629,2052873.5,-9999,306477.1,16.31,-1,0.6633688371869646,0.923256684715389,0.9920085646327368,0.950757436682328,19,0.8,0.32,13C1 N4 O8,de-protonated,1,1483,C25 H20 O8 N4 13C1,25,20,8,4,-9999,-9999,1,N/A
1496,516.161017,516.1609903857224,516.160517152109,1796126.4,-9999,286083.7,14.06,-1,0.9168341971044852,0.8585391181386797,0,0.5151234708832078,26,0.6388888888888888,0.08333333333333333,N1 O3,de-protonated,0,-9999,C36 H23 O3 N1,36,23,3,1,-9999,-9999,-9999,N/A
1496,516.161017,516.1609903857224,516.160868025029,1796126.4,-9999,286083.7,14.06,-1,0.2370592211334615,0.9898549266678288,0,0.5939129560006974,3,2,0.4444444444444444,N3 S2 P1 O8,de-protonated,0,-9999,C18 H36 O8 N3 P1 S2,18,36,8,3,1,2,-9999,N/A
1496,516.161017,516.1609903857224,516.1614468908491,1796126.4,-9999,286083.7,14.06,-1,-0.8844231383395876,0.8676820437980143,0.9690679197845476,0.9082363941926276,17,1.037037037037037,0.07407407407407407,13C1 N4 S2 O2,de-protonated,1,1486,C27 H28 O2 N4 S2 13C1,27,28,2,4,-9999,2,1,N/A
1496,516.161017,516.1609903857224,516.1605775109791,1796126.4,-9999,286083.7,14.06,-1,0.7998959262333011,0.8903888988231541,0.9754932248146226,0.9244306292197416,18,0.9230769230769232,0.2692307692307692,13C1 N4 O7,de-protonated,1,1486,C26 H24 O7 N4 13C1,26,24,7,4,-9999,-9999,1,N/A
1497,516.197362,516.1973353891002,516.196902661459,1594675.1,-9999,437744.6,12.3,-1,0.8382995692874944,0.8802825275786863,0,0.5281695165472118,25,0.7297297297297297,0.05405405405405406,N1 O2,de-protonated,0,-9999,C37 H27 O2 N1,37,27,2,1,-9999,-9999,-9999,N/A
1497,516.197362,516.1973353891002,516.197253534379,1594675.1,-9999,437744.6,12.3,-1,0.15857256241016263,0.9954478187793596,0,0.5972686912676157,2,2.1052631578947367,0.3684210526315789,N3 S2 P1 O7,de-protonated,0,-9999,C19 H40 O7 N3 P1 S2,19,40,7,3,1,2,-9999,N/A
1497,516.197362,516.1973353891002,516.1978324001991,1594675.1,-9999,437744.6,12.3,-1,-0.9628306585280916,0.845175727095257,0.9814549953329504,0.8996874343903344,16,1.1428571428571428,0.03571428571428571,13C1 N4 S2 O1,de-protonated,1,1489,C28 H32 O1 N4 S2 13C1,28,32,1,4,-9999,2,1,N/A
1497,516.197362,516.1973353891002,516.196963020329,1594675.1,-9999,437744.6,12.3,-1,0.7213695505231641,0.9098994465732314,0.987774497402388,0.941049466904894,17,1.037037037037037,0.2222222222222222,13C1 N4 O6,de-protonated,1,1489,C27 H28 O6 N4 13C1,27,28,6,4,-9999,-9999,1,N/A
1498,517.027826,517.0277994662831,517.0282000828391,3004687.8,-9999,289702.6,24.62,-1,-0.7748446911737453,0.896785172013937,0,0.5380711032083622,20,0.5833333333333334,0.25,N4 S2 O6,de-protonated,0,-9999,C24 H14 O6 N4 S2,24,14,6,4,-9999,2,-9999,N/A
1498,517.027826,517.0277994662831,517.027330702969,3004687.8,-9999,289702.6,24.62,-1,0.9066509374608918,0.8614366939370166,0,0.51686201636221,21,0.43478260869565216,0.4782608695652174,N4 O11,de-protonated,0,-9999,C23 H10 O11 N4,23,10,11,4,-9999,-9999,-9999,N/A
1499,517.064106,517.064079469655,517.064585592189,9362724,-9999,295038.6,80.18,-1,-0.9788381338367832,0.8773409712203413,0.9605115283895508,0.910609194088025,19,0.72,0.2,N4 S2 O5,de-protonated,0,-9999,C25 H18 O5 N4 S2,25,18,5,4,-9999,2,-9999,N/A
1499,517.064106,517.064079469655,517.063716212319,9362724,-9999,295038.6,80.18,-1,0.7025388256000872,0.45716854913203286,0.7939170211058494,0.5918679379215595,20,0.5833333333333334,0.4166666666666667,N4 O10,de-protonated,0,-9999,C24 H14 O10 N4,24,14,10,4,-9999,-9999,-9999,N/A
1500,517.100548,517.1005214730418,517.1009711015391,9973049,-9999,292437.2,85.52,-1,-0.8695177972260321,0.6026597299441342,0.919951816749208,0.7295765646661636,18,0.8461538461538461,0.15384615384615383,N4 S2 O4,de-protonated,0,-9999,C26 H22 O4 N4 S2,26,22,4,4,-9999,2,-9999,N/A
1500,517.100548,517.1005214730418,517.100101721669,9973049,-9999,292437.2,85.52,-1,0.8117410369150043,0.4436550264445449,0.7871578612348809,0.5810561603606793,19,0.72,0.36,N4 O9,de-protonated,0,-9999,C25 H18 O9 N4,25,18,9,4,-9999,-9999,-9999,N/A
1501,517.1217,517.1216734750077,517.1221004695991,2038085.6,-9999,397626.7,16.17,-1,-0.8257132909611448,0.8836341523118244,0,0.5301804913870947,13,1.1304347826086956,0.2608695652173913,N4 S2 O6,de-protonated,0,-9999,C23 H26 O6 N4 S2,23,26,6,4,-9999,2,-9999,N/A
1501,517.1217,517.1216734750077,517.1212310897291,2038085.6,-9999,397626.7,16.17,-1,0.8554769210357828,0.8756476062671131,0,0.5253885637602679,14,1,0.5,N4 O11,de-protonated,0,-9999,C22 H22 O11 N4,22,22,11,4,-9999,-9999,-9999,N/A
1502,517.135335,517.135308476275,517.135149820499,2980173.5,-9999,431213.3,24.4,-1,0.30679750937754524,0.9830662107562376,0,0.5898397264537425,13,1.04,0.48,O12,de-protonated,0,-9999,C25 H26 O12,25,26,12,-9999,-9999,-9999,-9999,N/A
1502,517.135335,517.135308476275,517.1356390778491,2980173.5,-9999,431213.3,24.4,-1,-0.6392937347759301,0.4642627479767477,0.7675537279851021,0.5855791399800895,17,0.9642857142857144,0.14285714285714285,N2 S1 P1 O4,de-protonated,0,-9999,C28 H27 O4 N2 P1 S1,28,27,4,2,1,1,-9999,N/A
1502,517.135335,517.135308476275,517.134987629169,2980173.5,-9999,431213.3,24.4,-1,0.6204320218959727,0.9325373149402644,0,0.5595223889641585,8,1.55,0.3,N4 S2 P1 O6,de-protonated,0,-9999,C20 H31 O6 N4 P1 S2,20,31,6,4,1,2,-9999,N/A
1503,517.136934,517.1369074764235,517.137356610889,9540942,-9999,279296.8,81.74,-1,-0.8685012980718285,0.8943611990895122,0.96909366209355,0.9242541842911274,17,0.9629629629629628,0.1111111111111111,N4 S2 O3,de-protonated,0,-9999,C27 H26 O3 N4 S2,27,26,3,4,-9999,2,-9999,N/A
1503,517.136934,517.1369074764235,517.136487231019,9540942,-9999,279296.8,81.74,-1,0.8126392448820596,0.8627879721307955,0.9756274495911929,0.9079237631149544,18,0.8461538461538461,0.3076923076923077,N4 O8,de-protonated,0,-9999,C26 H22 O8 N4,26,22,8,4,-9999,-9999,-9999,N/A
1504,517.171683,517.171656479653,517.171535329849,2982242.3,-9999,425281.4,24.42,-1,0.23425458628053383,0.990092372171802,0,0.5940554233030811,12,1.1538461538461535,0.4230769230769231,O11,de-protonated,0,-9999,C26 H30 O11,26,30,11,-9999,-9999,-9999,-9999,N/A
1504,517.171683,517.171656479653,517.1720245871991,2982242.3,-9999,425281.4,24.42,-1,-0.7117700272310464,0.45608682041119825,0.7612342259156645,0.5781457826129848,16,1.0689655172413792,0.10344827586206896,N2 S1 P1 O3,de-protonated,0,-9999,C29 H31 O3 N2 P1 S1,29,31,3,2,1,1,-9999,N/A
1504,517.171683,517.171656479653,517.171373138519,2982242.3,-9999,425281.4,24.42,-1,0.5478670103425728,0.9469932418988858,0,0.5681959451393315,7,1.6666666666666667,0.23809523809523808,N4 S2 P1 O5,de-protonated,0,-9999,C21 H35 O5 N4 P1 S2,21,35,5,4,1,2,-9999,N/A
1505,517.173378,517.1733514798105,517.173742120239,9295203,-9999,274499.9,79.59,-1,-0.7553369335070836,0.8811144961719003,0.9983858012107626,0.9280230181874451,16,1.0714285714285714,0.07142857142857142,N4 S2 O2,de-protonated,0,-9999,C28 H30 O2 N4 S2,28,30,2,4,-9999,2,-9999,N/A
1505,517.173378,517.1733514798105,517.172872740369,9295203,-9999,274499.9,79.59,-1,0.9256855236473692,0.8772444918450977,0.9919604961806876,0.9231308935793336,17,0.9629629629629628,0.25925925925925924,N4 O7,de-protonated,0,-9999,C27 H26 O7 N4,27,26,7,4,-9999,-9999,-9999,N/A
1506,517.209709,517.2096824831872,517.210127629589,6851960,-9999,288284.2,58.24,-1,-0.8606683783830392,0.9125810487446256,0.9714173350572272,0.9361155632696664,15,1.1724137931034482,0.03448275862068965,N4 S2 O1,de-protonated,0,-9999,C29 H34 O1 N4 S2,29,34,1,4,-9999,2,-9999,N/A
1506,517.209709,517.2096824831872,517.209258249719,6851960,-9999,288284.2,58.24,-1,0.8202356423157758,0.442540448898123,0.7675537279851021,0.5725457605329147,16,1.0714285714285714,0.21428571428571427,N4 O6,de-protonated,0,-9999,C28 H30 O6 N4,28,30,6,4,-9999,-9999,-9999,N/A
1507,517.246025,517.2459984865624,517.245643759069,2929037,-9999,323728.7,23.96,-1,0.6858008329801205,0.45910027368661105,0.7612342259156645,0.5799538545782325,15,1.1724137931034482,0.1724137931034483,N4 O5,de-protonated,0,-9999,C29 H34 O5 N4,29,34,5,4,-9999,-9999,-9999,N/A
1509,518.067667,518.0676405629254,518.067880068389,2026342,-9999,349637,16.06,-1,-0.4623051781381021,0.9619620135645288,0,0.5771772081387172,27,0.5,0.02941176470588235,N1 S2 O1,de-protonated,0,-9999,C34 H17 O1 N1 S2,34,17,1,1,-9999,2,-9999,N/A
1509,518.067667,518.0676405629254,518.0680130101191,2026342,-9999,349637,16.06,-1,-0.7189156334441069,0.9104831535306734,0,0.5462898921184041,14,0.9565217391304348,0.391304347826087,N1 S1 P1 O9,de-protonated,0,-9999,C23 H22 O9 N1 P1 S1,23,22,9,1,1,1,-9999,N/A
1509,518.067667,518.0676405629254,518.067361561439,2026342,-9999,349637,16.06,-1,0.5385428749622988,0.9487354586082114,0,0.5692412751649268,5,1.7333333333333334,0.7333333333333333,N3 S2 P1 O11,de-protonated,0,-9999,C15 H26 O11 N3 P1 S2,15,26,11,3,1,2,-9999,N/A
1509,518.067667,518.0676405629254,518.067940427259,2026342,-9999,349637,16.06,-1,0.7028725376776763,0.9142592915497876,0.9605115283895508,0.9327601862856928,19,0.75,0.20833333333333337,13C1 N4 S2 O5,de-protonated,1,1499,C24 H18 O5 N4 S2 13C1,24,18,5,4,-9999,2,1,N/A
1510,518.068331,518.068304562987,518.067880068389,1963430.4,-9999,268751.4,15.51,-1,0.8193802673279952,0.8853061612441442,0,0.5311836967464865,27,0.5,0.02941176470588235,N1 S2 O1,de-protonated,0,-9999,C34 H17 O1 N1 S2,34,17,1,1,-9999,2,-9999,N/A
1510,518.068331,518.068304562987,518.0680130101191,1963430.4,-9999,268751.4,15.51,-1,0.5627694831279528,0.9441534990686736,0,0.566492099441204,14,0.9565217391304348,0.391304347826087,N1 S1 P1 O9,de-protonated,0,-9999,C23 H22 O9 N1 P1 S1,23,22,9,1,1,1,-9999,N/A
1510,518.068331,518.068304562987,518.067940427259,1963430.4,-9999,268751.4,15.51,-1,0.7028725376776763,0.9142592915497876,0.9605115283895508,0.9327601862856928,19,0.75,0.20833333333333337,13C1 N4 S2 O5,de-protonated,1,1499,C24 H18 O5 N4 S2 13C1,24,18,5,4,-9999,2,1,N/A
1512,518.10404,518.1040135663059,518.104398519469,2345339,-9999,299344.6,18.85,-1,-0.7430030785695139,0.9046841552555042,0,0.5428104931533024,13,1.0833333333333333,0.3333333333333333,N1 S1 P1 O8,de-protonated,0,-9999,C24 H26 O8 N1 P1 S1,24,26,8,1,1,1,-9999,N/A
1512,518.10404,518.1040135663059,518.1037470707889,2345339,-9999,299344.6,18.85,-1,0.5143670904641159,0.9531275777277914,0,0.5718765466366749,4,1.875,0.625,N3 S2 P1 O10,de-protonated,0,-9999,C16 H30 O10 N3 P1 S2,16,30,10,3,1,2,-9999,N/A
1512,518.10404,518.1040135663059,518.104325936609,2345339,-9999,299344.6,18.85,-1,-0.602910046347602,0.6241142710728013,0.919951816749208,0.7424492893433638,18,0.88,0.16,13C1 N4 S2 O4,de-protonated,1,1500,C25 H22 O4 N4 S2 13C1,25,22,4,4,-9999,2,1,N/A
1514,518.140379,518.1403525696832,518.140784028819,2312847.8,-9999,263735.1,18.57,-1,-0.8327063785065982,0.8817766350708448,0,0.5290659810425069,12,1.2,0.28,N1 S1 P1 O7,de-protonated,0,-9999,C25 H30 O7 N1 P1 S1,25,30,7,1,1,1,-9999,N/A
1514,518.140379,518.1403525696832,518.140132580139,2312847.8,-9999,263735.1,18.57,-1,0.4245753808441202,0.9678204329340936,0,0.5806922597604561,3,2,0.5294117647058824,N3 S2 P1 O9,de-protonated,0,-9999,C17 H34 O9 N3 P1 S2,17,34,9,3,1,2,-9999,N/A
1514,518.140379,518.1403525696832,518.140711445959,2312847.8,-9999,263735.1,18.57,-1,-0.6926231966344911,0.916635099551625,0.96909366209355,0.937618524568395,17,1,0.1153846153846154,13C1 N4 S2 O3,de-protonated,1,1503,C26 H26 O3 N4 S2 13C1,26,26,3,4,-9999,2,1,N/A
1514,518.140379,518.1403525696832,518.139842066089,2312847.8,-9999,263735.1,18.57,-1,0.9852621872862708,0.8385007661360792,0.9756274495911929,0.8933514395181246,18,0.88,0.32,13C1 N4 O8,de-protonated,1,1503,C25 H22 O8 N4 13C1,25,22,8,4,-9999,-9999,1,N/A
1515,518.176652,518.1766255730544,518.1761672165691,2840484.8,-9999,317724,23.18,-1,0.8845572496291498,0.4338223467768291,0.719752637322661,0.5481944629951618,25,0.6944444444444444,0.08333333333333333,N1 O3,de-protonated,0,-9999,C36 H25 O3 N1,36,25,3,1,-9999,-9999,-9999,N/A
1515,518.176652,518.1766255730544,518.176518089489,2840484.8,-9999,317724,23.18,-1,0.20742654593100532,0.9922234254399392,0,0.5953340552639634,2,2.111111111111111,0.4444444444444444,N3 S2 P1 O8,de-protonated,0,-9999,C18 H38 O8 N3 P1 S2,18,38,8,3,1,2,-9999,N/A
1515,518.176652,518.1766255730544,518.1770969553091,2840484.8,-9999,317724,23.18,-1,-0.9096933414127508,0.8605733685183219,0.9983858012107626,0.9156983415952982,16,1.1111111111111112,0.07407407407407407,13C1 N4 S2 O2,de-protonated,1,1505,C27 H30 O2 N4 S2 13C1,27,30,2,4,-9999,2,1,N/A
1515,518.176652,518.1766255730544,518.176227575439,2840484.8,-9999,317724,23.18,-1,0.7680738600947828,0.8984866992637566,0.9919604961806876,0.935876218030529,17,1,0.2692307692307692,13C1 N4 O7,de-protonated,1,1505,C26 H26 O7 N4 13C1,26,26,7,4,-9999,-9999,1,N/A
1516,518.213236,518.2132095764545,518.213555047519,1823417.9,-9999,287235,14.29,-1,-0.6666577150580685,0.922524177332288,0,0.5535145063993727,10,1.4074074074074074,0.18518518518518515,N1 S1 P1 O5,de-protonated,0,-9999,C27 H38 O5 N1 P1 S1,27,38,5,1,1,1,-9999,N/A
1516,518.213236,518.2132095764545,518.212903598839,1823417.9,-9999,287235,14.29,-1,0.5904476968848499,0.9387010883596616,0,0.563220653015797,1,2.210526315789474,0.3684210526315789,N3 S2 P1 O7,de-protonated,0,-9999,C19 H42 O7 N3 P1 S2,19,42,7,3,1,2,-9999,N/A
1516,518.213236,518.2132095764545,518.2134824646591,1823417.9,-9999,287235,14.29,-1,-0.5265941815694789,0.9509289019765138,0.9714173350572272,0.9591242752087992,15,1.2142857142857142,0.03571428571428571,13C1 N4 S2 O1,de-protonated,1,1506,C28 H34 O1 N4 S2 13C1,28,34,1,4,-9999,2,1,N/A
1517,519.04347,519.0434436536159,519.0438501472989,6056345,-9999,298149.6,51.28,-1,-0.7831586539927498,0.4473399494568723,0.7939170211058494,0.5859707781164631,19,0.6666666666666666,0.25,N4 S2 O6,de-protonated,0,-9999,C24 H16 O6 N4 S2,24,16,6,4,-9999,2,-9999,N/A
1517,519.04347,519.0434436536159,519.0429807674291,6056345,-9999,298149.6,51.28,-1,0.8918070448418525,0.43280979741898623,0.8007932653391621,0.5800031845870566,20,0.5217391304347826,0.4782608695652174,N4 O11,de-protonated,0,-9999,C23 H12 O11 N4,23,12,11,4,-9999,-9999,-9999,N/A
1518,519.07822,519.0781936568455,519.078028866259,3271085.3,-9999,391300.9,26.94,-1,0.3174678513278281,0.9818787432264088,0,0.5891272459358452,14,0.8695652173913043,0.6086956521739131,O14,de-protonated,0,-9999,C23 H20 O14,23,20,14,-9999,-9999,-9999,-9999,N/A
1518,519.07822,519.0781936568455,519.0785181236091,3271085.3,-9999,391300.9,26.94,-1,-0.6250822414026521,0.4657788966689877,0.7805128205128199,0.5916724662065206,18,0.8076923076923077,0.2307692307692308,N2 S1 P1 O6,de-protonated,0,-9999,C26 H21 O6 N2 P1 S1,26,21,6,2,1,1,-9999,N/A
1518,519.07822,519.0781936568455,519.077866674929,3271085.3,-9999,391300.9,26.94,-1,0.6299284509694348,0.930530312736874,0,0.5583181876421245,9,1.3888888888888888,0.4444444444444444,N4 S2 P1 O8,de-protonated,0,-9999,C18 H25 O8 N4 P1 S2,18,25,8,4,1,2,-9999,N/A
1519,519.079798,519.0797716569922,519.080235656649,10396078,-9999,309156.6,89.21,-1,-0.8938881216918884,0.5868269118933473,0.9341976157877584,0.7257751934511117,18,0.8,0.2,N4 S2 O5,de-protonated,0,-9999,C25 H20 O5 N4 S2,25,20,5,4,-9999,2,-9999,N/A
1519,519.079798,519.0797716569922,519.0793662767791,10396078,-9999,309156.6,89.21,-1,0.7809599831169348,0.8804761087888677,0.9953617743525974,0.9264303750143597,19,0.6666666666666666,0.4166666666666667,N4 O10,de-protonated,0,-9999,C24 H16 O10 N4,24,16,10,4,-9999,-9999,-9999,N/A
1520,519.114618,519.1145916602284,519.114414375609,3772866.3,-9999,432939.4,31.32,-1,0.34151357468938554,0.4895298604387203,0.7939170211058493,0.6112847247055719,13,1,0.5416666666666666,O13,de-protonated,0,-9999,C24 H24 O13,24,24,13,-9999,-9999,-9999,-9999,N/A
1520,519.114618,519.1145916602284,519.114903632959,3772866.3,-9999,432939.4,31.32,-1,-0.6009704757947407,0.46828406608180295,0.773979033015177,0.5905620528551525,17,0.925925925925926,0.18518518518518515,N2 S1 P1 O5,de-protonated,0,-9999,C27 H25 O5 N2 P1 S1,27,25,5,2,1,1,-9999,N/A
1520,519.114618,519.1145916602284,519.114252184279,3772866.3,-9999,432939.4,31.32,-1,0.6539522810040145,0.92533709452323,0,0.555202256713938,8,1.5263157894736843,0.3684210526315789,N4 S2 P1 O7,de-protonated,0,-9999,C19 H29 O7 N4 P1 S2,19,29,7,4,1,2,-9999,N/A
1521,519.116247,519.1162206603798,519.116621165999,11301315,-9999,301374.5,97.12,-1,-0.771513765767321,0.29920790175647244,0.7295584795690508,0.4713481328815038,17,0.9230769230769232,0.15384615384615383,N4 S2 O4,de-protonated,0,-9999,C26 H24 O4 N4 S2,26,24,4,4,-9999,2,-9999,N/A
1521,519.116247,519.1162206603798,519.1157517861291,11301315,-9999,301374.5,97.12,-1,0.9032171516678452,0.8945039546212245,0.9785355011065152,0.9281165732153408,18,0.8,0.36,N4 O9,de-protonated,0,-9999,C25 H20 O9 N4,25,20,9,4,-9999,-9999,-9999,N/A
1522,519.150974,519.1509476636073,519.150799884959,3618263.3,-9999,345123.3,29.97,-1,0.284654571112082,0.49270254426905663,0.7871578612348809,0.6104846710553864,12,1.12,0.48,O12,de-protonated,0,-9999,C25 H28 O12,25,28,12,-9999,-9999,-9999,-9999,N/A
1522,519.150974,519.1509476636073,519.1512891423091,3618263.3,-9999,345123.3,29.97,-1,-0.6577633705749604,0.4622490629648315,0.7675537279851021,0.5843709289729397,16,1.0357142857142858,0.14285714285714285,N2 S1 P1 O4,de-protonated,0,-9999,C28 H29 O4 N2 P1 S1,28,29,4,2,1,1,-9999,N/A
1522,519.150974,519.1509476636073,519.150637693629,3618263.3,-9999,345123.3,29.97,-1,0.5970713618926033,0.9373623052745336,0,0.5624173831647201,7,1.65,0.3,N4 S2 P1 O6,de-protonated,0,-9999,C20 H33 O6 N4 P1 S2,20,33,6,4,1,2,-9999,N/A
1523,519.152634,519.1526076637616,519.153006675349,11874776,-9999,309864,102.13,-1,-0.7685818675852766,0.5858420427527279,0.9242832959566756,0.7212185440343069,16,1.037037037037037,0.1111111111111111,N4 S2 O3,de-protonated,0,-9999,C27 H28 O3 N4 S2,27,28,3,4,-9999,2,-9999,N/A
1523,519.152634,519.1526076637616,519.1521372954791,11874776,-9999,309864,102.13,-1,0.906031678882606,0.881459433754703,0.980949299530901,0.9212553800651824,17,0.9230769230769232,0.3076923076923077,N4 O8,de-protonated,0,-9999,C26 H24 O8 N4,26,24,8,4,-9999,-9999,-9999,N/A
1524,519.18907,519.1890436671479,519.189392184699,10942957,-9999,276560.8,93.98,-1,-0.6712724805636459,0.6133021983512262,0.9265171765164292,0.7385881896173074,15,1.1428571428571428,0.07142857142857142,N4 S2 O2,de-protonated,0,-9999,C28 H32 O2 N4 S2,28,32,2,4,-9999,2,-9999,N/A
1524,519.18907,519.1890436671479,519.189525126429,10942957,-9999,276560.8,93.98,-1,-0.927328572330487,0.8536355042511119,0.94701750783968075,0.8909883056865394,2,2.176470588235294,0.5882352941176471,N4 S1 P1 O10,de-protonated,0,-9999,C17 H37 O10 N4 P1 S1,17,37,10,4,1,1,-9999,N/A
1525,519.22541,519.2253836705254,519.225777694049,6210050.5,-9999,255390.9,52.62,-1,-0.7588674148730677,0.8758335172886471,0.9844382149671578,0.9192753963600512,14,1.2413793103448276,0.03448275862068965,N4 S2 O1,de-protonated,0,-9999,C29 H36 O1 N4 S2,29,36,1,4,-9999,2,-9999,N/A
1525,519.22541,519.2253836705254,519.2249083141791,6210050.5,-9999,255390.9,52.62,-1,0.9155114454574504,0.8836412467142818,0.9907577170365952,0.9264878348432072,15,1.1428571428571428,0.21428571428571427,N4 O6,de-protonated,0,-9999,C28 H32 O6 N4,28,32,6,4,-9999,-9999,-9999,N/A
1526,519.261874,519.2618476739143,519.2622961451291,1943319.4,-9999,261360.8,15.33,-1,-0.8636698988367857,0.8734125776094803,0,0.5240475465656882,0,2.3684210526315788,0.42105263157894735,N4 S1 P1 O8,de-protonated,0,-9999,C19 H45 O8 N4 P1 S1,19,45,8,4,1,1,-9999,N/A
1528,520.083211,520.0831847502488,520.083530132849,2775539,-9999,296029.1,22.6,-1,-0.6640906318303951,0.4615480926487103,0.731135910132286,0.5693832196421406,26,0.5588235294117647,0.02941176470588235,N1 S2 O1,de-protonated,0,-9999,C34 H19 O1 N1 S2,34,19,1,1,-9999,2,-9999,N/A
1528,520.083211,520.0831847502488,520.083663074579,2775539,-9999,296029.1,22.6,-1,-0.9197065090388784,0.8577177492499464,0,0.5146306495499678,13,1.0434782608695652,0.391304347826087,N1 S1 P1 O9,de-protonated,0,-9999,C23 H24 O9 N1 P1 S1,23,24,9,1,1,1,-9999,N/A
1528,520.083211,520.0831847502488,520.0830116258991,2775539,-9999,296029.1,22.6,-1,0.3328783019278846,0.9800948174659264,0,0.5880568904795559,4,1.8666666666666667,0.7333333333333333,N3 S2 P1 O11,de-protonated,0,-9999,C15 H28 O11 N3 P1 S2,15,28,11,3,1,2,-9999,N/A
1528,520.083211,520.0831847502488,520.0835904917191,2775539,-9999,296029.1,22.6,-1,-0.7801466487989414,0.5969630841093968,0.9341976157877584,0.7318568967807414,18,0.8333333333333334,0.20833333333333337,13C1 N4 S2 O5,de-protonated,1,1519,C24 H20 O5 N4 S2 13C1,24,20,5,4,-9999,2,1,N/A
1528,520.083211,520.0831847502488,520.0827211118491,2775539,-9999,296029.1,22.6,-1,0.8914704929511044,0.8657138652767579,0.9953617743525974,0.9175730289070936,19,0.6956521739130435,0.43478260869565216,13C1 N4 O10,de-protonated,1,1519,C23 H16 O10 N4 13C1,23,16,10,4,-9999,-9999,1,N/A
1530,520.11947,520.1194437536187,520.119046262329,2674696,-9999,299101.5,21.72,-1,0.7642313670080603,0.4497235537410842,0.731135910132286,0.5622884962975649,26,0.5588235294117647,0.14705882352941177,N1 O5,de-protonated,0,-9999,C34 H19 O5 N1,34,19,5,1,-9999,-9999,-9999,N/A
1530,520.11947,520.1194437536187,520.119397135249,2674696,-9999,299101.5,21.72,-1,0.08963013112402894,0.998543382916028,0,0.5991260297496167,3,2,0.625,N3 S2 P1 O10,de-protonated,0,-9999,C16 H32 O10 N3 P1 S2,16,32,10,3,1,2,-9999,N/A
1530,520.11947,520.1194437536187,520.1191066211991,2674696,-9999,299101.5,21.72,-1,0.648183109125024,0.926599269149406,0.9785355011065152,0.9473737619322498,18,0.8333333333333334,0.375,13C1 N4 O9,de-protonated,1,1521,C24 H20 O9 N4 13C1,24,20,9,4,-9999,-9999,1,N/A
1532,520.155912,520.1558857570056,520.155431771679,2976797,-9999,341889.9,24.36,-1,0.8727878225005892,0.4354534945405358,0.7253996187124169,0.5514319442092882,25,0.6571428571428571,0.11428571428571428,N1 O4,de-protonated,0,-9999,C35 H23 O4 N1,35,23,4,1,-9999,-9999,-9999,N/A
1532,520.155912,520.1558857570056,520.155782644599,2976797,-9999,341889.9,24.36,-1,0.19823370254004272,0.9928950437999032,0,0.595737026279942,2,2.1176470588235294,0.5294117647058824,N3 S2 P1 O9,de-protonated,0,-9999,C17 H36 O9 N3 P1 S2,17,36,9,3,1,2,-9999,N/A
1532,520.155912,520.1558857570056,520.1563615104191,2976797,-9999,341889.9,24.36,-1,-0.914635383925627,0.5727777906116654,0.9242832959566756,0.7133799927496695,16,1.0769230769230769,0.1153846153846154,13C1 N4 S2 O3,de-protonated,1,1523,C26 H28 O3 N4 S2 13C1,26,28,3,4,-9999,2,1,N/A
1532,520.155912,520.1558857570056,520.1554921305491,2976797,-9999,341889.9,24.36,-1,0.756747669737447,0.9013066985825876,0.980949299530901,0.933163738961913,17,0.96,0.32,13C1 N4 O8,de-protonated,1,1523,C25 H24 O8 N4 13C1,25,24,8,4,-9999,-9999,1,N/A
1533,520.192417,520.1923907603984,520.1928196026291,2879026.3,-9999,276818.8,23.51,-1,-0.8243909076206413,0.8839840822005007,0,0.5303904493203004,10,1.3846153846153846,0.2307692307692308,N1 S1 P1 O6,de-protonated,0,-9999,C26 H36 O6 N1 P1 S1,26,36,6,1,1,1,-9999,N/A
1533,520.192417,520.1923907603984,520.1921681539491,2879026.3,-9999,276818.8,23.51,-1,0.4279311819702332,0.9673181714840748,0,0.5803909028904448,1,2.2222222222222223,0.4444444444444444,N3 S2 P1 O8,de-protonated,0,-9999,C18 H40 O8 N3 P1 S2,18,40,8,3,1,2,-9999,N/A
1533,520.192417,520.1923907603984,520.1927470197691,2879026.3,-9999,276818.8,23.51,-1,-0.6848603189111523,0.6122768993345824,0.9265171765164292,0.7379730102073211,15,1.1851851851851851,0.07407407407407407,13C1 N4 S2 O2,de-protonated,1,1524,C27 H32 O2 N4 S2 13C1,27,32,2,4,-9999,2,1,N/A
1533,520.192417,520.1923907603984,520.1928799614991,2879026.3,-9999,276818.8,23.51,-1,-0.94042252308298,0.8517414810582244,0.94701750783968075,0.889851891770807,2,2.3125,0.625,13C1 N4 S1 P1 O10,de-protonated,1,1524,C16 H37 O10 N4 P1 S1 13C1,16,37,10,4,1,1,1,N/A
1534,520.228668,520.2286417637675,520.228202790379,1784391.3,-9999,308761.1,13.94,-1,0.8438092863863182,0.8788034389724146,0,0.5272820633834487,23,0.8378378378378378,0.05405405405405406,N1 O2,de-protonated,0,-9999,C37 H31 O2 N1,37,31,2,1,-9999,-9999,-9999,N/A
1534,520.228668,520.2286417637675,520.228553663299,1784391.3,-9999,308761.1,13.94,-1,0.1693495444792555,0.9948097008502826,0,0.5968858205101696,0,2.3157894736842106,0.3684210526315789,N3 S2 P1 O7,de-protonated,0,-9999,C19 H44 O7 N3 P1 S2,19,44,7,3,1,2,-9999,N/A
1534,520.228668,520.2286417637675,520.229132529119,1784391.3,-9999,308761.1,13.94,-1,-0.9433638387931697,0.850885593679445,0.9844382149671578,0.90430664219453,14,1.2857142857142858,0.03571428571428571,13C1 N4 S2 O1,de-protonated,1,1525,C28 H36 O1 N4 S2 13C1,28,36,1,4,-9999,2,1,N/A
1534,520.228668,520.2286417637675,520.2282631492491,1784391.3,-9999,308761.1,13.94,-1,0.7277853690141317,0.9083657203860742,0.9907577170365952,0.9413225190462826,15,1.1851851851851851,0.2222222222222222,13C1 N4 O6,de-protonated,1,1525,C27 H32 O6 N4 13C1,27,32,6,4,-9999,-9999,1,N/A
1535,521.022782,521.0227558375722,521.0229179979191,1701396.4,-9999,364239.8,13.21,-1,-0.31123457590048786,0.9825771807402232,0,0.5895463084441339,27,0.4545454545454546,0.0303030303030303,S2 P1 O1,de-protonated,0,-9999,C33 H15 O1 P1 S2,33,15,1,-9999,1,2,-9999,N/A
1535,521.022782,521.0227558375722,521.0231147024091,1701396.4,-9999,364239.8,13.21,-1,-0.6887695129052064,0.917520935513102,0,0.5505125613078612,19,0.6086956521739131,0.30434782608695654,N4 S2 O7,de-protonated,0,-9999,C23 H14 O7 N4 S2,23,14,7,4,-9999,2,-9999,N/A
1535,521.022782,521.0227558375722,521.0222453225391,1701396.4,-9999,364239.8,13.21,-1,0.9798334670727944,0.8401254125021312,0,0.5040752475012787,20,0.4545454545454546,0.5454545454545454,N4 O12,de-protonated,0,-9999,C22 H10 O12 N4,22,10,12,4,-9999,-9999,-9999,N/A
1536,521.057486,521.0574598407975,521.0572934213691,2627112.5,-9999,399005.3,21.3,-1,0.31938796464701963,0.9816609063075344,0,0.5889965437845206,14,0.8181818181818182,0.6818181818181818,O15,de-protonated,0,-9999,C22 H18 O15,22,18,15,-9999,-9999,-9999,-9999,N/A
1536,521.057486,521.0574598407975,521.057782678719,2627112.5,-9999,399005.3,21.3,-1,-0.6195818050823846,0.9327157243698216,0,0.5596294346218929,18,0.76,0.28,N2 S1 P1 O7,de-protonated,0,-9999,C25 H19 O7 N2 P1 S1,25,19,7,2,1,1,-9999,N/A
1536,521.057486,521.0574598407975,521.057131230039,2627112.5,-9999,399005.3,21.3,-1,0.6306616661011542,0.9303742665167666,0,0.5582245599100599,9,1.3529411764705883,0.5294117647058824,N4 S2 P1 O9,de-protonated,0,-9999,C17 H23 O9 N4 P1 S2,17,23,9,4,1,2,-9999,N/A
1537,521.059117,521.0590908409491,521.059500211759,8259113.5,-9999,298304.8,70.52,-1,-0.7856507935882051,0.9118280635614816,0.987052459467368,0.941917821923836,18,0.75,0.25,N4 S2 O6,de-protonated,0,-9999,C24 H18 O6 N4 S2,24,18,6,4,-9999,2,-9999,N/A
1537,521.059117,521.0590908409491,521.058630831889,8259113.5,-9999,298304.8,70.52,-1,0.8828355062460136,0.4340619469588777,0.8007932653391622,0.5807544743109915,19,0.6086956521739131,0.4782608695652174,N4 O11,de-protonated,0,-9999,C23 H14 O11 N4,23,14,11,4,-9999,-9999,-9999,N/A
1538,521.074305,521.0742788423606,521.074756353049,2239538.3,-9999,354679.5,17.91,-1,-0.9163957427374256,0.8586643419529777,0,0.5151986051717866,22,0.6428571428571429,0.10714285714285714,N4 S2 O3,de-protonated,0,-9999,C28 H18 O3 N4 S2,28,18,3,4,-9999,2,-9999,N/A
1538,521.074305,521.0742788423606,521.073886973179,2239538.3,-9999,354679.5,17.91,-1,0.7520414885665965,0.9024686913540648,0,0.5414812148124389,23,0.5185185185185185,0.2962962962962963,N4 O8,de-protonated,0,-9999,C27 H14 O8 N4,27,14,8,4,-9999,-9999,-9999,N/A
1539,521.093891,521.093864844181,521.0936789307191,3733053.8,-9999,427958.1,30.96,-1,0.35677550778743383,0.4885841504531031,0.8007932653391623,0.6134677964075268,13,0.9565217391304348,0.6086956521739131,O14,de-protonated,0,-9999,C23 H22 O14,23,22,14,-9999,-9999,-9999,-9999,N/A
1539,521.093891,521.093864844181,521.094168188069,3733053.8,-9999,427958.1,30.96,-1,-0.5821287332845987,0.4701820129418139,0.7805128205128198,0.5943143359702162,17,0.8846153846153846,0.2307692307692308,N2 S1 P1 O6,de-protonated,0,-9999,C26 H23 O6 N2 P1 S1,26,23,6,2,1,1,-9999,N/A
1539,521.093891,521.093864844181,521.0935167393891,3733053.8,-9999,427958.1,30.96,-1,0.6680274858818208,0.9222182020740168,0,0.55333092124441,8,1.5,0.4444444444444444,N4 S2 P1 O8,de-protonated,0,-9999,C18 H27 O8 N4 P1 S2,18,27,8,4,1,2,-9999,N/A
1540,521.095515,521.0954888443318,521.0958857211091,11466303,-9999,282025.5,98.55,-1,-0.7616194794853529,0.590169823782393,0.9278460956268784,0.7252403325201873,17,0.88,0.2,N4 S2 O5,de-protonated,0,-9999,C25 H22 O5 N4 S2,25,22,5,4,-9999,2,-9999,N/A
1540,521.095515,521.0954888443318,521.0950163412391,11466303,-9999,282025.5,98.55,-1,0.906750358226567,0.8770970324559937,0.9864021195185112,0.9208190672810006,18,0.75,0.4166666666666667,N4 O10,de-protonated,0,-9999,C24 H18 O10 N4,24,18,10,4,-9999,-9999,-9999,N/A
1541,521.130233,521.1302068475585,521.130064440069,3955282.8,-9999,392798.1,32.91,-1,0.2732666933867852,0.4932708796630357,0.7939170211058493,0.6135293362401611,12,1.0833333333333333,0.5416666666666666,O13,de-protonated,0,-9999,C24 H26 O13,24,26,13,-9999,-9999,-9999,-9999,N/A
1541,521.130233,521.1302068475585,521.130553697419,3955282.8,-9999,392798.1,32.91,-1,-0.6655719148943583,0.4613831728941201,0.7739790330151772,0.586421516942543,16,1,0.18518518518518515,N2 S1 P1 O5,de-protonated,0,-9999,C27 H27 O5 N2 P1 S1,27,27,5,2,1,1,-9999,N/A
1541,521.130233,521.1302068475585,521.129902248739,3955282.8,-9999,392798.1,32.91,-1,0.584496913746458,0.939892736891225,0,0.563935642134735,7,1.631578947368421,0.3684210526315789,N4 S2 P1 O7,de-protonated,0,-9999,C19 H31 O7 N4 P1 S2,19,31,7,4,1,2,-9999,N/A
1542,521.131933,521.1319068477166,521.1322712304591,13006420,-9999,311610.3,112.01,-1,-0.6992135445225637,0.5966675793170115,0.9270695237705364,0.7288283570984215,16,1,0.15384615384615383,N4 S2 O4,de-protonated,0,-9999,C26 H26 O4 N4 S2,26,26,4,4,-9999,2,-9999,N/A
1542,521.131933,521.1319068477166,521.1314018505891,13006420,-9999,311610.3,112.01,-1,0.9690399113485184,0.8659691064443338,0.9846689054363664,0.91344902604114675,17,0.88,0.36,N4 O9,de-protonated,0,-9999,C25 H22 O9 N4,25,22,9,4,-9999,-9999,-9999,N/A
1542,521.131933,521.1319068477166,521.132404172189,13006420,-9999,311610.3,112.01,-1,-0.9543150041732986,0.8516773191848955,0.98776352418542,0.9061118011851051,3,2.066666666666667,0.8,N4 S1 P1 O12,de-protonated,0,-9999,C15 H31 O12 N4 P1 S1,15,31,12,4,1,1,-9999,N/A
1543,521.168341,521.1683148511004,521.168656739809,13801065,-9999,263836,118.95,-1,-0.6560039713989616,0.619052778936304,0.935227940372902,0.7455228435109431,15,1.1111111111111112,0.1111111111111111,N4 S2 O3,de-protonated,0,-9999,C27 H30 O3 N4 S2,27,30,3,4,-9999,2,-9999,N/A
1543,521.168341,521.1683148511004,521.1687896815391,13801065,-9999,263836,118.95,-1,-0.9110876325456416,0.8650588097998138,0.9341328091621072,0.892688409544731,2,2.1875,0.6875,N4 S1 P1 O11,de-protonated,0,-9999,C16 H35 O11 N4 P1 S1,16,35,11,4,1,1,-9999,N/A
1544,521.204756,521.2047298544846,521.2050422491591,8919678,-9999,231805.7,76.29,-1,-0.5993700158579272,0.914523784539348,0.9800868130797616,0.9407489959555136,14,1.2142857142857142,0.07142857142857142,N4 S2 O2,de-protonated,0,-9999,C28 H34 O2 N4 S2,28,34,2,4,-9999,2,-9999,N/A
1544,521.204756,521.2047298544846,521.205175190889,8919678,-9999,231805.7,76.29,-1,-0.8544358835372041,0.43796524034141066,0.8446892076502734,0.6006548272649558,1,2.2941176470588234,0.5882352941176471,N4 S1 P1 O10,de-protonated,0,-9999,C17 H39 O10 N4 P1 S1,17,39,10,4,1,1,-9999,N/A
1545,521.241036,521.2410098578565,521.241427758509,4375187.5,-9999,304913.9,36.58,-1,-0.8017410554798927,0.44495579030187943,0.7612342259156645,0.5714671645473934,13,1.3103448275862069,0.03448275862068965,N4 S2 O1,de-protonated,0,-9999,C29 H38 O1 N4 S2,29,38,1,4,-9999,2,-9999,N/A
1545,521.241036,521.2410098578565,521.2405583786391,4375187.5,-9999,304913.9,36.58,-1,0.8661628688720808,0.4363647071411476,0.7675537279851021,0.5688403154787294,14,1.2142857142857142,0.21428571428571427,N4 O6,de-protonated,0,-9999,C28 H34 O6 N4,28,34,6,4,-9999,-9999,-9999,N/A
1546,522.06255,522.0625239342075,522.062794687959,1976945.8,-9999,353797.8,15.61,-1,-0.5186229591922318,0.9523675734803356,0,0.5714205440882013,26,0.5151515151515151,0.06060606060606061,N1 S2 O2,de-protonated,0,-9999,C33 H17 O2 N1 S2,33,17,2,1,-9999,2,-9999,N/A
1546,522.06255,522.0625239342075,522.06292762968906,1976945.8,-9999,353797.8,15.61,-1,-0.7732697729411527,0.8971819973525722,0,0.5383091984115433,13,1,0.4545454545454546,N1 S1 P1 O10,de-protonated,0,-9999,C22 H22 O10 N1 P1 S1,22,22,10,1,1,1,-9999,N/A
1546,522.06255,522.0625239342075,522.062276181009,1976945.8,-9999,353797.8,15.61,-1,0.47456636852386896,0.959959055261243,0,0.5759754331567458,4,1.8571428571428572,0.8571428571428571,N3 S2 P1 O12,de-protonated,0,-9999,C14 H26 O12 N3 P1 S2,14,26,12,3,1,2,-9999,N/A
1546,522.06255,522.0625239342075,522.0628550468291,1976945.8,-9999,353797.8,15.61,-1,-0.6342389969929282,0.9296106966617548,0.987052459467368,0.952587401784,18,0.782608695652174,0.2608695652173913,13C1 N4 S2 O6,de-protonated,1,1537,C23 H18 O6 N4 S2 13C1,23,18,6,4,-9999,2,1,N/A
1548,522.09881,522.0987839375775,522.099180197309,2733191,-9999,346851.3,22.22,-1,-0.7589740541714592,0.4503774928634095,0.731135910132286,0.56268085977096,25,0.6176470588235294,0.02941176470588235,N1 S2 O1,de-protonated,0,-9999,C34 H21 O1 N1 S2,34,21,1,1,-9999,2,-9999,N/A
1548,522.09881,522.0987839375775,522.098310817439,2733191,-9999,346851.3,22.22,-1,0.9061897514429144,0.4307836925029153,0.7369636471990462,0.5532556743813677,26,0.5151515151515151,0.18181818181818185,N1 O6,de-protonated,0,-9999,C33 H17 O6 N1,33,17,6,1,-9999,-9999,-9999,N/A
1548,522.09881,522.0987839375775,522.098661690359,2733191,-9999,346851.3,22.22,-1,0.23414581861984676,0.990101524858578,0,0.5940609149151468,3,2,0.7333333333333333,N3 S2 P1 O11,de-protonated,0,-9999,C15 H30 O11 N3 P1 S2,15,30,11,3,1,2,-9999,N/A
1548,522.09881,522.0987839375775,522.0992405561791,2733191,-9999,346851.3,22.22,-1,-0.8745820068124447,0.5802744703029004,0.9278460956268784,0.7193031204324916,17,0.9166666666666666,0.20833333333333337,13C1 N4 S2 O5,de-protonated,1,1540,C24 H22 O5 N4 S2 13C1,24,22,5,4,-9999,2,1,N/A
1548,522.09881,522.0987839375775,522.098371176309,2733191,-9999,346851.3,22.22,-1,0.7905814140067318,0.8927855509832884,0.9864021195185112,0.9302321783973776,18,0.782608695652174,0.43478260869565216,13C1 N4 O10,de-protonated,1,1540,C23 H18 O10 N4 13C1,23,18,10,4,-9999,-9999,1,N/A
1550,522.135204,522.13517794096,522.134696326789,3201180,-9999,351545.8,26.31,-1,0.9223944978109178,0.4284737386933711,0.731135910132286,0.549538607268937,25,0.6176470588235294,0.14705882352941177,N1 O5,de-protonated,0,-9999,C34 H21 O5 N1,34,21,5,1,-9999,-9999,-9999,N/A
1550,522.135204,522.13517794096,522.135698648389,3201180,-9999,351545.8,26.31,-1,-0.9972645623853028,0.834888278823195,0,0.500932967293917,11,1.25,0.3333333333333333,N1 S1 P1 O8,de-protonated,0,-9999,C24 H30 O8 N1 P1 S1,24,30,8,1,1,1,-9999,N/A
1550,522.135204,522.13517794096,522.135047199709,3201180,-9999,351545.8,26.31,-1,0.2503973861601232,0.988687844930296,0,0.5932127069581775,2,2.125,0.625,N3 S2 P1 O10,de-protonated,0,-9999,C16 H34 O10 N3 P1 S2,16,34,10,3,1,2,-9999,N/A
1550,522.135204,522.13517794096,522.1356260655291,3201180,-9999,351545.8,26.31,-1,-0.8582531945541899,0.5832613276815453,0.9270695237705364,0.7207846061171418,16,1.04,0.16,13C1 N4 S2 O4,de-protonated,1,1542,C25 H26 O4 N4 S2 13C1,25,26,4,4,-9999,2,1,N/A
1550,522.135204,522.13517794096,522.1347566856591,3201180,-9999,351545.8,26.31,-1,0.8067942145722421,0.8886000632954272,0.9846689054363664,0.927027600151803,17,0.9166666666666666,0.375,13C1 N4 O9,de-protonated,1,1542,C24 H22 O9 N4 13C1,24,22,9,4,-9999,-9999,1,N/A
1551,522.136269,522.136242941059,522.1365468015591,1898140.8,-9999,326327.5,14.92,-1,-0.581956007486279,0.940398334212318,0,0.5642390005273907,12,1.1363636363636365,0.5454545454545454,N3 O12,de-protonated,0,-9999,C22 H25 O12 N3,22,25,12,3,-9999,-9999,-9999,N/A
1551,522.136269,522.136242941059,522.135759007259,1898140.8,-9999,326327.5,14.92,-1,0.926835198714796,0.855671547241086,0.98776352418542,0.9085083380188196,3,2.2142857142857144,0.8571428571428571,13C1 N4 S1 P1 O12,de-protonated,1,1542,C14 H31 O12 N4 P1 S1 13C1,14,31,12,4,1,1,1,N/A
1552,522.171713,522.171686944353,522.172084157739,3743921.3,-9999,261542.4,31.05,-1,-0.7606944110188245,0.4501638959886303,0.7871578612348809,0.5849614820871305,10,1.36,0.28,N1 S1 P1 O7,de-protonated,0,-9999,C25 H34 O7 N1 P1 S1,25,34,7,1,1,1,-9999,N/A
1552,522.171713,522.171686944353,522.171432709059,3743921.3,-9999,261542.4,31.05,-1,0.4868808941383431,0.9578989791050954,0,0.5747393874630572,1,2.235294117647059,0.5294117647058824,N3 S2 P1 O9,de-protonated,0,-9999,C17 H38 O9 N3 P1 S2,17,38,9,3,1,2,-9999,N/A
1552,522.171713,522.171686944353,522.1720115748791,3743921.3,-9999,261542.4,31.05,-1,-0.6216926967661763,0.6215149251192335,0.935227940372902,0.7470001312207009,15,1.1538461538461535,0.1153846153846154,13C1 N4 S2 O3,de-protonated,1,1543,C26 H30 O3 N4 S2 13C1,26,30,3,4,-9999,2,1,N/A
1552,522.171713,522.171686944353,522.172144516609,3743921.3,-9999,261542.4,31.05,-1,-0.8762862224404462,0.8699405773685672,0.9341328091621072,0.8956174700859831,2,2.3333333333333335,0.7333333333333333,13C1 N4 S1 P1 O11,de-protonated,1,1543,C15 H35 O11 N4 P1 S1 13C1,15,35,11,4,1,1,1,N/A
1553,522.208009,522.2079829477265,522.207467345489,3010758.5,-9999,310949.1,24.65,-1,0.9873513300434326,0.41893700034190295,0.719752637322661,0.5392632551342063,23,0.8055555555555556,0.08333333333333333,N1 O3,de-protonated,0,-9999,C36 H29 O3 N1,36,29,3,1,-9999,-9999,-9999,N/A
1553,522.208009,522.2079829477265,522.208469667089,3010758.5,-9999,310949.1,24.65,-1,-0.9320403456773502,0.8541706082111106,0,0.5125023649266663,9,1.4615384615384617,0.2307692307692308,N1 S1 P1 O6,de-protonated,0,-9999,C26 H38 O6 N1 P1 S1,26,38,6,1,1,1,-9999,N/A
1553,522.208009,522.2079829477265,522.2078182184091,3010758.5,-9999,310949.1,24.65,-1,0.31544781907687264,0.9821065497799738,0,0.5892639298679843,0,2.3333333333333335,0.4444444444444444,N3 S2 P1 O8,de-protonated,0,-9999,C18 H42 O8 N3 P1 S2,18,42,8,3,1,2,-9999,N/A
1553,522.208009,522.2079829477265,522.2083970842291,3010758.5,-9999,310949.1,24.65,-1,-0.7930483403550447,0.892152910617563,0.9800868130797616,0.9273264716024424,14,1.2592592592592593,0.07407407407407407,13C1 N4 S2 O2,de-protonated,1,1544,C27 H34 O2 N4 S2 13C1,27,34,2,4,-9999,2,1,N/A
1554,523.038504,523.0384780249123,523.038568062379,3336875.5,-9999,280759,27.49,-1,-0.17214307365825798,0.497318758823088,0.7369636471990461,0.5931767141734712,26,0.5151515151515151,0.0303030303030303,S2 P1 O1,de-protonated,0,-9999,C33 H17 O1 P1 S2,33,17,1,-9999,1,2,-9999,N/A
1554,523.038504,523.0384780249123,523.038764766869,3336875.5,-9999,280759,27.49,-1,-0.5482231453423809,0.9469261691259032,0,0.568155701475542,18,0.6956521739130435,0.30434782608695654,N4 S2 O7,de-protonated,0,-9999,C23 H16 O7 N4 S2,23,16,7,4,-9999,2,-9999,N/A
1555,523.0537,523.0536740263246,523.054020908159,3155636.5,-9999,369684.6,25.91,-1,-0.6631854847167516,0.4616487159532738,0.7739790330151771,0.5865808427780351,22,0.5925925925925926,0.14814814814814814,N4 S2 O4,de-protonated,0,-9999,C27 H16 O4 N4 S2,27,16,4,4,-9999,2,-9999,N/A
1555,523.0537,523.0536740263246,523.053151528289,3155636.5,-9999,369684.6,25.91,-1,0.9989387007165084,0.4171910834172626,0.7805128205128198,0.5625197782554854,23,0.4615384615384616,0.34615384615384615,N4 O9,de-protonated,0,-9999,C26 H12 O9 N4,26,12,9,4,-9999,-9999,-9999,N/A
1555,523.0537,523.0536740263246,523.0541538498891,3155636.5,-9999,369684.6,25.91,-1,-0.9173496872193752,0.8583918394604827,0,0.5150351036762896,9,1.3125,0.75,N4 S1 P1 O12,de-protonated,0,-9999,C16 H21 O12 N4 P1 S1,16,21,12,4,1,1,-9999,N/A
1556,523.073128,523.0731020281302,523.072943485829,3137215.8,-9999,411931.1,25.75,-1,0.30309788173748037,0.9834687784052288,0,0.5900812670431372,13,0.9090909090909092,0.6818181818181818,O15,de-protonated,0,-9999,C22 H20 O15,22,20,15,-9999,-9999,-9999,-9999,N/A
1556,523.073128,523.0731020281302,523.0734327431791,3137215.8,-9999,411931.1,25.75,-1,-0.6322535770344903,0.9300349341571528,0,0.5580209604942916,17,0.84,0.28,N2 S1 P1 O7,de-protonated,0,-9999,C25 H21 O7 N2 P1 S1,25,21,7,2,1,1,-9999,N/A
1556,523.073128,523.0731020281302,523.072781294499,3137215.8,-9999,411931.1,25.75,-1,0.6131720911999936,0.9340539505540834,0,0.56043237033245,8,1.4705882352941178,0.5294117647058824,N4 S2 P1 O9,de-protonated,0,-9999,C17 H25 O9 N4 P1 S2,17,25,9,4,1,2,-9999,N/A
1557,523.07484,523.0748140282893,523.075150276219,9278145,-9999,296401.5,79.42,-1,-0.6428291030525154,0.9368608645219588,0.990981292337142,0.958509035648032,17,0.8333333333333334,0.25,N4 S2 O6,de-protonated,0,-9999,C24 H20 O6 N4 S2,24,20,6,4,-9999,2,-9999,N/A
1558,523.090034,523.0900080297014,523.090406417509,3372745.8,-9999,311808.4,27.81,-1,-0.7616041180684412,0.450050793720636,0.7675537279851021,0.5770519674264225,21,0.7142857142857143,0.10714285714285714,N4 S2 O3,de-protonated,0,-9999,C28 H20 O3 N4 S2,28,20,3,4,-9999,2,-9999,N/A
1558,523.090034,523.0900080297014,523.089537037639,3372745.8,-9999,311808.4,27.81,-1,0.900404288336602,0.43160144837030656,0.7739790330151772,0.5685524822282548,22,0.5925925925925926,0.2962962962962963,N4 O8,de-protonated,0,-9999,C27 H16 O8 N4,27,16,8,4,-9999,-9999,-9999,N/A
1559,523.10953,523.1095040315133,523.109328995179,4053717,-9999,453502.5,33.76,-1,0.33460755644039336,0.4899447850884278,0.8007932653391622,0.6142841771887215,12,1.0434782608695652,0.6086956521739131,O14,de-protonated,0,-9999,C23 H24 O14,23,24,14,-9999,-9999,-9999,-9999,N/A
1559,523.10953,523.1095040315133,523.1098182525291,4053717,-9999,453502.5,33.76,-1,-0.6006788723479644,0.4683138407838065,0.7805128205128199,0.5931934326754118,16,0.9615384615384616,0.2307692307692308,N2 S1 P1 O6,de-protonated,0,-9999,C26 H25 O6 N2 P1 S1,26,25,6,2,1,1,-9999,N/A
1559,523.10953,523.1095040315133,523.109166803849,4053717,-9999,453502.5,33.76,-1,0.6446602080748906,0.9273653446760596,0,0.5564192068056356,7,1.6111111111111112,0.4444444444444444,N4 S2 P1 O8,de-protonated,0,-9999,C18 H29 O8 N4 P1 S2,18,29,8,4,1,2,-9999,N/A
1560,523.111242,523.1112160316724,523.111535785569,11348694,-9999,290754.2,97.51,-1,-0.6112537666620548,0.612410319709996,0.9337758939191498,0.7409565493936576,16,0.96,0.2,N4 S2 O5,de-protonated,0,-9999,C25 H24 O5 N4 S2,25,24,5,4,-9999,2,-9999,N/A
1560,523.111242,523.1112160316724,523.111668727299,11348694,-9999,290754.2,97.51,-1,-0.865390037615967,0.43647067559984126,0.8684926696514785,0.6092794732204962,3,2.0714285714285716,0.9285714285714286,N4 S1 P1 O13,de-protonated,0,-9999,C14 H29 O13 N4 P1 S1,14,29,13,4,1,1,-9999,N/A
1561,523.126495,523.1264690330901,523.126791926859,2172639,-9999,297518.9,17.32,-1,-0.617238065294745,0.9332064437313152,0,0.5599238662387891,20,0.8275862068965517,0.06896551724137931,N4 S2 O2,de-protonated,0,-9999,C29 H24 O2 N4 S2,29,24,2,4,-9999,2,-9999,N/A
1561,523.126495,523.1264690330901,523.1269248685891,2172639,-9999,297518.9,17.32,-1,-0.871366923259122,0.871298705297097,0,0.5227792231782582,7,1.6111111111111112,0.5555555555555556,N4 S1 P1 O10,de-protonated,0,-9999,C18 H29 O10 N4 P1 S1,18,29,10,4,1,1,-9999,N/A
1562,523.1459,523.1458740348935,523.145714504529,4215530.5,-9999,393656.7,35.17,-1,0.30494441620361257,0.4916342206537817,0.7939170211058493,0.6125473408346087,11,1.1666666666666667,0.5416666666666666,O13,de-protonated,0,-9999,C24 H28 O13,24,28,13,-9999,-9999,-9999,-9999,N/A
1562,523.1459,523.1458740348935,523.1462037618791,4215530.5,-9999,393656.7,35.17,-1,-0.6302769344368694,0.46522808312652736,0.7739790330151772,0.5887284630819873,15,1.0740740740740742,0.18518518518518515,N2 S1 P1 O5,de-protonated,0,-9999,C27 H29 O5 N2 P1 S1,27,29,5,2,1,1,-9999,N/A
1562,523.1459,523.1458740348935,523.145552313199,4215530.5,-9999,393656.7,35.17,-1,0.6149754940433804,0.4668393238642,0.8295321147073604,0.6119164402014641,6,1.736842105263158,0.3684210526315789,N4 S2 P1 O7,de-protonated,0,-9999,C19 H33 O7 N4 P1 S2,19,33,7,4,1,2,-9999,N/A
1563,523.147646,523.1476200350559,523.1479212949191,13318891,-9999,287089.7,114.73,-1,-0.5758598113202442,0.6118502494449144,0.9347168430746716,0.7409968868968173,15,1.0769230769230769,0.15384615384615383,N4 S2 O4,de-protonated,0,-9999,C26 H28 O4 N4 S2,26,28,4,4,-9999,2,-9999,N/A
1563,523.147646,523.1476200350559,523.148054236649,13318891,-9999,287089.7,114.73,-1,-0.8299784156003701,0.4412513199639933,0.8604105061749866,0.6089149944483907,2,2.2,0.8,N4 S1 P1 O12,de-protonated,0,-9999,C15 H33 O12 N4 P1 S1,15,33,12,4,1,1,-9999,N/A
1564,523.182248,523.1822220382717,523.182100013879,3362559.5,-9999,415609.3,27.72,-1,0.2332350297873429,0.49508900164216263,0.7871578612348809,0.6119165454792499,10,1.28,0.48,O12,de-protonated,0,-9999,C25 H32 O12,25,32,12,-9999,-9999,-9999,-9999,N/A
1564,523.182248,523.1822220382717,523.1825892712291,3362559.5,-9999,415609.3,27.72,-1,-0.7019212124373758,0.4572405089872526,0.7675537279851021,0.5813657965863924,14,1.1785714285714286,0.14285714285714285,N2 S1 P1 O4,de-protonated,0,-9999,C28 H33 O4 N2 P1 S1,28,33,4,2,1,1,-9999,N/A
1564,523.182248,523.1822220382717,523.181937822549,3362559.5,-9999,415609.3,27.72,-1,0.5432445237984157,0.947860292114731,0,0.5687161752688386,5,1.85,0.3,N4 S2 P1 O6,de-protonated,0,-9999,C20 H37 O6 N4 P1 S2,20,37,6,4,1,2,-9999,N/A
1565,523.183938,523.1839120384288,523.184306804269,10824449,-9999,302232.8,92.93,-1,-0.7545444980317991,0.6145288535063819,0.9174163851019104,0.7356838661445934,14,1.1851851851851851,0.1111111111111111,N4 S2 O3,de-protonated,0,-9999,C27 H32 O3 N4 S2,27,32,3,4,-9999,2,-9999,N/A
1565,523.183938,523.1839120384288,523.183437424399,10824449,-9999,302232.8,92.93,-1,0.9071656246671764,0.4306453932969556,0.7805128205128199,0.5705923641833013,15,1.0769230769230769,0.3076923076923077,N4 O8,de-protonated,0,-9999,C26 H28 O8 N4,26,28,8,4,-9999,-9999,-9999,N/A
1566,523.220344,523.2203180418123,523.2206923136191,6021910,-9999,283306,50.96,-1,-0.7153230219584304,0.4556674010845936,0.7675537279851021,0.580421931844797,13,1.2857142857142858,0.07142857142857142,N4 S2 O2,de-protonated,0,-9999,C28 H36 O2 N4 S2,28,36,2,4,-9999,2,-9999,N/A
1566,523.220344,523.2203180418123,523.219822933749,6021910,-9999,283306,50.96,-1,0.946271608256298,0.4250188449986232,0.7739790330151772,0.5646029202052448,14,1.1851851851851851,0.25925925925925924,N4 O7,de-protonated,0,-9999,C27 H32 O7 N4,27,32,7,4,-9999,-9999,-9999,N/A
1566,523.220344,523.2203180418123,523.220825255349,6021910,-9999,283306,50.96,-1,-0.9694062472756196,0.4216147459036939,0.8446892076502734,0.5908445306023258,0,2.411764705882353,0.5882352941176471,N4 S1 P1 O10,de-protonated,0,-9999,C17 H41 O10 N4 P1 S1,17,41,10,4,1,1,-9999,N/A
1567,524.078241,524.0782151215449,524.078444752419,2277132.3,-9999,325850,17.32,-1,-0.43816126473559014,0.965764291335853,0,0.5794585748015117,25,0.5757575757575758,0.06060606060606061,N1 S2 O2,de-protonated,0,-9999,C33 H19 O2 N1 S2,33,19,2,1,-9999,2,-9999,N/A
1567,524.078241,524.0782151215449,524.078577694149,2277132.3,-9999,325850,17.32,-1,-0.6918287057237015,0.9168180613650851,0,0.550090836819051,12,1.0909090909090908,0.4545454545454546,N1 S1 P1 O10,de-protonated,0,-9999,C22 H24 O10 N1 P1 S1,22,24,10,1,1,1,-9999,N/A
1567,524.078241,524.0782151215449,524.077926245469,2277132.3,-9999,325850,17.32,-1,0.5512082485746153,0.9463624430409928,0,0.5678174658245957,3,2,0.8571428571428571,N3 S2 P1 O12,de-protonated,0,-9999,C14 H28 O12 N3 P1 S2,14,28,12,3,1,2,-9999,N/A
1567,524.078241,524.0782151215449,524.0785051112891,2277132.3,-9999,325850,17.32,-1,-0.553332642785513,0.9459596000774256,0.990981292337142,0.963968276981312,17,0.8695652173913043,0.2608695652173913,13C1 N4 S2 O6,de-protonated,1,1557,C23 H20 O6 N4 S2 13C1,23,20,6,4,-9999,2,1,N/A
1568,524.114523,524.1144971249169,524.1148302617689,2809121.5,-9999,279997.6,21.74,-1,-0.6356180608573921,0.464657677348861,0.7311359101322861,0.571248970462231,24,0.6764705882352942,0.02941176470588235,N1 S2 O1,de-protonated,0,-9999,C34 H23 O1 N1 S2,34,23,1,1,-9999,2,-9999,N/A
1568,524.114523,524.1144971249169,524.1149632034991,2809121.5,-9999,279997.6,21.74,-1,-0.8892678418995561,0.8663302169284863,0,0.5197981301570918,11,1.2173913043478262,0.391304347826087,N1 S1 P1 O9,de-protonated,0,-9999,C23 H28 O9 N1 P1 S1,23,28,9,1,1,1,-9999,N/A
1568,524.114523,524.1144971249169,524.114311754819,2809121.5,-9999,279997.6,21.74,-1,0.35368257204013354,0.977557990794672,0,0.5865347944768031,2,2.1333333333333333,0.7333333333333333,N3 S2 P1 O11,de-protonated,0,-9999,C15 H32 O11 N3 P1 S2,15,32,11,3,1,2,-9999,N/A
1568,524.114523,524.1144971249169,524.1148906206391,2809121.5,-9999,279997.6,21.74,-1,-0.75078142086793,0.6018525563736273,0.9337758939191498,0.7346218913918363,16,1,0.20833333333333337,13C1 N4 S2 O5,de-protonated,1,1560,C24 H24 O5 N4 S2 13C1,24,24,5,4,-9999,2,1,N/A
1570,524.15089,524.1508641282968,524.150346391249,3847479,-9999,340447.9,30.36,-1,0.987764391309348,0.4188749881018056,0.731135910132286,0.5437793569139977,24,0.6764705882352942,0.14705882352941177,N1 O5,de-protonated,0,-9999,C34 H23 O5 N1,34,23,5,1,-9999,-9999,-9999,N/A
1570,524.15089,524.1508641282968,524.1513487128491,3847479,-9999,340447.9,30.36,-1,-0.924512649776201,0.4281697019407506,0.7939170211058494,0.5744686296067901,10,1.3333333333333333,0.3333333333333333,N1 S1 P1 O8,de-protonated,0,-9999,C24 H32 O8 N1 P1 S1,24,32,8,1,1,1,-9999,N/A
1570,524.15089,524.1508641282968,524.150697264169,3847479,-9999,340447.9,30.36,-1,0.31835143718857917,0.9817786575318664,0,0.5890671945191198,1,2.25,0.625,N3 S2 P1 O10,de-protonated,0,-9999,C16 H36 O10 N3 P1 S2,16,36,10,3,1,2,-9999,N/A
1570,524.15089,524.1508641282968,524.151276129989,3847479,-9999,340447.9,30.36,-1,-0.7860358468523218,0.5959648406764788,0.9347168430746716,0.731465641635756,15,1.12,0.16,13C1 N4 S2 O4,de-protonated,1,1563,C25 H28 O4 N4 S2 13C1,25,28,4,4,-9999,2,1,N/A
1571,524.187386,524.1873601316887,524.1877342221991,2598220.3,-9999,336905.7,19.98,-1,-0.7136575046570461,0.911728443798178,0,0.5470370662789068,9,1.44,0.28,N1 S1 P1 O7,de-protonated,0,-9999,C25 H36 O7 N1 P1 S1,25,36,7,1,1,1,-9999,N/A
1571,524.187386,524.1873601316887,524.187082773519,2598220.3,-9999,336905.7,19.98,-1,0.5291205731651345,0.9504688106454202,0,0.5702812863872521,0,2.3529411764705883,0.5294117647058824,N3 S2 P1 O9,de-protonated,0,-9999,C17 H40 O9 N3 P1 S2,17,40,9,3,1,2,-9999,N/A
1571,524.187386,524.1873601316887,524.187661639339,2598220.3,-9999,336905.7,19.98,-1,-0.575190284645749,0.627823443777078,0.9174163851019104,0.7436606203070111,14,1.2307692307692308,0.1153846153846154,13C1 N4 S2 O3,de-protonated,1,1565,C26 H32 O3 N4 S2 13C1,26,32,3,4,-9999,2,1,N/A
1572,525.033116,525.0330902102903,525.0332854632691,2593597,-9999,265241,19.94,-1,-0.3718868577705604,0.9752179218445652,0,0.585130753106739,22,0.5384615384615384,0.19230769230769232,N4 S2 O5,de-protonated,0,-9999,C26 H14 O5 N4 S2,26,14,5,4,-9999,2,-9999,N/A
1572,525.033116,525.0330902102903,525.033418404999,2593597,-9999,265241,19.94,-1,-0.6250929887152576,0.9315555222504408,0,0.5589333133502644,9,1.2666666666666666,0.8666666666666667,N4 S1 P1 O13,de-protonated,0,-9999,C15 H19 O13 N4 P1 S1,15,19,13,4,1,1,-9999,N/A
1573,525.054202,525.0541762122501,525.054218126839,5300041.5,-9999,266692.3,42.42,-1,-0.07982906804365629,0.49942217692032326,0.7369636471990461,0.5944387650318124,25,0.5757575757575758,0.0303030303030303,S2 P1 O1,de-protonated,0,-9999,C33 H19 O1 P1 S2,33,19,1,-9999,1,2,-9999,N/A
1573,525.054202,525.0541762122501,525.0546861574891,5300041.5,-9999,266692.3,42.42,-1,-0.9712230980696698,0.4213451007847598,0.7369636471990461,0.5475925193504743,31,0.3333333333333333,0.06060606060606061,N4 P1 O2,de-protonated,0,-9999,C33 H11 O2 N4 P1,33,11,2,4,1,-9999,-9999,N/A
1573,525.054202,525.0541762122501,525.054414831329,5300041.5,-9999,266692.3,42.42,-1,-0.4544654271510621,0.4816086717937554,0.8007932653391622,0.6092825092119181,17,0.782608695652174,0.30434782608695654,N4 S2 O7,de-protonated,0,-9999,C23 H18 O7 N4 S2,23,18,7,4,-9999,2,-9999,N/A
1574,525.06936,525.0693342136589,525.0696709726191,5236562,-9999,324983,41.89,-1,-0.6413605256962055,0.4640398316771554,0.7739790330151772,0.5880155122123641,21,0.6666666666666666,0.14814814814814814,N4 S2 O4,de-protonated,0,-9999,C27 H18 O4 N4 S2,27,18,4,4,-9999,2,-9999,N/A
1574,525.06936,525.0693342136589,525.0698039143491,5236562,-9999,324983,41.89,-1,-0.8945490423264156,0.4324253003634831,0.8524773804394659,0.6004461323938761,8,1.4375,0.75,N4 S1 P1 O12,de-protonated,0,-9999,C16 H23 O12 N4 P1 S1,16,23,12,4,1,1,-9999,N/A
1575,525.08885,525.0888242154703,525.088593550289,2858845.8,-9999,481144.3,22.14,-1,0.4392881202406284,0.9655910401089504,0,0.5793546240653702,12,1,0.6818181818181818,O15,de-protonated,0,-9999,C22 H22 O15,22,22,15,-9999,-9999,-9999,-9999,N/A
1575,525.08885,525.0888242154703,525.089082807639,2858845.8,-9999,481144.3,22.14,-1,-0.4924729483070824,0.9569475667786306,0,0.5741685400671783,16,0.92,0.28,N2 S1 P1 O7,de-protonated,0,-9999,C25 H23 O7 N2 P1 S1,25,23,7,2,1,1,-9999,N/A
1575,525.08885,525.0888242154703,525.088431358959,2858845.8,-9999,481144.3,22.14,-1,0.7481720939750433,0.9034197577259262,0,0.5420518546355557,7,1.588235294117647,0.5294117647058824,N4 S2 P1 O9,de-protonated,0,-9999,C17 H27 O9 N4 P1 S2,17,27,9,4,1,2,-9999,N/A
1576,525.090524,525.0904982156259,525.090800340679,8781663,-9999,280925.3,71.33,-1,-0.57537677859026,0.9133031125599878,0.9738713283711128,0.937530398884438,16,0.9166666666666666,0.25,N4 S2 O6,de-protonated,0,-9999,C24 H22 O6 N4 S2,24,22,6,4,-9999,2,-9999,N/A
1577,525.105748,525.1057222170407,525.1060564819691,4216679.5,-9999,292307.1,33.42,-1,-0.6365665073623062,0.4645559582817,0.7675537279851021,0.5857550661630608,20,0.7857142857142857,0.10714285714285714,N4 S2 O3,de-protonated,0,-9999,C28 H22 O3 N4 S2,28,22,3,4,-9999,2,-9999,N/A
1577,525.105748,525.1057222170407,525.106189423699,4216679.5,-9999,292307.1,33.42,-1,-0.8897374811227382,0.8661988923605791,0,0.5197193354163474,7,1.588235294117647,0.6470588235294118,N4 S1 P1 O11,de-protonated,0,-9999,C17 H27 O11 N4 P1 S1,17,27,11,4,1,1,-9999,N/A
1578,525.125205,525.1251792188491,525.124979059639,3311475,-9999,457136.8,25.9,-1,0.381164899878346,0.9739823687647025,0,0.5843894212588214,11,1.1304347826086956,0.6086956521739131,O14,de-protonated,0,-9999,C23 H26 O14,23,26,14,-9999,-9999,-9999,-9999,N/A
1578,525.125205,525.1251792188491,525.125468316989,3311475,-9999,457136.8,25.9,-1,-0.5505315535624398,0.47324523666342394,0.7805128205128199,0.5961522702031823,15,1.0384615384615383,0.2307692307692308,N2 S1 P1 O6,de-protonated,0,-9999,C26 H27 O6 N2 P1 S1,26,27,6,2,1,1,-9999,N/A
1578,525.125205,525.1251792188491,525.124816868309,3311475,-9999,457136.8,25.9,-1,0.6900274533190792,0.9172322254891924,0,0.5503393352935153,6,1.7222222222222223,0.4444444444444444,N4 S2 P1 O8,de-protonated,0,-9999,C18 H31 O8 N4 P1 S2,18,31,8,4,1,2,-9999,N/A
1579,525.126899,525.1268732190065,525.127185850029,10913652,-9999,263672.5,89.04,-1,-0.5953434348413401,0.6198489366300388,0.9223610335970136,0.7408537754168287,15,1.04,0.2,N4 S2 O5,de-protonated,0,-9999,C25 H26 O5 N4 S2,25,26,5,4,-9999,2,-9999,N/A
1579,525.126899,525.1268732190065,525.127318791759,10913652,-9999,263672.5,89.04,-1,-0.8485042322840889,0.8672384804594009,0.9445072939657247,0.8981460058619304,2,2.2142857142857144,0.9285714285714286,N4 S1 P1 O13,de-protonated,0,-9999,C14 H31 O13 N4 P1 S1,14,31,13,4,1,1,-9999,N/A
1580,525.142099,525.1420732204192,525.1424419913191,3362685,-9999,344431.2,26.33,-1,-0.7022302338689935,0.4572045105222096,0.7612342259156645,0.5788163966795916,19,0.896551724137931,0.06896551724137931,N4 S2 O2,de-protonated,0,-9999,C29 H26 O2 N4 S2,29,26,2,4,-9999,2,-9999,N/A
1580,525.142099,525.1420732204192,525.1415726114491,3362685,-9999,344431.2,26.33,-1,0.9532838309464186,0.42399285065386727,0.7675537279851021,0.5614172015863612,20,0.7857142857142857,0.25,N4 O7,de-protonated,0,-9999,C28 H22 O7 N4,28,22,7,4,-9999,-9999,-9999,N/A
1580,525.142099,525.1420732204192,525.1425749330491,3362685,-9999,344431.2,26.33,-1,-0.9553836497869737,0.8473692531549641,0,0.5084215518929784,6,1.7222222222222223,0.5555555555555556,N4 S1 P1 O10,de-protonated,0,-9999,C18 H31 O10 N4 P1 S1,18,31,10,4,1,1,-9999,N/A
1581,525.163283,525.163257222388,525.163571359379,10772361,-9999,241660.7,87.86,-1,-0.5981698049575933,0.629263485895843,0.8941726892455479,0.735227167235725,14,1.1538461538461535,0.15384615384615383,N4 S2 O4,de-protonated,0,-9999,C26 H30 O4 N4 S2,26,30,4,4,-9999,2,-9999,N/A
1581,525.163283,525.163257222388,525.1637043011091,10772361,-9999,241660.7,87.86,-1,-0.8513130618762298,0.886030802280299,0.9749752841485162,0.921608595027586,1,2.3333333333333335,0.8,N4 S1 P1 O12,de-protonated,0,-9999,C15 H35 O12 N4 P1 S1,15,35,12,4,1,1,-9999,N/A
1582,525.178411,525.1783852237941,525.178827500669,2339730.3,-9999,301329.8,17.83,-1,-0.8421452878879162,0.8792508996918201,0,0.527550539815092,18,1,0.03333333333333333,N4 S2 O1,de-protonated,0,-9999,C30 H30 O1 N4 S2,30,30,1,4,-9999,2,-9999,N/A
1582,525.178411,525.1783852237941,525.177958120799,2339730.3,-9999,301329.8,17.83,-1,0.8132538475766304,0.8869143502484448,0,0.5321486101490669,19,0.896551724137931,0.20689655172413793,N4 O6,de-protonated,0,-9999,C29 H26 O6 N4,29,26,6,4,-9999,-9999,-9999,N/A
1583,525.199688,525.1996622257716,525.199956868729,6582175,-9999,268478.1,53.06,-1,-0.5610110084526095,0.9276930491686436,0.9987554901090634,0.9561180255448116,13,1.2592592592592593,0.1111111111111111,N4 S2 O3,de-protonated,0,-9999,C27 H34 O3 N4 S2,27,34,3,4,-9999,2,-9999,N/A
1583,525.199688,525.1996622257716,525.2000898104591,6582175,-9999,268478.1,53.06,-1,-0.8141367371823417,0.864893850071291,0.9202571426847748,0.8870391671166846,0,2.4375,0.6875,N4 S1 P1 O11,de-protonated,0,-9999,C16 H39 O11 N4 P1 S1,16,39,11,4,1,1,-9999,N/A
1584,525.235995,525.2359692291459,525.236342378079,2600884.3,-9999,320103.7,20,-1,-0.7104400496094732,0.9124867630954602,0,0.5474920578572761,12,1.3571428571428572,0.07142857142857142,N4 S2 O2,de-protonated,0,-9999,C28 H38 O2 N4 S2,28,38,2,4,-9999,2,-9999,N/A
1584,525.235995,525.2359692291459,525.235472998209,2600884.3,-9999,320103.7,20,-1,0.9447780326297168,0.8504734360363339,0,0.5102840616218003,13,1.2592592592592593,0.25925925925925924,N4 O7,de-protonated,0,-9999,C27 H34 O7 N4,27,34,7,4,-9999,-9999,-9999,N/A
1585,526.093749,526.093723308865,526.0940948168791,1927085.4,-9999,263659.9,14.4,-1,-0.7061626764129877,0.9134905566081518,0,0.548094333964891,24,0.6363636363636364,0.06060606060606061,N1 S2 O2,de-protonated,0,-9999,C33 H21 O2 N1 S2,33,21,2,1,-9999,2,-9999,N/A
1585,526.093749,526.093723308865,526.093225437009,1927085.4,-9999,263659.9,14.4,-1,0.9463567139484308,0.8500128466787562,0,0.5100077080072537,25,0.53125,0.21875,N1 O7,de-protonated,0,-9999,C32 H17 O7 N1,32,17,7,1,-9999,-9999,-9999,N/A
1585,526.093749,526.093723308865,526.094227758609,1927085.4,-9999,263659.9,14.4,-1,-0.9588581614369958,0.8463472433378392,0,0.5078083460027035,11,1.181818181818182,0.4545454545454546,N1 S1 P1 O10,de-protonated,0,-9999,C22 H26 O10 N1 P1 S1,22,26,10,1,1,1,-9999,N/A
1585,526.093749,526.093723308865,526.0935763099291,1927085.4,-9999,263659.9,14.4,-1,0.2794159491660621,0.985933577016144,0,0.5915601462096863,2,2.142857142857143,0.8571428571428571,N3 S2 P1 O12,de-protonated,0,-9999,C14 H30 O12 N3 P1 S2,14,30,12,3,1,2,-9999,N/A
1585,526.093749,526.093723308865,526.094155175749,1927085.4,-9999,263659.9,14.4,-1,-0.8208927618097696,0.8849077243821466,0.9738713283711128,0.9204931659777332,16,0.9565217391304348,0.2608695652173913,13C1 N4 S2 O6,de-protonated,1,1576,C23 H22 O6 N4 S2 13C1,23,22,6,4,-9999,2,1,N/A
1586,526.130214,526.1301883122541,526.130480326229,2510274.8,-9999,338890.4,19.24,-1,-0.555021968539733,0.47281913744060255,0.7311359101322861,0.576145846517276,23,0.7352941176470589,0.02941176470588235,N1 S2 O1,de-protonated,0,-9999,C34 H25 O1 N1 S2,34,25,1,1,-9999,2,-9999,N/A
1586,526.130214,526.1301883122541,526.130613267959,2510274.8,-9999,338890.4,19.24,-1,-0.8077000163587812,0.8883643021574135,0,0.533018581294448,10,1.3043478260869563,0.391304347826087,N1 S1 P1 O9,de-protonated,0,-9999,C23 H30 O9 N1 P1 S1,23,30,9,1,1,1,-9999,N/A
1586,526.130214,526.1301883122541,526.1299618192791,2510274.8,-9999,338890.4,19.24,-1,0.4304886462262627,0.9669329185186516,0,0.5801597511111909,1,2.2666666666666666,0.7333333333333333,N3 S2 P1 O11,de-protonated,0,-9999,C15 H34 O11 N3 P1 S2,15,34,11,3,1,2,-9999,N/A
1586,526.130214,526.1301883122541,526.130540685099,2510274.8,-9999,338890.4,19.24,-1,-0.6697441371251843,0.6145559991838015,0.9223610335970136,0.7376780129490863,15,1.0833333333333333,0.20833333333333337,13C1 N4 S2 O5,de-protonated,1,1579,C24 H26 O5 N4 S2 13C1,24,26,5,4,-9999,2,1,N/A
1586,526.130214,526.1301883122541,526.1306736268291,2510274.8,-9999,338890.4,19.24,-1,-0.922422126968664,0.8569395518830198,0.9445072939657247,0.8919666487161018,2,2.3846153846153846,1,13C1 N4 S1 P1 O13,de-protonated,1,1579,C13 H31 O13 N4 P1 S1 13C1,13,31,13,4,1,1,1,N/A
1587,526.166674,526.1666483156426,526.166998777309,2122712.3,-9999,212483,16.03,-1,-0.6660654643336661,0.9226563094017156,0,0.5535937856410295,9,1.4166666666666667,0.3333333333333333,N1 S1 P1 O8,de-protonated,0,-9999,C24 H34 O8 N1 P1 S1,24,34,8,1,1,1,-9999,N/A
1587,526.166674,526.1666483156426,526.1663473286291,2122712.3,-9999,212483,16.03,-1,0.5720377502599853,0.9423533737903976,0,0.5654120242742385,0,2.375,0.625,N3 S2 P1 O10,de-protonated,0,-9999,C16 H38 O10 N3 P1 S2,16,38,10,3,1,2,-9999,N/A
1587,526.166674,526.1666483156426,526.166926194449,2122712.3,-9999,212483,16.03,-1,-0.5281191054907353,0.6337676191597703,0.8941726892455479,0.7379296471940814,14,1.2,0.16,13C1 N4 S2 O4,de-protonated,1,1581,C25 H30 O4 N4 S2 13C1,25,30,4,4,-9999,2,1,N/A
1587,526.166674,526.1666483156426,526.167059136179,2122712.3,-9999,212483,16.03,-1,-0.7807796577105309,0.8952840999896863,0.9749752841485162,0.9271605736532182,1,2.5,0.8571428571428571,13C1 N4 S1 P1 O12,de-protonated,1,1581,C14 H35 O12 N4 P1 S1 13C1,14,35,12,4,1,1,1,N/A
1588,526.20296,526.2029343190151,526.203384286659,1935853.9,-9999,366387.4,14.47,-1,-0.8551211515693635,0.8757443056767606,0,0.5254465834060563,8,1.52,0.28,N1 S1 P1 O7,de-protonated,0,-9999,C25 H38 O7 N1 P1 S1,25,38,7,1,1,1,-9999,N/A
1588,526.20296,526.2029343190151,526.203311703799,1935853.9,-9999,366387.4,14.47,-1,-0.7171843574148714,0.910893995407214,0.9987554901090634,0.9460385932879538,13,1.3076923076923077,0.1153846153846154,13C1 N4 S2 O3,de-protonated,1,1583,C26 H34 O3 N4 S2 13C1,26,34,3,4,-9999,2,1,N/A
1588,526.20296,526.2029343190151,526.203444645529,1935853.9,-9999,366387.4,14.47,-1,-0.9698273910919047,0.8431045441834971,0.9202571426847748,0.8739655835840081,0,2.6,0.7333333333333333,13C1 N4 S1 P1 O11,de-protonated,1,1583,C15 H39 O11 N4 P1 S1 13C1,15,39,11,4,1,1,1,N/A
1589,527.04866,527.048634397614,527.048935527729,4684769,-9999,289735.9,37.3,-1,-0.5713513388679367,0.47124379068870426,0.7805128205128199,0.5949514026183504,21,0.6153846153846154,0.19230769230769232,N4 S2 O5,de-protonated,0,-9999,C26 H16 O5 N4 S2,26,16,5,4,-9999,2,-9999,N/A
1589,527.04866,527.048634397614,527.049068469459,4684769,-9999,289735.9,37.3,-1,-0.8235890564557734,0.884196062758877,0,0.5305176376553261,8,1.4,0.8666666666666667,N4 S1 P1 O13,de-protonated,0,-9999,C15 H21 O13 N4 P1 S1,15,21,13,4,1,1,-9999,N/A
1590,527.069791,527.0697653995779,527.069868191299,5041133.5,-9999,303763.5,40.26,-1,-0.19502484817088667,0.4965612074006446,0.7369636471990462,0.5927221833200051,24,0.6363636363636364,0.0303030303030303,S2 P1 O1,de-protonated,0,-9999,C33 H21 O1 P1 S2,33,21,1,-9999,1,2,-9999,N/A
1590,527.069791,527.0697653995779,527.0700648957891,5041133.5,-9999,303763.5,40.26,-1,-0.5682284597224745,0.4715481871612279,0.8007932653391622,0.6032462184324017,16,0.8695652173913043,0.30434782608695654,N4 S2 O7,de-protonated,0,-9999,C23 H20 O7 N4 S2,23,20,7,4,-9999,2,-9999,N/A
1591,527.083278,527.0832524008313,527.083114246689,1979381.6,-9999,400977.5,14.83,-1,0.26211073464005724,0.98761148300236,0,0.592566889801416,16,0.8,0.52,O13,de-protonated,0,-9999,C25 H20 O13,25,20,13,-9999,-9999,-9999,-9999,N/A
1591,527.083278,527.0832524008313,527.083603504039,1979381.6,-9999,400977.5,14.83,-1,-0.6661243215357752,0.922643182676096,0,0.5535859096056576,20,0.75,0.17857142857142858,N2 S1 P1 O5,de-protonated,0,-9999,C28 H21 O5 N2 P1 S1,28,21,5,2,1,1,-9999,N/A
1591,527.083278,527.0832524008313,527.082952055359,1979381.6,-9999,400977.5,14.83,-1,0.5698258141565261,0.9427853441330007,0,0.5656712064798005,11,1.25,0.35,N4 S2 P1 O7,de-protonated,0,-9999,C20 H25 O7 N4 P1 S2,20,25,7,4,1,2,-9999,N/A
1592,527.085081,527.0850554009988,527.0853210370791,6112246.5,-9999,262299.6,49.15,-1,-0.503971690455879,0.47748006320463265,0.7739790330151771,0.5960796511288504,20,0.7407407407407407,0.14814814814814814,N4 S2 O4,de-protonated,0,-9999,C27 H20 O4 N4 S2,27,20,4,4,-9999,2,-9999,N/A
1592,527.085081,527.0850554009988,527.0854539788091,6112246.5,-9999,262299.6,49.15,-1,-0.756192012685533,0.4507220969638456,0.8524773804394659,0.6114242103540937,7,1.5625,0.75,N4 S1 P1 O12,de-protonated,0,-9999,C16 H25 O12 N4 P1 S1,16,25,12,4,1,1,-9999,N/A
1593,527.106197,527.1061714029614,527.1064504051391,7203843,-9999,289000.8,58.22,-1,-0.5293089800639824,0.9371789906614648,0.9850715484391626,0.956336013772544,15,1,0.25,N4 S2 O6,de-protonated,0,-9999,C24 H24 O6 N4 S2,24,24,6,4,-9999,2,-9999,N/A
1594,527.12148,527.1214544043819,527.121706546429,5178380,-9999,258845.3,41.4,-1,-0.4783374388818615,0.47966666862480795,0.7675537279851021,0.5948214923689257,19,0.8571428571428571,0.10714285714285714,N4 S2 O3,de-protonated,0,-9999,C28 H24 O3 N4 S2,28,24,3,4,-9999,2,-9999,N/A
1594,527.12148,527.1214544043819,527.121839488159,5178380,-9999,258845.3,41.4,-1,-0.7305403576265076,0.4538518810526949,0.8446892076502734,0.6101868116917264,6,1.7058823529411764,0.6470588235294118,N4 S1 P1 O11,de-protonated,0,-9999,C17 H29 O11 N4 P1 S1,17,29,11,4,1,1,-9999,N/A
1595,527.142602,527.1425764063449,527.1428359144891,7117848.5,-9999,283387.1,57.5,-1,-0.4922918922039438,0.9661182355541822,0.975324178815899,0.9698006128588688,14,1.12,0.2,N4 S2 O5,de-protonated,0,-9999,C25 H28 O5 N4 S2,25,28,5,4,-9999,2,-9999,N/A
1595,527.142602,527.1425764063449,527.142968856219,7117848.5,-9999,283387.1,57.5,-1,-0.7444846982136646,0.9181285813181876,0.9433410127675034,0.928213553897914,1,2.357142857142857,0.9285714285714286,N4 S1 P1 O13,de-protonated,0,-9999,C14 H33 O13 N4 P1 S1,14,33,13,4,1,1,-9999,N/A
1596,527.157771,527.1577454077548,527.1580920557791,4428833.5,-9999,256442.3,35.17,-1,-0.6575788735053382,0.4622694178037765,0.7612342259156645,0.5818553410485316,18,0.9655172413793104,0.06896551724137931,N4 S2 O2,de-protonated,0,-9999,C29 H28 O2 N4 S2,29,28,2,4,-9999,2,-9999,N/A
1596,527.157771,527.1577454077548,527.157222675909,4428833.5,-9999,256442.3,35.17,-1,0.991605204817922,0.4182975720347396,0.7675537279851021,0.5580000344148845,19,0.8571428571428571,0.25,N4 O7,de-protonated,0,-9999,C28 H24 O7 N4,28,24,7,4,-9999,-9999,-9999,N/A
1596,527.157771,527.1577454077548,527.158224997509,4428833.5,-9999,256442.3,35.17,-1,-0.9097643392850584,0.4302765988403521,0.8370420509349343,0.592982779678185,5,1.8333333333333333,0.5555555555555556,N4 S1 P1 O10,de-protonated,0,-9999,C18 H33 O10 N4 P1 S1,18,33,10,4,1,1,-9999,N/A
1597,527.178966,527.1789404097245,527.1792214238391,5489710,-9999,257539.1,43.98,-1,-0.5330523342244923,0.47487442438592137,0.7805128205128199,0.5971297828366808,13,1.2307692307692308,0.15384615384615383,N4 S2 O4,de-protonated,0,-9999,C26 H32 O4 N4 S2,26,32,4,4,-9999,2,-9999,N/A
1597,527.178966,527.1789404097245,527.1793543655691,5489710,-9999,257539.1,43.98,-1,-0.7852277240195945,0.44707662456807423,0.8604105061749866,0.6124101772108392,0,2.466666666666667,0.8,N4 S1 P1 O12,de-protonated,0,-9999,C15 H37 O12 N4 P1 S1,15,37,12,4,1,1,-9999,N/A
1598,527.19411,527.194084411132,527.194477565129,2973751,-9999,276079.6,23.09,-1,-0.7457475631008322,0.4520068478504092,0.7550179348240813,0.5732112826398781,17,1.0666666666666669,0.03333333333333333,N4 S2 O1,de-protonated,0,-9999,C30 H32 O1 N4 S2,30,32,1,4,-9999,2,-9999,N/A
1598,527.19411,527.194084411132,527.193608185259,2973751,-9999,276079.6,23.09,-1,0.9033225472843888,0.4311894230235355,0.7612342259156645,0.5632073441803871,18,0.9655172413793104,0.20689655172413793,N4 O6,de-protonated,0,-9999,C29 H28 O6 N4,29,28,6,4,-9999,-9999,-9999,N/A
1598,527.19411,527.194084411132,527.194610506859,2973751,-9999,276079.6,23.09,-1,-0.9979156017216791,0.8346915262767841,0,0.5008149157660704,4,1.9473684210526316,0.47368421052631576,N4 S1 P1 O9,de-protonated,0,-9999,C19 H37 O9 N4 P1 S1,19,37,9,4,1,1,-9999,N/A
1599,527.215309,527.2152834131023,527.2156069331891,2845251.8,-9999,309870.5,22.02,-1,-0.6136390549527357,0.9339568628789148,0,0.5603741177273489,12,1.3333333333333333,0.1111111111111111,N4 S2 O3,de-protonated,0,-9999,C27 H36 O3 N4 S2,27,36,3,4,-9999,2,-9999,N/A
1600,527.230686,527.2306604145314,527.230996016209,1786444.6,-9999,272333,13.23,-1,-0.6365363193433782,0.9291183957646368,0,0.557471037458782,3,2.05,0.4,N4 S1 P1 O8,de-protonated,0,-9999,C20 H41 O8 N4 P1 S1,20,41,8,4,1,1,-9999,N/A
1602,528.109482,528.1094564962061,528.109744881339,1702484.9,-9999,406210.2,12.53,-1,-0.5460704629506474,0.9473310027600946,0,0.5683986016560567,23,0.696969696969697,0.06060606060606061,N1 S2 O2,de-protonated,0,-9999,C33 H23 O2 N1 S2,33,23,2,1,-9999,2,-9999,N/A
1602,528.109482,528.1094564962061,528.109877823069,1702484.9,-9999,406210.2,12.53,-1,-0.7978015193671953,0.8909296793074992,0,0.5345578075844996,10,1.2727272727272727,0.4545454545454546,N1 S1 P1 O10,de-protonated,0,-9999,C22 H28 O10 N1 P1 S1,22,28,10,1,1,1,-9999,N/A
1602,528.109482,528.1094564962061,528.1092263743891,1702484.9,-9999,406210.2,12.53,-1,0.4357466325779275,0.9661341406021194,0,0.5796804843612716,1,2.2857142857142856,0.8571428571428571,N3 S2 P1 O12,de-protonated,0,-9999,C14 H32 O12 N3 P1 S2,14,32,12,3,1,2,-9999,N/A
1602,528.109482,528.1094564962061,528.1098052402091,1702484.9,-9999,406210.2,12.53,-1,-0.6603626736383081,0.9239235615029756,0.9850715484391626,0.9483827562774504,15,1.0434782608695652,0.2608695652173913,13C1 N4 S2 O6,de-protonated,1,1593,C23 H24 O6 N4 S2 13C1,23,24,6,4,-9999,2,1,N/A
1603,528.14602,528.145994499602,528.146130390689,1649770.6,-9999,315800.7,12.09,-1,-0.2572982725130468,0.9880595214176404,0,0.5928357128505841,22,0.7941176470588235,0.02941176470588235,N1 S2 O1,de-protonated,0,-9999,C34 H27 O1 N1 S2,34,27,1,1,-9999,2,-9999,N/A
1603,528.14602,528.145994499602,528.146263332419,1649770.6,-9999,315800.7,12.09,-1,-0.509012059143807,0.9540758201663536,0,0.5724454920998121,9,1.391304347826087,0.391304347826087,N1 S1 P1 O9,de-protonated,0,-9999,C23 H32 O9 N1 P1 S1,23,32,9,1,1,1,-9999,N/A
1603,528.14602,528.145994499602,528.145611883739,1649770.6,-9999,315800.7,12.09,-1,0.7244514664565901,0.9091640747328774,0,0.5454984448397264,0,2.4,0.7333333333333333,N3 S2 P1 O11,de-protonated,0,-9999,C15 H36 O11 N3 P1 S2,15,36,11,3,1,2,-9999,N/A
1603,528.14602,528.145994499602,528.1461907495591,1649770.6,-9999,315800.7,12.09,-1,-0.371582642283912,0.9752579447754864,0.975324178815899,0.9752844383916516,14,1.1666666666666667,0.20833333333333337,13C1 N4 S2 O5,de-protonated,1,1595,C24 H28 O5 N4 S2 13C1,24,28,5,4,-9999,2,1,N/A
1603,528.14602,528.145994499602,528.146323691289,1649770.6,-9999,315800.7,12.09,-1,-0.6232963711655087,0.9319347120481264,0.9433410127675034,0.9364972323358772,1,2.5384615384615383,1,13C1 N4 S1 P1 O13,de-protonated,1,1595,C13 H33 O13 N4 P1 S1 13C1,13,33,13,4,1,1,1,N/A
1604,528.94704,528.9470145740484,528.946697598299,2724933.8,-9999,242704.5,21.01,-1,0.5992583955654852,0.9369174030235788,0,0.5621504418141473,19,0.3,0.7,N2 S1 O14,de-protonated,0,-9999,C20 H6 O14 N2 S1,20,6,14,2,-9999,1,-9999,N/A
1604,528.94704,528.9470145740484,528.9471868556491,2724933.8,-9999,242704.5,21.01,-1,-0.325706620636449,0.9809351299141956,0,0.5885610779485173,23,0.30434782608695654,0.2608695652173913,N4 S2 P1 O6,de-protonated,0,-9999,C23 H7 O6 N4 P1 S2,23,7,6,4,1,2,-9999,N/A
1605,529.027924,529.0278985815656,529.0282000828391,3144822,-9999,320731.2,24.5,-1,-0.5699153153848793,0.9427678940358838,0,0.5656607364215303,21,0.56,0.24,N4 S2 O6,de-protonated,0,-9999,C25 H14 O6 N4 S2,25,14,6,4,-9999,2,-9999,N/A
1606,529.062689,529.0626635847967,529.062378801799,1907850.6,-9999,360756.2,14.23,-1,0.5382786777523657,0.9487844344756148,0,0.5692706606853688,16,0.75,0.5833333333333334,O14,de-protonated,0,-9999,C24 H18 O14,24,18,14,-9999,-9999,-9999,-9999,N/A
1606,529.062689,529.0626635847967,529.0628680591491,1907850.6,-9999,360756.2,14.23,-1,-0.38648403564680817,0.9732610158723776,0,0.5839566095234265,20,0.7037037037037037,0.2222222222222222,N2 S1 P1 O6,de-protonated,0,-9999,C27 H19 O6 N2 P1 S1,27,19,6,2,1,1,-9999,N/A
1606,529.062689,529.0626635847967,529.062216610469,1907850.6,-9999,360756.2,14.23,-1,0.844842654924359,0.8785252293150144,0,0.5271151375890086,11,1.2105263157894737,0.42105263157894735,N4 S2 P1 O8,de-protonated,0,-9999,C19 H23 O8 N4 P1 S2,19,23,8,4,1,2,-9999,N/A
1607,529.064323,529.0642975849486,529.064585592189,8642700,-9999,291116,70.16,-1,-0.5443706652939951,0.9195667419021676,0.956349602648224,0.93427988620059,20,0.6923076923076923,0.19230769230769232,N4 S2 O5,de-protonated,0,-9999,C26 H18 O5 N4 S2,26,18,5,4,-9999,2,-9999,N/A
1607,529.064323,529.0642975849486,529.0647185339191,8642700,-9999,291116,70.16,-1,-0.7956474052035875,0.4457423692942441,0.8604105061749866,0.6116096240465412,7,1.5333333333333334,0.8666666666666667,N4 S1 P1 O13,de-protonated,0,-9999,C15 H23 O13 N4 P1 S1,15,23,13,4,1,1,-9999,N/A
1608,529.085514,529.085488586918,529.0855182557589,4262040,-9999,296472.1,33.78,-1,-0.05607570010675496,0.49971480011153147,0.7369636471990461,0.5946143389465373,23,0.696969696969697,0.0303030303030303,S2 P1 O1,de-protonated,0,-9999,C33 H23 O1 P1 S2,33,23,1,-9999,1,2,-9999,N/A
1608,529.085514,529.085488586918,529.085986286409,4262040,-9999,296472.1,33.78,-1,-0.9406778933986426,0.42583362162918553,0.7369636471990461,0.5502856318571298,29,0.4545454545454546,0.06060606060606061,N4 P1 O2,de-protonated,0,-9999,C33 H15 O2 N4 P1,33,15,2,4,1,-9999,-9999,N/A
1608,529.085514,529.085488586918,529.0857149602491,4262040,-9999,296472.1,33.78,-1,-0.4278575752235781,0.4836646138925677,0.8007932653391622,0.6105160744712055,15,0.9565217391304348,0.30434782608695654,N4 S2 O7,de-protonated,0,-9999,C23 H22 O7 N4 S2,23,22,7,4,-9999,2,-9999,N/A
1609,529.100654,529.1006285883251,529.1009711015391,8491169,-9999,275742.2,68.9,-1,-0.6473494337448733,0.9163323732542196,0.972951296488946,0.9389799425481102,19,0.8148148148148148,0.14814814814814814,N4 S2 O4,de-protonated,0,-9999,C27 H22 O4 N4 S2,27,22,4,4,-9999,2,-9999,N/A
1609,529.100654,529.1006285883251,529.100101721669,8491169,-9999,275742.2,68.9,-1,0.9957787842890384,0.8490523520322787,0.9794850839865888,0.9012254448140028,20,0.6923076923076923,0.34615384615384615,N4 O9,de-protonated,0,-9999,C26 H18 O9 N4,26,18,9,4,-9999,-9999,-9999,N/A
1609,529.100654,529.1006285883251,529.1011040432691,8491169,-9999,275742.2,68.9,-1,-0.898608867631171,0.8505655588662828,0.9485503560867654,0.889759477754476,6,1.6875,0.75,N4 S1 P1 O12,de-protonated,0,-9999,C16 H27 O12 N4 P1 S1,16,27,12,4,1,1,-9999,N/A
1610,529.121832,529.1218065902935,529.1221004695991,4956333.5,-9999,294779.6,39.54,-1,-0.5554092435343577,0.4727822445191123,0.7939170211058493,0.6012361551538071,14,1.0833333333333333,0.25,N4 S2 O6,de-protonated,0,-9999,C24 H26 O6 N4 S2,24,26,6,4,-9999,2,-9999,N/A
1611,529.135409,529.1353835915553,529.135149820499,2248885.8,-9999,481933.4,17.06,-1,0.44179838811742533,0.9652036053936028,0,0.5791221632361616,14,1,0.4615384615384616,O12,de-protonated,0,-9999,C26 H26 O12,26,26,12,-9999,-9999,-9999,-9999,N/A
1611,529.135409,529.1353835915553,529.1356390778491,2248885.8,-9999,481933.4,17.06,-1,-0.48283705521444026,0.958580795338594,0,0.5751484772031563,18,0.9310344827586208,0.13793103448275862,N2 S1 P1 O4,de-protonated,0,-9999,C29 H27 O4 N2 P1 S1,29,27,4,2,1,1,-9999,N/A
1611,529.135409,529.1353835915553,529.134987629169,2248885.8,-9999,481933.4,17.06,-1,0.7483201745031277,0.9033834326012786,0,0.5420300595607671,9,1.4761904761904765,0.2857142857142857,N4 S2 P1 O6,de-protonated,0,-9999,C21 H31 O6 N4 P1 S2,21,31,6,4,1,2,-9999,N/A
1612,529.137142,529.1371165917164,529.137356610889,7063735,-9999,278633.9,57.04,-1,-0.45360466345235895,0.9627075491974604,0.9899933660468136,0.9736218759372016,18,0.9285714285714286,0.10714285714285714,N4 S2 O3,de-protonated,0,-9999,C28 H26 O3 N4 S2,28,26,3,4,-9999,2,-9999,N/A
1612,529.137142,529.1371165917164,529.1374895526191,7063735,-9999,278633.9,57.04,-1,-0.704846868674634,0.9129049942743114,0.9128578863816422,0.9128861511172436,5,1.8235294117647056,0.6470588235294118,N4 S1 P1 O11,de-protonated,0,-9999,C17 H31 O11 N4 P1 S1,17,31,11,4,1,1,-9999,N/A
1613,529.158297,529.1582715936825,529.158485978949,3984579.5,-9999,288199.3,31.47,-1,-0.4051437749026467,0.4853279474829449,0.7871578612348809,0.6060599129837193,13,1.2,0.2,N4 S2 O5,de-protonated,0,-9999,C25 H30 O5 N4 S2,25,30,5,4,-9999,2,-9999,N/A
1613,529.158297,529.1582715936825,529.158618920679,3984579.5,-9999,288199.3,31.47,-1,-0.6563759601680272,0.924804024934882,0,0.5548824149609292,0,2.5,0.9285714285714286,N4 S1 P1 O13,de-protonated,0,-9999,C14 H35 O13 N4 P1 S1,14,35,13,4,1,1,-9999,N/A
1614,529.171797,529.1717715949371,529.171535329849,1987787.5,-9999,495435.3,14.89,-1,0.4464810979908606,0.9644753968552918,0,0.5786852381131751,13,1.1111111111111112,0.4074074074074074,O11,de-protonated,0,-9999,C27 H30 O11,27,30,11,-9999,-9999,-9999,-9999,N/A
1614,529.171797,529.1717715949371,529.1720245871991,1987787.5,-9999,495435.3,14.89,-1,-0.478090772364817,0.959374404463469,0,0.5756246426780813,17,1.0333333333333334,0.1,N2 S1 P1 O3,de-protonated,0,-9999,C30 H31 O3 N2 P1 S1,30,31,3,2,1,1,-9999,N/A
1614,529.171797,529.1717715949371,529.171373138519,1987787.5,-9999,495435.3,14.89,-1,0.7529818095558232,0.9022369787989428,0,0.5413421872793658,8,1.5909090909090908,0.2272727272727273,N4 S2 P1 O5,de-protonated,0,-9999,C22 H35 O5 N4 P1 S2,22,35,5,4,1,2,-9999,N/A
1615,529.173451,529.1734255950909,529.173742120239,6113484.5,-9999,273936.6,49.15,-1,-0.5981497624622932,0.9470180571224864,0.976402698867652,0.9587719138205524,17,1.0344827586206895,0.06896551724137931,N4 S2 O2,de-protonated,0,-9999,C29 H30 O2 N4 S2,29,30,2,4,-9999,2,-9999,N/A
1615,529.173451,529.1734255950909,529.173875061969,6113484.5,-9999,273936.6,49.15,-1,-0.8493746561880745,0.8909274685375628,0.9477894761130784,0.913672271567769,4,1.9444444444444444,0.5555555555555556,N4 S1 P1 O10,de-protonated,0,-9999,C18 H35 O10 N4 P1 S1,18,35,10,4,1,1,-9999,N/A
1616,529.194687,529.1946615970646,529.1948714882991,2263769,-9999,289572.8,17.18,-1,-0.3966237123312441,0.971859764796046,0,0.5831158588776275,12,1.3076923076923077,0.15384615384615383,N4 S2 O4,de-protonated,0,-9999,C26 H34 O4 N4 S2,26,34,4,4,-9999,2,-9999,N/A
1617,529.209878,529.2098525984765,529.210127629589,4981986,-9999,285606.3,39.76,-1,-0.5197011511909466,0.4760870673907543,0.7550179348240813,0.5876594143640852,16,1.1333333333333333,0.03333333333333333,N4 S2 O1,de-protonated,0,-9999,C30 H34 O1 N4 S2,30,34,1,4,-9999,2,-9999,N/A
1617,529.209878,529.2098525984765,529.210260571319,4981986,-9999,285606.3,39.76,-1,-0.7709087918184685,0.448887849373194,0.8295321147073604,0.6011455555068606,3,2.0526315789473686,0.47368421052631576,N4 S1 P1 O9,de-protonated,0,-9999,C19 H39 O9 N4 P1 S1,19,39,9,4,1,1,-9999,N/A
1618,529.246221,529.2461956018541,529.246646080669,2203895.8,-9999,255720,16.68,-1,-0.8511699002815853,0.8768162804927888,0,0.5260897682956732,2,2.15,0.4,N4 S1 P1 O8,de-protonated,0,-9999,C20 H43 O8 N4 P1 S1,20,43,8,4,1,1,-9999,N/A
1620,530.067544,530.0675186781874,530.067880068389,1843936.4,-9999,297979.6,13.69,-1,-0.681780985270253,0.9191169174906372,0,0.5514701504943823,28,0.4857142857142857,0.02857142857142857,N1 S2 O1,de-protonated,0,-9999,C35 H17 O1 N1 S2,35,17,1,1,-9999,2,-9999,N/A
1620,530.067544,530.0675186781874,530.067010688519,1843936.4,-9999,297979.6,13.69,-1,0.9583499033252132,0.8464968994203046,0,0.5078981396521828,29,0.38235294117647056,0.17647058823529413,N1 O6,de-protonated,0,-9999,C34 H13 O6 N1,34,13,6,1,-9999,-9999,-9999,N/A
1620,530.067544,530.0675186781874,530.0680130101191,1843936.4,-9999,297979.6,13.69,-1,-0.9325820829738648,0.8540140635388294,0,0.5124084381232976,15,0.9166666666666666,0.375,N1 S1 P1 O9,de-protonated,0,-9999,C24 H22 O9 N1 P1 S1,24,22,9,1,1,1,-9999,N/A
1620,530.067544,530.0675186781874,530.067361561439,1843936.4,-9999,297979.6,13.69,-1,0.29640902225353105,0.9841846228771952,0,0.5905107737263171,6,1.625,0.6875,N3 S2 P1 O11,de-protonated,0,-9999,C16 H26 O11 N3 P1 S2,16,26,11,3,1,2,-9999,N/A
1620,530.067544,530.0675186781874,530.067940427259,1843936.4,-9999,297979.6,13.69,-1,-0.7956509712323311,0.8914838206702972,0.956349602648224,0.917430133461468,20,0.72,0.2,13C1 N4 S2 O5,de-protonated,1,1607,C25 H18 O5 N4 S2 13C1,25,18,5,4,-9999,2,1,N/A
1622,530.10396,530.1039346815719,530.104398519469,2109174.3,-9999,297729.6,15.89,-1,-0.8749934887960942,0.8702980124617522,0,0.5221788074770513,14,1.04,0.32,N1 S1 P1 O8,de-protonated,0,-9999,C25 H26 O8 N1 P1 S1,25,26,8,1,1,1,-9999,N/A
1622,530.10396,530.1039346815719,530.1037470707889,2109174.3,-9999,297729.6,15.89,-1,0.35391333113510576,0.9775290284270636,0,0.5865174170562382,5,1.7647058823529411,0.5882352941176471,N3 S2 P1 O10,de-protonated,0,-9999,C17 H30 O10 N3 P1 S2,17,30,10,3,1,2,-9999,N/A
1622,530.10396,530.1039346815719,530.104325936609,2109174.3,-9999,297729.6,15.89,-1,-0.7380717681154229,0.9058838699173972,0.972951296488946,0.9327108405460168,19,0.8461538461538461,0.15384615384615383,13C1 N4 S2 O4,de-protonated,1,1609,C26 H22 O4 N4 S2 13C1,26,22,4,4,-9999,2,1,N/A
1622,530.10396,530.1039346815719,530.103456556739,2109174.3,-9999,297729.6,15.89,-1,0.9019462652787368,0.8627677112943746,0.9794850839865888,0.9094546603712602,20,0.72,0.36,13C1 N4 O9,de-protonated,1,1609,C25 H18 O9 N4 13C1,25,18,9,4,-9999,-9999,1,N/A
1622,530.10396,530.1039346815719,530.1044588783391,2109174.3,-9999,297729.6,15.89,-1,-0.9888556083508436,0.8374221696776967,0.9485503560867654,0.8818734442413241,6,1.8,0.8,13C1 N4 S1 P1 O12,de-protonated,1,1609,C15 H27 O12 N4 P1 S1 13C1,15,27,12,4,1,1,1,N/A
1624,530.140492,530.1404666849671,530.140784028819,2260748,-9999,319791.2,17.15,-1,-0.5986029775900058,0.9370508814189774,0,0.5622305288513865,13,1.1538461538461535,0.2692307692307692,N1 S1 P1 O7,de-protonated,0,-9999,C26 H30 O7 N1 P1 S1,26,30,7,1,1,1,-9999,N/A
1624,530.140492,530.1404666849671,530.140132580139,2260748,-9999,319791.2,17.15,-1,0.6302198372691327,0.9304683171653452,0,0.5582809902992072,4,1.8888888888888888,0.5,N3 S2 P1 O9,de-protonated,0,-9999,C18 H34 O9 N3 P1 S2,18,34,9,3,1,2,-9999,N/A
1624,530.140492,530.1404666849671,530.140711445959,2260748,-9999,319791.2,17.15,-1,-0.46169061650995974,0.9620611354513058,0.9899933660468136,0.9732340276895088,18,0.9629629629629628,0.1111111111111111,13C1 N4 S2 O3,de-protonated,1,1612,C27 H26 O3 N4 S2 13C1,27,26,3,4,-9999,2,1,N/A
1624,530.140492,530.1404666849671,530.1408443876891,2260748,-9999,319791.2,17.15,-1,-0.7124573138384124,0.912011642700678,0.9128578863816422,0.9123501401730636,5,1.9375,0.6875,13C1 N4 S1 P1 O11,de-protonated,1,1612,C16 H31 O11 N4 P1 S1 13C1,16,31,11,4,1,1,1,N/A
1625,530.176861,530.1768356883473,530.1771695381691,1676065.6,-9999,298884.3,12.3,-1,-0.6296948284113613,0.9305800007237576,0,0.5583480004342545,12,1.2592592592592593,0.2222222222222222,N1 S1 P1 O6,de-protonated,0,-9999,C27 H34 O6 N1 P1 S1,27,34,6,1,1,1,-9999,N/A
1625,530.176861,530.1768356883473,530.176518089489,1676065.6,-9999,298884.3,12.3,-1,0.599043615519319,0.93696115780257,0,0.562176694681542,3,2,0.42105263157894735,N3 S2 P1 O8,de-protonated,0,-9999,C19 H38 O8 N3 P1 S2,19,38,8,3,1,2,-9999,N/A
1625,530.176861,530.1768356883473,530.1770969553091,1676065.6,-9999,298884.3,12.3,-1,-0.49279186774253314,0.956893008136722,0.976402698867652,0.964696884429094,17,1.0714285714285714,0.07142857142857142,13C1 N4 S2 O2,de-protonated,1,1615,C28 H30 O2 N4 S2 13C1,28,30,2,4,-9999,2,1,N/A
1625,530.176861,530.1768356883473,530.1772298970391,1676065.6,-9999,298884.3,12.3,-1,-0.7435413472014952,0.9045528154859328,0.9477894761130784,0.921847479736791,4,2.0588235294117645,0.5882352941176471,13C1 N4 S1 P1 O10,de-protonated,1,1615,C17 H35 O10 N4 P1 S1 13C1,17,35,10,4,1,1,1,N/A
1626,531.043697,531.0436717689105,531.0438501472989,5981478.5,-9999,325202.4,48.05,-1,-0.33590142961890057,0.4898676657849661,0.7871578612348809,0.608783743964932,20,0.64,0.24,N4 S2 O6,de-protonated,0,-9999,C25 H16 O6 N4 S2,25,16,6,4,-9999,2,-9999,N/A
1627,531.080012,531.0799867722857,531.080235656649,9817404,-9999,280708.5,79.9,-1,-0.468637969675242,0.6276920656825488,0.925739825876402,0.7469111697600901,19,0.7692307692307693,0.19230769230769232,N4 S2 O5,de-protonated,0,-9999,C26 H20 O5 N4 S2,26,20,5,4,-9999,2,-9999,N/A
1627,531.080012,531.0799867722857,531.0803685983791,9817404,-9999,280708.5,79.9,-1,-0.7189610386549575,0.884308247477174,0.9434081475176622,0.9079482074933692,6,1.6666666666666667,0.8666666666666667,N4 S1 P1 O13,de-protonated,0,-9999,C15 H25 O13 N4 P1 S1,15,25,13,4,1,1,-9999,N/A
1628,531.101399,531.1013737742734,531.1011683202189,1945417,-9999,310325.2,14.53,-1,0.3868454199230726,0.9732116637368392,0,0.5839269982421035,22,0.7575757575757576,0.0303030303030303,S2 P1 O1,de-protonated,0,-9999,C33 H25 O1 P1 S2,33,25,1,-9999,1,2,-9999,N/A
1628,531.101399,531.1013737742734,531.1016363508691,1945417,-9999,310325.2,14.53,-1,-0.4943998995705716,0.956617426148042,0,0.5739704556888251,28,0.5151515151515151,0.06060606060606061,N4 P1 O2,de-protonated,0,-9999,C33 H17 O2 N4 P1,33,17,2,4,1,-9999,-9999,N/A
1628,531.101399,531.1013737742734,531.101365024709,1945417,-9999,310325.2,14.53,-1,0.01647437746269183,0.9999507551113966,0,0.5999704530668379,14,1.0434782608695652,0.30434782608695654,N4 S2 O7,de-protonated,0,-9999,C23 H24 O7 N4 S2,23,24,7,4,-9999,2,-9999,N/A
1629,531.116458,531.1164327756729,531.116621165999,9545042,-9999,277722.2,77.64,-1,-0.35470613911943344,0.6588684369664476,0.9095254575573638,0.759131245202814,18,0.8888888888888888,0.14814814814814814,N4 S2 O4,de-protonated,0,-9999,C27 H24 O4 N4 S2,27,24,4,4,-9999,2,-9999,N/A
1629,531.116458,531.1164327756729,531.116754107729,9545042,-9999,277722.2,77.64,-1,-0.6050120873819269,0.9648598768058886,0.9618439789417648,0.963653517660239,5,1.8125,0.75,N4 S1 P1 O12,de-protonated,0,-9999,C16 H29 O12 N4 P1 S1,16,29,12,4,1,1,-9999,N/A
1630,531.137629,531.1376037776405,531.1380218602189,2016094.6,-9999,353830.6,15.12,-1,-0.787144887471082,0.8936643023117853,0,0.5361985813870711,27,0.6176470588235294,0.02941176470588235,N4 P1 O1,de-protonated,0,-9999,C34 H21 O1 N4 P1,34,21,1,4,1,-9999,-9999,N/A
1630,531.137629,531.1376037776405,531.1377505340591,2016094.6,-9999,353830.6,15.12,-1,-0.27630575777485483,0.9862428301177956,0,0.5917456980706773,13,1.1666666666666667,0.25,N4 S2 O6,de-protonated,0,-9999,C24 H28 O6 N4 S2,24,28,6,4,-9999,2,-9999,N/A
1631,531.152756,531.1527307790464,531.153006675349,10478952,-9999,287502.8,85.4,-1,-0.5194290519472542,0.6362220216250106,0.9357310971464968,0.756025651833605,17,1,0.10714285714285714,N4 S2 O3,de-protonated,0,-9999,C28 H28 O3 N4 S2,28,28,3,4,-9999,2,-9999,N/A
1631,531.152756,531.1527307790464,531.1531396170791,10478952,-9999,287502.8,85.4,-1,-0.7697178125220505,0.9011072664169092,0.9310178486099094,0.9130714992941092,4,1.9411764705882353,0.6470588235294118,N4 S1 P1 O11,de-protonated,0,-9999,C17 H33 O11 N4 P1 S1,17,33,11,4,1,1,-9999,N/A
1632,531.1892,531.1891747824335,531.189392184699,9327998,-9999,307060.6,75.84,-1,-0.4092744861752136,0.968207362531505,0.956685023607222,0.963598426961792,16,1.103448275862069,0.06896551724137931,N4 S2 O2,de-protonated,0,-9999,C29 H32 O2 N4 S2,29,32,2,4,-9999,2,-9999,N/A
1632,531.1892,531.1891747824335,531.189525126429,9327998,-9999,307060.6,75.84,-1,-0.6595461297829835,0.9213438251620556,0.9675071513735082,0.9398091556466366,3,2.0555555555555554,0.5555555555555556,N4 S1 P1 O10,de-protonated,0,-9999,C18 H37 O10 N4 P1 S1,18,37,10,4,1,1,-9999,N/A
1633,531.225594,531.225568785816,531.225777694049,5709203,-9999,256119.8,45.78,-1,-0.3932569574378786,0.9637392814185086,0.9910689995890588,0.9746711686867288,15,1.2,0.03333333333333333,N4 S2 O1,de-protonated,0,-9999,C30 H36 O1 N4 S2,30,36,1,4,-9999,2,-9999,N/A
1633,531.225594,531.225568785816,531.2259106357791,5709203,-9999,256119.8,45.78,-1,-0.643511463293213,0.9149643908332727,0.934416820527662,0.9227453627110284,2,2.1578947368421053,0.47368421052631576,N4 S1 P1 O9,de-protonated,0,-9999,C19 H41 O9 N4 P1 S1,19,41,9,4,1,1,-9999,N/A
1634,531.261839,531.2618137891845,531.2612938235291,2224041,-9999,317671,16.84,-1,0.9787380739576051,0.8404525210782748,0,0.5042715126469649,15,1.2,0.16666666666666666,N4 O5,de-protonated,0,-9999,C30 H36 O5 N4,30,36,5,4,-9999,-9999,-9999,N/A
1634,531.261839,531.2618137891845,531.2622961451291,2224041,-9999,317671,16.84,-1,-0.9079431159358982,0.8610702675018995,0,0.5166421605011396,1,2.25,0.4,N4 S1 P1 O8,de-protonated,0,-9999,C20 H45 O8 N4 P1 S1,20,45,8,4,1,1,-9999,N/A
1635,532.08326,532.083234865527,532.083530132849,2396052.3,-9999,421043.2,18.27,-1,-0.554926633336962,0.4728282158383645,0.7253996187124169,0.5738567769879854,27,0.5428571428571428,0.02857142857142857,N1 S2 O1,de-protonated,0,-9999,C35 H19 O1 N1 S2,35,19,1,1,-9999,2,-9999,N/A
1635,532.08326,532.083234865527,532.083663074579,2396052.3,-9999,421043.2,18.27,-1,-0.8047776727447007,0.8891242006804271,0,0.5334745204082563,14,1,0.375,N1 S1 P1 O9,de-protonated,0,-9999,C24 H24 O9 N1 P1 S1,24,24,9,1,1,1,-9999,N/A
1635,532.08326,532.083234865527,532.0830116258991,2396052.3,-9999,421043.2,18.27,-1,0.419557894151232,0.9685645011539938,0,0.5811387006923963,5,1.75,0.6875,N3 S2 P1 O11,de-protonated,0,-9999,C16 H28 O11 N3 P1 S2,16,28,11,3,1,2,-9999,N/A
1635,532.08326,532.083234865527,532.0835904917191,2396052.3,-9999,421043.2,18.27,-1,-0.668365269052837,0.6147617787891692,0.925739825876402,0.7391529976240623,19,0.8,0.2,13C1 N4 S2 O5,de-protonated,1,1627,C25 H20 O5 N4 S2 13C1,25,20,5,4,-9999,2,1,N/A
1635,532.08326,532.083234865527,532.083723433449,2396052.3,-9999,421043.2,18.27,-1,-0.9182162515613692,0.8581441271775331,0.9434081475176622,0.8922497353135848,6,1.7857142857142858,0.9285714285714286,13C1 N4 S1 P1 O13,de-protonated,1,1627,C14 H25 O13 N4 P1 S1 13C1,14,25,13,4,1,1,1,N/A
1637,532.120037,532.1200118689451,532.120048583929,2176426.3,-9999,262273.5,16.44,-1,-0.06899755803709466,0.999136556931622,0,0.5994819341589732,13,1.12,0.32,N1 S1 P1 O8,de-protonated,0,-9999,C25 H28 O8 N1 P1 S1,25,28,8,1,1,1,-9999,N/A
1637,532.120037,532.1200118689451,532.1199760010691,2176426.3,-9999,262273.5,16.44,-1,0.06740561835644072,0.6661172829839784,0.9095254575573638,0.7634805528133326,18,0.9230769230769232,0.15384615384615383,13C1 N4 S2 O4,de-protonated,1,1629,C26 H24 O4 N4 S2 13C1,26,24,4,4,-9999,2,1,N/A
1637,532.120037,532.1200118689451,532.120108942799,2176426.3,-9999,262273.5,16.44,-1,-0.1824284635680796,0.993979557465538,0.9618439789417648,0.9811253260560286,5,1.9333333333333331,0.8,13C1 N4 S1 P1 O12,de-protonated,1,1629,C15 H29 O12 N4 P1 S1 13C1,15,29,12,4,1,1,1,N/A
1638,532.156123,532.1560978722988,532.156434093279,3029951.8,-9999,375585.1,23.53,-1,-0.6318085410150377,0.9301298718852063,0,0.5580779231311238,12,1.2307692307692308,0.2692307692307692,N1 S1 P1 O7,de-protonated,0,-9999,C26 H32 O7 N1 P1 S1,26,32,7,1,1,1,-9999,N/A
1638,532.156123,532.1560978722988,532.155782644599,3029951.8,-9999,375585.1,23.53,-1,0.5923598129046646,0.9383159468273402,0,0.5629895680964041,3,2,0.5,N3 S2 P1 O9,de-protonated,0,-9999,C18 H36 O9 N3 P1 S2,18,36,9,3,1,2,-9999,N/A
1638,532.156123,532.1560978722988,532.1563615104191,3029951.8,-9999,375585.1,23.53,-1,-0.49541476777787274,0.6376287190062456,0.9357310971464968,0.7568696702623461,17,1.037037037037037,0.1111111111111111,13C1 N4 S2 O3,de-protonated,1,1631,C27 H28 O3 N4 S2 13C1,27,28,3,4,-9999,2,1,N/A
1638,532.156123,532.1560978722988,532.1564944521491,3029951.8,-9999,375585.1,23.53,-1,-0.7452316272329722,0.9041398861397616,0.9310178486099094,0.9148910711278206,4,2.0625,0.6875,13C1 N4 S1 P1 O11,de-protonated,1,1631,C16 H33 O11 N4 P1 S1 13C1,16,33,11,4,1,1,1,N/A
1639,532.192541,532.1925158756835,532.1928196026291,2266069.8,-9999,262189.7,17.19,-1,-0.5707084621021057,0.9426131482185384,0,0.5655678889311231,11,1.3333333333333333,0.2222222222222222,N1 S1 P1 O6,de-protonated,0,-9999,C27 H36 O6 N1 P1 S1,27,36,6,1,1,1,-9999,N/A
1639,532.192541,532.1925158756835,532.1921681539491,2266069.8,-9999,262189.7,17.19,-1,0.6533762712981961,0.9254635384629396,0,0.5552781230777637,2,2.1052631578947367,0.42105263157894735,N3 S2 P1 O8,de-protonated,0,-9999,C19 H40 O8 N3 P1 S2,19,40,8,3,1,2,-9999,N/A
1639,532.192541,532.1925158756835,532.1927470197691,2266069.8,-9999,262189.7,17.19,-1,-0.4343240054301023,0.9663511535435042,0.956685023607222,0.9624847015689912,16,1.1428571428571428,0.07142857142857142,13C1 N4 S2 O2,de-protonated,1,1632,C28 H32 O2 N4 S2 13C1,28,32,2,4,-9999,2,1,N/A
1639,532.192541,532.1925158756835,532.1928799614991,2266069.8,-9999,262189.7,17.19,-1,-0.6841238004100729,0.9185833898095818,0.9675071513735082,0.9381528944351524,3,2.176470588235294,0.5882352941176471,13C1 N4 S1 P1 O10,de-protonated,1,1632,C17 H37 O10 N4 P1 S1 13C1,17,37,10,4,1,1,1,N/A
1640,532.22889,532.2288648790617,532.229205111979,1764075.3,-9999,288155.7,13.02,-1,-0.6392601421647234,0.9285327321799736,0,0.5571196393079841,10,1.4285714285714286,0.17857142857142858,N1 S1 P1 O5,de-protonated,0,-9999,C28 H40 O5 N1 P1 S1,28,40,5,1,1,1,-9999,N/A
1640,532.22889,532.2288648790617,532.228553663299,1764075.3,-9999,288155.7,13.02,-1,0.5847408234555396,0.939844101457062,0,0.5639064608742371,1,2.2,0.35,N3 S2 P1 O7,de-protonated,0,-9999,C20 H44 O7 N3 P1 S2,20,44,7,3,1,2,-9999,N/A
1640,532.22889,532.2288648790617,532.229132529119,1764075.3,-9999,288155.7,13.02,-1,-0.5028850188925353,0.955149730694103,0.9910689995890588,0.9695174382520853,15,1.2413793103448276,0.03448275862068965,13C1 N4 S2 O1,de-protonated,1,1633,C29 H36 O1 N4 S2 13C1,29,36,1,4,-9999,2,1,N/A
1640,532.22889,532.2288648790617,532.2292654708491,1764075.3,-9999,288155.7,13.02,-1,-0.7526677193457937,0.9023144020452548,0.934416820527662,0.9151553694382176,2,2.2777777777777777,0.5,13C1 N4 S1 P1 O9,de-protonated,1,1633,C18 H41 O9 N4 P1 S1 13C1,18,41,9,4,1,1,1,N/A
1641,533.022987,533.0229619528646,533.022917997919,1870791.4,-9999,388586.4,13.9,-1,0.0824635192920661,0.99876686776761,0,0.599260120660566,28,0.4411764705882353,0.02941176470588235,S2 P1 O1,de-protonated,0,-9999,C34 H15 O1 P1 S2,34,15,1,-9999,1,2,-9999,N/A
1641,533.022987,533.0229619528646,533.0231147024091,1870791.4,-9999,388586.4,13.9,-1,-0.28657208332503187,0.9852092617615832,0,0.5911255570569499,20,0.5833333333333334,0.2916666666666667,N4 S2 O7,de-protonated,0,-9999,C24 H14 O7 N4 S2,24,14,7,4,-9999,2,-9999,N/A
1642,533.057513,533.0574879560735,533.0572934213691,2504156,-9999,397288.4,19.16,-1,0.3649414552741028,0.976123906578542,0,0.5856743439471251,15,0.782608695652174,0.6521739130434783,O15,de-protonated,0,-9999,C23 H18 O15,23,18,15,-9999,-9999,-9999,-9999,N/A
1642,533.057513,533.0574879560735,533.057782678719,2504156,-9999,397288.4,19.16,-1,-0.5528906154749942,0.9460435340100504,0,0.5676261204060302,19,0.7307692307692307,0.2692307692307692,N2 S1 P1 O7,de-protonated,0,-9999,C26 H19 O7 N2 P1 S1,26,19,7,2,1,1,-9999,N/A
1642,533.057513,533.0574879560735,533.057131230039,2504156,-9999,397288.4,19.16,-1,0.6692078833794142,0.9219541062942892,0,0.5531724637765735,10,1.2777777777777777,0.5,N4 S2 P1 O9,de-protonated,0,-9999,C18 H23 O9 N4 P1 S2,18,23,9,4,1,2,-9999,N/A
1643,533.059373,533.0593479562465,533.059771537919,7142877,-9999,214462.5,57.68,-1,-0.7946232207680134,0.865928274156198,0.9135456556949284,0.8849752267716902,33,0.3142857142857143,0.02857142857142857,N4 P1 O1,de-protonated,0,-9999,C35 H11 O1 N4 P1,35,11,1,4,1,-9999,-9999,N/A
1643,533.059373,533.0593479562465,533.059500211759,7142877,-9999,214462.5,57.68,-1,-0.28562573676828756,0.972856543563044,0.9753038982173924,0.9738354854247832,19,0.72,0.24,N4 S2 O6,de-protonated,0,-9999,C25 H18 O6 N4 S2,25,18,6,4,-9999,2,-9999,N/A
1644,533.094006,533.0939809594652,533.0936789307191,3089906,-9999,371102.8,24.02,-1,0.5665584831114857,0.9434207208793493,0,0.5660524325276095,14,0.9166666666666666,0.5833333333333334,O14,de-protonated,0,-9999,C24 H22 O14,24,22,14,-9999,-9999,-9999,-9999,N/A
1644,533.094006,533.0939809594652,533.094168188069,3089906,-9999,371102.8,24.02,-1,-0.35121112748185235,0.48893352422382647,0.7739790330151771,0.6029517277403668,18,0.8518518518518519,0.2222222222222222,N2 S1 P1 O6,de-protonated,0,-9999,C27 H23 O6 N2 P1 S1,27,23,6,2,1,1,-9999,N/A
1644,533.094006,533.0939809594652,533.0935167393891,3089906,-9999,371102.8,24.02,-1,0.8708042050896897,0.8714537087150567,0,0.522872225229034,9,1.4210526315789471,0.42105263157894735,N4 S2 P1 O8,de-protonated,0,-9999,C19 H27 O8 N4 P1 S2,19,27,8,4,1,2,-9999,N/A
1645,533.095688,533.0956629596214,533.0958857211091,9347571,-9999,293698.3,75.99,-1,-0.417863828255484,0.968073663407262,0.9988011667344504,0.9803646647381372,18,0.8461538461538461,0.19230769230769232,N4 S2 O5,de-protonated,0,-9999,C26 H22 O5 N4 S2,26,22,5,4,-9999,2,-9999,N/A
1645,533.095688,533.0956629596214,533.096018662839,9347571,-9999,293698.3,75.99,-1,-0.6672404315777088,0.9213271952663952,0.9213011476033828,0.9213167762011902,5,1.8,0.8666666666666667,N4 S1 P1 O13,de-protonated,0,-9999,C15 H27 O13 N4 P1 S1,15,27,13,4,1,1,-9999,N/A
1646,533.1321,533.1320749630056,533.1322712304591,10215945,-9999,270621.5,83.2,-1,-0.3681402609942333,0.6496927801910269,0.9224954658416468,0.7588138544512749,17,0.9629629629629628,0.14814814814814814,N4 S2 O4,de-protonated,0,-9999,C27 H26 O4 N4 S2,27,26,4,4,-9999,2,-9999,N/A
1646,533.1321,533.1320749630056,533.132404172189,10215945,-9999,270621.5,83.2,-1,-0.6174998571258918,0.9313448880530448,0.9488739706574816,0.9383565210948196,4,1.9375,0.75,N4 S1 P1 O12,de-protonated,0,-9999,C16 H31 O12 N4 P1 S1,16,31,12,4,1,1,-9999,N/A
1647,533.166722,533.1666969662234,533.166449949419,3420701.8,-9999,395100.2,26.77,-1,0.4633014783178582,0.4809005315759603,0.7805128205128199,0.6007454471507041,12,1.1538461538461535,0.4615384615384616,O12,de-protonated,0,-9999,C26 H30 O12,26,30,12,-9999,-9999,-9999,-9999,N/A
1647,533.166722,533.1666969662234,533.166939206769,3420701.8,-9999,395100.2,26.77,-1,-0.4543427729740277,0.4816184128734916,0.7612342259156646,0.5934647380903608,16,1.0689655172413792,0.13793103448275862,N2 S1 P1 O4,de-protonated,0,-9999,C29 H31 O4 N2 P1 S1,29,31,4,2,1,1,-9999,N/A
1647,533.166722,533.1666969662234,533.1662877580891,3420701.8,-9999,395100.2,26.77,-1,0.7675056426568977,0.8986289605477816,0,0.5391773763286689,7,1.6666666666666667,0.2857142857142857,N4 S2 P1 O6,de-protonated,0,-9999,C21 H35 O6 N4 P1 S2,21,35,6,4,1,2,-9999,N/A
1648,533.168494,533.168468966388,533.168656739809,10840607,-9999,243007.6,88.39,-1,-0.3521839076659762,0.6502445055110785,0.9357310971464968,0.7644391421652459,16,1.0714285714285714,0.10714285714285714,N4 S2 O3,de-protonated,0,-9999,C28 H30 O3 N4 S2,28,30,3,4,-9999,2,-9999,N/A
1648,533.168494,533.168468966388,533.1687896815391,10840607,-9999,243007.6,88.39,-1,-0.6015264909351917,0.9326986173053984,0.9359909871297628,0.9340155652351444,3,2.0588235294117645,0.6470588235294118,N4 S1 P1 O11,de-protonated,0,-9999,C17 H35 O11 N4 P1 S1,17,35,11,4,1,1,-9999,N/A
1649,533.203037,533.2030119695985,533.2028354587691,2714163.5,-9999,470856.9,20.9,-1,0.33103880489966775,0.9803120290540812,0,0.5881872174324487,11,1.2592592592592593,0.4074074074074074,O11,de-protonated,0,-9999,C27 H34 O11,27,34,11,-9999,-9999,-9999,-9999,N/A
1649,533.203037,533.2030119695985,533.203324716119,2714163.5,-9999,470856.9,20.9,-1,-0.586542705264947,0.46974212849415686,0.7550179348240813,0.5838524510261267,15,1.1666666666666667,0.1,N2 S1 P1 O3,de-protonated,0,-9999,C30 H35 O3 N2 P1 S1,30,35,3,2,1,1,-9999,N/A
1649,533.203037,533.2030119695985,533.2026732674391,2714163.5,-9999,470856.9,20.9,-1,0.6352221704651941,0.9294001950926564,0,0.5576401170555938,6,1.7727272727272727,0.2272727272727273,N4 S2 P1 O5,de-protonated,0,-9999,C22 H39 O5 N4 P1 S2,22,39,5,4,1,2,-9999,N/A
1650,533.204894,533.204868969771,533.2050422491591,8735285,-9999,284363.6,70.91,-1,-0.32497702442110726,0.9819270445445564,0.967671783242094,0.9762249400235714,15,1.1724137931034482,0.06896551724137931,N4 S2 O2,de-protonated,0,-9999,C29 H34 O2 N4 S2,29,34,2,4,-9999,2,-9999,N/A
1650,533.204894,533.204868969771,533.205175190889,8735285,-9999,284363.6,70.91,-1,-0.5743025991019589,0.9435120868735616,0.956520391738636,0.9487154088195914,2,2.1666666666666665,0.5555555555555556,N4 S1 P1 O10,de-protonated,0,-9999,C18 H39 O10 N4 P1 S1,18,39,10,4,1,1,-9999,N/A
1651,533.24122,533.2411949731471,533.241427758509,4787786.5,-9999,287382.2,38.12,-1,-0.4365477806626213,0.48300581980408025,0.7550179348240813,0.5918106658120807,14,1.2666666666666666,0.03333333333333333,N4 S2 O1,de-protonated,0,-9999,C30 H38 O1 N4 S2,30,38,1,4,-9999,2,-9999,N/A
1651,533.24122,533.2411949731471,533.2415607002391,4787786.5,-9999,287382.2,38.12,-1,-0.6858563153305891,0.4590939341311748,0.8295321147073605,0.6072692063616492,1,2.263157894736842,0.47368421052631576,N4 S1 P1 O9,de-protonated,0,-9999,C19 H43 O9 N4 P1 S1,19,43,9,4,1,1,-9999,N/A
1652,533.27756,533.2775349765245,533.277946209589,1946720.1,-9999,384445.3,14.53,-1,-0.7711420796714561,0.8977170986504478,0,0.5386302591902686,0,2.35,0.4,N4 S1 P1 O8,de-protonated,0,-9999,C20 H47 O8 N4 P1 S1,20,47,8,4,1,1,-9999,N/A
1653,534.062628,534.0626030494884,534.062794687959,1655351.9,-9999,306552.1,12.11,-1,-0.358831344371058,0.9769074884588244,0,0.5861444930752946,27,0.5,0.0588235294117647,N1 S2 O2,de-protonated,0,-9999,C34 H17 O2 N1 S2,34,17,2,1,-9999,2,-9999,N/A
1653,534.062628,534.0626030494884,534.06292762968906,1655351.9,-9999,306552.1,12.11,-1,-0.607756471846836,0.9351752580482148,0,0.5611051548289288,14,0.9565217391304348,0.43478260869565216,N1 S1 P1 O10,de-protonated,0,-9999,C23 H22 O10 N1 P1 S1,23,22,10,1,1,1,-9999,N/A
1653,534.062628,534.0626030494884,534.062276181009,1655351.9,-9999,306552.1,12.11,-1,0.6120418797536126,0.9342886715793044,0,0.5605732029475826,5,1.7333333333333334,0.8,N3 S2 P1 O12,de-protonated,0,-9999,C15 H26 O12 N3 P1 S2,15,26,12,3,1,2,-9999,N/A
1653,534.062628,534.0626030494884,534.063126372989,1655351.9,-9999,306552.1,12.11,-1,-0.9798907184545124,0.8401083094171301,0.9135456556949284,0.8694832479282494,33,0.3235294117647059,0.02941176470588235,13C1 N4 P1 O1,de-protonated,1,1643,C34 H11 O1 N4 P1 13C1,34,11,1,4,1,-9999,1,N/A
1653,534.062628,534.0626030494884,534.0628550468291,1655351.9,-9999,306552.1,12.11,-1,-0.4718495927998548,0.9604070198594394,0.9753038982173924,0.9663657712026206,19,0.75,0.25,13C1 N4 S2 O6,de-protonated,1,1643,C24 H18 O6 N4 S2 13C1,24,18,6,4,-9999,2,1,N/A
1655,534.099037,534.0990120528721,534.099180197309,2610253.8,-9999,308871.1,20.04,-1,-0.31481875112045693,0.49108860295881807,0.7253996187124169,0.5848130092602576,26,0.6,0.02857142857142857,N1 S2 O1,de-protonated,0,-9999,C35 H21 O1 N1 S2,35,21,1,1,-9999,2,-9999,N/A
1655,534.099037,534.0990120528721,534.099313139039,2610253.8,-9999,308871.1,20.04,-1,-0.5637269315299865,0.943968742821605,0,0.566381245692963,13,1.0833333333333333,0.375,N1 S1 P1 O9,de-protonated,0,-9999,C24 H26 O9 N1 P1 S1,24,26,9,1,1,1,-9999,N/A
1655,534.099037,534.0990120528721,534.098661690359,2610253.8,-9999,308871.1,20.04,-1,0.6559883749244566,0.9248893831321692,0,0.5549336298793015,4,1.875,0.6875,N3 S2 P1 O11,de-protonated,0,-9999,C16 H30 O11 N3 P1 S2,16,30,11,3,1,2,-9999,N/A
1655,534.099037,534.0990120528721,534.0992405561791,2610253.8,-9999,308871.1,20.04,-1,-0.4278293051552676,0.967333473695512,0.9988011667344504,0.9799205509110872,18,0.88,0.2,13C1 N4 S2 O5,de-protonated,1,1645,C25 H22 O5 N4 S2 13C1,25,22,5,4,-9999,2,1,N/A
1655,534.099037,534.0990120528721,534.099373497909,2610253.8,-9999,308871.1,20.04,-1,-0.67673742909343,0.920260314297655,0.9213011476033828,0.920676647619946,5,1.9285714285714288,0.9285714285714286,13C1 N4 S1 P1 O13,de-protonated,1,1645,C14 H27 O13 N4 P1 S1 13C1,14,27,13,4,1,1,1,N/A
1657,534.135445,534.135420056256,534.135698648389,2532451.8,-9999,275467.6,19.39,-1,-0.5215755730325301,0.9518369819552106,0,0.5711021891731264,12,1.2,0.32,N1 S1 P1 O8,de-protonated,0,-9999,C25 H30 O8 N1 P1 S1,25,30,8,1,1,1,-9999,N/A
1657,534.135445,534.135420056256,534.135047199709,2532451.8,-9999,275467.6,19.39,-1,0.6980566972993575,0.9153791866527328,0,0.5492275119916395,3,2,0.5882352941176471,N3 S2 P1 O10,de-protonated,0,-9999,C17 H34 O10 N3 P1 S2,17,34,10,3,1,2,-9999,N/A
1657,534.135445,534.135420056256,534.1356260655291,2532451.8,-9999,275467.6,19.39,-1,-0.3856871983247058,0.6489131207486141,0.9224954658416468,0.7583460587858272,17,1,0.15384615384615383,13C1 N4 S2 O4,de-protonated,1,1646,C26 H26 O4 N4 S2 13C1,26,26,4,4,-9999,2,1,N/A
1657,534.135445,534.135420056256,534.135759007259,2532451.8,-9999,275467.6,19.39,-1,-0.634578377045714,0.9295380654309296,0.9488739706574816,0.9372724275215504,4,2.066666666666667,0.8,13C1 N4 S1 P1 O12,de-protonated,1,1646,C15 H31 O12 N4 P1 S1 13C1,15,31,12,4,1,1,1,N/A
1658,534.171829,534.1718040596375,534.172084157739,3045497.8,-9999,315323.3,23.65,-1,-0.5243593027510256,0.4756671267903403,0.7805128205128198,0.5976054042793321,11,1.3076923076923077,0.2692307692307692,N1 S1 P1 O7,de-protonated,0,-9999,C26 H34 O7 N1 P1 S1,26,34,7,1,1,1,-9999,N/A
1658,534.171829,534.1718040596375,534.171432709059,3045497.8,-9999,315323.3,23.65,-1,0.6951898879698697,0.916042836566628,0,0.5496257019399768,2,2.111111111111111,0.5,N3 S2 P1 O9,de-protonated,0,-9999,C18 H38 O9 N3 P1 S2,18,38,9,3,1,2,-9999,N/A
1658,534.171829,534.1718040596375,534.1720115748791,3045497.8,-9999,315323.3,23.65,-1,-0.3884801845554714,0.6486585790977938,0.9357310971464968,0.763487586317275,16,1.1111111111111112,0.1111111111111111,13C1 N4 S2 O3,de-protonated,1,1648,C27 H30 O3 N4 S2 13C1,27,30,3,4,-9999,2,1,N/A
1658,534.171829,534.1718040596375,534.172144516609,3045497.8,-9999,315323.3,23.65,-1,-0.6373544091846052,0.9289427179168992,0.9359909871297628,0.9317620256020448,3,2.1875,0.6875,13C1 N4 S1 P1 O11,de-protonated,1,1648,C16 H35 O11 N4 P1 S1 13C1,16,35,11,4,1,1,1,N/A
1659,534.208257,534.208232063023,534.208469667089,2272399.5,-9999,329035.3,17.23,-1,-0.4447777964829194,0.964741102147856,0,0.5788446612887135,10,1.4074074074074074,0.2222222222222222,N1 S1 P1 O6,de-protonated,0,-9999,C27 H38 O6 N1 P1 S1,27,38,6,1,1,1,-9999,N/A
1659,534.208257,534.208232063023,534.2078182184091,2272399.5,-9999,329035.3,17.23,-1,0.774688426173133,0.8968245736602394,0,0.5380947441961436,1,2.210526315789474,0.42105263157894735,N3 S2 P1 O8,de-protonated,0,-9999,C19 H42 O8 N3 P1 S2,19,42,8,3,1,2,-9999,N/A
1659,534.208257,534.208232063023,534.2083970842291,2272399.5,-9999,329035.3,17.23,-1,-0.30890792234773423,0.9828344575062824,0.967671783242094,0.9767693878006072,15,1.2142857142857142,0.07142857142857142,13C1 N4 S2 O2,de-protonated,1,1650,C28 H34 O2 N4 S2 13C1,28,34,2,4,-9999,2,1,N/A
1659,534.208257,534.208232063023,534.208530025959,2272399.5,-9999,329035.3,17.23,-1,-0.557765215691715,0.945114631461454,0.956520391738636,0.9496769355723268,2,2.2941176470588234,0.5882352941176471,13C1 N4 S1 P1 O10,de-protonated,1,1650,C17 H39 O10 N4 P1 S1 13C1,17,39,10,4,1,1,1,N/A
1660,535.038518,535.038493140187,535.0385680623789,4023939.5,-9999,313993.9,31.77,-1,-0.1400313852665113,0.4982241665818906,0.7311359101322861,0.5913888640020488,27,0.5,0.02941176470588235,S2 P1 O1,de-protonated,0,-9999,C34 H17 O1 P1 S2,34,17,1,-9999,1,2,-9999,N/A
1660,535.038518,535.038493140187,535.038764766869,4023939.5,-9999,313993.9,31.77,-1,-0.5076766392753659,0.4771554447681084,0.7939170211058494,0.6038600753032048,19,0.6666666666666666,0.2916666666666667,N4 S2 O7,de-protonated,0,-9999,C24 H16 O7 N4 S2,24,16,7,4,-9999,2,-9999,N/A
1661,535.053869,535.0538441416137,535.054020908159,1685132.8,-9999,291825.9,12.35,-1,-0.3303713988302142,0.9803905520019583,0,0.5882343312011751,23,0.5714285714285714,0.14285714285714285,N4 S2 O4,de-protonated,0,-9999,C28 H16 O4 N4 S2,28,16,4,4,-9999,2,-9999,N/A
1661,535.053869,535.0538441416137,535.0541538498891,1685132.8,-9999,291825.9,12.35,-1,-0.57883538171356,0.9410166413817704,0,0.5646099848290622,10,1.2352941176470589,0.7058823529411765,N4 S1 P1 O12,de-protonated,0,-9999,C17 H21 O12 N4 P1 S1,17,21,12,4,1,1,-9999,N/A
1662,535.074961,535.0749361435741,535.0754216023789,10057369,-9999,289739.5,81.88,-1,-0.9072717326585092,0.4306303495465067,0.7253996187124169,0.5485380572128707,32,0.37142857142857144,0.02857142857142857,N4 P1 O1,de-protonated,0,-9999,C35 H13 O1 N4 P1,35,13,1,4,1,-9999,-9999,N/A
1662,535.074961,535.0749361435741,535.075150276219,10057369,-9999,289739.5,81.88,-1,-0.4001917204178051,0.6425691694576109,0.9300365252158797,0.7575561117609184,18,0.8,0.24,N4 S2 O6,de-protonated,0,-9999,C25 H20 O6 N4 S2,25,20,6,4,-9999,2,-9999,N/A
1663,535.090137,535.0901121449846,535.090406417509,1757346.8,-9999,341131.3,12.95,-1,-0.5499491692006993,0.9466005480170656,0,0.5679603288102393,22,0.6896551724137931,0.10344827586206896,N4 S2 O3,de-protonated,0,-9999,C29 H20 O3 N4 S2,29,20,3,4,-9999,2,-9999,N/A
1663,535.090137,535.0901121449846,535.0905393592391,1757346.8,-9999,341131.3,12.95,-1,-0.798396202280313,0.8907762416351819,0,0.5344657449811091,9,1.3888888888888888,0.6111111111111112,N4 S1 P1 O11,de-protonated,0,-9999,C18 H25 O11 N4 P1 S1,18,25,11,4,1,1,-9999,N/A
1664,535.109613,535.1095881467945,535.109328995179,3073710.5,-9999,378398.1,23.88,-1,0.4842965754495626,0.9583353111399052,0,0.5750011866839432,13,1,0.5833333333333334,O14,de-protonated,0,-9999,C24 H24 O14,24,24,14,-9999,-9999,-9999,-9999,N/A
1664,535.109613,535.1095881467945,535.1098182525291,3073710.5,-9999,378398.1,23.88,-1,-0.43001590831633424,0.4835021462404044,0.7739790330151771,0.5996929009503135,17,0.925925925925926,0.2222222222222222,N2 S1 P1 O6,de-protonated,0,-9999,C27 H25 O6 N2 P1 S1,27,25,6,2,1,1,-9999,N/A
1664,535.109613,535.1095881467945,535.1091668038491,3073710.5,-9999,378398.1,23.88,-1,0.787396239010126,0.8936001299234949,0,0.5361600779540969,8,1.5263157894736843,0.42105263157894735,N4 S2 P1 O8,de-protonated,0,-9999,C19 H29 O8 N4 P1 S2,19,29,8,4,1,2,-9999,N/A
1665,535.111352,535.1113271469562,535.111535785569,10268336,-9999,284313.7,83.63,-1,-0.38989743039171537,0.6574131425631483,0.9347168430746716,0.7683346227677577,17,0.9230769230769232,0.19230769230769232,N4 S2 O5,de-protonated,0,-9999,C26 H24 O5 N4 S2,26,24,5,4,-9999,2,-9999,N/A
1665,535.111352,535.1113271469562,535.111668727299,10268336,-9999,284313.7,83.63,-1,-0.6383346930784264,0.9610075815228086,0.917807069048274,0.9437273765329948,4,1.9333333333333331,0.8666666666666667,N4 S1 P1 O13,de-protonated,0,-9999,C15 H29 O13 N4 P1 S1,15,29,13,4,1,1,-9999,N/A
1666,535.147768,535.1477431503407,535.1479212949191,11835077,-9999,274638.7,96.64,-1,-0.33288848056809867,0.6474499371819468,0.9352279403729018,0.7625611384583288,16,1.037037037037037,0.14814814814814814,N4 S2 O4,de-protonated,0,-9999,C27 H28 O4 N4 S2,27,28,4,4,-9999,2,-9999,N/A
1666,535.147768,535.1477431503407,535.148054236649,11835077,-9999,274638.7,96.64,-1,-0.5813088655868611,0.9267424193654952,0.9121237245586088,0.9208949414427404,3,2.0625,0.75,N4 S1 P1 O12,de-protonated,0,-9999,C16 H33 O12 N4 P1 S1,16,33,12,4,1,1,-9999,N/A
1667,535.184126,535.1841011537198,535.184306804269,11294427,-9999,280662.5,92.15,-1,-0.3842611724681674,0.6524195338965788,0.9357310971464968,0.765744159196546,15,1.1428571428571428,0.10714285714285714,N4 S2 O3,de-protonated,0,-9999,C28 H32 O3 N4 S2,28,32,3,4,-9999,2,-9999,N/A
1667,535.184126,535.1841011537198,535.184439745999,11294427,-9999,280662.5,92.15,-1,-0.6326646556163638,0.9383692627290168,0.9257563493283688,0.9333240973687577,2,2.176470588235294,0.6470588235294118,N4 S1 P1 O11,de-protonated,0,-9999,C17 H37 O11 N4 P1 S1,17,37,11,4,1,1,-9999,N/A
1668,535.218813,535.2187881569436,535.2184855232291,2102000.3,-9999,457705,15.81,-1,0.5654395777433953,0.9436375652666574,0,0.5661825391599944,10,1.3333333333333333,0.4074074074074074,O11,de-protonated,0,-9999,C27 H36 O11,27,36,11,-9999,-9999,-9999,-9999,N/A
1668,535.218813,535.2187881569436,535.2189747805791,2102000.3,-9999,457705,15.81,-1,-0.34868650831453885,0.9781806178399,0,0.58690837070394,14,1.2333333333333334,0.1,N2 S1 P1 O3,de-protonated,0,-9999,C30 H37 O3 N2 P1 S1,30,37,3,2,1,1,-9999,N/A
1668,535.218813,535.2187881569436,535.2183233318991,2102000.3,-9999,457705,15.81,-1,0.8684774496366945,0.8720938535838951,0,0.5232563121503371,5,1.8636363636363635,0.2272727272727273,N4 S2 P1 O5,de-protonated,0,-9999,C22 H41 O5 N4 P1 S2,22,41,5,4,1,2,-9999,N/A
1669,535.220631,535.2206061571126,535.2206923136191,6349553.5,-9999,239095.3,51.08,-1,-0.16097379600219602,0.9743704123473556,0.984444190396276,0.9783999235669238,14,1.2413793103448276,0.06896551724137931,N4 S2 O2,de-protonated,0,-9999,C29 H36 O2 N4 S2,29,36,2,4,-9999,2,-9999,N/A
1669,535.220631,535.2206061571126,535.220825255349,6349553.5,-9999,239095.3,51.08,-1,-0.409360447374964,0.935204010015996,0.9086363653770062,0.9245769521604,1,2.2777777777777777,0.5555555555555556,N4 S1 P1 O10,de-protonated,0,-9999,C18 H41 O10 N4 P1 S1,18,41,10,4,1,1,-9999,N/A
1670,535.256792,535.2567671604734,535.257077822969,2207495.3,-9999,305472.5,16.68,-1,-0.5803986691502957,0.9407072631892428,0,0.5644243579135456,13,1.3333333333333333,0.03333333333333333,N4 S2 O1,de-protonated,0,-9999,C30 H40 O1 N4 S2,30,40,1,4,-9999,2,-9999,N/A
1670,535.256792,535.2567671604734,535.257210764699,2207495.3,-9999,305472.5,16.68,-1,-0.8287683318304789,0.8828241128893833,0,0.5296944677336299,0,2.3684210526315788,0.47368421052631576,N4 S1 P1 O9,de-protonated,0,-9999,C19 H45 O9 N4 P1 S1,19,45,9,4,1,1,-9999,N/A
1671,536.078264,536.0782392368205,536.078444752419,2431223.3,-9999,292585.3,18.54,-1,-0.38336851727721366,0.48684233699552154,0.731135910132286,0.5845597662502273,26,0.5588235294117647,0.0588235294117647,N1 S2 O2,de-protonated,0,-9999,C34 H19 O2 N1 S2,34,19,2,1,-9999,2,-9999,N/A
1671,536.078264,536.0782392368205,536.078577694149,2431223.3,-9999,292585.3,18.54,-1,-0.6313576824783911,0.930225993412212,0,0.5581355960473272,13,1.0434782608695652,0.43478260869565216,N1 S1 P1 O10,de-protonated,0,-9999,C23 H24 O10 N1 P1 S1,23,24,10,1,1,1,-9999,N/A
1671,536.078264,536.0782392368205,536.077926245469,2431223.3,-9999,292585.3,18.54,-1,0.5838542051131476,0.9400208074255,0,0.5640124844553,4,1.8666666666666667,0.8,N3 S2 P1 O12,de-protonated,0,-9999,C15 H28 O12 N3 P1 S2,15,28,12,3,1,2,-9999,N/A
1671,536.078264,536.0782392368205,536.0785051112891,2431223.3,-9999,292585.3,18.54,-1,-0.49596181540751005,0.6375659761729103,0.9300365252158797,0.7545541957900981,18,0.8333333333333334,0.25,13C1 N4 S2 O6,de-protonated,1,1662,C24 H20 O6 N4 S2 13C1,24,20,6,4,-9999,2,1,N/A
1673,536.114945,536.1149202402296,536.1148302617689,2926349.3,-9999,291363.3,22.65,-1,0.16783430635664995,0.4974509643013728,0.7253996187124169,0.5886304260657904,25,0.6571428571428571,0.02857142857142857,N1 S2 O1,de-protonated,0,-9999,C35 H23 O1 N1 S2,35,23,1,1,-9999,2,-9999,N/A
1673,536.114945,536.1149202402296,536.1149632034991,2926349.3,-9999,291363.3,22.65,-1,-0.08013816521074967,0.998835392442826,0,0.5993012354656956,12,1.1666666666666667,0.375,N1 S1 P1 O9,de-protonated,0,-9999,C24 H28 O9 N1 P1 S1,24,28,9,1,1,1,-9999,N/A
1673,536.114945,536.1149202402296,536.1148906206391,2926349.3,-9999,291363.3,22.65,-1,0.05524858753613671,0.6662975321423905,0.9347168430746716,0.773665256515303,17,0.96,0.2,13C1 N4 S2 O5,de-protonated,1,1665,C25 H24 O5 N4 S2 13C1,25,24,5,4,-9999,2,1,N/A
1673,536.114945,536.1149202402296,536.1150235623691,2926349.3,-9999,291363.3,22.65,-1,-0.1927238277708509,0.9932832061061336,0.917807069048274,0.9630927512829895,4,2.0714285714285716,0.9285714285714286,13C1 N4 S1 P1 O13,de-protonated,1,1665,C14 H29 O13 N4 P1 S1 13C1,14,29,13,4,1,1,1,N/A
1674,536.151054,536.1510292435856,536.1513487128491,3643683,-9999,319687.8,28.61,-1,-0.5958564950216547,0.46880441522762073,0.7871578612348809,0.5961457936305248,11,1.28,0.32,N1 S1 P1 O8,de-protonated,0,-9999,C25 H32 O8 N1 P1 S1,25,32,8,1,1,1,-9999,N/A
1674,536.151054,536.1510292435856,536.150697264169,3643683,-9999,319687.8,28.61,-1,0.6191904968296394,0.9327977657050276,0,0.5596786594230166,2,2.1176470588235294,0.5882352941176471,N3 S2 P1 O10,de-protonated,0,-9999,C17 H36 O10 N3 P1 S2,17,36,10,3,1,2,-9999,N/A
1674,536.151054,536.1510292435856,536.151276129989,3643683,-9999,319687.8,28.61,-1,-0.4604789998011484,0.6415041328059481,0.9352279403729018,0.7589936558327296,16,1.0769230769230769,0.15384615384615383,13C1 N4 S2 O4,de-protonated,1,1666,C26 H28 O4 N4 S2 13C1,26,28,4,4,-9999,2,1,N/A
1674,536.151054,536.1510292435856,536.1514090717191,3643683,-9999,319687.8,28.61,-1,-0.7084344589824731,0.912958042875148,0.9121237245586088,0.9126243155485324,3,2.2,0.8,13C1 N4 S1 P1 O12,de-protonated,1,1666,C15 H33 O12 N4 P1 S1 13C1,15,33,12,4,1,1,1,N/A
1675,536.187525,536.1875002469752,536.1877342221991,3365177.3,-9999,306591,26.29,-1,-0.43636810193624315,0.4830195659651295,0.7805128205128199,0.6020168677842057,10,1.3846153846153846,0.2692307692307692,N1 S1 P1 O7,de-protonated,0,-9999,C26 H36 O7 N1 P1 S1,26,36,7,1,1,1,-9999,N/A
1675,536.187525,536.1875002469752,536.187082773519,3365177.3,-9999,306591,26.29,-1,0.7785966309300875,0.8958372702507998,0,0.5375023621504799,1,2.2222222222222223,0.5,N3 S2 P1 O9,de-protonated,0,-9999,C18 H40 O9 N3 P1 S2,18,40,9,3,1,2,-9999,N/A
1675,536.187525,536.1875002469752,536.187661639339,3365177.3,-9999,306591,26.29,-1,-0.30099977179607335,0.6557966547478788,0.9357310971464968,0.7677704317073261,15,1.1851851851851851,0.1111111111111111,13C1 N4 S2 O3,de-protonated,1,1667,C27 H32 O3 N4 S2 13C1,27,32,3,4,-9999,2,1,N/A
1675,536.187525,536.1875002469752,536.187794581069,3365177.3,-9999,306591,26.29,-1,-0.5489384443509121,0.9467913358011238,0.9257563493283688,0.9383773412120218,2,2.3125,0.6875,13C1 N4 S1 P1 O11,de-protonated,1,1667,C16 H37 O11 N4 P1 S1 13C1,16,37,11,4,1,1,1,N/A
1676,536.223797,536.2237722503462,536.224119731549,2165583,-9999,283934.2,16.33,-1,-0.6480148691187853,0.9266359344280128,0,0.5559815606568076,9,1.4814814814814814,0.2222222222222222,N1 S1 P1 O6,de-protonated,0,-9999,C27 H40 O6 N1 P1 S1,27,40,6,1,1,1,-9999,N/A
1676,536.223797,536.2237722503462,536.223468282869,2165583,-9999,283934.2,16.33,-1,0.5668671648282244,0.9433608315573262,0,0.5660164989343957,0,2.3157894736842106,0.42105263157894735,N3 S2 P1 O8,de-protonated,0,-9999,C19 H44 O8 N3 P1 S2,19,44,8,3,1,2,-9999,N/A
1676,536.223797,536.2237722503462,536.2240471486891,2165583,-9999,283934.2,16.33,-1,-0.512655753475745,0.95343158904925,0.984444190396276,0.9658366295880604,14,1.2857142857142858,0.07142857142857142,13C1 N4 S2 O2,de-protonated,1,1669,C28 H36 O2 N4 S2 13C1,28,36,2,4,-9999,2,1,N/A
1676,536.223797,536.2237722503462,536.224180090419,2165583,-9999,283934.2,16.33,-1,-0.7605775494576436,0.9003568348808951,0.9086363653770062,0.9036686470793396,1,2.411764705882353,0.5882352941176471,13C1 N4 S1 P1 O10,de-protonated,1,1669,C17 H41 O10 N4 P1 S1 13C1,17,41,10,4,1,1,1,N/A
1677,537.033225,537.0332003255741,537.0332854632691,1861944.9,-9999,329285.6,13.81,-1,-0.15853336713768812,0.9954500637510464,0,0.5972700382506279,23,0.5185185185185185,0.18518518518518515,N4 S2 O5,de-protonated,0,-9999,C27 H14 O5 N4 S2,27,14,5,4,-9999,2,-9999,N/A
1677,537.033225,537.0332003255741,537.033418404999,1861944.9,-9999,329285.6,13.81,-1,-0.40608166543431945,0.97052190173458,0,0.5823131410407479,10,1.1875,0.8125,N4 S1 P1 O13,de-protonated,0,-9999,C16 H19 O13 N4 P1 S1,16,19,13,4,1,1,-9999,N/A
1678,537.054235,537.0542103275267,537.0542181268389,5325637.5,-9999,248210,42.57,-1,-0.01452239267453025,0.4999808666121953,0.7311359101322861,0.5924428840202316,26,0.5588235294117647,0.02941176470588235,S2 P1 O1,de-protonated,0,-9999,C34 H19 O1 P1 S2,34,19,1,-9999,1,2,-9999,N/A
1678,537.054235,537.0542103275267,537.0546861574891,5325637.5,-9999,248210,42.57,-1,-0.8859990884759191,0.4336214413635032,0.7311359101322861,0.5526272288710163,32,0.3235294117647059,0.0588235294117647,N4 P1 O2,de-protonated,0,-9999,C34 H11 O2 N4 P1,34,11,2,4,1,-9999,-9999,N/A
1678,537.054235,537.0542103275267,537.054414831329,5325637.5,-9999,248210,42.57,-1,-0.38078786193291086,0.4870165706792541,0.7939170211058494,0.6097767508498921,18,0.75,0.2916666666666667,N4 S2 O7,de-protonated,0,-9999,C24 H18 O7 N4 S2,24,18,7,4,-9999,2,-9999,N/A
1679,537.069513,537.0694883289467,537.0696709726191,2967375,-9999,387829.6,22.99,-1,-0.3400744488692958,0.4896169953876415,0.7675537279851021,0.6007916884266258,22,0.6428571428571429,0.14285714285714285,N4 S2 O4,de-protonated,0,-9999,C28 H18 O4 N4 S2,28,18,4,4,-9999,2,-9999,N/A
1679,537.069513,537.0694883289467,537.0698039143491,2967375,-9999,387829.6,22.99,-1,-0.587605931490283,0.9392714710587458,0,0.5635628826352475,9,1.3529411764705883,0.7058823529411765,N4 S1 P1 O12,de-protonated,0,-9999,C17 H23 O12 N4 P1 S1,17,23,12,4,1,1,-9999,N/A
1680,537.090655,537.0906303309115,537.091071666839,9438044,-9999,268156.5,76.72,-1,-0.8217152560226673,0.8934862505142878,0.903661463423262,0.8975563356778774,31,0.42857142857142855,0.02857142857142857,N4 P1 O1,de-protonated,0,-9999,C35 H15 O1 N4 P1,35,15,1,4,1,-9999,-9999,N/A
1680,537.090655,537.0906303309115,537.090800340679,9438044,-9999,268156.5,76.72,-1,-0.3165382230268147,0.985417799581999,0.9654197059457258,0.9774185621274898,17,0.88,0.24,N4 S2 O6,de-protonated,0,-9999,C25 H22 O6 N4 S2,25,22,6,4,-9999,2,-9999,N/A
1681,537.105944,537.1059193323325,537.1060564819691,2568549,-9999,302587.4,19.67,-1,-0.2553492646163419,0.9882386681034532,0,0.5929432008620719,21,0.7586206896551724,0.10344827586206896,N4 S2 O3,de-protonated,0,-9999,C29 H22 O3 N4 S2,29,22,3,4,-9999,2,-9999,N/A
1681,537.105944,537.1059193323325,537.106189423699,2568549,-9999,302587.4,19.67,-1,-0.502863999321504,0.955153394560129,0,0.5730920367360774,8,1.5,0.6111111111111112,N4 S1 P1 O11,de-protonated,0,-9999,C18 H27 O11 N4 P1 S1,18,27,11,4,1,1,-9999,N/A
1682,537.127076,537.1270513342965,537.127185850029,12053362,-9999,265020,98.44,-1,-0.25043553192117407,0.6536165133681797,0.8927762974332898,0.7492804269942237,16,1,0.19230769230769232,N4 S2 O5,de-protonated,0,-9999,C26 H26 O5 N4 S2,26,26,5,4,-9999,2,-9999,N/A
1682,537.127076,537.1270513342965,537.1273187917591,12053362,-9999,265020,98.44,-1,-0.4979405313869992,0.9420309605306608,0.9763716759607745,0.9557672467027064,3,2.066666666666667,0.8666666666666667,N4 S1 P1 O13,de-protonated,0,-9999,C15 H31 O13 N4 P1 S1,15,31,13,4,1,1,-9999,N/A
1683,537.142351,537.1423263357161,537.1424419913191,1932155,-9999,354995,14.39,-1,-0.2153164484848,0.9916231093947816,0,0.5949738656368689,20,0.8666666666666667,0.06666666666666667,N4 S2 O2,de-protonated,0,-9999,C30 H26 O2 N4 S2,30,26,2,4,-9999,2,-9999,N/A
1683,537.142351,537.1423263357161,537.1425749330491,1932155,-9999,354995,14.39,-1,-0.4628144269051408,0.961879785312293,0,0.5771278711873757,7,1.631578947368421,0.5263157894736842,N4 S1 P1 O10,de-protonated,0,-9999,C19 H31 O10 N4 P1 S1,19,31,10,4,1,1,-9999,N/A
1684,537.163477,537.1634523376796,537.163571359379,13458312,-9999,269685.4,110.11,-1,-0.22157440636960304,0.6573210322448937,0.9017157573682354,0.7550789222942305,15,1.1111111111111112,0.14814814814814814,N4 S2 O4,de-protonated,0,-9999,C27 H30 O4 N4 S2,27,30,4,4,-9999,2,-9999,N/A
1684,537.163477,537.1634523376796,537.1637043011091,13458312,-9999,269685.4,110.11,-1,-0.4690626478926405,0.9514534442507652,0.9696536791308932,0.9587335382028164,2,2.1875,0.75,N4 S1 P1 O12,de-protonated,0,-9999,C16 H35 O12 N4 P1 S1,16,35,12,4,1,1,-9999,N/A
1685,537.199767,537.1997423410523,537.199956868729,10251166,-9999,280835.2,83.47,-1,-0.399344180777802,0.6492120928436451,0.9174093758233606,0.7564910060355313,14,1.2142857142857142,0.10714285714285714,N4 S2 O3,de-protonated,0,-9999,C28 H34 O3 N4 S2,28,34,3,4,-9999,2,-9999,N/A
1685,537.199767,537.1997423410523,537.2000898104591,10251166,-9999,280835.2,83.47,-1,-0.646815615492876,0.9306298365910312,0.9561253085327494,0.9408280253677186,1,2.2941176470588234,0.6470588235294118,N4 S1 P1 O11,de-protonated,0,-9999,C17 H39 O11 N4 P1 S1,17,39,11,4,1,1,-9999,N/A
1686,537.236194,537.2361693444378,537.236342378079,4545460,-9999,296134.6,36.09,-1,-0.3220810424660908,0.4906766228686527,0.7612342259156645,0.5988996640874574,13,1.3103448275862069,0.06896551724137931,N4 S2 O2,de-protonated,0,-9999,C29 H38 O2 N4 S2,29,38,2,4,-9999,2,-9999,N/A
1686,537.236194,537.2361693444378,537.2364753198091,4545460,-9999,296134.6,36.09,-1,-0.5695357357588685,0.4714209421196216,0.8370420509349343,0.6176693856457467,0,2.388888888888889,0.5555555555555556,N4 S1 P1 O10,de-protonated,0,-9999,C18 H43 O10 N4 P1 S1,18,43,10,4,1,1,-9999,N/A
1687,538.094046,538.0940214241663,538.0940948168791,2047420,-9999,281508.9,15.34,-1,-0.13639382686718496,0.9966301507375775,0,0.5979780904425465,25,0.6176470588235294,0.0588235294117647,N1 S2 O2,de-protonated,0,-9999,C34 H21 O2 N1 S2,34,21,2,1,-9999,2,-9999,N/A
1687,538.094046,538.0940214241663,538.094227758609,2047420,-9999,281508.9,15.34,-1,-0.3834541091370911,0.9736730782913634,0,0.584203846974818,12,1.1304347826086956,0.43478260869565216,N1 S1 P1 O10,de-protonated,0,-9999,C23 H26 O10 N1 P1 S1,23,26,10,1,1,1,-9999,N/A
1687,538.094046,538.0940214241663,538.0935763099291,2047420,-9999,281508.9,15.34,-1,0.8272060043189946,0.8832386425766632,0,0.5299431855459978,3,2,0.8,N3 S2 P1 O12,de-protonated,0,-9999,C15 H30 O12 N3 P1 S2,15,30,12,3,1,2,-9999,N/A
1687,538.094046,538.0940214241663,538.0944265019091,2047420,-9999,281508.9,15.34,-1,-0.7528004804757393,0.9022816795533491,0.903661463423262,0.9028335931013144,31,0.4411764705882353,0.02941176470588235,13C1 N4 P1 O1,de-protonated,1,1680,C34 H15 O1 N4 P1 13C1,34,15,1,4,1,-9999,1,N/A
1687,538.094046,538.0940214241663,538.0941551757492,2047420,-9999,281508.9,15.34,-1,-0.24856538880254583,0.9888518442435374,0.9654197059457258,0.9794789889244128,17,0.9166666666666666,0.25,13C1 N4 S2 O6,de-protonated,1,1680,C24 H22 O6 N4 S2 13C1,24,22,6,4,-9999,2,1,N/A
1688,538.130353,538.1303284275406,538.130480326229,2351058,-9999,278345.9,17.86,-1,-0.28227111070631816,0.4928233606848657,0.7253996187124169,0.5858538638958861,24,0.7142857142857143,0.02857142857142857,N1 S2 O1,de-protonated,0,-9999,C35 H25 O1 N1 S2,35,25,1,1,-9999,2,-9999,N/A
1688,538.130353,538.1303284275406,538.130613267959,2351058,-9999,278345.9,17.86,-1,-0.5293146522566293,0.9504333842765544,0,0.5702600305659327,11,1.25,0.375,N1 S1 P1 O9,de-protonated,0,-9999,C24 H30 O9 N1 P1 S1,24,30,9,1,1,1,-9999,N/A
1688,538.130353,538.1303284275406,538.1299618192791,2351058,-9999,278345.9,17.86,-1,0.6812634261732206,0.9192345757277912,0,0.5515407454366748,2,2.125,0.6875,N3 S2 P1 O11,de-protonated,0,-9999,C16 H34 O11 N3 P1 S2,16,34,11,3,1,2,-9999,N/A
1688,538.130353,538.1303284275406,538.130540685099,2351058,-9999,278345.9,17.86,-1,-0.39443507183835275,0.6481100816458091,0.8927762974332898,0.7459765679608014,16,1.04,0.2,13C1 N4 S2 O5,de-protonated,1,1682,C25 H26 O5 N4 S2 13C1,25,26,5,4,-9999,2,1,N/A
1688,538.130353,538.1303284275406,538.1306736268291,2351058,-9999,278345.9,17.86,-1,-0.6414785579698938,0.9280541653567878,0.9763716759607745,0.9473811695983824,3,2.2142857142857144,0.9285714285714286,13C1 N4 S1 P1 O13,de-protonated,1,1682,C14 H31 O13 N4 P1 S1 13C1,14,31,13,4,1,1,1,N/A
1689,538.166775,538.1667504309256,538.166998777309,2911720.3,-9999,294573,22.52,-1,-0.4614671355752395,0.9620971502530086,0,0.5772582901518051,10,1.36,0.32,N1 S1 P1 O8,de-protonated,0,-9999,C25 H34 O8 N1 P1 S1,25,34,8,1,1,1,-9999,N/A
1689,538.166775,538.1667504309256,538.1663473286291,2911720.3,-9999,294573,22.52,-1,0.7490291776141139,0.9032094301360928,0,0.5419256580816556,1,2.235294117647059,0.5882352941176471,N3 S2 P1 O10,de-protonated,0,-9999,C17 H38 O10 N3 P1 S2,17,38,10,3,1,2,-9999,N/A
1689,538.166775,538.1667504309256,538.166926194449,2911720.3,-9999,294573,22.52,-1,-0.3265966652256591,0.6538878656351885,0.9017157573682354,0.7530190223284072,15,1.1538461538461535,0.15384615384615383,13C1 N4 S2 O4,de-protonated,1,1684,C26 H30 O4 N4 S2 13C1,26,30,4,4,-9999,2,1,N/A
1689,538.166775,538.1667504309256,538.167059136179,2911720.3,-9999,294573,22.52,-1,-0.573623465277936,0.94204279099774,0.9696536791308932,0.9530871462510012,2,2.3333333333333335,0.8,13C1 N4 S1 P1 O12,de-protonated,1,1684,C15 H35 O12 N4 P1 S1 13C1,15,35,12,4,1,1,1,N/A
1690,538.20314,538.2031154343052,538.203384286659,2549758.3,-9999,295499.3,19.51,-1,-0.4995367209113408,0.9557316089338216,0,0.5734389653602929,9,1.4615384615384617,0.2692307692307692,N1 S1 P1 O7,de-protonated,0,-9999,C26 H38 O7 N1 P1 S1,26,38,7,1,1,1,-9999,N/A
1690,538.20314,538.2031154343052,538.202732837979,2549758.3,-9999,295499.3,19.51,-1,0.7108777098894369,0.912383775668361,0,0.5474302654010166,0,2.3333333333333335,0.5,N3 S2 P1 O9,de-protonated,0,-9999,C18 H42 O9 N3 P1 S2,18,42,9,3,1,2,-9999,N/A
1690,538.20314,538.2031154343052,538.203311703799,2549758.3,-9999,295499.3,19.51,-1,-0.3646753736828051,0.6507721947588733,0.9174093758233606,0.7574270671846681,14,1.2592592592592593,0.1111111111111111,13C1 N4 S2 O3,de-protonated,1,1685,C27 H34 O3 N4 S2 13C1,27,34,3,4,-9999,2,1,N/A
1690,538.20314,538.2031154343052,538.2034446455291,2549758.3,-9999,295499.3,19.51,-1,-0.6116854641718209,0.9343626139623348,0.9561253085327494,0.9430676917905004,1,2.4375,0.6875,13C1 N4 S1 P1 O11,de-protonated,1,1685,C16 H39 O11 N4 P1 S1 13C1,16,39,11,4,1,1,1,N/A
1691,539.048926,539.0489015129123,539.048935527729,3835904.3,-9999,301873,30.19,-1,-0.06310153768584664,0.4996388839098871,0.7739790330151772,0.6093749435520032,22,0.5925925925925926,0.18518518518518515,N4 S2 O5,de-protonated,0,-9999,C27 H16 O5 N4 S2,27,16,5,4,-9999,2,-9999,N/A
1691,539.048926,539.0489015129123,539.049068469459,3835904.3,-9999,301873,30.19,-1,-0.3097242097787709,0.9827444062265746,0,0.5896466437359447,9,1.3125,0.8125,N4 S1 P1 O13,de-protonated,0,-9999,C16 H21 O13 N4 P1 S1,16,21,13,4,1,1,-9999,N/A
1692,539.06817,539.0681455147007,539.0678581053991,1710092.1,-9999,324328.4,12.53,-1,0.533159781937786,0.9497291064203016,0,0.569837463852181,13,0.9090909090909092,0.7272727272727273,O16,de-protonated,0,-9999,C22 H20 O16,22,20,16,-9999,-9999,-9999,-9999,N/A
1692,539.06817,539.0681455147007,539.068347362749,1710092.1,-9999,324328.4,12.53,-1,-0.374438694582953,0.9748809747824108,0,0.5849285848694464,17,0.84,0.32,N2 S1 P1 O8,de-protonated,0,-9999,C25 H21 O8 N2 P1 S1,25,21,8,2,1,1,-9999,N/A
1692,539.06817,539.0681455147007,539.0676959140691,1710092.1,-9999,324328.4,12.53,-1,0.8340337124193294,0.8814227409705631,0,0.5288536445823379,8,1.4705882352941178,0.5882352941176471,N4 S2 P1 O10,de-protonated,0,-9999,C17 H25 O10 N4 P1 S2,17,25,10,4,1,2,-9999,N/A
1693,539.069974,539.0699495148684,539.069868191299,5632013,-9999,282315,45.1,-1,0.15085905236708577,0.4979395115514062,0.7311359101322861,0.5912180709837581,25,0.6176470588235294,0.02941176470588235,S2 P1 O1,de-protonated,0,-9999,C34 H21 O1 P1 S2,34,21,1,-9999,1,2,-9999,N/A
1693,539.069974,539.0699495148684,539.070336221949,5632013,-9999,282315,45.1,-1,-0.7173592286224635,0.4554262670094323,0.7311359101322861,0.5657101242585738,31,0.38235294117647056,0.0588235294117647,N4 P1 O2,de-protonated,0,-9999,C34 H13 O2 N4 P1,34,13,2,4,1,-9999,-9999,N/A
1693,539.069974,539.0699495148684,539.0700648957891,5632013,-9999,282315,45.1,-1,-0.2140369650639335,0.49586097913086746,0.7939170211058494,0.6150833959208601,17,0.8333333333333334,0.2916666666666667,N4 S2 O7,de-protonated,0,-9999,C24 H20 O7 N4 S2,24,20,7,4,-9999,2,-9999,N/A
1694,539.085237,539.0852125162869,539.0853210370791,4210710.5,-9999,300229.7,33.3,-1,-0.20130541114950448,0.49633698223662653,0.7675537279851021,0.6048236805360168,21,0.7142857142857143,0.14285714285714285,N4 S2 O4,de-protonated,0,-9999,C28 H20 O4 N4 S2,28,20,4,4,-9999,2,-9999,N/A
1694,539.085237,539.0852125162869,539.0854539788091,4210710.5,-9999,300229.7,33.3,-1,-0.4479114033922546,0.9642515497374856,0,0.5785509298424913,8,1.4705882352941178,0.7058823529411765,N4 S1 P1 O12,de-protonated,0,-9999,C17 H25 O12 N4 P1 S1,17,25,12,4,1,1,-9999,N/A
1695,539.104595,539.1045705180861,539.104243614749,2163746.3,-9999,314523.8,16.3,-1,0.6063824223977259,0.9354583863632954,0,0.5612750318179772,12,1.0434782608695652,0.6521739130434783,O15,de-protonated,0,-9999,C23 H24 O15,23,24,15,-9999,-9999,-9999,-9999,N/A
1695,539.104595,539.1045705180861,539.104732872099,2163746.3,-9999,314523.8,16.3,-1,-0.3011548647242931,0.9836783130800404,0,0.5902069878480242,16,0.9615384615384616,0.2692307692307692,N2 S1 P1 O7,de-protonated,0,-9999,C26 H25 O7 N2 P1 S1,26,25,7,2,1,1,-9999,N/A
1695,539.104595,539.1045705180861,539.104081423419,2163746.3,-9999,314523.8,16.3,-1,0.9072360681596576,0.8612708122319447,0,0.5167624873391667,7,1.6111111111111112,0.5,N4 S2 P1 O9,de-protonated,0,-9999,C18 H29 O9 N4 P1 S2,18,29,9,4,1,2,-9999,N/A
1696,539.10643,539.1064055182567,539.106721731299,8622115,-9999,265137.6,69.94,-1,-0.5865499901302866,0.9142346503894287,0.9210913563369788,0.9169773327684488,30,0.4857142857142857,0.02857142857142857,N4 P1 O1,de-protonated,0,-9999,C35 H17 O1 N4 P1,35,17,1,4,1,-9999,-9999,N/A
1696,539.10643,539.1064055182567,539.1064504051391,8622115,-9999,265137.6,69.94,-1,-0.0832616310908821,0.9911135899171268,0.9828495988594428,0.9878079934940532,16,0.96,0.24,N4 S2 O6,de-protonated,0,-9999,C25 H24 O6 N4 S2,25,24,6,4,-9999,2,-9999,N/A
1697,539.12155,539.1215255196618,539.121706546429,3269676.5,-9999,313672.9,25.49,-1,-0.3357808914471103,0.4898748623343597,0.7612342259156645,0.5984186077668816,20,0.8275862068965517,0.10344827586206896,N4 S2 O3,de-protonated,0,-9999,C29 H24 O3 N4 S2,29,24,3,4,-9999,2,-9999,N/A
1697,539.12155,539.1215255196618,539.121839488159,3269676.5,-9999,313672.9,25.49,-1,-0.5823702070105257,0.9403160472653764,0,0.5641896283592258,7,1.6111111111111112,0.6111111111111112,N4 S1 P1 O11,de-protonated,0,-9999,C18 H29 O11 N4 P1 S1,18,29,11,4,1,1,-9999,N/A
1698,539.140973,539.1409485214671,539.1406291240991,2795576.3,-9999,440714.2,21.55,-1,0.5924193999654295,0.9383039272406706,0,0.5629823563444023,11,1.1666666666666667,0.5833333333333334,O14,de-protonated,0,-9999,C24 H28 O14,24,28,14,-9999,-9999,-9999,-9999,N/A
1698,539.140973,539.1409485214671,539.141118381449,2795576.3,-9999,440714.2,21.55,-1,-0.31505662647637384,0.9821505040364892,0,0.5892903024218934,15,1.0740740740740742,0.2222222222222222,N2 S1 P1 O6,de-protonated,0,-9999,C27 H29 O6 N2 P1 S1,27,29,6,2,1,1,-9999,N/A
1698,539.140973,539.1409485214671,539.1404669327691,2795576.3,-9999,440714.2,21.55,-1,0.893252737517361,0.8652143588780703,0,0.5191286153268422,6,1.736842105263158,0.42105263157894735,N4 S2 P1 O8,de-protonated,0,-9999,C19 H33 O8 N4 P1 S2,19,33,8,4,1,2,-9999,N/A
1699,539.142771,539.1427465216342,539.1428359144891,9187385,-9999,249667.4,74.63,-1,-0.16580551371554758,0.9944038090858194,0.9891663649822412,0.992308831444388,15,1.0769230769230769,0.19230769230769232,N4 S2 O5,de-protonated,0,-9999,C26 H28 O5 N4 S2,26,28,5,4,-9999,2,-9999,N/A
1699,539.142771,539.1427465216342,539.142968856219,9187385,-9999,249667.4,74.63,-1,-0.41238520698288583,0.9681964242421164,0.9309359493555922,0.9532922342875068,2,2.2,0.8666666666666667,N4 S1 P1 O13,de-protonated,0,-9999,C15 H33 O13 N4 P1 S1,15,33,13,4,1,1,-9999,N/A
1700,539.157869,539.1578445230373,539.1580920557791,2178626.5,-9999,313799.4,16.43,-1,-0.4591097591911043,0.962476070022502,0,0.5774856420135012,19,0.9333333333333332,0.06666666666666667,N4 S2 O2,de-protonated,0,-9999,C30 H28 O2 N4 S2,30,28,2,4,-9999,2,-9999,N/A
1700,539.157869,539.1578445230373,539.158224997509,2178626.5,-9999,313799.4,16.43,-1,-0.7056824028636534,0.9136029550577768,0,0.548161773034666,6,1.736842105263158,0.5263157894736842,N4 S1 P1 O10,de-protonated,0,-9999,C19 H33 O10 N4 P1 S1,19,33,10,4,1,1,-9999,N/A
1701,539.179076,539.1790515250083,539.1792214238391,7872591.5,-9999,279725.5,63.71,-1,-0.31510641367467823,0.9849602742464408,0.9939982348343614,0.988575458481609,14,1.1851851851851851,0.14814814814814814,N4 S2 O4,de-protonated,0,-9999,C27 H32 O4 N4 S2,27,32,4,4,-9999,2,-9999,N/A
1701,539.179076,539.1790515250083,539.1793543655691,7872591.5,-9999,279725.5,63.71,-1,-0.5616694303717895,0.949444762427516,0.9275034177413498,0.9406682245530495,1,2.3125,0.75,N4 S1 P1 O12,de-protonated,0,-9999,C16 H37 O12 N4 P1 S1,16,37,12,4,1,1,-9999,N/A
1702,539.194291,539.1942665264223,539.194477565129,1716824.8,-9999,358733.3,12.59,-1,-0.3913962687549925,0.9725864500215878,0,0.5835518700129527,18,1.032258064516129,0.03225806451612903,N4 S2 O1,de-protonated,0,-9999,C31 H32 O1 N4 S2,31,32,1,4,-9999,2,-9999,N/A
1702,539.194291,539.1942665264223,539.194610506859,1716824.8,-9999,358733.3,12.59,-1,-0.6379522903111073,0.9288142063538358,0,0.5572885238123014,5,1.85,0.45,N4 S1 P1 O9,de-protonated,0,-9999,C20 H37 O9 N4 P1 S1,20,37,9,4,1,1,-9999,N/A
1703,539.215457,539.2154325283896,539.2156069331891,4435045.5,-9999,277251.5,35.16,-1,-0.32344167577206245,0.4905984299870459,0.7675537279851021,0.6013805491862684,13,1.2857142857142858,0.10714285714285714,N4 S2 O3,de-protonated,0,-9999,C28 H36 O3 N4 S2,28,36,3,4,-9999,2,-9999,N/A
1703,539.215457,539.2154325283896,539.215739874919,4435045.5,-9999,277251.5,35.16,-1,-0.569988052482473,0.9427537106685784,0,0.565652226401147,0,2.411764705882353,0.6470588235294118,N4 S1 P1 O11,de-protonated,0,-9999,C17 H41 O11 N4 P1 S1,17,41,11,4,1,1,-9999,N/A
1704,540.109666,540.1096416114967,540.109744881339,2097798.5,-9999,365294.8,14.94,-1,-0.1912015905085747,0.9933885426737844,0,0.5960331256042706,24,0.6764705882352942,0.0588235294117647,N1 S2 O2,de-protonated,0,-9999,C34 H23 O2 N1 S2,34,23,2,1,-9999,2,-9999,N/A
1704,540.109666,540.1096416114967,540.109877823069,2097798.5,-9999,365294.8,14.94,-1,-0.4373398488220923,0.96589032109970685,0,0.579534192659824,11,1.2173913043478262,0.43478260869565216,N1 S1 P1 O10,de-protonated,0,-9999,C23 H28 O10 N1 P1 S1,23,28,10,1,1,1,-9999,N/A
1704,540.109666,540.1096416114967,540.1092263743891,2097798.5,-9999,365294.8,14.94,-1,0.7688021003065627,0.8983042530493232,0,0.5389825518295939,2,2.1333333333333333,0.8,N3 S2 P1 O12,de-protonated,0,-9999,C15 H32 O12 N3 P1 S2,15,32,12,3,1,2,-9999,N/A
1704,540.109666,540.1096416114967,540.1100765663691,2097798.5,-9999,365294.8,14.94,-1,-0.8053078275350012,0.8889865005802274,0.9210913563369788,0.901828442882928,30,0.5,0.02941176470588235,13C1 N4 P1 O1,de-protonated,1,1696,C34 H17 O1 N4 P1 13C1,34,17,1,4,1,-9999,1,N/A
1704,540.109666,540.1096416114967,540.1098052402092,2097798.5,-9999,365294.8,14.94,-1,-0.30295453051132154,0.9834842818934906,0.9828495988594428,0.9832304086798715,16,1,0.25,13C1 N4 S2 O6,de-protonated,1,1696,C24 H24 O6 N4 S2 13C1,24,24,6,4,-9999,2,1,N/A
1705,540.146115,540.1460906148844,540.146130390689,2422428.8,-9999,328491.7,17.5,-1,-0.07363896976864154,0.4995082712535489,0.725399618712417,0.5898648102370961,23,0.7714285714285715,0.02857142857142857,N1 S2 O1,de-protonated,0,-9999,C35 H27 O1 N1 S2,35,27,1,1,-9999,2,-9999,N/A
1705,540.146115,540.1460906148844,540.146263332419,2422428.8,-9999,328491.7,17.5,-1,-0.3197606765709705,0.9816184755197308,0,0.5889710853118385,10,1.3333333333333333,0.375,N1 S1 P1 O9,de-protonated,0,-9999,C24 H32 O9 N1 P1 S1,24,32,9,1,1,1,-9999,N/A
1705,540.146115,540.1460906148844,540.145611883739,2422428.8,-9999,328491.7,17.5,-1,0.8863001659491698,0.8671589195494758,0,0.5202953517296854,1,2.25,0.6875,N3 S2 P1 O11,de-protonated,0,-9999,C16 H36 O11 N3 P1 S2,16,36,11,3,1,2,-9999,N/A
1705,540.146115,540.1460906148844,540.1461907495591,2422428.8,-9999,328491.7,17.5,-1,-0.18538439475887375,0.9937834881325632,0.9891663649822412,0.9919366388724344,15,1.12,0.2,13C1 N4 S2 O5,de-protonated,1,1699,C25 H28 O5 N4 S2 13C1,25,28,5,4,-9999,2,1,N/A
1705,540.146115,540.1460906148844,540.146323691289,2422428.8,-9999,328491.7,17.5,-1,-0.431506046344785,0.9667790633836502,0.9309359493555922,0.952441817772427,2,2.357142857142857,0.9285714285714286,13C1 N4 S1 P1 O13,de-protonated,1,1699,C14 H33 O13 N4 P1 S1 13C1,14,33,13,4,1,1,1,N/A
1706,540.18246,540.1824356182623,540.182648841769,2220723,-9999,307601.5,15.91,-1,-0.39472483468172914,0.97212478649345,0,0.58327487189607,9,1.44,0.32,N1 S1 P1 O8,de-protonated,0,-9999,C25 H36 O8 N1 P1 S1,25,36,8,1,1,1,-9999,N/A
1706,540.18246,540.1824356182623,540.1819973930891,2220723,-9999,307601.5,15.91,-1,0.811254679531909,0.8874371492801085,0,0.5324622895680651,0,2.3529411764705883,0.5882352941176471,N3 S2 P1 O10,de-protonated,0,-9999,C17 H40 O10 N3 P1 S2,17,40,10,3,1,2,-9999,N/A
1706,540.18246,540.1824356182623,540.1825762589091,2220723,-9999,307601.5,15.91,-1,-0.26035761423293147,0.987775635607778,0.9939982348343614,0.9902646752984112,14,1.2307692307692308,0.15384615384615383,13C1 N4 S2 O4,de-protonated,1,1701,C26 H32 O4 N4 S2 13C1,26,32,4,4,-9999,2,1,N/A
1706,540.18246,540.1824356182623,540.182709200639,2220723,-9999,307601.5,15.91,-1,-0.5064626691589129,0.9545240947541598,0.9275034177413498,0.943715823949036,1,2.466666666666667,0.8,13C1 N4 S1 P1 O12,de-protonated,1,1701,C15 H37 O12 N4 P1 S1 13C1,15,37,12,4,1,1,1,N/A
1707,541.028014,541.0279896968476,541.0282000828391,2238135.5,-9999,319015.3,16.04,-1,-0.3888632634863224,0.9729352971029817,0,0.5837611782617889,22,0.5384615384615384,0.2307692307692308,N4 S2 O6,de-protonated,0,-9999,C26 H14 O6 N4 S2,26,14,6,4,-9999,2,-9999,N/A
1707,541.028014,541.0279896968476,541.0283330245691,2238135.5,-9999,319015.3,16.04,-1,-0.6345836262091529,0.9295369417890909,0,0.5577221650734545,9,1.2666666666666666,0.9333333333333332,N4 S1 P1 O14,de-protonated,0,-9999,C15 H19 O14 N4 P1 S1,15,19,14,4,1,1,-9999,N/A
1708,541.049373,541.0493486988327,541.049132746409,2012868.5,-9999,291527.3,14.27,-1,0.39913643808451177,0.9715072268031034,0,0.582904336081862,25,0.5757575757575758,0.06060606060606061,S2 P1 O2,de-protonated,0,-9999,C33 H19 O2 P1 S2,33,19,2,-9999,1,2,-9999,N/A
1708,541.049373,541.0493486988327,541.049600777059,2012868.5,-9999,291527.3,14.27,-1,-0.46590594652554274,0.9613788075089396,0,0.5768272845053638,31,0.3333333333333333,0.09090909090909093,N4 P1 O3,de-protonated,0,-9999,C33 H11 O3 N4 P1,33,11,3,4,1,-9999,-9999,N/A
1708,541.049373,541.0493486988327,541.049329450899,2012868.5,-9999,291527.3,14.27,-1,0.03557519179302097,0.9997703859474464,0,0.5998622315684677,17,0.782608695652174,0.34782608695652173,N4 S2 O8,de-protonated,0,-9999,C23 H18 O8 N4 S2,23,18,8,4,-9999,2,-9999,N/A
1709,541.064506,541.0644817002392,541.064585592189,5762253.5,-9999,289840.3,43.81,-1,-0.19201395286381537,0.4966662154747175,0.7739790330151771,0.6075913424909014,21,0.6666666666666666,0.18518518518518515,N4 S2 O5,de-protonated,0,-9999,C27 H18 O5 N4 S2,27,18,5,4,-9999,2,-9999,N/A
1709,541.064506,541.0644817002392,541.0647185339191,5762253.5,-9999,289840.3,43.81,-1,-0.43771783996538416,0.4829161766431225,0.8524773804394659,0.6307406581616598,8,1.4375,0.8125,N4 S1 P1 O13,de-protonated,0,-9999,C16 H23 O13 N4 P1 S1,16,23,13,4,1,1,-9999,N/A
1710,541.085752,541.0857277022137,541.0855182557589,5419226.5,-9999,245092.8,41.1,-1,0.3870856782888961,0.4865894144590256,0.7311359101322861,0.5844080127283298,24,0.6764705882352942,0.02941176470588235,S2 P1 O1,de-protonated,0,-9999,C34 H23 O1 P1 S2,34,23,1,-9999,1,2,-9999,N/A
1710,541.085752,541.0857277022137,541.085986286409,5419226.5,-9999,245092.8,41.1,-1,-0.47789852604111177,0.4797031989271543,0.731135910132286,0.580276283409207,30,0.4411764705882353,0.0588235294117647,N4 P1 O2,de-protonated,0,-9999,C34 H15 O2 N4 P1,34,15,2,4,1,-9999,-9999,N/A
1710,541.085752,541.0857277022137,541.0857149602491,5419226.5,-9999,245092.8,41.1,-1,0.02354888376877031,0.49994969135327777,0.7939170211058493,0.6175366232543065,16,0.9166666666666666,0.2916666666666667,N4 S2 O7,de-protonated,0,-9999,C24 H22 O7 N4 S2,24,22,7,4,-9999,2,-9999,N/A
1711,541.100969,541.100944703628,541.1009711015391,5418212,-9999,309064.6,41.1,-1,-0.04878555491889135,0.4997841199257303,0.7675537279851021,0.606891963149479,20,0.7857142857142857,0.14285714285714285,N4 S2 O4,de-protonated,0,-9999,C28 H22 O4 N4 S2,28,22,4,4,-9999,2,-9999,N/A
1711,541.100969,541.100944703628,541.1011040432691,5418212,-9999,309064.6,41.1,-1,-0.29447295502076526,0.49219446809295225,0.8446892076502734,0.6331923639158807,7,1.588235294117647,0.7058823529411765,N4 S1 P1 O12,de-protonated,0,-9999,C17 H27 O12 N4 P1 S1,17,27,12,4,1,1,-9999,N/A
1712,541.12196,541.1219357055788,541.1223717957589,6915313,-9999,270463.4,52.89,-1,-0.8058993728655734,0.4444163866636796,0.725399618712417,0.5568096794831745,29,0.5428571428571428,0.02857142857142857,N4 P1 O1,de-protonated,0,-9999,C35 H19 O1 N4 P1,35,19,1,4,1,-9999,-9999,N/A
1712,541.12196,541.1219357055788,541.1221004695991,6915313,-9999,270463.4,52.89,-1,-0.30448584547945345,0.49165915151523376,0.7871578612348809,0.6098586354030926,15,1.04,0.24,N4 S2 O6,de-protonated,0,-9999,C25 H26 O6 N4 S2,25,26,6,4,-9999,2,-9999,N/A
1713,541.137237,541.1372127069988,541.137356610889,4709626,-9999,317093.1,35.51,-1,-0.26592858264861896,0.4936251424642699,0.7612342259156645,0.6006687758448277,19,0.896551724137931,0.10344827586206896,N4 S2 O3,de-protonated,0,-9999,C29 H26 O3 N4 S2,29,26,3,4,-9999,2,-9999,N/A
1713,541.137237,541.1372127069988,541.1374895526191,4709626,-9999,317093.1,35.51,-1,-0.5115994098553421,0.4768093931297256,0.8370420509349343,0.6209024562518091,6,1.7222222222222223,0.6111111111111112,N4 S1 P1 O11,de-protonated,0,-9999,C18 H31 O11 N4 P1 S1,18,31,11,4,1,1,-9999,N/A
1714,541.158395,541.1583707089652,541.158485978949,6604039,-9999,277865.4,50.44,-1,-0.21300596177806655,0.4959005944074156,0.7805128205128198,0.6097454848495774,14,1.1538461538461535,0.19230769230769232,N4 S2 O5,de-protonated,0,-9999,C26 H30 O5 N4 S2,26,30,5,4,-9999,2,-9999,N/A
1714,541.158395,541.1583707089652,541.158618920679,6604039,-9999,277865.4,50.44,-1,-0.45866720984565446,0.48127350235256405,0.8604105061749865,0.632928303881533,1,2.3333333333333335,0.8666666666666667,N4 S1 P1 O13,de-protonated,0,-9999,C15 H35 O13 N4 P1 S1,15,35,13,4,1,1,-9999,N/A
1715,541.173621,541.1735967103803,541.173742120239,4328720.5,-9999,342388.3,32.51,-1,-0.2686934849987536,0.4934927633293532,0.7550179348240813,0.5981028319272444,18,1,0.06666666666666667,N4 S2 O2,de-protonated,0,-9999,C30 H30 O2 N4 S2,30,30,2,4,-9999,2,-9999,N/A
1715,541.173621,541.1735967103803,541.173875061969,4328720.5,-9999,342388.3,32.51,-1,-0.5143477939917137,0.4765655053828234,0.8295321147073604,0.6177521491126382,5,1.8421052631578947,0.5263157894736842,N4 S1 P1 O10,de-protonated,0,-9999,C19 H35 O10 N4 P1 S1,19,35,10,4,1,1,-9999,N/A
1716,541.194846,541.1948217123528,541.1948714882991,4769053.5,-9999,299646,35.98,-1,-0.0919741648176426,0.4992331290659278,0.7739790330151771,0.6091314906456275,13,1.2592592592592593,0.14814814814814814,N4 S2 O4,de-protonated,0,-9999,C27 H34 O4 N4 S2,27,34,4,4,-9999,2,-9999,N/A
1716,541.194846,541.1948217123528,541.1950044300291,4769053.5,-9999,299646,35.98,-1,-0.33761892637040863,0.979529712366918,0,0.5877178274201508,0,2.4375,0.75,N4 S1 P1 O12,de-protonated,0,-9999,C16 H39 O12 N4 P1 S1,16,39,12,4,1,1,-9999,N/A
1717,541.21001,541.2099857137622,541.210127629589,2579750.8,-9999,283548.8,18.73,-1,-0.2622194588964881,0.4938006336406454,0.7489023467070351,0.5958413188672014,17,1.096774193548387,0.03225806451612903,N4 S2 O1,de-protonated,0,-9999,C31 H34 O1 N4 S2,31,34,1,4,-9999,2,-9999,N/A
1717,541.21001,541.2099857137622,541.210260571319,2579750.8,-9999,283548.8,18.73,-1,-0.5078572541661512,0.954279129246438,0,0.5725674775478627,4,1.95,0.45,N4 S1 P1 O9,de-protonated,0,-9999,C20 H39 O9 N4 P1 S1,20,39,9,4,1,1,-9999,N/A
1718,541.231167,541.2311427157285,541.231256997649,1854259.8,-9999,352610,13.02,-1,-0.2111517377617808,0.991942735270228,0,0.5951656411621369,12,1.3571428571428572,0.10714285714285714,N4 S2 O3,de-protonated,0,-9999,C28 H38 O3 N4 S2,28,38,3,4,-9999,2,-9999,N/A
1719,543.043867,543.0438428841999,543.0438501472989,4363659.5,-9999,263934.3,32.78,-1,-0.01337479296088673,0.4999837710313897,0.7805128205128199,0.6121953908239618,21,0.6153846153846154,0.2307692307692308,N4 S2 O6,de-protonated,0,-9999,C26 H16 O6 N4 S2,26,16,6,4,-9999,2,-9999,N/A
1719,543.043867,543.0438428841999,543.0439830890291,4363659.5,-9999,263934.3,32.78,-1,-0.2581831925003968,0.9879777435049526,0,0.5927866461029715,8,1.4,0.9333333333333332,N4 S1 P1 O14,de-protonated,0,-9999,C15 H21 O14 N4 P1 S1,15,21,14,4,1,1,-9999,N/A
1720,543.064989,543.0649648861629,543.064782810869,1967512.5,-9999,322501.5,13.9,-1,0.3352736167791246,0.9798102425011588,0,0.5878861455006952,24,0.6363636363636364,0.06060606060606061,S2 P1 O2,de-protonated,0,-9999,C33 H21 O2 P1 S2,33,21,2,-9999,1,2,-9999,N/A
1720,543.064989,543.0649648861629,543.0652508415191,1967512.5,-9999,322501.5,13.9,-1,-0.5265580070147006,0.9509354754922352,0,0.570561285295341,30,0.3939393939393939,0.09090909090909093,N4 P1 O3,de-protonated,0,-9999,C33 H13 O3 N4 P1,33,13,3,4,1,-9999,-9999,N/A
1720,543.064989,543.0649648861629,543.064979515359,1967512.5,-9999,322501.5,13.9,-1,-0.02693820570624943,0.9998683373577422,0,0.5999210024146453,16,0.8695652173913043,0.34782608695652173,N4 S2 O8,de-protonated,0,-9999,C23 H20 O8 N4 S2,23,20,8,4,-9999,2,-9999,N/A
1721,543.080186,543.0801618875754,543.080235656649,7379362,-9999,285664.6,56.54,-1,-0.13583457619705852,0.9953635313061234,0.97299875041052,0.986417618947882,20,0.7407407407407407,0.18518518518518515,N4 S2 O5,de-protonated,0,-9999,C27 H20 O5 N4 S2,27,20,5,4,-9999,2,-9999,N/A
1721,543.080186,543.0801618875754,543.0803685983791,7379362,-9999,285664.6,56.54,-1,-0.38062654378187333,0.9708761836929634,0.8945004029862311,0.9403258714102704,7,1.5625,0.8125,N4 S1 P1 O13,de-protonated,0,-9999,C16 H25 O13 N4 P1 S1,16,25,13,4,1,1,-9999,N/A
1722,543.101374,543.1013498895445,543.1011683202189,2943407,-9999,219194.3,21.59,-1,0.3343195268138578,0.4899619137922661,0.7311359101322861,0.5864315123282741,23,0.7352941176470589,0.02941176470588235,S2 P1 O1,de-protonated,0,-9999,C34 H25 O1 P1 S2,34,25,1,-9999,1,2,-9999,N/A
1722,543.101374,543.1013498895445,543.1016363508691,2943407,-9999,219194.3,21.59,-1,-0.5274543572985464,0.4753862370865015,0.731135910132286,0.5776861063048153,29,0.5,0.0588235294117647,N4 P1 O2,de-protonated,0,-9999,C34 H17 O2 N4 P1,34,17,2,4,1,-9999,-9999,N/A
1722,543.101374,543.1013498895445,543.101365024709,2943407,-9999,219194.3,21.59,-1,-0.02786802886518989,0.9998590919736076,0,0.5999154551841644,15,1,0.2916666666666667,N4 S2 O7,de-protonated,0,-9999,C24 H24 O7 N4 S2,24,24,7,4,-9999,2,-9999,N/A
1723,543.116583,543.116558890958,543.116621165999,6310328,-9999,276221.5,48.11,-1,-0.11466237382318864,0.9863369393203912,0.9990716254474686,0.9914308137712222,19,0.8571428571428571,0.14285714285714285,N4 S2 O4,de-protonated,0,-9999,C28 H24 O4 N4 S2,28,24,4,4,-9999,2,-9999,N/A
1723,543.116583,543.116558890958,543.116754107729,6310328,-9999,276221.5,48.11,-1,-0.35943794681259533,0.9549978035275144,0.92379289488736,0.9425158400714526,6,1.7058823529411764,0.7058823529411765,N4 S1 P1 O12,de-protonated,0,-9999,C17 H29 O12 N4 P1 S1,17,29,12,4,1,1,-9999,N/A
1724,543.13759,543.1375658929105,543.1380218602189,3456453,-9999,281758.7,25.63,-1,-0.8395054112842877,0.4399797170910147,0.7253996187124169,0.5541476777395755,28,0.6,0.02857142857142857,N4 P1 O1,de-protonated,0,-9999,C35 H21 O1 N4 P1,35,21,1,4,1,-9999,-9999,N/A
1724,543.13759,543.1375658929105,543.1377505340591,3456453,-9999,281758.7,25.63,-1,-0.3399527070981763,0.4896243503329271,0.7871578612348809,0.6086377546937086,14,1.12,0.24,N4 S2 O6,de-protonated,0,-9999,C25 H28 O6 N4 S2,25,28,6,4,-9999,2,-9999,N/A
1725,543.152932,543.1529078943363,543.153006675349,5102030.5,-9999,274501.4,38.59,-1,-0.18186590433746316,0.4970082599287331,0.7612342259156645,0.6026986463235058,18,0.9655172413793104,0.10344827586206896,N4 S2 O3,de-protonated,0,-9999,C29 H28 O3 N4 S2,29,28,3,4,-9999,2,-9999,N/A
1725,543.152932,543.1529078943363,543.1531396170791,5102030.5,-9999,274501.4,38.59,-1,-0.42662506371583425,0.483757048343377,0.8370420509349343,0.62507104938,5,1.8333333333333333,0.6111111111111112,N4 S1 P1 O11,de-protonated,0,-9999,C18 H33 O11 N4 P1 S1,18,33,11,4,1,1,-9999,N/A
1726,543.174045,543.1740208962985,543.174136043409,2823643.5,-9999,279385.4,20.64,-1,-0.2119893103092494,0.9918789479941158,0,0.5951273687964694,13,1.2307692307692308,0.19230769230769232,N4 S2 O5,de-protonated,0,-9999,C26 H32 O5 N4 S2,26,32,5,4,-9999,2,-9999,N/A
1726,543.174045,543.1740208962985,543.1742689851391,2823643.5,-9999,279385.4,20.64,-1,-0.4567389412336458,0.9628553424445678,0,0.5777132054667407,0,2.466666666666667,0.8666666666666667,N4 S1 P1 O13,de-protonated,0,-9999,C15 H37 O13 N4 P1 S1,15,37,13,4,1,1,-9999,N/A
1727,543.189382,543.189357897724,543.189392184699,4342245,-9999,235912.9,32.61,-1,-0.06312158437638805,0.4996386545108649,0.7550179348240813,0.6017903666361515,17,1.0666666666666669,0.06666666666666667,N4 S2 O2,de-protonated,0,-9999,C30 H32 O2 N4 S2,30,32,2,4,-9999,2,-9999,N/A
1727,543.189382,543.189357897724,543.189525126429,4342245,-9999,235912.9,32.61,-1,-0.30786437743346184,0.4914746226315333,0.8295321147073604,0.6266976194618641,4,1.9473684210526316,0.5263157894736842,N4 S1 P1 O10,de-protonated,0,-9999,C19 H37 O10 N4 P1 S1,19,37,10,4,1,1,-9999,N/A
1728,543.225885,543.2258609011164,543.225777694049,2673147.5,-9999,241917.9,19.46,-1,0.15317216307050646,0.4978759759270107,0.7489023467070351,0.5982865242390205,16,1.1612903225806452,0.03225806451612903,N4 S2 O1,de-protonated,0,-9999,C31 H36 O1 N4 S2,31,36,1,4,-9999,2,-9999,N/A
1728,543.225885,543.2258609011164,543.2259106357791,2673147.5,-9999,241917.9,19.46,-1,-0.09155429014920032,0.9984802190294,0,0.5990881314176401,3,2.05,0.45,N4 S1 P1 O9,de-protonated,0,-9999,C20 H41 O9 N4 P1 S1,20,41,9,4,1,1,-9999,N/A
1730,544.083516,544.0834919808243,544.083530132849,2499595.8,-9999,319017.7,18.09,-1,-0.07012163125509256,0.49955410343018114,0.719752637322661,0.5876335169871731,28,0.5277777777777778,0.02777777777777777,N1 S2 O1,de-protonated,0,-9999,C36 H19 O1 N1 S2,36,19,1,1,-9999,2,-9999,N/A
1730,544.083516,544.0834919808243,544.083663074579,2499595.8,-9999,319017.7,18.09,-1,-0.3144622166177036,0.982217191063092,0,0.5893303146378552,15,0.96,0.36,N1 S1 P1 O9,de-protonated,0,-9999,C25 H24 O9 N1 P1 S1,25,24,9,1,1,1,-9999,N/A
1730,544.083516,544.0834919808243,544.0830116258991,2499595.8,-9999,319017.7,18.09,-1,0.882870655701365,0.8681141177166873,0,0.5208684706300124,6,1.6470588235294117,0.6470588235294118,N3 S2 P1 O11,de-protonated,0,-9999,C17 H28 O11 N3 P1 S2,17,28,11,3,1,2,-9999,N/A
1730,544.083516,544.0834919808243,544.0835904917191,2499595.8,-9999,319017.7,18.09,-1,-0.18105838235232263,0.9940693801259484,0.97299875041052,0.985641128239777,20,0.7692307692307693,0.19230769230769232,13C1 N4 S2 O5,de-protonated,1,1721,C26 H20 O5 N4 S2 13C1,26,20,5,4,-9999,2,1,N/A
1730,544.083516,544.0834919808243,544.083723433449,2499595.8,-9999,319017.7,18.09,-1,-0.4253989132932872,0.9676975171819706,0.8945004029862311,0.9384186715036748,7,1.6666666666666667,0.8666666666666667,13C1 N4 S1 P1 O13,de-protonated,1,1721,C15 H25 O13 N4 P1 S1 13C1,15,25,13,4,1,1,1,N/A
1732,544.119797,544.1197729841962,544.120048583929,1901090.3,-9999,339875.8,13.37,-1,-0.5065053816013841,0.9545166011771667,0,0.5727099607063001,14,1.0769230769230769,0.3076923076923077,N1 S1 P1 O8,de-protonated,0,-9999,C26 H28 O8 N1 P1 S1,26,28,8,1,1,1,-9999,N/A
1732,544.119797,544.1197729841962,544.119397135249,1901090.3,-9999,339875.8,13.37,-1,0.6907471948134578,0.917066841553644,0,0.5502401049321863,5,1.7777777777777777,0.5555555555555556,N3 S2 P1 O10,de-protonated,0,-9999,C18 H32 O10 N3 P1 S2,18,32,10,3,1,2,-9999,N/A
1732,544.119797,544.1197729841962,544.1199760010692,1901090.3,-9999,339875.8,13.37,-1,-0.37311049392756873,0.975056624723959,0.9990716254474686,0.9846626250133628,19,0.8888888888888888,0.14814814814814814,13C1 N4 S2 O4,de-protonated,1,1723,C27 H24 O4 N4 S2 13C1,27,24,4,4,-9999,2,1,N/A
1732,544.119797,544.1197729841962,544.1201089427991,1901090.3,-9999,339875.8,13.37,-1,-0.6174346388054811,0.9331653477991888,0.92379289488736,0.9294163666344571,6,1.8125,0.75,13C1 N4 S1 P1 O12,de-protonated,1,1723,C16 H29 O12 N4 P1 S1 13C1,16,29,12,4,1,1,1,N/A
1733,545.059487,545.0594630715306,545.059771537919,6663783,-9999,266007.2,50.89,-1,-0.5659313061687673,0.9643079260706956,0.929257399416772,0.9502877154091264,34,0.3055555555555556,0.02777777777777777,N4 P1 O1,de-protonated,0,-9999,C36 H11 O1 N4 P1,36,11,1,4,1,-9999,-9999,N/A
1733,545.059487,545.0594630715306,545.059500211759,6663783,-9999,266007.2,50.89,-1,-0.06813976896113431,0.9956323068650622,0.9900175826069308,0.9933864171618096,20,0.6923076923076923,0.2307692307692308,N4 S2 O6,de-protonated,0,-9999,C26 H18 O6 N4 S2,26,18,6,4,-9999,2,-9999,N/A
1733,545.059487,545.0594630715306,545.059633153489,6663783,-9999,266007.2,50.89,-1,-0.3120428446965411,0.9911358875657404,0.9300847317309024,0.9667154252318052,7,1.5333333333333334,0.9333333333333332,N4 S1 P1 O14,de-protonated,0,-9999,C15 H23 O14 N4 P1 S1,15,23,14,4,1,1,-9999,N/A
1734,545.095918,545.0958940749164,545.0958857211091,7995005.5,-9999,261591.6,61.38,-1,0.01532539046324764,0.999477191745691,0.966225903539734,0.9861766764633084,19,0.8148148148148148,0.18518518518518515,N4 S2 O5,de-protonated,0,-9999,C27 H22 O5 N4 S2,27,22,5,4,-9999,2,-9999,N/A
1734,545.095918,545.0958940749164,545.096018662839,7995005.5,-9999,261591.6,61.38,-1,-0.2285614247326884,0.9926962712862368,0.9552757490359772,0.9777280623861327,6,1.6875,0.8125,N4 S1 P1 O13,de-protonated,0,-9999,C16 H27 O13 N4 P1 S1,16,27,13,4,1,1,-9999,N/A
1735,545.11724,545.1172160768981,545.1168183846789,1731722.6,-9999,334093.7,12.03,-1,0.7295541171254274,0.9079409641856884,0,0.544764578511413,22,0.7941176470588235,0.02941176470588235,S2 P1 O1,de-protonated,0,-9999,C34 H27 O1 P1 S2,34,27,1,-9999,1,2,-9999,N/A
1735,545.11724,545.1172160768981,545.117666537849,1731722.6,-9999,334093.7,12.03,-1,-0.8263554431509353,0.883464073347714,0,0.5300784440086284,23,0.6875,0.15625,N2 S1 O5,de-protonated,0,-9999,C32 H22 O5 N2 S1,32,22,5,2,-9999,1,-9999,N/A
1735,545.11724,545.1172160768981,545.117286415329,1731722.6,-9999,334093.7,12.03,-1,-0.1290335724557647,0.9969834993617784,0,0.598190099617067,28,0.5588235294117647,0.0588235294117647,N4 P1 O2,de-protonated,0,-9999,C34 H19 O2 N4 P1,34,19,2,4,1,-9999,-9999,N/A
1735,545.11724,545.1172160768981,545.1170150891691,1731722.6,-9999,334093.7,12.03,-1,0.3687056604018821,0.9756349047662868,0,0.5853809428597722,14,1.0833333333333333,0.2916666666666667,N4 S2 O7,de-protonated,0,-9999,C24 H26 O7 N4 S2,24,26,7,4,-9999,2,-9999,N/A
1736,545.13047099999994,545.1304470781276,545.130933819939,2003602.6,-9999,316419.1,14.17,-1,-0.8928897281429854,0.8653161563588078,0,0.5191896938152847,13,1.1111111111111112,0.2962962962962963,S2 O8,de-protonated,0,-9999,C27 H30 O8 S2,27,30,8,-9999,-9999,2,-9999,N/A
1736,545.13047099999994,545.1304470781276,545.130064440069,2003602.6,-9999,316419.1,14.17,-1,0.7019206674549815,0.9144811449234864,0,0.5486886869540919,14,1,0.5,O13,de-protonated,0,-9999,C26 H26 O13,26,26,13,-9999,-9999,-9999,-9999,N/A
1736,545.13047099999994,545.1304470781276,545.130553697419,2003602.6,-9999,316419.1,14.17,-1,-0.19558487533604343,0.9930829962973758,0,0.5958497977784255,18,0.9310344827586208,0.1724137931034483,N2 S1 P1 O5,de-protonated,0,-9999,C29 H27 O5 N2 P1 S1,29,27,5,2,1,1,-9999,N/A
1736,545.13047099999994,545.1304470781276,545.129902248739,2003602.6,-9999,316419.1,14.17,-1,0.9994487303401488,0.8342278711518293,0,0.5005367226910975,9,1.4761904761904765,0.3333333333333333,N4 S2 P1 O7,de-protonated,0,-9999,C21 H31 O7 N4 P1 S2,21,31,7,4,1,2,-9999,N/A
1737,545.132248,545.1322240782929,545.1322712304591,8320660,-9999,278592.5,63.94,-1,-0.08649674341037289,0.9956617294281468,0.9582585350185724,0.9807004516643172,18,0.9285714285714286,0.14285714285714285,N4 S2 O4,de-protonated,0,-9999,C28 H26 O4 N4 S2,28,26,4,4,-9999,2,-9999,N/A
1737,545.132248,545.1322240782929,545.132404172189,8320660,-9999,278592.5,63.94,-1,-0.3303672552599343,0.9725765245015924,0.9646059853162564,0.969388308827458,5,1.8235294117647056,0.7058823529411765,N4 S1 P1 O12,de-protonated,0,-9999,C17 H31 O12 N4 P1 S1,17,31,12,4,1,1,-9999,N/A
1738,545.168632,545.1686080816744,545.168656739809,7909034.5,-9999,266446.6,60.7,-1,-0.08925336035453839,0.9926246526499228,0.979125649426966,0.98722505136074,17,1.0344827586206895,0.10344827586206896,N4 S2 O3,de-protonated,0,-9999,C29 H30 O3 N4 S2,29,30,3,4,-9999,2,-9999,N/A
1738,545.168632,545.1686080816744,545.1687896815391,7909034.5,-9999,266446.6,60.7,-1,-0.3331075956085704,0.9665310069222582,0.945066525553764,0.9579452143748606,4,1.9444444444444444,0.6111111111111112,N4 S1 P1 O11,de-protonated,0,-9999,C18 H35 O11 N4 P1 S1,18,35,11,4,1,1,-9999,N/A
1739,545.205015,545.2049910850558,545.2050422491591,6647489,-9999,265361.6,50.76,-1,-0.09384378230642726,0.9991323827597208,0.9743432099602636,0.989216713639938,16,1.1333333333333333,0.06666666666666667,N4 S2 O2,de-protonated,0,-9999,C30 H34 O2 N4 S2,30,34,2,4,-9999,2,-9999,N/A
1739,545.205015,545.2049910850558,545.205175190889,6647489,-9999,265361.6,50.76,-1,-0.3376817418562053,0.9855556038414242,0.9511426101564572,0.9717904063674374,3,2.0526315789473686,0.5263157894736842,N4 S1 P1 O10,de-protonated,0,-9999,C19 H39 O10 N4 P1 S1,19,39,10,4,1,1,-9999,N/A
1740,545.241499,545.2414750884466,545.241427758509,3564247.5,-9999,273156.2,26.47,-1,0.08680546856084058,0.499316842024032,0.7489023467070351,0.5991510438972333,15,1.2258064516129032,0.03225806451612903,N4 S2 O1,de-protonated,0,-9999,C31 H38 O1 N4 S2,31,38,1,4,-9999,2,-9999,N/A
1740,545.241499,545.2414750884466,545.2415607002391,3564247.5,-9999,273156.2,26.47,-1,-0.15701626345641384,0.9955365356721434,0,0.597321921403286,2,2.15,0.45,N4 S1 P1 O9,de-protonated,0,-9999,C20 H43 O9 N4 P1 S1,20,43,9,4,1,1,-9999,N/A
1741,546.062993,546.0629691647958,546.062794687959,1766100.8,-9999,305705.3,12.3,-1,0.3195178989117632,0.9816461195612746,0,0.5889876717367647,28,0.4857142857142857,0.05714285714285714,N1 S2 O2,de-protonated,0,-9999,C35 H17 O2 N1 S2,35,17,2,1,-9999,2,-9999,N/A
1741,546.062993,546.0629691647958,546.06292762968906,1766100.8,-9999,305705.3,12.3,-1,0.0760628577532402,0.9989507688698308,0,0.5993704613218984,15,0.9166666666666666,0.4166666666666667,N1 S1 P1 O10,de-protonated,0,-9999,C24 H22 O10 N1 P1 S1,24,22,10,1,1,1,-9999,N/A
1741,546.062993,546.0629691647958,546.0631263729889,1766100.8,-9999,305705.3,12.3,-1,-0.28789380836455947,0.9850735374137756,0.929257399416772,0.9627470822149744,34,0.3142857142857143,0.02857142857142857,13C1 N4 P1 O1,de-protonated,1,1733,C35 H11 O1 N4 P1 13C1,35,11,1,4,1,-9999,1,N/A
1741,546.062993,546.0629691647958,546.0628550468291,1766100.8,-9999,305705.3,12.3,-1,0.2089832071362301,0.9921067303025792,0.9900175826069308,0.9912710712243198,20,0.72,0.24,13C1 N4 S2 O6,de-protonated,1,1733,C25 H18 O6 N4 S2 13C1,25,18,6,4,-9999,2,1,N/A
1741,546.062993,546.0629691647958,546.062987988559,1766100.8,-9999,305705.3,12.3,-1,-0.03447177999367015,0.9997844071134372,0.9300847317309024,0.9719045369604232,7,1.6428571428571428,1,13C1 N4 S1 P1 O14,de-protonated,1,1733,C14 H23 O14 N4 P1 S1 13C1,14,23,14,4,1,1,1,N/A
1743,546.099305,546.0992811681706,546.099180197309,1902827.4,-9999,284009.7,13.38,-1,0.1848947320240188,0.9938161829587951,0,0.5962897097752771,27,0.5833333333333334,0.02777777777777777,N1 S2 O1,de-protonated,0,-9999,C36 H21 O1 N1 S2,36,21,1,1,-9999,2,-9999,N/A
1743,546.099305,546.0992811681706,546.099313139039,1902827.4,-9999,284009.7,13.38,-1,-0.05854405543760418,0.9993782949450754,0,0.5996269769670451,14,1.04,0.36,N1 S1 P1 O9,de-protonated,0,-9999,C25 H26 O9 N1 P1 S1,25,26,9,1,1,1,-9999,N/A
1743,546.099305,546.0992811681706,546.0992405561791,1902827.4,-9999,284009.7,13.38,-1,0.07436741983531538,0.9989969989994956,0.966225903539734,0.985888560815591,19,0.8461538461538461,0.19230769230769232,13C1 N4 S2 O5,de-protonated,1,1734,C26 H22 O5 N4 S2 13C1,26,22,5,4,-9999,2,1,N/A
1743,546.099305,546.0992811681706,546.099373497909,1902827.4,-9999,284009.7,13.38,-1,-0.1690713136048776,0.9948266973696216,0.9552757490359772,0.9790063180361636,6,1.8,0.8666666666666667,13C1 N4 S1 P1 O13,de-protonated,1,1734,C15 H27 O13 N4 P1 S1 13C1,15,27,13,4,1,1,1,N/A
1744,546.13554,546.1355161715383,546.135698648389,1960705.9,-9999,307087.2,13.83,-1,-0.33412364591340643,0.9799471089200084,0,0.5879682653520051,13,1.1538461538461535,0.3076923076923077,N1 S1 P1 O8,de-protonated,0,-9999,C26 H30 O8 N1 P1 S1,26,30,8,1,1,1,-9999,N/A
1744,546.13554,546.1355161715383,546.135047199709,1960705.9,-9999,307087.2,13.83,-1,0.8587103714887068,0.8747673901767032,0,0.5248604341060219,4,1.8888888888888888,0.5555555555555556,N3 S2 P1 O10,de-protonated,0,-9999,C18 H34 O10 N3 P1 S2,18,34,10,3,1,2,-9999,N/A
1744,546.13554,546.1355161715383,546.1356260655291,1960705.9,-9999,307087.2,13.83,-1,-0.2012210623037465,0.9926800800214042,0.9582585350185724,0.9789114620202716,18,0.9629629629629628,0.14814814814814814,13C1 N4 S2 O4,de-protonated,1,1737,C27 H26 O4 N4 S2 13C1,27,26,4,4,-9999,2,1,N/A
1744,546.13554,546.1355161715383,546.1357590072591,1960705.9,-9999,307087.2,13.83,-1,-0.44464351011223013,0.9647620099692484,0.9646059853162564,0.9646996001080516,5,1.9375,0.75,13C1 N4 S1 P1 O12,de-protonated,1,1737,C16 H31 O12 N4 P1 S1 13C1,16,31,12,4,1,1,1,N/A
1745,546.171887,546.1718631749163,546.172084157739,2203416.3,-9999,294215.2,15.74,-1,-0.4046029248563155,0.9707330319115616,0,0.582439819146937,12,1.2592592592592593,0.25925925925925924,N1 S1 P1 O7,de-protonated,0,-9999,C27 H34 O7 N1 P1 S1,27,34,7,1,1,1,-9999,N/A
1745,546.171887,546.1718631749163,546.171432709059,2203416.3,-9999,294215.2,15.74,-1,0.7881515428214355,0.8934071982998556,0,0.5360443189799133,3,2,0.47368421052631576,N3 S2 P1 O9,de-protonated,0,-9999,C19 H38 O9 N3 P1 S2,19,38,9,3,1,2,-9999,N/A
1745,546.171887,546.1718631749163,546.1720115748791,2203416.3,-9999,294215.2,15.74,-1,-0.27170920446865093,0.9866937108311488,0.979125649426966,0.9836664862694756,17,1.0714285714285714,0.10714285714285714,13C1 N4 S2 O3,de-protonated,1,1738,C28 H30 O3 N4 S2 13C1,28,30,3,4,-9999,2,1,N/A
1745,546.171887,546.1718631749163,546.172144516609,2203416.3,-9999,294215.2,15.74,-1,-0.515115418321701,0.9529943528302368,0.945066525553764,0.9498232219196476,4,2.0588235294117645,0.6470588235294118,13C1 N4 S1 P1 O11,de-protonated,1,1738,C17 H35 O11 N4 P1 S1 13C1,17,35,11,4,1,1,1,N/A
1746,546.208436,546.2084121783132,546.208469667089,1867567,-9999,276880.6,13.1,-1,-0.1052506122297854,0.9979919862152896,0,0.5987951917291737,11,1.3571428571428572,0.21428571428571427,N1 S1 P1 O6,de-protonated,0,-9999,C28 H38 O6 N1 P1 S1,28,38,6,1,1,1,-9999,N/A
1746,546.208436,546.2084121783132,546.2083970842291,1867567,-9999,276880.6,13.1,-1,0.02763429526176768,0.9998614455346316,0.9743432099602636,0.9896541513048844,16,1.1724137931034482,0.06896551724137931,13C1 N4 S2 O2,de-protonated,1,1739,C29 H34 O2 N4 S2 13C1,29,34,2,4,-9999,2,1,N/A
1746,546.208436,546.2084121783132,546.208530025959,1867567,-9999,276880.6,13.1,-1,-0.2157557770201743,0.9915890346619068,0.9511426101564572,0.9754104648597268,3,2.1666666666666665,0.5555555555555556,13C1 N4 S1 P1 O10,de-protonated,1,1739,C18 H39 O10 N4 P1 S1 13C1,18,39,10,4,1,1,1,N/A
1747,547.038799,547.0387752554867,547.0385680623789,3900211.5,-9999,262470.3,29.11,-1,0.3787541133710632,0.4871530941969974,0.725399618712417,0.5824517040031653,28,0.4857142857142857,0.02857142857142857,S2 P1 O1,de-protonated,0,-9999,C35 H17 O1 P1 S2,35,17,1,-9999,1,2,-9999,N/A
1747,547.038799,547.0387752554867,547.038764766869,3900211.5,-9999,262470.3,29.11,-1,0.01917344506400877,0.4999666489389846,0.7871578612348809,0.6148431338573431,20,0.64,0.28,N4 S2 O7,de-protonated,0,-9999,C25 H16 O7 N4 S2,25,16,7,4,-9999,2,-9999,N/A
1748,547.075085,547.075061258859,547.0754216023789,9732938,-9999,262744.9,75.06,-1,-0.6586724712392753,0.4621486951688001,0.719752637322661,0.5651902720303444,33,0.3611111111111111,0.02777777777777777,N4 P1 O1,de-protonated,0,-9999,C36 H13 O1 N4 P1,36,13,1,4,1,-9999,-9999,N/A
1748,547.075085,547.075061258859,547.075150276219,9732938,-9999,262744.9,75.06,-1,-0.16271504918080337,0.6614326474532265,0.8909659595431866,0.7532459722892105,19,0.7692307692307693,0.2307692307692308,N4 S2 O6,de-protonated,0,-9999,C26 H20 O6 N4 S2,26,20,6,4,-9999,2,-9999,N/A
1748,547.075085,547.075061258859,547.075283217949,9732938,-9999,262744.9,75.06,-1,-0.405719462815379,0.9641046046535336,0.9781820138508776,0.9697355683324712,6,1.6666666666666667,0.9333333333333332,N4 S1 P1 O14,de-protonated,0,-9999,C15 H25 O14 N4 P1 S1,15,25,14,4,1,1,-9999,N/A
1749,547.111534,547.1115102622466,547.111535785569,9317217,-9999,272971,71.78,-1,-0.046651040460745787,0.9982075511688264,0.9328214172822542,0.9720530976141974,18,0.8888888888888888,0.18518518518518515,N4 S2 O5,de-protonated,0,-9999,C27 H24 O5 N4 S2,27,24,5,4,-9999,2,-9999,N/A
1749,547.111534,547.1115102622466,547.111668727299,9317217,-9999,272971,71.78,-1,-0.28963932135657944,0.9913532382683934,0.9886802352934572,0.9902840370784188,5,1.8125,0.8125,N4 S1 P1 O13,de-protonated,0,-9999,C16 H29 O13 N4 P1 S1,16,29,13,4,1,1,-9999,N/A
1750,547.147956,547.1479322656318,547.1479212949191,9722743,-9999,260887.1,74.98,-1,0.02005072526868197,0.662010115062646,0.8974434233665893,0.7561834383842233,17,1,0.14285714285714285,N4 S2 O4,de-protonated,0,-9999,C28 H28 O4 N4 S2,28,28,4,4,-9999,2,-9999,N/A
1750,547.147956,547.1479322656318,547.148054236649,9722743,-9999,260887.1,74.98,-1,-0.2229214128326433,0.9953995054749036,0.9760912609895208,0.9876762076807504,4,1.9411764705882353,0.7058823529411765,N4 S1 P1 O12,de-protonated,0,-9999,C17 H33 O12 N4 P1 S1,17,33,12,4,1,1,-9999,N/A
1751,547.184364,547.1843402690154,547.184306804269,8936334,-9999,244643.3,68.78,-1,0.06115808869127187,0.999565958872754,0.9956094916435306,0.9979833719810648,16,1.103448275862069,0.10344827586206896,N4 S2 O3,de-protonated,0,-9999,C29 H32 O3 N4 S2,29,32,3,4,-9999,2,-9999,N/A
1751,547.184364,547.1843402690154,547.184439745999,8936334,-9999,244643.3,68.78,-1,-0.18179790295962453,0.9930186566935624,0.9285826833371996,0.9672442673510172,3,2.0555555555555554,0.6111111111111112,N4 S1 P1 O11,de-protonated,0,-9999,C18 H37 O11 N4 P1 S1,18,37,11,4,1,1,-9999,N/A
1752,547.220771,547.2207472723991,547.2206923136191,6411173,-9999,260095.5,48.89,-1,0.10043256905596087,0.998677478042264,0.984480089560655,0.9929985226496204,15,1.2,0.06666666666666667,N4 S2 O2,de-protonated,0,-9999,C30 H36 O2 N4 S2,30,36,2,4,-9999,2,-9999,N/A
1752,547.220771,547.2207472723991,547.220825255349,6411173,-9999,260095.5,48.89,-1,-0.14250727743092204,0.9895405396275097,0.9099659096773758,0.957710687647456,2,2.1578947368421053,0.5263157894736842,N4 S1 P1 O10,de-protonated,0,-9999,C19 H41 O10 N4 P1 S1,19,41,10,4,1,1,-9999,N/A
1753,547.256999,547.2569752757661,547.257077822969,3277755.5,-9999,288149.3,24.2,-1,-0.18738396828430073,0.4968245450887016,0.7489023467070351,0.597655665736035,14,1.2903225806451613,0.03225806451612903,N4 S2 O1,de-protonated,0,-9999,C31 H40 O1 N4 S2,31,40,1,4,-9999,2,-9999,N/A
1753,547.256999,547.2569752757661,547.257210764699,3277755.5,-9999,288149.3,24.2,-1,-0.4303075927113866,0.9669602626187892,0,0.5801761575712735,1,2.25,0.45,N4 S1 P1 O9,de-protonated,0,-9999,C20 H45 O9 N4 P1 S1,20,45,9,4,1,1,-9999,N/A
1754,548.078394,548.078370352106,548.078444752419,1873340.1,-9999,263666.6,13.13,-1,-0.13574756261444862,0.9966619560386902,0,0.5979971736232141,27,0.5428571428571428,0.05714285714285714,N1 S2 O2,de-protonated,0,-9999,C35 H19 O2 N1 S2,35,19,2,1,-9999,2,-9999,N/A
1754,548.078394,548.078370352106,548.078577694149,1873340.1,-9999,263666.6,13.13,-1,-0.3783071467585158,0.9743660114684458,0,0.5846196068810675,14,1,0.4166666666666667,N1 S1 P1 O10,de-protonated,0,-9999,C24 H24 O10 N1 P1 S1,24,24,10,1,1,1,-9999,N/A
1754,548.078394,548.078370352106,548.077926245469,1873340.1,-9999,263666.6,13.13,-1,0.8102983458235475,0.8876868921823479,0,0.5326121353094087,5,1.75,0.75,N3 S2 P1 O12,de-protonated,0,-9999,C16 H28 O12 N3 P1 S2,16,28,12,3,1,2,-9999,N/A
1754,548.078394,548.078370352106,548.0785051112891,1873340.1,-9999,263666.6,13.13,-1,-0.24587569449786184,0.6593936604443152,0.8909659595431866,0.7520225800838638,19,0.8,0.24,13C1 N4 S2 O6,de-protonated,1,1748,C25 H20 O6 N4 S2 13C1,25,20,6,4,-9999,2,1,N/A
1754,548.078394,548.078370352106,548.078638053019,1873340.1,-9999,263666.6,13.13,-1,-0.4884352250092357,0.9576355263867676,0.9781820138508776,0.9658541213724116,6,1.7857142857142858,1,13C1 N4 S1 P1 O14,de-protonated,1,1748,C14 H25 O14 N4 P1 S1 13C1,14,25,14,4,1,1,1,N/A
1756,548.114987,548.114963355507,548.1148302617689,1759443.1,-9999,225525.5,12.24,-1,0.24282090312412197,0.9893584504063786,0,0.5936150702438271,26,0.6388888888888888,0.02777777777777777,N1 S2 O1,de-protonated,0,-9999,C36 H23 O1 N1 S2,36,23,1,1,-9999,2,-9999,N/A
1756,548.114987,548.114963355507,548.1149632034991,1759443.1,-9999,225525.5,12.24,-1,2.773285760072e-4,0.999999986044575,0,0.599999991626745,13,1.12,0.36,N1 S1 P1 O9,de-protonated,0,-9999,C25 H28 O9 N1 P1 S1,25,28,9,1,1,1,-9999,N/A
1756,548.114987,548.114963355507,548.1148906206391,1759443.1,-9999,225525.5,12.24,-1,0.1327000399805091,0.9968099147068012,0.9328214172822542,0.9712145157369824,18,0.9230769230769232,0.19230769230769232,13C1 N4 S2 O5,de-protonated,1,1749,C26 H24 O5 N4 S2 13C1,26,24,5,4,-9999,2,1,N/A
1756,548.114987,548.114963355507,548.1150235623691,1759443.1,-9999,225525.5,12.24,-1,-0.10984348073458414,0.9978131092353684,0.9886802352934572,0.994159959658604,5,1.9333333333333331,0.8666666666666667,13C1 N4 S1 P1 O13,de-protonated,1,1749,C15 H29 O13 N4 P1 S1 13C1,15,29,13,4,1,1,1,N/A
1757,548.151452,548.151428358896,548.1513487128491,2122986,-9999,272610.5,15.1,-1,0.14529937243993923,0.9961765999728652,0,0.5977059599837191,12,1.2307692307692308,0.3076923076923077,N1 S1 P1 O8,de-protonated,0,-9999,C26 H32 O8 N1 P1 S1,26,32,8,1,1,1,-9999,N/A
1757,548.151452,548.151428358896,548.1512761299891,2122986,-9999,272610.5,15.1,-1,0.2777133130143827,0.6574021937533507,0.8974434233665893,0.7534186855986462,17,1.037037037037037,0.14814814814814814,13C1 N4 S2 O4,de-protonated,1,1750,C27 H28 O4 N4 S2 13C1,27,28,4,4,-9999,2,1,N/A
1757,548.151452,548.151428358896,548.1514090717191,2122986,-9999,272610.5,15.1,-1,0.03518585682284924,0.99977538367821,0.9760912609895208,0.9903017346027344,4,2.0625,0.75,13C1 N4 S1 P1 O12,de-protonated,1,1750,C16 H33 O12 N4 P1 S1 13C1,16,33,12,4,1,1,1,N/A
1758,548.187703,548.1876793622653,548.1877342221991,2735616.5,-9999,337704.1,19.93,-1,-0.100075084477312,0.9981844374492492,0,0.5989106624695496,11,1.3333333333333333,0.25925925925925924,N1 S1 P1 O7,de-protonated,0,-9999,C27 H36 O7 N1 P1 S1,27,36,7,1,1,1,-9999,N/A
1758,548.187703,548.1876793622653,548.187661639339,2735616.5,-9999,337704.1,19.93,-1,0.03233003494827272,0.9998103621626986,0.9956094916435306,0.9981300139550314,16,1.1428571428571428,0.10714285714285714,13C1 N4 S2 O3,de-protonated,1,1751,C28 H32 O3 N4 S2 13C1,28,32,3,4,-9999,2,1,N/A
1758,548.187703,548.1876793622653,548.187794581069,2735616.5,-9999,337704.1,19.93,-1,-0.21018126438405463,0.9920163332078034,0.9285826833371996,0.966642873259562,3,2.176470588235294,0.6470588235294118,13C1 N4 S1 P1 O11,de-protonated,1,1751,C17 H37 O11 N4 P1 S1 13C1,17,37,11,4,1,1,1,N/A
1759,548.224034,548.2240103656418,548.224119731549,2258455.3,-9999,299605,16.17,-1,-0.1994912358690548,0.9928049406876605,0,0.5956829644125962,10,1.4285714285714286,0.21428571428571427,N1 S1 P1 O6,de-protonated,0,-9999,C28 H40 O6 N1 P1 S1,28,40,6,1,1,1,-9999,N/A
1759,548.224034,548.2240103656418,548.223468282869,2258455.3,-9999,299605,16.17,-1,0.9887989189252856,0.8374392051894217,0,0.502463523113653,1,2.2,0.4,N3 S2 P1 O8,de-protonated,0,-9999,C20 H44 O8 N3 P1 S2,20,44,8,3,1,2,-9999,N/A
1759,548.224034,548.2240103656418,548.2240471486891,2258455.3,-9999,299605,16.17,-1,-0.0670949177191861,0.9991835008881742,0.984480089560655,0.9933021363571666,15,1.2413793103448276,0.06896551724137931,13C1 N4 S2 O2,de-protonated,1,1752,C29 H36 O2 N4 S2 13C1,29,36,2,4,-9999,2,1,N/A
1759,548.224034,548.2240103656418,548.224180090419,2258455.3,-9999,299605,16.17,-1,-0.3095900973164082,0.9827592170065668,0.9099659096773758,0.9536418940748904,2,2.2777777777777777,0.5555555555555556,13C1 N4 S1 P1 O10,de-protonated,1,1752,C18 H41 O10 N4 P1 S1 13C1,18,41,10,4,1,1,1,N/A
1760,549.054483,549.0544594428233,549.0542181268389,6225951.5,-9999,295668.3,47.42,-1,0.43951212170491943,0.4827782755655086,0.7253996187124169,0.5798268128242718,27,0.5428571428571428,0.02857142857142857,S2 P1 O1,de-protonated,0,-9999,C35 H19 O1 P1 S2,35,19,1,-9999,1,2,-9999,N/A
1760,549.054483,549.0544594428233,549.0546861574891,6225951.5,-9999,295668.3,47.42,-1,-0.4129181874410096,0.4847681997466199,0.7253996187124169,0.5810207673329386,33,0.3142857142857143,0.05714285714285714,N4 P1 O2,de-protonated,0,-9999,C35 H11 O2 N4 P1,35,11,2,4,1,-9999,-9999,N/A
1760,549.054483,549.0544594428233,549.054414831329,6225951.5,-9999,295668.3,47.42,-1,0.0812514989640249,0.4994014140707367,0.7871578612348809,0.6145039929363943,19,0.72,0.28,N4 S2 O7,de-protonated,0,-9999,C25 H18 O7 N4 S2,25,18,7,4,-9999,2,-9999,N/A
1761,549.069499,549.0694754442188,549.0696709726191,1883176.9,-9999,350268.8,13.21,-1,-0.3561085424628551,0.9772526079936942,0,0.5863515647962165,23,0.6206896551724138,0.13793103448275862,N4 S2 O4,de-protonated,0,-9999,C29 H18 O4 N4 S2,29,18,4,4,-9999,2,-9999,N/A
1761,549.069499,549.0694754442188,549.0698039143491,1883176.9,-9999,350268.8,13.21,-1,-0.5982301848378917,0.9371267454047276,0,0.5622760472428366,10,1.2777777777777777,0.6666666666666666,N4 S1 P1 O12,de-protonated,0,-9999,C18 H23 O12 N4 P1 S1,18,23,12,4,1,1,-9999,N/A
1762,549.090843,549.0908194462025,549.091071666839,8597558,-9999,283183.4,66.1,-1,-0.4593420826281131,0.9494343801701705,0.9293664122178436,0.9414071929892396,32,0.4166666666666667,0.02777777777777777,N4 P1 O1,de-protonated,0,-9999,C36 H15 O1 N4 P1,36,15,1,4,1,-9999,-9999,N/A
1762,549.090843,549.0908194462025,549.090800340679,8597558,-9999,283183.4,66.1,-1,0.0347948344691165,0.9988250301890096,0.9901265954080024,0.9953456562766066,18,0.8461538461538461,0.2307692307692308,N4 S2 O6,de-protonated,0,-9999,C26 H22 O6 N4 S2,26,22,6,4,-9999,2,-9999,N/A
1762,549.090843,549.0908194462025,549.0909332824091,8597558,-9999,283183.4,66.1,-1,-0.20731758555381255,0.9851195685889036,0.9299757189298308,0.9630620287252744,5,1.8,0.9333333333333332,N4 S1 P1 O14,de-protonated,0,-9999,C15 H27 O14 N4 P1 S1,15,27,14,4,1,1,-9999,N/A
1763,549.125345,549.1253214494092,549.125848439509,2680907.8,-9999,407401,19.49,-1,-0.9596891156014452,0.8461024558733778,0,0.5076614735240267,12,1.1538461538461535,0.34615384615384615,S2 O9,de-protonated,0,-9999,C26 H30 O9 S2,26,30,9,-9999,-9999,2,-9999,N/A
1763,549.125345,549.1253214494092,549.124979059639,2680907.8,-9999,407401,19.49,-1,0.6235188403301094,0.9318878090824788,0,0.5591326854494872,13,1.04,0.56,O14,de-protonated,0,-9999,C25 H26 O14,25,26,14,-9999,-9999,-9999,-9999,N/A
1763,549.125345,549.1253214494092,549.125468316989,2680907.8,-9999,407401,19.49,-1,-0.2674572357119281,0.9871042356669028,0,0.5922625414001417,17,0.9642857142857144,0.21428571428571427,N2 S1 P1 O6,de-protonated,0,-9999,C28 H27 O6 N2 P1 S1,28,27,6,2,1,1,-9999,N/A
1763,549.125345,549.1253214494092,549.124816868309,2680907.8,-9999,407401,19.49,-1,0.9188823462917204,0.857953609923634,0,0.5147721659541804,8,1.55,0.4,N4 S2 P1 O8,de-protonated,0,-9999,C20 H31 O8 N4 P1 S2,20,31,8,4,1,2,-9999,N/A
1764,549.127307,549.1272834495915,549.127185850029,8847437,-9999,255333.1,68.07,-1,0.17773580499748115,0.9965317032396576,0.977347898646143,0.9888581814022516,17,0.9629629629629628,0.18518518518518515,N4 S2 O5,de-protonated,0,-9999,C27 H26 O5 N4 S2,27,26,5,4,-9999,2,-9999,N/A
1764,549.127307,549.1272834495915,549.1273187917591,8847437,-9999,255333.1,68.07,-1,-0.06436060711507494,0.9902071817248832,0.9441537539295682,0.9717858106067572,4,1.9375,0.8125,N4 S1 P1 O13,de-protonated,0,-9999,C16 H31 O13 N4 P1 S1,16,31,13,4,1,1,-9999,N/A
1765,549.163695,549.1636714529734,549.163571359379,10238052,-9999,264522.2,79.03,-1,0.1822655390662328,0.6600574584406746,0.9357310971464968,0.7703269139230036,16,1.0714285714285714,0.14285714285714285,N4 S2 O4,de-protonated,0,-9999,C28 H30 O4 N4 S2,28,30,4,4,-9999,2,-9999,N/A
1765,549.163695,549.1636714529734,549.1637043011091,10238052,-9999,264522.2,79.03,-1,-0.0598148337505598,0.9995625987823412,0.9154598895142853,0.9659215150751188,3,2.0588235294117645,0.7058823529411765,N4 S1 P1 O12,de-protonated,0,-9999,C17 H35 O12 N4 P1 S1,17,35,12,4,1,1,-9999,N/A
1766,549.198188,549.1981644561791,549.198619458209,2547833.5,-9999,353980.7,18.44,-1,-0.8284835644988625,0.8828997134994444,0,0.5297398280996666,10,1.3571428571428572,0.25,S2 O7,de-protonated,0,-9999,C28 H38 O7 S2,28,38,7,-9999,-9999,2,-9999,N/A
1766,549.198188,549.1981644561791,549.197750078339,2547833.5,-9999,353980.7,18.44,-1,0.7545148173980467,0.9018587242810548,0,0.5411152345686329,11,1.2592592592592593,0.4444444444444444,O12,de-protonated,0,-9999,C27 H34 O12,27,34,12,-9999,-9999,-9999,-9999,N/A
1766,549.198188,549.1981644561791,549.1982393356891,2547833.5,-9999,353980.7,18.44,-1,-0.1363433175662156,0.996632641911447,0,0.5979795851468681,15,1.1666666666666667,0.13333333333333333,N2 S1 P1 O4,de-protonated,0,-9999,C30 H35 O4 N2 P1 S1,30,35,4,2,1,1,-9999,N/A
1767,549.199982,549.1999584563458,549.199956868729,8231034.5,-9999,255900.4,63.22,-1,0.0028907809873795,0.9998096514912692,0.9629953715899904,0.9850839395307578,15,1.1724137931034482,0.10344827586206896,N4 S2 O3,de-protonated,0,-9999,C29 H34 O3 N4 S2,29,34,3,4,-9999,2,-9999,N/A
1767,549.199982,549.1999584563458,549.2000898104591,8231034.5,-9999,255900.4,63.22,-1,-0.23917351014220456,0.9874022441967716,0.8871875465707206,0.9473163651463512,2,2.1666666666666665,0.6111111111111112,N4 S1 P1 O11,de-protonated,0,-9999,C18 H39 O11 N4 P1 S1,18,39,11,4,1,1,-9999,N/A
1768,549.236424,549.2364004597329,549.236342378079,4503697.5,-9999,231496.8,33.85,-1,0.10574983727708263,0.9923479212260912,0.9356558748464034,0.969671102674216,14,1.2666666666666666,0.06666666666666667,N4 S2 O2,de-protonated,0,-9999,C30 H38 O2 N4 S2,30,38,2,4,-9999,2,-9999,N/A
1768,549.236424,549.2364004597329,549.2364753198091,4503697.5,-9999,231496.8,33.85,-1,-0.1362984426102361,0.9982368573609282,0.8611416949631241,0.9433987924018066,1,2.263157894736842,0.5263157894736842,N4 S1 P1 O10,de-protonated,0,-9999,C19 H43 O10 N4 P1 S1,19,43,10,4,1,1,-9999,N/A
1769,550.094119,550.0940955394465,550.0940948168791,2280108.8,-9999,289606.3,16.33,-1,0.00131353417423332,0.4999998434667806,0.7253996187124169,0.5901597535650351,26,0.6,0.05714285714285714,N1 S2 O2,de-protonated,0,-9999,C35 H21 O2 N1 S2,35,21,2,1,-9999,2,-9999,N/A
1769,550.094119,550.0940955394465,550.094227758609,2280108.8,-9999,289606.3,16.33,-1,-0.24035729856033788,0.9895721642874254,0,0.5937432985724552,13,1.0833333333333333,0.4166666666666667,N1 S1 P1 O10,de-protonated,0,-9999,C24 H26 O10 N1 P1 S1,24,26,10,1,1,1,-9999,N/A
1769,550.094119,550.0940955394465,550.0935763099291,2280108.8,-9999,289606.3,16.33,-1,0.9438930752316376,0.8507314000579114,0,0.5104388400347468,4,1.875,0.75,N3 S2 P1 O12,de-protonated,0,-9999,C16 H30 O12 N3 P1 S2,16,30,12,3,1,2,-9999,N/A
1769,550.094119,550.0940955394465,550.094426501909,2280108.8,-9999,289606.3,16.33,-1,-0.6016466383845924,0.9364299539148824,0.9293664122178436,0.9336045372360668,32,0.42857142857142855,0.02857142857142857,13C1 N4 P1 O1,de-protonated,1,1762,C35 H15 O1 N4 P1 13C1,35,15,1,4,1,-9999,1,N/A
1769,550.094119,550.0940955394465,550.0941551757492,2280108.8,-9999,289606.3,16.33,-1,-0.1084110822360773,0.9978697126382368,0.9901265954080024,0.994772465746143,18,0.88,0.24,13C1 N4 S2 O6,de-protonated,1,1762,C25 H22 O6 N4 S2 13C1,25,22,6,4,-9999,2,1,N/A
1769,550.094119,550.0940955394465,550.094288117479,2280108.8,-9999,289606.3,16.33,-1,-0.3500818617295113,0.9780075756818052,0.9299757189298308,0.9587948329810154,5,1.9285714285714288,1,13C1 N4 S1 P1 O14,de-protonated,1,1762,C14 H27 O14 N4 P1 S1 13C1,14,27,14,4,1,1,1,N/A
1771,550.130519,550.1304955428295,550.130480326229,2258627.8,-9999,217037,16.16,-1,0.02765998450062073,0.49993059391416544,0.719752637322661,0.5878594112775637,25,0.6944444444444444,0.02777777777777777,N1 S2 O1,de-protonated,0,-9999,C36 H25 O1 N1 S2,36,25,1,1,-9999,2,-9999,N/A
1771,550.130519,550.1304955428295,550.130613267959,2258627.8,-9999,217037,16.16,-1,-0.21399487075532528,0.9917252004924818,0,0.5950351202954891,12,1.2,0.36,N1 S1 P1 O9,de-protonated,0,-9999,C25 H30 O9 N1 P1 S1,25,30,9,1,1,1,-9999,N/A
1771,550.130519,550.1304955428295,550.1299618192791,2258627.8,-9999,217037,16.16,-1,0.970177208120414,0.8430007310679002,0,0.5058004386407401,3,2,0.6470588235294118,N3 S2 P1 O11,de-protonated,0,-9999,C17 H34 O11 N3 P1 S2,17,34,11,3,1,2,-9999,N/A
1771,550.130519,550.1304955428295,550.130540685099,2258627.8,-9999,217037,16.16,-1,-0.08205737763907738,0.9987789770717892,0.977347898646143,0.9902065457015308,17,1,0.19230769230769232,13C1 N4 S2 O5,de-protonated,1,1764,C26 H26 O5 N4 S2 13C1,26,26,5,4,-9999,2,1,N/A
1771,550.130519,550.1304955428295,550.1306736268291,2258627.8,-9999,217037,16.16,-1,-0.3237121798675676,0.9811656937299562,0.9441537539295682,0.966360917809801,4,2.066666666666667,0.8666666666666667,13C1 N4 S1 P1 O13,de-protonated,1,1764,C15 H31 O13 N4 P1 S1 13C1,15,31,13,4,1,1,1,N/A
1772,550.167102,550.1670785462295,550.166998777309,3230426.8,-9999,266054.4,23.81,-1,0.14499037688079996,0.4980964067524998,0.7805128205128199,0.6110629722566279,11,1.3076923076923077,0.3076923076923077,N1 S1 P1 O8,de-protonated,0,-9999,C26 H34 O8 N1 P1 S1,26,34,8,1,1,1,-9999,N/A
1772,550.167102,550.1670785462295,550.1669261944492,3230426.8,-9999,266054.4,23.81,-1,0.2769191914121076,0.6574547343087734,0.9357310971464968,0.7687652794438629,16,1.1111111111111112,0.14814814814814814,13C1 N4 S2 O4,de-protonated,1,1765,C27 H30 O4 N4 S2 13C1,27,30,4,4,-9999,2,1,N/A
1772,550.167102,550.1670785462295,550.1670591361791,3230426.8,-9999,266054.4,23.81,-1,0.03528028458055444,0.9997741765978784,0.9154598895142853,0.9660484617644411,3,2.1875,0.75,13C1 N4 S1 P1 O12,de-protonated,1,1765,C16 H35 O12 N4 P1 S1 13C1,16,35,12,4,1,1,1,N/A
1773,550.20331,550.2032865495946,550.203384286659,3134193.5,-9999,323155.6,23.06,-1,-0.1776380647063093,0.49714534795312126,0.7739790330151771,0.6078788219779436,10,1.4074074074074074,0.25925925925925924,N1 S1 P1 O7,de-protonated,0,-9999,C27 H38 O7 N1 P1 S1,27,38,7,1,1,1,-9999,N/A
1773,550.20331,550.2032865495946,550.203311703799,3134193.5,-9999,323155.6,23.06,-1,-0.04571801711736675,0.9996208192781516,0.9629953715899904,0.984970640202887,15,1.2142857142857142,0.10714285714285714,13C1 N4 S2 O3,de-protonated,1,1767,C28 H34 O3 N4 S2 13C1,28,34,3,4,-9999,2,1,N/A
1773,550.20331,550.2032865495946,550.2034446455291,3134193.5,-9999,323155.6,23.06,-1,-0.2873408663741234,0.9851303912326856,0.8871875465707206,0.9459532533678996,2,2.2941176470588234,0.6470588235294118,13C1 N4 S1 P1 O11,de-protonated,1,1767,C17 H39 O11 N4 P1 S1 13C1,17,39,11,4,1,1,1,N/A
1774,550.23987,550.2398465529925,550.239769796009,2017032.6,-9999,292860.1,14.26,-1,0.13949733864540034,0.9964753242342266,0,0.5978851945405359,9,1.5,0.21428571428571427,N1 S1 P1 O6,de-protonated,0,-9999,C28 H42 O6 N1 P1 S1,28,42,6,1,1,1,-9999,N/A
1774,550.23987,550.2398465529925,550.239697213149,2017032.6,-9999,292860.1,14.26,-1,0.27140870463693245,0.9867229308825574,0.9356558748464034,0.966296108468096,14,1.3103448275862069,0.06896551724137931,13C1 N4 S2 O2,de-protonated,1,1768,C29 H38 O2 N4 S2 13C1,29,38,2,4,-9999,2,1,N/A
1774,550.23987,550.2398465529925,550.2398301548791,2017032.6,-9999,292860.1,14.26,-1,0.02980175646654985,0.9998388602974154,0.8611416949631241,0.9443599941636988,1,2.388888888888889,0.5555555555555556,13C1 N4 S1 P1 O10,de-protonated,1,1768,C18 H43 O10 N4 P1 S1 13C1,18,43,10,4,1,1,1,N/A
1775,551.049192,551.0491686282104,551.049586976409,1921287.4,-9999,292476,13.5,-1,-0.7591843067075461,0.9007028174796374,0,0.5404216904877824,32,0.3333333333333333,0.08333333333333333,N2 S1 O3,de-protonated,0,-9999,C36 H12 O3 N2 S1,36,12,3,2,-9999,1,-9999,N/A
1775,551.049192,551.0491686282104,551.048935527729,1921287.4,-9999,292476,13.5,-1,0.423012306858608,0.9680531161142808,0,0.5808318696685685,23,0.5714285714285714,0.17857142857142858,N4 S2 O5,de-protonated,0,-9999,C28 H16 O5 N4 S2,28,16,5,4,-9999,2,-9999,N/A
1775,551.049192,551.0491686282104,551.049068469459,1921287.4,-9999,292476,13.5,-1,0.1817601318949491,0.9940234569334416,0,0.596414074160065,10,1.2352941176470589,0.7647058823529411,N4 S1 P1 O13,de-protonated,0,-9999,C17 H21 O13 N4 P1 S1,17,21,13,4,1,1,-9999,N/A
1776,551.068357,551.0683336299917,551.068727485269,2035987.6,-9999,507882.1,14.4,-1,-0.7147117187422997,0.9114793692783916,0,0.5468876215670349,13,1,0.4583333333333333,S2 O11,de-protonated,0,-9999,C24 H24 O11 S2,24,24,11,-9999,-9999,2,-9999,N/A
1776,551.068357,551.0683336299917,551.0678581053991,2035987.6,-9999,507882.1,14.4,-1,0.862914767431942,0.8736192274402722,0,0.5241715364641633,14,0.8695652173913043,0.6956521739130435,O16,de-protonated,0,-9999,C23 H20 O16,23,20,16,-9999,-9999,-9999,-9999,N/A
1776,551.068357,551.0683336299917,551.068347362749,2035987.6,-9999,507882.1,14.4,-1,-0.02492024338564113,0.9998873233519744,0,0.5999323940111846,18,0.8076923076923077,0.3076923076923077,N2 S1 P1 O8,de-protonated,0,-9999,C26 H21 O8 N2 P1 S1,26,21,8,2,1,1,-9999,N/A
1777,551.070129,551.0701056301563,551.069868191299,6384916.5,-9999,267587.1,48.66,-1,0.43086888073005664,0.4834377288210788,0.7253996187124169,0.5802224847776141,26,0.6,0.02857142857142857,S2 P1 O1,de-protonated,0,-9999,C35 H21 O1 P1 S2,35,21,1,-9999,1,2,-9999,N/A
1777,551.070129,551.0701056301563,551.070336221949,6384916.5,-9999,267587.1,48.66,-1,-0.4184434863790248,0.4843643193693688,0.7253996187124169,0.580778439106588,32,0.37142857142857144,0.05714285714285714,N4 P1 O2,de-protonated,0,-9999,C35 H13 O2 N4 P1,35,13,2,4,1,-9999,-9999,N/A
1777,551.070129,551.0701056301563,551.0700648957891,6384916.5,-9999,267587.1,48.66,-1,0.07391867166155432,0.4995045305611563,0.7871578612348809,0.6145658628306461,18,0.8,0.28,N4 S2 O7,de-protonated,0,-9999,C25 H20 O7 N4 S2,25,20,7,4,-9999,2,-9999,N/A
1778,551.085364,551.0853406315723,551.085834101329,2476318.3,-9999,339746.2,17.87,-1,-0.8954499031035964,0.8645975883078835,0,0.5187585529847301,4,1.75,0.9375,N2 S2 O15,de-protonated,0,-9999,C16 H28 O15 N2 S2,16,28,15,2,-9999,2,-9999,N/A
1778,551.085364,551.0853406315723,551.0853210370791,2476318.3,-9999,339746.2,17.87,-1,0.03555618787546724,0.9997706311689324,0,0.5998623787013594,22,0.6896551724137931,0.13793103448275862,N4 S2 O4,de-protonated,0,-9999,C29 H20 O4 N4 S2,29,20,4,4,-9999,2,-9999,N/A
1778,551.085364,551.0853406315723,551.0854539788091,2476318.3,-9999,339746.2,17.87,-1,-0.20567996490453408,0.992353335418558,0,0.5954120012511347,9,1.3888888888888888,0.6666666666666666,N4 S1 P1 O12,de-protonated,0,-9999,C18 H25 O12 N4 P1 S1,18,25,12,4,1,1,-9999,N/A
1779,551.106523,551.1064996335388,551.106721731299,8305963.5,-9999,262073.7,63.8,-1,-0.40300317791710216,0.9854453427587472,0.9128961748912764,0.9564256756117588,31,0.4722222222222222,0.02777777777777777,N4 P1 O1,de-protonated,0,-9999,C36 H17 O1 N4 P1,36,17,1,4,1,-9999,-9999,N/A
1779,551.106523,551.1064996335388,551.1064504051391,8305963.5,-9999,262073.7,63.8,-1,0.08932648066981932,0.979484024004312,0.9736563580814352,0.9771529576351612,17,0.9230769230769232,0.2307692307692308,N4 S2 O6,de-protonated,0,-9999,C26 H24 O6 N4 S2,26,24,6,4,-9999,2,-9999,N/A
1779,551.106523,551.1064996335388,551.106583346869,8305963.5,-9999,262073.7,63.8,-1,-0.15190043590617655,0.9930926833736264,0.946445956256398,0.9744339925267352,4,1.9333333333333331,0.9333333333333332,N4 S1 P1 O14,de-protonated,0,-9999,C15 H29 O14 N4 P1 S1,15,29,14,4,1,1,-9999,N/A
1780,551.121815,551.12179163496,551.122219610679,1858869.3,-9999,357935.8,13,-1,-0.7765531924137876,0.8963539744396415,0,0.5378123846637849,3,1.8823529411764703,0.8235294117647058,N2 S2 O14,de-protonated,0,-9999,C17 H32 O14 N2 S2,17,32,14,2,-9999,2,-9999,N/A
1780,551.121815,551.12179163496,551.121706546429,1858869.3,-9999,357935.8,13,-1,0.15439154366836666,0.9956841932289844,0,0.5974105159373907,21,0.8,0.1,N4 S2 O3,de-protonated,0,-9999,C30 H24 O3 N4 S2,30,24,3,4,-9999,2,-9999,N/A
1780,551.121815,551.12179163496,551.121839488159,1858869.3,-9999,357935.8,13,-1,-0.08682871117131195,0.9986329527742812,0,0.5991797716645688,8,1.5263157894736843,0.5789473684210527,N4 S1 P1 O11,de-protonated,0,-9999,C19 H29 O11 N4 P1 S1,19,29,11,4,1,1,-9999,N/A
1781,551.142951,551.1429276369245,551.1428359144891,10130755,-9999,266559.9,78.17,-1,0.16642225830187332,0.6644181172223816,0.9148589883593952,0.764594465677187,16,1.037037037037037,0.18518518518518515,N4 S2 O5,de-protonated,0,-9999,C27 H28 O5 N4 S2,27,28,5,4,-9999,2,-9999,N/A
1781,551.142951,551.1429276369245,551.142968856219,10130755,-9999,266559.9,78.17,-1,-0.07478875148499906,0.9976408229501912,0.9565104481397332,0.981188673026008,3,2.0625,0.8125,N4 S1 P1 O13,de-protonated,0,-9999,C16 H33 O13 N4 P1 S1,16,33,13,4,1,1,-9999,N/A
1782,551.177489,551.1774656401343,551.177884013319,2629976.5,-9999,327472.1,19.08,-1,-0.7590529244334653,0.9007354176313268,0,0.5404412505787961,10,1.3333333333333333,0.2962962962962963,S2 O8,de-protonated,0,-9999,C27 H36 O8 S2,27,36,8,-9999,-9999,2,-9999,N/A
1782,551.177489,551.1774656401343,551.1770146334491,2629976.5,-9999,327472.1,19.08,-1,0.8182610545523974,0.8856006379735671,0,0.5313603827841402,11,1.2307692307692308,0.5,O13,de-protonated,0,-9999,C26 H32 O13,26,32,13,-9999,-9999,-9999,-9999,N/A
1782,551.177489,551.1774656401343,551.177503890799,2629976.5,-9999,327472.1,19.08,-1,-0.06939808763169633,0.9991265076843908,0,0.5994759046106344,15,1.137931034482759,0.1724137931034483,N2 S1 P1 O5,de-protonated,0,-9999,C29 H33 O5 N2 P1 S1,29,33,5,2,1,1,-9999,N/A
1783,551.179342,551.1793186403065,551.1792214238391,10538330,-9999,269253.5,81.38,-1,0.17637904999586845,0.6613272555328479,0.9145770449193538,0.7626271712874502,15,1.1428571428571428,0.14285714285714285,N4 S2 O4,de-protonated,0,-9999,C28 H32 O4 N4 S2,28,32,4,4,-9999,2,-9999,N/A
1783,551.179342,551.1793186403065,551.1793543655691,10538330,-9999,269253.5,81.38,-1,-0.06481603911468965,0.999618936564716,0.9589576394367562,0.983354417713532,2,2.176470588235294,0.7058823529411765,N4 S1 P1 O12,de-protonated,0,-9999,C17 H37 O12 N4 P1 S1,17,37,12,4,1,1,-9999,N/A
1784,551.215648,551.2156246436808,551.2156069331891,7443824.5,-9999,271693.5,57,-1,0.03212988082770769,0.9863452656257794,0.973470335326034,0.9811952935058812,14,1.2413793103448276,0.10344827586206896,N4 S2 O3,de-protonated,0,-9999,C29 H36 O3 N4 S2,29,36,3,4,-9999,2,-9999,N/A
1784,551.215648,551.2156246436808,551.215739874919,7443824.5,-9999,271693.5,57,-1,-0.20904925210461625,0.9940531115738612,0.950721839654696,0.9767206028061952,1,2.2777777777777777,0.6111111111111112,N4 S1 P1 O11,de-protonated,0,-9999,C18 H41 O11 N4 P1 S1,18,41,11,4,1,1,-9999,N/A
1785,551.251924,551.2519006470523,551.2519924425391,2847111.8,-9999,283621.6,20.79,-1,-0.16652182317438216,0.4974905760881392,0.7550179348240812,0.6005015195825161,13,1.3333333333333333,0.06666666666666667,N4 S2 O2,de-protonated,0,-9999,C30 H40 O2 N4 S2,30,40,2,4,-9999,2,-9999,N/A
1785,551.251924,551.2519006470523,551.2521253842691,2847111.8,-9999,283621.6,20.79,-1,-0.40768498932743136,0.970292165807877,0,0.5821752994847262,0,2.3684210526315788,0.5263157894736842,N4 S1 P1 O10,de-protonated,0,-9999,C19 H45 O10 N4 P1 S1,19,45,10,4,1,1,-9999,N/A
1786,552.110089,552.1100657268097,552.109744881339,1988263.4,-9999,246044.8,14.02,-1,0.5811262591740657,0.9405630216666404,0,0.5643378129999843,25,0.6571428571428571,0.05714285714285714,N1 S2 O2,de-protonated,0,-9999,C35 H23 O2 N1 S2,35,23,2,1,-9999,2,-9999,N/A
1786,552.110089,552.1100657268097,552.109877823069,1988263.4,-9999,246044.8,14.02,-1,0.34033758170269385,0.9792021795585776,0,0.5875213077351465,12,1.1666666666666667,0.4166666666666667,N1 S1 P1 O10,de-protonated,0,-9999,C24 H28 O10 N1 P1 S1,24,28,10,1,1,1,-9999,N/A
1786,552.110089,552.1100657268097,552.110076566369,1988263.4,-9999,246044.8,14.02,-1,-0.01963296771581958,0.9999300624288112,0.9128961748912764,0.9651165074137972,31,0.4857142857142857,0.02857142857142857,13C1 N4 P1 O1,de-protonated,1,1779,C35 H17 O1 N4 P1 13C1,35,17,1,4,1,-9999,1,N/A
1786,552.110089,552.1100657268097,552.1098052402092,1988263.4,-9999,246044.8,14.02,-1,0.4718021633078817,0.9604148194381074,0.9736563580814352,0.9657114348954384,17,0.96,0.24,13C1 N4 S2 O6,de-protonated,1,1779,C25 H24 O6 N4 S2 13C1,25,24,6,4,-9999,2,1,N/A
1786,552.110089,552.1100657268097,552.109938181939,1988263.4,-9999,246044.8,14.02,-1,0.23101353889630585,0.990363314987968,0.946445956256398,0.97279637149534,4,2.0714285714285716,1,13C1 N4 S1 P1 O14,de-protonated,1,1779,C14 H29 O14 N4 P1 S1 13C1,14,29,14,4,1,1,1,N/A
1787,552.146268,552.146244730172,552.146130390689,2391998.3,-9999,263196.2,17.2,-1,0.20708192406770684,0.49612457195614135,0.719752637322661,0.5855757981027492,24,0.75,0.02777777777777777,N1 S2 O1,de-protonated,0,-9999,C36 H27 O1 N1 S2,36,27,1,1,-9999,2,-9999,N/A
1787,552.146268,552.146244730172,552.146263332419,2391998.3,-9999,263196.2,17.2,-1,-0.0336907957754755,0.9997940642981052,0,0.5998764385788631,11,1.28,0.36,N1 S1 P1 O9,de-protonated,0,-9999,C25 H32 O9 N1 P1 S1,25,32,9,1,1,1,-9999,N/A
1787,552.146268,552.146244730172,552.1461907495591,2391998.3,-9999,263196.2,17.2,-1,0.09776507357160714,0.6655114764809013,0.9148589883593952,0.7652504812322989,16,1.0769230769230769,0.19230769230769232,13C1 N4 S2 O5,de-protonated,1,1781,C26 H28 O5 N4 S2 13C1,26,28,5,4,-9999,2,1,N/A
1787,552.146268,552.146244730172,552.146323691289,2391998.3,-9999,263196.2,17.2,-1,-0.14300759342466465,0.9962960383991026,0.9565104481397332,0.9803818022953548,3,2.2,0.8666666666666667,13C1 N4 S1 P1 O13,de-protonated,1,1781,C15 H33 O13 N4 P1 S1 13C1,15,33,13,4,1,1,1,N/A
1788,552.182732,552.1827087335611,552.182648841769,2574805.5,-9999,276720.2,18.64,-1,0.10846373416454892,0.997867645113918,0,0.5987205870683507,10,1.3846153846153846,0.3076923076923077,N1 S1 P1 O8,de-protonated,0,-9999,C26 H36 O8 N1 P1 S1,26,36,8,1,1,1,-9999,N/A
1788,552.182732,552.1827087335611,552.1825762589091,2574805.5,-9999,276720.2,18.64,-1,0.23991096004661455,0.6597404367872748,0.9145770449193538,0.7616750800401064,15,1.1851851851851851,0.14814814814814814,13C1 N4 S2 O4,de-protonated,1,1783,C27 H32 O4 N4 S2 13C1,27,32,4,4,-9999,2,1,N/A
1788,552.182732,552.1827087335611,552.1827092006391,2574805.5,-9999,276720.2,18.64,-1,-8.4587591189804e-4,0.999999870172374,0.9589576394367562,0.9835829778781268,2,2.3125,0.75,13C1 N4 S1 P1 O12,de-protonated,1,1783,C16 H37 O12 N4 P1 S1 13C1,16,37,12,4,1,1,1,N/A
1789,552.2192,552.2191767369504,552.219034351119,2005484.6,-9999,300577.8,14.15,-1,0.25784303426428534,0.9880092108912324,0,0.5928055265347394,9,1.4814814814814814,0.25925925925925924,N1 S1 P1 O7,de-protonated,0,-9999,C27 H40 O7 N1 P1 S1,27,40,7,1,1,1,-9999,N/A
1789,552.2192,552.2191767369504,552.2189617682591,2005484.6,-9999,300577.8,14.15,-1,0.38928161876997686,0.972877828494042,0.973470335326034,0.9731148312268388,14,1.2857142857142858,0.10714285714285714,13C1 N4 S2 O3,de-protonated,1,1784,C28 H36 O3 N4 S2 13C1,28,36,3,4,-9999,2,1,N/A
1789,552.2192,552.2191767369504,552.2190947099891,2005484.6,-9999,300577.8,14.15,-1,0.14854061022959555,0.9960044628965172,0.950721839654696,0.9778914135997888,1,2.411764705882353,0.6470588235294118,13C1 N4 S1 P1 O11,de-protonated,1,1784,C17 H41 O11 N4 P1 S1 13C1,17,41,11,4,1,1,1,N/A
1790,553.049472,553.0494488141154,553.049132746409,2823676.8,-9999,287551.5,20.6,-1,0.5715002297390649,0.4712292411017569,0.7311359101322861,0.5751919087139685,26,0.5588235294117647,0.0588235294117647,S2 P1 O2,de-protonated,0,-9999,C34 H19 O2 P1 S2,34,19,2,-9999,1,2,-9999,N/A
1790,553.049472,553.0494488141154,553.049980899579,2823676.8,-9999,287551.5,20.6,-1,-0.962092906650322,0.4226967692490749,0.7428850341668535,0.5507720752161863,27,0.4375,0.1875,N2 S1 O6,de-protonated,0,-9999,C32 H14 O6 N2 S1,32,14,6,2,-9999,1,-9999,N/A
1790,553.049472,553.0494488141154,553.049600777059,2823676.8,-9999,287551.5,20.6,-1,-0.2747727209373998,0.4931970124869676,0.7311359101322861,0.5883725715450949,32,0.3235294117647059,0.08823529411764706,N4 P1 O3,de-protonated,0,-9999,C34 H11 O3 N4 P1,34,11,3,4,1,-9999,-9999,N/A
1790,553.049472,553.0494488141154,553.049329450899,2823676.8,-9999,287551.5,20.6,-1,0.21582743176211727,0.9915834705763258,0,0.5949500823457955,18,0.75,0.3333333333333333,N4 S2 O8,de-protonated,0,-9999,C24 H18 O8 N4 S2,24,18,8,4,-9999,2,-9999,N/A
1791,553.064739,553.0647158155343,553.0652370408691,4274694.5,-9999,316832.9,32.03,-1,-0.9424301146454734,0.42557874621381325,0.719752637322661,0.5432483026573524,31,0.3888888888888889,0.08333333333333333,N2 S1 O3,de-protonated,0,-9999,C36 H14 O3 N2 S1,36,14,3,2,-9999,1,-9999,N/A
1791,553.064739,553.0647158155343,553.064585592189,4274694.5,-9999,316832.9,32.03,-1,0.235457754304485,0.4949954244590889,0.7675537279851021,0.6040187458694942,22,0.6428571428571429,0.17857142857142858,N4 S2 O5,de-protonated,0,-9999,C28 H18 O5 N4 S2,28,18,5,4,-9999,2,-9999,N/A
1791,553.064739,553.0647158155343,553.0647185339191,4274694.5,-9999,316832.9,32.03,-1,-0.00491512953908136,0.9999956164818122,0,0.5999973698890874,9,1.3529411764705883,0.7647058823529411,N4 S1 P1 O13,de-protonated,0,-9999,C17 H23 O13 N4 P1 S1,17,23,13,4,1,1,-9999,N/A
1792,553.085845,553.0858218174958,553.0855182557589,7117332,-9999,281761.2,54.42,-1,0.5488513564505059,0.4734038800886255,0.7253996187124169,0.5742021755381421,25,0.6571428571428571,0.02857142857142857,S2 P1 O1,de-protonated,0,-9999,C35 H23 O1 P1 S2,35,23,1,-9999,1,2,-9999,N/A
1792,553.085845,553.0858218174958,553.086366408929,7117332,-9999,281761.2,54.42,-1,-0.9846408559841064,0.41934350320528263,0.7369636471990462,0.5463915608027881,26,0.5454545454545454,0.15151515151515152,N2 S1 O5,de-protonated,0,-9999,C33 H18 O5 N2 S1,33,18,5,2,-9999,1,-9999,N/A
1792,553.085845,553.0858218174958,553.085986286409,7117332,-9999,281761.2,54.42,-1,-0.29736590205547675,0.4920415823263941,0.7253996187124169,0.5853847968808032,31,0.42857142857142855,0.05714285714285714,N4 P1 O2,de-protonated,0,-9999,C35 H15 O2 N4 P1,35,15,2,4,1,-9999,-9999,N/A
1792,553.085845,553.0858218174958,553.0857149602491,7117332,-9999,281761.2,54.42,-1,0.1932019645448551,0.4966249748390207,0.7871578612348809,0.6128381293973648,17,0.88,0.28,N4 S2 O7,de-protonated,0,-9999,C25 H22 O7 N4 S2,25,22,7,4,-9999,2,-9999,N/A
1793,553.1011,553.1010768189136,553.1016225502191,3901981.8,-9999,340088.3,29.09,-1,-0.986674569762846,0.41903856506619286,0.7141928963326545,0.5371002975727774,30,0.4864864864864865,0.05405405405405406,N2 S1 O2,de-protonated,0,-9999,C37 H18 O2 N2 S1,37,18,2,2,-9999,1,-9999,N/A
1793,553.1011,553.1010768189136,553.101484165789,3901981.8,-9999,340088.3,29.09,-1,-0.7364776393206098,0.9062703273913212,0,0.5437621964347926,3,1.875,0.9375,N2 S2 O15,de-protonated,0,-9999,C16 H30 O15 N2 S2,16,30,15,2,-9999,2,-9999,N/A
1793,553.1011,553.1010768189136,553.1009711015391,3901981.8,-9999,340088.3,29.09,-1,0.19113576002340033,0.4966965397270443,0.7612342259156645,0.6025116142024924,21,0.7586206896551724,0.13793103448275862,N4 S2 O4,de-protonated,0,-9999,C29 H22 O4 N4 S2,29,22,4,4,-9999,2,-9999,N/A
1793,553.1011,553.1010768189136,553.1011040432691,3901981.8,-9999,340088.3,29.09,-1,-0.04922130013860394,0.999560494276188,0,0.5997362965657128,8,1.5,0.6666666666666666,N4 S1 P1 O12,de-protonated,0,-9999,C18 H27 O12 N4 P1 S1,18,27,12,4,1,1,-9999,N/A
1794,553.122219,553.1221958208764,553.1223717957589,8180267,-9999,267869.6,62.8,-1,-0.3181481919161826,0.9752855520236728,0.9257979295044716,0.9554905030159924,30,0.5277777777777778,0.02777777777777777,N4 P1 O1,de-protonated,0,-9999,C36 H19 O1 N4 P1,36,19,1,4,1,-9999,-9999,N/A
1794,553.122219,553.1221958208764,553.1221004695991,8180267,-9999,267869.6,62.8,-1,0.1723873937209632,0.9968478185350608,0.9865581126946305,0.9927319361988888,16,1,0.2307692307692308,N4 S2 O6,de-protonated,0,-9999,C26 H26 O6 N4 S2,26,26,6,4,-9999,2,-9999,N/A
1794,553.122219,553.1221958208764,553.122233411329,8180267,-9999,267869.6,62.8,-1,-0.067960480252305,0.9970139882950004,0.933544201643203,0.9716260736342816,3,2.066666666666667,0.9333333333333332,N4 S1 P1 O14,de-protonated,0,-9999,C15 H31 O14 N4 P1 S1,15,31,14,4,1,1,-9999,N/A
1795,553.137536,553.1375128223,553.138008059569,2864693,-9999,273596.3,20.92,-1,-0.8953231594334147,0.43231659799166833,0.7087183895694522,0.5428773146227819,29,0.5789473684210527,0.02631578947368421,N2 S1 O1,de-protonated,0,-9999,C38 H22 O1 N2 S1,38,22,1,2,-9999,1,-9999,N/A
1795,553.137536,553.1375128223,553.1378696751391,2864693,-9999,273596.3,20.92,-1,-0.6451426645473229,0.9272606410675214,0,0.5563563846405128,2,2,0.8235294117647058,N2 S2 O14,de-protonated,0,-9999,C17 H34 O14 N2 S2,17,34,14,2,-9999,2,-9999,N/A
1795,553.137536,553.1375128223,553.137356610889,2864693,-9999,273596.3,20.92,-1,0.2824098012916034,0.4928163575560175,0.7550179348240813,0.597696988463243,20,0.8666666666666667,0.1,N4 S2 O3,de-protonated,0,-9999,C30 H26 O3 N4 S2,30,26,3,4,-9999,2,-9999,N/A
1795,553.137536,553.1375128223,553.1374895526191,2864693,-9999,273596.3,20.92,-1,0.04206852972901431,0.9996789307101228,0,0.5998073584260737,7,1.631578947368421,0.5789473684210527,N4 S1 P1 O11,de-protonated,0,-9999,C19 H31 O11 N4 P1 S1,19,31,11,4,1,1,-9999,N/A
1796,553.158616,553.1585928242592,553.159137427629,9081410,-9999,261948,69.9,-1,-0.9845329001273256,0.859309697176504,0.9253310419847804,0.8857182350998145,24,0.7428571428571429,0.08571428571428572,N2 S1 O3,de-protonated,0,-9999,C35 H26 O3 N2 S1,35,26,3,2,-9999,1,-9999,N/A
1796,553.158616,553.1585928242592,553.158485978949,9081410,-9999,261948,69.9,-1,0.19315496908103524,0.9864986141208116,0.9739104562875408,0.9814633509875031,15,1.1111111111111112,0.18518518518518515,N4 S2 O5,de-protonated,0,-9999,C27 H30 O5 N4 S2,27,30,5,4,-9999,2,-9999,N/A
1796,553.158616,553.1585928242592,553.158618920679,9081410,-9999,261948,69.9,-1,-0.04717710055519034,0.9989638858372368,0.9475911962881706,0.9784148100176102,2,2.1875,0.8125,N4 S1 P1 O13,de-protonated,0,-9999,C16 H35 O13 N4 P1 S1,16,35,13,4,1,1,-9999,N/A
1797,553.173865,553.1738418256764,553.174255184489,2071116.1,-9999,318125.6,14.67,-1,-0.7472488256739025,0.903646112256033,0,0.5421876673536198,1,2.111111111111111,0.7222222222222222,N2 S2 O13,de-protonated,0,-9999,C18 H38 O13 N2 S2,18,38,13,2,-9999,2,-9999,N/A
1797,553.173865,553.1738418256764,553.173742120239,2071116.1,-9999,318125.6,14.67,-1,0.1802425346441861,0.9941225493473612,0,0.5964735296084167,19,0.967741935483871,0.06451612903225806,N4 S2 O2,de-protonated,0,-9999,C31 H30 O2 N4 S2,31,30,2,4,-9999,2,-9999,N/A
1797,553.173865,553.1738418256764,553.173875061969,2071116.1,-9999,318125.6,14.67,-1,-0.0600829037016304,0.999345192829896,0,0.5996071156979377,6,1.75,0.5,N4 S1 P1 O10,de-protonated,0,-9999,C20 H35 O10 N4 P1 S1,20,35,10,4,1,1,-9999,N/A
1798,553.194969,553.1949458276379,553.1948714882991,7641689.5,-9999,281981.2,58.55,-1,0.1343818292576517,0.9983472876755964,0.9577936756141112,0.9821258428510024,14,1.2142857142857142,0.14285714285714285,N4 S2 O4,de-protonated,0,-9999,C28 H34 O4 N4 S2,28,34,4,4,-9999,2,-9999,N/A
1798,553.194969,553.1949458276379,553.1950044300291,7641689.5,-9999,281981.2,58.55,-1,-0.10593441880010757,0.9943634922467284,0.9650708447207176,0.982646433236324,1,2.2941176470588234,0.7058823529411765,N4 S1 P1 O12,de-protonated,0,-9999,C17 H39 O12 N4 P1 S1,17,39,12,4,1,1,-9999,N/A
1799,553.231487,553.2314638310318,553.2319084463289,3337329,-9999,237185.4,24.64,-1,-0.8036689322895085,0.4447059779035695,0.7141928963326545,0.5525007452752035,22,0.918918918918919,0.02702702702702703,N2 S1 O1,de-protonated,0,-9999,C37 H34 O1 N2 S1,37,34,1,2,-9999,1,-9999,N/A
1799,553.231487,553.2314638310318,553.231256997649,3337329,-9999,237185.4,24.64,-1,0.37386423879765257,0.48747850864377895,0.7612342259156646,0.5969807955525332,13,1.3103448275862069,0.10344827586206896,N4 S2 O3,de-protonated,0,-9999,C29 H38 O3 N4 S2,29,38,3,4,-9999,2,-9999,N/A
1799,553.231487,553.2314638310318,553.231389939379,3337329,-9999,237185.4,24.64,-1,0.1335637385662879,0.9967683206370817,0,0.598060992382249,0,2.388888888888889,0.6111111111111112,N4 S1 P1 O11,de-protonated,0,-9999,C18 H43 O11 N4 P1 S1,18,43,11,4,1,1,-9999,N/A
1800,554.125518,554.1254949141226,554.125394945799,2122924,-9999,331847,15.07,-1,0.1804074031560468,0.9941118239105178,0,0.5964670943463106,24,0.7142857142857143,0.05714285714285714,N1 S2 O2,de-protonated,0,-9999,C35 H25 O2 N1 S2,35,25,2,1,-9999,2,-9999,N/A
1800,554.125518,554.1254949141226,554.1255278875291,2122924,-9999,331847,15.07,-1,-0.0595053013433257,0.9993577181658332,0,0.5996146308995,11,1.25,0.4166666666666667,N1 S1 P1 O10,de-protonated,0,-9999,C24 H30 O10 N1 P1 S1,24,30,10,1,1,1,-9999,N/A
1800,554.125518,554.1254949141226,554.1257266308289,2122924,-9999,331847,15.07,-1,-0.41816630275486955,0.9687694007509744,0.9257979295044716,0.9515808122523732,30,0.5428571428571428,0.02857142857142857,13C1 N4 P1 O1,de-protonated,1,1794,C35 H19 O1 N4 P1 13C1,35,19,1,4,1,-9999,1,N/A
1800,554.125518,554.1254949141226,554.1254553046691,2122924,-9999,331847,15.07,-1,0.07148102123603549,0.999073310974838,0.9865581126946305,0.9940672316627548,16,1.04,0.24,13C1 N4 S2 O6,de-protonated,1,1794,C25 H26 O6 N4 S2 13C1,25,26,6,4,-9999,2,1,N/A
1800,554.125518,554.1254949141226,554.125588246399,2122924,-9999,331847,15.07,-1,-0.16843163079254542,0.9948656693086236,0.933544201643203,0.9703370822424554,3,2.2142857142857144,1,13C1 N4 S1 P1 O14,de-protonated,1,1794,C14 H31 O14 N4 P1 S1 13C1,14,31,14,4,1,1,1,N/A
1801,554.16205,554.1620269175178,554.161780455149,2269379.5,-9999,260441.7,16.22,-1,0.4447480455034588,0.48237286737759466,0.719752637322661,0.5773247753556212,23,0.8055555555555556,0.02777777777777777,N1 S2 O1,de-protonated,0,-9999,C36 H29 O1 N1 S2,36,29,1,1,-9999,2,-9999,N/A
1801,554.16205,554.1620269175178,554.1619133968791,2269379.5,-9999,260441.7,16.22,-1,0.20485102992791937,0.9924146127701724,0,0.5954487676621033,10,1.36,0.36,N1 S1 P1 O9,de-protonated,0,-9999,C25 H34 O9 N1 P1 S1,25,34,9,1,1,1,-9999,N/A
1801,554.16205,554.1620269175178,554.1624922626991,2269379.5,-9999,260441.7,16.22,-1,-0.8397269533395856,0.8799000365955421,0.9253310419847804,0.8980724387512374,24,0.7647058823529411,0.08823529411764706,13C1 N2 S1 O3,de-protonated,1,1796,C34 H26 O3 N2 S1 13C1,34,26,3,2,-9999,1,1,N/A
1801,554.16205,554.1620269175178,554.1618408140191,2269379.5,-9999,260441.7,16.22,-1,0.33582878674909084,0.9797440062286668,0.9739104562875408,0.9774105862522164,15,1.1538461538461535,0.19230769230769232,13C1 N4 S2 O5,de-protonated,1,1796,C26 H30 O5 N4 S2 13C1,26,30,5,4,-9999,2,1,N/A
1801,554.16205,554.1620269175178,554.161973755749,2269379.5,-9999,260441.7,16.22,-1,0.09593182363748017,0.9983315366369117,0.9475911962881706,0.9780354004974152,2,2.3333333333333335,0.8666666666666667,13C1 N4 S1 P1 O13,de-protonated,1,1796,C15 H35 O13 N4 P1 S1 13C1,15,35,13,4,1,1,1,N/A
1802,554.198257,554.1982339208829,554.1982989062291,1795290.6,-9999,276373.3,12.49,-1,-0.1172600967906223,0.9975082029035842,0,0.5985049217421505,9,1.4615384615384617,0.3076923076923077,N1 S1 P1 O8,de-protonated,0,-9999,C26 H38 O8 N1 P1 S1,26,38,8,1,1,1,-9999,N/A
1802,554.198257,554.1982339208829,554.1982263233691,1795290.6,-9999,276373.3,12.49,-1,0.01370901858798444,0.9999658996250792,0.9577936756141112,0.983097010020692,14,1.2592592592592593,0.14814814814814814,13C1 N4 S2 O4,de-protonated,1,1798,C27 H34 O4 N4 S2 13C1,27,34,4,4,-9999,2,1,N/A
1802,554.198257,554.1982339208829,554.198359265099,1795290.6,-9999,276373.3,12.49,-1,-0.22617211698424988,0.9907611482721644,0.9650708447207176,0.9804850268515856,1,2.4375,0.75,13C1 N4 S1 P1 O12,de-protonated,1,1798,C16 H39 O12 N4 P1 S1 13C1,16,39,12,4,1,1,1,N/A
1803,555.043974,555.0439509994834,555.0445015959791,3730169,-9999,284513.1,27.73,-1,-0.9919862175565616,0.41824021309543746,0.725399618712417,0.5411039753422293,31,0.34285714285714286,0.11428571428571428,N2 S1 O4,de-protonated,0,-9999,C35 H12 O4 N2 S1,35,12,4,2,-9999,1,-9999,N/A
1803,555.043974,555.0439509994834,555.0438501472989,3730169,-9999,284513.1,27.73,-1,0.18170129158784476,0.49701365712178586,0.7739790330151771,0.6077998074791424,22,0.5925925925925926,0.2222222222222222,N4 S2 O6,de-protonated,0,-9999,C27 H16 O6 N4 S2,27,16,6,4,-9999,2,-9999,N/A
1803,555.043974,555.0439509994834,555.0439830890291,3730169,-9999,284513.1,27.73,-1,-0.0578144195337625,0.9993936903566456,0,0.5996362142139874,9,1.3125,0.875,N4 S1 P1 O14,de-protonated,0,-9999,C16 H21 O14 N4 P1 S1,16,21,14,4,1,1,-9999,N/A
1804,555.065139,555.0651160014504,555.064782810869,3789574.8,-9999,279794.7,28.2,-1,0.600273322510751,0.468355229310155,0.731135910132286,0.5734675016390074,25,0.6176470588235294,0.0588235294117647,S2 P1 O2,de-protonated,0,-9999,C34 H21 O2 P1 S2,34,21,2,-9999,1,2,-9999,N/A
1804,555.065139,555.0651160014504,555.0656309640391,3789574.8,-9999,279794.7,28.2,-1,-0.927750809912636,0.42770397159223544,0.7428850341668535,0.5537763966220826,26,0.5,0.1875,N2 S1 O6,de-protonated,0,-9999,C32 H16 O6 N2 S1,32,16,6,2,-9999,1,-9999,N/A
1804,555.065139,555.0651160014504,555.0652508415191,3789574.8,-9999,279794.7,28.2,-1,-0.24292651800739193,0.4946746203996533,0.731135910132286,0.5892591362927064,31,0.38235294117647056,0.08823529411764706,N4 P1 O3,de-protonated,0,-9999,C34 H13 O3 N4 P1,34,13,3,4,1,-9999,-9999,N/A
1804,555.065139,555.0651160014504,555.064979515359,3789574.8,-9999,279794.7,28.2,-1,0.24589209626833852,0.4945445215469474,0.7939170211058493,0.6142935213705082,17,0.8333333333333334,0.3333333333333333,N4 S2 O8,de-protonated,0,-9999,C24 H20 O8 N4 S2,24,20,8,4,-9999,2,-9999,N/A
1805,555.080394,555.0803710028681,555.080887105329,5826320.5,-9999,282558.6,44.24,-1,-0.9297788356284468,0.4274117193158715,0.719752637322661,0.5443480865185873,30,0.4444444444444444,0.08333333333333333,N2 S1 O3,de-protonated,0,-9999,C36 H16 O3 N2 S1,36,16,3,2,-9999,1,-9999,N/A
1805,555.080394,555.0803710028681,555.080235656649,5826320.5,-9999,282558.6,44.24,-1,0.24383181089763145,0.4946350692969626,0.7675537279851021,0.6038025327722184,21,0.7142857142857143,0.17857142857142858,N4 S2 O5,de-protonated,0,-9999,C28 H20 O5 N4 S2,28,20,5,4,-9999,2,-9999,N/A
1805,555.080394,555.0803710028681,555.0803685983791,5826320.5,-9999,282558.6,44.24,-1,0.00433178535164018,0.4999982976182693,0.8446892076502734,0.637874661631071,8,1.4705882352941178,0.7647058823529411,N4 S1 P1 O13,de-protonated,0,-9999,C17 H25 O13 N4 P1 S1,17,25,13,4,1,1,-9999,N/A
1806,555.101475,555.1014520048275,555.1011683202189,5648158,-9999,268065,42.84,-1,0.5110502819406654,0.47685798025121834,0.725399618712417,0.5762746356356978,24,0.7142857142857143,0.02857142857142857,S2 P1 O1,de-protonated,0,-9999,C35 H25 O1 P1 S2,35,25,1,-9999,1,2,-9999,N/A
1806,555.101475,555.1014520048275,555.1016363508691,5648158,-9999,268065,42.84,-1,-0.332094213935884,0.4900937727404948,0.725399618712417,0.5842161111292636,30,0.4857142857142857,0.05714285714285714,N4 P1 O2,de-protonated,0,-9999,C35 H17 O2 N4 P1,35,17,2,4,1,-9999,-9999,N/A
1806,555.101475,555.1014520048275,555.101365024709,5648158,-9999,268065,42.84,-1,0.15669231591543162,0.49777744664064744,0.7871578612348809,0.6135296124783408,16,0.96,0.28,N4 S2 O7,de-protonated,0,-9999,C25 H24 O7 N4 S2,25,24,7,4,-9999,2,-9999,N/A
1807,555.116678,555.1166550062404,555.117134230249,4352808,-9999,292441.3,32.63,-1,-0.8632844836446225,0.8735180670990008,0,0.5241108402594005,2,2,0.9375,N2 S2 O15,de-protonated,0,-9999,C16 H32 O15 N2 S2,16,32,15,2,-9999,2,-9999,N/A
1807,555.116678,555.1166550062404,555.116621165999,4352808,-9999,292441.3,32.63,-1,0.0609605983346042,0.4996629643345867,0.7612342259156645,0.6042914689670178,20,0.8275862068965517,0.13793103448275862,N4 S2 O4,de-protonated,0,-9999,C29 H24 O4 N4 S2,29,24,4,4,-9999,2,-9999,N/A
1807,555.116678,555.1166550062404,555.116754107729,4352808,-9999,292441.3,32.63,-1,-0.17852368501795413,0.9942337910120046,0,0.5965402746072027,7,1.6111111111111112,0.6666666666666666,N4 S1 P1 O12,de-protonated,0,-9999,C18 H29 O12 N4 P1 S1,18,29,12,4,1,1,-9999,N/A
1808,555.137869,555.13784600821,555.1380218602189,6311733.5,-9999,267127.3,48.07,-1,-0.31677168927455035,0.4909787051272979,0.719752637322661,0.5824882780054432,29,0.5833333333333334,0.02777777777777777,N4 P1 O1,de-protonated,0,-9999,C36 H21 O1 N4 P1,36,21,1,4,1,-9999,-9999,N/A
1808,555.137869,555.13784600821,555.1377505340591,6311733.5,-9999,267127.3,48.07,-1,0.17198281101868382,0.4973237355117752,0.7805128205128198,0.610599369512193,15,1.0769230769230769,0.2307692307692308,N4 S2 O6,de-protonated,0,-9999,C26 H28 O6 N4 S2,26,28,6,4,-9999,2,-9999,N/A
1808,555.137869,555.13784600821,555.1378834757891,6311733.5,-9999,267127.3,48.07,-1,-0.06749238379527406,0.49958690123252614,0.8604105061749867,0.6439163432095103,2,2.2,0.9333333333333332,N4 S1 P1 O14,de-protonated,0,-9999,C15 H33 O14 N4 P1 S1,15,33,14,4,1,1,-9999,N/A
1809,555.153131,555.1531080096283,555.153658124029,4300607.5,-9999,307636.8,32.22,-1,-0.9909227699443496,0.4184002726432358,0.7087183895694522,0.5345275194137225,28,0.631578947368421,0.02631578947368421,N2 S1 O1,de-protonated,0,-9999,C38 H24 O1 N2 S1,38,24,1,2,-9999,1,-9999,N/A
1809,555.153131,555.1531080096283,555.153519739599,4300607.5,-9999,307636.8,32.22,-1,-0.7416506534230229,0.9050138168380332,0,0.5430082901028198,1,2.1176470588235294,0.8235294117647058,N2 S2 O14,de-protonated,0,-9999,C17 H36 O14 N2 S2,17,36,14,2,-9999,2,-9999,N/A
1809,555.153131,555.1531080096283,555.153006675349,4300607.5,-9999,307636.8,32.22,-1,0.1825339646449964,0.4969863065320846,0.7550179348240813,0.6001989578488833,19,0.9333333333333332,0.1,N4 S2 O3,de-protonated,0,-9999,C30 H28 O3 N4 S2,30,28,3,4,-9999,2,-9999,N/A
1809,555.153131,555.1531080096283,555.1531396170791,4300607.5,-9999,307636.8,32.22,-1,-0.05693465189213755,0.4997059985601195,0.8295321147073604,0.631636445019016,6,1.736842105263158,0.5789473684210527,N4 S1 P1 O11,de-protonated,0,-9999,C19 H33 O11 N4 P1 S1,19,33,11,4,1,1,-9999,N/A
1810,555.174294,555.1742710115952,555.1747874920891,5963597,-9999,288872.5,45.32,-1,-0.9303025019854284,0.42733618427218995,0.7253996187124169,0.5465615580482808,23,0.8,0.08571428571428572,N2 S1 O3,de-protonated,0,-9999,C35 H28 O3 N2 S1,35,28,3,2,-9999,1,-9999,N/A
1810,555.174294,555.1742710115952,555.174136043409,5963597,-9999,288872.5,45.32,-1,0.24310964336072316,0.49466663149922246,0.7739790330151771,0.6063915921056043,14,1.1851851851851851,0.18518518518518515,N4 S2 O5,de-protonated,0,-9999,C27 H32 O5 N4 S2,27,32,5,4,-9999,2,-9999,N/A
1810,555.174294,555.1742710115952,555.1742689851391,5963597,-9999,288872.5,45.32,-1,0.00365012625017346,0.499998791242784,0.8524773804394659,0.6409902269214567,1,2.3125,0.8125,N4 S1 P1 O13,de-protonated,0,-9999,C16 H37 O13 N4 P1 S1,16,37,13,4,1,1,-9999,N/A
1811,555.189487,555.1894640130072,555.189905248949,2921814.8,-9999,282732,21.36,-1,-0.7947477748595838,0.8917162078161186,0,0.5350297246896711,0,2.2222222222222223,0.7222222222222222,N2 S2 O13,de-protonated,0,-9999,C18 H40 O13 N2 S2,18,40,13,2,-9999,2,-9999,N/A
1811,555.189487,555.1894640130072,555.189392184699,2921814.8,-9999,282732,21.36,-1,0.1293762257492939,0.4984837407932302,0.748902346707035,0.5986511831587522,18,1.032258064516129,0.06451612903225806,N4 S2 O2,de-protonated,0,-9999,C31 H32 O2 N4 S2,31,32,2,4,-9999,2,-9999,N/A
1811,555.189487,555.1894640130072,555.189525126429,2921814.8,-9999,282732,21.36,-1,-0.11007668377652234,0.9978038238426682,0,0.5986822943056009,5,1.85,0.5,N4 S1 P1 O10,de-protonated,0,-9999,C20 H37 O10 N4 P1 S1,20,37,10,4,1,1,-9999,N/A
1812,555.210631,555.2106080149724,555.2105215527591,2911076.3,-9999,293307.4,21.27,-1,0.15572870097569813,0.4978046388610717,0.7675537279851021,0.6057042745106839,13,1.2857142857142858,0.14285714285714285,N4 S2 O4,de-protonated,0,-9999,C28 H36 O4 N4 S2,28,36,4,4,-9999,2,-9999,N/A
1812,555.210631,555.2106080149724,555.2106544944891,2911076.3,-9999,293307.4,21.27,-1,-0.08371510212308207,0.9987291761731968,0,0.599237505703918,0,2.411764705882353,0.7058823529411765,N4 S1 P1 O12,de-protonated,0,-9999,C17 H41 O12 N4 P1 S1,17,41,12,4,1,1,-9999,N/A
1813,557.057709,557.0576861866389,557.0581628012391,1992717.1,-9999,548852.8,13.3,-1,-0.8555921661603927,0.8756162758966239,0,0.5253697655379743,16,0.8461538461538461,0.38461538461538464,S2 O10,de-protonated,0,-9999,C26 H22 O10 S2,26,22,10,-9999,-9999,2,-9999,N/A
1813,557.057709,557.0576861866389,557.0572934213691,1992717.1,-9999,548852.8,13.3,-1,0.7050715867691391,0.9137458138702425,0,0.5482474883221454,17,0.72,0.6,O15,de-protonated,0,-9999,C25 H18 O15,25,18,15,-9999,-9999,-9999,-9999,N/A
1813,557.057709,557.0576861866389,557.057782678719,1992717.1,-9999,548852.8,13.3,-1,-0.17321736301163287,0.9945705603507462,0,0.5967423362104477,21,0.6785714285714286,0.25,N2 S1 P1 O7,de-protonated,0,-9999,C28 H19 O7 N2 P1 S1,28,19,7,2,1,1,-9999,N/A
1813,557.057709,557.0576861866389,557.057131230039,1992717.1,-9999,548852.8,13.3,-1,0.9962292353633708,0.8352009990362753,0,0.5011205994217651,12,1.15,0.45,N4 S2 P1 O9,de-protonated,0,-9999,C20 H23 O9 N4 P1 S2,20,23,9,4,1,2,-9999,N/A
1814,557.059583,557.059560186813,557.059500211759,6086670.5,-9999,255085.9,43.88,-1,0.1076636409174638,0.498949477589367,0.7739790330151771,0.608961299759691,21,0.6666666666666666,0.2222222222222222,N4 S2 O6,de-protonated,0,-9999,C27 H18 O6 N4 S2,27,18,6,4,-9999,2,-9999,N/A
1814,557.059583,557.059560186813,557.059633153489,6086670.5,-9999,255085.9,43.88,-1,-0.1309853949216273,0.4984458470953525,0.8524773804394659,0.6400584604329979,8,1.4375,0.875,N4 S1 P1 O14,de-protonated,0,-9999,C16 H23 O14 N4 P1 S1,16,23,14,4,1,1,-9999,N/A
1815,557.080823,557.080800188787,557.0804328753289,2509340,-9999,252908.4,17.16,-1,0.6593544420832282,0.4620733266066204,0.7311359101322861,0.5696983600168866,24,0.6764705882352942,0.0588235294117647,S2 P1 O2,de-protonated,0,-9999,C34 H23 O2 P1 S2,34,23,2,-9999,1,2,-9999,N/A
1815,557.080823,557.080800188787,557.0812810284991,2509340,-9999,252908.4,17.16,-1,-0.863141032633686,0.4367786606859597,0.7428850341668535,0.5592212100783172,25,0.5625,0.1875,N2 S1 O6,de-protonated,0,-9999,C32 H18 O6 N2 S1,32,18,6,2,-9999,1,-9999,N/A
1815,557.080823,557.080800188787,557.0809009059791,2509340,-9999,252908.4,17.16,-1,-0.18079455241835335,0.49704330000959174,0.7311359101322861,0.5906803440586694,30,0.4411764705882353,0.08823529411764706,N4 P1 O3,de-protonated,0,-9999,C34 H15 O3 N4 P1,34,15,3,4,1,-9999,-9999,N/A
1815,557.080823,557.080800188787,557.0806295798191,2509340,-9999,252908.4,17.16,-1,0.3062554302427944,0.9831254910519855,0,0.5898752946311913,16,0.9166666666666666,0.3333333333333333,N4 S2 O8,de-protonated,0,-9999,C24 H22 O8 N4 S2,24,22,8,4,-9999,2,-9999,N/A
1816,557.096018,557.0959951901991,557.096537169789,6583334,-9999,270291.3,47.59,-1,-0.9728647617609448,0.421101170280258,0.719752637322661,0.5405617570972192,29,0.5,0.08333333333333333,N2 S1 O3,de-protonated,0,-9999,C36 H18 O3 N2 S1,36,18,3,2,-9999,1,-9999,N/A
1816,557.096018,557.0959951901991,557.0958857211091,6583334,-9999,270291.3,47.59,-1,0.1964995485342904,0.4965091878634942,0.7675537279851021,0.6049270039121373,20,0.7857142857142857,0.17857142857142858,N4 S2 O5,de-protonated,0,-9999,C28 H22 O5 N4 S2,28,22,5,4,-9999,2,-9999,N/A
1816,557.096018,557.0959951901991,557.096018662839,6583334,-9999,270291.3,47.59,-1,-0.04213392145955683,0.49983896597440064,0.8446892076502734,0.6377790626447497,7,1.588235294117647,0.7647058823529411,N4 S1 P1 O13,de-protonated,0,-9999,C17 H27 O13 N4 P1 S1,17,27,13,4,1,1,-9999,N/A
1817,557.117249,557.1172261921724,557.1168183846789,3600435.8,-9999,265053.6,25.31,-1,0.7319963785777308,0.4536765501476668,0.7253996187124169,0.5623657775735669,23,0.7714285714285715,0.02857142857142857,S2 P1 O1,de-protonated,0,-9999,C35 H27 O1 P1 S2,35,27,1,-9999,1,2,-9999,N/A
1817,557.117249,557.1172261921724,557.117666537849,3600435.8,-9999,265053.6,25.31,-1,-0.7903997719230399,0.44641603633611526,0.7369636471990461,0.5626350806812876,24,0.6666666666666666,0.15151515151515152,N2 S1 O5,de-protonated,0,-9999,C33 H22 O5 N2 S1,33,22,5,2,-9999,1,-9999,N/A
1817,557.117249,557.1172261921724,557.117286415329,3600435.8,-9999,265053.6,25.31,-1,-0.10809780634447956,0.498940996809444,0.7253996187124169,0.5895244455706332,29,0.5428571428571428,0.05714285714285714,N4 P1 O2,de-protonated,0,-9999,C35 H19 O2 N4 P1,35,19,2,4,1,-9999,-9999,N/A
1817,557.117249,557.1172261921724,557.1170150891691,3600435.8,-9999,265053.6,25.31,-1,0.37892040211057426,0.4871419574116103,0.7871578612348809,0.6071483189409186,15,1.04,0.28,N4 S2 O7,de-protonated,0,-9999,C25 H26 O7 N4 S2,25,26,7,4,-9999,2,-9999,N/A
1818,557.13248,557.1324571935879,557.132922679139,5147709.5,-9999,227222.6,36.87,-1,-0.8355017845024459,0.4405154162958915,0.7141928963326545,0.5499864083105968,28,0.5945945945945946,0.05405405405405406,N2 S1 O2,de-protonated,0,-9999,C37 H22 O2 N2 S1,37,22,2,2,-9999,1,-9999,N/A
1818,557.13248,557.1324571935879,557.132784294709,5147709.5,-9999,227222.6,36.87,-1,-0.5871151910931509,0.46968486298433976,0.8524773804394659,0.6228018699663902,1,2.125,0.9375,N2 S2 O15,de-protonated,0,-9999,C16 H34 O15 N2 S2,16,34,15,2,-9999,2,-9999,N/A
1818,557.13248,557.1324571935879,557.1322712304591,5147709.5,-9999,227222.6,36.87,-1,0.33378631690432964,0.48999358565958434,0.7612342259156645,0.5984898417620164,19,0.896551724137931,0.13793103448275862,N4 S2 O4,de-protonated,0,-9999,C29 H26 O4 N4 S2,29,26,4,4,-9999,2,-9999,N/A
1818,557.13248,557.1324571935879,557.132404172189,5147709.5,-9999,227222.6,36.87,-1,0.095168398957264,0.4991789822410986,0.8370420509349343,0.6343242097186329,6,1.7222222222222223,0.6666666666666666,N4 S1 P1 O12,de-protonated,0,-9999,C18 H31 O12 N4 P1 S1,18,31,12,4,1,1,-9999,N/A
1819,557.153615,557.1535921955522,557.154052047199,3457099.3,-9999,241539,24.24,-1,-0.8253581664676641,0.44186408352280665,0.7311359101322861,0.5575728141665983,23,0.7647058823529411,0.1176470588235294,N2 S1 O4,de-protonated,0,-9999,C34 H26 O4 N2 S1,34,26,4,2,-9999,1,-9999,N/A
1819,557.153615,557.1535921955522,557.153671924679,3457099.3,-9999,241539,24.24,-1,-0.14310078319067113,0.4981456092387434,0.719752637322661,0.5867884204723104,28,0.6388888888888888,0.02777777777777777,N4 P1 O1,de-protonated,0,-9999,C36 H23 O1 N4 P1,36,23,1,4,1,-9999,-9999,N/A
1819,557.153615,557.1535921955522,557.1534005985189,3457099.3,-9999,241539,24.24,-1,0.3438856031681795,0.4893854719940487,0.7805128205128199,0.6058364114015572,14,1.1538461538461535,0.2307692307692308,N4 S2 O6,de-protonated,0,-9999,C26 H30 O6 N4 S2,26,30,6,4,-9999,2,-9999,N/A
1819,557.153615,557.1535921955522,557.1535335402491,3457099.3,-9999,241539,24.24,-1,0.10527673169667272,0.9979909904580206,0,0.5987945942748124,1,2.3333333333333335,0.9333333333333332,N4 S1 P1 O14,de-protonated,0,-9999,C15 H35 O14 N4 P1 S1,15,35,14,4,1,1,-9999,N/A
1820,557.168788,557.1687651969623,557.1693081884889,4641877,-9999,345071,33.09,-1,-0.974553907747787,0.4208499022766909,0.7087183895694522,0.5359972971937954,27,0.6842105263157895,0.02631578947368421,N2 S1 O1,de-protonated,0,-9999,C38 H26 O1 N2 S1,38,26,1,2,-9999,1,-9999,N/A
1820,557.168788,557.1687651969623,557.169169804059,4641877,-9999,345071,33.09,-1,-0.7261835697767741,0.9087496658519032,0,0.5452497995111419,0,2.235294117647059,0.8235294117647058,N2 S2 O14,de-protonated,0,-9999,C17 H38 O14 N2 S2,17,38,14,2,-9999,2,-9999,N/A
1820,557.168788,557.1687651969623,557.168656739809,4641877,-9999,345071,33.09,-1,0.19465767153601404,0.4965740993388826,0.7550179348240813,0.5999516335329621,18,1,0.1,N4 S2 O3,de-protonated,0,-9999,C30 H30 O3 N4 S2,30,30,3,4,-9999,2,-9999,N/A
1820,557.168788,557.1687651969623,557.1687896815391,4641877,-9999,345071,33.09,-1,-0.04394463085024709,0.49982483013817935,0.8295321147073604,0.6317077439658518,5,1.8421052631578947,0.5789473684210527,N4 S1 P1 O11,de-protonated,0,-9999,C19 H35 O11 N4 P1 S1,19,35,11,4,1,1,-9999,N/A
1821,557.17014,557.170117197088,557.1698212527391,2287702,-9999,227043.3,15.5,-1,0.5311564581837646,0.9500966081761856,0,0.5700579649057114,9,1.36,0.48,S1 O12,de-protonated,0,-9999,C25 H34 O12 S1,25,34,12,-9999,-9999,1,-9999,N/A
1821,557.17014,557.170117197088,557.170310510089,2287702,-9999,227043.3,15.5,-1,-0.34695495693978656,0.9783944343246193,0,0.5870366605947716,13,1.25,0.14285714285714285,N2 S2 P1 O4,de-protonated,0,-9999,C28 H35 O4 N2 P1 S2,28,35,4,2,1,2,-9999,N/A
1822,557.18994,557.1899171989282,557.190437556549,2606178.8,-9999,375897.7,17.88,-1,-0.9338954613788376,0.4268171405376216,0.7253996187124169,0.5462501318075397,22,0.8571428571428571,0.08571428571428572,N2 S1 O3,de-protonated,0,-9999,C35 H30 O3 N2 S1,35,30,3,2,-9999,1,-9999,N/A
1822,557.18994,557.1899171989282,557.189786107869,2606178.8,-9999,375897.7,17.88,-1,0.23527182740373215,0.9900065707149512,0,0.5940039424289707,13,1.2592592592592593,0.18518518518518515,N4 S2 O5,de-protonated,0,-9999,C27 H34 O5 N4 S2,27,34,5,4,-9999,2,-9999,N/A
1822,557.18994,557.1899171989282,557.1899190495991,2606178.8,-9999,375897.7,17.88,-1,-0.00332143635841608,0.9999979982710768,0,0.5999987989626461,0,2.4375,0.8125,N4 S1 P1 O13,de-protonated,0,-9999,C16 H39 O13 N4 P1 S1,16,39,13,4,1,1,-9999,N/A
1823,557.205232,557.2052092003495,557.2050422491591,4084844.8,-9999,262343.6,28.93,-1,0.2996225406260284,0.4919213197549801,0.7489023467070351,0.5947137305358021,17,1.096774193548387,0.06451612903225806,N4 S2 O2,de-protonated,0,-9999,C31 H34 O2 N4 S2,31,34,2,4,-9999,2,-9999,N/A
1823,557.205232,557.2052092003495,557.205175190889,4084844.8,-9999,262343.6,28.93,-1,0.06103579433984085,0.4996621326237013,0.8221557383861046,0.6286595749286625,4,1.95,0.5,N4 S1 P1 O10,de-protonated,0,-9999,C20 H39 O10 N4 P1 S1,20,39,10,4,1,1,-9999,N/A
1824,557.241747,557.2417242037433,557.2422121489191,1868420.5,-9999,275201.2,12.37,-1,-0.8756428805166284,0.870118506150891,0,0.5220711036905346,12,1.3448275862068966,0.2413793103448276,N2 P1 O7,de-protonated,0,-9999,C29 H39 O7 N2 P1,29,39,7,2,1,-9999,-9999,N/A
1824,557.241747,557.2417242037433,557.241427758509,1868420.5,-9999,275201.2,12.37,-1,0.5319870697780019,0.9499443864327956,0,0.5699666318596773,16,1.1875,0.03125,N4 S2 O1,de-protonated,0,-9999,C32 H38 O1 N4 S2,32,38,1,4,-9999,2,-9999,N/A
1824,557.241747,557.2417242037433,557.2415607002391,1868420.5,-9999,275201.2,12.37,-1,0.29341584635044804,0.9844999456129192,0,0.5906999673677515,3,2.047619047619047,0.42857142857142855,N4 S1 P1 O9,de-protonated,0,-9999,C21 H43 O9 N4 P1 S1,21,43,9,4,1,1,-9999,N/A
1825,559.039011,559.0389883707799,559.0385680623789,3655959.8,-9999,292517.6,25.72,-1,0.7518415096703238,0.4512589700989135,0.719752637322661,0.5586564369884126,29,0.4722222222222222,0.02777777777777777,S2 P1 O1,de-protonated,0,-9999,C36 H17 O1 P1 S2,36,17,1,-9999,1,2,-9999,N/A
1825,559.039011,559.0389883707799,559.0394162155491,3655959.8,-9999,292517.6,25.72,-1,-0.7653212936257645,0.44958753602729984,0.7311359101322861,0.5622068856692943,30,0.35294117647058826,0.14705882352941177,N2 S1 O5,de-protonated,0,-9999,C34 H12 O5 N2 S1,34,12,5,2,-9999,1,-9999,N/A
1825,559.039011,559.0389883707799,559.038764766869,3655959.8,-9999,292517.6,25.72,-1,0.3999792589465616,0.4856942541700139,0.7805128205128199,0.6036216807071363,21,0.6153846153846154,0.2692307692307692,N4 S2 O7,de-protonated,0,-9999,C26 H16 O7 N4 S2,26,16,7,4,-9999,2,-9999,N/A
1826,559.075332,559.0753093741556,559.0758017248991,7690543.5,-9999,248666.3,55.85,-1,-0.8806511423636072,0.4343654440206668,0.7253996187124169,0.5507791138973668,29,0.45714285714285713,0.11428571428571428,N2 S1 O4,de-protonated,0,-9999,C35 H16 O4 N2 S1,35,16,4,2,-9999,1,-9999,N/A
1826,559.075332,559.0753093741556,559.0754216023789,7690543.5,-9999,248666.3,55.85,-1,-0.20073896826623025,0.9730982287350244,0.9269282812861364,0.9546302497554692,34,0.35135135135135137,0.02702702702702703,N4 P1 O1,de-protonated,0,-9999,C37 H13 O1 N4 P1,37,13,1,4,1,-9999,-9999,N/A
1826,559.075332,559.0753093741556,559.075150276219,7690543.5,-9999,248666.3,55.85,-1,0.28457343619054287,0.9926358972938238,0.9867144179686592,0.990267305563758,20,0.7407407407407407,0.2222222222222222,N4 S2 O6,de-protonated,0,-9999,C27 H20 O6 N4 S2,27,20,6,4,-9999,2,-9999,N/A
1826,559.075332,559.0753093741556,559.075283217949,7690543.5,-9999,248666.3,55.85,-1,0.04678476645994707,0.9934567870367464,0.934787234607052,0.9699889660648688,7,1.5625,0.875,N4 S1 P1 O14,de-protonated,0,-9999,C16 H25 O14 N4 P1 S1,16,25,14,4,1,1,-9999,N/A
1827,559.096515,559.0964923761243,559.096082939789,2084669.5,-9999,323624.3,13.98,-1,0.7323183756725041,0.9072754759465712,0,0.5443652855679427,23,0.7352941176470589,0.0588235294117647,S2 P1 O2,de-protonated,0,-9999,C34 H25 O2 P1 S2,34,25,2,-9999,1,2,-9999,N/A
1827,559.096515,559.0964923761243,559.096931092959,2084669.5,-9999,323624.3,13.98,-1,-0.7846883257026402,0.894290648641537,0,0.5365743891849222,24,0.625,0.1875,N2 S1 O6,de-protonated,0,-9999,C32 H20 O6 N2 S1,32,20,6,2,-9999,1,-9999,N/A
1827,559.096515,559.0964923761243,559.096550970439,2084669.5,-9999,323624.3,13.98,-1,-0.10480178179491344,0.9980090586134588,0,0.5988054351680753,29,0.5,0.08823529411764706,N4 P1 O3,de-protonated,0,-9999,C34 H17 O3 N4 P1,34,17,3,4,1,-9999,-9999,N/A
1827,559.096515,559.0964923761243,559.096279644279,2084669.5,-9999,323624.3,13.98,-1,0.3804923284953001,0.9740729051310908,0,0.5844437430786544,15,1,0.3333333333333333,N4 S2 O8,de-protonated,0,-9999,C24 H24 O8 N4 S2,24,24,8,4,-9999,2,-9999,N/A
1828,559.111715,559.111692377537,559.112187234249,7321927.5,-9999,284100.5,53.1,-1,-0.8850758814623708,0.8879426847632192,0.9254299958276576,0.9029376091889948,28,0.5555555555555556,0.08333333333333333,N2 S1 O3,de-protonated,0,-9999,C36 H20 O3 N2 S1,36,20,3,2,-9999,1,-9999,N/A
1828,559.111715,559.111692377537,559.111535785569,7321927.5,-9999,284100.5,53.1,-1,0.28007286197971093,0.9760307056036236,0.9732310864900988,0.9749108579582138,19,0.8571428571428571,0.17857142857142858,N4 S2 O5,de-protonated,0,-9999,C28 H24 O5 N4 S2,28,24,5,4,-9999,2,-9999,N/A
1828,559.111715,559.111692377537,559.111668727299,7321927.5,-9999,284100.5,53.1,-1,0.04229966797724582,0.9962932001592048,0.94963343384473,0.9776292936334148,6,1.7058823529411764,0.7647058823529411,N4 S1 P1 O13,de-protonated,0,-9999,C17 H29 O13 N4 P1 S1,17,29,13,4,1,1,-9999,N/A
1829,559.146201,559.1461783807422,559.146583884399,2089310.1,-9999,397603.4,14.01,-1,-0.7252188754804362,0.9089805695149692,0,0.5453883417089815,13,1.1428571428571428,0.2857142857142857,S2 O8,de-protonated,0,-9999,C28 H32 O8 S2,28,32,8,-9999,-9999,2,-9999,N/A
1829,559.146201,559.1461783807422,559.145714504529,2089310.1,-9999,397603.4,14.01,-1,0.829615967995117,0.8825989653084678,0,0.5295593791850807,14,1.037037037037037,0.48148148148148145,O13,de-protonated,0,-9999,C27 H28 O13,27,28,13,-9999,-9999,-9999,-9999,N/A
1829,559.146201,559.1461783807422,559.146716826129,2089310.1,-9999,397603.4,14.01,-1,-0.9629769265099204,0.8451325302622423,0,0.5070795181573454,0,2.176470588235294,0.9411764705882352,S1 P1 O16,de-protonated,0,-9999,C17 H37 O16 P1 S1,17,37,16,-9999,1,1,-9999,N/A
1829,559.146201,559.1461783807422,559.1462037618791,2089310.1,-9999,397603.4,14.01,-1,-0.04539266601216366,0.9996261959295346,0,0.5997757175577207,18,0.9666666666666668,0.16666666666666666,N2 S1 P1 O5,de-protonated,0,-9999,C30 H29 O5 N2 P1 S1,30,29,5,2,1,1,-9999,N/A
1830,559.148065,559.1480423809153,559.1485727435991,6592863,-9999,276108.4,47.65,-1,-0.9485183538490785,0.8473383452649164,0.97187782411188,0.8971541368037018,27,0.6486486486486487,0.05405405405405406,N2 S1 O2,de-protonated,0,-9999,C37 H24 O2 N2 S1,37,24,2,2,-9999,1,-9999,N/A
1830,559.148065,559.1480423809153,559.148434359169,6592863,-9999,276108.4,47.65,-1,-0.701027186320099,0.9130055209989794,0.8898376917813087,0.9037383893119112,0,2.25,0.9375,N2 S2 O15,de-protonated,0,-9999,C16 H36 O15 N2 S2,16,36,15,2,-9999,2,-9999,N/A
1830,559.148065,559.1480423809153,559.1479212949191,6592863,-9999,276108.4,47.65,-1,0.21655449579388952,0.9921274007156228,0.98108084630511,0.9877087789514176,18,0.9655172413793104,0.13793103448275862,N4 S2 O4,de-protonated,0,-9999,C29 H28 O4 N4 S2,29,28,4,4,-9999,2,-9999,N/A
1830,559.148065,559.1480423809153,559.148054236649,6592863,-9999,276108.4,47.65,-1,-0.02120321025929932,0.9998365575544428,0.9052730212858402,0.9620111430470016,5,1.8333333333333333,0.6666666666666666,N4 S1 P1 O12,de-protonated,0,-9999,C18 H33 O12 N4 P1 S1,18,33,12,4,1,1,-9999,N/A
1831,559.182577,559.1825543841229,559.1829693937491,2150773.8,-9999,396424.7,14.47,-1,-0.7421714338527866,0.9048869304373034,0,0.5429321582623821,12,1.2413793103448276,0.2413793103448276,S2 O7,de-protonated,0,-9999,C29 H36 O7 S2,29,36,7,-9999,-9999,2,-9999,N/A
1831,559.182577,559.1825543841229,559.182100013879,2150773.8,-9999,396424.7,14.47,-1,0.8125622116726537,0.8870953294865084,0,0.532257197691905,13,1.1428571428571428,0.42857142857142855,O12,de-protonated,0,-9999,C28 H32 O12,28,32,12,-9999,-9999,-9999,-9999,N/A
1831,559.182577,559.1825543841229,559.1825892712291,2150773.8,-9999,396424.7,14.47,-1,-0.06238947138672442,0.999293970117847,0,0.5995763820707082,17,1.064516129032258,0.12903225806451613,N2 S1 P1 O4,de-protonated,0,-9999,C31 H33 O4 N2 P1 S1,31,33,4,2,1,1,-9999,N/A
1832,559.184488,559.1844653843004,559.184958252949,6355319,-9999,260997.6,45.88,-1,-0.88140541198952,0.871261717231558,0.9385425838005858,0.8981740638591691,26,0.7368421052631579,0.02631578947368421,N2 S1 O1,de-protonated,0,-9999,C38 H28 O1 N2 S1,38,28,1,2,-9999,1,-9999,N/A
1832,559.184488,559.1844653843004,559.184306804269,6355319,-9999,260997.6,45.88,-1,0.28359170582780224,0.9845827424270024,0.9848421290552148,0.9846864970782874,17,1.0666666666666669,0.1,N4 S2 O3,de-protonated,0,-9999,C30 H32 O3 N4 S2,30,32,3,4,-9999,2,-9999,N/A
1832,559.184488,559.1844653843004,559.184439745999,6355319,-9999,260997.6,45.88,-1,0.04584945426313778,0.9994369276620712,0.940643691061506,0.9759196330218451,4,1.9473684210526316,0.5789473684210527,N4 S1 P1 O11,de-protonated,0,-9999,C19 H37 O11 N4 P1 S1,19,37,11,4,1,1,-9999,N/A
1833,559.22093,559.2209073876874,559.2206923136191,5147023,-9999,254071.6,36.85,-1,0.3845960480488186,0.48675906890735826,0.7489023467070351,0.591616380027229,16,1.1612903225806452,0.06451612903225806,N4 S2 O2,de-protonated,0,-9999,C31 H36 O2 N4 S2,31,36,2,4,-9999,2,-9999,N/A
1833,559.22093,559.2209073876874,559.220825255349,5147023,-9999,254071.6,36.85,-1,0.1468692412932921,0.4980468486029903,0.8221557383861046,0.627690404516236,3,2.05,0.5,N4 S1 P1 O10,de-protonated,0,-9999,C20 H41 O10 N4 P1 S1,20,41,10,4,1,1,-9999,N/A
1834,559.257507,559.2574843910869,559.257862213379,2238886.8,-9999,278028.3,15.13,-1,-0.6755779714651563,0.9205221682772662,0,0.5523133009663597,11,1.4137931034482758,0.2413793103448276,N2 P1 O7,de-protonated,0,-9999,C29 H41 O7 N2 P1,29,41,7,2,1,-9999,-9999,N/A
1834,559.257507,559.2574843910869,559.257077822969,2238886.8,-9999,278028.3,15.13,-1,0.7269789405126732,0.90855910383252,0,0.545135462299512,15,1.25,0.03125,N4 S2 O1,de-protonated,0,-9999,C32 H40 O1 N4 S2,32,40,1,4,-9999,2,-9999,N/A
1834,559.257507,559.2574843910869,559.257210764699,2238886.8,-9999,278028.3,15.13,-1,0.4892675187716328,0.9574941406857328,0,0.5744964844114396,2,2.142857142857143,0.42857142857142855,N4 S1 P1 O9,de-protonated,0,-9999,C21 H45 O9 N4 P1 S1,21,45,9,4,1,1,-9999,N/A
1835,560.078512,560.0784894673907,560.078444752419,2078145.9,-9999,265002.2,13.92,-1,0.07983698007921168,0.9988441248844488,0,0.5993064749306692,28,0.5277777777777778,0.05555555555555555,N1 S2 O2,de-protonated,0,-9999,C36 H19 O2 N1 S2,36,19,2,1,-9999,2,-9999,N/A
1835,560.078512,560.0784894673907,560.078577694149,2078145.9,-9999,265002.2,13.92,-1,-0.15752567908777448,0.9955075918720718,0,0.5973045551232431,15,0.96,0.4,N1 S1 P1 O10,de-protonated,0,-9999,C25 H24 O10 N1 P1 S1,25,24,10,1,1,1,-9999,N/A
1835,560.078512,560.0784894673907,560.0787764374489,2078145.9,-9999,265002.2,13.92,-1,-0.5123744557514304,0.9534814726287564,0.9269282812861364,0.9428601960917083,34,0.3611111111111111,0.02777777777777777,13C1 N4 P1 O1,de-protonated,1,1826,C36 H13 O1 N4 P1 13C1,36,13,1,4,1,-9999,1,N/A
1835,560.078512,560.0784894673907,560.0785051112891,2078145.9,-9999,265002.2,13.92,-1,-0.02793161727805694,0.9998584482463204,0.9867144179686592,0.994600836135256,20,0.7692307692307693,0.2307692307692308,13C1 N4 S2 O6,de-protonated,1,1826,C26 H20 O6 N4 S2 13C1,26,20,6,4,-9999,2,1,N/A
1835,560.078512,560.0784894673907,560.078638053019,2078145.9,-9999,265002.2,13.92,-1,-0.26529422508159073,0.987310652709404,0.934787234607052,0.9663012854684632,7,1.6666666666666667,0.9333333333333332,13C1 N4 S1 P1 O14,de-protonated,1,1826,C15 H25 O14 N4 P1 S1 13C1,15,25,14,4,1,1,1,N/A
1836,560.107258,560.1072354700623,560.1074362064489,1950676.9,-9999,258344.1,12.97,-1,-0.35838907624436334,0.9769637171601788,0,0.5861782302961074,28,0.5428571428571428,0.08571428571428572,N3 S1 O3,de-protonated,0,-9999,C35 H19 O3 N3 S1,35,19,3,3,-9999,1,-9999,N/A
1836,560.107258,560.1072354700623,560.1075691481791,1950676.9,-9999,258344.1,12.97,-1,-0.59573934579164,0.9376325796798292,0,0.5625795478078975,15,1,0.4583333333333333,N3 P1 O11,de-protonated,0,-9999,C24 H24 O11 N3 P1,24,24,11,3,1,-9999,-9999,N/A
1837,560.115157,560.1151344707963,560.1148302617689,1895898,-9999,351997.1,12.56,-1,0.5431190372774615,0.9478837384946892,0,0.5687302430968134,27,0.6216216216216216,0.02702702702702703,N1 S2 O1,de-protonated,0,-9999,C37 H23 O1 N1 S2,37,23,1,1,-9999,2,-9999,N/A
1837,560.115157,560.1151344707963,560.1149632034991,1895898,-9999,351997.1,12.56,-1,0.3057716870111937,0.9831783063843292,0,0.5899069838305975,14,1.0769230769230769,0.34615384615384615,N1 S1 P1 O9,de-protonated,0,-9999,C26 H28 O9 N1 P1 S1,26,28,9,1,1,1,-9999,N/A
1837,560.115157,560.1151344707963,560.1155420693191,1895898,-9999,351997.1,12.56,-1,-0.7277043612541191,0.9083851540630372,0.9254299958276576,0.9152030907688856,28,0.5714285714285714,0.08571428571428572,13C1 N2 S1 O3,de-protonated,1,1828,C35 H20 O3 N2 S1 13C1,35,20,3,2,-9999,1,1,N/A
1837,560.115157,560.1151344707963,560.1148906206391,1895898,-9999,351997.1,12.56,-1,0.4353573905271194,0.966193582735627,0.9732310864900988,0.9690085842374158,19,0.8888888888888888,0.18518518518518515,13C1 N4 S2 O5,de-protonated,1,1828,C27 H24 O5 N4 S2 13C1,27,24,5,4,-9999,2,1,N/A
1837,560.115157,560.1151344707963,560.1150235623691,1895898,-9999,351997.1,12.56,-1,0.19801009182063872,0.9929110068455224,0.94963343384473,0.9755999776452052,6,1.8125,0.8125,13C1 N4 S1 P1 O13,de-protonated,1,1828,C16 H29 O13 N4 P1 S1 13C1,16,29,13,4,1,1,1,N/A
1838,560.151411,560.1513884741659,560.1513487128491,2288625.8,-9999,350437.3,15.5,-1,0.0709831670708333,0.999086168631756,0,0.5994517011790536,13,1.1851851851851851,0.2962962962962963,N1 S1 P1 O8,de-protonated,0,-9999,C27 H32 O8 N1 P1 S1,27,32,8,1,1,1,-9999,N/A
1838,560.151411,560.1513884741659,560.1519275786691,2288625.8,-9999,350437.3,15.5,-1,-0.9624255075738452,0.8452953562315669,0.97187782411188,0.8959283433836921,27,0.6666666666666666,0.05555555555555555,13C1 N2 S1 O2,de-protonated,1,1830,C36 H24 O2 N2 S1 13C1,36,24,2,2,-9999,1,1,N/A
1838,560.151411,560.1513884741659,560.1517891942391,2288625.8,-9999,350437.3,15.5,-1,-0.7153776547009786,0.911321877171052,0.8898376917813087,0.9027282030151548,0,2.4,1,13C1 N2 S2 O15,de-protonated,1,1830,C15 H36 O15 N2 S2 13C1,15,36,15,2,-9999,2,1,N/A
1838,560.151411,560.1513884741659,560.1512761299891,2288625.8,-9999,350437.3,15.5,-1,0.20056042271981508,0.992727891052004,0.98108084630511,0.9880690731532462,18,1,0.14285714285714285,13C1 N4 S2 O4,de-protonated,1,1830,C28 H28 O4 N4 S2 13C1,28,28,4,4,-9999,2,1,N/A
1838,560.151411,560.1513884741659,560.1514090717191,2288625.8,-9999,350437.3,15.5,-1,-0.03677140299752189,0.9997546867790688,0.9052730212858402,0.9619620205817774,5,1.9411764705882353,0.7058823529411765,13C1 N4 S1 P1 O12,de-protonated,1,1830,C17 H33 O12 N4 P1 S1 13C1,17,33,12,4,1,1,1,N/A
1839,560.187853,560.1878304775527,560.1877342221991,1896458,-9999,334022,12.57,-1,0.17182695675489287,0.9946571418150768,0,0.5967942850890461,12,1.2857142857142858,0.25,N1 S1 P1 O7,de-protonated,0,-9999,C28 H36 O7 N1 P1 S1,28,36,7,1,1,1,-9999,N/A
1839,560.187853,560.1878304775527,560.188313088019,1896458,-9999,334022,12.57,-1,-0.8615146996411356,0.8740020218989889,0.9385425838005858,0.8998182466596276,26,0.7567567567567568,0.02702702702702703,13C1 N2 S1 O1,de-protonated,1,1832,C37 H28 O1 N2 S1 13C1,37,28,1,2,-9999,1,1,N/A
1839,560.187853,560.1878304775527,560.187661639339,1896458,-9999,334022,12.57,-1,0.30139580932477855,0.983652400421061,0.9848421290552148,0.9841282918747224,17,1.103448275862069,0.10344827586206896,13C1 N4 S2 O3,de-protonated,1,1832,C29 H32 O3 N4 S2 13C1,29,32,3,4,-9999,2,1,N/A
1839,560.187853,560.1878304775527,560.1877945810692,1896458,-9999,334022,12.57,-1,0.06407937452963344,0.9992552190170984,0.940643691061506,0.9758106078348614,4,2.0555555555555554,0.6111111111111112,13C1 N4 S1 P1 O11,de-protonated,1,1832,C18 H37 O11 N4 P1 S1 13C1,18,37,11,4,1,1,1,N/A
1840,561.054674,561.0546515581145,561.0542181268389,6250053.5,-9999,269432.2,45.08,-1,0.7725301077979455,0.9191307090965546,0.9492251691843464,0.9311684931316712,28,0.5277777777777778,0.02777777777777777,S2 P1 O1,de-protonated,0,-9999,C36 H19 O1 P1 S2,36,19,1,-9999,1,2,-9999,N/A
1840,561.054674,561.0546515581145,561.0550662800091,6250053.5,-9999,269432.2,45.08,-1,-0.7391821578611939,0.8802512668812963,0.9606084419939712,0.9123941369263664,29,0.4117647058823529,0.14705882352941177,N2 S1 O5,de-protonated,0,-9999,C34 H14 O5 N2 S1,34,14,5,2,-9999,1,-9999,N/A
1840,561.054674,561.0546515581145,561.055199221739,6250053.5,-9999,269432.2,45.08,-1,-0.9761314488516954,0.42061497809439297,0.8007932653391622,0.5726862929923007,16,0.8260869565217391,0.5652173913043478,N2 P1 O13,de-protonated,0,-9999,C23 H19 O13 N2 P1,23,19,13,2,1,-9999,-9999,N/A
1840,561.054674,561.0546515581145,561.0546861574891,6250053.5,-9999,269432.2,45.08,-1,-0.06166845300063023,0.993870163196775,0.9492251691843464,0.9760121655918036,34,0.3055555555555556,0.05555555555555555,N4 P1 O2,de-protonated,0,-9999,C36 H11 O2 N4 P1,36,11,2,4,1,-9999,-9999,N/A
1840,561.054674,561.0546515581145,561.054414831329,6250053.5,-9999,269432.2,45.08,-1,0.4219319538891518,0.9793515588004444,0.9900146476254948,0.9836167943304646,20,0.6923076923076923,0.2692307692307692,N4 S2 O7,de-protonated,0,-9999,C26 H18 O7 N4 S2,26,18,7,4,-9999,2,-9999,N/A
1841,561.089125,561.0891025613164,561.089462930159,2666076.5,-9999,349715.3,18.31,-1,-0.6422662809226286,0.9278838948141211,0,0.5567303368884726,14,1,0.38461538461538464,S2 O10,de-protonated,0,-9999,C26 H26 O10 S2,26,26,10,-9999,-9999,2,-9999,N/A
1841,561.089125,561.0891025613164,561.088593550289,2666076.5,-9999,349715.3,18.31,-1,0.9071847711973092,0.8612853576731307,0,0.5167712146038784,15,0.88,0.6,O15,de-protonated,0,-9999,C25 H22 O15,25,22,15,-9999,-9999,-9999,-9999,N/A
1841,561.089125,561.0891025613164,561.089082807639,2666076.5,-9999,349715.3,18.31,-1,0.03520595572427094,0.999775127022648,0,0.5998650762135888,19,0.8214285714285714,0.25,N2 S1 P1 O7,de-protonated,0,-9999,C28 H23 O7 N2 P1 S1,28,23,7,2,1,1,-9999,N/A
1842,561.091098,561.0910755614998,561.0914517893591,8146526,-9999,237529.9,59.25,-1,-0.6705285887104205,0.8837404392785031,0.952699445568944,0.9113240417946796,28,0.5142857142857142,0.11428571428571428,N2 S1 O4,de-protonated,0,-9999,C35 H18 O4 N2 S1,35,18,4,2,-9999,1,-9999,N/A
1842,561.091098,561.0910755614998,561.091584731089,8146526,-9999,237529.9,59.25,-1,-0.9074625303462838,0.43060329557885224,0.7939170211058493,0.5759287857896511,15,0.9583333333333334,0.5,N2 P1 O12,de-protonated,0,-9999,C24 H23 O12 N2 P1,24,23,12,2,1,-9999,-9999,N/A
1842,561.091098,561.0910755614998,561.091071666839,8146526,-9999,237529.9,59.25,-1,0.00694122760507101,0.992712253426284,0.9414927231891816,0.9722244413314431,33,0.40540540540540543,0.02702702702702703,N4 P1 O1,de-protonated,0,-9999,C37 H15 O1 N4 P1,37,15,1,4,1,-9999,-9999,N/A
1842,561.091098,561.0910755614998,561.090800340679,8146526,-9999,237529.9,59.25,-1,0.49051030704268034,0.9750854614759894,0.9987211401282958,0.984539732936912,19,0.8148148148148148,0.2222222222222222,N4 S2 O6,de-protonated,0,-9999,C27 H22 O6 N4 S2,27,22,6,4,-9999,2,-9999,N/A
1842,561.091098,561.0910755614998,561.0909332824091,8146526,-9999,237529.9,59.25,-1,0.25357581502453247,0.994068004195886,0.9202227927040072,0.9645299195991344,6,1.6875,0.875,N4 S1 P1 O14,de-protonated,0,-9999,C16 H27 O14 N4 P1 S1,16,27,14,4,1,1,-9999,N/A
1843,561.127446,561.127423564878,561.127837298709,8922742,-9999,261403.8,65.05,-1,-0.737325442633371,0.45303244087587785,0.719752637322661,0.5597205194545911,27,0.6111111111111112,0.08333333333333333,N2 S1 O3,de-protonated,0,-9999,C36 H22 O3 N2 S1,36,22,3,2,-9999,1,-9999,N/A
1843,561.127446,561.127423564878,561.127970240439,8922742,-9999,261403.8,65.05,-1,-0.974244005017069,0.4208960231013236,0.7871578612348809,0.5674007583547465,14,1.08,0.44,N2 P1 O11,de-protonated,0,-9999,C25 H27 O11 N2 P1,25,27,11,2,1,-9999,-9999,N/A
1843,561.127446,561.127423564878,561.127185850029,8922742,-9999,261403.8,65.05,-1,0.423638089421316,0.982655239929298,0.9969065224604788,0.9883557529417704,18,0.9285714285714286,0.17857142857142858,N4 S2 O5,de-protonated,0,-9999,C28 H26 O5 N4 S2,28,26,5,4,-9999,2,-9999,N/A
1843,561.127446,561.127423564878,561.1273187917591,8922742,-9999,261403.8,65.05,-1,0.18671897692933623,0.9956365646736318,0.9259579978743496,0.967765137953919,5,1.8235294117647056,0.7647058823529411,N4 S1 P1 O13,de-protonated,0,-9999,C17 H31 O13 N4 P1 S1,17,31,13,4,1,1,-9999,N/A
1844,561.161865,561.1618425680768,561.162233948859,2666124.5,-9999,458579.8,18.31,-1,-0.697446760463036,0.915520571927064,0,0.5493123431562384,12,1.2142857142857142,0.2857142857142857,S2 O8,de-protonated,0,-9999,C28 H34 O8 S2,28,34,8,-9999,-9999,2,-9999,N/A
1844,561.161865,561.1618425680768,561.161364568989,2666124.5,-9999,458579.8,18.31,-1,0.8518032744247671,0.8766446920345374,0,0.5259868152207224,13,1.1111111111111112,0.48148148148148145,O13,de-protonated,0,-9999,C27 H30 O13,27,30,13,-9999,-9999,-9999,-9999,N/A
1844,561.161865,561.1618425680768,561.1618538263391,2666124.5,-9999,458579.8,18.31,-1,-0.02006241545291687,0.4999634847386944,0.7550179348240813,0.6019852647728492,17,1.0333333333333334,0.16666666666666666,N2 S1 P1 O5,de-protonated,0,-9999,C30 H31 O5 N2 P1 S1,30,31,5,2,1,1,-9999,N/A
1845,561.163708,561.1636855682482,561.164222808059,8093326,-9999,272266.5,58.85,-1,-0.9573664694948338,0.42339316012625655,0.7141928963326545,0.5397130546088158,26,0.7027027027027027,0.05405405405405406,N2 S1 O2,de-protonated,0,-9999,C37 H26 O2 N2 S1,37,26,2,2,-9999,1,-9999,N/A
1845,561.163708,561.1636855682482,561.163571359379,8093326,-9999,272266.5,58.85,-1,0.2035215309376128,0.995064536654993,0.9748831799448238,0.9869919939709252,17,1.0344827586206895,0.13793103448275862,N4 S2 O4,de-protonated,0,-9999,C29 H30 O4 N4 S2,29,30,4,4,-9999,2,-9999,N/A
1845,561.163708,561.1636855682482,561.1637043011091,8093326,-9999,272266.5,58.85,-1,-0.03338216771845322,0.998554694985032,0.8990753549255539,0.9587629589612408,4,1.9444444444444444,0.6666666666666666,N4 S1 P1 O12,de-protonated,0,-9999,C18 H35 O12 N4 P1 S1,18,35,12,4,1,1,-9999,N/A
1846,561.200229,561.2002065716424,561.2006083174089,6803110,-9999,236816.5,49.21,-1,-0.7158683730896975,0.920803812109195,0.9856360188733396,0.9467366948148528,25,0.7894736842105263,0.02631578947368421,N2 S1 O1,de-protonated,0,-9999,C38 H30 O1 N2 S1,38,30,1,2,-9999,1,-9999,N/A
1846,561.200229,561.2002065716424,561.200741259139,6803110,-9999,236816.5,49.21,-1,-0.9527562194788513,0.8603204700800782,0.9491033376809356,0.8958336171204211,12,1.2962962962962965,0.3333333333333333,N2 P1 O9,de-protonated,0,-9999,C27 H35 O9 N2 P1,27,35,9,2,1,-9999,-9999,N/A
1846,561.200229,561.2002065716424,561.199956868729,6803110,-9999,236816.5,49.21,-1,0.44494464107315,0.9576750425713054,0.9680644358720314,0.9618307998915958,16,1.1333333333333333,0.1,N4 S2 O3,de-protonated,0,-9999,C30 H34 O3 N4 S2,30,34,3,4,-9999,2,-9999,N/A
1846,561.200229,561.2002065716424,561.2000898104591,6803110,-9999,236816.5,49.21,-1,0.20805624492093688,0.988425532437402,0.8935502559887522,0.950475421857942,3,2.0526315789473686,0.5789473684210527,N4 S1 P1 O11,de-protonated,0,-9999,C19 H39 O11 N4 P1 S1,19,39,11,4,1,1,-9999,N/A
1847,561.236655,561.2366325750278,561.237126768489,4784830,-9999,247111.5,34.14,-1,-0.8805430675650792,0.8539023495909601,0.9146378514756822,0.878196550344849,11,1.3928571428571428,0.2857142857142857,N2 P1 O8,de-protonated,0,-9999,C28 H39 O8 N2 P1,28,39,8,2,1,-9999,-9999,N/A
1847,561.236655,561.2366325750278,561.236342378079,4784830,-9999,247111.5,34.14,-1,0.5170672795782374,0.9611820299106804,0.9332892327537492,0.950024911047908,15,1.2258064516129032,0.06451612903225806,N4 S2 O2,de-protonated,0,-9999,C31 H38 O2 N4 S2,31,38,2,4,-9999,2,-9999,N/A
1847,561.236655,561.2366325750278,561.2364753198091,4784830,-9999,247111.5,34.14,-1,0.2801942240484239,0.9901502812217304,0.8600358410746798,0.9381045051629102,2,2.15,0.5,N4 S1 P1 O10,de-protonated,0,-9999,C20 H43 O10 N4 P1 S1,20,43,10,4,1,1,-9999,N/A
1848,561.272937,561.2729145783998,561.272727887429,2095830.1,-9999,366158.9,14.05,-1,0.3326207767811309,0.9801252961193544,0,0.5880751776716127,14,1.3125,0.03125,N4 S2 O1,de-protonated,0,-9999,C32 H42 O1 N4 S2,32,42,1,4,-9999,2,-9999,N/A
1848,561.272937,561.2729145783998,561.2728608291591,2095830.1,-9999,366158.9,14.05,-1,0.09576312065509604,0.9983373948250104,0,0.5990024368950062,1,2.238095238095238,0.42857142857142855,N4 S1 P1 O9,de-protonated,0,-9999,C21 H47 O9 N4 P1 S1,21,47,9,4,1,1,-9999,N/A
1849,562.057921,562.0578986513558,562.0575729619089,1861342.6,-9999,330632.8,12.3,-1,0.5794592271952176,0.940893268778114,0.9492251691843464,0.9442260289406068,28,0.5428571428571428,0.02857142857142857,13C1 S2 P1 O1,de-protonated,1,1840,C35 H19 O1 P1 S2 13C1,35,19,1,-9999,1,2,1,N/A
1849,562.057921,562.0578986513558,562.057709307529,1861342.6,-9999,330632.8,12.3,-1,0.33687613157345053,0.9796187633683684,0,0.587771258021021,28,0.4857142857142857,0.08571428571428572,N1 S2 O3,de-protonated,0,-9999,C35 H17 O3 N1 S2,35,17,3,1,-9999,2,-9999,N/A
1849,562.057921,562.0578986513558,562.0578422492591,1861342.6,-9999,330632.8,12.3,-1,0.10034927446112972,0.9981744842076352,0,0.5989046905245812,15,0.9166666666666666,0.4583333333333333,N1 S1 P1 O11,de-protonated,0,-9999,C24 H22 O11 N1 P1 S1,24,22,11,1,1,1,-9999,N/A
1849,562.057921,562.0578986513558,562.0584211150791,1861342.6,-9999,330632.8,12.3,-1,-0.929554124066992,0.8548882467330176,0.9606084419939712,0.8971763248373991,29,0.42424242424242425,0.15151515151515152,13C1 N2 S1 O5,de-protonated,1,1840,C33 H14 O5 N2 S1 13C1,33,14,5,2,-9999,1,1,N/A
1849,562.057921,562.0578986513558,562.058040992559,1861342.6,-9999,330632.8,12.3,-1,-0.2532500076350222,0.9884301373729586,0.9492251691843464,0.9727481500975136,34,0.3142857142857143,0.05714285714285714,13C1 N4 P1 O2,de-protonated,1,1840,C35 H11 O2 N4 P1 13C1,35,11,2,4,1,-9999,1,N/A
1849,562.057921,562.0578986513558,562.057769666399,1861342.6,-9999,330632.8,12.3,-1,0.2294870095331711,0.9904896464101632,0.9900146476254948,0.990299646896296,20,0.72,0.28,13C1 N4 S2 O7,de-protonated,1,1840,C25 H18 O7 N4 S2 13C1,25,18,7,4,-9999,2,1,N/A
1850,562.094289,562.0942666547359,562.0940948168791,2396406.8,-9999,275755.6,16.29,-1,0.30571012641391976,0.49159251090826234,0.719752637322661,0.5828565614740218,27,0.5833333333333334,0.05555555555555555,N1 S2 O2,de-protonated,0,-9999,C36 H21 O2 N1 S2,36,21,2,1,-9999,2,-9999,N/A
1850,562.094289,562.0942666547359,562.094227758609,2396406.8,-9999,275755.6,16.29,-1,0.06919858794459886,0.999131520369587,0,0.5994789122217522,14,1.04,0.4,N1 S1 P1 O10,de-protonated,0,-9999,C25 H26 O10 N1 P1 S1,25,26,10,1,1,1,-9999,N/A
1850,562.094289,562.0942666547359,562.094806624429,2396406.8,-9999,275755.6,16.29,-1,-0.9606381108179984,0.8458227225243661,0.952699445568944,0.8885734117421973,28,0.5294117647058824,0.1176470588235294,13C1 N2 S1 O4,de-protonated,1,1842,C34 H18 O4 N2 S1 13C1,34,18,4,2,-9999,1,1,N/A
1850,562.094289,562.0942666547359,562.094426501909,2396406.8,-9999,275755.6,16.29,-1,-0.2843777941427976,0.9854332491283088,0.9414927231891816,0.9678570387526576,33,0.4166666666666667,0.02777777777777777,13C1 N4 P1 O1,de-protonated,1,1842,C36 H15 O1 N4 P1 13C1,36,15,1,4,1,-9999,1,N/A
1850,562.094289,562.0942666547359,562.0941551757492,2396406.8,-9999,275755.6,16.29,-1,0.19832795923878696,0.992888309714048,0.9987211401282958,0.995221441879747,19,0.8461538461538461,0.2307692307692308,13C1 N4 S2 O6,de-protonated,1,1842,C26 H22 O6 N4 S2 13C1,26,22,6,4,-9999,2,1,N/A
1850,562.094289,562.0942666547359,562.094288117479,2396406.8,-9999,275755.6,16.29,-1,-0.03818352823405926,0.999735486102542,0.9202227927040072,0.967930408743128,6,1.8,0.9333333333333332,13C1 N4 S1 P1 O14,de-protonated,1,1842,C15 H27 O14 N4 P1 S1 13C1,15,27,14,4,1,1,1,N/A
1851,562.122572,562.1225496573644,562.123086270909,2109705.5,-9999,356854,14.15,-1,-0.95461929544331,0.8475937513369173,0,0.5085562508021504,27,0.6,0.08571428571428572,N3 S1 O3,de-protonated,0,-9999,C35 H21 O3 N3 S1,35,21,3,3,-9999,1,-9999,N/A
1852,562.130631,562.1306086581134,562.130480326229,2655502.8,-9999,279143.9,18.23,-1,0.22829554507907124,0.49529383894830026,0.7141928963326544,0.5828534619020419,26,0.6756756756756757,0.02702702702702703,N1 S2 O1,de-protonated,0,-9999,C37 H25 O1 N1 S2,37,25,1,1,-9999,2,-9999,N/A
1852,562.130631,562.1306086581134,562.130613267959,2655502.8,-9999,279143.9,18.23,-1,-0.0082006663994534,0.9999877974816592,0,0.5999926784889956,13,1.1538461538461535,0.34615384615384615,N1 S1 P1 O9,de-protonated,0,-9999,C26 H30 O9 N1 P1 S1,26,30,9,1,1,1,-9999,N/A
1852,562.130631,562.1306086581134,562.130540685099,2655502.8,-9999,279143.9,18.23,-1,0.12092033683468724,0.9973504230298056,0.9969065224604788,0.9971728628020748,18,0.9629629629629628,0.18518518518518515,13C1 N4 S2 O5,de-protonated,1,1843,C27 H26 O5 N4 S2 13C1,27,26,5,4,-9999,2,1,N/A
1852,562.130631,562.1306086581134,562.1306736268291,2655502.8,-9999,279143.9,18.23,-1,-0.11557582385619782,0.9975791848995218,0.9259579978743496,0.968930710089453,5,1.9375,0.8125,13C1 N4 S1 P1 O13,de-protonated,1,1843,C16 H31 O13 N4 P1 S1 13C1,16,31,13,4,1,1,1,N/A
1853,562.167013,562.1669906614948,562.166998777309,2901287,-9999,281516.2,20.06,-1,-0.01443666073776905,0.9999621836927622,0,0.5999773102156574,12,1.2592592592592593,0.2962962962962963,N1 S1 P1 O8,de-protonated,0,-9999,C27 H34 O8 N1 P1 S1,27,34,8,1,1,1,-9999,N/A
1853,562.167013,562.1669906614948,562.1669261944492,2901287,-9999,281516.2,20.06,-1,0.1146759843031648,0.9976166888916504,0.9748831799448238,0.9885232853129196,17,1.0714285714285714,0.14285714285714285,13C1 N4 S2 O4,de-protonated,1,1845,C28 H30 O4 N4 S2 13C1,28,30,4,4,-9999,2,1,N/A
1853,562.167013,562.1669906614948,562.1670591361791,2901287,-9999,281516.2,20.06,-1,-0.12180486781182975,0.9973115703420348,0.8990753549255539,0.9580170841754424,4,2.0588235294117645,0.7058823529411765,13C1 N4 S1 P1 O12,de-protonated,1,1845,C17 H35 O12 N4 P1 S1 13C1,17,35,12,4,1,1,1,N/A
1854,562.203631,562.203608664898,562.203384286659,2605375.5,-9999,272499.8,17.85,-1,0.399105101864261,0.9715116362263244,0,0.5829069817357946,11,1.3571428571428572,0.25,N1 S1 P1 O7,de-protonated,0,-9999,C28 H38 O7 N1 P1 S1,28,38,7,1,1,1,-9999,N/A
1854,562.203631,562.203608664898,562.203963152479,2605375.5,-9999,272499.8,17.85,-1,-0.6305319853085114,0.9304018770881596,0.9856360188733396,0.9524955338022316,25,0.8108108108108109,0.02702702702702703,13C1 N2 S1 O1,de-protonated,1,1846,C37 H30 O1 N2 S1 13C1,37,30,1,2,-9999,1,1,N/A
1854,562.203631,562.203608664898,562.204096094209,2605375.5,-9999,272499.8,17.85,-1,-0.8669970824921456,0.8725004897174544,0.9491033376809356,0.9031416289028468,12,1.3461538461538465,0.34615384615384615,13C1 N2 P1 O9,de-protonated,1,1846,C26 H35 O9 N2 P1 13C1,26,35,9,2,1,-9999,1,N/A
1854,562.203631,562.203608664898,562.203311703799,2605375.5,-9999,272499.8,17.85,-1,0.5282094443934069,0.9506349681570578,0.9680644358720314,0.9576067552430472,16,1.1724137931034482,0.10344827586206896,13C1 N4 S2 O3,de-protonated,1,1846,C29 H34 O3 N4 S2 13C1,29,34,3,4,-9999,2,1,N/A
1854,562.203631,562.203608664898,562.2034446455291,2605375.5,-9999,272499.8,17.85,-1,0.291743799205365,0.9846747414006632,0.8935502559887522,0.9482249472358988,3,2.1666666666666665,0.6111111111111112,13C1 N4 S1 P1 O11,de-protonated,1,1846,C18 H39 O11 N4 P1 S1 13C1,18,39,11,4,1,1,1,N/A
1855,562.239951,562.2399286682736,562.239769796009,2229079.5,-9999,329898.7,15.04,-1,0.2825703074146344,0.985616497379716,0,0.5913698984278296,10,1.4482758620689655,0.20689655172413793,N1 S1 P1 O6,de-protonated,0,-9999,C29 H42 O6 N1 P1 S1,29,42,6,1,1,1,-9999,N/A
1855,562.239951,562.2399286682736,562.240481603559,2229079.5,-9999,329898.7,15.04,-1,-0.9834497933410292,0.8390438072015204,0.9146378514756822,0.8692814249111851,11,1.4444444444444444,0.2962962962962963,13C1 N2 P1 O8,de-protonated,1,1847,C27 H39 O8 N2 P1 13C1,27,39,8,2,1,-9999,1,N/A
1855,562.239951,562.2399286682736,562.239697213149,2229079.5,-9999,329898.7,15.04,-1,0.4116662798736586,0.9697180204819792,0.9332892327537492,0.9551465053906872,15,1.2666666666666666,0.06666666666666667,13C1 N4 S2 O2,de-protonated,1,1847,C30 H38 O2 N4 S2 13C1,30,38,2,4,-9999,2,1,N/A
1855,562.239951,562.2399286682736,562.2398301548791,2229079.5,-9999,329898.7,15.04,-1,0.17521596518326482,0.9944448971739798,0.8600358410746798,0.94068127473426,2,2.263157894736842,0.5263157894736842,13C1 N4 S1 P1 O10,de-protonated,1,1847,C19 H43 O10 N4 P1 S1 13C1,19,43,10,4,1,1,1,N/A
1856,563.033832,563.0338097420564,563.033482681949,2085224.6,-9999,265078.2,13.96,-1,0.5808892677109636,0.9406100215968002,0,0.5643660129580801,28,0.4857142857142857,0.05714285714285714,S2 P1 O2,de-protonated,0,-9999,C35 H17 O2 P1 S2,35,17,2,-9999,1,2,-9999,N/A
1856,563.033832,563.0338097420564,563.034330835119,2085224.6,-9999,265078.2,13.96,-1,-0.925508506458858,0.8560531834022183,0,0.5136319100413309,29,0.3636363636363637,0.18181818181818185,N2 S1 O6,de-protonated,0,-9999,C33 H12 O6 N2 S1,33,12,6,2,-9999,1,-9999,N/A
1856,563.033832,563.0338097420564,563.033679386439,2085224.6,-9999,265078.2,13.96,-1,0.23152365873656092,0.9903209157592636,0,0.5941925494555581,20,0.64,0.32,N4 S2 O8,de-protonated,0,-9999,C25 H16 O8 N4 S2,25,16,8,4,-9999,2,-9999,N/A
1857,563.049173,563.0491507434822,563.049586976409,1939826.9,-9999,354020.8,12.88,-1,-0.7747682210395979,0.896804454454199,0,0.5380826726725194,33,0.32432432432432434,0.08108108108108109,N2 S1 O3,de-protonated,0,-9999,C37 H12 O3 N2 S1,37,12,3,2,-9999,1,-9999,N/A
1857,563.049173,563.0491507434822,563.048935527729,1939826.9,-9999,354020.8,12.88,-1,0.38223276809718426,0.9738383094666492,0,0.5843029856799894,24,0.5517241379310345,0.1724137931034483,N4 S2 O5,de-protonated,0,-9999,C29 H16 O5 N4 S2,29,16,5,4,-9999,2,-9999,N/A
1857,563.049173,563.0491507434822,563.049068469459,1939826.9,-9999,354020.8,12.88,-1,0.14612229690853729,0.9961332526248508,0,0.5976799515749104,11,1.1666666666666667,0.7222222222222222,N4 S1 P1 O13,de-protonated,0,-9999,C18 H21 O13 N4 P1 S1,18,21,13,4,1,1,-9999,N/A
1858,563.070361,563.0703387454515,563.069868191299,7478145,-9999,253546.4,54.25,-1,0.8356940748444469,0.9049043589779084,0.9374336370655302,0.917916070212957,27,0.5833333333333334,0.02777777777777777,S2 P1 O1,de-protonated,0,-9999,C36 H21 O1 P1 S2,36,21,1,-9999,1,2,-9999,N/A
1858,563.070361,563.0703387454515,563.070716344469,7478145,-9999,253546.4,54.25,-1,-0.670606740035525,0.8972431678573225,0.9488169098751552,0.9178726646644556,28,0.4705882352941176,0.14705882352941177,N2 S1 O5,de-protonated,0,-9999,C34 H16 O5 N2 S1,34,16,5,2,-9999,1,-9999,N/A
1858,563.070361,563.0703387454515,563.0708492861991,7478145,-9999,253546.4,54.25,-1,-0.906707829376016,0.4307102843256159,0.8007932653391622,0.5787434767310344,15,0.9130434782608696,0.5652173913043478,N2 P1 O13,de-protonated,0,-9999,C23 H21 O13 N2 P1,23,21,13,2,1,-9999,-9999,N/A
1858,563.070361,563.0703387454515,563.070336221949,7478145,-9999,253546.4,54.25,-1,0.00448168260367921,0.9966700166257492,0.9374336370655302,0.9729754648016616,33,0.3611111111111111,0.05555555555555555,N4 P1 O2,de-protonated,0,-9999,C36 H13 O2 N4 P1,36,13,2,4,1,-9999,-9999,N/A
1858,563.070361,563.0703387454515,563.0700648957891,7478145,-9999,253546.4,54.25,-1,0.4863509526110108,0.9714657537892968,0.998193820255689,0.9821569803758536,19,0.7692307692307693,0.2692307692307692,N4 S2 O7,de-protonated,0,-9999,C26 H20 O7 N4 S2,26,20,7,4,-9999,2,-9999,N/A
1859,563.10478,563.1047577486503,563.105112994619,2540440,-9999,380364.2,17.36,-1,-0.6308697267431291,0.9303299577999956,0,0.5581979746799973,13,1.0769230769230769,0.38461538461538464,S2 O10,de-protonated,0,-9999,C26 H28 O10 S2,26,28,10,-9999,-9999,2,-9999,N/A
1859,563.10478,563.1047577486503,563.104243614749,2540440,-9999,380364.2,17.36,-1,0.9130350324357132,0.8596227855977935,0,0.515773671358676,14,0.96,0.6,O15,de-protonated,0,-9999,C25 H24 O15,25,24,15,-9999,-9999,-9999,-9999,N/A
1859,563.10478,563.1047577486503,563.104732872099,2540440,-9999,380364.2,17.36,-1,0.04417748566642218,0.9996459383224822,0,0.5997875629934892,18,0.8928571428571429,0.25,N2 S1 P1 O7,de-protonated,0,-9999,C28 H25 O7 N2 P1 S1,28,25,7,2,1,1,-9999,N/A
1860,563.106809,563.1067867488389,563.107101853819,8020889.5,-9999,235346.1,58.3,-1,-0.5595826781342288,0.9520481723686484,0.9283976849848008,0.9425879774151094,27,0.5714285714285714,0.11428571428571428,N2 S1 O4,de-protonated,0,-9999,C35 H20 O4 N2 S1,35,20,4,2,-9999,1,-9999,N/A
1860,563.106809,563.1067867488389,563.1072347955491,8020889.5,-9999,235346.1,58.3,-1,-0.7956685378734416,0.9015605879883876,0.9969150873782332,0.9397023877443258,14,1.0416666666666667,0.5,N2 P1 O12,de-protonated,0,-9999,C24 H25 O12 N2 P1,24,25,12,2,1,-9999,-9999,N/A
1860,563.106809,563.1067867488389,563.1067217312989,8020889.5,-9999,235346.1,58.3,-1,0.11546219837289294,0.995336943893417,0.9171909626050384,0.9640785513780656,32,0.4594594594594595,0.02702702702702703,N4 P1 O1,de-protonated,0,-9999,C37 H17 O1 N4 P1,37,17,1,4,1,-9999,-9999,N/A
1860,563.106809,563.1067867488389,563.1064504051391,8020889.5,-9999,235346.1,58.3,-1,0.597300385339733,0.9288185584230249,0.976977099287561,0.9480819747688394,18,0.8888888888888888,0.2222222222222222,N4 S2 O6,de-protonated,0,-9999,C27 H24 O6 N4 S2,27,24,6,4,-9999,2,-9999,N/A
1860,563.106809,563.1067867488389,563.106583346869,8020889.5,-9999,235346.1,58.3,-1,0.3612139795543901,0.9709806184942932,0.9445245532881504,0.960398192411836,5,1.8125,0.875,N4 S1 P1 O14,de-protonated,0,-9999,C16 H29 O14 N4 P1 S1,16,29,14,4,1,1,-9999,N/A
1861,563.141112,563.141089752027,563.141498503969,2737072.3,-9999,385903.6,18.83,-1,-0.7258423382117164,0.9088313694492016,0,0.545298821669521,12,1.1851851851851851,0.3333333333333333,S2 O9,de-protonated,0,-9999,C27 H32 O9 S2,27,32,9,-9999,-9999,2,-9999,N/A
1861,563.141112,563.141089752027,563.1406291240991,2737072.3,-9999,385903.6,18.83,-1,0.817962519736235,0.8856791341727024,0,0.5314074805036214,13,1.0769230769230769,0.5384615384615384,O14,de-protonated,0,-9999,C26 H28 O14,26,28,14,-9999,-9999,-9999,-9999,N/A
1861,563.141112,563.141089752027,563.141118381449,2737072.3,-9999,385903.6,18.83,-1,-0.05083880586224999,0.4997655702722842,0.7612342259156645,0.6043530325296362,17,1,0.20689655172413793,N2 S1 P1 O6,de-protonated,0,-9999,C29 H29 O6 N2 P1 S1,29,29,6,2,1,1,-9999,N/A
1862,563.143118,563.1430957522134,563.143487363169,8287153.5,-9999,220723.9,60.29,-1,-0.6954017304482818,0.904764029534578,0.9632281314263934,0.9281496702913042,26,0.6666666666666666,0.08333333333333333,N2 S1 O3,de-protonated,0,-9999,C36 H24 O3 N2 S1,36,24,3,2,-9999,1,-9999,N/A
1862,563.143118,563.1430957522134,563.1436203048991,8287153.5,-9999,220723.9,60.29,-1,-0.9314723042817924,0.42716734350937113,0.7871578612348809,0.571163550599575,13,1.16,0.44,N2 P1 O11,de-protonated,0,-9999,C25 H29 O11 N2 P1,25,29,11,2,1,-9999,-9999,N/A
1862,563.143118,563.1430957522134,563.1428359144891,8287153.5,-9999,220723.9,60.29,-1,0.4614064279465863,0.9689757535461082,0.9889707779111656,0.9769737632921311,17,1,0.17857142857142858,N4 S2 O5,de-protonated,0,-9999,C28 H28 O5 N4 S2,28,28,5,4,-9999,2,-9999,N/A
1862,563.143118,563.1430957522134,563.142968856219,8287153.5,-9999,220723.9,60.29,-1,0.22533530813759217,0.9938494769459978,0.911835298245994,0.9610438054659962,4,1.9411764705882353,0.7647058823529411,N4 S1 P1 O13,de-protonated,0,-9999,C17 H33 O13 N4 P1 S1,17,33,13,4,1,1,-9999,N/A
1863,563.179441,563.1794187555893,563.179872872519,8883146,-9999,274429,64.74,-1,-0.8063443876805408,0.8932630909636782,0.983089282908937,0.9291935677417816,25,0.7567567567567568,0.05405405405405406,N2 S1 O2,de-protonated,0,-9999,C37 H28 O2 N2 S1,37,28,2,2,-9999,1,-9999,N/A
1863,563.179441,563.1794187555893,563.1792214238391,8883146,-9999,274429,64.74,-1,0.3503889040894464,0.9757909911903871,0.9698693875080528,0.9734223497174536,16,1.103448275862069,0.13793103448275862,N4 S2 O4,de-protonated,0,-9999,C29 H32 O4 N4 S2,29,32,4,4,-9999,2,-9999,N/A
1863,563.179441,563.1794187555893,563.1793543655691,8883146,-9999,274429,64.74,-1,0.11433306220753744,0.99682509209098,0.894061562488783,0.9557196802501012,3,2.0555555555555554,0.6666666666666666,N4 S1 P1 O12,de-protonated,0,-9999,C18 H37 O12 N4 P1 S1,18,37,12,4,1,1,-9999,N/A
1864,563.215913,563.215890758979,563.2162583818689,6917090,-9999,223681.6,50.05,-1,-0.6527206636321178,0.9063742407050916,0.9717266100160508,0.9325151884294752,24,0.8421052631578947,0.02631578947368421,N2 S1 O1,de-protonated,0,-9999,C38 H32 O1 N2 S1,38,32,1,2,-9999,1,-9999,N/A
1864,563.215913,563.215890758979,563.216391323599,6917090,-9999,223681.6,50.05,-1,-0.8887607459731472,0.433235979973603,0.7739790330151772,0.5695332011902328,11,1.3703703703703705,0.3333333333333333,N2 P1 O9,de-protonated,0,-9999,C27 H37 O9 N2 P1,27,37,9,2,1,-9999,-9999,N/A
1864,563.215913,563.215890758979,563.2156069331891,6917090,-9999,223681.6,50.05,-1,0.5039380769975941,0.966970286585167,0.98197384472932,0.9729717098428284,15,1.2,0.1,N4 S2 O3,de-protonated,0,-9999,C30 H36 O3 N4 S2,30,36,3,4,-9999,2,-9999,N/A
1864,563.215913,563.215890758979,563.215739874919,6917090,-9999,223681.6,50.05,-1,0.2678974490240145,0.9925012441148,0.9074596648460408,0.9584846124072964,2,2.1578947368421053,0.5789473684210527,N4 S1 P1 O11,de-protonated,0,-9999,C19 H41 O11 N4 P1 S1,19,41,11,4,1,1,-9999,N/A
1865,563.252257,563.2522347623567,563.252776832949,3787770.8,-9999,282453.2,26.68,-1,-0.9623931113269,0.42265246022272984,0.7675537279851021,0.5606129673276787,10,1.4642857142857142,0.2857142857142857,N2 P1 O8,de-protonated,0,-9999,C28 H41 O8 N2 P1,28,41,8,2,1,-9999,-9999,N/A
1865,563.252257,563.2522347623567,563.2519924425391,3787770.8,-9999,282453.2,26.68,-1,0.43021564216650815,0.4834870727959294,0.748902346707035,0.5896531823603717,14,1.2903225806451613,0.06451612903225806,N4 S2 O2,de-protonated,0,-9999,C31 H40 O2 N4 S2,31,40,2,4,-9999,2,-9999,N/A
1865,563.252257,563.2522347623567,563.2521253842691,3787770.8,-9999,282453.2,26.68,-1,0.1941902793738125,0.9931809505618676,0,0.5959085703371205,1,2.25,0.5,N4 S1 P1 O10,de-protonated,0,-9999,C20 H45 O10 N4 P1 S1,20,45,10,4,1,1,-9999,N/A
1866,564.073605,564.0735828386925,564.073223026369,2080800.9,-9999,378564.8,13.92,-1,0.6378822975582271,0.928829256254828,0.9374336370655302,0.9322710085791088,27,0.6,0.02857142857142857,13C1 S2 P1 O1,de-protonated,1,1858,C35 H21 O1 P1 S2 13C1,35,21,1,-9999,1,2,1,N/A
1866,564.073605,564.0735828386925,564.073359371989,2080800.9,-9999,378564.8,13.92,-1,0.3961660300865105,0.9719237521003904,0,0.5831542512602342,27,0.5428571428571428,0.08571428571428572,N1 S2 O3,de-protonated,0,-9999,C35 H19 O3 N1 S2,35,19,3,1,-9999,2,-9999,N/A
1866,564.073605,564.0735828386925,564.073492313719,2080800.9,-9999,378564.8,13.92,-1,0.1604843600160672,0.9953376500401347,0,0.5972025900240809,14,1,0.4583333333333333,N1 S1 P1 O11,de-protonated,0,-9999,C24 H24 O11 N1 P1 S1,24,24,11,1,1,1,-9999,N/A
1866,564.073605,564.0735828386925,564.0740711795391,2080800.9,-9999,378564.8,13.92,-1,-0.8657388659356808,0.8728457075267759,0.9488169098751552,0.9032341884661276,28,0.48484848484848486,0.15151515151515152,13C1 N2 S1 O5,de-protonated,1,1858,C33 H16 O5 N2 S1 13C1,33,16,5,2,-9999,1,1,N/A
1866,564.073605,564.0735828386925,564.073691057019,2080800.9,-9999,378564.8,13.92,-1,-0.1918513986044864,0.9933436777286282,0.9374336370655302,0.970979661463389,33,0.37142857142857144,0.05714285714285714,13C1 N4 P1 O2,de-protonated,1,1858,C35 H13 O2 N4 P1 13C1,35,13,2,4,1,-9999,1,N/A
1866,564.073605,564.0735828386925,564.0734197308591,2080800.9,-9999,378564.8,13.92,-1,0.2891606441070347,0.9849428809854478,0.998193820255689,0.9902432566935442,19,0.8,0.28,13C1 N4 S2 O7,de-protonated,1,1858,C25 H20 O7 N4 S2 13C1,25,20,7,4,-9999,2,1,N/A
1867,564.110209,564.1101868420944,564.109744881339,2042937.4,-9999,253257.5,13.64,-1,0.7834659114623128,0.8946017595403614,0,0.5367610557242168,26,0.6388888888888888,0.05555555555555555,N1 S2 O2,de-protonated,0,-9999,C36 H23 O2 N1 S2,36,23,2,1,-9999,2,-9999,N/A
1867,564.110209,564.1101868420944,564.109877823069,2042937.4,-9999,253257.5,13.64,-1,0.5477993517624351,0.9470059800042556,0,0.5682035880025533,13,1.12,0.4,N1 S1 P1 O10,de-protonated,0,-9999,C25 H28 O10 N1 P1 S1,25,28,10,1,1,1,-9999,N/A
1867,564.110209,564.1101868420944,564.110456688889,2042937.4,-9999,253257.5,13.64,-1,-0.47835807933545155,0.9593298999644536,0.9283976849848008,0.9469570139725924,27,0.5882352941176471,0.1176470588235294,13C1 N2 S1 O4,de-protonated,1,1860,C34 H20 O4 N2 S1 13C1,34,20,4,2,-9999,1,1,N/A
1867,564.110209,564.1101868420944,564.110589630619,2042937.4,-9999,253257.5,13.64,-1,-0.71402404409527,0.9116418771164608,0.9969150873782332,0.9457511612211698,14,1.0869565217391304,0.5217391304347826,13C1 N2 P1 O12,de-protonated,1,1860,C23 H25 O12 N2 P1 13C1,23,25,12,2,1,-9999,1,N/A
1867,564.110209,564.1101868420944,564.110725976239,2042937.4,-9999,253257.5,13.64,-1,-0.9557239735641948,0.8472692581419077,0,0.5083615548851446,14,1,0.6086956521739131,N3 O14,de-protonated,0,-9999,C23 H23 O14 N3,23,23,14,3,-9999,-9999,-9999,N/A
1867,564.110209,564.1101868420944,564.110076566369,2042937.4,-9999,253257.5,13.64,-1,0.19548618259792824,0.9930899510513164,0.9171909626050384,0.9627303556728052,32,0.4722222222222222,0.02777777777777777,13C1 N4 P1 O1,de-protonated,1,1860,C36 H17 O1 N4 P1 13C1,36,17,1,4,1,-9999,1,N/A
1867,564.110209,564.1101868420944,564.1098052402092,2042937.4,-9999,253257.5,13.64,-1,0.676467385769196,0.920321334817066,0.976977099287561,0.942983640605264,18,0.9230769230769232,0.2307692307692308,13C1 N4 S2 O6,de-protonated,1,1860,C26 H24 O6 N4 S2 13C1,26,24,6,4,-9999,2,1,N/A
1867,564.110209,564.1101868420944,564.109938181939,2042937.4,-9999,253257.5,13.64,-1,0.4408008769042856,0.9653578069654934,0.9445245532881504,0.957024505494556,5,1.9333333333333331,0.9333333333333332,13C1 N4 S1 P1 O14,de-protonated,1,1860,C15 H29 O14 N4 P1 S1 13C1,15,29,14,4,1,1,1,N/A
1868,564.14642,564.1463978454598,564.146130390689,2667089.8,-9999,324382.8,18.3,-1,0.4740877520389354,0.48001907248516545,0.7141928963326545,0.573688602024161,25,0.7297297297297297,0.02702702702702703,N1 S2 O1,de-protonated,0,-9999,C37 H27 O1 N1 S2,37,27,1,1,-9999,2,-9999,N/A
1868,564.14642,564.1463978454598,564.146263332419,2667089.8,-9999,324382.8,18.3,-1,0.238436464933488,0.989737313219884,0,0.5938423879319303,12,1.2307692307692308,0.34615384615384615,N1 S1 P1 O9,de-protonated,0,-9999,C26 H32 O9 N1 P1 S1,26,32,9,1,1,1,-9999,N/A
1868,564.14642,564.1463978454598,564.1468421982391,2667089.8,-9999,324382.8,18.3,-1,-0.7876544653459735,0.8935341858002592,0.9632281314263934,0.9214117640507128,26,0.6857142857142857,0.08571428571428572,13C1 N2 S1 O3,de-protonated,1,1862,C35 H24 O3 N2 S1 13C1,35,24,3,2,-9999,1,1,N/A
1868,564.14642,564.1463978454598,564.1461907495591,2667089.8,-9999,324382.8,18.3,-1,0.36709616068894496,0.97584457635315,0.9889707779111656,0.98109505697635635,17,1.037037037037037,0.18518518518518515,13C1 N4 S2 O5,de-protonated,1,1862,C27 H28 O5 N4 S2 13C1,27,28,5,4,-9999,2,1,N/A
1868,564.14642,564.1463978454598,564.146323691289,2667089.8,-9999,324382.8,18.3,-1,0.1314449242103976,0.9968698807456696,0.911835298245994,0.9628560477457996,4,2.0625,0.8125,13C1 N4 S1 P1 O13,de-protonated,1,1862,C16 H33 O13 N4 P1 S1 13C1,16,33,13,4,1,1,1,N/A
1869,564.182815,564.1827928488423,564.182648841769,3267178.3,-9999,296349.3,22.79,-1,0.2552490288865057,0.4941239227511224,0.7739790330151772,0.6060659668567443,11,1.3333333333333333,0.2962962962962963,N1 S1 P1 O8,de-protonated,0,-9999,C27 H36 O8 N1 P1 S1,27,36,8,1,1,1,-9999,N/A
1869,564.182815,564.1827928488423,564.183227707589,3267178.3,-9999,296349.3,22.79,-1,-0.7707757434131141,0.8978091132447386,0.983089282908937,0.931921181110418,25,0.7777777777777778,0.05555555555555555,13C1 N2 S1 O2,de-protonated,1,1863,C36 H28 O2 N2 S1 13C1,36,28,2,2,-9999,1,1,N/A
1869,564.182815,564.1827928488423,564.1825762589091,3267178.3,-9999,296349.3,22.79,-1,0.3839004292275776,0.973612572631928,0.9698693875080528,0.972115298582378,16,1.1428571428571428,0.14285714285714285,13C1 N4 S2 O4,de-protonated,1,1863,C28 H32 O4 N4 S2 13C1,28,32,4,4,-9999,2,1,N/A
1869,564.182815,564.1827928488423,564.1827092006391,3267178.3,-9999,296349.3,22.79,-1,0.148264386306814,0.9960192795743984,0.894061562488783,0.9552361927401524,3,2.176470588235294,0.7058823529411765,13C1 N4 S1 P1 O12,de-protonated,1,1863,C17 H37 O12 N4 P1 S1 13C1,17,37,12,4,1,1,1,N/A
1870,564.219177,564.2191548522217,564.219034351119,2468482.8,-9999,269030.3,16.82,-1,0.2135714949198858,0.9917577753039442,0,0.5950546651823665,10,1.4285714285714286,0.25,N1 S1 P1 O7,de-protonated,0,-9999,C28 H40 O7 N1 P1 S1,28,40,7,1,1,1,-9999,N/A
1870,564.219177,564.2191548522217,564.2196132169389,2468482.8,-9999,269030.3,16.82,-1,-0.8123870679243066,0.8871411404878001,0.9717266100160508,0.9209753282991004,24,0.8648648648648649,0.02702702702702703,13C1 N2 S1 O1,de-protonated,1,1864,C37 H32 O1 N2 S1 13C1,37,32,1,2,-9999,1,1,N/A
1870,564.219177,564.2191548522217,564.2189617682591,2468482.8,-9999,269030.3,16.82,-1,0.34221459339214083,0.9789745762589104,0.98197384472932,0.9801742836470744,15,1.2413793103448276,0.10344827586206896,13C1 N4 S2 O3,de-protonated,1,1864,C29 H36 O3 N4 S2 13C1,29,36,3,4,-9999,2,1,N/A
1870,564.219177,564.2191548522217,564.2190947099891,2468482.8,-9999,269030.3,16.82,-1,0.10659375605252552,0.9979404622696516,0.9074596648460408,0.9617481433002072,2,2.2777777777777777,0.6111111111111112,13C1 N4 S1 P1 O11,de-protonated,1,1864,C18 H41 O11 N4 P1 S1 13C1,18,41,11,4,1,1,1,N/A
1871,565.049592,565.0495699294,565.049132746409,3684529.8,-9999,262755.4,25.9,-1,0.7737079232822618,0.44853583097561905,0.725399618712417,0.5592813460703383,27,0.5428571428571428,0.05714285714285714,S2 P1 O2,de-protonated,0,-9999,C35 H19 O2 P1 S2,35,19,2,-9999,1,2,-9999,N/A
1871,565.049592,565.0495699294,565.049980899579,3684529.8,-9999,262755.4,25.9,-1,-0.7273165081152617,0.4542390877050804,0.7369636471990461,0.5673289115026666,28,0.42424242424242425,0.18181818181818185,N2 S1 O6,de-protonated,0,-9999,C33 H14 O6 N2 S1,33,14,6,2,-9999,1,-9999,N/A
1871,565.049592,565.0495699294,565.050113841309,3684529.8,-9999,262755.4,25.9,-1,-0.9625905660847492,0.4226233116759461,0.8077896627745539,0.5766898521153893,15,0.8636363636363636,0.6363636363636364,N2 P1 O14,de-protonated,0,-9999,C22 H19 O14 N2 P1,22,19,14,2,1,-9999,-9999,N/A
1871,565.049592,565.0495699294,565.049600777059,3684529.8,-9999,262755.4,25.9,-1,-0.05459283388277686,0.4997296803070108,0.7253996187124169,0.5899976556691733,33,0.3142857142857143,0.08571428571428572,N4 P1 O3,de-protonated,0,-9999,C35 H11 O3 N4 P1,35,11,3,4,1,-9999,-9999,N/A
1871,565.049592,565.0495699294,565.049329450899,3684529.8,-9999,262755.4,25.9,-1,0.42558850795371006,0.48383459392476774,0.787157861234881,0.605163900848813,19,0.72,0.32,N4 S2 O8,de-protonated,0,-9999,C25 H18 O8 N4 S2,25,18,8,4,-9999,2,-9999,N/A
1872,565.06498,565.0649579308302,565.065237040869,2484924.3,-9999,265986,16.94,-1,-0.4939430359937586,0.47834790296990015,0.7141928963326545,0.5726859003150019,32,0.3783783783783784,0.08108108108108109,N2 S1 O3,de-protonated,0,-9999,C37 H14 O3 N2 S1,37,14,3,2,-9999,1,-9999,N/A
1872,565.06498,565.0649579308302,565.065369982599,2484924.3,-9999,265986,16.94,-1,-0.7292107969298419,0.9080234759422512,0,0.5448140855653507,19,0.7307692307692307,0.4230769230769231,N2 P1 O11,de-protonated,0,-9999,C26 H19 O11 N2 P1,26,19,11,2,1,-9999,-9999,N/A
1872,565.06498,565.0649579308302,565.064585592189,2484924.3,-9999,265986,16.94,-1,0.6589311217182924,0.92424023586984,0,0.554544141521904,23,0.6206896551724138,0.1724137931034483,N4 S2 O5,de-protonated,0,-9999,C29 H18 O5 N4 S2,29,18,5,4,-9999,2,-9999,N/A
1872,565.06498,565.0649579308302,565.0647185339191,2484924.3,-9999,265986,16.94,-1,0.4236628183134489,0.9679563767868272,0,0.5807738260720963,10,1.2777777777777777,0.7222222222222222,N4 S1 P1 O13,de-protonated,0,-9999,C18 H23 O13 N4 P1 S1,18,23,13,4,1,1,-9999,N/A
1873,565.083976,565.0839539325957,565.0843775497291,1995465.1,-9999,293851,13.28,-1,-0.7496528840799614,0.9030562525512148,0,0.5418337515307289,13,1.04,0.44,S2 O11,de-protonated,0,-9999,C25 H26 O11 S2,25,26,11,-9999,-9999,2,-9999,N/A
1873,565.083976,565.0839539325957,565.0835081698591,1995465.1,-9999,293851,13.28,-1,0.7888440029817518,0.8932301933103385,0,0.5359381159862031,14,0.9166666666666666,0.6666666666666666,O16,de-protonated,0,-9999,C24 H22 O16,24,22,16,-9999,-9999,-9999,-9999,N/A
1873,565.083976,565.0839539325957,565.083997427209,1995465.1,-9999,293851,13.28,-1,-0.07697017354762577,0.9989256016006096,0,0.5993553609603657,18,0.8518518518518519,0.2962962962962963,N2 S1 P1 O8,de-protonated,0,-9999,C27 H23 O8 N2 P1 S1,27,23,8,2,1,1,-9999,N/A
1874,565.085994,565.0859719327833,565.0855182557589,7774410.5,-9999,251766.9,56.45,-1,0.8028466661805564,0.9037692441555336,0.9463059752641958,0.9207839365989984,26,0.6388888888888888,0.02777777777777777,S2 P1 O1,de-protonated,0,-9999,C36 H23 O1 P1 S2,36,23,1,-9999,1,2,-9999,N/A
1874,565.085994,565.0859719327833,565.086366408929,7774410.5,-9999,251766.9,56.45,-1,-0.6980811592573755,0.9014110925432476,0.9576892480738208,0.9239223547554768,27,0.5294117647058824,0.14705882352941177,N2 S1 O5,de-protonated,0,-9999,C34 H18 O5 N2 S1,34,18,5,2,-9999,1,-9999,N/A
1874,565.085994,565.0859719327833,565.086499350659,7774410.5,-9999,251766.9,56.45,-1,-0.9333400749789984,0.4268974618666614,0.8007932653391622,0.5764557832556617,14,1,0.5652173913043478,N2 P1 O13,de-protonated,0,-9999,C23 H23 O13 N2 P1,23,23,13,2,1,-9999,-9999,N/A
1874,565.085994,565.0859719327833,565.085986286409,7774410.5,-9999,251766.9,56.45,-1,-0.02540078158703871,0.9981734451139376,0.9463059752641958,0.977426457174041,32,0.4166666666666667,0.05555555555555555,N4 P1 O2,de-protonated,0,-9999,C36 H15 O2 N4 P1,36,15,2,4,1,-9999,-9999,N/A
1874,565.085994,565.0859719327833,565.0857149602491,7774410.5,-9999,251766.9,56.45,-1,0.4547496554940099,0.9712331344499224,0.9929338415456452,0.9799134172882116,18,0.8461538461538461,0.2692307692307692,N4 S2 O7,de-protonated,0,-9999,C26 H22 O7 N4 S2,26,22,7,4,-9999,2,-9999,N/A
1875,565.101122,565.1010999341893,565.1016225502191,2252500.8,-9999,281413.5,15.2,-1,-0.924817783108612,0.42812586384348544,0.7087183895694521,0.5403628741338721,31,0.47368421052631576,0.05263157894736842,N2 S1 O2,de-protonated,0,-9999,C38 H18 O2 N2 S1,38,18,2,2,-9999,1,-9999,N/A
1875,565.101122,565.1010999341893,565.101484165789,2252500.8,-9999,281413.5,15.2,-1,-0.6799338003216502,0.919536502760502,0,0.5517219016563011,4,1.7647058823529411,0.8823529411764706,N2 S2 O15,de-protonated,0,-9999,C17 H30 O15 N2 S2,17,30,15,2,-9999,2,-9999,N/A
1875,565.101122,565.1010999341893,565.1009711015391,2252500.8,-9999,281413.5,15.2,-1,0.22798164706200905,0.9906134215230724,0,0.5943680529138435,22,0.7333333333333333,0.13333333333333333,N4 S2 O4,de-protonated,0,-9999,C30 H22 O4 N4 S2,30,22,4,4,-9999,2,-9999,N/A
1875,565.101122,565.1010999341893,565.1011040432691,2252500.8,-9999,281413.5,15.2,-1,-0.00727140639579449,0.9999904062459456,0,0.5999942437475673,9,1.4210526315789471,0.631578947368421,N4 S1 P1 O12,de-protonated,0,-9999,C19 H27 O12 N4 P1 S1,19,27,12,4,1,1,-9999,N/A
1876,565.12245,565.1224279361714,565.122751918279,7885027,-9999,248774.1,57.27,-1,-0.573295105359792,0.9361108680853064,0.9333266816314418,0.9349971935037604,26,0.6285714285714286,0.11428571428571428,N2 S1 O4,de-protonated,0,-9999,C35 H22 O4 N2 S1,35,22,4,2,-9999,1,-9999,N/A
1876,565.12245,565.1224279361714,565.1228848600091,7885027,-9999,248774.1,57.27,-1,-0.8085389034623164,0.8803629243217633,0.9981559159751257,0.9274801209831084,13,1.125,0.5,N2 P1 O12,de-protonated,0,-9999,C24 H27 O12 N2 P1,24,27,12,2,1,-9999,-9999,N/A
1876,565.12245,565.1224279361714,565.1223717957589,7885027,-9999,248774.1,57.27,-1,0.09934204579587418,0.9989634604095982,0.9221199592516792,0.9682260599464306,31,0.5135135135135135,0.02702702702702703,N4 P1 O1,de-protonated,0,-9999,C37 H19 O1 N4 P1,37,19,1,4,1,-9999,-9999,N/A
1876,565.12245,565.1224279361714,565.1221004695991,7885027,-9999,248774.1,57.27,-1,0.579461627976897,0.9466113272621852,0.981906095934202,0.960729234730992,17,0.9629629629629628,0.2222222222222222,N4 S2 O6,de-protonated,0,-9999,C27 H26 O6 N4 S2,27,26,6,4,-9999,2,-9999,N/A
1876,565.12245,565.1224279361714,565.122233411329,7885027,-9999,248774.1,57.27,-1,0.3442172877172406,0.9821007272542293,0.9395955566415092,0.9650986590091412,4,1.9375,0.875,N4 S1 P1 O14,de-protonated,0,-9999,C16 H31 O14 N4 P1 S1,16,31,14,4,1,1,-9999,N/A
1877,565.158943,565.1589209395631,565.1591374276289,8583420,-9999,229544.1,62.49,-1,-0.3830568267696106,0.943313254668038,0.9851223108394082,0.960036877136586,25,0.7222222222222222,0.08333333333333333,N2 S1 O3,de-protonated,0,-9999,C36 H26 O3 N2 S1,36,26,3,2,-9999,1,-9999,N/A
1877,565.158943,565.1589209395631,565.159270369359,8583420,-9999,229544.1,62.49,-1,-0.6182855243946999,0.891917351170777,0.947472465248372,0.914139396801815,12,1.24,0.44,N2 P1 O11,de-protonated,0,-9999,C25 H31 O11 N2 P1,25,31,11,2,1,-9999,-9999,N/A
1877,565.158943,565.1589209395631,565.158485978949,8583420,-9999,229544.1,62.49,-1,0.7696259101369424,0.931638434320569,0.9670765984981508,0.9458136999916016,16,1.0714285714285714,0.17857142857142858,N4 S2 O5,de-protonated,0,-9999,C28 H30 O5 N4 S2,28,30,5,4,-9999,2,-9999,N/A
1877,565.158943,565.1589209395631,565.158618920679,8583420,-9999,229544.1,62.49,-1,0.5343966702232787,0.9708730500618594,0.8899411188329793,0.9385002775703072,3,2.0588235294117645,0.7647058823529411,N4 S1 P1 O13,de-protonated,0,-9999,C17 H35 O13 N4 P1 S1,17,35,13,4,1,1,-9999,N/A
1878,565.19511,565.1950879429245,565.195522936979,8296724,-9999,283805.2,60.35,-1,-0.7696346430659001,0.9331756325997876,0.9599463433413395,0.9438839168964084,24,0.8108108108108109,0.05405405405405406,N2 S1 O2,de-protonated,0,-9999,C37 H30 O2 N2 S1,37,30,2,2,-9999,1,-9999,N/A
1878,565.19511,565.1950879429245,565.1948714882991,8296724,-9999,283805.2,60.35,-1,0.3829734420944358,0.9409158347936604,0.9930123270756503,0.9617544317064564,15,1.1724137931034482,0.13793103448275862,N4 S2 O4,de-protonated,0,-9999,C29 H34 O4 N4 S2,29,34,4,4,-9999,2,-9999,N/A
1878,565.19511,565.1950879429245,565.1950044300291,8296724,-9999,283805.2,60.35,-1,0.14775943645901032,0.9763556980908736,0.9172045020563804,0.9526952196770764,2,2.1666666666666665,0.6666666666666666,N4 S1 P1 O12,de-protonated,0,-9999,C18 H39 O12 N4 P1 S1,18,39,12,4,1,1,-9999,N/A
1879,565.231548,565.231525946311,565.2319084463289,5126445,-9999,283258.8,36.67,-1,-0.6767134201862893,0.9081915746426892,0.9972182434581064,0.943802242168856,23,0.8947368421052632,0.02631578947368421,N2 S1 O1,de-protonated,0,-9999,C38 H34 O1 N2 S1,38,34,1,2,-9999,1,-9999,N/A
1879,565.231548,565.231525946311,565.2320413880591,5126445,-9999,283258.8,36.67,-1,-0.9119117643348836,0.42997129194913014,0.7739790330151771,0.567574388375549,10,1.4444444444444444,0.3333333333333333,N2 P1 O9,de-protonated,0,-9999,C27 H39 O9 N2 P1,27,39,9,2,1,-9999,-9999,N/A
1879,565.231548,565.231525946311,565.231256997649,5126445,-9999,283258.8,36.67,-1,0.47582057547822887,0.9674111776865536,0.9564822112872646,0.963039591126838,14,1.2666666666666666,0.1,N4 S2 O3,de-protonated,0,-9999,C30 H38 O3 N4 S2,30,38,3,4,-9999,2,-9999,N/A
1879,565.231548,565.231525946311,565.231389939379,5126445,-9999,283258.8,36.67,-1,0.2406216893819777,0.9930443924430932,0.8819680314039855,0.9486138480274502,1,2.263157894736842,0.5789473684210527,N4 S1 P1 O11,de-protonated,0,-9999,C19 H43 O11 N4 P1 S1,19,43,11,4,1,1,-9999,N/A
1880,565.267906,565.2678839496901,565.2684268974091,1851205.4,-9999,332961,12.2,-1,-0.960513082113929,0.8458595874969228,0,0.5075157524981536,9,1.5357142857142858,0.2857142857142857,N2 P1 O8,de-protonated,0,-9999,C28 H43 O8 N2 P1,28,43,8,2,1,-9999,-9999,N/A
1880,565.267906,565.2678839496901,565.2676425069991,1851205.4,-9999,332961,12.2,-1,0.4271298636134084,0.9674384401198672,0,0.5804630640719203,13,1.3548387096774193,0.06451612903225806,N4 S2 O2,de-protonated,0,-9999,C31 H42 O2 N4 S2,31,42,2,4,-9999,2,-9999,N/A
1880,565.267906,565.2678839496901,565.267775448729,1851205.4,-9999,332961,12.2,-1,0.19194612859838903,0.9933371247068792,0,0.5960022748241274,0,2.35,0.5,N4 S1 P1 O10,de-protonated,0,-9999,C20 H47 O10 N4 P1 S1,20,47,10,4,1,1,-9999,N/A
1881,566.089284,566.0892620260286,566.088873090829,2277233.5,-9999,421560.9,15.38,-1,0.6870567821677118,0.9179133231875204,0.9463059752641958,0.9292703840181906,26,0.6571428571428571,0.02857142857142857,13C1 S2 P1 O1,de-protonated,1,1874,C35 H23 O1 P1 S2 13C1,35,23,1,-9999,1,2,1,N/A
1881,566.089284,566.0892620260286,566.089009436449,2277233.5,-9999,421560.9,15.38,-1,0.4462011721142869,0.4822595641982689,0.7253996187124169,0.579515586003928,26,0.6,0.08571428571428572,N1 S2 O3,de-protonated,0,-9999,C35 H21 O3 N1 S2,35,21,3,1,-9999,2,-9999,N/A
1881,566.089284,566.0892620260286,566.089142378179,2277233.5,-9999,421560.9,15.38,-1,0.21135867241443632,0.9919269987892616,0,0.5951561992735569,13,1.0833333333333333,0.4583333333333333,N1 S1 P1 O11,de-protonated,0,-9999,C24 H26 O11 N1 P1 S1,24,26,11,1,1,1,-9999,N/A
1881,566.089284,566.0892620260286,566.0897212439991,2277233.5,-9999,421560.9,15.38,-1,-0.8112105789383846,0.8874486709145791,0.9576892480738208,0.9155449017782756,27,0.5454545454545454,0.15151515151515152,13C1 N2 S1 O5,de-protonated,1,1874,C33 H18 O5 N2 S1 13C1,33,18,5,2,-9999,1,1,N/A
1881,566.089284,566.0892620260286,566.089341121479,2277233.5,-9999,421560.9,15.38,-1,-0.13972255742705111,0.9964639540142984,0.9463059752641958,0.9764007625142574,32,0.42857142857142855,0.05714285714285714,13C1 N4 P1 O2,de-protonated,1,1874,C35 H15 O2 N4 P1 13C1,35,15,2,4,1,-9999,1,N/A
1881,566.089284,566.0892620260286,566.0890697953191,2277233.5,-9999,421560.9,15.38,-1,0.3395767904759837,0.9792940903060908,0.9929338415456452,0.9847499908019126,18,0.88,0.28,13C1 N4 S2 O7,de-protonated,1,1874,C25 H22 O7 N4 S2 13C1,25,22,7,4,-9999,2,1,N/A
1882,566.125771,566.1257490294196,566.125394945799,2069898.4,-9999,282277.3,13.83,-1,0.6254508695624358,0.9314798768852875,0,0.5588879261311726,25,0.6944444444444444,0.05555555555555555,N1 S2 O2,de-protonated,0,-9999,C36 H25 O2 N1 S2,36,25,2,1,-9999,2,-9999,N/A
1882,566.125771,566.1257490294196,566.1255278875291,2069898.4,-9999,282277.3,13.83,-1,0.3906234211543873,0.9726931139089384,0,0.5836158683453629,12,1.2,0.4,N1 S1 P1 O10,de-protonated,0,-9999,C25 H30 O10 N1 P1 S1,25,30,10,1,1,1,-9999,N/A
1882,566.125771,566.1257490294196,566.1261067533491,2069898.4,-9999,282277.3,13.83,-1,-0.6318802917149321,0.9301145694645108,0.9333266816314418,0.9313994143312831,26,0.6470588235294118,0.1176470588235294,13C1 N2 S1 O4,de-protonated,1,1876,C34 H22 O4 N2 S1 13C1,34,22,4,2,-9999,1,1,N/A
1882,566.125771,566.1257490294196,566.126239695079,2069898.4,-9999,282277.3,13.83,-1,-0.8667071494112384,0.8725800712123465,0.9981559159751257,0.9228104091174582,13,1.173913043478261,0.5217391304347826,13C1 N2 P1 O12,de-protonated,1,1876,C23 H27 O12 N2 P1 13C1,23,27,12,2,1,-9999,1,N/A
1882,566.125771,566.1257490294196,566.1257266308289,2069898.4,-9999,282277.3,13.83,-1,0.03956469315035,0.9997160069209692,0.9221199592516792,0.9686775878532532,31,0.5277777777777778,0.02777777777777777,13C1 N4 P1 O1,de-protonated,1,1876,C36 H19 O1 N4 P1 13C1,36,19,1,4,1,-9999,1,N/A
1882,566.125771,566.1257490294196,566.1254553046691,2069898.4,-9999,282277.3,13.83,-1,0.518833321679954,0.952329860753822,0.981906095934202,0.964160354825974,17,1,0.2307692307692308,13C1 N4 S2 O6,de-protonated,1,1876,C26 H26 O6 N4 S2 13C1,26,26,6,4,-9999,2,1,N/A
1882,566.125771,566.1257490294196,566.125588246399,2069898.4,-9999,282277.3,13.83,-1,0.2840059235461348,0.9854710431263988,0.9395955566415092,0.967120848532443,4,2.066666666666667,0.9333333333333332,13C1 N4 S1 P1 O14,de-protonated,1,1876,C15 H31 O14 N4 P1 S1 13C1,15,31,14,4,1,1,1,N/A
1883,566.162113,566.1620910327972,566.161780455149,3100579,-9999,274310.2,21.53,-1,0.5485669624841124,0.4734306897002288,0.7141928963326545,0.5697355723531992,24,0.7837837837837838,0.02702702702702703,N1 S2 O1,de-protonated,0,-9999,C37 H29 O1 N1 S2,37,29,1,1,-9999,2,-9999,N/A
1883,566.162113,566.1620910327972,566.1619133968791,3100579,-9999,274310.2,21.53,-1,0.31375462377736474,0.4911482089099457,0.7805128205128198,0.6068940535510953,11,1.3076923076923077,0.34615384615384615,N1 S1 P1 O9,de-protonated,0,-9999,C26 H34 O9 N1 P1 S1,26,34,9,1,1,1,-9999,N/A
1883,566.162113,566.1620910327972,566.1624922626991,3100579,-9999,274310.2,21.53,-1,-0.708683297352598,0.9128996292659248,0.9851223108394082,0.9417887018953182,25,0.7428571428571429,0.08571428571428572,13C1 N2 S1 O3,de-protonated,1,1877,C35 H26 O3 N2 S1 13C1,35,26,3,2,-9999,1,1,N/A
1883,566.162113,566.1620910327972,566.1626252044291,3100579,-9999,274310.2,21.53,-1,-0.9434950456243624,0.8508473718814867,0.947472465248372,0.8894974092282408,12,1.2916666666666667,0.4583333333333333,13C1 N2 P1 O11,de-protonated,1,1877,C24 H31 O11 N2 P1 13C1,24,31,11,2,1,-9999,1,N/A
1883,566.162113,566.1620910327972,566.1618408140191,3100579,-9999,274310.2,21.53,-1,0.4419562747856472,0.9651791685874104,0.9670765984981508,0.9659381405517066,16,1.1111111111111112,0.18518518518518515,13C1 N4 S2 O5,de-protonated,1,1877,C27 H30 O5 N4 S2 13C1,27,30,5,4,-9999,2,1,N/A
1883,566.162113,566.1620910327972,566.161973755749,3100579,-9999,274310.2,21.53,-1,0.20714398634667608,0.9922445154308224,0.8899411188329793,0.9513231567916852,3,2.1875,0.8125,13C1 N4 S1 P1 O13,de-protonated,1,1877,C16 H35 O13 N4 P1 S1 13C1,16,35,13,4,1,1,1,N/A
1884,566.198661,566.198639036194,566.1982989062291,2703291.8,-9999,281054.6,18.56,-1,0.6007258686017617,0.9366180859888515,0,0.561970851593311,10,1.4074074074074074,0.2962962962962963,N1 S1 P1 O8,de-protonated,0,-9999,C27 H38 O8 N1 P1 S1,27,38,8,1,1,1,-9999,N/A
1884,566.198661,566.198639036194,566.1988777720491,2703291.8,-9999,281054.6,18.56,-1,-0.4216466412245973,0.9682557556745588,0.9599463433413395,0.964931990741271,24,0.8333333333333334,0.05555555555555555,13C1 N2 S1 O2,de-protonated,1,1878,C36 H30 O2 N2 S1 13C1,36,30,2,2,-9999,1,1,N/A
1884,566.198661,566.198639036194,566.199147059399,2703291.8,-9999,281054.6,18.56,-1,-0.8972518020940737,0.8640909721327066,0,0.5184545832796239,11,1.32,0.48,N3 O12,de-protonated,0,-9999,C25 H33 O12 N3,25,33,12,3,-9999,-9999,-9999,N/A
1884,566.198661,566.198639036194,566.1982263233691,2703291.8,-9999,281054.6,18.56,-1,0.7289193177949167,0.9080935038905948,0.9930123270756503,0.9420610331646172,15,1.2142857142857142,0.14285714285714285,13C1 N4 S2 O4,de-protonated,1,1878,C28 H34 O4 N4 S2 13C1,28,34,4,4,-9999,2,1,N/A
1884,566.198661,566.198639036194,566.198359265099,2703291.8,-9999,281054.6,18.56,-1,0.49412205168021406,0.956665101769126,0.9172045020563804,0.940880861884028,2,2.2941176470588234,0.7058823529411765,13C1 N4 S1 P1 O12,de-protonated,1,1878,C17 H39 O12 N4 P1 S1 13C1,17,39,12,4,1,1,1,N/A
1885,566.234845,566.2348230395568,566.2346844155791,2078676.5,-9999,398886.1,13.9,-1,0.24481717831871544,0.9891837124849738,0,0.5935102274909843,9,1.5,0.25,N1 S1 P1 O7,de-protonated,0,-9999,C28 H42 O7 N1 P1 S1,28,42,7,1,1,1,-9999,N/A
1885,566.234845,566.2348230395568,566.2352632813989,2078676.5,-9999,398886.1,13.9,-1,-0.7774892711896031,0.8961174089765572,0.9972182434581064,0.9365577427691768,23,0.918918918918919,0.02702702702702703,13C1 N2 S1 O1,de-protonated,1,1879,C37 H34 O1 N2 S1 13C1,37,34,1,2,-9999,1,1,N/A
1885,566.234845,566.2348230395568,566.234611832719,2078676.5,-9999,398886.1,13.9,-1,0.3730023445439452,0.9750709010154444,0.9564822112872646,0.9676354251241726,14,1.3103448275862069,0.10344827586206896,13C1 N4 S2 O3,de-protonated,1,1879,C29 H38 O3 N4 S2 13C1,29,38,3,4,-9999,2,1,N/A
1885,566.234845,566.2348230395568,566.2347447744492,2078676.5,-9999,398886.1,13.9,-1,0.13822024935798766,0.9965394539031877,0.8819680314039855,0.9507108849035066,1,2.388888888888889,0.6111111111111112,13C1 N4 S1 P1 O11,de-protonated,1,1879,C18 H43 O11 N4 P1 S1 13C1,18,43,11,4,1,1,1,N/A
1886,567.044085,567.0440631147671,567.0445015959791,3229179.5,-9999,269864.1,22.49,-1,-0.7732747795601576,0.4485903684288941,0.7197526373226611,0.5570552759864009,32,0.3333333333333333,0.1111111111111111,N2 S1 O4,de-protonated,0,-9999,C36 H12 O4 N2 S1,36,12,4,2,-9999,1,-9999,N/A
1886,567.044085,567.0440631147671,567.0438501472989,3229179.5,-9999,269864.1,22.49,-1,0.37557495446897893,0.48736511909600905,0.7675537279851021,0.5994405626516464,23,0.5714285714285714,0.21428571428571427,N4 S2 O6,de-protonated,0,-9999,C28 H16 O6 N4 S2,28,16,6,4,-9999,2,-9999,N/A
1886,567.044085,567.0440631147671,567.0439830890291,3229179.5,-9999,269864.1,22.49,-1,0.14112792028474405,0.996392592590186,0,0.5978355555541116,10,1.2352941176470589,0.8235294117647058,N4 S1 P1 O14,de-protonated,0,-9999,C17 H21 O14 N4 P1 S1,17,21,14,4,1,1,-9999,N/A
1887,567.065291,567.065269116738,567.064782810869,4693514,-9999,260642.9,33.43,-1,0.8575843250093715,0.4375371005227866,0.7253996187124169,0.5526821077986387,26,0.6,0.05714285714285714,S2 P1 O2,de-protonated,0,-9999,C35 H21 O2 P1 S2,35,21,2,-9999,1,2,-9999,N/A
1887,567.065291,567.065269116738,567.0656309640391,4693514,-9999,260642.9,33.43,-1,-0.6381048000555799,0.46439070435262714,0.7369636471990462,0.5734198814911948,27,0.48484848484848486,0.18181818181818185,N2 S1 O6,de-protonated,0,-9999,C33 H16 O6 N2 S1,33,16,6,2,-9999,1,-9999,N/A
1887,567.065291,567.065269116738,567.065763905769,4693514,-9999,260642.9,33.43,-1,-0.8725425911573819,0.4354873139567118,0.8077896627745539,0.5844082534838486,14,0.9545454545454546,0.6363636363636364,N2 P1 O14,de-protonated,0,-9999,C22 H21 O14 N2 P1,22,21,14,2,1,-9999,-9999,N/A
1887,567.065291,567.065269116738,567.065250841519,4693514,-9999,260642.9,33.43,-1,0.03222771814988314,0.4999057802334344,0.7253996187124169,0.5901033156250274,32,0.37142857142857144,0.08571428571428572,N4 P1 O3,de-protonated,0,-9999,C35 H13 O3 N4 P1,35,13,3,4,1,-9999,-9999,N/A
1887,567.065291,567.065269116738,567.064979515359,4693514,-9999,260642.9,33.43,-1,0.5107022818487883,0.47688874702709466,0.787157861234881,0.6009963927102092,18,0.8,0.32,N4 S2 O8,de-protonated,0,-9999,C25 H20 O8 N4 S2,25,20,8,4,-9999,2,-9999,N/A
1888,567.080567,567.0805451181578,567.080887105329,4177428.3,-9999,266521.4,29.57,-1,-0.6030659451673452,0.4680697352030286,0.7141928963326545,0.566518999654879,31,0.43243243243243246,0.08108108108108109,N2 S1 O3,de-protonated,0,-9999,C37 H16 O3 N2 S1,37,16,3,2,-9999,1,-9999,N/A
1888,567.080567,567.0805451181578,567.081020047059,4177428.3,-9999,266521.4,29.57,-1,-0.8374974376202315,0.4402486295860966,0.7805128205128198,0.5763543059567859,18,0.8076923076923077,0.4230769230769231,N2 P1 O11,de-protonated,0,-9999,C26 H21 O11 N2 P1,26,21,11,2,1,-9999,-9999,N/A
1888,567.080567,567.0805451181578,567.080235656649,4177428.3,-9999,266521.4,29.57,-1,0.5457102704685005,0.47369930094791607,0.7612342259156646,0.5887132709350155,22,0.6896551724137931,0.1724137931034483,N4 S2 O5,de-protonated,0,-9999,C29 H20 O5 N4 S2,29,20,5,4,-9999,2,-9999,N/A
1888,567.080567,567.0805451181578,567.0803685983791,4177428.3,-9999,266521.4,29.57,-1,0.31127823939639776,0.9825723347087312,0,0.5895434008252386,9,1.3888888888888888,0.7222222222222222,N4 S1 P1 O13,de-protonated,0,-9999,C18 H25 O13 N4 P1 S1,18,25,13,4,1,1,-9999,N/A
1889,567.101726,567.1017041201243,567.1011683202189,6612515,-9999,233459.4,47.76,-1,0.9448047990548468,0.4252328155542245,0.719752637322661,0.5430407442615991,25,0.6944444444444444,0.02777777777777777,S2 P1 O1,de-protonated,0,-9999,C36 H25 O1 P1 S2,36,25,1,-9999,1,2,-9999,N/A
1889,567.101726,567.1017041201243,567.102016473389,6612515,-9999,233459.4,47.76,-1,-0.5507884923986125,0.47322093856834624,0.7311359101322861,0.5763869271939221,26,0.5882352941176471,0.14705882352941177,N2 S1 O5,de-protonated,0,-9999,C34 H20 O5 N2 S1,34,20,5,2,-9999,1,-9999,N/A
1889,567.101726,567.1017041201243,567.102149415119,6612515,-9999,233459.4,47.76,-1,-0.7852112625438176,0.4470787217043163,0.8007932653391622,0.5885645391582546,13,1.0869565217391304,0.5652173913043478,N2 P1 O13,de-protonated,0,-9999,C23 H25 O13 N2 P1,23,25,13,2,1,-9999,-9999,N/A
1889,567.101726,567.1017041201243,567.1016363508691,6612515,-9999,233459.4,47.76,-1,0.11950107508157276,0.4987060874909974,0.719752637322661,0.5871247074236629,31,0.4722222222222222,0.05555555555555555,N4 P1 O2,de-protonated,0,-9999,C36 H17 O2 N4 P1,36,17,2,4,1,-9999,-9999,N/A
1889,567.101726,567.1017041201243,567.101365024709,6612515,-9999,233459.4,47.76,-1,0.5979449815672322,0.468592378505206,0.7805128205128198,0.5933605553082515,17,0.9230769230769232,0.2692307692307692,N4 S2 O7,de-protonated,0,-9999,C26 H24 O7 N4 S2,26,24,7,4,-9999,2,-9999,N/A
1890,567.11696,567.1169381215401,567.117272614679,3698221.3,-9999,319429.7,25.99,-1,-0.589812998203361,0.4694143449925147,0.7087183895694522,0.5651359628232897,30,0.5263157894736842,0.05263157894736842,N2 S1 O2,de-protonated,0,-9999,C38 H20 O2 N2 S1,38,20,2,2,-9999,1,-9999,N/A
1890,567.11696,567.1169381215401,567.117405556409,3698221.3,-9999,319429.7,25.99,-1,-0.8242294529457003,0.4420133887490203,0.7739790330151771,0.574799646455483,17,0.925925925925926,0.3703703703703703,N2 P1 O10,de-protonated,0,-9999,C27 H25 O10 N2 P1,27,25,10,2,1,-9999,-9999,N/A
1890,567.11696,567.1169381215401,567.117134230249,3698221.3,-9999,319429.7,25.99,-1,-0.3457993015356861,0.9785365712460392,0,0.5871219427476235,3,1.8823529411764703,0.8823529411764706,N2 S2 O15,de-protonated,0,-9999,C17 H32 O15 N2 S2,17,32,15,2,-9999,2,-9999,N/A
1890,567.11696,567.1169381215401,567.116621165999,3698221.3,-9999,319429.7,25.99,-1,0.558889528578093,0.47244967789493386,0.7550179348240813,0.5854769806665929,21,0.8,0.13333333333333333,N4 S2 O4,de-protonated,0,-9999,C30 H24 O4 N4 S2,30,24,4,4,-9999,2,-9999,N/A
1890,567.11696,567.1169381215401,567.1167541077291,3698221.3,-9999,319429.7,25.99,-1,0.32447253528564207,0.981077954827992,0,0.5886467728967952,8,1.5263157894736843,0.631578947368421,N4 S1 P1 O12,de-protonated,0,-9999,C19 H29 O12 N4 P1 S1,19,29,12,4,1,1,-9999,N/A
1891,567.136148,567.1361261233235,567.136684449699,2686522.5,-9999,447147,18.43,-1,-0.9844652812073266,0.4193698100414403,0.719752637322661,0.5395229409539286,25,0.6944444444444444,0.1388888888888889,P1 O5,de-protonated,0,-9999,C36 H25 O5 P1,36,25,5,-9999,1,-9999,-9999,N/A
1891,567.136148,567.1361261233235,567.136413123539,2686522.5,-9999,447147,18.43,-1,-0.5060514699225332,0.9545962072495944,0,0.5727577243497566,11,1.2307692307692308,0.38461538461538464,S2 O10,de-protonated,0,-9999,C26 H32 O10 S2,26,32,10,-9999,-9999,2,-9999,N/A
1891,567.136148,567.1361261233235,567.1360330010191,2686522.5,-9999,447147,18.43,-1,0.16419747465792156,0.9951199426810056,0,0.5970719656086034,16,1.0357142857142858,0.25,N2 S1 P1 O7,de-protonated,0,-9999,C28 H29 O7 N2 P1 S1,28,29,7,2,1,1,-9999,N/A
1892,567.138099,567.1380771235048,567.1384019827391,8246843.5,-9999,261058.7,59.97,-1,-0.5728041570828492,0.95122934184618,0.9113980703725354,0.9352968332567224,25,0.6857142857142857,0.11428571428571428,N2 S1 O4,de-protonated,0,-9999,C35 H24 O4 N2 S1,35,24,4,2,-9999,1,-9999,N/A
1892,567.138099,567.1380771235048,567.1385349244691,8246843.5,-9999,261058.7,59.97,-1,-0.8072118823701048,0.9009204474160852,0.9799154727659676,0.932518457556038,12,1.2083333333333333,0.5,N2 P1 O12,de-protonated,0,-9999,C24 H29 O12 N2 P1,24,29,12,2,1,-9999,-9999,N/A
1892,567.138099,567.1380771235048,567.1380218602189,8246843.5,-9999,261058.7,59.97,-1,0.09744239270559148,0.9956558530087056,0.9001913479927728,0.9574700510023324,30,0.5675675675675675,0.02702702702702703,N4 P1 O1,de-protonated,0,-9999,C37 H21 O1 N4 P1,37,21,1,4,1,-9999,-9999,N/A
1892,567.138099,567.1380771235048,567.1377505340591,8246843.5,-9999,261058.7,59.97,-1,0.5758555930044597,0.9312568799208952,0.9599774846752956,0.9427451218226556,16,1.037037037037037,0.2222222222222222,N4 S2 O6,de-protonated,0,-9999,C27 H28 O6 N4 S2,27,28,6,4,-9999,2,-9999,N/A
1892,567.138099,567.1380771235048,567.1378834757891,8246843.5,-9999,261058.7,59.97,-1,0.34144732940766825,0.9722849102748056,0.9615241679004158,0.9679806133250496,3,2.0625,0.875,N4 S1 P1 O14,de-protonated,0,-9999,C16 H33 O14 N4 P1 S1,16,33,14,4,1,1,-9999,N/A
1893,567.153273,567.1532511249151,567.1536581240289,2037830,-9999,272867.5,13.59,-1,-0.7176170125622288,0.4553956996519577,0.7033271719038787,0.5545682885527261,29,0.6153846153846154,0.02564102564102564,N2 S1 O1,de-protonated,0,-9999,C39 H24 O1 N2 S1,39,24,1,2,-9999,1,-9999,N/A
1893,567.153273,567.1532511249151,567.153791065759,2037830,-9999,272867.5,13.59,-1,-0.9520183986599776,0.8483567578940672,0,0.5090140547364402,16,1.0357142857142858,0.32142857142857145,N2 P1 O9,de-protonated,0,-9999,C28 H29 O9 N2 P1,28,29,9,2,1,-9999,-9999,N/A
1893,567.153273,567.1532511249151,567.153519739599,2037830,-9999,272867.5,13.59,-1,-0.47361900188098344,0.9601155332555624,0,0.5760693199533374,2,2,0.7777777777777778,N2 S2 O14,de-protonated,0,-9999,C18 H36 O14 N2 S2,18,36,14,2,-9999,2,-9999,N/A
1893,567.153273,567.1532511249151,567.153006675349,2037830,-9999,272867.5,13.59,-1,0.4310116725971605,0.966853866775765,0,0.580112320065459,20,0.9032258064516128,0.0967741935483871,N4 S2 O3,de-protonated,0,-9999,C31 H28 O3 N4 S2,31,28,3,4,-9999,2,-9999,N/A
1893,567.153273,567.1532511249151,567.1531396170791,2037830,-9999,272867.5,13.59,-1,0.1966097482189192,0.9930105701848452,0,0.5958063421109071,7,1.65,0.55,N4 S1 P1 O11,de-protonated,0,-9999,C20 H33 O11 N4 P1 S1,20,33,11,4,1,1,-9999,N/A
1894,567.174422,567.1744001268806,567.174787492089,8296020.5,-9999,272316.2,60.33,-1,-0.682973250695001,0.9188342590261986,0.9097430980583854,0.9151977946390734,24,0.7777777777777778,0.08333333333333333,N2 S1 O3,de-protonated,0,-9999,C36 H28 O3 N2 S1,36,28,3,2,-9999,1,-9999,N/A
1894,567.174422,567.1744001268806,567.174920433819,8296020.5,-9999,272316.2,60.33,-1,-0.9173659123920976,0.8584321172002677,0.9771483219706052,0.9059185991084028,11,1.32,0.44,N2 P1 O11,de-protonated,0,-9999,C25 H33 O11 N2 P1,25,33,11,2,1,-9999,-9999,N/A
1894,567.174422,567.1744001268806,567.174136043409,8296020.5,-9999,272316.2,60.33,-1,0.4656126837210232,0.9615989346158,0.9575441887208264,0.9599770362578106,15,1.1428571428571428,0.17857142857142858,N4 S2 O5,de-protonated,0,-9999,C28 H32 O5 N4 S2,28,32,5,4,-9999,2,-9999,N/A
1894,567.174422,567.1744001268806,567.1742689851391,8296020.5,-9999,272316.2,60.33,-1,0.23121948358308425,0.9904171624957904,0.9653203316140022,0.9803784301430752,2,2.176470588235294,0.7647058823529411,N4 S1 P1 O13,de-protonated,0,-9999,C17 H37 O13 N4 P1 S1,17,37,13,4,1,1,-9999,N/A
1895,567.210783,567.21076113026,567.2111730014391,5371501,-9999,291478.4,38.49,-1,-0.7261337551943651,0.454380797630816,0.7141928963326545,0.5583056371115513,23,0.8648648648648649,0.05405405405405406,N2 S1 O2,de-protonated,0,-9999,C37 H32 O2 N2 S1,37,32,2,2,-9999,1,-9999,N/A
1895,567.210783,567.21076113026,567.211305943169,5371501,-9999,291478.4,38.49,-1,-0.9605113707387962,0.4229300460386426,0.7805128205128199,0.5659631558283136,10,1.4230769230769231,0.38461538461538464,N2 P1 O10,de-protonated,0,-9999,C26 H37 O10 N2 P1,26,37,10,2,1,-9999,-9999,N/A
1895,567.210783,567.21076113026,567.2105215527591,5371501,-9999,291478.4,38.49,-1,0.42237844998089114,0.4840736224906337,0.7612342259156645,0.594937863860646,14,1.2413793103448276,0.13793103448275862,N4 S2 O4,de-protonated,0,-9999,C29 H36 O4 N4 S2,29,36,4,4,-9999,2,-9999,N/A
1895,567.210783,567.21076113026,567.2106544944891,5371501,-9999,291478.4,38.49,-1,0.1880002960647187,0.4968036888704356,0.8370420509349343,0.632899033696235,1,2.2777777777777777,0.6666666666666666,N4 S1 P1 O12,de-protonated,0,-9999,C18 H41 O12 N4 P1 S1,18,41,12,4,1,1,-9999,N/A
1896,567.247166,567.2471441336414,567.247558510789,2948742,-9999,303295,20.39,-1,-0.7305049467703953,0.4538561416463472,0.7087183895694522,0.5558010408155891,22,0.9473684210526316,0.02631578947368421,N2 S1 O1,de-protonated,0,-9999,C38 H36 O1 N2 S1,38,36,1,2,-9999,1,-9999,N/A
1896,567.247166,567.2471441336414,567.247691452519,2948742,-9999,303295,20.39,-1,-0.9648675275840072,0.4222868969492899,0.7739790330151771,0.5629637513756448,9,1.5185185185185186,0.3333333333333333,N2 P1 O9,de-protonated,0,-9999,C27 H41 O9 N2 P1,27,41,9,2,1,-9999,-9999,N/A
1896,567.247166,567.2471441336414,567.246907062109,2948742,-9999,303295,20.39,-1,0.4179335831698502,0.4844018022222219,0.7550179348240813,0.5926482552629657,13,1.3333333333333333,0.1,N4 S2 O3,de-protonated,0,-9999,C30 H40 O3 N4 S2,30,40,3,4,-9999,2,-9999,N/A
1896,567.247166,567.2471441336414,567.2470400038391,2948742,-9999,303295,20.39,-1,0.1835704640535633,0.9939041766357316,0,0.5963425059814389,0,2.3684210526315788,0.5789473684210527,N4 S1 P1 O11,de-protonated,0,-9999,C19 H45 O11 N4 P1 S1,19,45,11,4,1,1,-9999,N/A
1897,568.14151,568.1414882167613,568.1410450102591,1884394.6,-9999,259386.2,12.44,-1,0.7800994245370254,0.8954565978066966,0,0.537273958684018,24,0.75,0.05555555555555555,N1 S2 O2,de-protonated,0,-9999,C36 H27 O2 N1 S2,36,27,2,1,-9999,2,-9999,N/A
1897,568.14151,568.1414882167613,568.1411779519891,1884394.6,-9999,259386.2,12.44,-1,0.5461050602648256,0.9473245076141412,0,0.5683947045684847,11,1.28,0.4,N1 S1 P1 O10,de-protonated,0,-9999,C25 H32 O10 N1 P1 S1,25,32,10,1,1,1,-9999,N/A
1897,568.14151,568.1414882167613,568.1417568178091,1884394.6,-9999,259386.2,12.44,-1,-0.4727711782162487,0.960255326021805,0.9113980703725354,0.9407124237620972,25,0.7058823529411765,0.1176470588235294,13C1 N2 S1 O4,de-protonated,1,1892,C34 H24 O4 N2 S1 13C1,34,24,4,2,-9999,1,1,N/A
1897,568.14151,568.1414882167613,568.141889759539,1884394.6,-9999,259386.2,12.44,-1,-0.7067649559599185,0.9133495165770626,0.9799154727659676,0.9399758990526246,12,1.2608695652173914,0.5217391304347826,13C1 N2 P1 O12,de-protonated,1,1892,C23 H29 O12 N2 P1 13C1,23,29,12,2,1,-9999,1,N/A
1897,568.14151,568.1414882167613,568.1420261051591,1884394.6,-9999,259386.2,12.44,-1,-0.9467498847383246,0.8498980560841283,0,0.509938833650477,12,1.173913043478261,0.6086956521739131,N3 O14,de-protonated,0,-9999,C23 H27 O14 N3,23,27,14,3,-9999,-9999,-9999,N/A
1897,568.14151,568.1414882167613,568.141376695289,1884394.6,-9999,259386.2,12.44,-1,0.19629176284518335,0.9930330816346488,0.9001913479927728,0.9558963881778983,30,0.5833333333333334,0.02777777777777777,13C1 N4 P1 O1,de-protonated,1,1892,C36 H21 O1 N4 P1 13C1,36,21,1,4,1,-9999,1,N/A
1897,568.14151,568.1414882167613,568.14110536912915,1884394.6,-9999,259386.2,12.44,-1,0.6738601177830573,0.9209094424677756,0.9599774846752956,0.9365366593507836,16,1.0769230769230769,0.2307692307692308,13C1 N4 S2 O6,de-protonated,1,1892,C26 H28 O6 N4 S2 13C1,26,28,6,4,-9999,2,1,N/A
1897,568.14151,568.1414882167613,568.141238310859,1884394.6,-9999,259386.2,12.44,-1,0.439865803629815,0.965502062272045,0.9615241679004158,0.9639109045233932,3,2.2,0.9333333333333332,13C1 N4 S1 P1 O14,de-protonated,1,1892,C15 H33 O14 N4 P1 S1 13C1,15,33,14,4,1,1,1,N/A
1898,568.177776,568.1777542201318,568.177430519609,1945859.5,-9999,234979.2,12.9,-1,0.5697173196705679,0.9428064941128256,0,0.5656838964676952,23,0.8378378378378378,0.02702702702702703,N1 S2 O1,de-protonated,0,-9999,C37 H31 O1 N1 S2,37,31,1,1,-9999,2,-9999,N/A
1898,568.177776,568.1777542201318,568.1775634613391,1945859.5,-9999,234979.2,12.9,-1,0.33573798918279135,0.9797548463029052,0,0.5878529077817432,10,1.3846153846153846,0.34615384615384615,N1 S1 P1 O9,de-protonated,0,-9999,C26 H36 O9 N1 P1 S1,26,36,9,1,1,1,-9999,N/A
1898,568.177776,568.1777542201318,568.1781423271591,1945859.5,-9999,234979.2,12.9,-1,-0.6830727872496084,0.918822924354331,0.9097430980583854,0.9151909938359528,24,0.8,0.08571428571428572,13C1 N2 S1 O3,de-protonated,1,1894,C35 H28 O3 N2 S1 13C1,35,28,3,2,-9999,1,1,N/A
1898,568.177776,568.1777542201318,568.178275268889,1945859.5,-9999,234979.2,12.9,-1,-0.917051531083994,0.8584770315046822,0.9771483219706052,0.9059455476910516,11,1.375,0.4583333333333333,13C1 N2 P1 O11,de-protonated,1,1894,C24 H33 O11 N2 P1 13C1,24,33,11,2,1,-9999,1,N/A
1898,568.177776,568.1777542201318,568.177490878479,1945859.5,-9999,234979.2,12.9,-1,0.46348483872328466,0.9617714068114313,0.9575441887208264,0.9600805195751894,15,1.1851851851851851,0.18518518518518515,13C1 N4 S2 O5,de-protonated,1,1894,C27 H32 O5 N4 S2 13C1,27,32,5,4,-9999,2,1,N/A
1898,568.177776,568.1777542201318,568.1776238202091,1945859.5,-9999,234979.2,12.9,-1,0.22950555814797127,0.9904881163075088,0.9653203316140022,0.980421002430106,2,2.3125,0.8125,13C1 N4 S1 P1 O13,de-protonated,1,1894,C16 H37 O13 N4 P1 S1 13C1,16,37,13,4,1,1,1,N/A
1900,569.023825,569.0238032987631,569.0242792153391,2147146,-9999,326617,14.39,-1,-0.83637305708888,0.8807979991515674,0,0.5284787994909405,14,0.8181818181818182,0.7272727272727273,S1 O16,de-protonated,0,-9999,C22 H18 O16 S1,22,18,16,-9999,-9999,1,-9999,N/A
1900,569.023825,569.0238032987631,569.0238990928191,2147146,-9999,326617,14.39,-1,-0.16834803615476587,0.9948707514139962,0,0.5969224508483977,19,0.625,0.5416666666666666,N2 P1 O13,de-protonated,0,-9999,C24 H15 O13 N2 P1,24,15,13,2,1,-9999,-9999,N/A
1900,569.023825,569.0238032987631,569.023247644139,2147146,-9999,326617,14.39,-1,0.9765060152161416,0.8411183238216948,0,0.5046709942930169,10,1.1875,0.9375,N4 S1 P1 O15,de-protonated,0,-9999,C16 H19 O15 N4 P1 S1,16,19,15,4,1,1,-9999,N/A
1901,569.059899,569.0598773021159,569.060151660439,5581667,-9999,268401.2,40.05,-1,-0.48212534714853894,0.4793501275842569,0.719752637322661,0.5755111314796185,31,0.3888888888888889,0.1111111111111111,N2 S1 O4,de-protonated,0,-9999,C36 H14 O4 N2 S1,36,14,4,2,-9999,1,-9999,N/A
1901,569.059899,569.0598773021159,569.060284602169,5581667,-9999,268401.2,40.05,-1,-0.7157414848985885,0.4556178909159451,0.7871578612348809,0.5882338790435194,18,0.76,0.48,N2 P1 O12,de-protonated,0,-9999,C25 H19 O12 N2 P1,25,19,12,2,1,-9999,-9999,N/A
1901,569.059899,569.0598773021159,569.059500211759,5581667,-9999,268401.2,40.05,-1,0.6626554108168251,0.46170758960612734,0.7675537279851021,0.5840460449577173,22,0.6428571428571429,0.21428571428571427,N4 S2 O6,de-protonated,0,-9999,C28 H18 O6 N4 S2,28,18,6,4,-9999,2,-9999,N/A
1901,569.059899,569.0598773021159,569.059633153489,5581667,-9999,268401.2,40.05,-1,0.4290387379879751,0.4835757968544761,0.8446892076502734,0.628021161172795,9,1.3529411764705883,0.8235294117647058,N4 S1 P1 O14,de-protonated,0,-9999,C17 H23 O14 N4 P1 S1,17,23,14,4,1,1,-9999,N/A
1902,569.081099,569.0810773040862,569.0812810284991,5113713.5,-9999,269389.7,36.55,-1,-0.35798825179900573,0.488507309859247,0.7369636471990462,0.5878898447951667,26,0.5454545454545454,0.18181818181818185,N2 S1 O6,de-protonated,0,-9999,C33 H18 O6 N2 S1,33,18,6,2,-9999,1,-9999,N/A
1902,569.081099,569.0810773040862,569.081413970229,5113713.5,-9999,269389.7,36.55,-1,-0.5915957446377328,0.4692349885585983,0.8077896627745539,0.6046568582449805,13,1.0454545454545454,0.6363636363636364,N2 P1 O14,de-protonated,0,-9999,C22 H23 O14 N2 P1,22,23,14,2,1,-9999,-9999,N/A
1902,569.081099,569.0810773040862,569.080900905979,5113713.5,-9999,269389.7,36.55,-1,0.3099701763556905,0.49135861334454306,0.7253996187124169,0.5849750154916926,31,0.42857142857142855,0.08571428571428572,N4 P1 O3,de-protonated,0,-9999,C35 H15 O3 N4 P1,35,15,3,4,1,-9999,-9999,N/A
1902,569.081099,569.0810773040862,569.0806295798191,5113713.5,-9999,269389.7,36.55,-1,0.786750143759727,0.44688252599901984,0.787157861234881,0.5829926600933644,17,0.88,0.32,N4 S2 O8,de-protonated,0,-9999,C25 H22 O8 N4 S2,25,22,8,4,-9999,2,-9999,N/A
1903,569.096286,569.0962643054976,569.096537169789,6073212,-9999,286271.4,43.72,-1,-0.47946925279714214,0.4795723269562855,0.7141928963326545,0.5734205547068331,30,0.4864864864864865,0.08108108108108109,N2 S1 O3,de-protonated,0,-9999,C37 H18 O3 N2 S1,37,18,3,2,-9999,1,-9999,N/A
1903,569.096286,569.0962643054976,569.0966701115191,6073212,-9999,286271.4,43.72,-1,-0.713070454990865,0.45593350676095024,0.7805128205128198,0.585765232261698,17,0.8846153846153846,0.4230769230769231,N2 P1 O11,de-protonated,0,-9999,C26 H23 O11 N2 P1,26,23,11,2,1,-9999,-9999,N/A
1903,569.096286,569.0962643054976,569.0958857211091,6073212,-9999,286271.4,43.72,-1,0.6652383157191405,0.461420341320213,0.7612342259156645,0.5813458951583936,21,0.7586206896551724,0.1724137931034483,N4 S2 O5,de-protonated,0,-9999,C29 H22 O5 N4 S2,29,22,5,4,-9999,2,-9999,N/A
1903,569.096286,569.0962643054976,569.096018662839,6073212,-9999,286271.4,43.72,-1,0.4316365789145568,0.48337964961826624,0.8370420509349343,0.6248446101449334,8,1.5,0.7222222222222222,N4 S1 P1 O13,de-protonated,0,-9999,C18 H27 O13 N4 P1 S1,18,27,13,4,1,1,-9999,N/A
1904,569.11729,569.1172683074498,569.1168183846789,5784458.5,-9999,301637.6,41.56,-1,0.7905631256928481,0.44639511765598405,0.719752637322661,0.5557381255226548,24,0.75,0.02777777777777777,S2 P1 O1,de-protonated,0,-9999,C36 H27 O1 P1 S2,36,27,1,-9999,1,2,-9999,N/A
1904,569.11729,569.1172683074498,569.117666537849,5784458.5,-9999,301637.6,41.56,-1,-0.6997329773018027,0.457495047937644,0.731135910132286,0.5669513928155008,25,0.6470588235294118,0.14705882352941177,N2 S1 O5,de-protonated,0,-9999,C34 H22 O5 N2 S1,34,22,5,2,-9999,1,-9999,N/A
1904,569.11729,569.1172683074498,569.117799479579,5784458.5,-9999,301637.6,41.56,-1,-0.9333254552419078,0.4268995757671873,0.8007932653391621,0.5764570515959773,12,1.173913043478261,0.5652173913043478,N2 P1 O13,de-protonated,0,-9999,C23 H27 O13 N2 P1,23,27,13,2,1,-9999,-9999,N/A
1904,569.11729,569.1172683074498,569.117286415329,5784458.5,-9999,301637.6,41.56,-1,-0.03181748234693946,0.4999081634481494,0.719752637322661,0.5878459529979541,30,0.5277777777777778,0.05555555555555555,N4 P1 O2,de-protonated,0,-9999,C36 H19 O2 N4 P1,36,19,2,4,1,-9999,-9999,N/A
1904,569.11729,569.1172683074498,569.1170150891691,5784458.5,-9999,301637.6,41.56,-1,0.4449318400097123,0.48235855550192624,0.7805128205128199,0.6016202615062838,16,1,0.2692307692307692,N4 S2 O7,de-protonated,0,-9999,C26 H26 O7 N4 S2,26,26,7,4,-9999,2,-9999,N/A
1905,569.132684,569.1326623088805,569.132922679139,4183957.3,-9999,254920.8,29.61,-1,-0.45748584930975206,0.48136802566212183,0.7087183895694522,0.572308171225054,29,0.5789473684210527,0.05263157894736842,N2 S1 O2,de-protonated,0,-9999,C38 H22 O2 N2 S1,38,22,2,2,-9999,1,-9999,N/A
1905,569.132684,569.1326623088805,569.133055620869,4183957.3,-9999,254920.8,29.61,-1,-0.6910721219719396,0.458496066149748,0.7739790330151772,0.5846892528959198,16,1,0.3703703703703703,N2 P1 O10,de-protonated,0,-9999,C27 H27 O10 N2 P1,27,27,10,2,1,-9999,-9999,N/A
1905,569.132684,569.1326623088805,569.132784294709,4183957.3,-9999,254920.8,29.61,-1,-0.21433632340322875,0.9916988826911776,0,0.5950193296147065,2,2,0.8823529411764706,N2 S2 O15,de-protonated,0,-9999,C17 H34 O15 N2 S2,17,34,15,2,-9999,2,-9999,N/A
1905,569.132684,569.1326623088805,569.1322712304591,4183957.3,-9999,254920.8,29.61,-1,0.6871485614381474,0.45894615851140536,0.7550179348240813,0.5773748690364757,20,0.8666666666666667,0.13333333333333333,N4 S2 O4,de-protonated,0,-9999,C30 H26 O4 N4 S2,30,26,4,4,-9999,2,-9999,N/A
1905,569.132684,569.1326623088805,569.132404172189,4183957.3,-9999,254920.8,29.61,-1,0.4535617540337006,0.48168038360137944,0.8295321147073604,0.6208210760437718,7,1.631578947368421,0.631578947368421,N4 S1 P1 O12,de-protonated,0,-9999,C19 H31 O12 N4 P1 S1,19,31,12,4,1,1,-9999,N/A
1906,569.153787,569.1537653108418,569.154052047199,6417316,-9999,268110.9,46.29,-1,-0.5037939309991997,0.4774955838002019,0.725399618712417,0.576657197765088,24,0.7428571428571429,0.11428571428571428,N2 S1 O4,de-protonated,0,-9999,C35 H26 O4 N2 S1,35,26,4,2,-9999,1,-9999,N/A
1906,569.153787,569.1537653108418,569.154184988929,6417316,-9999,268110.9,46.29,-1,-0.7373715213516565,0.45302685509841306,0.7939170211058493,0.5893829215013876,11,1.2916666666666667,0.5,N2 P1 O12,de-protonated,0,-9999,C24 H31 O12 N2 P1,24,31,12,2,1,-9999,-9999,N/A
1906,569.153787,569.1537653108418,569.1536719246789,6417316,-9999,268110.9,46.29,-1,0.16407899574930587,0.4975634827509354,0.7141928963326544,0.5842152481836229,29,0.6216216216216216,0.02702702702702703,N4 P1 O1,de-protonated,0,-9999,C37 H23 O1 N4 P1,37,23,1,4,1,-9999,-9999,N/A
1906,569.153787,569.1537653108418,569.1534005985189,6417316,-9999,268110.9,46.29,-1,0.6407979333009668,0.4641005714369007,0.7739790330151771,0.5880519560682113,15,1.1111111111111112,0.2222222222222222,N4 S2 O6,de-protonated,0,-9999,C27 H30 O6 N4 S2,27,30,6,4,-9999,2,-9999,N/A
1906,569.153787,569.1537653108418,569.1535335402491,6417316,-9999,268110.9,46.29,-1,0.4072198080462306,0.48517945399443135,0.8524773804394659,0.6320986245724451,2,2.1875,0.875,N4 S1 P1 O14,de-protonated,0,-9999,C16 H35 O14 N4 P1 S1,16,35,14,4,1,1,-9999,N/A
1907,569.169001,569.1689793122557,569.1693081884889,3558318.3,-9999,297030.7,24.93,-1,-0.5778179330231016,0.470608801524563,0.7033271719038788,0.5636961496762893,28,0.6666666666666666,0.02564102564102564,N2 S1 O1,de-protonated,0,-9999,C39 H26 O1 N2 S1,39,26,1,2,-9999,1,-9999,N/A
1907,569.169001,569.1689793122557,569.1694411302191,3558318.3,-9999,297030.7,24.93,-1,-0.8113892454209556,0.4437009949567372,0.7675537279851021,0.5732420881680832,15,1.1071428571428572,0.32142857142857145,N2 P1 O9,de-protonated,0,-9999,C28 H31 O9 N2 P1,28,31,9,2,1,-9999,-9999,N/A
1907,569.169001,569.1689793122557,569.169169804059,3558318.3,-9999,297030.7,24.93,-1,-0.33468398049193343,0.9798804757708416,0,0.587928285462505,1,2.111111111111111,0.7777777777777778,N2 S2 O14,de-protonated,0,-9999,C18 H38 O14 N2 S2,18,38,14,2,-9999,2,-9999,N/A
1907,569.169001,569.1689793122557,569.168656739809,3558318.3,-9999,297030.7,24.93,-1,0.56674316642113165,0.47169244637382673,0.7489023467070351,0.5825764065071102,19,0.967741935483871,0.0967741935483871,N4 S2 O3,de-protonated,0,-9999,C31 H30 O3 N4 S2,31,30,3,4,-9999,2,-9999,N/A
1907,569.169001,569.1689793122557,569.1687896815391,3558318.3,-9999,297030.7,24.93,-1,0.33317131934944894,0.980060110690996,0,0.5880360664145975,6,1.75,0.55,N4 S1 P1 O11,de-protonated,0,-9999,C20 H35 O11 N4 P1 S1,20,35,11,4,1,1,-9999,N/A
1908,569.190156,569.1901343142218,569.190437556549,5093309,-9999,247532.9,36.4,-1,-0.5327607548453618,0.4749012026678363,0.719752637322661,0.5728417765297662,23,0.8333333333333334,0.08333333333333333,N2 S1 O3,de-protonated,0,-9999,C36 H30 O3 N2 S1,36,30,3,2,-9999,1,-9999,N/A
1908,569.190156,569.1901343142218,569.190570498279,5093309,-9999,247532.9,36.4,-1,-0.7663234069839091,0.4494623423199589,0.787157861234881,0.5845405498859277,10,1.4,0.44,N2 P1 O11,de-protonated,0,-9999,C25 H35 O11 N2 P1,25,35,11,2,1,-9999,-9999,N/A
1908,569.190156,569.1901343142218,569.189786107869,5093309,-9999,247532.9,36.4,-1,0.6117579079619399,0.4671737938524452,0.7675537279851021,0.5873257675055079,14,1.2142857142857142,0.17857142857142858,N4 S2 O5,de-protonated,0,-9999,C28 H34 O5 N4 S2,28,34,5,4,-9999,2,-9999,N/A
1908,569.190156,569.1901343142218,569.1899190495991,5093309,-9999,247532.9,36.4,-1,0.3781947211892357,0.4871905241166035,0.8446892076502734,0.6301899975300715,1,2.2941176470588234,0.7647058823529411,N4 S1 P1 O13,de-protonated,0,-9999,C17 H39 O13 N4 P1 S1,17,39,13,4,1,1,-9999,N/A
1909,569.205331,569.2053093156322,569.2058266395691,2593735.5,-9999,323350.1,17.73,-1,-0.90885214560675,0.8608122724367429,0,0.5164873634620457,14,1.206896551724138,0.27586206896551724,N2 P1 O8,de-protonated,0,-9999,C29 H35 O8 N2 P1,29,35,8,2,1,-9999,-9999,N/A
1909,569.205331,569.2053093156322,569.205555313409,2593735.5,-9999,323350.1,17.73,-1,-0.4321773997194808,0.9666773533047944,0,0.5800064119828766,0,2.210526315789474,0.6842105263157895,N2 S2 O13,de-protonated,0,-9999,C19 H42 O13 N2 S2,19,42,13,2,-9999,2,-9999,N/A
1909,569.205331,569.2053093156322,569.2050422491591,2593735.5,-9999,323350.1,17.73,-1,0.46919203684754174,0.4804214659915277,0.7428850341668536,0.5854068932616581,18,1.0625,0.0625,N4 S2 O2,de-protonated,0,-9999,C32 H34 O2 N4 S2,32,34,2,4,-9999,2,-9999,N/A
1909,569.205331,569.2053093156322,569.205175190889,2593735.5,-9999,323350.1,17.73,-1,0.23563514365714164,0.9899758377039922,0,0.5939855026223954,5,1.8571428571428572,0.47619047619047616,N4 S1 P1 O10,de-protonated,0,-9999,C21 H39 O10 N4 P1 S1,21,39,10,4,1,1,-9999,N/A
1910,569.226545,569.2265233176038,569.226823065899,2729942,-9999,282990.5,18.75,-1,-0.526588493502727,0.4754649678096789,0.7141928963326545,0.5709561392188691,22,0.918918918918919,0.05405405405405406,N2 S1 O2,de-protonated,0,-9999,C37 H34 O2 N2 S1,37,34,2,2,-9999,1,-9999,N/A
1910,569.226545,569.2265233176038,569.226956007629,2729942,-9999,282990.5,18.75,-1,-0.7601362175437512,0.9004664846569762,0,0.5402798907941857,9,1.5,0.38461538461538464,N2 P1 O10,de-protonated,0,-9999,C26 H39 O10 N2 P1,26,39,10,2,1,-9999,-9999,N/A
1910,569.226545,569.2265233176038,569.226171617219,2729942,-9999,282990.5,18.75,-1,0.6178570175844473,0.466538503281499,0.7612342259156645,0.5844167923351652,13,1.3103448275862069,0.13793103448275862,N4 S2 O4,de-protonated,0,-9999,C29 H38 O4 N4 S2,29,38,4,4,-9999,2,-9999,N/A
1910,569.226545,569.2265233176038,569.2263045589491,2729942,-9999,282990.5,18.75,-1,0.38430875897760947,0.9735571588026404,0,0.5841342952815841,0,2.388888888888889,0.6666666666666666,N4 S1 P1 O12,de-protonated,0,-9999,C18 H43 O12 N4 P1 S1,18,43,12,4,1,1,-9999,N/A
1911,571.039185,571.0391634860696,571.0394162155491,3402945.3,-9999,249845.7,23.76,-1,-0.44257799428177735,0.4825414317477469,0.725399618712417,0.5796847065336149,31,0.34285714285714286,0.14285714285714285,N2 S1 O5,de-protonated,0,-9999,C35 H12 O5 N2 S1,35,12,5,2,-9999,1,-9999,N/A
1911,571.039185,571.0391634860696,571.039549157279,3402945.3,-9999,249845.7,23.76,-1,-0.6753844107364468,0.4602829229447232,0.7939170211058493,0.5937365622091737,18,0.7083333333333334,0.5416666666666666,N2 P1 O13,de-protonated,0,-9999,C24 H17 O13 N2 P1,24,17,13,2,1,-9999,-9999,N/A
1911,571.039185,571.0391634860696,571.038764766869,3402945.3,-9999,249845.7,23.76,-1,0.6982349100905524,0.4576689285808423,0.7739790330151771,0.5841929703545763,22,0.5925925925925926,0.25925925925925924,N4 S2 O7,de-protonated,0,-9999,C27 H16 O7 N4 S2,27,16,7,4,-9999,2,-9999,N/A
1911,571.039185,571.0391634860696,571.038897708599,3402945.3,-9999,249845.7,23.76,-1,0.4654279622591907,0.9614564652814556,0,0.5768738791688732,9,1.3125,0.9375,N4 S1 P1 O15,de-protonated,0,-9999,C16 H21 O15 N4 P1 S1,16,21,15,4,1,1,-9999,N/A
1912,571.06046,571.060438488047,571.060545583609,1951440,-9999,281027.6,12.92,-1,-0.18753801654082045,0.9936386770235096,0,0.5961832062141058,26,0.5,0.21875,N2 S1 O7,de-protonated,0,-9999,C32 H16 O7 N2 S1,32,16,7,2,-9999,1,-9999,N/A
1912,571.06046,571.060438488047,571.0606785253391,1951440,-9999,281027.6,12.92,-1,-0.42033587867980854,0.9684496720562727,0,0.5810698032337637,13,1,0.7142857142857143,N2 P1 O15,de-protonated,0,-9999,C21 H21 O15 N2 P1,21,21,15,2,1,-9999,-9999,N/A
1912,571.06046,571.060438488047,571.060165461089,1951440,-9999,281027.6,12.92,-1,0.4781054160270624,0.9593719669999992,0,0.5756231801999996,31,0.38235294117647056,0.1176470588235294,N4 P1 O4,de-protonated,0,-9999,C34 H13 O4 N4 P1,34,13,4,4,1,-9999,-9999,N/A
1912,571.06046,571.060438488047,571.0598941349291,1951440,-9999,281027.6,12.92,-1,0.953232968193622,0.8480006219210762,0,0.5088003731526457,17,0.8333333333333334,0.375,N4 S2 O9,de-protonated,0,-9999,C24 H20 O9 N4 S2,24,20,9,4,-9999,2,-9999,N/A
1913,571.075488,571.0754664894436,571.0758017248991,7200986.5,-9999,281981.1,52.13,-1,-0.5870244449099512,0.4696939435458986,0.719752637322661,0.5697174210566036,30,0.4444444444444444,0.1111111111111111,N2 S1 O4,de-protonated,0,-9999,C36 H16 O4 N2 S1,36,16,4,2,-9999,1,-9999,N/A
1913,571.075488,571.0754664894436,571.075934666629,7200986.5,-9999,281981.1,52.13,-1,-0.8198159947199447,0.4425957172074429,0.7871578612348809,0.5804205748184181,17,0.84,0.48,N2 P1 O12,de-protonated,0,-9999,C25 H21 O12 N2 P1,25,21,12,2,1,-9999,-9999,N/A
1913,571.075488,571.0754664894436,571.0754216023789,7200986.5,-9999,281981.1,52.13,-1,0.07860093944579158,0.49943980928685294,0.7087183895694522,0.5831512413998927,35,0.34210526315789475,0.02631578947368421,N4 P1 O1,de-protonated,0,-9999,C38 H13 O1 N4 P1,38,13,1,4,1,-9999,-9999,N/A
1913,571.075488,571.0754664894436,571.075150276219,7200986.5,-9999,281981.1,52.13,-1,0.553715608878654,0.4729434163613496,0.7675537279851021,0.5907875410108506,21,0.7142857142857143,0.21428571428571427,N4 S2 O6,de-protonated,0,-9999,C28 H20 O6 N4 S2,28,20,6,4,-9999,2,-9999,N/A
1913,571.075488,571.0754664894436,571.075283217949,7200986.5,-9999,281981.1,52.13,-1,0.32092352775974237,0.4907428931934414,0.8446892076502734,0.6323214189761742,8,1.4705882352941178,0.8235294117647058,N4 S1 P1 O14,de-protonated,0,-9999,C17 H25 O14 N4 P1 S1,17,25,14,4,1,1,-9999,N/A
1914,571.096796,571.096774491424,571.096931092959,3597545.3,-9999,264028.9,25.22,-1,-0.2742118308744688,0.4932245690003749,0.7369636471990462,0.5907202002798435,25,0.6060606060606061,0.18181818181818185,N2 S1 O6,de-protonated,0,-9999,C33 H20 O6 N2 S1,33,20,6,2,-9999,1,-9999,N/A
1914,571.096796,571.096774491424,571.0970640346891,3597545.3,-9999,264028.9,25.22,-1,-0.5069948409123158,0.4772153441551152,0.8077896627745539,0.6094450716028907,12,1.1363636363636365,0.6363636363636364,N2 P1 O14,de-protonated,0,-9999,C22 H25 O14 N2 P1,22,25,14,2,1,-9999,-9999,N/A
1914,571.096796,571.096774491424,571.096550970439,3597545.3,-9999,264028.9,25.22,-1,0.3913891347550881,0.48629371776244185,0.7253996187124169,0.5819360781424319,30,0.4857142857142857,0.08571428571428572,N4 P1 O3,de-protonated,0,-9999,C35 H17 O3 N4 P1,35,17,3,4,1,-9999,-9999,N/A
1914,571.096796,571.096774491424,571.096279644279,3597545.3,-9999,264028.9,25.22,-1,0.8664863747425678,0.4363203284815792,0.7871578612348809,0.5766553415828999,16,0.96,0.32,N4 S2 O8,de-protonated,0,-9999,C25 H24 O8 N4 S2,25,24,8,4,-9999,2,-9999,N/A
1915,571.111835,571.1118134928217,571.112187234249,6721780,-9999,291202.4,48.55,-1,-0.6544098262389584,0.4626182942362357,0.7141928963326545,0.5632481350748032,29,0.5405405405405406,0.08108108108108109,N2 S1 O3,de-protonated,0,-9999,C37 H20 O3 N2 S1,37,20,3,2,-9999,1,-9999,N/A
1915,571.111835,571.1118134928217,571.1123201759791,6721780,-9999,291202.4,48.55,-1,-0.8871865296347382,0.4334558079634511,0.7805128205128198,0.5722786129831986,16,0.9615384615384616,0.4230769230769231,N2 P1 O11,de-protonated,0,-9999,C26 H25 O11 N2 P1,26,25,11,2,1,-9999,-9999,N/A
1915,571.111835,571.1118134928217,571.111535785569,6721780,-9999,291202.4,48.55,-1,0.486257473950579,0.47900221531933074,0.7612342259156645,0.5918950195578643,20,0.8275862068965517,0.1724137931034483,N4 S2 O5,de-protonated,0,-9999,C29 H24 O5 N4 S2,29,24,5,4,-9999,2,-9999,N/A
1915,571.111835,571.1118134928217,571.111668727299,6721780,-9999,291202.4,48.55,-1,0.2534802397117254,0.4942046068512923,0.8370420509349343,0.6313395844847491,7,1.6111111111111112,0.7222222222222222,N4 S1 P1 O13,de-protonated,0,-9999,C18 H29 O13 N4 P1 S1,18,29,13,4,1,1,-9999,N/A
1916,571.133025,571.1330034947911,571.132468449139,3932418.5,-9999,267502.9,27.72,-1,0.936815330343454,0.4263943254328675,0.719752637322661,0.543737650188785,23,0.8055555555555556,0.02777777777777777,S2 P1 O1,de-protonated,0,-9999,C36 H29 O1 P1 S2,36,29,1,-9999,1,2,-9999,N/A
1916,571.133025,571.1330034947911,571.133316602309,3932418.5,-9999,267502.9,27.72,-1,-0.5482214202294815,0.47346324705953274,0.731135910132286,0.5765323122886341,24,0.7058823529411765,0.14705882352941177,N2 S1 O5,de-protonated,0,-9999,C34 H24 O5 N2 S1,34,24,5,2,-9999,1,-9999,N/A
1916,571.133025,571.1330034947911,571.1334495440391,3932418.5,-9999,267502.9,27.72,-1,-0.7809895364527502,0.44761542698858314,0.8007932653391622,0.5888865623288148,11,1.2608695652173914,0.5652173913043478,N2 P1 O13,de-protonated,0,-9999,C23 H29 O13 N2 P1,23,29,13,2,1,-9999,-9999,N/A
1916,571.133025,571.1330034947911,571.132936479789,3932418.5,-9999,267502.9,27.72,-1,0.1173369591897198,0.498752469617364,0.719752637322661,0.5871525366994828,29,0.5833333333333334,0.05555555555555555,N4 P1 O2,de-protonated,0,-9999,C36 H21 O2 N4 P1,36,21,2,4,1,-9999,-9999,N/A
1916,571.133025,571.1330034947911,571.1326651536291,3932418.5,-9999,267502.9,27.72,-1,0.5924038014651821,0.46915353689478256,0.7805128205128198,0.5936972503419975,15,1.0769230769230769,0.2692307692307692,N4 S2 O7,de-protonated,0,-9999,C26 H28 O7 N4 S2,26,28,7,4,-9999,2,-9999,N/A
1917,571.148446,571.1484244962244,571.1485727435991,5518605.5,-9999,264483.7,39.57,-1,-0.2595600895398513,0.493924977933872,0.7087183895694521,0.5798423425881041,28,0.631578947368421,0.05263157894736842,N2 S1 O2,de-protonated,0,-9999,C38 H24 O2 N2 S1,38,24,2,2,-9999,1,-9999,N/A
1917,571.148446,571.1484244962244,571.148705685329,5518605.5,-9999,264483.7,39.57,-1,-0.4923220552076096,0.4784866846765932,0.7739790330151771,0.5966836240120268,15,1.0740740740740742,0.3703703703703703,N2 P1 O10,de-protonated,0,-9999,C27 H29 O10 N2 P1,27,29,10,2,1,-9999,-9999,N/A
1917,571.148446,571.1484244962244,571.148434359169,5518605.5,-9999,264483.7,39.57,-1,-0.01726861878073731,0.49997294626152594,0.8446892076502734,0.637859450817025,1,2.1176470588235294,0.8823529411764706,N2 S2 O15,de-protonated,0,-9999,C17 H36 O15 N2 S2,17,36,15,2,-9999,2,-9999,N/A
1917,571.148446,571.1484244962244,571.1479212949191,5518605.5,-9999,264483.7,39.57,-1,0.8810349937425789,0.43431215053897543,0.7550179348240813,0.5625944642530178,19,0.9333333333333332,0.13333333333333333,N4 S2 O4,de-protonated,0,-9999,C30 H28 O4 N4 S2,30,28,4,4,-9999,2,-9999,N/A
1917,571.148446,571.1484244962244,571.148054236649,5518605.5,-9999,264483.7,39.57,-1,0.6482724971001345,0.4632898925782012,0.8295321147073604,0.6097867814298649,6,1.736842105263158,0.631578947368421,N4 S1 P1 O12,de-protonated,0,-9999,C19 H33 O12 N4 P1 S1,19,33,12,4,1,1,-9999,N/A
1918,571.169426,571.1694044981742,571.169702111659,3206428.3,-9999,255858.8,22.3,-1,-0.5210596495293077,0.47596494521201854,0.725399618712417,0.5757388146121779,23,0.8,0.11428571428571428,N2 S1 O4,de-protonated,0,-9999,C35 H28 O4 N2 S1,35,28,4,2,-9999,1,-9999,N/A
1918,571.169426,571.1694044981742,571.169835053389,3206428.3,-9999,255858.8,22.3,-1,-0.7538129437351944,0.9020319804562158,0,0.5412191882737295,10,1.375,0.5,N2 P1 O12,de-protonated,0,-9999,C24 H33 O12 N2 P1,24,33,12,2,1,-9999,-9999,N/A
1918,571.169426,571.1694044981742,571.1693219891389,3206428.3,-9999,255858.8,22.3,-1,0.1444563497388284,0.4981103770386076,0.7141928963326544,0.5845433847562262,28,0.6756756756756757,0.02702702702702703,N4 P1 O1,de-protonated,0,-9999,C37 H25 O1 N4 P1,37,25,1,4,1,-9999,-9999,N/A
1918,571.169426,571.1694044981742,571.169050662979,3206428.3,-9999,255858.8,22.3,-1,0.6194929414416952,0.4663671796779561,0.7739790330151772,0.5894119210128446,14,1.1851851851851851,0.2222222222222222,N4 S2 O6,de-protonated,0,-9999,C27 H32 O6 N4 S2,27,32,6,4,-9999,2,-9999,N/A
1918,571.169426,571.1694044981742,571.169183604709,3206428.3,-9999,255858.8,22.3,-1,0.386739116101503,0.9732261855562168,0,0.5839357113337301,1,2.3125,0.875,N4 S1 P1 O14,de-protonated,0,-9999,C16 H37 O14 N4 P1 S1,16,37,14,4,1,1,-9999,N/A
1919,571.184653,571.1846314995894,571.184958252949,4599078.5,-9999,276541.3,32.7,-1,-0.5720622625610251,0.4711742892518086,0.7033271719038787,0.5640354423126366,27,0.717948717948718,0.02564102564102564,N2 S1 O1,de-protonated,0,-9999,C39 H28 O1 N2 S1,39,28,1,2,-9999,1,-9999,N/A
1919,571.184653,571.1846314995894,571.185091194679,4599078.5,-9999,276541.3,32.7,-1,-0.8048093283413352,0.44455799027024034,0.7675537279851021,0.5737562853561851,14,1.1785714285714286,0.32142857142857145,N2 P1 O9,de-protonated,0,-9999,C28 H33 O9 N2 P1,28,33,9,2,1,-9999,-9999,N/A
1919,571.184653,571.1846314995894,571.1848198685191,4599078.5,-9999,276541.3,32.7,-1,-0.32978630231807893,0.490229632853612,0.8370420509349343,0.628954600086141,0,2.2222222222222223,0.7777777777777778,N2 S2 O14,de-protonated,0,-9999,C18 H40 O14 N2 S2,18,40,14,2,-9999,2,-9999,N/A
1919,571.184653,571.1846314995894,571.184306804269,4599078.5,-9999,276541.3,32.7,-1,0.5684598062640775,0.4715256876058969,0.7489023467070353,0.5824763512463522,18,1.032258064516129,0.0967741935483871,N4 S2 O3,de-protonated,0,-9999,C31 H32 O3 N4 S2,31,32,3,4,-9999,2,-9999,N/A
1919,571.184653,571.1846314995894,571.184439745999,4599078.5,-9999,276541.3,32.7,-1,0.3357122095768928,0.48987896177372775,0.8221557383861047,0.6227896724186786,5,1.85,0.55,N4 S1 P1 O11,de-protonated,0,-9999,C20 H37 O11 N4 P1 S1,20,37,11,4,1,1,-9999,N/A
1920,571.205821,571.2057995015567,571.206087621009,2406709.5,-9999,277235,16.32,-1,-0.5044054301083812,0.477442171516995,0.719752637322661,0.5743663578392614,22,0.8888888888888888,0.08333333333333333,N2 S1 O3,de-protonated,0,-9999,C36 H32 O3 N2 S1,36,32,3,2,-9999,1,-9999,N/A
1920,571.205821,571.2057995015567,571.2062205627391,2406709.5,-9999,277235,16.32,-1,-0.73714390213774,0.9061088898840396,0,0.5436653339304238,9,1.48,0.44,N2 P1 O11,de-protonated,0,-9999,C25 H37 O11 N2 P1,25,37,11,2,1,-9999,-9999,N/A
1920,571.205821,571.2057995015567,571.2054361723291,2406709.5,-9999,277235,16.32,-1,0.6360745270103275,0.9292174767646432,0,0.557530486058786,13,1.2857142857142858,0.17857142857142858,N4 S2 O5,de-protonated,0,-9999,C28 H36 O5 N4 S2,28,36,5,4,-9999,2,-9999,N/A
1920,571.205821,571.2057995015567,571.205569114059,2406709.5,-9999,277235,16.32,-1,0.4033355243123647,0.9709134109836036,0,0.5825480465901621,0,2.411764705882353,0.7647058823529411,N4 S1 P1 O13,de-protonated,0,-9999,C17 H41 O13 N4 P1 S1,17,41,13,4,1,1,-9999,N/A
1921,571.221234,571.2212125029891,571.221476704029,2954048.3,-9999,252596.8,20.41,-1,-0.4625194440601627,0.4809637131414083,0.7612342259156646,0.5930719182511108,13,1.2758620689655171,0.27586206896551724,N2 P1 O8,de-protonated,0,-9999,C29 H37 O8 N2 P1,29,37,8,2,1,-9999,-9999,N/A
1921,571.221234,571.2212125029891,571.2206923136191,2954048.3,-9999,252596.8,20.41,-1,0.9106626861310364,0.4301489389570792,0.7428850341668535,0.5552433770409888,17,1.125,0.0625,N4 S2 O2,de-protonated,0,-9999,C32 H36 O2 N4 S2,32,36,2,4,-9999,2,-9999,N/A
1921,571.221234,571.2212125029891,571.220825255349,2954048.3,-9999,252596.8,20.41,-1,0.6779298355107438,0.9199906286593807,0,0.5519943771956285,4,1.9523809523809523,0.47619047619047616,N4 S1 P1 O10,de-protonated,0,-9999,C21 H41 O10 N4 P1 S1,21,41,10,4,1,1,-9999,N/A
1922,573.054752,573.0547306733954,573.0542181268389,5267017,-9999,291261.4,37.68,-1,0.8944119775510733,0.43244454019752626,0.7141928963326545,0.5451438826515775,29,0.5135135135135135,0.02702702702702703,S2 P1 O1,de-protonated,0,-9999,C37 H19 O1 P1 S2,37,19,1,-9999,1,2,-9999,N/A
1922,573.054752,573.0547306733954,573.0550662800091,5267017,-9999,291261.4,37.68,-1,-0.585644615065728,0.9586857126026044,0.9855662684811028,0.9694379349540038,30,0.4,0.14285714285714285,N2 S1 O5,de-protonated,0,-9999,C35 H14 O5 N2 S1,35,14,5,2,-9999,1,-9999,N/A
1922,573.054752,573.0547306733954,573.055199221739,5267017,-9999,291261.4,37.68,-1,-0.8176321308481848,0.912871940411619,0.9459163291254647,0.9260896958971574,17,0.7916666666666666,0.5416666666666666,N2 P1 O13,de-protonated,0,-9999,C24 H19 O13 N2 P1,24,19,13,2,1,-9999,-9999,N/A
1922,573.054752,573.0547306733954,573.054414831329,5267017,-9999,291261.4,37.68,-1,0.5511554543204634,0.9206319980361386,0.9658543172161368,0.938720925708138,21,0.6666666666666666,0.25925925925925924,N4 S2 O7,de-protonated,0,-9999,C27 H18 O7 N4 S2,27,18,7,4,-9999,2,-9999,N/A
1922,573.054752,573.0547306733954,573.054547773059,5267017,-9999,291261.4,37.68,-1,0.31916741109061103,0.9640682115162302,0.8873559697918483,0.9333833148264774,8,1.4375,0.9375,N4 S1 P1 O15,de-protonated,0,-9999,C16 H23 O15 N4 P1 S1,16,23,15,4,1,1,-9999,N/A
1923,573.08923,573.0892086765997,573.089734256319,2344545.5,-9999,336965.2,15.85,-1,-0.9170984715566886,0.4292318102482796,0.7141928963326545,0.5432162446820296,29,0.5135135135135135,0.13513513513513514,P1 O5,de-protonated,0,-9999,C37 H19 O5 P1,37,19,5,-9999,1,-9999,-9999,N/A
1923,573.08923,573.0892086765997,573.089462930159,2344545.5,-9999,336965.2,15.85,-1,-0.4436542211390831,0.9649158574427557,0,0.5789495144656533,15,0.9629629629629628,0.3703703703703703,S2 O10,de-protonated,0,-9999,C27 H26 O10 S2,27,26,10,-9999,-9999,2,-9999,N/A
1923,573.08923,573.0892086765997,573.089082807639,2344545.5,-9999,336965.2,15.85,-1,0.2196324524134748,0.9912853973321306,0,0.5947712383992784,20,0.7931034482758621,0.2413793103448276,N2 S1 P1 O7,de-protonated,0,-9999,C29 H23 O7 N2 P1 S1,29,23,7,2,1,1,-9999,N/A
1924,573.091256,573.0912346767881,573.0914517893591,8101475,-9999,278212,58.85,-1,-0.37884454626584,0.942980955354884,0.9559661736894124,0.9481750426886956,29,0.5,0.1111111111111111,N2 S1 O4,de-protonated,0,-9999,C36 H18 O4 N2 S1,36,18,4,2,-9999,1,-9999,N/A
1924,573.091256,573.0912346767881,573.091584731089,8101475,-9999,278212,58.85,-1,-0.6108173811634438,0.8924054073833778,0.9766286023983678,0.9260946853893738,16,0.92,0.48,N2 P1 O12,de-protonated,0,-9999,C25 H23 O12 N2 P1,25,23,12,2,1,-9999,-9999,N/A
1924,573.091256,573.0912346767881,573.091071666839,8101475,-9999,278212,58.85,-1,0.2844398685977187,0.9924701934183564,0.9449319259362036,0.9734548864254952,34,0.3947368421052632,0.02631578947368421,N4 P1 O1,de-protonated,0,-9999,C38 H15 O1 N4 P1,38,15,1,4,1,-9999,-9999,N/A
1924,573.091256,573.0912346767881,573.090800340679,8101475,-9999,278212,58.85,-1,0.7578835828101993,0.9347012327963672,0.9962327356481464,0.9593138339370788,20,0.7857142857142857,0.21428571428571427,N4 S2 O6,de-protonated,0,-9999,C28 H22 O6 N4 S2,28,22,6,4,-9999,2,-9999,N/A
1924,573.091256,573.0912346767881,573.0909332824091,8101475,-9999,278212,58.85,-1,0.5259102203336888,0.9722874432391108,0.9190972559829752,0.9510113683366566,7,1.588235294117647,0.8235294117647058,N4 S1 P1 O14,de-protonated,0,-9999,C17 H27 O14 N4 P1 S1,17,27,14,4,1,1,-9999,N/A
1925,573.127664,573.1276426801717,573.127837298709,7405180.5,-9999,267770,53.65,-1,-0.3395726479182429,0.9806758876408108,0.9521223481234766,0.9692544718338773,28,0.5945945945945946,0.08108108108108109,N2 S1 O3,de-protonated,0,-9999,C37 H22 O3 N2 S1,37,22,3,2,-9999,1,-9999,N/A
1925,573.127664,573.1276426801717,573.127970240439,7405180.5,-9999,267770,53.65,-1,-0.5715307651338801,0.9447631229383128,0.981557727696358,0.959480964841531,15,1.0384615384615383,0.4230769230769231,N2 P1 O11,de-protonated,0,-9999,C26 H27 O11 N2 P1,26,27,11,2,1,-9999,-9999,N/A
1925,573.127664,573.1276426801717,573.127185850029,7405180.5,-9999,267770,53.65,-1,0.7970833593617102,0.8882891029607156,0.9991636777064868,0.932638932859024,19,0.896551724137931,0.1724137931034483,N4 S2 O5,de-protonated,0,-9999,C29 H26 O5 N4 S2,29,26,5,4,-9999,2,-9999,N/A
1925,573.127664,573.1276426801717,573.1273187917591,7405180.5,-9999,267770,53.65,-1,0.5651247148324807,0.9415226595312726,0.9250284972742436,0.934924994628461,6,1.7222222222222223,0.7222222222222222,N4 S1 P1 O13,de-protonated,0,-9999,C18 H31 O13 N4 P1 S1,18,31,13,4,1,1,-9999,N/A
1926,573.164009,573.1639876835496,573.164222808059,7069334.5,-9999,261188.7,51.14,-1,-0.4102218875300945,0.9751405325824284,0.9192329380793512,0.9527774947811976,27,0.6842105263157895,0.05263157894736842,N2 S1 O2,de-protonated,0,-9999,C38 H26 O2 N2 S1,38,26,2,2,-9999,1,-9999,N/A
1926,573.164009,573.1639876835496,573.164355749789,7069334.5,-9999,261188.7,51.14,-1,-0.6421652632385354,0.9360826596339068,0.9844935815250764,0.9554470283903744,14,1.148148148148148,0.3703703703703703,N2 P1 O10,de-protonated,0,-9999,C27 H31 O10 N2 P1,27,31,10,2,1,-9999,-9999,N/A
1926,573.164009,573.1639876835496,573.164084423629,7069334.5,-9999,261188.7,51.14,-1,-0.16878252142104536,0.9966933034616012,0.9447962438398274,0.9759344796128916,0,2.235294117647059,0.8823529411764706,N2 S2 O15,de-protonated,0,-9999,C17 H38 O15 N2 S2,17,38,15,2,-9999,2,-9999,N/A
1926,573.164009,573.1639876835496,573.163571359379,7069334.5,-9999,261188.7,51.14,-1,0.7263618823743458,0.8990273240494147,0.9655324833339805,0.9256293877632408,18,1,0.13333333333333333,N4 S2 O4,de-protonated,0,-9999,C30 H30 O4 N4 S2,30,30,4,4,-9999,2,-9999,N/A
1926,573.164009,573.1639876835496,573.1637043011091,7069334.5,-9999,261188.7,51.14,-1,0.4944179794192974,0.9494505535272744,0.9599533367827404,0.9536516668294608,5,1.8421052631578947,0.631578947368421,N4 S1 P1 O12,de-protonated,0,-9999,C19 H35 O12 N4 P1 S1,19,35,12,4,1,1,-9999,N/A
1927,573.200419,573.2003976869336,573.2006083174089,6676144,-9999,292666.2,48.2,-1,-0.3674638027906655,0.4878983800063739,0.7033271719038788,0.5740698967653759,26,0.7692307692307693,0.02564102564102564,N2 S1 O1,de-protonated,0,-9999,C39 H30 O1 N2 S1,39,30,1,2,-9999,1,-9999,N/A
1927,573.200419,573.2003976869336,573.200741259139,6676144,-9999,292666.2,48.2,-1,-0.599392465364182,0.4684450417707645,0.7675537279851021,0.5880885162564995,13,1.25,0.32142857142857145,N2 P1 O9,de-protonated,0,-9999,C28 H35 O9 N2 P1,28,35,9,2,1,-9999,-9999,N/A
1927,573.200419,573.2003976869336,573.199956868729,6676144,-9999,292666.2,48.2,-1,0.7690478675996687,0.4491213251250765,0.7489023467070351,0.5690337337578599,17,1.096774193548387,0.0967741935483871,N4 S2 O3,de-protonated,0,-9999,C31 H34 O3 N4 S2,31,34,3,4,-9999,2,-9999,N/A
1927,573.200419,573.2003976869336,573.2000898104591,6676144,-9999,292666.2,48.2,-1,0.5371186780447939,0.4744996081125759,0.8221557383861046,0.6135620602219873,4,1.95,0.55,N4 S1 P1 O11,de-protonated,0,-9999,C20 H39 O11 N4 P1 S1,20,39,11,4,1,1,-9999,N/A
1928,573.236711,573.2366896903065,573.237126768489,4148938,-9999,342397.2,29.33,-1,-0.7624736118119084,0.4499425913623525,0.7612342259156646,0.5744592451836773,12,1.3448275862068966,0.27586206896551724,N2 P1 O8,de-protonated,0,-9999,C29 H39 O8 N2 P1,29,39,8,2,1,-9999,-9999,N/A
1928,573.236711,573.2366896903065,573.236342378079,4148938,-9999,342397.2,29.33,-1,0.605879637842447,0.4677809241684125,0.7428850341668535,0.5778225681677889,16,1.1875,0.0625,N4 S2 O2,de-protonated,0,-9999,C32 H38 O2 N4 S2,32,38,2,4,-9999,2,-9999,N/A
1928,573.236711,573.2366896903065,573.2364753198091,4148938,-9999,342397.2,29.33,-1,0.3739652075604484,0.48747182988245463,0.8149093904448103,0.6184468541073969,3,2.047619047619047,0.47619047619047616,N4 S1 P1 O10,de-protonated,0,-9999,C21 H43 O10 N4 P1 S1,21,43,10,4,1,1,-9999,N/A
1929,574.05824,574.0582187666589,574.057709307529,1852176.8,-9999,307687.9,12.17,-1,0.8874702345840487,0.8668324223253842,0,0.5200994533952304,29,0.4722222222222222,0.08333333333333333,N1 S2 O3,de-protonated,0,-9999,C36 H17 O3 N1 S2,36,17,3,1,-9999,2,-9999,N/A
1929,574.05824,574.0582187666589,574.0578422492591,1852176.8,-9999,307687.9,12.17,-1,0.6558875640667484,0.9249115778132956,0,0.5549469466879774,16,0.88,0.44,N1 S1 P1 O11,de-protonated,0,-9999,C25 H22 O11 N1 P1 S1,25,22,11,1,1,1,-9999,N/A
1929,574.05824,574.0582187666589,574.0584211150791,1852176.8,-9999,307687.9,12.17,-1,-0.35248750433740417,0.9777076941141304,0.9855662684811028,0.9808511238609192,30,0.4117647058823529,0.14705882352941177,13C1 N2 S1 O5,de-protonated,1,1922,C34 H14 O5 N2 S1 13C1,34,14,5,2,-9999,1,1,N/A
1929,574.05824,574.0582187666589,574.058554056809,1852176.8,-9999,307687.9,12.17,-1,-0.5840696001541069,0.9399779000852644,0.9459163291254647,0.9423532717013444,17,0.8260869565217391,0.5652173913043478,13C1 N2 P1 O13,de-protonated,1,1922,C23 H19 O13 N2 P1 13C1,23,19,13,2,1,-9999,1,N/A
1929,574.05824,574.0582187666589,574.0586904024291,1852176.8,-9999,307687.9,12.17,-1,-0.8215810997261431,0.8847262115099745,0,0.5308357269059847,17,0.7391304347826086,0.6521739130434783,N3 O15,de-protonated,0,-9999,C23 H17 O15 N3,23,17,15,3,-9999,-9999,-9999,N/A
1929,574.05824,574.0582187666589,574.057769666399,1852176.8,-9999,307687.9,12.17,-1,0.7823258974754222,0.8948915593572053,0.9658543172161368,0.923276662500778,21,0.6923076923076923,0.2692307692307692,13C1 N4 S2 O7,de-protonated,1,1922,C26 H18 O7 N4 S2 13C1,26,18,7,4,-9999,2,1,N/A
1929,574.05824,574.0582187666589,574.057902608129,1852176.8,-9999,307687.9,12.17,-1,0.5507432760533649,0.9464504306044376,0.8873559697918483,0.9228126462794016,8,1.5333333333333334,1,13C1 N4 S1 P1 O15,de-protonated,1,1922,C15 H23 O15 N4 P1 S1 13C1,15,23,15,4,1,1,1,N/A
1930,574.094418,574.0943967700214,574.0940948168791,2505514.5,-9999,277445.7,17.05,-1,0.5259645501042417,0.4755216292243949,0.7141928963326544,0.5709901360676987,28,0.5675675675675675,0.05405405405405406,N1 S2 O2,de-protonated,0,-9999,C37 H21 O2 N1 S2,37,21,2,1,-9999,2,-9999,N/A
1930,574.094418,574.0943967700214,574.094227758609,2505514.5,-9999,277445.7,17.05,-1,0.29439664117063014,0.9843969630298478,0,0.5906381778179086,15,1,0.38461538461538464,N1 S1 P1 O10,de-protonated,0,-9999,C26 H26 O10 N1 P1 S1,26,26,10,1,1,1,-9999,N/A
1930,574.094418,574.0943967700214,574.094806624429,2505514.5,-9999,277445.7,17.05,-1,-0.7139141530147116,0.9116678342142088,0.9559661736894124,0.9293871700042902,29,0.5142857142857142,0.11428571428571428,13C1 N2 S1 O4,de-protonated,1,1924,C35 H18 O4 N2 S1 13C1,35,18,4,2,-9999,1,1,N/A
1930,574.094418,574.0943967700214,574.094939566159,2505514.5,-9999,277445.7,17.05,-1,-0.945481487914838,0.8502682630775424,0.9766286023983678,0.9008123988058726,16,0.9583333333333334,0.5,13C1 N2 P1 O12,de-protonated,1,1924,C24 H23 O12 N2 P1 13C1,24,23,12,2,1,-9999,1,N/A
1930,574.094418,574.0943967700214,574.094426501909,2505514.5,-9999,277445.7,17.05,-1,-0.05178919393950811,0.9995134511422884,0.9449319259362036,0.9776808410598544,34,0.40540540540540543,0.02702702702702703,13C1 N4 P1 O1,de-protonated,1,1924,C37 H15 O1 N4 P1 13C1,37,15,1,4,1,-9999,1,N/A
1930,574.094418,574.0943967700214,574.0941551757492,2505514.5,-9999,277445.7,17.05,-1,0.4208269149456366,0.968377093515269,0.9962327356481464,0.97951935036842,20,0.8148148148148148,0.2222222222222222,13C1 N4 S2 O6,de-protonated,1,1924,C27 H22 O6 N4 S2 13C1,27,22,6,4,-9999,2,1,N/A
1930,574.094418,574.0943967700214,574.0942881174791,2505514.5,-9999,277445.7,17.05,-1,0.18925905470499596,0.9935217661824246,0.9190972559829752,0.9637519621026448,7,1.6875,0.875,13C1 N4 S1 P1 O14,de-protonated,1,1924,C16 H27 O14 N4 P1 S1 13C1,16,27,14,4,1,1,1,N/A
1931,574.131032,574.1310107734242,574.130480326229,2312004.5,-9999,281563.7,15.6,-1,0.9239140116244248,0.4282556784831807,0.7087183895694521,0.5404407629176893,27,0.6578947368421053,0.02631578947368421,N1 S2 O1,de-protonated,0,-9999,C38 H25 O1 N1 S2,38,25,1,1,-9999,2,-9999,N/A
1931,574.131032,574.1310107734242,574.130613267959,2312004.5,-9999,281563.7,15.6,-1,0.6923606859552229,0.9166955718300368,0,0.5500173430980221,14,1.1111111111111112,0.3333333333333333,N1 S1 P1 O9,de-protonated,0,-9999,C27 H30 O9 N1 P1 S1,27,30,9,1,1,1,-9999,N/A
1931,574.131032,574.1310107734242,574.1311921337791,2312004.5,-9999,281563.7,15.6,-1,-0.315886608073954,0.9820571850549814,0.9521223481234766,0.9700832502823796,28,0.6111111111111112,0.08333333333333333,13C1 N2 S1 O3,de-protonated,1,1925,C36 H22 O3 N2 S1 13C1,36,22,3,2,-9999,1,1,N/A
1931,574.131032,574.1310107734242,574.131325075509,2312004.5,-9999,281563.7,15.6,-1,-0.5474393593861802,0.9470737323246862,0.981557727696358,0.960867330473355,15,1.08,0.44,13C1 N2 P1 O11,de-protonated,1,1925,C25 H27 O11 N2 P1 13C1,25,27,11,2,1,-9999,1,N/A
1931,574.131032,574.1310107734242,574.1314614211291,2312004.5,-9999,281563.7,15.6,-1,-0.7849207631342372,0.8942314494581987,0,0.53653886967491915,15,1,0.52,N3 O13,de-protonated,0,-9999,C25 H25 O13 N3,25,25,13,3,-9999,-9999,-9999,N/A
1931,574.131032,574.1310107734242,574.130540685099,2312004.5,-9999,281563.7,15.6,-1,0.8187829977241537,0.8854633470994785,0.9991636777064868,0.9309434793422816,19,0.9285714285714286,0.17857142857142858,13C1 N4 S2 O5,de-protonated,1,1925,C28 H26 O5 N4 S2 13C1,28,26,5,4,-9999,2,1,N/A
1931,574.131032,574.1310107734242,574.1306736268291,2312004.5,-9999,281563.7,15.6,-1,0.5872297207417704,0.9393468015312252,0.9250284972742436,0.9336194798284324,6,1.8235294117647056,0.7647058823529411,13C1 N4 S1 P1 O13,de-protonated,1,1925,C17 H31 O13 N4 P1 S1 13C1,17,31,13,4,1,1,1,N/A
1932,574.167409,574.1673877768051,574.166998777309,1885022.4,-9999,240505,12.41,-1,0.6775023588880507,0.920087356218342,0,0.5520524137310052,13,1.2142857142857142,0.2857142857142857,N1 S1 P1 O8,de-protonated,0,-9999,C28 H34 O8 N1 P1 S1,28,34,8,1,1,1,-9999,N/A
1932,574.167409,574.1673877768051,574.167577643129,1885022.4,-9999,240505,12.41,-1,-0.3306810264367039,0.9803541420203594,0.9192329380793512,0.955905660443956,27,0.7027027027027027,0.05405405405405406,13C1 N2 S1 O2,de-protonated,1,1926,C37 H26 O2 N2 S1 13C1,37,26,2,2,-9999,1,1,N/A
1932,574.167409,574.1673877768051,574.1677105848592,1885022.4,-9999,240505,12.41,-1,-0.5622191010193536,0.9442595790060748,0.9844935815250764,0.9603531800136754,14,1.1923076923076923,0.38461538461538464,13C1 N2 P1 O10,de-protonated,1,1926,C26 H31 O10 N2 P1 13C1,26,31,10,2,1,-9999,1,N/A
1932,574.167409,574.1673877768051,574.1674392586991,1885022.4,-9999,240505,12.41,-1,-0.08966355548448325,0.9985422971190376,0.9447962438398274,0.9770438758073536,0,2.375,0.9375,13C1 N2 S2 O15,de-protonated,1,1926,C16 H38 O15 N2 S2 13C1,16,38,15,2,-9999,2,1,N/A
1932,574.167409,574.1673877768051,574.1678469304791,1885022.4,-9999,240505,12.41,-1,-0.7996854516592948,0.8904432930500971,0,0.5342659758300582,14,1.1153846153846154,0.4615384615384616,N3 O12,de-protonated,0,-9999,C26 H29 O12 N3,26,29,12,3,-9999,-9999,-9999,N/A
1932,574.167409,574.1673877768051,574.1669261944492,1885022.4,-9999,240505,12.41,-1,0.8039166570774042,0.8893476893039512,0.9655324833339805,0.919821606915963,18,1.0344827586206895,0.13793103448275862,13C1 N4 S2 O4,de-protonated,1,1926,C29 H30 O4 N4 S2 13C1,29,30,4,4,-9999,2,1,N/A
1932,574.167409,574.1673877768051,574.1670591361791,1885022.4,-9999,240505,12.41,-1,0.5723780574852239,0.9422867840546888,0.9599533367827404,0.9493534051459094,5,1.9444444444444444,0.6666666666666666,13C1 N4 S1 P1 O12,de-protonated,1,1926,C18 H35 O12 N4 P1 S1 13C1,18,35,12,4,1,1,1,N/A
1933,574.989537,574.9895158532132,574.990083239799,3177385,-9999,256370.8,22.06,-1,-0.9867762980791672,0.4190233010756854,0.7489023467070351,0.5509749193282254,26,0.3870967741935484,0.25806451612903225,S2 O8,de-protonated,0,-9999,C31 H12 O8 S2,31,12,8,-9999,-9999,2,-9999,N/A
1933,574.989537,574.9895158532132,574.989051668599,3177385,-9999,256370.8,22.06,-1,0.8072929612400783,0.4442351375126613,0.7871578612348809,0.5814042270015491,22,0.52,0.28,N4 S2 P1 O7,de-protonated,0,-9999,C25 H13 O7 N4 P1 S2,25,13,7,4,1,2,-9999,N/A
1934,575.03423,575.0342088573669,575.034330835119,2503625,-9999,258711.1,17.03,-1,-0.2121225560744949,0.49593438872586953,0.7311359101322861,0.5900149972884361,30,0.35294117647058826,0.17647058823529413,N2 S1 O6,de-protonated,0,-9999,C34 H12 O6 N2 S1,34,12,6,2,-9999,1,-9999,N/A
1934,575.03423,575.0342088573669,575.0344637768491,2503625,-9999,258711.1,17.03,-1,-0.4433116590212319,0.9649690562006416,0,0.5789814337203849,17,0.7391304347826086,0.6086956521739131,N2 P1 O14,de-protonated,0,-9999,C23 H17 O14 N2 P1,23,17,14,2,1,-9999,-9999,N/A
1934,575.03423,575.0342088573669,575.033679386439,2503625,-9999,258711.1,17.03,-1,0.9207650733385618,0.8574145920942668,0,0.5144487552565601,21,0.6153846153846154,0.3076923076923077,N4 S2 O8,de-protonated,0,-9999,C26 H16 O8 N4 S2,26,16,8,4,-9999,2,-9999,N/A
1935,575.068573,575.0685518605588,575.068998811429,2205665.5,-9999,289850.7,14.8,-1,-0.7772125971865395,0.4480936765446384,0.719752637322661,0.5567572608558475,29,0.4722222222222222,0.16666666666666666,P1 O6,de-protonated,0,-9999,C36 H17 O6 P1,36,17,6,-9999,1,-9999,-9999,N/A
1935,575.068573,575.0685518605588,575.068727485269,2205665.5,-9999,289850.7,14.8,-1,-0.30539777563174036,0.983219074951532,0,0.5899314449709192,15,0.9230769230769232,0.4230769230769231,S2 O11,de-protonated,0,-9999,C26 H24 O11 S2,26,24,11,-9999,-9999,2,-9999,N/A
1935,575.068573,575.0685518605588,575.068347362749,2205665.5,-9999,289850.7,14.8,-1,0.3556060957904773,0.9773160198736552,0,0.586389611924193,20,0.75,0.2857142857142857,N2 S1 P1 O8,de-protonated,0,-9999,C28 H21 O8 N2 P1 S1,28,21,8,2,1,1,-9999,N/A
1936,575.070578,575.0705568607451,575.070716344469,7627747,-9999,262400.7,55.3,-1,-0.27732889081742895,0.9777942537294144,0.9540567105603696,0.9682992364617964,29,0.45714285714285713,0.14285714285714285,N2 S1 O5,de-protonated,0,-9999,C35 H16 O5 N2 S1,35,16,5,2,-9999,1,-9999,N/A
1936,575.070578,575.0705568607451,575.0708492861991,7627747,-9999,262400.7,55.3,-1,-0.5085033510433251,0.9408039507203352,0.977425887046198,0.9554527252506804,16,0.875,0.5416666666666666,N2 P1 O13,de-protonated,0,-9999,C24 H21 O13 N2 P1,24,21,13,2,1,-9999,-9999,N/A
1936,575.070578,575.0705568607451,575.070336221949,7627747,-9999,262400.7,55.3,-1,0.3836727131012617,0.9813474630297409,0.9428499881806072,0.9659484730900872,34,0.35135135135135137,0.05405405405405406,N4 P1 O2,de-protonated,0,-9999,C37 H13 O2 N4 P1,37,13,2,4,1,-9999,-9999,N/A
1936,575.070578,575.0705568607451,575.0700648957891,7627747,-9999,262400.7,55.3,-1,0.8554869851029335,0.8932545580913186,0.9973638751368702,0.9348982849095392,20,0.7407407407407407,0.25925925925925924,N4 S2 O7,de-protonated,0,-9999,C27 H20 O7 N4 S2,27,20,7,4,-9999,2,-9999,N/A
1936,575.070578,575.0705568607451,575.070197837519,7627747,-9999,262400.7,55.3,-1,0.624312001318151,0.9448387730559822,0.9188655277125816,0.9344494749186218,7,1.5625,0.9375,N4 S1 P1 O15,de-protonated,0,-9999,C16 H25 O15 N4 P1 S1,16,25,15,4,1,1,-9999,N/A
1937,575.104871,575.1048498639323,575.1053843207791,2629627.5,-9999,327328.2,17.97,-1,-0.9293198453583492,0.42747790130226326,0.7141928963326545,0.5421638993144198,28,0.5675675675675675,0.13513513513513514,P1 O5,de-protonated,0,-9999,C37 H21 O5 P1,37,21,5,-9999,1,-9999,-9999,N/A
1937,575.104871,575.1048498639323,575.105112994619,2629627.5,-9999,327328.2,17.97,-1,-0.457534945950304,0.962728203630726,0,0.5776369221784355,14,1.037037037037037,0.3703703703703703,S2 O10,de-protonated,0,-9999,C27 H28 O10 S2,27,28,10,-9999,-9999,2,-9999,N/A
1937,575.104871,575.1048498639323,575.104732872099,2629627.5,-9999,327328.2,17.97,-1,0.20342700477133413,0.9925193120184868,0,0.5955115872110921,19,0.8620689655172413,0.2413793103448276,N2 S1 P1 O7,de-protonated,0,-9999,C29 H25 O7 N2 P1 S1,29,25,7,2,1,1,-9999,N/A
1938,575.106924,575.1069028641232,575.107101853819,7257085,-9999,243641.3,49.77,-1,-0.3460045879987693,0.9779286652419522,0.998994484505746,0.9863549929474698,28,0.5555555555555556,0.1111111111111111,N2 S1 O4,de-protonated,0,-9999,C36 H20 O4 N2 S1,36,20,4,2,-9999,1,-9999,N/A
1938,575.106924,575.1069028641232,575.1072347955491,7257085,-9999,243641.3,49.77,-1,-0.5771644065546593,0.9404570669880108,0.9336002915820344,0.9377143568256202,15,1,0.48,N2 P1 O12,de-protonated,0,-9999,C25 H25 O12 N2 P1,25,25,12,2,1,-9999,-9999,N/A
1938,575.106924,575.1069028641232,575.1067217312989,7257085,-9999,243641.3,49.77,-1,0.31495515087014503,0.9827425855713948,0.987960236752537,0.9848296460438516,33,0.4473684210526316,0.02631578947368421,N4 P1 O1,de-protonated,0,-9999,C38 H17 O1 N4 P1,38,17,1,4,1,-9999,-9999,N/A
1938,575.106924,575.1069028641232,575.1064504051391,7257085,-9999,243641.3,49.77,-1,0.7867395397759962,0.8952060751625951,0.9532044248318132,0.9184054150302824,19,0.8571428571428571,0.21428571428571427,N4 S2 O6,de-protonated,0,-9999,C28 H24 O6 N4 S2,28,24,6,4,-9999,2,-9999,N/A
1938,575.106924,575.1069028641232,575.106583346869,7257085,-9999,243641.3,49.77,-1,0.5555791977275146,0.9465651877463884,0.8760689451666417,0.9183666907144898,6,1.7058823529411764,0.8235294117647058,N4 S1 P1 O14,de-protonated,0,-9999,C17 H29 O14 N4 P1 S1,17,29,14,4,1,1,-9999,N/A
1939,575.141238,575.1412168673123,575.1417698301291,2235413.5,-9999,324043.5,14.23,-1,-0.9614374155408996,0.4227934852385334,0.7087183895694522,0.5371634469709009,27,0.6578947368421053,0.10526315789473684,P1 O4,de-protonated,0,-9999,C38 H25 O4 P1,38,25,4,-9999,1,-9999,-9999,N/A
1939,575.141238,575.1412168673123,575.141498503969,2235413.5,-9999,324043.5,14.23,-1,-0.4896823780855221,0.9574235844729546,0,0.5744541506837727,13,1.1428571428571428,0.32142857142857145,S2 O9,de-protonated,0,-9999,C28 H32 O9 S2,28,32,9,-9999,-9999,2,-9999,N/A
1939,575.141238,575.1412168673123,575.141118381449,2235413.5,-9999,324043.5,14.23,-1,0.17123773654331742,0.9946936246735556,0,0.5968161748041333,18,0.9666666666666668,0.2,N2 S1 P1 O6,de-protonated,0,-9999,C30 H29 O6 N2 P1 S1,30,29,6,2,1,1,-9999,N/A
1940,575.143348,575.1433268675082,575.143487363169,6892567,-9999,216950.4,47.19,-1,-0.27905325248360974,0.9667121668307602,0.9850797089601886,0.9740591836825316,27,0.6486486486486487,0.08108108108108109,N2 S1 O3,de-protonated,0,-9999,C37 H24 O3 N2 S1,37,24,3,2,-9999,1,-9999,N/A
1940,575.143348,575.1433268675082,575.1436203048991,6892567,-9999,216950.4,47.19,-1,-0.5101984625716034,0.9251605540460152,0.9187597847800232,0.9226002463396183,14,1.1153846153846154,0.4230769230769231,N2 P1 O11,de-protonated,0,-9999,C26 H29 O11 N2 P1,26,29,11,2,1,-9999,-9999,N/A
1940,575.143348,575.1433268675082,575.1428359144891,6892567,-9999,216950.4,47.19,-1,0.8536192898446855,0.9079436066805242,0.9380383793771786,0.919981515759186,18,0.9655172413793104,0.1724137931034483,N4 S2 O5,de-protonated,0,-9999,C29 H28 O5 N4 S2,29,28,5,4,-9999,2,-9999,N/A
1940,575.143348,575.1433268675082,575.142968856219,6892567,-9999,216950.4,47.19,-1,0.6224735563303114,0.9547788955229034,0.8622305543579087,0.9177595590569056,5,1.8333333333333333,0.7222222222222222,N4 S1 P1 O13,de-protonated,0,-9999,C18 H33 O13 N4 P1 S1,18,33,13,4,1,1,-9999,N/A
1941,575.179745,575.179723870891,575.179872872519,7855153,-9999,242140.8,54,-1,-0.2590522286815347,0.978864334350954,0.991382363866036,0.9838715461569868,26,0.7368421052631579,0.05263157894736842,N2 S1 O2,de-protonated,0,-9999,C38 H28 O2 N2 S1,38,28,2,2,-9999,1,-9999,N/A
1941,575.179745,575.179723870891,575.1800058142491,7855153,-9999,242140.8,54,-1,-0.4901828212982199,0.942682049416288,0.9433569926882392,0.9429520267250684,13,1.2222222222222223,0.3703703703703703,N2 P1 O10,de-protonated,0,-9999,C27 H33 O10 N2 P1,27,33,10,2,1,-9999,-9999,N/A
1941,575.179745,575.179723870891,575.1792214238391,7855153,-9999,242140.8,54,-1,0.8735486840812196,0.89049140543629135,0.962318090879335,0.9192220796135088,17,1.0666666666666669,0.13333333333333333,N4 S2 O4,de-protonated,0,-9999,C30 H32 O4 N4 S2,30,32,4,4,-9999,2,-9999,N/A
1941,575.179745,575.179723870891,575.1793543655691,7855153,-9999,242140.8,54,-1,0.6424175679067223,0.942693894446444,0.8878039109960557,0.9207379010662886,4,1.9473684210526316,0.631578947368421,N4 S1 P1 O12,de-protonated,0,-9999,C19 H37 O12 N4 P1 S1,19,37,12,4,1,1,-9999,N/A
1942,575.216086,575.2160648742686,575.2162583818689,6198347,-9999,224774.9,42.28,-1,-0.33640843336654874,0.9735398225903636,0.9943579795346,0.9818670853680582,25,0.8205128205128205,0.02564102564102564,N2 S1 O1,de-protonated,0,-9999,C39 H32 O1 N2 S1,39,32,1,2,-9999,1,-9999,N/A
1942,575.216086,575.2160648742686,575.216391323599,6198347,-9999,224774.9,42.28,-1,-0.5675243880580172,0.9338321747053312,0.9414154643841766,0.9368654905768694,12,1.3214285714285714,0.32142857142857145,N2 P1 O9,de-protonated,0,-9999,C28 H37 O9 N2 P1,28,37,9,2,1,-9999,-9999,N/A
1942,575.216086,575.2160648742686,575.2156069331891,6198347,-9999,224774.9,42.28,-1,0.7961207484350005,0.9027724694933152,0.9600668456622434,0.9256902199608864,16,1.1612903225806452,0.0967741935483871,N4 S2 O3,de-protonated,0,-9999,C31 H36 O3 N4 S2,31,36,3,4,-9999,2,-9999,N/A
1942,575.216086,575.2160648742686,575.215739874919,6198347,-9999,224774.9,42.28,-1,0.5650042706472782,0.9520117648003192,0.886813453983174,0.9259324404734612,3,2.05,0.55,N4 S1 P1 O11,de-protonated,0,-9999,C20 H41 O11 N4 P1 S1,20,41,11,4,1,1,-9999,N/A
1943,575.252455,575.2524338776487,575.252776832949,3449957.3,-9999,262233,22.83,-1,-0.5961819118887622,0.46877141928455224,0.7612342259156646,0.5857565419369972,11,1.4137931034482758,0.27586206896551724,N2 P1 O8,de-protonated,0,-9999,C29 H41 O8 N2 P1,29,41,8,2,1,-9999,-9999,N/A
1943,575.252455,575.2524338776487,575.2519924425391,3449957.3,-9999,262233,22.83,-1,0.7673769330273416,0.44933058666435594,0.7428850341668535,0.5667523656653549,15,1.25,0.0625,N4 S2 O2,de-protonated,0,-9999,C32 H40 O2 N4 S2,32,40,2,4,-9999,2,-9999,N/A
1943,575.252455,575.2524338776487,575.2521253842691,3449957.3,-9999,262233,22.83,-1,0.5362750801283557,0.949155153494389,0,0.5694930920966333,2,2.142857142857143,0.47619047619047616,N4 S1 P1 O10,de-protonated,0,-9999,C21 H45 O10 N4 P1 S1,21,45,10,4,1,1,-9999,N/A
1944,576.073854,576.073832953989,576.073359371989,2261171.3,-9999,265121.1,14.41,-1,0.8220862713679908,0.4422964630052398,0.719752637322661,0.5532789327322083,28,0.5277777777777778,0.08333333333333333,N1 S2 O3,de-protonated,0,-9999,C36 H19 O3 N1 S2,36,19,3,1,-9999,2,-9999,N/A
1944,576.073854,576.073832953989,576.073492313719,2261171.3,-9999,265121.1,14.41,-1,0.5913139114046883,0.9385267487162758,0,0.5631160492297654,15,0.96,0.44,N1 S1 P1 O11,de-protonated,0,-9999,C25 H24 O11 N1 P1 S1,25,24,11,1,1,1,-9999,N/A
1944,576.073854,576.073832953989,576.0740711795391,2261171.3,-9999,265121.1,14.41,-1,-0.413532845903531,0.9694470383072412,0.9540567105603696,0.9632909072084924,29,0.4705882352941176,0.14705882352941177,13C1 N2 S1 O5,de-protonated,1,1936,C34 H16 O5 N2 S1 13C1,34,16,5,2,-9999,1,1,N/A
1944,576.073854,576.073832953989,576.0742041212691,2261171.3,-9999,265121.1,14.41,-1,-0.6443046353768938,0.9274424691524086,0.977425887046198,0.9474358363099245,16,0.9130434782608696,0.5652173913043478,13C1 N2 P1 O13,de-protonated,1,1936,C23 H21 O13 N2 P1 13C1,23,21,13,2,1,-9999,1,N/A
1944,576.073854,576.073832953989,576.074340466889,2261171.3,-9999,265121.1,14.41,-1,-0.8809850817978657,0.8686381623986775,0,0.5211828974392065,16,0.8260869565217391,0.6521739130434783,N3 O15,de-protonated,0,-9999,C23 H19 O15 N3,23,19,15,3,-9999,-9999,-9999,N/A
1944,576.073854,576.073832953989,576.073691057019,2261171.3,-9999,265121.1,14.41,-1,0.24631739348301496,0.9890514746253054,0.9428499881806072,0.970570880047426,34,0.3611111111111111,0.05555555555555555,13C1 N4 P1 O2,de-protonated,1,1936,C36 H13 O2 N4 P1 13C1,36,13,2,4,1,-9999,1,N/A
1944,576.073854,576.073832953989,576.0734197308591,2261171.3,-9999,265121.1,14.41,-1,0.717309835518325,0.9108642457945396,0.9973638751368702,0.945464097531472,20,0.7692307692307693,0.2692307692307692,13C1 N4 S2 O7,de-protonated,1,1936,C26 H20 O7 N4 S2 13C1,26,20,7,4,-9999,2,1,N/A
1944,576.073854,576.073832953989,576.0735526725889,2261171.3,-9999,265121.1,14.41,-1,0.486537524308681,0.9579570753952658,0.9188655277125816,0.942320456322192,7,1.6666666666666667,1,13C1 N4 S1 P1 O15,de-protonated,1,1936,C15 H25 O15 N4 P1 S1 13C1,15,25,15,4,1,1,1,N/A
1945,576.102151,576.102129956619,576.102350826019,1929415.6,-9999,383491.7,12.06,-1,-0.383385694686386,0.973682347049492,0,0.5842094082296952,28,0.5428571428571428,0.11428571428571428,N3 S1 O4,de-protonated,0,-9999,C35 H19 O4 N3 S1,35,19,4,3,-9999,1,-9999,N/A
1945,576.102151,576.102129956619,576.102483767749,1929415.6,-9999,383491.7,12.06,-1,-0.6141461632171971,0.933851356382112,0,0.5603108138292672,15,1,0.5,N3 P1 O12,de-protonated,0,-9999,C24 H24 O12 N3 P1,24,24,12,3,1,-9999,-9999,N/A
1946,576.110273,576.1102519573739,576.109744881339,2811597.5,-9999,295257.7,18.31,-1,0.8801726396224768,0.4344318554181746,0.7141928963326544,0.5463362717839665,27,0.6216216216216216,0.05405405405405406,N1 S2 O2,de-protonated,0,-9999,C37 H23 O2 N1 S2,37,23,2,1,-9999,2,-9999,N/A
1946,576.110273,576.1102519573739,576.109877823069,2811597.5,-9999,295257.7,18.31,-1,0.6494148412004388,0.9263305867546616,0,0.555798352052797,14,1.0769230769230769,0.38461538461538464,N1 S1 P1 O10,de-protonated,0,-9999,C26 H28 O10 N1 P1 S1,26,28,10,1,1,1,-9999,N/A
1946,576.110273,576.1102519573739,576.110456688889,2811597.5,-9999,295257.7,18.31,-1,-0.3553685110060266,0.9773459747971684,0.998994484505746,0.9860053786805992,28,0.5714285714285714,0.11428571428571428,13C1 N2 S1 O4,de-protonated,1,1938,C35 H20 O4 N2 S1 13C1,35,20,4,2,-9999,1,1,N/A
1946,576.110273,576.1102519573739,576.110589630619,2811597.5,-9999,295257.7,18.31,-1,-0.586125739010138,0.9395676133496575,0.9336002915820344,0.9371806846426084,15,1.0416666666666667,0.5,13C1 N2 P1 O12,de-protonated,1,1938,C24 H25 O12 N2 P1 13C1,24,25,12,2,1,-9999,1,N/A
1946,576.110273,576.1102519573739,576.110725976239,2811597.5,-9999,295257.7,18.31,-1,-0.8227912513358331,0.8844068193380806,0,0.5306440916028483,15,0.9583333333333334,0.5833333333333334,N3 O14,de-protonated,0,-9999,C24 H23 O14 N3,24,23,14,3,-9999,-9999,-9999,N/A
1946,576.110273,576.1102519573739,576.110076566369,2811597.5,-9999,295257.7,18.31,-1,0.30444009225550833,0.9833232739327292,0.987960236752537,0.9851780590606524,33,0.4594594594594595,0.02702702702702703,13C1 N4 P1 O1,de-protonated,1,1938,C37 H17 O1 N4 P1 13C1,37,17,1,4,1,-9999,1,N/A
1946,576.110273,576.1102519573739,576.1098052402092,2811597.5,-9999,295257.7,18.31,-1,0.7754028148810358,0.8966443924329793,0.9532044248318132,0.9192684053925128,19,0.8888888888888888,0.2222222222222222,13C1 N4 S2 O6,de-protonated,1,1938,C27 H24 O6 N4 S2 13C1,27,24,6,4,-9999,2,1,N/A
1946,576.110273,576.1102519573739,576.1099381819391,2811597.5,-9999,295257.7,18.31,-1,0.5446450650091906,0.9475982815278636,0.8760689451666417,0.9189865469833748,6,1.8125,0.875,13C1 N4 S1 P1 O14,de-protonated,1,1938,C16 H29 O14 N4 P1 S1 13C1,16,29,14,4,1,1,1,N/A
1947,576.146549,576.1465279607453,576.146130390689,2964199.8,-9999,310092.3,19.39,-1,0.6900507272758499,0.4586134398872252,0.7087183895694521,0.5586554197601159,26,0.7105263157894737,0.02631578947368421,N1 S2 O1,de-protonated,0,-9999,C38 H27 O1 N1 S2,38,27,1,1,-9999,2,-9999,N/A
1947,576.146549,576.1465279607453,576.146263332419,2964199.8,-9999,310092.3,19.39,-1,0.459307545828188,0.4812221735344486,0.7739790330151771,0.59832491732674,13,1.1851851851851851,0.3333333333333333,N1 S1 P1 O9,de-protonated,0,-9999,C27 H32 O9 N1 P1 S1,27,32,9,1,1,1,-9999,N/A
1947,576.146549,576.1465279607453,576.1468421982391,2964199.8,-9999,310092.3,19.39,-1,-0.5454121603000569,0.947454519641932,0.9850797089601886,0.9625045953692348,27,0.6666666666666666,0.08333333333333333,13C1 N2 S1 O3,de-protonated,1,1940,C36 H24 O3 N2 S1 13C1,36,24,3,2,-9999,1,1,N/A
1947,576.146549,576.1465279607453,576.1469751399691,2964199.8,-9999,310092.3,19.39,-1,-0.7761547714019332,0.8964545957031101,0.9187597847800232,0.9053766713338752,14,1.16,0.44,13C1 N2 P1 O11,de-protonated,1,1940,C25 H29 O11 N2 P1 13C1,25,29,11,2,1,-9999,1,N/A
1947,576.146549,576.1465279607453,576.1461907495591,2964199.8,-9999,310092.3,19.39,-1,0.5852875392053264,0.9397350221376302,0.9380383793771786,0.9390563650334496,18,1,0.17857142857142858,13C1 N4 S2 O5,de-protonated,1,1940,C28 H28 O5 N4 S2 13C1,28,28,5,4,-9999,2,1,N/A
1947,576.146549,576.1465279607453,576.146323691289,2964199.8,-9999,310092.3,19.39,-1,0.3545444063017286,0.9774497306680904,0.8622305543579087,0.9313620601440178,5,1.9411764705882353,0.7647058823529411,13C1 N4 S1 P1 O13,de-protonated,1,1940,C17 H33 O13 N4 P1 S1 13C1,17,33,13,4,1,1,1,N/A
1948,576.183012,576.1829909641341,576.182648841769,3095298,-9999,326097.3,20.31,-1,0.5937741543285755,0.46901518438585377,0.7675537279851021,0.5884306018255532,12,1.2857142857142858,0.2857142857142857,N1 S1 P1 O8,de-protonated,0,-9999,C28 H36 O8 N1 P1 S1,28,36,8,1,1,1,-9999,N/A
1948,576.183012,576.1829909641341,576.183227707589,3095298,-9999,326097.3,20.31,-1,-0.41088223945028063,0.9698315018818356,0.991382363866036,0.9784518466755158,26,0.7567567567567568,0.05405405405405406,13C1 N2 S1 O2,de-protonated,1,1941,C37 H28 O2 N2 S1 13C1,37,28,2,2,-9999,1,1,N/A
1948,576.183012,576.1829909641341,576.1833606493191,3095298,-9999,326097.3,20.31,-1,-0.6416103105815874,0.9280256987002168,0.9433569926882392,0.9341582162954256,13,1.2692307692307692,0.38461538461538464,13C1 N2 P1 O10,de-protonated,1,1941,C26 H33 O10 N2 P1 13C1,26,33,10,2,1,-9999,1,N/A
1948,576.183012,576.1829909641341,576.183496994939,3095298,-9999,326097.3,20.31,-1,-0.8782459191192045,0.43469900221179975,0.7805128205128199,0.5730245295322078,13,1.1923076923076923,0.4615384615384616,N3 O12,de-protonated,0,-9999,C26 H31 O12 N3,26,31,12,3,-9999,-9999,-9999,N/A
1948,576.183012,576.1829909641341,576.1825762589091,3095298,-9999,326097.3,20.31,-1,0.7197462091000628,0.910285767421924,0.962318090879335,0.9310986968048884,17,1.103448275862069,0.13793103448275862,13C1 N4 S2 O4,de-protonated,1,1941,C29 H32 O4 N4 S2 13C1,29,32,4,4,-9999,2,1,N/A
1948,576.183012,576.1829909641341,576.1827092006391,3095298,-9999,326097.3,20.31,-1,0.4890176162328648,0.957536615912736,0.8878039109960557,0.9296435339460638,4,2.0555555555555554,0.6666666666666666,13C1 N4 S1 P1 O12,de-protonated,1,1941,C18 H37 O12 N4 P1 S1 13C1,18,37,12,4,1,1,1,N/A
1949,576.219388,576.2193669675149,576.219034351119,2544412.3,-9999,315233.1,16.41,-1,0.5772395149513012,0.9413317109278284,0,0.5647990265566971,11,1.3793103448275863,0.2413793103448276,N1 S1 P1 O7,de-protonated,0,-9999,C29 H40 O7 N1 P1 S1,29,40,7,1,1,1,-9999,N/A
1949,576.219388,576.2193669675149,576.2196132169389,2544412.3,-9999,315233.1,16.41,-1,-0.4273534227792095,0.967404907638342,0.9943579795346,0.9781861363968452,25,0.8421052631578947,0.02631578947368421,13C1 N2 S1 O1,de-protonated,1,1942,C38 H32 O1 N2 S1 13C1,38,32,1,2,-9999,1,1,N/A
1949,576.219388,576.2193669675149,576.2197461586691,2544412.3,-9999,315233.1,16.41,-1,-0.6580669209381977,0.9244311259358238,0.9414154643841766,0.9312248613151648,12,1.3703703703703705,0.3333333333333333,13C1 N2 P1 O9,de-protonated,1,1942,C27 H37 O9 N2 P1 13C1,27,37,9,2,1,-9999,1,N/A
1949,576.219388,576.2193669675149,576.2198825042891,2544412.3,-9999,315233.1,16.41,-1,-0.894687583380568,0.8648117023554163,0,0.5188870214132497,12,1.2962962962962965,0.4074074074074074,N3 O11,de-protonated,0,-9999,C27 H35 O11 N3,27,35,11,3,-9999,-9999,-9999,N/A
1949,576.219388,576.2193669675149,576.2189617682591,2544412.3,-9999,315233.1,16.41,-1,0.7032036130989836,0.914182069619803,0.9600668456622434,0.9325359800367792,16,1.2,0.1,13C1 N4 S2 O3,de-protonated,1,1942,C30 H36 O3 N4 S2 13C1,30,36,3,4,-9999,2,1,N/A
1949,576.219388,576.2193669675149,576.2190947099891,2544412.3,-9999,315233.1,16.41,-1,0.4724895934672987,0.9603017039991923,0.886813453983174,0.930906403992785,3,2.1578947368421053,0.5789473684210527,13C1 N4 S1 P1 O11,de-protonated,1,1942,C19 H41 O11 N4 P1 S1 13C1,19,41,11,4,1,1,1,N/A
1950,577.049808,577.0497870446936,577.049980899579,5192052.5,-9999,269262.1,35.15,-1,-0.33594123878474186,0.4898652884947198,0.7311359101322861,0.5863735371497463,29,0.4117647058823529,0.17647058823529413,N2 S1 O6,de-protonated,0,-9999,C34 H14 O6 N2 S1,34,14,6,2,-9999,1,-9999,N/A
1950,577.049808,577.0497870446936,577.050113841309,5192052.5,-9999,269262.1,35.15,-1,-0.5663227638566362,0.4717332174388378,0.8007932653391622,0.6033572365989676,16,0.8260869565217391,0.6086956521739131,N2 P1 O14,de-protonated,0,-9999,C23 H19 O14 N2 P1,23,19,14,2,1,-9999,-9999,N/A
1950,577.049808,577.0497870446936,577.049600777059,5192052.5,-9999,269262.1,35.15,-1,0.3227931088640913,0.49063574139290134,0.719752637322661,0.5822824997648053,34,0.3055555555555556,0.08333333333333333,N4 P1 O3,de-protonated,0,-9999,C36 H11 O3 N4 P1,36,11,3,4,1,-9999,-9999,N/A
1950,577.049808,577.0497870446936,577.049329450899,5192052.5,-9999,269262.1,35.15,-1,0.7929890414586297,0.44608406780105914,0.7805128205128198,0.5798555688857634,20,0.6923076923076923,0.3076923076923077,N4 S2 O8,de-protonated,0,-9999,C26 H18 O8 N4 S2,26,18,8,4,-9999,2,-9999,N/A
1951,577.064927,577.0649060460988,577.065237040869,2209663.5,-9999,266279.8,14.04,-1,-0.5735829311699859,0.4710253697789948,0.7087183895694522,0.5661025776951778,33,0.3684210526315789,0.07894736842105263,N2 S1 O3,de-protonated,0,-9999,C38 H14 O3 N2 S1,38,14,3,2,-9999,1,-9999,N/A
1951,577.064927,577.0649060460988,577.065369982599,2209663.5,-9999,266279.8,14.04,-1,-0.8039583109902458,0.8893368816644889,0,0.5336021289986933,20,0.7037037037037037,0.4074074074074074,N2 P1 O11,de-protonated,0,-9999,C27 H19 O11 N2 P1,27,19,11,2,1,-9999,-9999,N/A
1951,577.064927,577.0649060460988,577.0650986564391,2209663.5,-9999,266279.8,14.04,-1,-0.3337757572105862,0.9799884247993584,0,0.5879930548796151,6,1.5294117647058822,0.9411764705882352,N2 S2 O16,de-protonated,0,-9999,C17 H26 O16 N2 S2,17,26,16,2,-9999,2,-9999,N/A
1951,577.064927,577.0649060460988,577.064585592189,2209663.5,-9999,266279.8,14.04,-1,0.5553172345154151,0.9455820232615488,0,0.5673492139569294,24,0.6,0.16666666666666666,N4 S2 O5,de-protonated,0,-9999,C30 H18 O5 N4 S2,30,18,5,4,-9999,2,-9999,N/A
1951,577.064927,577.0649060460988,577.0647185339191,2209663.5,-9999,266279.8,14.04,-1,0.3249413345530143,0.98102376050017,0,0.588614256300102,11,1.2105263157894737,0.6842105263157895,N4 S1 P1 O13,de-protonated,0,-9999,C19 H23 O13 N4 P1 S1,19,23,13,4,1,1,-9999,N/A
1952,577.084141,577.0841200478847,577.084648875889,2722189.5,-9999,386256,17.67,-1,-0.916378568341466,0.4293346230809158,0.719752637322661,0.5455018287776139,28,0.5277777777777778,0.16666666666666666,P1 O6,de-protonated,0,-9999,C36 H19 O6 P1,36,19,6,-9999,1,-9999,-9999,N/A
1952,577.084141,577.0841200478847,577.0843775497291,2722189.5,-9999,386256,17.67,-1,-0.44621177499856696,0.9645174724199804,0,0.5787104834519883,14,1,0.4230769230769231,S2 O11,de-protonated,0,-9999,C26 H26 O11 S2,26,26,11,-9999,-9999,2,-9999,N/A
1952,577.084141,577.0841200478847,577.083997427209,2722189.5,-9999,386256,17.67,-1,0.21248323665877583,0.991841215453987,0,0.5951047292723921,19,0.8214285714285714,0.2857142857142857,N2 S1 P1 O8,de-protonated,0,-9999,C28 H23 O8 N2 P1 S1,28,23,8,2,1,1,-9999,N/A
1953,577.086227,577.0862060480785,577.086366408929,8659343,-9999,248784,59.69,-1,-0.2778801578663429,0.9838277159002432,0.9097553044427088,0.9541987513172294,28,0.5142857142857142,0.14285714285714285,N2 S1 O5,de-protonated,0,-9999,C35 H18 O5 N2 S1,35,18,5,2,-9999,1,-9999,N/A
1953,577.086227,577.0862060480785,577.086499350659,8659343,-9999,248784,59.69,-1,-0.5082471706763779,0.950385213811213,0.9782727068361412,0.9615402110211844,15,0.9583333333333334,0.5416666666666666,N2 P1 O13,de-protonated,0,-9999,C24 H23 O13 N2 P1,24,23,13,2,1,-9999,-9999,N/A
1953,577.086227,577.0862060480785,577.085986286409,8659343,-9999,248784,59.69,-1,0.3808126945547248,0.9767957406042744,0.8985485820629464,0.9454968771877432,33,0.40540540540540543,0.05405405405405406,N4 P1 O2,de-protonated,0,-9999,C37 H15 O2 N4 P1,37,15,2,4,1,-9999,-9999,N/A
1953,577.086227,577.0862060480785,577.0857149602491,8659343,-9999,248784,59.69,-1,0.85097900816977,0.8827459253335048,0.9583347187454692,0.9129814426982904,19,0.8148148148148148,0.25925925925925924,N4 S2 O7,de-protonated,0,-9999,C27 H22 O7 N4 S2,27,22,7,4,-9999,2,-9999,N/A
1953,577.086227,577.0862060480785,577.085847901979,8659343,-9999,248784,59.69,-1,0.620611475255529,0.9369653941629066,0.9631669338302422,0.9474460100298407,6,1.6875,0.9375,N4 S1 P1 O15,de-protonated,0,-9999,C16 H27 O15 N4 P1 S1,16,27,15,4,1,1,-9999,N/A
1954,577.12054,577.1205190512675,577.121034385239,2988455.8,-9999,384822.8,19.55,-1,-0.8929391597546745,0.4326511480749356,0.7141928963326545,0.5452678473780231,27,0.6216216216216216,0.13513513513513514,P1 O5,de-protonated,0,-9999,C37 H23 O5 P1,37,23,5,-9999,1,-9999,-9999,N/A
1954,577.12054,577.1205190512675,577.120763059079,2988455.8,-9999,384822.8,19.55,-1,-0.4228019976188613,0.48404218102026847,0.7739790330151771,0.600016921818232,13,1.1111111111111112,0.3703703703703703,S2 O10,de-protonated,0,-9999,C27 H30 O10 S2,27,30,10,-9999,-9999,2,-9999,N/A
1954,577.12054,577.1205190512675,577.120382936559,2988455.8,-9999,384822.8,19.55,-1,0.23585150074365255,0.4949787569650605,0.7612342259156646,0.6014809445453021,18,0.9310344827586208,0.2413793103448276,N2 S1 P1 O7,de-protonated,0,-9999,C29 H27 O7 N2 P1 S1,29,27,7,2,1,1,-9999,N/A
1955,577.122628,577.1226070514615,577.122751918279,8888745,-9999,258002.6,61.31,-1,-0.2510156064171174,0.99044783463334,0.9179439959553448,0.961446299162142,27,0.6111111111111112,0.1111111111111111,N2 S1 O4,de-protonated,0,-9999,C36 H22 O4 N2 S1,36,22,4,2,-9999,1,-9999,N/A
1955,577.122628,577.1226070514615,577.1228848600091,8888745,-9999,258002.6,61.31,-1,-0.4813681018059729,0.9623968183867002,0.9853492198675646,0.971577778979046,14,1.08,0.48,N2 P1 O12,de-protonated,0,-9999,C25 H27 O12 N2 P1,25,27,12,2,1,-9999,-9999,N/A
1955,577.122628,577.1226070514615,577.1223717957589,8888745,-9999,258002.6,61.31,-1,0.40763573565778566,0.9670626857966744,0.906909748202136,0.9430015107588592,32,0.5,0.02631578947368421,N4 P1 O1,de-protonated,0,-9999,C38 H19 O1 N4 P1,38,19,1,4,1,-9999,-9999,N/A
1955,577.122628,577.1226070514615,577.1221004695991,8888745,-9999,258002.6,61.31,-1,0.8777724193614476,0.863590210718211,0.965745086617786,0.9044521610780408,18,0.9285714285714286,0.21428571428571427,N4 S2 O6,de-protonated,0,-9999,C28 H26 O6 N4 S2,28,26,6,4,-9999,2,-9999,N/A
1955,577.122628,577.1226070514615,577.122233411329,8888745,-9999,258002.6,61.31,-1,0.6474194041309402,0.9220037430531324,0.9571194337170428,0.9360500193186964,5,1.8235294117647056,0.8235294117647058,N4 S1 P1 O14,de-protonated,0,-9999,C17 H31 O14 N4 P1 S1,17,31,14,4,1,1,-9999,N/A
1956,577.156919,577.1568980546485,577.157419894589,2706882.3,-9999,320393.3,17.56,-1,-0.904155300570311,0.43107167545133424,0.7087183895694522,0.5421303610985815,26,0.7105263157894737,0.10526315789473684,P1 O4,de-protonated,0,-9999,C38 H27 O4 P1,38,27,4,-9999,1,-9999,-9999,N/A
1956,577.156919,577.1568980546485,577.1571485684291,2706882.3,-9999,320393.3,17.56,-1,-0.434047782591328,0.966393212988576,0,0.5798359277931456,12,1.2142857142857142,0.32142857142857145,S2 O9,de-protonated,0,-9999,C28 H34 O9 S2,28,34,9,-9999,-9999,2,-9999,N/A
1956,577.156919,577.1568980546485,577.156768445909,2706882.3,-9999,320393.3,17.56,-1,0.2245641852799521,0.49544572369695256,0.7550179348240813,0.5992746081478041,17,1.0333333333333334,0.2,N2 S1 P1 O6,de-protonated,0,-9999,C30 H31 O6 N2 P1 S1,30,31,6,2,1,1,-9999,N/A
1957,577.159007,577.1589860548426,577.1591374276289,9503172,-9999,258643.2,65.66,-1,-0.26227218207326725,0.9937207786530782,0.936389018531183,0.97078807460432,26,0.7027027027027027,0.08108108108108109,N2 S1 O3,de-protonated,0,-9999,C37 H26 O3 N2 S1,37,26,3,2,-9999,1,-9999,N/A
1957,577.159007,577.1589860548426,577.159270369359,9503172,-9999,258643.2,65.66,-1,-0.492610152893648,0.9748197574627048,0.9972910572886516,0.9838082773930836,13,1.1923076923076923,0.4230769230769231,N2 P1 O11,de-protonated,0,-9999,C26 H31 O11 N2 P1,26,31,11,2,1,-9999,-9999,N/A
1957,577.159007,577.1589860548426,577.158485978949,9503172,-9999,258643.2,65.66,-1,0.8664446693894984,0.4363260503149656,0.7612342259156645,0.5662893205552453,17,1.0344827586206895,0.1724137931034483,N4 S2 O5,de-protonated,0,-9999,C29 H30 O5 N4 S2,29,30,5,4,-9999,2,-9999,N/A
1957,577.159007,577.1589860548426,577.158618920679,9503172,-9999,258643.2,65.66,-1,0.6361061785960493,0.8925576909071042,0.9407618268665372,0.9118393452908776,4,1.9444444444444444,0.7222222222222222,N4 S1 P1 O13,de-protonated,0,-9999,C18 H35 O13 N4 P1 S1,18,35,13,4,1,1,-9999,N/A
1958,577.1954,577.1953790582248,577.1955229369789,8436190,-9999,250840.9,58.11,-1,-0.2492721242358686,0.9787997370330676,0.9649493624911476,0.9732595872162996,25,0.7894736842105263,0.05263157894736842,N2 S1 O2,de-protonated,0,-9999,C38 H30 O2 N2 S1,38,30,2,2,-9999,1,-9999,N/A
1958,577.1954,577.1953790582248,577.1956558787091,8436190,-9999,250840.9,58.11,-1,-0.47959557810282344,0.9429022189474444,0.9697899940631276,0.9536573289937178,12,1.2962962962962965,0.3703703703703703,N2 P1 O10,de-protonated,0,-9999,C27 H35 O10 N2 P1,27,35,10,2,1,-9999,-9999,N/A
1958,577.1954,577.1953790582248,577.1948714882991,8436190,-9999,250840.9,58.11,-1,0.8793735890647318,0.8909785691627872,0.9887510922542234,0.9300875783993616,16,1.1333333333333333,0.13333333333333333,N4 S2 O4,de-protonated,0,-9999,C30 H34 O4 N4 S2,30,34,4,4,-9999,2,-9999,N/A
1958,577.1954,577.1953790582248,577.1950044300291,8436190,-9999,250840.9,58.11,-1,0.6490496154872206,0.9428268011820542,0.9142369123709442,0.9313908456576102,3,2.0526315789473686,0.631578947368421,N4 S1 P1 O12,de-protonated,0,-9999,C19 H39 O12 N4 P1 S1,19,39,12,4,1,1,-9999,N/A
1959,577.231687,577.2316660615974,577.2319084463289,5966328.5,-9999,249915.7,40.63,-1,-0.4199087542066343,0.4842563697500156,0.7033271719038787,0.5718846906115609,24,0.8717948717948718,0.02564102564102564,N2 S1 O1,de-protonated,0,-9999,C39 H34 O1 N2 S1,39,34,1,2,-9999,1,-9999,N/A
1959,577.231687,577.2316660615974,577.2320413880591,5966328.5,-9999,249915.7,40.63,-1,-0.6502176504601677,0.4630776171888229,0.7675537279851021,0.5848680615073346,11,1.3928571428571428,0.32142857142857145,N2 P1 O9,de-protonated,0,-9999,C28 H39 O9 N2 P1,28,39,9,2,1,-9999,-9999,N/A
1959,577.231687,577.2316660615974,577.231256997649,5966328.5,-9999,249915.7,40.63,-1,0.708665623046281,0.45645188938884734,0.7489023467070351,0.5734320723161225,15,1.2258064516129032,0.0967741935483871,N4 S2 O3,de-protonated,0,-9999,C31 H38 O3 N4 S2,31,38,3,4,-9999,2,-9999,N/A
1959,577.231687,577.2316660615974,577.231389939379,5966328.5,-9999,249915.7,40.63,-1,0.47835620714780946,0.479665105874115,0.8221557383861046,0.6166613588789108,2,2.15,0.55,N4 S1 P1 O11,de-protonated,0,-9999,C20 H43 O11 N4 P1 S1,20,43,11,4,1,1,-9999,N/A
1960,577.268095,577.2680740649812,577.2684268974091,2455058.8,-9999,279506.2,15.78,-1,-0.611210333794845,0.9344611271620076,0,0.5606766762972044,10,1.4827586206896552,0.27586206896551724,N2 P1 O8,de-protonated,0,-9999,C29 H43 O8 N2 P1,29,43,8,2,1,-9999,-9999,N/A
1960,577.268095,577.2680740649812,577.2676425069991,2455058.8,-9999,279506.2,15.78,-1,0.7475873413285714,0.903563145400737,0,0.5421378872404422,14,1.3125,0.0625,N4 S2 O2,de-protonated,0,-9999,C32 H42 O2 N4 S2,32,42,2,4,-9999,2,-9999,N/A
1960,577.268095,577.2680740649812,577.267775448729,2455058.8,-9999,279506.2,15.78,-1,0.5172924331943093,0.9526057836988276,0,0.5715634702192965,1,2.238095238095238,0.47619047619047616,N4 S1 P1 O10,de-protonated,0,-9999,C21 H47 O10 N4 P1 S1,21,47,10,4,1,1,-9999,N/A
1961,578.089557,578.0895361413274,578.089009436449,1957224.6,-9999,270258.5,12.25,-1,0.911113807264299,0.8601695980281228,0,0.5161017588168736,27,0.5833333333333334,0.08333333333333333,N1 S2 O3,de-protonated,0,-9999,C36 H21 O3 N1 S2,36,21,3,1,-9999,2,-9999,N/A
1961,578.089557,578.0895361413274,578.089142378179,1957224.6,-9999,270258.5,12.25,-1,0.6811460716510307,0.9192612439442432,0,0.551556746366546,14,1.04,0.44,N1 S1 P1 O11,de-protonated,0,-9999,C25 H26 O11 N1 P1 S1,25,26,11,1,1,1,-9999,N/A
1961,578.089557,578.0895361413274,578.0897212439991,1957224.6,-9999,270258.5,12.25,-1,-0.3201971336029935,0.9815687272035803,0.9097553044427088,0.9528433580992318,28,0.5294117647058824,0.14705882352941177,13C1 N2 S1 O5,de-protonated,1,1953,C34 H18 O5 N2 S1 13C1,34,18,5,2,-9999,1,1,N/A
1961,578.089557,578.0895361413274,578.0898541857291,1957224.6,-9999,270258.5,12.25,-1,-0.5501643030902731,0.946559898296251,0.9782727068361412,0.959245021712207,15,1,0.5652173913043478,13C1 N2 P1 O13,de-protonated,1,1953,C23 H23 O13 N2 P1 13C1,23,23,13,2,1,-9999,1,N/A
1961,578.089557,578.0895361413274,578.089990531349,1957224.6,-9999,270258.5,12.25,-1,-0.7860195283012663,0.8939514221915477,0,0.5363708533149286,15,0.9130434782608696,0.6521739130434783,N3 O15,de-protonated,0,-9999,C23 H21 O15 N3,23,21,15,3,-9999,-9999,-9999,N/A
1961,578.089557,578.0895361413274,578.089341121479,1957224.6,-9999,270258.5,12.25,-1,0.33735243749990296,0.9795616823902804,0.8985485820629464,0.9471564422593468,33,0.4166666666666667,0.05555555555555555,13C1 N4 P1 O2,de-protonated,1,1953,C36 H15 O2 N4 P1 13C1,36,15,2,4,1,-9999,1,N/A
1961,578.089557,578.0895361413274,578.0890697953191,1957224.6,-9999,270258.5,12.25,-1,0.8067026909944474,0.888623873718513,0.9583347187454692,0.9165082117292956,19,0.8461538461538461,0.2692307692307692,13C1 N4 S2 O7,de-protonated,1,1953,C26 H22 O7 N4 S2 13C1,26,22,7,4,-9999,2,1,N/A
1961,578.089557,578.0895361413274,578.0892027370489,1957224.6,-9999,270258.5,12.25,-1,0.5767350036001629,0.9414311567671856,0.9631669338302422,0.9501254675924082,6,1.8,1,13C1 N4 S1 P1 O15,de-protonated,1,1953,C15 H27 O15 N4 P1 S1 13C1,15,27,15,4,1,1,1,N/A
1962,578.126008,578.125987144715,578.1255278875291,2197123.3,-9999,315705.9,13.95,-1,0.7943900828223299,0.891808183649464,0,0.5350849101896784,13,1.1538461538461535,0.38461538461538464,N1 S1 P1 O10,de-protonated,0,-9999,C26 H30 O10 N1 P1 S1,26,30,10,1,1,1,-9999,N/A
1962,578.126008,578.125987144715,578.1261067533491,2197123.3,-9999,315705.9,13.95,-1,-0.20689021410990757,0.9922634326370956,0.9179439959553448,0.9625356579643952,27,0.6285714285714286,0.11428571428571428,13C1 N2 S1 O4,de-protonated,1,1955,C35 H22 O4 N2 S1 13C1,35,22,4,2,-9999,1,1,N/A
1962,578.126008,578.125987144715,578.126239695079,2197123.3,-9999,315705.9,13.95,-1,-0.4368429360207048,0.965966455545885,0.9853492198675646,0.9737195612745568,14,1.125,0.5,13C1 N2 P1 O12,de-protonated,1,1955,C24 H27 O12 N2 P1 13C1,24,27,12,2,1,-9999,1,N/A
1962,578.126008,578.125987144715,578.126376040699,2197123.3,-9999,315705.9,13.95,-1,-0.6726833441461985,0.9211742598546072,0,0.5527045559127644,14,1.0416666666666667,0.5833333333333334,N3 O14,de-protonated,0,-9999,C24 H25 O14 N3,24,25,14,3,-9999,-9999,-9999,N/A
1962,578.126008,578.125987144715,578.1257266308289,2197123.3,-9999,315705.9,13.95,-1,0.45061804748059614,0.9638261356943604,0.906909748202136,0.9410595806974706,32,0.5135135135135135,0.02702702702702703,13C1 N4 P1 O1,de-protonated,1,1955,C37 H19 O1 N4 P1 13C1,37,19,1,4,1,-9999,1,N/A
1962,578.126008,578.125987144715,578.1254553046691,2197123.3,-9999,315705.9,13.95,-1,0.9199388144170856,0.8576512411175807,0.965745086617786,0.9008887793176628,18,0.9629629629629628,0.2222222222222222,13C1 N4 S2 O6,de-protonated,1,1955,C27 H26 O6 N4 S2 13C1,27,26,6,4,-9999,2,1,N/A
1962,578.126008,578.125987144715,578.1255882463992,2197123.3,-9999,315705.9,13.95,-1,0.6899855740744968,0.917241844212576,0.9571194337170428,0.9331928800143628,5,1.9375,0.875,13C1 N4 S1 P1 O14,de-protonated,1,1955,C16 H31 O14 N4 P1 S1 13C1,16,31,14,4,1,1,1,N/A
1963,578.16253,578.1625091481094,578.1624922626991,2714782,-9999,246735.6,17.61,-1,0.0292053022431399,0.9998452453769672,0.936389018531183,0.9744627546386536,26,0.7222222222222222,0.08333333333333333,13C1 N2 S1 O3,de-protonated,1,1957,C36 H26 O3 N2 S1 13C1,36,26,3,2,-9999,1,1,N/A
1963,578.16253,578.1625091481094,578.1626252044291,2714782,-9999,246735.6,17.61,-1,-0.20073300253670395,0.9927154162583272,0.9972910572886516,0.994545672670457,13,1.24,0.44,13C1 N2 P1 O11,de-protonated,1,1957,C25 H31 O11 N2 P1 13C1,25,31,11,2,1,-9999,1,N/A
1963,578.16253,578.1625091481094,578.162761550049,2714782,-9999,246735.6,17.61,-1,-0.4365586240050916,0.9660099801505504,0,0.5796059880903303,13,1.16,0.52,N3 O13,de-protonated,0,-9999,C25 H29 O13 N3,25,29,13,3,-9999,-9999,-9999,N/A
1963,578.16253,578.1625091481094,578.161973755749,2714782,-9999,246735.6,17.61,-1,0.926024859210343,0.8559046941758722,0.9407618268665372,0.8898475472521383,4,2.0588235294117645,0.7647058823529411,13C1 N4 S1 P1 O13,de-protonated,1,1957,C17 H35 O13 N4 P1 S1 13C1,17,35,13,4,1,1,1,N/A
1964,578.198657,578.1986361514671,578.1982989062291,2906296.3,-9999,278619.2,18.97,-1,0.5832691633077957,0.47006863975717766,0.7675537279851021,0.5890626750483474,11,1.3571428571428572,0.2857142857142857,N1 S1 P1 O8,de-protonated,0,-9999,C28 H38 O8 N1 P1 S1,28,38,8,1,1,1,-9999,N/A
1964,578.198657,578.1986361514671,578.1988777720491,2906296.3,-9999,278619.2,18.97,-1,-0.4178849030129654,0.968810756899194,0.9649493624911476,0.9672661991359754,25,0.8108108108108109,0.05405405405405406,13C1 N2 S1 O2,de-protonated,1,1958,C37 H30 O2 N2 S1 13C1,37,30,2,2,-9999,1,1,N/A
1964,578.198657,578.1986361514671,578.1990107137791,2906296.3,-9999,278619.2,18.97,-1,-0.6478086351990695,0.926680868879548,0.9697899940631276,0.9439245189529796,12,1.3461538461538465,0.38461538461538464,13C1 N2 P1 O10,de-protonated,1,1958,C26 H35 O10 N2 P1 13C1,26,35,10,2,1,-9999,1,N/A
1964,578.198657,578.1986361514671,578.199147059399,2906296.3,-9999,278619.2,18.97,-1,-0.8836193109654388,0.8679058261923092,0,0.5207434957153855,12,1.2692307692307692,0.4615384615384616,N3 O12,de-protonated,0,-9999,C26 H33 O12 N3,26,33,12,3,-9999,-9999,-9999,N/A
1964,578.198657,578.1986361514671,578.1982263233691,2906296.3,-9999,278619.2,18.97,-1,0.7088020670559096,0.9128717427356944,0.9887510922542234,0.943223482543106,16,1.1724137931034482,0.13793103448275862,13C1 N4 S2 O4,de-protonated,1,1958,C29 H34 O4 N4 S2 13C1,29,34,4,4,-9999,2,1,N/A
1964,578.198657,578.1986361514671,578.198359265099,2906296.3,-9999,278619.2,18.97,-1,0.478877816961833,0.95924330246705,0.9142369123709442,0.9412407464286076,3,2.1666666666666665,0.6666666666666666,13C1 N4 S1 P1 O12,de-protonated,1,1958,C18 H39 O12 N4 P1 S1 13C1,18,39,12,4,1,1,1,N/A
1965,579.044341,579.0443202300645,579.0445015959791,2409251.5,-9999,260077.7,15.44,-1,-0.31321584802864205,0.4911783136463648,0.7141928963326545,0.5803841467208807,33,0.32432432432432434,0.10810810810810811,N2 S1 O4,de-protonated,0,-9999,C37 H12 O4 N2 S1,37,12,4,2,-9999,1,-9999,N/A
1965,579.044341,579.0443202300645,579.044634537709,2409251.5,-9999,260077.7,15.44,-1,-0.5428038285769122,0.9479426119549954,0,0.5687655671729972,20,0.6538461538461539,0.4615384615384616,N2 P1 O12,de-protonated,0,-9999,C26 H17 O12 N2 P1,26,17,12,2,1,-9999,-9999,N/A
1965,579.044341,579.0443202300645,579.0438501472989,2409251.5,-9999,260077.7,15.44,-1,0.8118258495278525,0.8872878834639109,0,0.5323727300783465,24,0.5517241379310345,0.20689655172413793,N4 S2 O6,de-protonated,0,-9999,C29 H16 O6 N4 S2,29,16,6,4,-9999,2,-9999,N/A
1965,579.044341,579.0443202300645,579.0439830890291,2409251.5,-9999,260077.7,15.44,-1,0.5822373519944155,0.9403424464998488,0,0.5642054678999092,11,1.1666666666666667,0.7777777777777778,N4 S1 P1 O14,de-protonated,0,-9999,C18 H21 O14 N4 P1 S1,18,21,14,4,1,1,-9999,N/A
1966,579.065421,579.0654002320236,579.0656309640391,6534963,-9999,262894.2,44.64,-1,-0.3984557243615629,0.4858014694289215,0.7311359101322861,0.5839352457102673,28,0.4705882352941176,0.17647058823529413,N2 S1 O6,de-protonated,0,-9999,C34 H16 O6 N2 S1,34,16,6,2,-9999,1,-9999,N/A
1966,579.065421,579.0654002320236,579.065763905769,6534963,-9999,262894.2,44.64,-1,-0.628035307969135,0.4654662506609813,0.8007932653391622,0.5995970565322537,15,0.9130434782608696,0.6086956521739131,N2 P1 O14,de-protonated,0,-9999,C23 H21 O14 N2 P1,23,21,14,2,1,-9999,-9999,N/A
1966,579.065421,579.0654002320236,579.065250841519,6534963,-9999,262894.2,44.64,-1,0.2579856147224363,0.49399801298728985,0.719752637322661,0.5842998627214383,33,0.3611111111111111,0.08333333333333333,N4 P1 O3,de-protonated,0,-9999,C36 H13 O3 N4 P1,36,13,3,4,1,-9999,-9999,N/A
1966,579.065421,579.0654002320236,579.064979515359,6534963,-9999,262894.2,44.64,-1,0.7265448257174548,0.4543315669163784,0.7805128205128199,0.5848040683549549,19,0.7692307692307693,0.3076923076923077,N4 S2 O8,de-protonated,0,-9999,C26 H20 O8 N4 S2,26,20,8,4,-9999,2,-9999,N/A
1967,579.080703,579.0806822334439,579.080887105329,3249982.3,-9999,245442.9,21.39,-1,-0.3537880280024008,0.48877237867426054,0.7087183895694522,0.5767507830323373,32,0.42105263157894735,0.07894736842105263,N2 S1 O3,de-protonated,0,-9999,C38 H16 O3 N2 S1,38,16,3,2,-9999,1,-9999,N/A
1967,579.080703,579.0806822334439,579.081020047059,3249982.3,-9999,245442.9,21.39,-1,-0.5833615736868565,0.4700594444757585,0.7739790330151772,0.5916272798915261,19,0.7777777777777778,0.4074074074074074,N2 P1 O11,de-protonated,0,-9999,C27 H21 O11 N2 P1,27,21,11,2,1,-9999,-9999,N/A
1967,579.080703,579.0806822334439,579.0807487208991,3249982.3,-9999,245442.9,21.39,-1,-0.11481551644634386,0.9976108925077266,0,0.5985665355046359,5,1.6470588235294117,0.9411764705882352,N2 S2 O16,de-protonated,0,-9999,C17 H28 O16 N2 S2,17,28,16,2,-9999,2,-9999,N/A
1967,579.080703,579.0806822334439,579.080235656649,3249982.3,-9999,245442.9,21.39,-1,0.7711829334613208,0.4488534175325808,0.7550179348240813,0.571319224449181,23,0.6666666666666666,0.16666666666666666,N4 S2 O5,de-protonated,0,-9999,C30 H20 O5 N4 S2,30,20,5,4,-9999,2,-9999,N/A
1967,579.080703,579.0806822334439,579.0803685983791,3249982.3,-9999,245442.9,21.39,-1,0.5416088712493062,0.9481655241991748,0,0.5688993145195048,10,1.3157894736842106,0.6842105263157895,N4 S1 P1 O13,de-protonated,0,-9999,C19 H25 O13 N4 P1 S1,19,25,13,4,1,1,-9999,N/A
1968,579.101927,579.1019062354165,579.102016473389,8824654,-9999,265904.5,60.85,-1,-0.1903601943797866,0.9932330441253572,0.9303879866281002,0.9680950211264544,27,0.5714285714285714,0.14285714285714285,N2 S1 O5,de-protonated,0,-9999,C35 H20 O5 N2 S1,35,20,5,2,-9999,1,-9999,N/A
1968,579.101927,579.1019062354165,579.102149415119,8824654,-9999,265904.5,60.85,-1,-0.41992540126327343,0.96808518963381,0.9989053890215326,0.9804132693888992,14,1.0416666666666667,0.5416666666666666,N2 P1 O13,de-protonated,0,-9999,C24 H25 O13 N2 P1,24,25,13,2,1,-9999,-9999,N/A
1968,579.101927,579.1019062354165,579.101636350869,8824654,-9999,265904.5,60.85,-1,0.46604003626507823,0.9619426719905804,0.9191812642483376,0.9448381088936832,32,0.4594594594594595,0.05405405405405406,N4 P1 O2,de-protonated,0,-9999,C37 H17 O2 N4 P1,37,17,2,4,1,-9999,-9999,N/A
1968,579.101927,579.1019062354165,579.101365024709,8824654,-9999,265904.5,60.85,-1,0.9345699047028664,0.8546030974053784,0.9789674009308604,0.9043488188155712,18,0.8888888888888888,0.25925925925925924,N4 S2 O7,de-protonated,0,-9999,C27 H24 O7 N4 S2,27,24,7,4,-9999,2,-9999,N/A
1968,579.101927,579.1019062354165,579.1014979664391,8824654,-9999,265904.5,60.85,-1,0.7050041813294281,0.9146540716763708,0.9425342516448508,0.9258061436637628,5,1.8125,0.9375,N4 S1 P1 O15,de-protonated,0,-9999,C16 H29 O15 N4 P1 S1,16,29,15,4,1,1,-9999,N/A
1969,579.117147,579.1171262368312,579.117272614679,3090265,-9999,302796,20.26,-1,-0.2527602866688951,0.49423729091579455,0.7033271719038787,0.5778732433110283,31,0.5128205128205128,0.05128205128205128,N2 S1 O2,de-protonated,0,-9999,C39 H20 O2 N2 S1,39,20,2,2,-9999,1,-9999,N/A
1969,579.117147,579.1171262368312,579.117405556409,3090265,-9999,302796,20.26,-1,-0.4823194316126543,0.4793338470954737,0.7675537279851021,0.5946217994513251,18,0.8928571428571429,0.35714285714285715,N2 P1 O10,de-protonated,0,-9999,C28 H25 O10 N2 P1,28,25,10,2,1,-9999,-9999,N/A
1969,579.117147,579.1171262368312,579.117134230249,3090265,-9999,302796,20.26,-1,-0.01380276524469107,0.9999654316599896,0,0.5999792589959938,4,1.7777777777777777,0.8333333333333334,N2 S2 O15,de-protonated,0,-9999,C18 H32 O15 N2 S2,18,32,15,2,-9999,2,-9999,N/A
1969,579.117147,579.1171262368312,579.116621165999,3090265,-9999,302796,20.26,-1,0.8721401072691254,0.4355428048809954,0.7489023467070351,0.5608866216114112,22,0.7741935483870968,0.12903225806451613,N4 S2 O4,de-protonated,0,-9999,C31 H24 O4 N4 S2,31,24,4,4,-9999,2,-9999,N/A
1969,579.117147,579.1171262368312,579.1167541077291,3090265,-9999,302796,20.26,-1,0.6425804458626593,0.9278159368123394,0,0.5566895620874036,9,1.45,0.6,N4 S1 P1 O12,de-protonated,0,-9999,C20 H29 O12 N4 P1 S1,20,29,12,4,1,1,-9999,N/A
1970,579.138252,579.1382312387925,579.1384019827391,9963368,-9999,266975.1,68.9,-1,-0.29482408002035326,0.982287667784027,0.911855304850361,0.9541147226105606,26,0.6666666666666666,0.1111111111111111,N2 S1 O4,de-protonated,0,-9999,C36 H24 O4 N2 S1,36,24,4,2,-9999,1,-9999,N/A
1970,579.138252,579.1382312387925,579.1385349244691,9963368,-9999,266975.1,68.9,-1,-0.5243748400416705,0.9479181502254737,0.979260528762581,0.9604551016403166,13,1.16,0.48,N2 P1 O12,de-protonated,0,-9999,C25 H29 O12 N2 P1,25,29,12,2,1,-9999,-9999,N/A
1970,579.138252,579.1382312387925,579.1380218602189,9963368,-9999,266975.1,68.9,-1,0.361534842592203,0.9788801092048004,0.9008210570971522,0.9476564883617412,31,0.5526315789473685,0.02631578947368421,N4 P1 O1,de-protonated,0,-9999,C38 H21 O1 N4 P1,38,21,1,4,1,-9999,-9999,N/A
1970,579.138252,579.1382312387925,579.1377505340591,9963368,-9999,266975.1,68.9,-1,0.8300352255292223,0.5917114525079529,0.9103265595340836,0.7191574953184051,17,1,0.21428571428571427,N4 S2 O6,de-protonated,0,-9999,C28 H28 O6 N4 S2,28,28,6,4,-9999,2,-9999,N/A
1970,579.138252,579.1382312387925,579.1378834757891,9963368,-9999,266975.1,68.9,-1,0.6004839492792085,0.9404876478196852,0.9632081248220266,0.9495758386206216,4,1.9411764705882353,0.8235294117647058,N4 S1 P1 O14,de-protonated,0,-9999,C17 H33 O14 N4 P1 S1,17,33,14,4,1,1,-9999,N/A
1971,579.153467,579.1534462402066,579.1536581240289,1935219.6,-9999,346344.1,12.09,-1,-0.3658507882056294,0.9760062139010588,0,0.5856037283406352,30,0.6,0.025,N2 S1 O1,de-protonated,0,-9999,C40 H24 O1 N2 S1,40,24,1,2,-9999,1,-9999,N/A
1971,579.153467,579.1534462402066,579.153791065759,1935219.6,-9999,346344.1,12.09,-1,-0.5953954852647265,0.9377022657388536,0,0.5626213594433123,17,1,0.3103448275862069,N2 P1 O9,de-protonated,0,-9999,C29 H29 O9 N2 P1,29,29,9,2,1,-9999,-9999,N/A
1971,579.153467,579.1534462402066,579.1535197395991,1935219.6,-9999,346344.1,12.09,-1,-0.1269083067806161,0.997081904508552,0,0.5982491427051312,3,1.894736842105263,0.7368421052631579,N2 S2 O14,de-protonated,0,-9999,C19 H36 O14 N2 S2,19,36,14,2,-9999,2,-9999,N/A
1971,579.153467,579.1534462402066,579.153006675349,1935219.6,-9999,346344.1,12.09,-1,0.758978806030631,0.900753806812983,0,0.5404522840877898,21,0.875,0.09375,N4 S2 O3,de-protonated,0,-9999,C32 H28 O3 N4 S2,32,28,3,4,-9999,2,-9999,N/A
1971,579.153467,579.1534462402066,579.1531396170791,1935219.6,-9999,346344.1,12.09,-1,0.5294335927700753,0.9504116676150748,0,0.5702470005690449,8,1.5714285714285714,0.5238095238095238,N4 S1 P1 O11,de-protonated,0,-9999,C21 H33 O11 N4 P1 S1,21,33,11,4,1,1,-9999,N/A
1972,579.17457,579.1745492421679,579.174787492089,11057027,-9999,291520.6,76.64,-1,-0.4113610022139956,0.6565226069272431,0.8751312715925084,0.7439660727933493,25,0.7567567567567568,0.08108108108108109,N2 S1 O3,de-protonated,0,-9999,C37 H28 O3 N2 S1,37,28,3,2,-9999,1,-9999,N/A
1972,579.17457,579.1745492421679,579.174920433819,11057027,-9999,291520.6,76.64,-1,-0.6408973144171324,0.9579067139159232,0.9790955831479214,0.9663822616087224,12,1.2692307692307692,0.4230769230769231,N2 P1 O11,de-protonated,0,-9999,C26 H33 O11 N2 P1,26,33,11,2,1,-9999,-9999,N/A
1972,579.17457,579.1745492421679,579.174136043409,11057027,-9999,291520.6,76.64,-1,0.7134275051178217,0.3039275816513882,0.7126876527390567,0.4674316100864556,16,1.103448275862069,0.1724137931034483,N4 S2 O5,de-protonated,0,-9999,C29 H32 O5 N4 S2,29,32,5,4,-9999,2,-9999,N/A
1972,579.17457,579.1745492421679,579.1742689851391,11057027,-9999,291520.6,76.64,-1,0.4838906765546294,0.9162773080671768,0.964375186429964,0.9355164594122918,3,2.0555555555555554,0.7222222222222222,N4 S1 P1 O13,de-protonated,0,-9999,C18 H37 O13 N4 P1 S1,18,37,13,4,1,1,-9999,N/A
1973,579.2111,579.211079245563,579.211173001439,8802206,-9999,270647.3,60.69,-1,-0.16186821023750195,0.9965087243857969,0.9379947984493252,0.973103154011208,24,0.8421052631578947,0.05263157894736842,N2 S1 O2,de-protonated,0,-9999,C38 H32 O2 N2 S1,38,32,2,2,-9999,1,-9999,N/A
1973,579.2111,579.211079245563,579.211305943169,8802206,-9999,270647.3,60.69,-1,-0.3913901604495223,0.9758978038870364,0.99674455810495,0.9842365055742018,11,1.3703703703703705,0.3703703703703703,N2 P1 O10,de-protonated,0,-9999,C27 H37 O10 N2 P1,27,37,10,2,1,-9999,-9999,N/A
1973,579.2111,579.211079245563,579.2105215527591,8802206,-9999,270647.3,60.69,-1,0.9628499192555672,0.4225850195690319,0.7550179348240813,0.5555581856710516,15,1.2,0.13333333333333333,N4 S2 O4,de-protonated,0,-9999,C30 H36 O4 N4 S2,30,36,4,4,-9999,2,-9999,N/A
1973,579.2111,579.211079245563,579.2106544944891,8802206,-9999,270647.3,60.69,-1,0.733327452944514,0.9009414768318978,0.9411914764127666,0.9170414766642452,2,2.1578947368421053,0.631578947368421,N4 S1 P1 O12,de-protonated,0,-9999,C19 H41 O12 N4 P1 S1,19,41,12,4,1,1,-9999,N/A
1974,579.247432,579.2474112489397,579.247558510789,4608952.5,-9999,270600.3,31.01,-1,-0.25422955544463893,0.4941704933715512,0.7033271719038787,0.5778331647844822,23,0.9230769230769232,0.02564102564102564,N2 S1 O1,de-protonated,0,-9999,C39 H36 O1 N2 S1,39,36,1,2,-9999,1,-9999,N/A
1974,579.247432,579.2474112489397,579.247691452519,4608952.5,-9999,270600.3,31.01,-1,-0.4837370670117309,0.47921474893837457,0.7675537279851021,0.5945503405570656,10,1.4642857142857142,0.32142857142857145,N2 P1 O9,de-protonated,0,-9999,C28 H41 O9 N2 P1,28,41,9,2,1,-9999,-9999,N/A
1974,579.247432,579.2474112489397,579.246907062109,4608952.5,-9999,270600.3,31.01,-1,0.8704178209783547,0.435780049022159,0.7489023467070351,0.5610289680961095,14,1.2903225806451613,0.0967741935483871,N4 S2 O3,de-protonated,0,-9999,C31 H40 O3 N4 S2,31,40,3,4,-9999,2,-9999,N/A
1974,579.247432,579.2474112489397,579.2470400038391,4608952.5,-9999,270600.3,31.01,-1,0.6409097931808589,0.46408849820247305,0.8221557383861046,0.6073153942759257,1,2.25,0.55,N4 S1 P1 O11,de-protonated,0,-9999,C20 H45 O11 N4 P1 S1,20,45,11,4,1,1,-9999,N/A
1975,580.105278,580.1052573286674,580.104792442639,2275377.3,-9999,252425.5,14.49,-1,0.8013828441164983,0.8900043126323717,0,0.534002587579423,13,1.12,0.44,N1 S1 P1 O11,de-protonated,0,-9999,C25 H28 O11 N1 P1 S1,25,28,11,1,1,1,-9999,N/A
1975,580.105278,580.1052573286674,580.1053713084591,2275377.3,-9999,252425.5,14.49,-1,-0.19648118649946544,0.9930196759069398,0.9303879866281002,0.967967000195404,27,0.5882352941176471,0.14705882352941177,13C1 N2 S1 O5,de-protonated,1,1968,C34 H20 O5 N2 S1 13C1,34,20,5,2,-9999,1,1,N/A
1975,580.105278,580.1052573286674,580.105504250189,2275377.3,-9999,252425.5,14.49,-1,-0.42564933407904126,0.9676600966796104,0.9989053890215326,0.9801582136163792,14,1.0869565217391304,0.5652173913043478,13C1 N2 P1 O13,de-protonated,1,1968,C23 H25 O13 N2 P1 13C1,23,25,13,2,1,-9999,1,N/A
1975,580.105278,580.1052573286674,580.105640595809,2275377.3,-9999,252425.5,14.49,-1,-0.6606850798891086,0.923852162021222,0,0.5543112972127331,14,1,0.6521739130434783,N3 O15,de-protonated,0,-9999,C23 H23 O15 N3,23,23,15,3,-9999,-9999,-9999,N/A
1975,580.105278,580.1052573286674,580.1049911859391,2275377.3,-9999,252425.5,14.49,-1,0.45878372436382137,0.9625283351291634,0.9191812642483376,0.9451895067768332,32,0.4722222222222222,0.05555555555555555,13C1 N4 P1 O2,de-protonated,1,1968,C36 H17 O2 N4 P1 13C1,36,17,2,4,1,-9999,1,N/A
1975,580.105278,580.1052573286674,580.1047198597792,2275377.3,-9999,252425.5,14.49,-1,0.9265032155341864,0.8557670808031318,0.9789674009308604,0.9050472088542232,18,0.9230769230769232,0.2692307692307692,13C1 N4 S2 O7,de-protonated,1,1968,C26 H24 O7 N4 S2 13C1,26,24,7,4,-9999,2,1,N/A
1975,580.105278,580.1052573286674,580.104852801509,2275377.3,-9999,252425.5,14.49,-1,0.6973345534457457,0.9155465707831836,0.9425342516448508,0.9263416431278504,5,1.9333333333333331,1,13C1 N4 S1 P1 O15,de-protonated,1,1968,C15 H29 O15 N4 P1 S1 13C1,15,29,15,4,1,1,1,N/A
1976,580.141585,580.1415643320418,580.1410450102591,2369100,-9999,328973.7,15.15,-1,0.8951646968554033,0.4323388549090727,0.7141928963326545,0.5450804714785054,25,0.7297297297297297,0.05405405405405406,N1 S2 O2,de-protonated,0,-9999,C37 H27 O2 N1 S2,37,27,2,1,-9999,2,-9999,N/A
1976,580.141585,580.1415643320418,580.1411779519891,2369100,-9999,328973.7,15.15,-1,0.6660103907983479,0.9226685913874074,0,0.5536011548324444,12,1.2307692307692308,0.38461538461538464,N1 S1 P1 O10,de-protonated,0,-9999,C26 H32 O10 N1 P1 S1,26,32,10,1,1,1,-9999,N/A
1976,580.141585,580.1415643320418,580.1417568178091,2369100,-9999,328973.7,15.15,-1,-0.33179092020338097,0.9802233573775558,0.911855304850361,0.952876136366678,26,0.6857142857142857,0.11428571428571428,13C1 N2 S1 O4,de-protonated,1,1970,C35 H24 O4 N2 S1 13C1,35,24,4,2,-9999,1,1,N/A
1976,580.141585,580.1415643320418,580.141889759539,2369100,-9999,328973.7,15.15,-1,-0.5609446637410594,0.94450485959361,0.979260528762581,0.9584071272611984,13,1.2083333333333333,0.5,13C1 N2 P1 O12,de-protonated,1,1970,C24 H29 O12 N2 P1 13C1,24,29,12,2,1,-9999,1,N/A
1976,580.141585,580.1415643320418,580.1420261051591,2369100,-9999,328973.7,15.15,-1,-0.7959656369123935,0.8914028112729946,0,0.5348416867637967,13,1.125,0.5833333333333334,N3 O14,de-protonated,0,-9999,C24 H27 O14 N3,24,27,14,3,-9999,-9999,-9999,N/A
1976,580.141585,580.1415643320418,580.141376695289,2369100,-9999,328973.7,15.15,-1,0.3234328050643064,0.9811978815919934,0.9008210570971522,0.949047151794057,31,0.5675675675675675,0.02702702702702703,13C1 N4 P1 O1,de-protonated,1,1970,C37 H21 O1 N4 P1 13C1,37,21,1,4,1,-9999,1,N/A
1976,580.141585,580.1415643320418,580.14110536912915,2369100,-9999,328973.7,15.15,-1,0.7911228981284293,0.595097878978619,0.9103265595340836,0.7211893512008047,17,1.037037037037037,0.2222222222222222,13C1 N4 S2 O6,de-protonated,1,1970,C27 H28 O6 N4 S2 13C1,27,28,6,4,-9999,2,1,N/A
1976,580.141585,580.1415643320418,580.1412383108591,2369100,-9999,328973.7,15.15,-1,0.5619686399505398,0.9443078221270976,0.9632081248220266,0.9518679432050692,4,2.0625,0.875,13C1 N4 S1 P1 O14,de-protonated,1,1970,C16 H33 O14 N4 P1 S1 13C1,16,33,14,4,1,1,1,N/A
1977,580.178144,580.1781233354395,580.1775634613391,2739815,-9999,219081.8,17.78,-1,0.9650047428197538,0.8445332139120717,0,0.506719928347243,11,1.3333333333333333,0.3333333333333333,N1 S1 P1 O9,de-protonated,0,-9999,C27 H36 O9 N1 P1 S1,27,36,9,1,1,1,-9999,N/A
1977,580.178144,580.1781233354395,580.1781423271591,2739815,-9999,219081.8,17.78,-1,-0.03273429001483279,0.6665370603400064,0.8751312715925084,0.7499747448410072,25,0.7777777777777778,0.08333333333333333,13C1 N2 S1 O3,de-protonated,1,1972,C36 H28 O3 N2 S1 13C1,36,28,3,2,-9999,1,1,N/A
1977,580.178144,580.1781233354395,580.178275268889,2739815,-9999,219081.8,17.78,-1,-0.2618737308477633,0.9876337375391429,0.9790955831479214,0.9842184757826544,12,1.32,0.44,13C1 N2 P1 O11,de-protonated,1,1972,C25 H33 O11 N2 P1 13C1,25,33,11,2,1,-9999,1,N/A
1977,580.178144,580.1781233354395,580.1784116145091,2739815,-9999,219081.8,17.78,-1,-0.49688003511616247,0.956190780830128,0,0.5737144684980768,12,1.24,0.52,N3 O13,de-protonated,0,-9999,C25 H31 O13 N3,25,31,13,3,-9999,-9999,-9999,N/A
1977,580.178144,580.1781233354395,580.1776238202091,2739815,-9999,219081.8,17.78,-1,0.8609694857851891,0.8741509667163155,0.964375186429964,0.910240654601775,3,2.176470588235294,0.7647058823529411,13C1 N4 S1 P1 O13,de-protonated,1,1972,C17 H37 O13 N4 P1 S1 13C1,17,37,13,4,1,1,1,N/A
1978,580.214484,580.2144633388169,580.213948970689,2618498,-9999,301128.4,16.92,-1,0.8865145845774882,0.8670991109797699,0,0.5202594665878619,10,1.4285714285714286,0.2857142857142857,N1 S1 P1 O8,de-protonated,0,-9999,C28 H40 O8 N1 P1 S1,28,40,8,1,1,1,-9999,N/A
1978,580.214484,580.2144633388169,580.214527836509,2618498,-9999,301128.4,16.92,-1,-0.11116180129389104,0.9977603601137178,0.9379947984493252,0.9738541354479608,24,0.8648648648648649,0.05405405405405406,13C1 N2 S1 O2,de-protonated,1,1973,C37 H32 O2 N2 S1 13C1,37,32,2,2,-9999,1,1,N/A
1978,580.214484,580.2144633388169,580.2146607782391,2618498,-9999,301128.4,16.92,-1,-0.34028685511672585,0.9792083139393786,0.99674455810495,0.9862228116056072,11,1.4230769230769231,0.38461538461538464,13C1 N2 P1 O10,de-protonated,1,1973,C26 H37 O10 N2 P1 13C1,26,37,10,2,1,-9999,1,N/A
1978,580.214484,580.2144633388169,580.2147971238591,2618498,-9999,301128.4,16.92,-1,-0.5752784034204433,0.9417178427147168,0,0.5650307056288301,11,1.3461538461538465,0.4615384615384616,N3 O12,de-protonated,0,-9999,C26 H35 O12 N3,26,35,12,3,-9999,-9999,-9999,N/A
1978,580.214484,580.2144633388169,580.2140093295591,2618498,-9999,301128.4,16.92,-1,0.782485859614964,0.8948509156155281,0.9411914764127666,0.9133871399344234,2,2.2777777777777777,0.6666666666666666,13C1 N4 S1 P1 O12,de-protonated,1,1973,C18 H41 O12 N4 P1 S1 13C1,18,41,12,4,1,1,1,N/A
1979,581.05995,581.0599294173941,581.060151660439,3541237.3,-9999,249295.7,23.44,-1,-0.3824785511863644,0.4869025492011176,0.7141928963326545,0.5778186880537324,32,0.3783783783783784,0.10810810810810811,N2 S1 O4,de-protonated,0,-9999,C37 H14 O4 N2 S1,37,14,4,2,-9999,1,-9999,N/A
1979,581.05995,581.0599294173941,581.060284602169,3541237.3,-9999,249295.7,23.44,-1,-0.611270094173923,0.467224370062316,0.7805128205128199,0.5925397502425176,19,0.7307692307692307,0.4615384615384616,N2 P1 O12,de-protonated,0,-9999,C26 H19 O12 N2 P1,26,19,12,2,1,-9999,-9999,N/A
1979,581.05995,581.0599294173941,581.059500211759,3541237.3,-9999,249295.7,23.44,-1,0.738660386662808,0.4528705021403868,0.7612342259156645,0.5762159916504979,23,0.6206896551724138,0.20689655172413793,N4 S2 O6,de-protonated,0,-9999,C29 H18 O6 N4 S2,29,18,6,4,-9999,2,-9999,N/A
1979,581.05995,581.0599294173941,581.059633153489,3541237.3,-9999,249295.7,23.44,-1,0.5098683304649548,0.953924799304263,0,0.5723548795825578,10,1.2777777777777777,0.7777777777777778,N4 S1 P1 O14,de-protonated,0,-9999,C18 H23 O14 N4 P1 S1,18,23,14,4,1,1,-9999,N/A
1980,581.079174,581.0791534191808,581.079563495459,1967363.8,-9999,379866.2,12.31,-1,-0.7057145078464028,0.913595443480458,0,0.5481572660882748,27,0.5428571428571428,0.2,P1 O7,de-protonated,0,-9999,C35 H19 O7 P1,35,19,7,-9999,1,-9999,-9999,N/A
1980,581.079174,581.0791534191808,581.079292169299,1967363.8,-9999,379866.2,12.31,-1,-0.23878000837974825,0.989707871416568,0,0.5938247228499408,13,1.04,0.48,S2 O12,de-protonated,0,-9999,C25 H26 O12 S2,25,26,12,-9999,-9999,2,-9999,N/A
1980,581.079174,581.0791534191808,581.078779105049,1967363.8,-9999,379866.2,12.31,-1,0.6441710578292177,0.927471433068784,0,0.5564828598412703,31,0.47368421052631576,0.02631578947368421,N2 S2 O1,de-protonated,0,-9999,C38 H18 O1 N2 S2,38,18,1,2,-9999,2,-9999,N/A
1980,581.079174,581.0791534191808,581.078912046779,1967363.8,-9999,379866.2,12.31,-1,0.415386614055633,0.969176776220788,0,0.5815060657324728,18,0.8518518518518519,0.3333333333333333,N2 S1 P1 O9,de-protonated,0,-9999,C27 H23 O9 N2 P1 S1,27,23,9,2,1,1,-9999,N/A
1981,581.081157,581.0811364193651,581.0812810284991,6126853,-9999,290286.8,41.74,-1,-0.24886214506523663,0.49441267934805294,0.7311359101322861,0.5891019716617462,27,0.5294117647058824,0.17647058823529413,N2 S1 O6,de-protonated,0,-9999,C34 H18 O6 N2 S1,34,18,6,2,-9999,1,-9999,N/A
1981,581.081157,581.0811364193651,581.081413970229,6126853,-9999,290286.8,41.74,-1,-0.4776453992701757,0.47972425244670086,0.8007932653391622,0.6081518576036854,14,1,0.6086956521739131,N2 P1 O14,de-protonated,0,-9999,C23 H23 O14 N2 P1,23,23,14,2,1,-9999,-9999,N/A
1981,581.081157,581.0811364193651,581.080900905979,6126853,-9999,290286.8,41.74,-1,0.4053022319615212,0.4853166385990159,0.719752637322661,0.579091038088474,32,0.4166666666666667,0.08333333333333333,N4 P1 O3,de-protonated,0,-9999,C36 H15 O3 N4 P1,36,15,3,4,1,-9999,-9999,N/A
1981,581.081157,581.0811364193651,581.0806295798191,6126853,-9999,290286.8,41.74,-1,0.8722361755066914,0.4355295615246289,0.7805128205128199,0.5735228651199052,18,0.8461538461538461,0.3076923076923077,N4 S2 O8,de-protonated,0,-9999,C26 H22 O8 N4 S2,26,22,8,4,-9999,2,-9999,N/A
1982,581.09652,581.096499420793,581.097050234039,3852560.5,-9999,273053,25.65,-1,-0.9478851180099764,0.4247832157995769,0.7871578612348809,0.5697330739736985,13,1.04,0.56,S1 O14,de-protonated,0,-9999,C25 H26 O14 S1,25,26,14,-9999,-9999,1,-9999,N/A
1982,581.09652,581.096499420793,581.096537169789,3852560.5,-9999,273053,25.65,-1,-0.06496166069443511,0.49961728823996626,0.7087183895694522,0.5832577287717606,31,0.47368421052631576,0.07894736842105263,N2 S1 O3,de-protonated,0,-9999,C38 H18 O3 N2 S1,38,18,3,2,-9999,1,-9999,N/A
1982,581.09652,581.096499420793,581.0966701115191,3852560.5,-9999,273053,25.65,-1,-0.29373895068017647,0.49223302835767807,0.7739790330151771,0.6049314302206776,18,0.8518518518518519,0.4074074074074074,N2 P1 O11,de-protonated,0,-9999,C27 H23 O11 N2 P1,27,23,11,2,1,-9999,-9999,N/A
1982,581.09652,581.096499420793,581.0963987853589,3852560.5,-9999,273053,25.65,-1,0.17318199567875886,0.9945727712517664,0,0.5967436627510598,4,1.7647058823529411,0.9411764705882352,N2 S2 O16,de-protonated,0,-9999,C17 H30 O16 N2 S2,17,30,16,2,-9999,2,-9999,N/A
1982,581.09652,581.096499420793,581.096018662839,3852560.5,-9999,273053,25.65,-1,0.8273296296947625,0.8832058626799774,0,0.5299235176079864,9,1.4210526315789471,0.6842105263157895,N4 S1 P1 O13,de-protonated,0,-9999,C19 H27 O13 N4 P1 S1,19,27,13,4,1,1,-9999,N/A
1983,581.117557,581.1175364227481,581.117666537849,6688032,-9999,236419.9,45.71,-1,-0.2239049135481354,0.4954723039150705,0.7253996187124169,0.5874432298340091,26,0.6285714285714286,0.14285714285714285,N2 S1 O5,de-protonated,0,-9999,C35 H22 O5 N2 S1,35,22,5,2,-9999,1,-9999,N/A
1983,581.117557,581.1175364227481,581.117799479579,6688032,-9999,236419.9,45.71,-1,-0.4526738488599032,0.48175071547702897,0.7939170211058493,0.6066172377285571,13,1.125,0.5416666666666666,N2 P1 O13,de-protonated,0,-9999,C24 H27 O13 N2 P1,24,27,13,2,1,-9999,-9999,N/A
1983,581.117557,581.1175364227481,581.117286415329,6688032,-9999,236419.9,45.71,-1,0.4302185203996709,0.48348685553470866,0.7141928963326545,0.5757692718538869,31,0.5135135135135135,0.05405405405405406,N4 P1 O2,de-protonated,0,-9999,C37 H19 O2 N4 P1,37,19,2,4,1,-9999,-9999,N/A
1983,581.117557,581.1175364227481,581.1170150891691,6688032,-9999,236419.9,45.71,-1,0.8971232394195099,0.432063571149442,0.7739790330151772,0.568829755895736,17,0.9629629629629628,0.25925925925925924,N4 S2 O7,de-protonated,0,-9999,C27 H26 O7 N4 S2,27,26,7,4,-9999,2,-9999,N/A
1983,581.117557,581.1175364227481,581.1171480308991,6688032,-9999,236419.9,45.71,-1,0.6683537911945644,0.4610726176736847,0.8524773804394659,0.6176345227799971,4,1.9375,0.9375,N4 S1 P1 O15,de-protonated,0,-9999,C16 H31 O15 N4 P1 S1,16,31,15,4,1,1,-9999,N/A
1984,581.132743,581.1327224241595,581.132922679139,2737963.5,-9999,282669.6,17.76,-1,-0.34459410524309403,0.48934215902521994,0.7033271719038788,0.5749361641766835,30,0.5641025641025641,0.05128205128205128,N2 S1 O2,de-protonated,0,-9999,C39 H22 O2 N2 S1,39,22,2,2,-9999,1,-9999,N/A
1984,581.132743,581.1327224241595,581.133055620869,2737963.5,-9999,282669.6,17.76,-1,-0.5733570070148959,0.942095033228976,0,0.5652570199373855,17,0.9642857142857144,0.35714285714285715,N2 P1 O10,de-protonated,0,-9999,C28 H27 O10 N2 P1,28,27,10,2,1,-9999,-9999,N/A
1984,581.132743,581.1327224241595,581.132784294709,2737963.5,-9999,282669.6,17.76,-1,-0.10646542615036692,0.997945413209572,0,0.5987672479257431,3,1.8888888888888888,0.8333333333333334,N2 S2 O15,de-protonated,0,-9999,C18 H34 O15 N2 S2,18,34,15,2,-9999,2,-9999,N/A
1984,581.132743,581.1327224241595,581.1322712304591,2737963.5,-9999,282669.6,17.76,-1,0.7764044827054379,0.44819576790452775,0.7489023467070351,0.5684783994255307,21,0.8387096774193549,0.12903225806451613,N4 S2 O4,de-protonated,0,-9999,C31 H26 O4 N4 S2,31,26,4,4,-9999,2,-9999,N/A
1984,581.132743,581.1327224241595,581.132404172189,2737963.5,-9999,282669.6,17.76,-1,0.5476410680474506,0.947035774660412,0,0.5682214647962471,8,1.55,0.6,N4 S1 P1 O12,de-protonated,0,-9999,C20 H31 O12 N4 P1 S1,20,31,12,4,1,1,-9999,N/A
1985,581.153944,581.15392342613,581.154052047199,8047931.5,-9999,232845.6,55.34,-1,-0.22132009335429836,0.9940576860898596,0.9273117780822006,0.967359322886796,25,0.7222222222222222,0.1111111111111111,N2 S1 O4,de-protonated,0,-9999,C36 H26 O4 N2 S1,36,26,4,2,-9999,1,-9999,N/A
1985,581.153944,581.15392342613,581.154184988929,8047931.5,-9999,232845.6,55.34,-1,-0.45007470625246354,0.9704741746308868,0.9947170019944204,0.9801713055763002,12,1.24,0.48,N2 P1 O12,de-protonated,0,-9999,C25 H31 O12 N2 P1,25,31,12,2,1,-9999,-9999,N/A
1985,581.153944,581.15392342613,581.1536719246789,8047931.5,-9999,232845.6,55.34,-1,0.432762388399215,0.959039084714641,0.9162775303289916,0.9419344629603814,30,0.6052631578947368,0.02631578947368421,N4 P1 O1,de-protonated,0,-9999,C38 H23 O1 N4 P1,38,23,1,4,1,-9999,-9999,N/A
1985,581.153944,581.15392342613,581.1534005985189,8047931.5,-9999,232845.6,55.34,-1,0.899637876108037,0.8503129777767592,0.9751128687446416,0.9002329341639121,16,1.0714285714285714,0.21428571428571427,N4 S2 O6,de-protonated,0,-9999,C28 H30 O6 N4 S2,28,30,6,4,-9999,2,-9999,N/A
1985,581.153944,581.15392342613,581.1535335402491,8047931.5,-9999,232845.6,55.34,-1,0.670882750165294,0.9108890720759808,0.9477516515901868,0.9256341038816632,3,2.0588235294117645,0.8235294117647058,N4 S1 P1 O14,de-protonated,0,-9999,C17 H35 O14 N4 P1 S1,17,35,14,4,1,1,-9999,N/A
1986,581.188217,581.1881964293152,581.1887200235091,2147669,-9999,303065.2,13.58,-1,-0.90090219546873,0.4315312159971516,0.7087183895694522,0.5424060854260718,24,0.8157894736842105,0.10526315789473684,P1 O4,de-protonated,0,-9999,C38 H31 O4 P1,38,31,4,-9999,1,-9999,-9999,N/A
1986,581.188217,581.1881964293152,581.188448697349,2147669,-9999,303065.2,13.58,-1,-0.43405548473005506,0.9663920405498267,0,0.5798352243298961,10,1.3571428571428572,0.32142857142857145,S2 O9,de-protonated,0,-9999,C28 H38 O9 S2,28,38,9,-9999,-9999,2,-9999,N/A
1986,581.188217,581.1881964293152,581.1880685748291,2147669,-9999,303065.2,13.58,-1,0.21998814670907327,0.9912572717636154,0,0.5947543630581692,15,1.1666666666666667,0.2,N2 S1 P1 O6,de-protonated,0,-9999,C30 H35 O6 N2 P1 S1,30,35,6,2,1,1,-9999,N/A
1987,581.190387,581.1903664295169,581.190437556549,7525718.5,-9999,257219.4,51.64,-1,-0.12238162834888308,0.9772408912757606,0.9665039634925744,0.9729461201624862,24,0.8108108108108109,0.08108108108108109,N2 S1 O3,de-protonated,0,-9999,C37 H30 O3 N2 S1,37,30,3,2,-9999,1,-9999,N/A
1987,581.190387,581.1903664295169,581.190570498279,7525718.5,-9999,257219.4,51.64,-1,-0.3511219426667244,0.9441271372515424,0.96717611232726,0.9533467272818296,11,1.3461538461538465,0.4230769230769231,N2 P1 O11,de-protonated,0,-9999,C26 H35 O11 N2 P1,26,35,11,2,1,-9999,-9999,N/A
1987,581.190387,581.1903664295169,581.189786107869,7525718.5,-9999,257219.4,51.64,-1,0.9985062740062756,0.8827332989682135,0.9864547069244154,0.9242218621506944,15,1.1724137931034482,0.1724137931034483,N4 S2 O5,de-protonated,0,-9999,C29 H34 O5 N4 S2,29,34,5,4,-9999,2,-9999,N/A
1987,581.190387,581.1903664295169,581.1899190495991,7525718.5,-9999,257219.4,51.64,-1,0.7697654469036405,0.934753096767858,0.9106468819051456,0.925110610822773,2,2.1666666666666665,0.7222222222222222,N4 S1 P1 O13,de-protonated,0,-9999,C18 H39 O13 N4 P1 S1,18,39,13,4,1,1,-9999,N/A
1988,581.226856,581.2268354329062,581.2273361301491,5107057.5,-9999,265963.7,34.52,-1,-0.8614482005879631,0.43701009610096025,0.787157861234881,0.5770692021545285,5,1.68,0.52,S1 O13,de-protonated,0,-9999,C25 H42 O13 S1,25,42,13,-9999,-9999,1,-9999,N/A
1988,581.226856,581.2268354329062,581.226823065899,5107057.5,-9999,265963.7,34.52,-1,0.02127742000034779,0.499958928181954,0.7087183895694522,0.5834627127369534,23,0.8947368421052632,0.05263157894736842,N2 S1 O2,de-protonated,0,-9999,C38 H34 O2 N2 S1,38,34,2,2,-9999,1,-9999,N/A
1988,581.226856,581.2268354329062,581.226956007629,5107057.5,-9999,265963.7,34.52,-1,-0.20744860775614757,0.4961108887871308,0.7739790330151771,0.6072581464783493,10,1.4444444444444444,0.3703703703703703,N2 P1 O10,de-protonated,0,-9999,C27 H39 O10 N2 P1,27,39,10,2,1,-9999,-9999,N/A
1988,581.226856,581.2268354329062,581.2263045589491,5107057.5,-9999,265963.7,34.52,-1,0.913368773862977,0.4297638576720575,0.8295321147073604,0.5896711604861786,1,2.263157894736842,0.631578947368421,N4 S1 P1 O12,de-protonated,0,-9999,C19 H43 O12 N4 P1 S1,19,43,12,4,1,1,-9999,N/A
1989,581.263001,581.2629804362656,581.2632085752489,2190220.5,-9999,265491.9,13.88,-1,-0.392488256478456,0.4862177004570705,0.7033271719038788,0.5730614890357939,22,0.97435897435897445,0.02564102564102564,N2 S1 O1,de-protonated,0,-9999,C39 H38 O1 N2 S1,39,38,1,2,-9999,1,-9999,N/A
1989,581.263001,581.2629804362656,581.263341516979,2190220.5,-9999,265491.9,13.88,-1,-0.6211998721682318,0.9323760084337318,0,0.5594256050602391,9,1.5357142857142858,0.32142857142857145,N2 P1 O9,de-protonated,0,-9999,C28 H43 O9 N2 P1,28,43,9,2,1,-9999,-9999,N/A
1989,581.263001,581.2629804362656,581.262557126569,2190220.5,-9999,265491.9,13.88,-1,0.7282590136825352,0.9082520585523006,0,0.5449512351313803,13,1.3548387096774193,0.0967741935483871,N4 S2 O3,de-protonated,0,-9999,C31 H42 O3 N4 S2,31,42,3,4,-9999,2,-9999,N/A
1989,581.263001,581.2629804362656,581.2626900682991,2190220.5,-9999,265491.9,13.88,-1,0.4995468855320777,0.9557298478404216,0,0.5734379087042528,0,2.35,0.55,N4 S1 P1 O11,de-protonated,0,-9999,C20 H47 O11 N4 P1 S1,20,47,11,4,1,1,-9999,N/A
1990,582.157352,582.157331519386,582.156828016449,2107945,-9999,303860,13.29,-1,0.864892264061399,0.8730777848869055,0,0.5238466709321432,11,1.3076923076923077,0.38461538461538464,N1 S1 P1 O10,de-protonated,0,-9999,C26 H34 O10 N1 P1 S1,26,34,10,1,1,1,-9999,N/A
1990,582.157352,582.157331519386,582.157406882269,2107945,-9999,303860,13.29,-1,-0.1294544775624522,0.9969638176812876,0.9273117780822006,0.9691030018416528,25,0.7428571428571429,0.11428571428571428,13C1 N2 S1 O4,de-protonated,1,1985,C35 H26 O4 N2 S1 13C1,35,26,4,2,-9999,1,1,N/A
1990,582.157352,582.157331519386,582.1575398239991,2107945,-9999,303860,13.29,-1,-0.3578148503822506,0.9770366239395326,0.9947170019944204,0.9841087751614878,12,1.2916666666666667,0.5,13C1 N2 P1 O12,de-protonated,1,1985,C24 H31 O12 N2 P1 13C1,24,31,12,2,1,-9999,1,N/A
1990,582.157352,582.157331519386,582.1576761696191,2107945,-9999,303860,13.29,-1,-0.5920221396269575,0.9383840405626064,0,0.5630304243375639,12,1.2083333333333333,0.5833333333333334,N3 O14,de-protonated,0,-9999,C24 H29 O14 N3,24,29,14,3,-9999,-9999,-9999,N/A
1990,582.157352,582.157331519386,582.157026759749,2107945,-9999,303860,13.29,-1,0.5235007447336737,0.9514895621217738,0.9162775303289916,0.9374047494046608,30,0.6216216216216216,0.02702702702702703,13C1 N4 P1 O1,de-protonated,1,1985,C37 H23 O1 N4 P1 13C1,37,23,1,4,1,-9999,1,N/A
1990,582.157352,582.157331519386,582.1567554335892,2107945,-9999,303860,13.29,-1,0.9895716084858148,0.8372069531343171,0.9751128687446416,0.892369319378447,16,1.1111111111111112,0.2222222222222222,13C1 N4 S2 O6,de-protonated,1,1985,C27 H30 O6 N4 S2 13C1,27,30,6,4,-9999,2,1,N/A
1990,582.157352,582.157331519386,582.1568883753191,2107945,-9999,303860,13.29,-1,0.76121072477858,0.9001994334261414,0.9477516515901868,0.9192203206917596,3,2.1875,0.875,13C1 N4 S1 P1 O14,de-protonated,1,1985,C16 H35 O14 N4 P1 S1 13C1,16,35,14,4,1,1,1,N/A
1991,582.193527,582.1935065227482,582.193080584069,2539588.3,-9999,258877,16.35,-1,0.7316106862224007,0.4537230217803067,0.7087183895694522,0.5557211688959649,23,0.868421052631579,0.02631578947368421,N1 S2 O1,de-protonated,0,-9999,C38 H33 O1 N1 S2,38,33,1,1,-9999,2,-9999,N/A
1991,582.193527,582.1935065227482,582.193213525799,2539588.3,-9999,258877,16.35,-1,0.5032641094898183,0.9550836285380042,0,0.5730501771228025,10,1.4074074074074074,0.3333333333333333,N1 S1 P1 O9,de-protonated,0,-9999,C27 H38 O9 N1 P1 S1,27,38,9,1,1,1,-9999,N/A
1991,582.193527,582.1935065227482,582.1937923916191,2539588.3,-9999,258877,16.35,-1,-0.49102012883421853,0.9571956978948662,0.9665039634925744,0.9609190041339496,24,0.8333333333333334,0.08333333333333333,13C1 N2 S1 O3,de-protonated,1,1987,C36 H30 O3 N2 S1 13C1,36,30,3,2,-9999,1,1,N/A
1991,582.193527,582.1935065227482,582.19392533334906,2539588.3,-9999,258877,16.35,-1,-0.7193661470052191,0.9103761120618266,0.96717611232726,0.933096112168,11,1.4,0.44,13C1 N2 P1 O11,de-protonated,1,1987,C25 H35 O11 N2 P1 13C1,25,35,11,2,1,-9999,1,N/A
1991,582.193527,582.1935065227482,582.194061678969,2539588.3,-9999,258877,16.35,-1,-0.9535587140778888,0.8479050549740992,0,0.5087430329844594,11,1.32,0.52,N3 O13,de-protonated,0,-9999,C25 H33 O13 N3,25,33,13,3,-9999,-9999,-9999,N/A
1991,582.193527,582.1935065227482,582.1931409429391,2539588.3,-9999,258877,16.35,-1,0.6279356169002774,0.9309536514398684,0.9864547069244154,0.9531540736336872,15,1.2142857142857142,0.17857142857142858,13C1 N4 S2 O5,de-protonated,1,1987,C28 H34 O5 N4 S2 13C1,28,34,5,4,-9999,2,1,N/A
1991,582.193527,582.1935065227482,582.193273884669,2539588.3,-9999,258877,16.35,-1,0.3995890877106203,0.9714434965932426,0.9106468819051456,0.9471248507180038,2,2.2941176470588234,0.7647058823529411,13C1 N4 S1 P1 O13,de-protonated,1,1987,C17 H39 O13 N4 P1 S1 13C1,17,39,13,4,1,1,1,N/A
1992,583.039313,583.0392926013551,583.0394162155491,3367616,-9999,282278.5,22.2,-1,-0.21201687318068768,0.4959384223289732,0.719752637322661,0.5854641083264482,32,0.3333333333333333,0.1388888888888889,N2 S1 O5,de-protonated,0,-9999,C36 H12 O5 N2 S1,36,12,5,2,-9999,1,-9999,N/A
1992,583.039313,583.0392926013551,583.039549157279,3367616,-9999,282278.5,22.2,-1,-0.4400317684593073,0.48273823969514135,0.7871578612348809,0.6045060883110371,19,0.68,0.52,N2 P1 O13,de-protonated,0,-9999,C25 H17 O13 N2 P1,25,17,13,2,1,-9999,-9999,N/A
1992,583.039313,583.0392926013551,583.038764766869,3367616,-9999,282278.5,22.2,-1,0.9053162808199772,0.4309073907417019,0.7675537279851021,0.5655659256390619,23,0.5714285714285714,0.25,N4 S2 O7,de-protonated,0,-9999,C28 H16 O7 N4 S2,28,16,7,4,-9999,2,-9999,N/A
1992,583.039313,583.0392926013551,583.038897708599,3367616,-9999,282278.5,22.2,-1,0.6773008758088286,0.9201329293056696,0,0.5520797575834018,10,1.2352941176470589,0.8823529411764706,N4 S1 P1 O15,de-protonated,0,-9999,C17 H21 O15 N4 P1 S1,17,21,15,4,1,1,-9999,N/A
1993,583.060351,583.0603306033103,583.060545583609,3200720,-9999,344231.5,21.02,-1,-0.36871007720745824,0.487817164091723,0.7369636471990461,0.5874757573346523,27,0.48484848484848486,0.21212121212121213,N2 S1 O7,de-protonated,0,-9999,C33 H16 O7 N2 S1,33,16,7,2,-9999,1,-9999,N/A
1993,583.060351,583.0603306033103,583.0606785253391,3200720,-9999,344231.5,21.02,-1,-0.596716673987821,0.9374343250225576,0,0.5624605950135345,14,0.9545454545454546,0.6818181818181818,N2 P1 O15,de-protonated,0,-9999,C22 H21 O15 N2 P1,22,21,15,2,1,-9999,-9999,N/A
1993,583.060351,583.0603306033103,583.060165461089,3200720,-9999,344231.5,21.02,-1,0.2832335855397954,0.4927746920384829,0.725399618712417,0.5858246627080566,32,0.37142857142857144,0.11428571428571428,N4 P1 O4,de-protonated,0,-9999,C35 H13 O4 N4 P1,35,13,4,4,1,-9999,-9999,N/A
1993,583.060351,583.0603306033103,583.0598941349291,3200720,-9999,344231.5,21.02,-1,0.7485824107570705,0.4516595451378282,0.7871578612348809,0.5858588715766493,18,0.8,0.36,N4 S2 O9,de-protonated,0,-9999,C25 H20 O9 N4 S2,25,20,9,4,-9999,2,-9999,N/A
1994,583.075653,583.0756326047325,583.0758017248991,6535899.5,-9999,277896.9,44.63,-1,-0.2900483368722963,0.4924254982081639,0.7141928963326545,0.5811324574579602,31,0.43243243243243246,0.10810810810810811,N2 S1 O4,de-protonated,0,-9999,C37 H16 O4 N2 S1,37,16,4,2,-9999,1,-9999,N/A
1994,583.075653,583.0756326047325,583.075934666629,6535899.5,-9999,277896.9,44.63,-1,-0.5180489856158627,0.4762352011816428,0.7805128205128198,0.5979462489141136,18,0.8076923076923077,0.4615384615384616,N2 P1 O12,de-protonated,0,-9999,C26 H21 O12 N2 P1,26,21,12,2,1,-9999,-9999,N/A
1994,583.075653,583.0756326047325,583.0754216023789,6535899.5,-9999,277896.9,44.63,-1,0.3618783192760188,0.488259154473766,0.7033271719038788,0.5742863614458111,36,0.3333333333333333,0.02564102564102564,N4 P1 O1,de-protonated,0,-9999,C39 H13 O1 N4 P1,39,13,1,4,1,-9999,-9999,N/A
1994,583.075653,583.0756326047325,583.075150276219,6535899.5,-9999,277896.9,44.63,-1,0.8272150052535242,0.4416181280287047,0.7612342259156645,0.5694645671834886,22,0.6896551724137931,0.20689655172413793,N4 S2 O6,de-protonated,0,-9999,C29 H20 O6 N4 S2,29,20,6,4,-9999,2,-9999,N/A
1994,583.075653,583.0756326047325,583.075283217949,6535899.5,-9999,277896.9,44.63,-1,0.5992138468410717,0.4684632397835134,0.8370420509349343,0.6158947642440817,9,1.3888888888888888,0.7777777777777778,N4 S1 P1 O14,de-protonated,0,-9999,C18 H25 O14 N4 P1 S1,18,25,14,4,1,1,-9999,N/A
1995,583.096913,583.0968926067084,583.097444157209,5384939.5,-9999,252597,36.48,-1,-0.945897647396974,0.4250734177721354,0.8149093904448103,0.5810078068412053,8,1.3333333333333333,0.8095238095238095,S1 O17,de-protonated,0,-9999,C21 H28 O17 S1,21,28,17,-9999,-9999,1,-9999,N/A
1995,583.096913,583.0968926067084,583.096931092959,5384939.5,-9999,252597,36.48,-1,-0.0660031782389035,0.499604922867148,0.7311359101322861,0.5922173177732033,26,0.5882352941176471,0.17647058823529413,N2 S1 O6,de-protonated,0,-9999,C34 H20 O6 N2 S1,34,20,6,2,-9999,1,-9999,N/A
1995,583.096913,583.0968926067084,583.0970640346891,5384939.5,-9999,252597,36.48,-1,-0.2939956163237602,0.4922195552553259,0.8007932653391622,0.6156490392888605,13,1.0869565217391304,0.6086956521739131,N2 P1 O14,de-protonated,0,-9999,C23 H25 O14 N2 P1,23,25,14,2,1,-9999,-9999,N/A
1995,583.096913,583.0968926067084,583.096550970439,5384939.5,-9999,252597,36.48,-1,0.5859000002412283,0.4698063597411541,0.719752637322661,0.569784870773757,31,0.4722222222222222,0.08333333333333333,N4 P1 O3,de-protonated,0,-9999,C36 H17 O3 N4 P1,36,17,3,4,1,-9999,-9999,N/A
1996,583.112002,583.1119816081107,583.112187234249,4805367,-9999,265663.8,32.38,-1,-0.352635638165945,0.48884458200282765,0.7087183895694522,0.5767941050294775,30,0.5263157894736842,0.07894736842105263,N2 S1 O3,de-protonated,0,-9999,C38 H20 O3 N2 S1,38,20,3,2,-9999,1,-9999,N/A
1996,583.112002,583.1119816081107,583.1123201759791,4805367,-9999,265663.8,32.38,-1,-0.580622046063383,0.4703314982847153,0.7739790330151772,0.5917905121769,17,0.925925925925926,0.4074074074074074,N2 P1 O11,de-protonated,0,-9999,C27 H25 O11 N2 P1,27,25,11,2,1,-9999,-9999,N/A
1996,583.112002,583.1119816081107,583.112048849819,4805367,-9999,265663.8,32.38,-1,-0.11531524414953562,0.4987950377434151,0.8446892076502734,0.6371527057061585,3,1.8823529411764703,0.9411764705882352,N2 S2 O16,de-protonated,0,-9999,C17 H32 O16 N2 S2,17,32,16,2,-9999,2,-9999,N/A
1996,583.112002,583.1119816081107,583.111535785569,4805367,-9999,265663.8,32.38,-1,0.7645579178565564,0.44968281775451274,0.7550179348240813,0.5718168645823403,21,0.8,0.16666666666666666,N4 S2 O5,de-protonated,0,-9999,C30 H24 O5 N4 S2,30,24,5,4,-9999,2,-9999,N/A
1996,583.112002,583.1119816081107,583.111668727299,4805367,-9999,265663.8,32.38,-1,0.5365710007437865,0.4745502390974849,0.8295321147073604,0.6165429893414351,8,1.5263157894736843,0.6842105263157895,N4 S1 P1 O13,de-protonated,0,-9999,C19 H29 O13 N4 P1 S1,19,29,13,4,1,1,-9999,N/A
1997,583.133214,583.1331936100821,583.133316602309,5966599,-9999,279537.3,40.6,-1,-0.21091613773157,0.4959803165832649,0.7253996187124169,0.5877480374349258,25,0.6857142857142857,0.14285714285714285,N2 S1 O5,de-protonated,0,-9999,C35 H24 O5 N2 S1,35,24,5,2,-9999,1,-9999,N/A
1997,583.133214,583.1331936100821,583.1334495440391,5966599,-9999,279537.3,40.6,-1,-0.43889431684024593,0.48282581672438246,0.7939170211058493,0.6072622984769692,12,1.2083333333333333,0.5416666666666666,N2 P1 O13,de-protonated,0,-9999,C24 H29 O13 N2 P1,24,29,13,2,1,-9999,-9999,N/A
1997,583.133214,583.1331936100821,583.132936479789,5966599,-9999,279537.3,40.6,-1,0.4409462697469808,0.4826676756952238,0.7141928963326545,0.575277763950196,30,0.5675675675675675,0.05405405405405406,N4 P1 O2,de-protonated,0,-9999,C37 H21 O2 N4 P1,37,21,2,4,1,-9999,-9999,N/A
1997,583.133214,583.1331936100821,583.1326651536291,5966599,-9999,279537.3,40.6,-1,0.9062370959556152,0.4307769853248017,0.7739790330151772,0.5680578044009519,16,1.037037037037037,0.25925925925925924,N4 S2 O7,de-protonated,0,-9999,C27 H28 O7 N4 S2,27,28,7,4,-9999,2,-9999,N/A
1997,583.133214,583.1331936100821,583.132798095359,5966599,-9999,279537.3,40.6,-1,0.6782584076684443,0.45995812311064926,0.8524773804394659,0.6169658260421759,3,2.0625,0.9375,N4 S1 P1 O15,de-protonated,0,-9999,C16 H33 O15 N4 P1 S1,16,33,15,4,1,1,-9999,N/A
1998,583.148457,583.1484366114988,583.148572743599,3869458.5,-9999,263208.7,25.76,-1,-0.2334432535496264,0.4950802723071907,0.7033271719038788,0.578379032145866,29,0.6153846153846154,0.05128205128205128,N2 S1 O2,de-protonated,0,-9999,C39 H24 O2 N2 S1,39,24,2,2,-9999,1,-9999,N/A
1998,583.148457,583.1484366114988,583.148705685329,3869458.5,-9999,263208.7,25.76,-1,-0.4614154632339149,0.48105273757849487,0.7675537279851021,0.5956531337411377,16,1.0357142857142858,0.35714285714285715,N2 P1 O10,de-protonated,0,-9999,C28 H29 O10 N2 P1,28,29,10,2,1,-9999,-9999,N/A
1998,583.148457,583.1484366114988,583.148434359169,3869458.5,-9999,263208.7,25.76,-1,0.00386236116097091,0.9999972931823292,0,0.5999983759093974,2,2,0.8333333333333334,N2 S2 O15,de-protonated,0,-9999,C18 H36 O15 N2 S2,18,36,15,2,-9999,2,-9999,N/A
1998,583.148457,583.1484366114988,583.1479212949191,3869458.5,-9999,263208.7,25.76,-1,0.8836807281486561,0.43394436651656737,0.7489023467070351,0.5599275585927546,20,0.9032258064516128,0.12903225806451613,N4 S2 O4,de-protonated,0,-9999,C31 H28 O4 N4 S2,31,28,4,4,-9999,2,-9999,N/A
1998,583.148457,583.1484366114988,583.148054236649,3869458.5,-9999,263208.7,25.76,-1,0.6557080093125308,0.9249511017481038,0,0.5549706610488623,7,1.65,0.6,N4 S1 P1 O12,de-protonated,0,-9999,C20 H33 O12 N4 P1 S1,20,33,12,4,1,1,-9999,N/A
1999,583.169645,583.1696246134679,583.169702111659,6013730.5,-9999,253681.5,40.93,-1,-0.13289131932431575,0.49840036308678287,0.719752637322661,0.5869412727811341,24,0.7777777777777778,0.1111111111111111,N2 S1 O4,de-protonated,0,-9999,C36 H28 O4 N2 S1,36,28,4,2,-9999,1,-9999,N/A
1999,583.169645,583.1696246134679,583.169835053389,6013730.5,-9999,253681.5,40.93,-1,-0.3608552918629635,0.48832466315837647,0.7871578612348809,0.6078579423889783,11,1.32,0.48,N2 P1 O12,de-protonated,0,-9999,C25 H33 O12 N2 P1,25,33,12,2,1,-9999,-9999,N/A
1999,583.169645,583.1696246134679,583.1693219891389,6013730.5,-9999,253681.5,40.93,-1,0.5189304677509464,0.4761562201189769,0.7087183895694522,0.569181087899167,29,0.6578947368421053,0.02631578947368421,N4 P1 O1,de-protonated,0,-9999,C38 H25 O1 N4 P1,38,25,1,4,1,-9999,-9999,N/A
1999,583.169645,583.1696246134679,583.169050662979,6013730.5,-9999,253681.5,40.93,-1,0.9841922994775604,0.41941070557988486,0.7675537279851021,0.5586679145419717,15,1.1428571428571428,0.21428571428571427,N4 S2 O6,de-protonated,0,-9999,C28 H32 O6 N4 S2,28,32,6,4,-9999,2,-9999,N/A
1999,583.169645,583.1696246134679,583.169183604709,6013730.5,-9999,253681.5,40.93,-1,0.7562278174340328,0.45071766829165294,0.8446892076502734,0.6083062840351012,2,2.176470588235294,0.8235294117647058,N4 S1 P1 O14,de-protonated,0,-9999,C17 H37 O14 N4 P1 S1,17,37,14,4,1,1,-9999,N/A
2000,583.184866,583.1848456148828,583.184958252949,2774830,-9999,294811.2,18.01,-1,-0.19314295506159085,0.49662702921675705,0.6980173569463055,0.5771831603085764,28,0.7,0.025,N2 S1 O1,de-protonated,0,-9999,C40 H28 O1 N2 S1,40,28,1,2,-9999,1,-9999,N/A
2000,583.184866,583.1848456148828,583.185091194679,2774830,-9999,294811.2,18.01,-1,-0.4211009505152675,0.48416827734932544,0.7612342259156645,0.594994656775861,15,1.137931034482759,0.3103448275862069,N2 P1 O9,de-protonated,0,-9999,C29 H33 O9 N2 P1,29,33,9,2,1,-9999,-9999,N/A
2000,583.184866,583.1848456148828,583.1848198685191,2774830,-9999,294811.2,18.01,-1,0.04414786327207434,0.9996464128983582,0,0.599787847739015,1,2.1052631578947367,0.7368421052631579,N2 S2 O14,de-protonated,0,-9999,C19 H40 O14 N2 S2,19,40,14,2,-9999,2,-9999,N/A
2000,583.184866,583.1848456148828,583.184306804269,2774830,-9999,294811.2,18.01,-1,0.9239113732572296,0.42825605732099126,0.7428850341668535,0.5541076480593361,19,1,0.09375,N4 S2 O3,de-protonated,0,-9999,C32 H32 O3 N4 S2,32,32,3,4,-9999,2,-9999,N/A
2000,583.184866,583.1848456148828,583.184439745999,2774830,-9999,294811.2,18.01,-1,0.6959528685202973,0.915866430727284,0,0.5495198584363703,6,1.761904761904762,0.5238095238095238,N4 S1 P1 O11,de-protonated,0,-9999,C21 H37 O11 N4 P1 S1,21,37,11,4,1,1,-9999,N/A
2001,583.205966,583.2059456168437,583.206087621009,4518718,-9999,256213.9,30.35,-1,-0.2434888255948253,0.49465007082961343,0.7141928963326545,0.5824672010308298,23,0.8648648648648649,0.08108108108108109,N2 S1 O3,de-protonated,0,-9999,C37 H32 O3 N2 S1,37,32,3,2,-9999,1,-9999,N/A
2001,583.205966,583.2059456168437,583.2062205627391,4518718,-9999,256213.9,30.35,-1,-0.471438550729556,0.4802372950201345,0.7805128205128199,0.6003475052172087,10,1.4230769230769231,0.4230769230769231,N2 P1 O11,de-protonated,0,-9999,C26 H37 O11 N2 P1,26,37,11,2,1,-9999,-9999,N/A
2001,583.205966,583.2059456168437,583.2054361723291,4518718,-9999,256213.9,30.35,-1,0.8735249759244645,0.4353517936367714,0.7612342259156646,0.5657047665483287,14,1.2413793103448276,0.1724137931034483,N4 S2 O5,de-protonated,0,-9999,C29 H36 O5 N4 S2,29,36,5,4,-9999,2,-9999,N/A
2001,583.205966,583.2059456168437,583.205569114059,4518718,-9999,256213.9,30.35,-1,0.6455747417383398,0.46358340721113145,0.8370420509349343,0.6129668647006525,1,2.2777777777777777,0.7222222222222222,N4 S1 P1 O13,de-protonated,0,-9999,C18 H41 O13 N4 P1 S1,18,41,13,4,1,1,-9999,N/A
2002,583.242463,583.2424426202357,583.242986194609,2064729.4,-9999,295152,12.98,-1,-0.9319861295590848,0.8541862714989888,0,0.5125117628993933,4,1.76,0.52,S1 O13,de-protonated,0,-9999,C25 H44 O13 S1,25,44,13,-9999,-9999,1,-9999,N/A
2002,583.242463,583.2424426202357,583.242473130359,2064729.4,-9999,295152,12.98,-1,-0.05231121659271005,0.9995035955637752,0,0.5997021573382652,22,0.9473684210526316,0.05263157894736842,N2 S1 O2,de-protonated,0,-9999,C38 H36 O2 N2 S1,38,36,2,2,-9999,1,-9999,N/A
2002,583.242463,583.2424426202357,583.242606072089,2064729.4,-9999,295152,12.98,-1,-0.28024676449660435,0.9858503979499096,0,0.5915102387699457,9,1.5185185185185186,0.3703703703703703,N2 P1 O10,de-protonated,0,-9999,C27 H41 O10 N2 P1,27,41,10,2,1,-9999,-9999,N/A
2002,583.242463,583.2424426202357,583.241954623409,2064729.4,-9999,295152,12.98,-1,0.8366970565292493,0.8807113693756535,0,0.5284268216253921,0,2.3684210526315788,0.631578947368421,N4 S1 P1 O12,de-protonated,0,-9999,C19 H45 O12 N4 P1 S1,19,45,12,4,1,1,-9999,N/A
2003,585.055095,585.0550747887008,585.0555793442591,5533883,-9999,269742.7,37.52,-1,-0.8624061987210412,0.4368791641992771,0.8007932653391622,0.5824448046552311,13,0.9565217391304348,0.6956521739130435,S1 O16,de-protonated,0,-9999,C23 H22 O16 S1,23,22,16,-9999,-9999,1,-9999,N/A
2003,585.055095,585.0550747887008,585.0550662800091,5533883,-9999,269742.7,37.52,-1,0.01454340322063808,0.4999808112100287,0.719752637322661,0.5878895416550816,31,0.3888888888888889,0.1388888888888889,N2 S1 O5,de-protonated,0,-9999,C36 H14 O5 N2 S1,36,14,5,2,-9999,1,-9999,N/A
2003,585.055095,585.0550747887008,585.055199221739,5533883,-9999,269742.7,37.52,-1,-0.2126859796487892,0.4959128511475107,0.787157861234881,0.6124108551824589,18,0.76,0.52,N2 P1 O13,de-protonated,0,-9999,C25 H19 O13 N2 P1,25,19,13,2,1,-9999,-9999,N/A
2003,585.055095,585.0550747887008,585.054547773059,5533883,-9999,269742.7,37.52,-1,0.900797445076975,0.43154599385651615,0.8446892076502734,0.596803279374019,9,1.3529411764705883,0.8823529411764706,N4 S1 P1 O15,de-protonated,0,-9999,C17 H23 O15 N4 P1 S1,17,23,15,4,1,1,-9999,N/A
2004,585.076232,585.0762117906652,585.076708712319,2785995.3,-9999,237564.4,18.08,-1,-0.8493273556249847,0.8773149121529153,0,0.5263889472917492,8,1.3,0.9,S1 O18,de-protonated,0,-9999,C20 H26 O18 S1,20,26,18,-9999,-9999,1,-9999,N/A
2004,585.076232,585.0762117906652,585.0761956480691,2785995.3,-9999,237564.4,18.08,-1,0.02759058773827276,0.49993094172225894,0.7369636471990461,0.5947440239129738,26,0.5454545454545454,0.21212121212121213,N2 S1 O7,de-protonated,0,-9999,C33 H18 O7 N2 S1,33,18,7,2,-9999,1,-9999,N/A
2004,585.076232,585.0762117906652,585.076328589799,2785995.3,-9999,237564.4,18.08,-1,-0.19963059196429428,0.9927949211653818,0,0.595676952699229,13,1.0454545454545454,0.6818181818181818,N2 P1 O15,de-protonated,0,-9999,C22 H23 O15 N2 P1,22,23,15,2,1,-9999,-9999,N/A
2004,585.076232,585.0762117906652,585.075815525549,2785995.3,-9999,237564.4,18.08,-1,0.6772884908623004,0.4600678651326858,0.7253996187124169,0.5662005665645782,31,0.42857142857142855,0.11428571428571428,N4 P1 O4,de-protonated,0,-9999,C35 H15 O4 N4 P1,35,15,4,4,1,-9999,-9999,N/A
2005,585.09136,585.0913397920712,585.0914517893591,7561430.5,-9999,267705.7,51.87,-1,-0.1914184314307972,0.9919850934125968,0.9550606339972242,0.9772153096464478,30,0.4864864864864865,0.10810810810810811,N2 S1 O4,de-protonated,0,-9999,C37 H18 O4 N2 S1,37,18,4,2,-9999,1,-9999,N/A
2005,585.09136,585.0913397920712,585.091584731089,7561430.5,-9999,267705.7,51.87,-1,-0.4186336366262088,0.9659154819512172,0.9786194418226104,0.9709970658997744,17,0.8846153846153846,0.4615384615384616,N2 P1 O12,de-protonated,0,-9999,C26 H23 O12 N2 P1,26,23,12,2,1,-9999,-9999,N/A
2005,585.09136,585.0913397920712,585.091071666839,7561430.5,-9999,267705.7,51.87,-1,0.45826238884910014,0.96552736465724,0.9441949095684484,0.9569943826217232,35,0.38461538461538464,0.02564102564102564,N4 P1 O1,de-protonated,0,-9999,C39 H15 O1 N4 P1,39,15,1,4,1,-9999,-9999,N/A
2005,585.09136,585.0913397920712,585.090800340679,7561430.5,-9999,267705.7,51.87,-1,0.9219960248914152,0.862525229714358,0.9978980364197658,0.9166743523965212,21,0.7586206896551724,0.20689655172413793,N4 S2 O6,de-protonated,0,-9999,C29 H22 O6 N4 S2,29,22,6,4,-9999,2,-9999,N/A
2005,585.09136,585.0913397920712,585.0909332824091,7561430.5,-9999,267705.7,51.87,-1,0.6947803135319875,0.9204576576617576,0.922090211400496,0.921110679157253,8,1.5,0.7777777777777778,N4 S1 P1 O14,de-protonated,0,-9999,C18 H27 O14 N4 P1 S1,18,27,14,4,1,1,-9999,N/A
2006,585.112509,585.1124887940368,585.1125811574191,3978471,-9999,276405.8,26.52,-1,-0.15785574470817432,0.4977443943590312,0.7311359101322861,0.591101000668333,25,0.6470588235294118,0.17647058823529413,N2 S1 O6,de-protonated,0,-9999,C34 H22 O6 N2 S1,34,22,6,2,-9999,1,-9999,N/A
2006,585.112509,585.1124887940368,585.112714099149,3978471,-9999,276405.8,26.52,-1,-0.3850627524200889,0.4867273444768138,0.8007932653391622,0.6123537128217531,12,1.173913043478261,0.6086956521739131,N2 P1 O14,de-protonated,0,-9999,C23 H27 O14 N2 P1,23,27,14,2,1,-9999,-9999,N/A
2006,585.112509,585.1124887940368,585.1122010348989,3978471,-9999,276405.8,26.52,-1,0.4918016363284191,0.4785311525739712,0.719752637322661,0.5750197464734471,30,0.5277777777777778,0.08333333333333333,N4 P1 O3,de-protonated,0,-9999,C36 H19 O3 N4 P1,36,19,3,4,1,-9999,-9999,N/A
2006,585.112509,585.1124887940368,585.111929708739,3978471,-9999,276405.8,26.52,-1,0.9555185417280904,0.423664810812595,0.7805128205128198,0.566404014692685,16,1,0.3076923076923077,N4 S2 O8,de-protonated,0,-9999,C26 H26 O8 N4 S2,26,26,8,4,-9999,2,-9999,N/A
2007,585.127849,585.1278287954624,585.128350362959,6092018.5,-9999,258145,41.47,-1,-0.8913728010932457,0.8743863874542559,0.960024734183064,0.9086417261457792,11,1.2,0.56,S1 O14,de-protonated,0,-9999,C25 H30 O14 S1,25,30,14,-9999,-9999,1,-9999,N/A
2007,585.127849,585.1278287954624,585.127837298709,6092018.5,-9999,258145,41.47,-1,-0.01453228858442924,0.9997774520491924,0.9615357941515074,0.9844807888901184,29,0.5789473684210527,0.07894736842105263,N2 S1 O3,de-protonated,0,-9999,C38 H22 O3 N2 S1,38,22,3,2,-9999,1,-9999,N/A
2007,585.127849,585.1278287954624,585.127970240439,6092018.5,-9999,258145,41.47,-1,-0.2417334050468531,0.9918132069155206,0.9732035624027676,0.9843693491104194,16,1,0.4074074074074074,N2 P1 O11,de-protonated,0,-9999,C27 H27 O11 N2 P1,27,27,11,2,1,-9999,-9999,N/A
2007,585.127849,585.1278287954624,585.127698914279,6092018.5,-9999,258145,41.47,-1,0.22197066322210857,0.988313526900281,0.9024933877676714,0.9539854712472372,2,2,0.9411764705882352,N2 S2 O16,de-protonated,0,-9999,C17 H34 O16 N2 S2,17,34,16,2,-9999,2,-9999,N/A
2007,585.127849,585.1278287954624,585.1273187917591,6092018.5,-9999,258145,41.47,-1,0.8716115056203229,0.862709720459488,0.9176504807105844,0.8846860245599266,7,1.631578947368421,0.6842105263157895,N4 S1 P1 O13,de-protonated,0,-9999,C19 H31 O13 N4 P1 S1,19,31,13,4,1,1,-9999,N/A
2008,585.149059,585.1490387974337,585.149618115449,3537155,-9999,250201.2,23.39,-1,-0.9900339970545105,0.41853395711233377,0.6825582999861977,0.5241436942618793,33,0.5116279069767442,0.06976744186046512,O3,de-protonated,0,-9999,C43 H22 O3,43,22,3,-9999,-9999,-9999,-9999,N/A
2008,585.149059,585.1490387974337,585.149479731019,3537155,-9999,250201.2,23.39,-1,-0.7535400792160146,0.9020993019917514,0,0.5412595811950508,6,1.5454545454545454,0.7272727272727273,S1 O16,de-protonated,0,-9999,C22 H34 O16 S1,22,34,16,-9999,-9999,1,-9999,N/A
2008,585.149059,585.1490387974337,585.1489666667691,3537155,-9999,250201.2,23.39,-1,0.1232688917818109,0.4986233224025785,0.7253996187124169,0.5893338409265139,24,0.7428571428571429,0.14285714285714285,N2 S1 O5,de-protonated,0,-9999,C35 H26 O5 N2 S1,35,26,5,2,-9999,1,-9999,N/A
2008,585.149059,585.1490387974337,585.149099608499,3537155,-9999,250201.2,23.39,-1,-0.10392405170354418,0.49902111763900264,0.7939170211058493,0.6169794790257414,11,1.2916666666666667,0.5416666666666666,N2 P1 O13,de-protonated,0,-9999,C24 H31 O13 N2 P1,24,31,13,2,1,-9999,-9999,N/A
2008,585.149059,585.1490387974337,585.1485865442489,3537155,-9999,250201.2,23.39,-1,0.7728860586686177,0.4486392922089916,0.7141928963326545,0.5548607338584568,29,0.6216216216216216,0.05405405405405406,N4 P1 O2,de-protonated,0,-9999,C37 H23 O2 N4 P1,37,23,2,4,1,-9999,-9999,N/A
2009,585.164112,585.1640917988328,585.164222808059,5767438.5,-9999,285047,39.18,-1,-0.22388454564645932,0.4954731238770719,0.7033271719038788,0.5786147430877946,28,0.6666666666666666,0.05128205128205128,N2 S1 O2,de-protonated,0,-9999,C39 H26 O2 N2 S1,39,26,2,2,-9999,1,-9999,N/A
2009,585.164112,585.1640917988328,585.164355749789,5767438.5,-9999,285047,39.18,-1,-0.4510714871853474,0.4818773172750215,0.7675537279851021,0.5961478815590537,15,1.1071428571428572,0.35714285714285715,N2 P1 O10,de-protonated,0,-9999,C28 H31 O10 N2 P1,28,31,10,2,1,-9999,-9999,N/A
2009,585.164112,585.1640917988328,585.164084423629,5767438.5,-9999,285047,39.18,-1,0.01260365089452676,0.49998558846289753,0.8370420509349343,0.6348081734517123,1,2.111111111111111,0.8333333333333334,N2 S2 O15,de-protonated,0,-9999,C18 H38 O15 N2 S2,18,38,15,2,-9999,2,-9999,N/A
2009,585.164112,585.1640917988328,585.163571359379,5767438.5,-9999,285047,39.18,-1,0.8893914099694843,0.4331478342757459,0.7489023467070351,0.5594496392482615,19,0.967741935483871,0.12903225806451613,N4 S2 O4,de-protonated,0,-9999,C31 H30 O4 N4 S2,31,30,4,4,-9999,2,-9999,N/A
2009,585.164112,585.1640917988328,585.1637043011091,5767438.5,-9999,285047,39.18,-1,0.66220396258674,0.4617576993456809,0.8221557383861047,0.6059169149618504,6,1.75,0.6,N4 S1 P1 O12,de-protonated,0,-9999,C20 H35 O12 N4 P1 S1,20,35,12,4,1,1,-9999,N/A
2010,585.185362,585.1853418008077,585.185865240369,3487006.8,-9999,269436.7,23.04,-1,-0.894484286832979,0.43243439037716885,0.8007932653391621,0.5797779403619661,5,1.6521739130434785,0.6521739130434783,S1 O15,de-protonated,0,-9999,C23 H38 O15 S1,23,38,15,-9999,-9999,1,-9999,N/A
2010,585.185362,585.1853418008077,585.1853521761191,3487006.8,-9999,269436.7,23.04,-1,-0.01772995741893148,0.4999714814899515,0.719752637322661,0.5878839438230353,23,0.8333333333333334,0.1111111111111111,N2 S1 O4,de-protonated,0,-9999,C36 H30 O4 N2 S1,36,30,4,2,-9999,1,-9999,N/A
2010,585.185362,585.1853418008077,585.185485117849,3487006.8,-9999,269436.7,23.04,-1,-0.24490874252918832,0.49458783205812423,0.7871578612348809,0.6116158437288268,10,1.4,0.48,N2 P1 O12,de-protonated,0,-9999,C25 H35 O12 N2 P1,25,35,12,2,1,-9999,-9999,N/A
2010,585.185362,585.1853418008077,585.1849720535989,3487006.8,-9999,269436.7,23.04,-1,0.631846726117364,0.465060864127074,0.7087183895694522,0.5625238743040253,28,0.7105263157894737,0.02631578947368421,N4 P1 O1,de-protonated,0,-9999,C38 H27 O1 N4 P1,38,27,1,4,1,-9999,-9999,N/A
2010,585.185362,585.1853418008077,585.184833669169,3487006.8,-9999,269436.7,23.04,-1,0.8683267395251169,0.8721352745874325,0,0.5232811647524594,1,2.2941176470588234,0.8235294117647058,N4 S1 P1 O14,de-protonated,0,-9999,C17 H39 O14 N4 P1 S1,17,39,14,4,1,1,-9999,N/A
2011,585.200597,585.2005768022236,585.201121381659,4433194.5,-9999,276388.9,29.73,-1,-0.9305850852464936,0.4272954115837459,0.7739790330151771,0.5659688601563184,9,1.4074074074074074,0.4444444444444444,S1 O12,de-protonated,0,-9999,C27 H38 O12 S1,27,38,12,-9999,-9999,1,-9999,N/A
2011,585.200597,585.2005768022236,585.2006083174089,4433194.5,-9999,276388.9,29.73,-1,-0.05385364402222435,0.4997369491214741,0.6980173569463055,0.5790491122514067,27,0.75,0.025,N2 S1 O1,de-protonated,0,-9999,C40 H30 O1 N2 S1,40,30,1,2,-9999,1,-9999,N/A
2011,585.200597,585.2005768022236,585.200741259139,4433194.5,-9999,276388.9,29.73,-1,-0.2810264987800896,0.4928860573735844,0.7612342259156645,0.6002253247904165,14,1.206896551724138,0.3103448275862069,N2 P1 O9,de-protonated,0,-9999,C29 H35 O9 N2 P1,29,35,9,2,1,-9999,-9999,N/A
2011,585.200597,585.2005768022236,585.2004699329791,4433194.5,-9999,276388.9,29.73,-1,0.18261988841360183,0.4969834771850497,0.8295321147073604,0.630002932193974,0,2.210526315789474,0.7368421052631579,N2 S2 O14,de-protonated,0,-9999,C19 H42 O14 N2 S2,19,42,14,2,-9999,2,-9999,N/A
2011,585.200597,585.2005768022236,585.2000898104591,4433194.5,-9999,276388.9,29.73,-1,0.8321799210663245,0.4409584412320144,0.8149093904448103,0.5905388209171327,5,1.8571428571428572,0.5238095238095238,N4 S1 P1 O11,de-protonated,0,-9999,C21 H39 O11 N4 P1 S1,21,39,11,4,1,1,-9999,N/A
2012,585.221684,585.2216638041834,585.221737685469,2326842.5,-9999,329750.2,14.83,-1,-0.1262449440246469,0.4985561435870485,0.7141928963326545,0.5848108446852909,22,0.918918918918919,0.08108108108108109,N2 S1 O3,de-protonated,0,-9999,C37 H34 O3 N2 S1,37,34,3,2,-9999,1,-9999,N/A
2012,585.221684,585.2216638041834,585.2218706271991,2326842.5,-9999,329750.2,14.83,-1,-0.3534095802880787,0.9775922304596838,0,0.5865553382758103,9,1.5,0.4230769230769231,N2 P1 O11,de-protonated,0,-9999,C26 H39 O11 N2 P1,26,39,11,2,1,-9999,-9999,N/A
2012,585.221684,585.2216638041834,585.221086236789,2326842.5,-9999,329750.2,14.83,-1,0.9869217087578456,0.8380029618547424,0,0.5028017771128455,13,1.3103448275862069,0.1724137931034483,N4 S2 O5,de-protonated,0,-9999,C29 H38 O5 N4 S2,29,38,5,4,-9999,2,-9999,N/A
2012,585.221684,585.2216638041834,585.221219178519,2326842.5,-9999,329750.2,14.83,-1,0.7597565669441934,0.9005607693432509,0,0.5403364616059505,0,2.388888888888889,0.7222222222222222,N4 S1 P1 O13,de-protonated,0,-9999,C18 H43 O13 N4 P1 S1,18,43,13,4,1,1,-9999,N/A
2013,585.236683,585.2366628055775,585.237126768489,2025797.9,-9999,322297.7,12.7,-1,-0.7927776457538164,0.8922224042740697,0,0.5353334425644418,13,1.3,0.26666666666666666,N2 P1 O8,de-protonated,0,-9999,C30 H39 O8 N2 P1,30,39,8,2,1,-9999,-9999,N/A
2013,585.236683,585.2366628055775,585.236342378079,2025797.9,-9999,322297.7,12.7,-1,0.5475181139994112,0.947058913714388,0,0.5682353482286328,17,1.1515151515151516,0.06060606060606061,N4 S2 O2,de-protonated,0,-9999,C33 H38 O2 N4 S2,33,38,2,4,-9999,2,-9999,N/A
2013,585.236683,585.2366628055775,585.2364753198091,2025797.9,-9999,322297.7,12.7,-1,0.32035899381756505,0.981550261419284,0,0.5889301568515705,4,1.9545454545454544,0.4545454545454546,N4 S1 P1 O10,de-protonated,0,-9999,C22 H43 O10 N4 P1 S1,22,43,10,4,1,1,-9999,N/A
2014,586.086704,586.086683884578,586.087213825809,2585554.8,-9999,356007.7,16.65,-1,-0.9042020003029672,0.8621301401177428,0,0.5172780840706457,12,1.0869565217391304,0.6521739130434783,N1 S1 O15,de-protonated,0,-9999,C23 H25 O15 N1 S1,23,25,15,1,-9999,1,-9999,N/A
2014,586.086704,586.086683884578,586.0867007615591,2585554.8,-9999,356007.7,16.65,-1,-0.02879604862787918,0.499924775907401,0.719752637322661,0.587855920473505,30,0.4722222222222222,0.1111111111111111,N3 S1 O4,de-protonated,0,-9999,C36 H17 O4 N3 S1,36,17,4,3,-9999,1,-9999,N/A
2014,586.086704,586.086683884578,586.086833703289,2585554.8,-9999,356007.7,16.65,-1,-0.2556254507867181,0.9882133628058336,0,0.5929280176835001,17,0.88,0.48,N3 P1 O12,de-protonated,0,-9999,C25 H22 O12 N3 P1,25,22,12,3,1,-9999,-9999,N/A
2015,586.094693,586.0946728853204,586.0940948168791,2399192.8,-9999,271446.5,15.33,-1,0.9863065443348824,0.41909377753747507,0.7087183895694521,0.5349436223502659,29,0.5526315789473685,0.05263157894736842,N1 S2 O2,de-protonated,0,-9999,C38 H21 O2 N1 S2,38,21,2,1,-9999,2,-9999,N/A
2015,586.094693,586.0946728853204,586.094227758609,2399192.8,-9999,271446.5,15.33,-1,0.7594797735612031,0.900629486386613,0,0.5403776918319678,16,0.9629629629629628,0.3703703703703703,N1 S1 P1 O10,de-protonated,0,-9999,C27 H26 O10 N1 P1 S1,27,26,10,1,1,1,-9999,N/A
2015,586.094693,586.0946728853204,586.094806624429,2399192.8,-9999,271446.5,15.33,-1,-0.22818681737794153,0.9905965988837312,0.9550606339972242,0.9763822129291284,30,0.5,0.1111111111111111,13C1 N2 S1 O4,de-protonated,1,2005,C36 H18 O4 N2 S1 13C1,36,18,4,2,-9999,1,1,N/A
2015,586.094693,586.0946728853204,586.094939566159,2399192.8,-9999,271446.5,15.33,-1,-0.45501303738732,0.9631303028671852,0.9786194418226104,0.9693259584493552,17,0.92,0.48,13C1 N2 P1 O12,de-protonated,1,2005,C25 H23 O12 N2 P1 13C1,25,23,12,2,1,-9999,1,N/A
2015,586.094693,586.0946728853204,586.0950759117791,2399192.8,-9999,271446.5,15.33,-1,-0.6876468942475344,0.9177782195201968,0,0.550666931712118,17,0.84,0.56,N3 O14,de-protonated,0,-9999,C25 H21 O14 N3,25,21,14,3,-9999,-9999,-9999,N/A
2015,586.094693,586.0946728853204,586.094426501909,2399192.8,-9999,271446.5,15.33,-1,0.4203817683319239,0.9684428926089044,0.9441949095684484,0.958743699392722,35,0.3947368421052632,0.02631578947368421,13C1 N4 P1 O1,de-protonated,1,2005,C38 H15 O1 N4 P1 13C1,38,15,1,4,1,-9999,1,N/A
2015,586.094693,586.0946728853204,586.0941551757492,2399192.8,-9999,271446.5,15.33,-1,0.8833215050092837,0.8679886971862386,0.9978980364197658,0.9199524328796496,21,0.7857142857142857,0.21428571428571427,13C1 N4 S2 O6,de-protonated,1,2005,C28 H22 O6 N4 S2 13C1,28,22,6,4,-9999,2,1,N/A
2015,586.094693,586.0946728853204,586.0942881174791,2399192.8,-9999,271446.5,15.33,-1,0.6564947809550784,0.92477784842223,0.922090211400496,0.9237027936135362,8,1.588235294117647,0.8235294117647058,13C1 N4 S1 P1 O14,de-protonated,1,2005,C17 H27 O14 N4 P1 S1 13C1,17,27,14,4,1,1,1,N/A
2016,586.13124,586.1312198887172,586.1317051980291,2061301.1,-9999,287488.8,12.94,-1,-0.8279867947668823,0.8830315502295024,0.960024734183064,0.9138288238109272,11,1.25,0.5833333333333334,13C1 S1 O14,de-protonated,1,2007,C24 H30 O14 S1 13C1,24,30,14,-9999,-9999,1,1,N/A
2016,586.13124,586.1312198887172,586.131192133779,2061301.1,-9999,287488.8,12.94,-1,0.04735277450853529,0.999593223042578,0.9615357941515074,0.98437025148614965,29,0.5945945945945946,0.08108108108108109,13C1 N2 S1 O3,de-protonated,1,2007,C37 H22 O3 N2 S1 13C1,37,22,3,2,-9999,1,1,N/A
2016,586.13124,586.1312198887172,586.131325075509,2061301.1,-9999,287488.8,12.94,-1,-0.17945942721434763,0.9941733616648262,0.9732035624027676,0.9857854419600028,16,1.0384615384615383,0.4230769230769231,13C1 N2 P1 O11,de-protonated,1,2007,C26 H27 O11 N2 P1 13C1,26,27,11,2,1,-9999,1,N/A
2016,586.13124,586.1312198887172,586.1310537493491,2061301.1,-9999,287488.8,12.94,-1,0.28345088864533485,0.9855273631998028,0.9024933877676714,0.9523137730269502,2,2.125,1,13C1 N2 S2 O16,de-protonated,1,2007,C16 H34 O16 N2 S2 13C1,16,34,16,2,-9999,2,1,N/A
2016,586.13124,586.1312198887172,586.1314614211291,2061301.1,-9999,287488.8,12.94,-1,-0.41207890687183407,0.9696582156282384,0,0.5817949293769431,16,0.9615384615384616,0.5,N3 O13,de-protonated,0,-9999,C26 H25 O13 N3,26,25,13,3,-9999,-9999,-9999,N/A
2016,586.13124,586.1312198887172,586.1306736268291,2061301.1,-9999,287488.8,12.94,-1,0.931979697795842,0.8541881296238034,0.9176504807105844,0.8795730700585158,7,1.7222222222222223,0.7222222222222222,13C1 N4 S1 P1 O13,de-protonated,1,2007,C18 H31 O13 N4 P1 S1 13C1,18,31,13,4,1,1,1,N/A
2017,587.0345,587.0344799726655,587.0348438993691,2796719.3,-9999,244896.6,18.14,-1,-0.6199405492997937,0.9326404711859296,0,0.5595842827115578,13,0.9090909090909092,0.7727272727272727,S1 O17,de-protonated,0,-9999,C22 H20 O17 S1,22,20,17,-9999,-9999,1,-9999,N/A
2017,587.0345,587.0344799726655,587.034330835119,2796719.3,-9999,244896.6,18.14,-1,0.25405251218346214,0.49417856234660806,0.725399618712417,0.5866669848929316,31,0.34285714285714286,0.17142857142857143,N2 S1 O6,de-protonated,0,-9999,C35 H12 O6 N2 S1,35,12,6,2,-9999,1,-9999,N/A
2017,587.0345,587.0344799726655,587.0344637768491,2796719.3,-9999,244896.6,18.14,-1,0.02758920888295394,0.9998618972481266,0,0.599917138348876,18,0.7083333333333334,0.5833333333333334,N2 P1 O14,de-protonated,0,-9999,C24 H17 O14 N2 P1,24,17,14,2,1,-9999,-9999,N/A
2018,587.070729,587.0707089760327,587.071229408719,7491275.5,-9999,261352.3,51.37,-1,-0.8864898502489822,0.433553005371942,0.8007932653391622,0.58044910935883,12,1.0434782608695652,0.6956521739130435,S1 O16,de-protonated,0,-9999,C23 H24 O16 S1,23,24,16,-9999,-9999,1,-9999,N/A
2018,587.070729,587.0707089760327,587.070716344469,7491275.5,-9999,261352.3,51.37,-1,-0.01255119030956982,0.9955643508112773,0.9365006629384396,0.971938875662142,30,0.4444444444444444,0.1388888888888889,N2 S1 O5,de-protonated,0,-9999,C36 H16 O5 N2 S1,36,16,5,2,-9999,1,-9999,N/A
2018,587.070729,587.0707089760327,587.0708492861991,7491275.5,-9999,261352.3,51.37,-1,-0.2390003974828266,0.9770172873287788,0.9960941131493406,0.9846480176570036,17,0.84,0.52,N2 P1 O13,de-protonated,0,-9999,C25 H21 O13 N2 P1,25,21,13,2,1,-9999,-9999,N/A
2018,587.070729,587.0707089760327,587.070336221949,7491275.5,-9999,261352.3,51.37,-1,0.6349393943842305,0.9485986532672096,0.9254664151852308,0.939345758034418,35,0.34210526315789475,0.05263157894736842,N4 P1 O2,de-protonated,0,-9999,C38 H13 O2 N4 P1,38,13,2,4,1,-9999,-9999,N/A
2018,587.070729,587.0707089760327,587.070197837519,7491275.5,-9999,261352.3,51.37,-1,0.8706599578935076,0.8976981679095626,0.938562766733948,0.9140440074393168,8,1.4705882352941178,0.8823529411764706,N4 S1 P1 O15,de-protonated,0,-9999,C17 H25 O15 N4 P1 S1,17,25,15,4,1,1,-9999,N/A
2019,587.107036,587.107015979407,587.107101853819,7616231.5,-9999,257286.7,52.25,-1,-0.14626702982888518,0.9901285408947896,0.9294748750387376,0.9658670745523688,29,0.5405405405405406,0.10810810810810811,N2 S1 O4,de-protonated,0,-9999,C37 H20 O4 N2 S1,37,20,4,2,-9999,1,-9999,N/A
2019,587.107036,587.107015979407,587.1072347955491,7616231.5,-9999,257286.7,52.25,-1,-0.37270217271257006,0.9633489364834786,0.995794799218903,0.9763272815776484,16,0.9615384615384616,0.4615384615384616,N2 P1 O12,de-protonated,0,-9999,C26 H25 O12 N2 P1,26,25,12,2,1,-9999,-9999,N/A
2019,587.107036,587.107015979407,587.1067217312989,7616231.5,-9999,257286.7,52.25,-1,0.5011833407291125,0.9667668824370376,0.918609150609962,0.9475037897062074,34,0.4358974358974359,0.02564102564102564,N4 P1 O1,de-protonated,0,-9999,C39 H17 O1 N4 P1,39,17,1,4,1,-9999,-9999,N/A
2019,587.107036,587.107015979407,587.1064504051391,7616231.5,-9999,257286.7,52.25,-1,0.9633249090963988,0.8662943814360817,0.9765162046217476,0.9103831107103482,20,0.8275862068965517,0.20689655172413793,N4 S2 O6,de-protonated,0,-9999,C29 H24 O6 N4 S2,29,24,6,4,-9999,2,-9999,N/A
2019,587.107036,587.107015979407,587.106583346869,7616231.5,-9999,257286.7,52.25,-1,0.7368892639048393,0.9230075522353826,0.9476759703589824,0.9328749194848226,7,1.6111111111111112,0.7777777777777778,N4 S1 P1 O14,de-protonated,0,-9999,C18 H29 O14 N4 P1 S1,18,29,14,4,1,1,-9999,N/A
2020,587.141285,587.1412649825902,587.1417698301291,2285314,-9999,445896.3,14.52,-1,-0.8598392497669615,0.43722975590678786,0.7033271719038787,0.5436687223056242,28,0.6410256410256411,0.10256410256410256,P1 O4,de-protonated,0,-9999,C39 H25 O4 P1,39,25,4,-9999,1,-9999,-9999,N/A
2020,587.141285,587.1412649825902,587.141498503969,2285314,-9999,445896.3,14.52,-1,-0.3977258964671899,0.9717053855993704,0,0.5830232313596222,14,1.103448275862069,0.3103448275862069,S2 O9,de-protonated,0,-9999,C29 H32 O9 S2,29,32,9,-9999,-9999,2,-9999,N/A
2020,587.141285,587.1412649825902,587.1416314456991,2285314,-9999,445896.3,14.52,-1,-0.6241477171142128,0.9317551458300168,0,0.5590530874980101,1,2.0555555555555554,0.9444444444444444,S1 P1 O17,de-protonated,0,-9999,C18 H37 O17 P1 S1,18,37,17,-9999,1,1,-9999,N/A
2020,587.141285,587.1412649825902,587.141118381449,2285314,-9999,445896.3,14.52,-1,0.24968638133584584,0.9887516334226998,0,0.5932509800536199,19,0.935483870967742,0.1935483870967742,N2 S1 P1 O6,de-protonated,0,-9999,C31 H29 O6 N2 P1 S1,31,29,6,2,1,1,-9999,N/A
2021,587.14344,587.1434199827904,587.1440004274191,6348547.5,-9999,252115.2,43.28,-1,-0.98858989999884594,0.41875100559139294,0.7871578612348809,0.5661137478487881,10,1.28,0.56,S1 O14,de-protonated,0,-9999,C25 H32 O14 S1,25,32,14,-9999,-9999,1,-9999,N/A
2021,587.14344,587.1434199827904,587.143487363169,6348547.5,-9999,252115.2,43.28,-1,-0.11475964571858475,0.9891199149844,0.949899730082717,0.9734318410237268,28,0.631578947368421,0.07894736842105263,N2 S1 O3,de-protonated,0,-9999,C38 H24 O3 N2 S1,38,24,3,2,-9999,1,-9999,N/A
2021,587.14344,587.1434199827904,587.1436203048991,6348547.5,-9999,252115.2,43.28,-1,-0.3411807634658675,0.9624291499979152,0.984839626471558,0.9713933405873724,15,1.0740740740740742,0.4074074074074074,N2 P1 O11,de-protonated,0,-9999,C27 H29 O11 N2 P1,27,29,11,2,1,-9999,-9999,N/A
2021,587.14344,587.1434199827904,587.143348978739,6348547.5,-9999,252115.2,43.28,-1,0.12093137308932723,0.9978897603847036,0.9141294518364618,0.9643856369654068,1,2.1176470588235294,0.9411764705882352,N2 S2 O16,de-protonated,0,-9999,C17 H36 O16 N2 S2,17,36,16,2,-9999,2,-9999,N/A
2021,587.14344,587.1434199827904,587.1428359144891,6348547.5,-9999,252115.2,43.28,-1,0.9947635662463136,0.8656546740357439,0.996199275337346,0.9178725145563849,19,0.9333333333333332,0.16666666666666666,N4 S2 O5,de-protonated,0,-9999,C30 H28 O5 N4 S2,30,28,5,4,-9999,2,-9999,N/A
2021,587.14344,587.1434199827904,587.142968856219,6348547.5,-9999,252115.2,43.28,-1,0.7683419462534069,0.9221985888217664,0.9292865447793748,0.9250337712048098,6,1.736842105263158,0.6842105263157895,N4 S1 P1 O13,de-protonated,0,-9999,C19 H33 O13 N4 P1 S1,19,33,13,4,1,1,-9999,N/A
2022,587.164603,587.1645829847573,587.1651297954791,2166548.3,-9999,366758.8,13.68,-1,-0.9312724717395264,0.8543923923717448,0,0.5126354354230469,5,1.6363636363636365,0.7272727272727273,S1 O16,de-protonated,0,-9999,C22 H36 O16 S1,22,36,16,-9999,-9999,1,-9999,N/A
2022,587.164603,587.1645829847573,587.1646167312291,2166548.3,-9999,366758.8,13.68,-1,-0.05747361272168846,0.9994008153501568,0,0.5996404892100939,23,0.8,0.14285714285714285,N2 S1 O5,de-protonated,0,-9999,C35 H28 O5 N2 S1,35,28,5,2,-9999,1,-9999,N/A
2022,587.164603,587.1645829847573,587.164749672959,2166548.3,-9999,366758.8,13.68,-1,-0.28388659538743133,0.9854831605266332,0,0.59128989631598,10,1.375,0.5416666666666666,N2 P1 O13,de-protonated,0,-9999,C24 H33 O13 N2 P1,24,33,13,2,1,-9999,-9999,N/A
2022,587.164603,587.1645829847573,587.164236608709,2166548.3,-9999,366758.8,13.68,-1,0.5899133951960212,0.4694042569357228,0.7141928963326544,0.5673197126944954,28,0.6756756756756757,0.05405405405405406,N4 P1 O2,de-protonated,0,-9999,C37 H25 O2 N4 P1,37,25,2,4,1,-9999,-9999,N/A
2022,587.164603,587.1645829847573,587.164098224279,2166548.3,-9999,366758.8,13.68,-1,0.8255962512176555,0.8836651404717054,0,0.5301990842830232,1,2.3125,0.9375,N4 S1 P1 O15,de-protonated,0,-9999,C16 H37 O15 N4 P1 S1,16,37,15,4,1,1,-9999,N/A
2023,587.179896,587.1798759861786,587.1803859367691,5902112,-9999,264731,40.12,-1,-0.8684734755109841,0.8842381070474001,0.9675856170304736,0.9175771110406296,9,1.3846153846153846,0.5,S1 O13,de-protonated,0,-9999,C26 H36 O13 S1,26,36,13,-9999,-9999,1,-9999,N/A
2023,587.179896,587.1798759861786,587.179872872519,5902112,-9999,264731,40.12,-1,0.00530273548048246,0.9991648013862802,0.9552287343605854,0.9815903745760022,27,0.717948717948718,0.05128205128205128,N2 S1 O2,de-protonated,0,-9999,C39 H28 O2 N2 S1,39,28,2,2,-9999,1,-9999,N/A
2023,587.179896,587.1798759861786,587.1800058142491,5902112,-9999,264731,40.12,-1,-0.2211043789180575,0.99404922343422,0.9805447095581912,0.9886474178838084,14,1.1785714285714286,0.35714285714285715,N2 P1 O10,de-protonated,0,-9999,C28 H33 O10 N2 P1,28,33,10,2,1,-9999,-9999,N/A
2023,587.179896,587.1798759861786,587.179734488089,5902112,-9999,264731,40.12,-1,0.24097917762216836,0.9849107334093978,0.9110563866083592,0.9553689946889824,0,2.2222222222222223,0.8333333333333334,N2 S2 O15,de-protonated,0,-9999,C18 H40 O15 N2 S2,18,40,15,2,-9999,2,-9999,N/A
2023,587.179896,587.1798759861786,587.1793543655691,5902112,-9999,264731,40.12,-1,0.8883497104747123,0.8537220775887484,0.9259426991571889,0.8826103262161246,5,1.85,0.6,N4 S1 P1 O12,de-protonated,0,-9999,C20 H37 O12 N4 P1 S1,20,37,12,4,1,1,-9999,N/A
2024,587.216331,587.2163109895648,587.216771446119,4541244.5,-9999,223891.2,30.49,-1,-0.7841338608523178,0.447215904789485,0.7739790330151771,0.5779211560797619,8,1.4814814814814814,0.4444444444444444,S1 O12,de-protonated,0,-9999,C27 H40 O12 S1,27,40,12,-9999,-9999,1,-9999,N/A
2024,587.216331,587.2163109895648,587.2162583818689,4541244.5,-9999,223891.2,30.49,-1,0.08958828228867552,0.4992723709073375,0.6980173569463056,0.5787703653229248,26,0.8,0.025,N2 S1 O1,de-protonated,0,-9999,C40 H32 O1 N2 S1,40,32,1,2,-9999,1,-9999,N/A
2024,587.216331,587.2163109895648,587.216391323599,4541244.5,-9999,223891.2,30.49,-1,-0.1368048225904673,0.49830492295568535,0.7612342259156646,0.603476644139677,13,1.2758620689655171,0.3103448275862069,N2 P1 O9,de-protonated,0,-9999,C29 H37 O9 N2 P1,29,37,9,2,1,-9999,-9999,N/A
2024,587.216331,587.2163109895648,587.215739874919,4541244.5,-9999,223891.2,30.49,-1,0.9725806156765172,0.42114341016988366,0.8149093904448103,0.5786498022798543,4,1.9523809523809523,0.5238095238095238,N4 S1 P1 O11,de-protonated,0,-9999,C21 H41 O11 N4 P1 S1,21,41,11,4,1,1,-9999,N/A
2025,587.252653,587.2526329929406,587.2531569554691,2452312.8,-9999,308703.7,15.7,-1,-0.8922259885922202,0.865502210523907,0,0.5193013263143441,7,1.5714285714285714,0.3928571428571429,S1 O11,de-protonated,0,-9999,C28 H44 O11 S1,28,44,11,-9999,-9999,1,-9999,N/A
2025,587.252653,587.2526329929406,587.252776832949,2452312.8,-9999,308703.7,15.7,-1,-0.24493712786936184,0.9891731684859018,0,0.593503901091541,12,1.3666666666666667,0.26666666666666666,N2 P1 O8,de-protonated,0,-9999,C30 H41 O8 N2 P1,30,41,8,2,1,-9999,-9999,N/A
2025,587.252653,587.2526329929406,587.2521253842691,2452312.8,-9999,308703.7,15.7,-1,0.864379453923847,0.8732182801065972,0,0.5239309680639583,3,2.0454545454545454,0.4545454545454546,N4 S1 P1 O10,de-protonated,0,-9999,C22 H45 O10 N4 P1 S1,22,45,10,4,1,1,-9999,N/A
2026,588.073961,588.0739410692726,588.073359371989,2073048.3,-9999,331665.9,13.02,-1,0.9891576863570392,0.8373313828058545,0,0.5023988296835127,29,0.5135135135135135,0.08108108108108109,N1 S2 O3,de-protonated,0,-9999,C37 H19 O3 N1 S2,37,19,3,1,-9999,2,-9999,N/A
2026,588.073961,588.0739410692726,588.073492313719,2073048.3,-9999,331665.9,13.02,-1,0.7630943400544297,0.8997305730448539,0,0.5398383438269123,16,0.9230769230769232,0.4230769230769231,N1 S1 P1 O11,de-protonated,0,-9999,C26 H24 O11 N1 P1 S1,26,24,11,1,1,1,-9999,N/A
2026,588.073961,588.0739410692726,588.0740711795391,2073048.3,-9999,331665.9,13.02,-1,-0.2212480926443161,0.9911572852571082,0.9365006629384396,0.9692946363296407,30,0.45714285714285713,0.14285714285714285,13C1 N2 S1 O5,de-protonated,1,2018,C35 H16 O5 N2 S1 13C1,35,16,5,2,-9999,1,1,N/A
2026,588.073961,588.0739410692726,588.0742041212691,2073048.3,-9999,331665.9,13.02,-1,-0.4473108914977782,0.9643456125281092,0.9960941131493406,0.9770450127766016,17,0.875,0.5416666666666666,13C1 N2 P1 O13,de-protonated,1,2018,C24 H21 O13 N2 P1 13C1,24,21,13,2,1,-9999,1,N/A
2026,588.073961,588.0739410692726,588.074340466889,2073048.3,-9999,331665.9,13.02,-1,-0.6791617810032712,0.9197115850886104,0,0.5518269510531661,17,0.7916666666666666,0.625,N3 O15,de-protonated,0,-9999,C24 H19 O15 N3,24,19,15,3,-9999,-9999,-9999,N/A
2026,588.073961,588.0739410692726,588.073691057019,2073048.3,-9999,331665.9,13.02,-1,0.4251376270718442,0.9677365393770804,0.9254664151852308,0.9508284897003404,35,0.35135135135135137,0.05405405405405406,13C1 N4 P1 O2,de-protonated,1,2018,C37 H13 O2 N4 P1 13C1,37,13,2,4,1,-9999,1,N/A
2026,588.073961,588.0739410692726,588.073552672589,2073048.3,-9999,331665.9,13.02,-1,0.6604559613032606,0.9239029052080362,0.938562766733948,0.9297668498184009,8,1.5625,0.9375,13C1 N4 S1 P1 O15,de-protonated,1,2018,C16 H25 O15 N4 P1 S1 13C1,16,25,15,4,1,1,1,N/A
2027,588.110302,588.1102820726501,588.109744881339,2089460.6,-9999,288205.2,13.13,-1,0.9134201834905564,0.4297565342704211,0.7087183895694521,0.5413412763900336,28,0.6052631578947368,0.05263157894736842,N1 S2 O2,de-protonated,0,-9999,C38 H23 O2 N1 S2,38,23,2,1,-9999,2,-9999,N/A
2027,588.110302,588.1102820726501,588.109877823069,2089460.6,-9999,288205.2,13.13,-1,0.687370840521313,0.9178414328175064,0,0.5507048596905039,15,1.037037037037037,0.3703703703703703,N1 S1 P1 O10,de-protonated,0,-9999,C27 H28 O10 N1 P1 S1,27,28,10,1,1,1,-9999,N/A
2027,588.110302,588.1102820726501,588.110456688889,2089460.6,-9999,288205.2,13.13,-1,-0.2969106176652247,0.984131478055148,0.9294748750387376,0.962268836848584,29,0.5555555555555556,0.1111111111111111,13C1 N2 S1 O4,de-protonated,1,2019,C36 H20 O4 N2 S1 13C1,36,20,4,2,-9999,1,1,N/A
2027,588.110302,588.1102820726501,588.110589630619,2089460.6,-9999,288205.2,13.13,-1,-0.5229594132530875,0.9515873682706094,0.995794799218903,0.9692703406499268,16,1,0.48,13C1 N2 P1 O12,de-protonated,1,2019,C25 H25 O12 N2 P1 13C1,25,25,12,2,1,-9999,1,N/A
2027,588.110302,588.1102820726501,588.110725976239,2089460.6,-9999,288205.2,13.13,-1,-0.7547959411545617,0.9017892935342778,0,0.5410735761205667,16,0.92,0.56,N3 O14,de-protonated,0,-9999,C25 H23 O14 N3,25,23,14,3,-9999,-9999,-9999,N/A
2027,588.110302,588.1102820726501,588.110076566369,2089460.6,-9999,288205.2,13.13,-1,0.3494350620153994,0.9780878694647162,0.918609150609962,0.9542963819228144,34,0.4473684210526316,0.02631578947368421,13C1 N4 P1 O1,de-protonated,1,2019,C38 H17 O1 N4 P1 13C1,38,17,1,4,1,-9999,1,N/A
2027,588.110302,588.1102820726501,588.1098052402092,2089460.6,-9999,288205.2,13.13,-1,0.8107881158123555,0.8875590186384691,0.9765162046217476,0.9231418930317804,20,0.8571428571428571,0.21428571428571427,13C1 N4 S2 O6,de-protonated,1,2019,C28 H24 O6 N4 S2 13C1,28,24,6,4,-9999,2,1,N/A
2027,588.110302,588.1102820726501,588.1099381819391,2089460.6,-9999,288205.2,13.13,-1,0.5847388194361941,0.9398445011296076,0.9476759703589824,0.9429770888213576,7,1.7058823529411764,0.8235294117647058,13C1 N4 S1 P1 O14,de-protonated,1,2019,C17 H29 O14 N4 P1 S1 13C1,17,29,14,4,1,1,1,N/A
2028,588.146669,588.1466490760299,588.146130390689,2017809.1,-9999,320686.3,12.62,-1,0.8818987563121724,0.8683843315047615,0,0.5210305989028569,27,0.6923076923076923,0.02564102564102564,N1 S2 O1,de-protonated,0,-9999,C39 H27 O1 N1 S2,39,27,1,1,-9999,2,-9999,N/A
2028,588.146669,588.1466490760299,588.146263332419,2017809.1,-9999,320686.3,12.62,-1,0.6558634049492833,0.9249168962960076,0,0.5549501377776046,14,1.1428571428571428,0.32142857142857145,N1 S1 P1 O9,de-protonated,0,-9999,C28 H32 O9 N1 P1 S1,28,32,9,1,1,1,-9999,N/A
2028,588.146669,588.1466490760299,588.146842198239,2017809.1,-9999,320686.3,12.62,-1,-0.3283571299810086,0.9806266156614082,0.949899730082717,0.9683358614299318,28,0.6486486486486487,0.08108108108108109,13C1 N2 S1 O3,de-protonated,1,2021,C37 H24 O3 N2 S1 13C1,37,24,3,2,-9999,1,1,N/A
2028,588.146669,588.1466490760299,588.1469751399691,2017809.1,-9999,320686.3,12.62,-1,-0.5543919342235442,0.9457582149295628,0.984839626471558,0.9613907795463608,15,1.1153846153846154,0.4230769230769231,13C1 N2 P1 O11,de-protonated,1,2021,C26 H29 O11 N2 P1 13C1,26,29,11,2,1,-9999,1,N/A
2028,588.146669,588.1466490760299,588.1467038138092,2017809.1,-9999,320686.3,12.62,-1,-0.0930682411077248,0.9984295807676768,0.9141294518364618,0.9647095291951908,1,2.25,1,13C1 N2 S2 O16,de-protonated,1,2021,C16 H36 O16 N2 S2 13C1,16,36,16,2,-9999,2,1,N/A
2028,588.146669,588.1466490760299,588.147111485589,2017809.1,-9999,320686.3,12.62,-1,-0.7862141121616126,0.8939017995826473,0,0.5363410797495883,15,1.0384615384615383,0.5,N3 O13,de-protonated,0,-9999,C26 H27 O13 N3,26,27,13,3,-9999,-9999,-9999,N/A
2028,588.146669,588.1466490760299,588.1461907495591,2017809.1,-9999,320686.3,12.62,-1,0.7792730413680393,0.8956659996346937,0.996199275337346,0.9358793099157546,19,0.9655172413793104,0.1724137931034483,13C1 N4 S2 O5,de-protonated,1,2021,C29 H28 O5 N4 S2 13C1,29,28,5,4,-9999,2,1,N/A
2028,588.146669,588.1466490760299,588.146323691289,2017809.1,-9999,320686.3,12.62,-1,0.5532377365924777,0.94597762627592,0.9292865447793748,0.939301193677302,6,1.8333333333333333,0.7222222222222222,13C1 N4 S1 P1 O13,de-protonated,1,2021,C18 H33 O13 N4 P1 S1 13C1,18,33,13,4,1,1,1,N/A
2029,588.183304,588.1832840794348,588.1837407718391,1987373.8,-9999,276373.8,12.41,-1,-0.776445135542425,0.8963812681994836,0.9675856170304736,0.9248630077318796,9,1.44,0.52,13C1 S1 O13,de-protonated,1,2023,C25 H36 O13 S1 13C1,25,36,13,-9999,-9999,1,1,N/A
2029,588.183304,588.1832840794348,588.183227707589,1987373.8,-9999,276373.8,12.41,-1,0.09584062089624353,0.9983347049158036,0.9552287343605854,0.9810923166937164,27,0.7368421052631579,0.05263157894736842,13C1 N2 S1 O2,de-protonated,1,2023,C38 H28 O2 N2 S1 13C1,38,28,2,2,-9999,1,1,N/A
2029,588.183304,588.1832840794348,588.1833606493191,1987373.8,-9999,276373.8,12.41,-1,-0.13018029652383706,0.9969297284687708,0.9805447095581912,0.990375720904539,14,1.2222222222222223,0.3703703703703703,13C1 N2 P1 O10,de-protonated,1,2023,C27 H33 O10 N2 P1 13C1,27,33,10,2,1,-9999,1,N/A
2029,588.183304,588.1832840794348,588.183089323159,1987373.8,-9999,276373.8,12.41,-1,0.3311150545936313,0.980303048292017,0.9110563866083592,0.9526043836185538,0,2.3529411764705883,0.8823529411764706,13C1 N2 S2 O15,de-protonated,1,2023,C17 H40 O15 N2 S2 13C1,17,40,15,2,-9999,2,1,N/A
2029,588.183304,588.1832840794348,588.183496994939,1987373.8,-9999,276373.8,12.41,-1,-0.3619882320891308,0.9765042115834448,0,0.5859025269500668,14,1.148148148148148,0.4444444444444444,N3 O12,de-protonated,0,-9999,C27 H31 O12 N3,27,31,12,3,-9999,-9999,-9999,N/A
2029,588.183304,588.1832840794348,588.1827092006391,1987373.8,-9999,276373.8,12.41,-1,0.977381324975717,0.8408573452631659,0.9259426991571889,0.8748914868207751,5,1.9473684210526316,0.631578947368421,13C1 N4 S1 P1 O12,de-protonated,1,2023,C19 H37 O12 N4 P1 S1 13C1,19,37,12,4,1,1,1,N/A
2030,589.050072,589.0500521599918,589.0504939638291,4934869.5,-9999,267833.9,33.26,-1,-0.7500271061458536,0.45148214886453114,0.8077896627745539,0.5940051544285403,12,1,0.7727272727272727,S1 O17,de-protonated,0,-9999,C22 H22 O17 S1,22,22,17,-9999,-9999,1,-9999,N/A
2030,589.050072,589.0500521599918,589.049980899579,4934869.5,-9999,267833.9,33.26,-1,0.12097515494591826,0.4986740116760291,0.7253996187124169,0.5893642544905842,30,0.4,0.17142857142857143,N2 S1 O6,de-protonated,0,-9999,C35 H14 O6 N2 S1,35,14,6,2,-9999,1,-9999,N/A
2030,589.050072,589.0500521599918,589.050113841309,4934869.5,-9999,267833.9,33.26,-1,-0.1047131912390746,0.49900620989581645,0.7939170211058493,0.6169705343798296,17,0.7916666666666666,0.5833333333333334,N2 P1 O14,de-protonated,0,-9999,C24 H19 O14 N2 P1,24,19,14,2,1,-9999,-9999,N/A
2031,589.084064,589.0840441631509,589.0843775497291,2127600.3,-9999,324394.2,13.4,-1,-0.5659402810233211,0.9435405755682216,0,0.566124345340933,15,0.9629629629629628,0.4074074074074074,S2 O11,de-protonated,0,-9999,C27 H26 O11 S2,27,26,11,-9999,-9999,2,-9999,N/A
2031,589.084064,589.0840441631509,589.0835081698591,2127600.3,-9999,324394.2,13.4,-1,0.9098765868877028,0.8605213053489094,0,0.5163127832093456,16,0.8461538461538461,0.6153846153846154,O16,de-protonated,0,-9999,C26 H22 O16,26,22,16,-9999,-9999,-9999,-9999,N/A
2031,589.084064,589.0840441631509,589.083997427209,2127600.3,-9999,324394.2,13.4,-1,0.07933663459693452,0.9988585591851116,0,0.599315135511067,20,0.7931034482758621,0.27586206896551724,N2 S1 P1 O8,de-protonated,0,-9999,C29 H23 O8 N2 P1 S1,29,23,8,2,1,1,-9999,N/A
2032,589.086397,589.0863771633678,589.086879473179,9659634,-9999,261204.9,66.7,-1,-0.8526922406030327,0.4382018510687841,0.8007932653391621,0.5832384167769353,11,1.1304347826086956,0.6956521739130435,S1 O16,de-protonated,0,-9999,C23 H26 O16 S1,23,26,16,-9999,-9999,1,-9999,N/A
2032,589.086397,589.0863771633678,589.086366408929,9659634,-9999,261204.9,66.7,-1,0.01825613255273864,0.9850651217972468,0.9397754459795054,0.9669492514701502,29,0.5,0.1388888888888889,N2 S1 O5,de-protonated,0,-9999,C36 H18 O5 N2 S1,36,18,5,2,-9999,1,-9999,N/A
2032,589.086397,589.0863771633678,589.086499350659,9659634,-9999,261204.9,66.7,-1,-0.2074182505876353,0.960976970367549,0.9928193301082748,0.9737139142638394,16,0.92,0.52,N2 P1 O13,de-protonated,0,-9999,C25 H23 O13 N2 P1,25,23,13,2,1,-9999,-9999,N/A
2032,589.086397,589.0863771633678,589.085986286409,9659634,-9999,261204.9,66.7,-1,0.6635312465706102,0.9565918011394776,0.9287411982262964,0.945451559974205,34,0.3947368421052632,0.05263157894736842,N4 P1 O2,de-protonated,0,-9999,C38 H15 O2 N4 P1,38,15,2,4,1,-9999,-9999,N/A
2032,589.086397,589.0863771633678,589.085847901979,9659634,-9999,261204.9,66.7,-1,0.898445261740529,0.9122081658035496,0.9352879836928822,0.9214400929592826,7,1.588235294117647,0.8823529411764706,N4 S1 P1 O15,de-protonated,0,-9999,C17 H27 O15 N4 P1 S1,17,27,15,4,1,1,-9999,N/A
2033,589.122807,589.1227871667517,589.123264982529,8979727,-9999,277092.3,61.89,-1,-0.8110624817347414,0.8689757190114076,0.9652410260581176,0.9074818418300916,10,1.25,0.625,S1 O15,de-protonated,0,-9999,C24 H30 O15 S1,24,30,15,-9999,-9999,1,-9999,N/A
2033,589.122807,589.1227871667517,589.122751918279,8979727,-9999,277092.3,61.89,-1,0.0598321360002273,0.9991598562319411,0.9550348491686876,0.9815098534066398,28,0.5945945945945946,0.10810810810810811,N2 S1 O4,de-protonated,0,-9999,C37 H22 O4 N2 S1,37,22,4,2,-9999,1,-9999,N/A
2033,589.122807,589.1227871667517,589.1228848600091,8979727,-9999,277092.3,61.89,-1,-0.16582831857495922,0.9893764149787576,0.9786452266511472,0.9850839396477132,15,1.0384615384615383,0.4615384615384616,N2 P1 O12,de-protonated,0,-9999,C26 H27 O12 N2 P1,26,27,12,2,1,-9999,-9999,N/A
2033,589.122807,589.1227871667517,589.1223717957589,8979727,-9999,277092.3,61.89,-1,0.7050674234096461,0.9283716452824858,0.944169124739912,0.9346906370654564,33,0.4871794871794872,0.02564102564102564,N4 P1 O1,de-protonated,0,-9999,C39 H19 O1 N4 P1,39,19,1,4,1,-9999,-9999,N/A
2033,589.122807,589.1227871667517,589.122233411329,8979727,-9999,277092.3,61.89,-1,0.9399669393273932,0.8706982965674467,0.9221159962290324,0.891265376432081,6,1.7222222222222223,0.7777777777777778,N4 S1 P1 O14,de-protonated,0,-9999,C18 H31 O14 N4 P1 S1,18,31,14,4,1,1,-9999,N/A
2034,589.159186,589.1591661701327,589.159650491879,8580395,-9999,269973.1,59.06,-1,-0.8220551863667604,0.4423005646625973,0.7871578612348809,0.5802434832915108,9,1.36,0.56,S1 O14,de-protonated,0,-9999,C25 H34 O14 S1,25,34,14,-9999,-9999,1,-9999,N/A
2034,589.159186,589.1591661701327,589.1591374276289,8580395,-9999,269973.1,59.06,-1,0.0487856369542376,0.9975842706707628,0.9362453635943878,0.9730487078402128,27,0.6842105263157895,0.07894736842105263,N2 S1 O3,de-protonated,0,-9999,C38 H26 O3 N2 S1,38,26,3,2,-9999,1,-9999,N/A
2034,589.159186,589.1591661701327,589.159270369359,8580395,-9999,269973.1,59.06,-1,-0.17686087870912395,0.9841623242764131,0.9984939929598872,0.9898949917498028,14,1.148148148148148,0.4074074074074074,N2 P1 O11,de-protonated,0,-9999,C27 H31 O11 N2 P1,27,31,11,2,1,-9999,-9999,N/A
2034,589.159186,589.1591661701327,589.1589990431991,8580395,-9999,269973.1,59.06,-1,0.2836703401502512,0.9921924166603366,0.9277838183247908,0.9664289773261184,0,2.235294117647059,0.9411764705882352,N2 S2 O16,de-protonated,0,-9999,C17 H38 O16 N2 S2,17,38,16,2,-9999,2,-9999,N/A
2034,589.159186,589.1591661701327,589.158618920679,8580395,-9999,269973.1,59.06,-1,0.9288660746259408,0.882334951423146,0.942940911267704,0.9065773353609692,5,1.8421052631578947,0.6842105263157895,N4 S1 P1 O13,de-protonated,0,-9999,C19 H35 O13 N4 P1 S1,19,35,13,4,1,1,-9999,N/A
2035,589.195504,589.1954841735081,589.196036001229,8133960,-9999,264963.4,55.9,-1,-0.9365774498663088,0.8629420089726644,0.9960426872967376,0.9161822803022937,8,1.4615384615384617,0.5,S1 O13,de-protonated,0,-9999,C26 H38 O13 S1,26,38,13,-9999,-9999,1,-9999,N/A
2035,589.195504,589.1954841735081,589.1955229369789,8133960,-9999,264963.4,55.9,-1,-0.0657905046604063,0.9996058428362136,0.9267716640943212,0.9704721713394566,26,0.7692307692307693,0.05128205128205128,N2 S1 O2,de-protonated,0,-9999,C39 H30 O2 N2 S1,39,30,2,2,-9999,1,-9999,N/A
2035,589.195504,589.1954841735081,589.1956558787091,8133960,-9999,264963.4,55.9,-1,-0.2914230599668184,0.98794171141685,0.9909982201755444,0.9891643149203276,13,1.25,0.35714285714285715,N2 P1 O10,de-protonated,0,-9999,C28 H35 O10 N2 P1,28,35,10,2,1,-9999,-9999,N/A
2035,589.195504,589.1954841735081,589.1950044300291,8133960,-9999,264963.4,55.9,-1,0.8142354829617121,0.87740152346161,0.954399769423453,0.9082008218463472,4,1.95,0.6,N4 S1 P1 O12,de-protonated,0,-9999,C20 H39 O12 N4 P1 S1,20,39,12,4,1,1,-9999,N/A
2036,589.231894,589.2318741768902,589.232421510579,5801316.5,-9999,263552.6,39.39,-1,-0.9288926895965216,0.4275394729003584,0.7739790330151771,0.5661152969462859,7,1.5555555555555556,0.4444444444444444,S1 O12,de-protonated,0,-9999,C27 H42 O12 S1,27,42,12,-9999,-9999,1,-9999,N/A
2036,589.231894,589.2318741768902,589.2319084463289,5801316.5,-9999,263552.6,39.39,-1,-0.05815950944187793,0.499693216474784,0.6980173569463055,0.5790228726633926,25,0.85,0.025,N2 S1 O1,de-protonated,0,-9999,C40 H34 O1 N2 S1,40,34,1,2,-9999,1,-9999,N/A
2036,589.231894,589.2318741768902,589.2320413880591,5801316.5,-9999,263552.6,39.39,-1,-0.2837781334947321,0.4927470851014799,0.7612342259156645,0.6001419414271538,12,1.3448275862068966,0.3103448275862069,N2 P1 O9,de-protonated,0,-9999,C29 H39 O9 N2 P1,29,39,9,2,1,-9999,-9999,N/A
2036,589.231894,589.2318741768902,589.231389939379,5801316.5,-9999,263552.6,39.39,-1,0.8218121427800285,0.442332630160954,0.8149093904448103,0.5913633342744965,3,2.047619047619047,0.5238095238095238,N4 S1 P1 O11,de-protonated,0,-9999,C21 H43 O11 N4 P1 S1,21,43,11,4,1,1,-9999,N/A
2037,589.268158,589.2681381802605,589.2684268974091,2063489.1,-9999,318424.6,12.94,-1,-0.4899586256441481,0.9573765720440136,0,0.5744259432264082,11,1.4333333333333331,0.26666666666666666,N2 P1 O8,de-protonated,0,-9999,C30 H43 O8 N2 P1,30,43,8,2,1,-9999,-9999,N/A
2037,589.268158,589.2681381802605,589.2676425069991,2063489.1,-9999,318424.6,12.94,-1,0.8411683005417677,0.879513312734781,0,0.5277079876408686,15,1.2727272727272727,0.06060606060606061,N4 S2 O2,de-protonated,0,-9999,C33 H42 O2 N4 S2,33,42,2,4,-9999,2,-9999,N/A
2037,589.268158,589.2681381802605,589.267775448729,2063489.1,-9999,318424.6,12.94,-1,0.6155631558256599,0.9335561450822206,0,0.5601336870493323,2,2.136363636363636,0.4545454545454546,N4 S1 P1 O10,de-protonated,0,-9999,C22 H47 O10 N4 P1 S1,22,47,10,4,1,1,-9999,N/A
2038,589.268806,589.2687861803208,589.2688070199291,2041473.8,-9999,267223,12.79,-1,-0.03536519841933681,0.9997730883736758,0,0.5998638530242055,6,1.6428571428571428,0.3928571428571429,S1 O11,de-protonated,0,-9999,C28 H46 O11 S1,28,46,11,-9999,-9999,1,-9999,N/A
2038,589.268806,589.2687861803208,589.269296277279,2041473.8,-9999,267223,12.79,-1,-0.8656431980184417,0.8728719410770083,0,0.5237231646462049,10,1.5161290322580645,0.0967741935483871,N2 S2 P1 O3,de-protonated,0,-9999,C31 H47 O3 N2 P1 S2,31,47,3,2,1,2,-9999,N/A
2038,589.268806,589.2687861803208,589.2684268974091,2041473.8,-9999,267223,12.79,-1,0.6097101004321939,0.9347717500271976,0,0.5608630500163184,11,1.4333333333333331,0.26666666666666666,N2 P1 O8,de-protonated,0,-9999,C30 H43 O8 N2 P1,30,43,8,2,1,-9999,-9999,N/A
2039,590.081526,590.0815062558546,590.081615381129,1932804,-9999,261706.5,12.01,-1,-0.18493251033424457,0.9938136635376508,0,0.5962881981225904,29,0.4857142857142857,0.14285714285714285,N3 S1 O5,de-protonated,0,-9999,C35 H17 O5 N3 S1,35,17,5,3,-9999,1,-9999,N/A
2039,590.081526,590.0815062558546,590.0817483228591,1932804,-9999,261706.5,12.01,-1,-0.41022621893744854,0.969926297722936,0,0.5819557786337616,16,0.9166666666666666,0.5416666666666666,N3 P1 O13,de-protonated,0,-9999,C24 H22 O13 N3 P1,24,22,13,3,1,-9999,-9999,N/A
2040,590.0895,590.0894802565957,590.089009436449,2724874.3,-9999,329296,17.62,-1,0.7978798777119354,0.4454547333169323,0.7141928963326544,0.5529499985232211,28,0.5675675675675675,0.08108108108108109,N1 S2 O3,de-protonated,0,-9999,C37 H21 O3 N1 S2,37,21,3,1,-9999,2,-9999,N/A
2040,590.0895,590.0894802565957,590.089142378179,2724874.3,-9999,329296,17.62,-1,0.5725887709038537,0.9422455351405694,0,0.5653473210843416,15,1,0.4230769230769231,N1 S1 P1 O11,de-protonated,0,-9999,C26 H26 O11 N1 P1 S1,26,26,11,1,1,1,-9999,N/A
2040,590.0895,590.0894802565957,590.0897212439991,2724874.3,-9999,329296,17.62,-1,-0.4083911220087398,0.9701907161410066,0.9397754459795054,0.958024608076406,29,0.5142857142857142,0.14285714285714285,13C1 N2 S1 O5,de-protonated,1,2032,C35 H18 O5 N2 S1 13C1,35,18,5,2,-9999,1,1,N/A
2040,590.0895,590.0894802565957,590.0898541857291,2724874.3,-9999,329296,17.62,-1,-0.633681685486047,0.9297298957350398,0.9928193301082748,0.9549656694843338,16,0.9583333333333334,0.5416666666666666,13C1 N2 P1 O13,de-protonated,1,2032,C24 H23 O13 N2 P1 13C1,24,23,13,2,1,-9999,1,N/A
2040,590.0895,590.0894802565957,590.089990531349,2724874.3,-9999,329296,17.62,-1,-0.8647405675372237,0.8731193516929057,0,0.5238716110157434,16,0.875,0.625,N3 O15,de-protonated,0,-9999,C24 H21 O15 N3,24,21,15,3,-9999,-9999,-9999,N/A
2040,590.0895,590.0894802565957,590.089341121479,2724874.3,-9999,329296,17.62,-1,0.23578652754282073,0.9899630183894784,0.9287411982262964,0.9654742903242056,34,0.40540540540540543,0.05405405405405406,13C1 N4 P1 O2,de-protonated,1,2032,C37 H15 O2 N4 P1 13C1,37,15,2,4,1,-9999,1,N/A
2040,590.0895,590.0894802565957,590.089202737049,2724874.3,-9999,329296,17.62,-1,0.47030100768470967,0.9606613056258348,0.9352879836928822,0.950511976852654,7,1.6875,0.9375,13C1 N4 S1 P1 O15,de-protonated,1,2032,C16 H27 O15 N4 P1 S1 13C1,16,27,15,4,1,1,1,N/A
2041,590.11778,590.117760259224,590.118000890479,2165280.8,-9999,278337.9,13.66,-1,-0.4077680305183136,0.97028024388799,0,0.582168146332794,28,0.5833333333333334,0.1111111111111111,N3 S1 O4,de-protonated,0,-9999,C36 H21 O4 N3 S1,36,21,4,3,-9999,1,-9999,N/A
2041,590.11778,590.117760259224,590.1181338322091,2165280.8,-9999,278337.9,13.66,-1,-0.6330477977595957,0.9298653642856132,0,0.5579192185713678,15,1.04,0.48,N3 P1 O12,de-protonated,0,-9999,C25 H26 O12 N3 P1,25,26,12,3,1,-9999,-9999,N/A
2042,590.126082,590.1260622599956,590.1266198175991,2848807.3,-9999,352952.7,18.49,-1,-0.9448101217920406,0.8504640790126161,0.9652410260581176,0.8963748578308167,10,1.3043478260869563,0.6521739130434783,13C1 S1 O15,de-protonated,1,2033,C23 H30 O15 S1 13C1,23,30,15,-9999,-9999,1,1,N/A
2042,590.126082,590.1260622599956,590.1255278875291,2848807.3,-9999,352952.7,18.49,-1,0.905523386576749,0.8617561372706819,0,0.5170536823624091,14,1.1111111111111112,0.3703703703703703,N1 S1 P1 O10,de-protonated,0,-9999,C27 H30 O10 N1 P1 S1,27,30,10,1,1,1,-9999,N/A
2042,590.126082,590.1260622599956,590.1261067533491,2848807.3,-9999,352952.7,18.49,-1,-0.0753963482749198,0.9989690668813612,0.9550348491686876,0.9813953797962918,28,0.6111111111111112,0.1111111111111111,13C1 N2 S1 O4,de-protonated,1,2033,C36 H22 O4 N2 S1 13C1,36,22,4,2,-9999,1,1,N/A
2042,590.126082,590.1260622599956,590.126239695079,2848807.3,-9999,352952.7,18.49,-1,-0.3006730957987226,0.9837300653608,0.9786452266511472,0.9816961298769388,15,1.08,0.48,13C1 N2 P1 O12,de-protonated,1,2033,C25 H27 O12 N2 P1 13C1,25,27,12,2,1,-9999,1,N/A
2042,590.126082,590.1260622599956,590.126376040699,2848807.3,-9999,352952.7,18.49,-1,-0.5317178085507401,0.9499937558801762,0,0.5699962535281057,15,1,0.56,N3 O14,de-protonated,0,-9999,C25 H25 O14 N3,25,25,14,3,-9999,-9999,-9999,N/A
2042,590.126082,590.1260622599956,590.1257266308289,2848807.3,-9999,352952.7,18.49,-1,0.568741797763509,0.9429965033082722,0.944169124739912,0.943465551880928,33,0.5,0.02631578947368421,13C1 N4 P1 O1,de-protonated,1,2033,C38 H19 O1 N4 P1 13C1,38,19,1,4,1,-9999,1,N/A
2042,590.126082,590.1260622599956,590.1255882463992,2848807.3,-9999,352952.7,18.49,-1,0.8032418960847694,0.8895227049319759,0.9221159962290324,0.9025600214507986,6,1.8235294117647056,0.8235294117647058,13C1 N4 S1 P1 O14,de-protonated,1,2033,C17 H31 O14 N4 P1 S1 13C1,17,31,14,4,1,1,1,N/A
2043,590.16242,590.1624002633728,590.1619133968791,2527300.3,-9999,265607,16.22,-1,0.8249710505711603,0.8838306164155886,0,0.5302983698493531,13,1.2142857142857142,0.32142857142857145,N1 S1 P1 O9,de-protonated,0,-9999,C28 H34 O9 N1 P1 S1,28,34,9,1,1,1,-9999,N/A
2043,590.16242,590.1624002633728,590.162492262699,2527300.3,-9999,265607,16.22,-1,-0.15588812806534166,0.9956003029418052,0.9362453635943878,0.9718583272028384,27,0.7027027027027027,0.08108108108108109,13C1 N2 S1 O3,de-protonated,1,2034,C37 H26 O3 N2 S1 13C1,37,26,3,2,-9999,1,1,N/A
2043,590.16242,590.1624002633728,590.1626252044291,2527300.3,-9999,265607,16.22,-1,-0.3811509687739792,0.9739842455986406,0.9984939929598872,0.9837881445431392,14,1.1923076923076923,0.4230769230769231,13C1 N2 P1 O11,de-protonated,1,2034,C26 H31 O11 N2 P1 13C1,26,31,11,2,1,-9999,1,N/A
2043,590.16242,590.1624002633728,590.1623538782691,2527300.3,-9999,265607,16.22,-1,0.07859719176650265,0.9988797253504812,0.9277838183247908,0.9704413625402052,0,2.375,1,13C1 N2 S2 O16,de-protonated,1,2034,C16 H38 O16 N2 S2 13C1,16,38,16,2,-9999,2,1,N/A
2043,590.16242,590.1624002633728,590.162761550049,2527300.3,-9999,265607,16.22,-1,-0.6121814180607345,0.9342597126653492,0,0.5605558275992095,14,1.1153846153846154,0.5,N3 O13,de-protonated,0,-9999,C26 H29 O13 N3,26,29,13,3,-9999,-9999,-9999,N/A
2043,590.16242,590.1624002633728,590.161973755749,2527300.3,-9999,265607,16.22,-1,0.7226958745149274,0.9095832855984006,0.942940911267704,0.922926335866122,5,1.9444444444444444,0.7222222222222222,13C1 N4 S1 P1 O13,de-protonated,1,2034,C18 H35 O13 N4 P1 S1 13C1,18,35,13,4,1,1,1,N/A
2044,590.1989,590.1988802667632,590.1993908362991,2340449,-9999,273729,14.9,-1,-0.8650797405385594,0.873026406573136,0.9960426872967376,0.9222329188625766,8,1.52,0.52,13C1 S1 O13,de-protonated,1,2035,C25 H38 O13 S1 13C1,25,38,13,-9999,-9999,1,1,N/A
2044,590.1989,590.1988802667632,590.1982989062291,2340449,-9999,273729,14.9,-1,0.9850257705713644,0.8385716395783902,0,0.5031429837470341,12,1.3103448275862069,0.27586206896551724,N1 S1 P1 O8,de-protonated,0,-9999,C29 H38 O8 N1 P1 S1,29,38,8,1,1,1,-9999,N/A
2044,590.1989,590.1988802667632,590.1988777720491,2340449,-9999,273729,14.9,-1,0.00422690431135517,0.999996758112372,0.9267716640943212,0.9707067205051516,26,0.7894736842105263,0.05263157894736842,13C1 N2 S1 O2,de-protonated,1,2035,C38 H30 O2 N2 S1 13C1,38,30,2,2,-9999,1,1,N/A
2044,590.1989,590.1988802667632,590.1990107137791,2340449,-9999,273729,14.9,-1,-0.22102208491538244,0.9911752620117577,0.9909982201755444,0.9911044452772724,13,1.2962962962962965,0.3703703703703703,13C1 N2 P1 O10,de-protonated,1,2035,C27 H35 O10 N2 P1 13C1,27,35,10,2,1,-9999,1,N/A
2044,590.1989,590.1988802667632,590.199147059399,2340449,-9999,273729,14.9,-1,-0.45203832827225376,0.9636019547561562,0,0.5781611728536937,13,1.2222222222222223,0.4444444444444444,N3 O12,de-protonated,0,-9999,C27 H33 O12 N3,27,33,12,3,-9999,-9999,-9999,N/A
2044,590.1989,590.1988802667632,590.198359265099,2340449,-9999,273729,14.9,-1,0.8827568833730968,0.8681457604726525,0.954399769423453,0.9026473640529726,4,2.0526315789473686,0.631578947368421,13C1 N4 S1 P1 O12,de-protonated,1,2035,C19 H39 O12 N4 P1 S1 13C1,19,39,12,4,1,1,1,N/A
2045,591.044532,591.0445123453558,591.045014660229,1976577.8,-9999,337197.6,12.32,-1,-0.8498758313302639,0.8771665663277564,0,0.5262999397966538,16,0.8,0.6,S1 O15,de-protonated,0,-9999,C25 H20 O15 S1,25,20,15,-9999,-9999,1,-9999,N/A
2045,591.044532,591.0445123453558,591.0445015959791,1976577.8,-9999,337197.6,12.32,-1,0.01818708511342738,0.9999399840072802,0,0.5999639904043681,34,0.3157894736842105,0.10526315789473684,N2 S1 O4,de-protonated,0,-9999,C38 H12 O4 N2 S1,38,12,4,2,-9999,1,-9999,N/A
2045,591.044532,591.0445123453558,591.044634537709,1976577.8,-9999,337197.6,12.32,-1,-0.20673963713333587,0.9922746464605796,0,0.5953647878763478,21,0.6296296296296297,0.4444444444444444,N2 P1 O12,de-protonated,0,-9999,C27 H17 O12 N2 P1,27,17,12,2,1,-9999,-9999,N/A
2045,591.044532,591.0445123453558,591.0439830890291,1976577.8,-9999,337197.6,12.32,-1,0.8954601380188482,0.864594712729911,0,0.5187568276379465,12,1.105263157894737,0.7368421052631579,N4 S1 P1 O14,de-protonated,0,-9999,C19 H21 O14 N4 P1 S1,19,21,14,4,1,1,-9999,N/A
2046,591.063456,591.0634363471146,591.063913430999,2284305,-9999,418965.9,14.49,-1,-0.8071612453525094,0.444252278625243,0.719752637322661,0.5544524221042102,29,0.4722222222222222,0.19444444444444445,P1 O7,de-protonated,0,-9999,C36 H17 O7 P1,36,17,7,-9999,1,-9999,-9999,N/A
2046,591.063456,591.0634363471146,591.063642104839,2284305,-9999,418965.9,14.49,-1,-0.3481143311118996,0.9782513843544454,0,0.5869508306126672,15,0.9230769230769232,0.4615384615384616,S2 O12,de-protonated,0,-9999,C26 H24 O12 S2,26,24,12,-9999,-9999,2,-9999,N/A
2046,591.063456,591.0634363471146,591.0631290405889,2284305,-9999,418965.9,14.49,-1,0.5199216641285381,0.47606726393161897,0.7033271719038787,0.566971227120523,33,0.41025641025641024,0.02564102564102564,N2 S2 O1,de-protonated,0,-9999,C39 H16 O1 N2 S2,39,16,1,2,-9999,2,-9999,N/A
2046,591.063456,591.0634363471146,591.0632619823191,2284305,-9999,418965.9,14.49,-1,0.295001917245477,0.9843332434924572,0,0.5905999460954743,20,0.75,0.32142857142857145,N2 S1 P1 O9,de-protonated,0,-9999,C28 H21 O9 N2 P1 S1,28,21,9,2,1,1,-9999,N/A
2047,591.065554,591.0655343473096,591.0656309640391,6339346.5,-9999,249969.5,43.19,-1,-0.1634619311590726,0.4975817303819304,0.7253996187124169,0.5887088857141249,29,0.45714285714285713,0.17142857142857143,N2 S1 O6,de-protonated,0,-9999,C35 H16 O6 N2 S1,35,16,6,2,-9999,1,-9999,N/A
2047,591.065554,591.0655343473096,591.065763905769,6339346.5,-9999,249969.5,43.19,-1,-0.3883805718884701,0.4865007654456089,0.7939170211058493,0.609467267709705,16,0.875,0.5833333333333334,N2 P1 O14,de-protonated,0,-9999,C24 H21 O14 N2 P1,24,21,14,2,1,-9999,-9999,N/A
2047,591.065554,591.0655343473096,591.065250841519,6339346.5,-9999,249969.5,43.19,-1,0.47965227233141966,0.4795570522766486,0.7141928963326545,0.5734113898990509,34,0.35135135135135137,0.08108108108108109,N4 P1 O3,de-protonated,0,-9999,C37 H13 O3 N4 P1,37,13,3,4,1,-9999,-9999,N/A
2047,591.065554,591.0655343473096,591.064979515359,6339346.5,-9999,249969.5,43.19,-1,0.9386987383950982,0.4261211190620705,0.7739790330151772,0.5652642846433132,20,0.7407407407407407,0.2962962962962963,N4 S2 O8,de-protonated,0,-9999,C27 H20 O8 N4 S2,27,20,8,4,-9999,2,-9999,N/A
2048,591.102096,591.1020763507057,591.102529537639,8786736,-9999,260500.8,60.51,-1,-0.7666807544914855,0.8817810770635883,0.987348407952656,0.9240080094192152,10,1.2173913043478262,0.6956521739130435,S1 O16,de-protonated,0,-9999,C23 H28 O16 S1,23,28,16,-9999,-9999,1,-9999,N/A
2048,591.102096,591.1020763507057,591.102016473389,8786736,-9999,260500.8,60.51,-1,0.10129777107036142,0.998996328194132,0.9316109640308428,0.9720421825288162,28,0.5555555555555556,0.1388888888888889,N2 S1 O5,de-protonated,0,-9999,C36 H20 O5 N2 S1,36,20,5,2,-9999,1,-9999,N/A
2048,591.102096,591.1020763507057,591.102149415119,8786736,-9999,260500.8,60.51,-1,-0.12360708444777664,0.9928419154071808,0.9990161879430628,0.9953116244215336,15,1,0.52,N2 P1 O13,de-protonated,0,-9999,C25 H25 O13 N2 P1,25,25,13,2,1,-9999,-9999,N/A
2048,591.102096,591.1020763507057,591.101636350869,8786736,-9999,260500.8,60.51,-1,0.7443725574640416,0.9191675334016955,0.920576716277634,0.919731206552071,33,0.4473684210526316,0.05263157894736842,N4 P1 O2,de-protonated,0,-9999,C38 H17 O2 N4 P1,38,17,2,4,1,-9999,-9999,N/A
2048,591.102096,591.1020763507057,591.1014979664391,8786736,-9999,260500.8,60.51,-1,0.9784855369777202,0.8592062088574268,0.9434524656415448,0.892904711571074,6,1.7058823529411764,0.8823529411764706,N4 S1 P1 O15,de-protonated,0,-9999,C17 H29 O15 N4 P1 S1,17,29,15,4,1,1,-9999,N/A
2049,591.138455,591.138435354085,591.138915046989,8076109,-9999,248477.3,55.48,-1,-0.8114723829314808,0.9336048131575578,0.9865753212378644,0.9547930163896804,9,1.3333333333333333,0.625,S1 O15,de-protonated,0,-9999,C24 H32 O15 S1,24,32,15,-9999,-9999,1,-9999,N/A
2049,591.138455,591.138435354085,591.1384019827391,8076109,-9999,248477.3,55.48,-1,0.05645267810273353,0.974742301349624,0.9337005539889408,0.9583256024053508,27,0.6486486486486487,0.10810810810810811,N2 S1 O4,de-protonated,0,-9999,C37 H24 O4 N2 S1,37,24,4,2,-9999,1,-9999,N/A
2049,591.138455,591.138435354085,591.1385349244691,8076109,-9999,248477.3,55.48,-1,-0.16843832408150092,0.9889638726605025,0.9999795218308938,0.993370132328659,14,1.1153846153846154,0.4615384615384616,N2 P1 O12,de-protonated,0,-9999,C26 H29 O12 N2 P1,26,29,12,2,1,-9999,-9999,N/A
2049,591.138455,591.138435354085,591.1380218602189,8076109,-9999,248477.3,55.48,-1,0.6994878535498494,0.4575235204242438,0.7033271719038788,0.5558449810160979,32,0.5384615384615384,0.02564102564102564,N4 P1 O1,de-protonated,0,-9999,C39 H21 O1 N4 P1,39,21,1,4,1,-9999,-9999,N/A
2049,591.138455,591.138435354085,591.1378834757891,8076109,-9999,248477.3,55.48,-1,0.9335864125170068,0.42686183996546057,0.8370420509349343,0.5909339243532501,5,1.8333333333333333,0.7777777777777778,N4 S1 P1 O14,de-protonated,0,-9999,C18 H33 O14 N4 P1 S1,18,33,14,4,1,1,-9999,N/A
2050,591.174795,591.1747753574624,591.175300556339,7943018,-9999,229977.7,54.54,-1,-0.8883978680031683,0.8969351491792441,0.9670702528938268,0.9249891906650772,8,1.44,0.56,S1 O14,de-protonated,0,-9999,C25 H36 O14 S1,25,36,14,-9999,-9999,1,-9999,N/A
2050,591.174795,591.1747753574624,591.174787492089,7943018,-9999,229977.7,54.54,-1,-0.02052629241881054,0.9955333422194744,0.9544902754407444,0.9791161155079824,26,0.7368421052631579,0.07894736842105263,N2 S1 O3,de-protonated,0,-9999,C38 H28 O3 N2 S1,38,28,3,2,-9999,1,-9999,N/A
2050,591.174795,591.1747753574624,591.174920433819,7943018,-9999,229977.7,54.54,-1,-0.24540343574825096,0.9945652099389642,0.9802490811135308,0.9888387584087908,13,1.2222222222222223,0.4074074074074074,N2 P1 O11,de-protonated,0,-9999,C27 H33 O11 N2 P1,27,33,11,2,1,-9999,-9999,N/A
2050,591.174795,591.1747753574624,591.1742689851391,7943018,-9999,229977.7,54.54,-1,0.8565533885848371,0.4376774193470985,0.8295321147073605,0.5944192974912033,4,1.9473684210526316,0.6842105263157895,N4 S1 P1 O13,de-protonated,0,-9999,C19 H37 O13 N4 P1 S1,19,37,13,4,1,1,-9999,N/A
2051,591.211269,591.2112493608522,591.211686065689,7646087,-9999,257805,52.44,-1,-0.7386606982273473,0.9338974237127612,0.9723071108287356,0.949261298559151,7,1.5384615384615383,0.5,S1 O13,de-protonated,0,-9999,C26 H40 O13 S1,26,40,13,-9999,-9999,1,-9999,N/A
2051,591.211269,591.2112493608522,591.211173001439,7646087,-9999,257805,52.44,-1,0.1291575950004216,0.9838546617239888,0.9505072405623232,0.9705156932593224,25,0.8205128205128205,0.05128205128205128,N2 S1 O2,de-protonated,0,-9999,C39 H32 O2 N2 S1,39,32,2,2,-9999,1,-9999,N/A
2051,591.211269,591.2112493608522,591.211305943169,7646087,-9999,257805,52.44,-1,-0.09570574214824346,0.9962346109386846,0.9852662033564534,0.9918472479057922,12,1.3214285714285714,0.35714285714285715,N2 P1 O10,de-protonated,0,-9999,C28 H37 O10 N2 P1,28,37,10,2,1,-9999,-9999,N/A
2052,591.247338,591.2473183642045,591.247558510789,3665827.8,-9999,289586.5,24.27,-1,-0.4061692619568767,0.48525468612152345,0.6980173569463055,0.5703597544514363,24,0.9,0.025,N2 S1 O1,de-protonated,0,-9999,C40 H36 O1 N2 S1,40,36,1,2,-9999,1,-9999,N/A
2052,591.247338,591.2473183642045,591.247691452519,3665827.8,-9999,289586.5,24.27,-1,-0.6310186405997342,0.46514911866993514,0.7612342259156645,0.583583161568227,11,1.4137931034482758,0.3103448275862069,N2 P1 O9,de-protonated,0,-9999,C29 H41 O9 N2 P1,29,41,9,2,1,-9999,-9999,N/A
2052,591.247338,591.2473183642045,591.246907062109,3665827.8,-9999,289586.5,24.27,-1,0.6956520035185642,0.4579680058165229,0.7428850341668535,0.5719348171566552,15,1.25,0.09375,N4 S2 O3,de-protonated,0,-9999,C32 H40 O3 N4 S2,32,40,3,4,-9999,2,-9999,N/A
2052,591.247338,591.2473183642045,591.2470400038391,3665827.8,-9999,289586.5,24.27,-1,0.4708021293876342,0.9605791029456664,0,0.5763474617673998,2,2.142857142857143,0.5238095238095238,N4 S1 P1 O11,de-protonated,0,-9999,C21 H45 O11 N4 P1 S1,21,45,11,4,1,1,-9999,N/A
2053,591.248765,591.2487453643372,591.2492122810689,3229605,-9999,331566.3,21.18,-1,-0.7897122263172784,0.4465040450760317,0.7087183895694522,0.5513897828733998,19,1.0789473684210529,0.05263157894736842,S1 P1 O2,de-protonated,0,-9999,C38 H41 O2 P1 S1,38,41,2,-9999,1,1,-9999,N/A
2053,591.248765,591.2487453643372,591.248560832389,3229605,-9999,331566.3,21.18,-1,0.3121055346797454,0.4912401963399759,0.7550179348240812,0.596751291733618,10,1.5,0.13333333333333333,N2 S2 P1 O4,de-protonated,0,-9999,C30 H45 O4 N2 P1 S2,30,45,4,2,1,2,-9999,N/A
2054,592.105374,592.1053544439499,592.105884372709,2361939.8,-9999,228297.2,15.04,-1,-0.894989854312735,0.8647268184759905,0.987348407952656,0.9137754542666569,10,1.2727272727272727,0.7272727272727273,13C1 S1 O16,de-protonated,1,2048,C22 H28 O16 S1 13C1,22,28,16,-9999,-9999,1,1,N/A
2054,592.105374,592.1053544439499,592.104792442639,2361939.8,-9999,228297.2,15.04,-1,0.9491585240339004,0.8491941254438756,0,0.5095164752663254,14,1.0769230769230769,0.4230769230769231,N1 S1 P1 O11,de-protonated,0,-9999,C26 H28 O11 N1 P1 S1,26,28,11,1,1,1,-9999,N/A
2054,592.105374,592.1053544439499,592.1053713084591,2361939.8,-9999,228297.2,15.04,-1,-0.02848227706019593,0.9998528123815468,0.9316109640308428,0.9725560730412652,28,0.5714285714285714,0.14285714285714285,13C1 N2 S1 O5,de-protonated,1,2048,C35 H20 O5 N2 S1 13C1,35,20,5,2,-9999,1,1,N/A
2054,592.105374,592.1053544439499,592.105504250189,2361939.8,-9999,228297.2,15.04,-1,-0.2530059897930265,0.9884522936321778,0.9990161879430628,0.9926778513565316,15,1.0416666666666667,0.5416666666666666,13C1 N2 P1 O13,de-protonated,1,2048,C24 H25 O13 N2 P1 13C1,24,25,13,2,1,-9999,1,N/A
2054,592.105374,592.1053544439499,592.105640595809,2361939.8,-9999,228297.2,15.04,-1,-0.48327838727944183,0.9585066369543696,0,0.5751039821726217,15,0.9583333333333334,0.625,N3 O15,de-protonated,0,-9999,C24 H23 O15 N3,24,23,15,3,-9999,-9999,-9999,N/A
2054,592.105374,592.1053544439499,592.1049911859391,2361939.8,-9999,228297.2,15.04,-1,0.6135027000291136,0.9339852193901156,0.920576716277634,0.9286218181451228,33,0.4594594594594595,0.05405405405405406,13C1 N4 P1 O2,de-protonated,1,2048,C37 H17 O2 N4 P1 13C1,37,17,2,4,1,-9999,1,N/A
2054,592.105374,592.1053544439499,592.1048528015091,2361939.8,-9999,228297.2,15.04,-1,0.8472189315926616,0.8778845173685162,0.9434524656415448,0.9041116966777276,6,1.8125,0.9375,13C1 N4 S1 P1 O15,de-protonated,1,2048,C16 H29 O15 N4 P1 S1 13C1,16,29,15,4,1,1,1,N/A
2055,592.142091,592.1420714473624,592.142269882059,2271345.5,-9999,297132.7,14.4,-1,-0.3351132097675564,0.9798293607830036,0.9865753212378644,0.982527744964948,9,1.391304347826087,0.6521739130434783,13C1 S1 O15,de-protonated,1,2049,C23 H32 O15 S1 13C1,23,32,15,-9999,-9999,1,1,N/A
2055,592.142091,592.1420714473624,592.1417568178091,2271345.5,-9999,297132.7,14.4,-1,0.5313416080460417,0.9500626952404776,0.9337005539889408,0.943517838739863,27,0.6666666666666666,0.1111111111111111,13C1 N2 S1 O4,de-protonated,1,2049,C36 H24 O4 N2 S1 13C1,36,24,4,2,-9999,1,1,N/A
2055,592.142091,592.1420714473624,592.141889759539,2271345.5,-9999,297132.7,14.4,-1,0.30683156599895917,0.9830624830363986,0.9999795218308938,0.9898292985541968,14,1.16,0.48,13C1 N2 P1 O12,de-protonated,1,2049,C25 H29 O12 N2 P1 13C1,25,29,12,2,1,-9999,1,N/A
2055,592.142091,592.1420714473624,592.1420261051591,2271345.5,-9999,297132.7,14.4,-1,0.07657318902286125,0.9989366498634734,0,0.599361989918084,14,1.08,0.56,N3 O14,de-protonated,0,-9999,C25 H27 O14 N3,25,27,14,3,-9999,-9999,-9999,N/A
2056,592.178293,592.178273450727,592.178655391409,2588302.5,-9999,238412.4,16.64,-1,-0.6449754285149261,0.9272969424760726,0.9670702528938268,0.9432062666431744,8,1.5,0.5833333333333334,13C1 S1 O14,de-protonated,1,2050,C24 H36 O14 S1 13C1,24,36,14,-9999,-9999,1,1,N/A
2056,592.178293,592.178273450727,592.178142327159,2588302.5,-9999,238412.4,16.64,-1,0.2214258829917854,0.9911431310523324,0.9544902754407444,0.9764819888076972,26,0.7567567567567568,0.08108108108108109,13C1 N2 S1 O3,de-protonated,1,2050,C37 H28 O3 N2 S1 13C1,37,28,3,2,-9999,1,1,N/A
2056,592.178293,592.178273450727,592.178275268889,2588302.5,-9999,238412.4,16.64,-1,-0.00307029498830457,0.9999982895370784,0.9802490811135308,0.9920986061676592,13,1.2692307692307692,0.4230769230769231,13C1 N2 P1 O11,de-protonated,1,2050,C26 H33 O11 N2 P1 13C1,26,33,11,2,1,-9999,1,N/A
2056,592.178293,592.178273450727,592.1784116145091,2588302.5,-9999,238412.4,16.64,-1,-0.2333144527326227,0.9901713458124136,0,0.5941028074874483,13,1.1923076923076923,0.5,N3 O13,de-protonated,0,-9999,C26 H31 O13 N3,26,31,13,3,-9999,-9999,-9999,N/A
2057,592.214787,592.2147674541187,592.215040900759,2510507.8,-9999,278182.9,16.09,-1,-0.46173538571299794,0.9620539187898416,0.9723071108287356,0.9661551956053992,7,1.6,0.52,13C1 S1 O13,de-protonated,1,2051,C25 H40 O13 S1 13C1,25,40,13,-9999,-9999,1,1,N/A
2057,592.214787,592.2147674541187,592.214527836509,2510507.8,-9999,278182.9,16.09,-1,0.4046128530681586,0.970731616806459,0.9505072405623232,0.9626418663088048,25,0.8421052631578947,0.05263157894736842,13C1 N2 S1 O2,de-protonated,1,2051,C38 H32 O2 N2 S1 13C1,38,32,2,2,-9999,1,1,N/A
2057,592.214787,592.2147674541187,592.2146607782391,2510507.8,-9999,278182.9,16.09,-1,0.1801304267586075,0.994129836933568,0.9852662033564534,0.9905843835027224,12,1.3703703703703705,0.3703703703703703,13C1 N2 P1 O10,de-protonated,1,2051,C27 H37 O10 N2 P1 13C1,27,37,10,2,1,-9999,1,N/A
2057,592.214787,592.2147674541187,592.2147971238591,2510507.8,-9999,278182.9,16.09,-1,-0.05009962683622665,0.9995446724604572,0,0.5997268034762743,12,1.2962962962962965,0.4444444444444444,N3 O12,de-protonated,0,-9999,C27 H35 O12 N3,27,35,12,3,-9999,-9999,-9999,N/A
2058,593.045262,593.0452425313025,593.0454085833991,2498890.5,-9999,299332.6,16,-1,-0.2799989582094953,0.9858752327795216,0,0.5915251396677129,11,1.0476190476190477,0.8571428571428571,S1 O18,de-protonated,0,-9999,C21 H22 O18 S1,21,22,18,-9999,-9999,1,-9999,N/A
2058,593.045262,593.0452425313025,593.044895519149,2498890.5,-9999,299332.6,16,-1,0.5851363971249494,0.4698825932726461,0.7311359101322861,0.5743839200165021,29,0.4117647058823529,0.2058823529411765,N2 S1 O7,de-protonated,0,-9999,C34 H14 O7 N2 S1,34,14,7,2,-9999,1,-9999,N/A
2058,593.045262,593.0452425313025,593.045028460879,2498890.5,-9999,299332.6,16,-1,0.36096824554625034,0.9766348778851138,0,0.5859809267310683,16,0.8260869565217391,0.6521739130434783,N2 P1 O15,de-protonated,0,-9999,C23 H19 O15 N2 P1,23,19,15,2,1,-9999,-9999,N/A
2059,593.060262,593.0602425326966,593.060664724689,2866518.8,-9999,294525.6,18.6,-1,-0.7118866879370463,0.9121461520918708,0,0.5472876912551226,15,0.88,0.6,S1 O15,de-protonated,0,-9999,C25 H22 O15 S1,25,22,15,-9999,-9999,1,-9999,N/A
2059,593.060262,593.0602425326966,593.060151660439,2866518.8,-9999,294525.6,18.6,-1,0.15322603844986343,0.4978744846754831,0.7087183895694522,0.5822120466330707,33,0.3684210526315789,0.10526315789473684,N2 S1 O4,de-protonated,0,-9999,C38 H14 O4 N2 S1,38,14,4,2,-9999,1,-9999,N/A
2059,593.060262,593.0602425326966,593.060284602169,2866518.8,-9999,294525.6,18.6,-1,-0.07093624951988951,0.9990873757065708,0,0.5994524254239425,20,0.7037037037037037,0.4444444444444444,N2 P1 O12,de-protonated,0,-9999,C27 H19 O12 N2 P1,27,19,12,2,1,-9999,-9999,N/A
2060,593.08134,593.0813205346556,593.081794092749,7108967.5,-9999,253619.7,48.63,-1,-0.7984701235489678,0.8918516911223937,0.9617444058689566,0.9198087770210188,10,1.181818181818182,0.7727272727272727,S1 O17,de-protonated,0,-9999,C22 H26 O17 S1,22,26,17,-9999,-9999,1,-9999,N/A
2060,593.08134,593.0813205346556,593.0812810284991,7108967.5,-9999,253619.7,48.63,-1,0.06661170686744415,0.9991055064024896,0.9558655500689064,0.9818095238690564,28,0.5142857142857142,0.17142857142857143,N2 S1 O6,de-protonated,0,-9999,C35 H18 O6 N2 S1,35,18,6,2,-9999,1,-9999,N/A
2060,593.08134,593.0813205346556,593.081413970229,7108967.5,-9999,253619.7,48.63,-1,-0.15754257558732396,0.9957132265721914,0.9756170475376612,0.9876747549583792,15,0.9583333333333334,0.5833333333333334,N2 P1 O14,de-protonated,0,-9999,C24 H23 O14 N2 P1,24,23,14,2,1,-9999,-9999,N/A
2060,593.08134,593.0813205346556,593.080900905979,7108967.5,-9999,253619.7,48.63,-1,0.7075403641237387,0.9124651716817472,0.944658827689144,0.925342634084706,33,0.40540540540540543,0.08108108108108109,N4 P1 O3,de-protonated,0,-9999,C37 H15 O3 N4 P1,37,15,3,4,1,-9999,-9999,N/A
2061,593.096644,593.0966245360779,593.097050234039,2825588.3,-9999,275164.5,18.31,-1,-0.7177543049814419,0.9107588324500084,0,0.5464552994700049,14,1,0.5384615384615384,S1 O14,de-protonated,0,-9999,C26 H26 O14 S1,26,26,14,-9999,-9999,1,-9999,N/A
2061,593.096644,593.0966245360779,593.0965371697889,2825588.3,-9999,275164.5,18.31,-1,0.1473053432605126,0.4980352551671082,0.7033271719038787,0.5801520218618164,32,0.4615384615384616,0.07692307692307693,N2 S1 O3,de-protonated,0,-9999,C39 H18 O3 N2 S1,39,18,3,2,-9999,1,-9999,N/A
2061,593.096644,593.0966245360779,593.0966701115191,2825588.3,-9999,275164.5,18.31,-1,-0.07684319177625376,0.4994645708815535,0.7675537279851021,0.606700233722973,19,0.8214285714285714,0.3928571428571429,N2 P1 O11,de-protonated,0,-9999,C28 H23 O11 N2 P1,28,23,11,2,1,-9999,-9999,N/A
2061,593.096644,593.0966245360779,593.0963987853589,2825588.3,-9999,275164.5,18.31,-1,0.3806307363268153,0.9740542861166828,0,0.5844325716700096,5,1.6666666666666667,0.8888888888888888,N2 S2 O16,de-protonated,0,-9999,C18 H30 O16 N2 S2,18,30,16,2,-9999,2,-9999,N/A
2062,593.117771,593.1177515380415,593.118317986529,7612805.5,-9999,226359.7,52.19,-1,-0.9550345526072972,0.4237359006247547,0.6775563317580969,0.5252640730780915,36,0.4090909090909091,0.06818181818181818,O3,de-protonated,0,-9999,C44 H18 O3,44,18,3,-9999,-9999,-9999,-9999,N/A
2062,593.117771,593.1177515380415,593.1181796020991,7612805.5,-9999,226359.7,52.19,-1,-0.7217179852323525,0.8782979473435117,0.9663845034517567,0.9135325697868096,9,1.3043478260869563,0.6956521739130435,S1 O16,de-protonated,0,-9999,C23 H30 O16 S1,23,30,16,-9999,-9999,1,-9999,N/A
2062,593.117771,593.1177515380415,593.117666537849,7612805.5,-9999,226359.7,52.19,-1,0.1433108424855212,0.9973422010012104,0.952574868531742,0.9794352680134232,27,0.6111111111111112,0.1388888888888889,N2 S1 O5,de-protonated,0,-9999,C36 H22 O5 N2 S1,36,22,5,2,-9999,1,-9999,N/A
2062,593.117771,593.1177515380415,593.117799479579,7612805.5,-9999,226359.7,52.19,-1,-0.08082970634408065,0.9903404103895724,0.980019907556038,0.9862122092561584,14,1.08,0.52,N2 P1 O13,de-protonated,0,-9999,C25 H27 O13 N2 P1,25,27,13,2,1,-9999,-9999,N/A
2062,593.117771,593.1177515380415,593.117286415329,7612805.5,-9999,226359.7,52.19,-1,0.7842002301491013,0.9208809934435797,0.9415406207785332,0.929144844377561,32,0.5,0.05263157894736842,N4 P1 O2,de-protonated,0,-9999,C38 H19 O2 N4 P1,38,19,2,4,1,-9999,-9999,N/A
2063,593.133085,593.1330655394648,593.133435743389,1974161.6,-9999,226807.3,12.29,-1,-0.6241494777391804,0.9317547742602308,0,0.5590528645561383,13,1.1111111111111112,0.48148148148148145,S1 O13,de-protonated,0,-9999,C27 H30 O13 S1,27,30,13,-9999,-9999,1,-9999,N/A
2063,593.133085,593.1330655394648,593.132922679139,1974161.6,-9999,226807.3,12.29,-1,0.24085718453097235,0.49476448623597985,0.6980173569463055,0.5760656345201101,31,0.55,0.05,N2 S1 O2,de-protonated,0,-9999,C40 H22 O2 N2 S1,40,22,2,2,-9999,1,-9999,N/A
2063,593.133085,593.1330655394648,593.133055620869,1974161.6,-9999,226807.3,12.29,-1,0.01672237921129098,0.9999492613455874,0,0.5999695568073524,18,0.9310344827586208,0.3448275862068966,N2 P1 O10,de-protonated,0,-9999,C29 H27 O10 N2 P1,29,27,10,2,1,-9999,-9999,N/A
2063,593.133085,593.1330655394648,593.132784294709,1974161.6,-9999,226807.3,12.29,-1,0.47416828616477086,0.9600248421148138,0,0.5760149052688882,4,1.7894736842105263,0.7894736842105263,N2 S2 O15,de-protonated,0,-9999,C19 H34 O15 N2 S2,19,34,15,2,-9999,2,-9999,N/A
2064,593.154077,593.1540575414158,593.154565111449,8765859,-9999,237582.6,60.35,-1,-0.8557129338945837,0.8883024641663755,0.954919342275788,0.9149492154101404,8,1.4166666666666667,0.625,S1 O15,de-protonated,0,-9999,C24 H34 O15 S1,24,34,15,-9999,-9999,1,-9999,N/A
2064,593.154077,593.1540575414158,593.154052047199,8765859,-9999,237582.6,60.35,-1,0.00926271476113116,0.9989812371952144,0.9653565329510172,0.9855313554975356,26,0.7027027027027027,0.10810810810810811,N2 S1 O4,de-protonated,0,-9999,C37 H26 O4 N2 S1,37,26,4,2,-9999,1,-9999,N/A
2064,593.154077,593.1540575414158,593.154184988929,8765859,-9999,237582.6,60.35,-1,-0.2148640547024441,0.9945645799773828,0.9683235428688176,0.9840681651339568,13,1.1923076923076923,0.4615384615384616,N2 P1 O12,de-protonated,0,-9999,C26 H31 O12 N2 P1,26,31,12,2,1,-9999,-9999,N/A
2064,593.154077,593.1540575414158,593.1536719246789,8765859,-9999,237582.6,60.35,-1,0.6501127029757345,0.9151404413487028,0.9544908085222414,0.9308805882181184,31,0.5897435897435898,0.02564102564102564,N4 P1 O1,de-protonated,0,-9999,C39 H23 O1 N4 P1,39,23,1,4,1,-9999,-9999,N/A
2064,593.154077,593.1540575414158,593.1535335402491,8765859,-9999,237582.6,60.35,-1,0.88341573819528,0.8542739624470257,0.9117943124467032,0.8772821024468966,4,1.9444444444444444,0.7777777777777778,N4 S1 P1 O14,de-protonated,0,-9999,C18 H35 O14 N4 P1 S1,18,35,14,4,1,1,-9999,N/A
2065,593.190496,593.1904765448006,593.1909506207991,9167296,-9999,253294.2,63.19,-1,-0.799196275597498,0.8759814780052386,0.978618220538643,0.9170361750186004,7,1.52,0.56,S1 O14,de-protonated,0,-9999,C25 H38 O14 S1,25,38,14,-9999,-9999,1,-9999,N/A
2065,593.190496,593.1904765448006,593.1904375565489,9167296,-9999,253294.2,63.19,-1,0.06572636587281676,0.9994378288632272,0.9429423077959282,0.9768396204363076,25,0.7894736842105263,0.07894736842105263,N2 S1 O3,de-protonated,0,-9999,C38 H30 O3 N2 S1,38,30,3,2,-9999,1,-9999,N/A
2065,593.190496,593.1904765448006,593.190570498279,9167296,-9999,253294.2,63.19,-1,-0.1583866688029706,0.9912995689656364,0.9917970487583468,0.9914985608827204,12,1.2962962962962965,0.4074074074074074,N2 P1 O11,de-protonated,0,-9999,C27 H35 O11 N2 P1,27,35,11,2,1,-9999,-9999,N/A
2065,593.190496,593.1904765448006,593.1899190495991,9167296,-9999,253294.2,63.19,-1,0.9398258190440896,0.8673013852560923,0.9362439670661634,0.8948784179801208,3,2.0526315789473686,0.6842105263157895,N4 S1 P1 O13,de-protonated,0,-9999,C19 H39 O13 N4 P1 S1,19,39,13,4,1,1,-9999,N/A
2066,593.226951,593.2269315481886,593.2273361301491,6711774,-9999,266756.6,45.82,-1,-0.6820015460912682,0.8835624392971405,0.9551397854396017,0.9121933777541248,6,1.6153846153846154,0.5,S1 O13,de-protonated,0,-9999,C26 H42 O13 S1,26,42,13,-9999,-9999,1,-9999,N/A
2066,593.226951,593.2269315481886,593.226823065899,6711774,-9999,266756.6,45.82,-1,0.18286814659976383,0.9962470243028814,0.9676745659514576,0.9848180409623116,24,0.8717948717948718,0.05128205128205128,N2 S1 O2,de-protonated,0,-9999,C39 H34 O2 N2 S1,39,34,2,2,-9999,1,-9999,N/A
2066,593.226951,593.2269315481886,593.226956007629,6711774,-9999,266756.6,45.82,-1,-0.04123116818772093,0.9910166885733264,0.9680988779673192,0.9818495643309236,11,1.3928571428571428,0.35714285714285715,N2 P1 O10,de-protonated,0,-9999,C28 H39 O10 N2 P1,28,39,10,2,1,-9999,-9999,N/A
2067,593.263371,593.2633515515735,593.2637216394991,3393019.5,-9999,270897.8,22.33,-1,-0.6238168829542701,0.46591247525238366,0.7739790330151771,0.5891390983575011,5,1.7037037037037035,0.4444444444444444,S1 O12,de-protonated,0,-9999,C27 H46 O12 S1,27,46,12,-9999,-9999,1,-9999,N/A
2067,593.263371,593.2633515515735,593.2632085752489,3393019.5,-9999,270897.8,22.33,-1,0.24099981680263405,0.4947583162296178,0.6980173569463056,0.576061932516293,23,0.95,0.025,N2 S1 O1,de-protonated,0,-9999,C40 H38 O1 N2 S1,40,38,1,2,-9999,1,-9999,N/A
2067,593.263371,593.2633515515735,593.263341516979,3393019.5,-9999,270897.8,22.33,-1,0.01691423306059199,0.4999740452302103,0.7612342259156645,0.6044781175043921,10,1.4827586206896552,0.3103448275862069,N2 P1 O9,de-protonated,0,-9999,C29 H43 O9 N2 P1,29,43,9,2,1,-9999,-9999,N/A
2068,594.084699,594.0846796279072,594.085148927819,2129047.8,-9999,289554.6,13.38,-1,-0.7899539528792396,0.892946219617028,0.9617444058689566,0.9204654941177994,10,1.238095238095238,0.8095238095238095,13C1 S1 O17,de-protonated,1,2060,C21 H26 O17 S1 13C1,21,26,17,-9999,-9999,1,1,N/A
2068,594.084699,594.0846796279072,594.084635863569,2129047.8,-9999,289554.6,13.38,-1,0.07366684067162832,0.999015798294078,0.9558655500689064,0.9817556990040096,28,0.5294117647058824,0.17647058823529413,13C1 N2 S1 O6,de-protonated,1,2060,C34 H18 O6 N2 S1 13C1,34,18,6,2,-9999,1,1,N/A
2068,594.084699,594.0846796279072,594.0847688052991,2129047.8,-9999,289554.6,13.38,-1,-0.1501088674730352,0.9959198228836664,0.9756170475376612,0.9877987127452644,15,1,0.6086956521739131,13C1 N2 P1 O14,de-protonated,1,2060,C23 H23 O14 N2 P1 13C1,23,23,14,2,1,-9999,1,N/A
2068,594.084699,594.0846796279072,594.0849051509191,2129047.8,-9999,289554.6,13.38,-1,-0.37961410887257674,0.974190896201416,0,0.5845145377208496,15,0.9130434782608696,0.6956521739130435,N3 O16,de-protonated,0,-9999,C23 H21 O16 N3,23,21,16,3,-9999,-9999,-9999,N/A
2068,594.084699,594.0846796279072,594.084255741049,2129047.8,-9999,289554.6,13.38,-1,0.7135130314379424,0.9117625545017342,0.944658827689144,0.924921063776698,33,0.4166666666666667,0.08333333333333333,13C1 N4 P1 O3,de-protonated,1,2060,C36 H15 O3 N4 P1 13C1,36,15,3,4,1,-9999,1,N/A
2069,594.120985,594.1209656312797,594.1215344371691,2310325.5,-9999,315352.9,14.66,-1,-0.9573897872060168,0.8467794602335129,0.9663845034517567,0.8946214775208104,9,1.3636363636363635,0.7272727272727273,13C1 S1 O16,de-protonated,1,2062,C22 H30 O16 S1 13C1,22,30,16,-9999,-9999,1,1,N/A
2069,594.120985,594.1209656312797,594.120442507099,2310325.5,-9999,315352.9,14.66,-1,0.8805019036609466,0.8687723192888896,0,0.5212633915733338,13,1.1538461538461535,0.4230769230769231,N1 S1 P1 O11,de-protonated,0,-9999,C26 H30 O11 N1 P1 S1,26,30,11,1,1,1,-9999,N/A
2069,594.120985,594.1209656312797,594.1210213729191,2310325.5,-9999,315352.9,14.66,-1,-0.0938220286205279,0.998404059552652,0.952574868531742,0.980072383144288,27,0.6285714285714286,0.14285714285714285,13C1 N2 S1 O5,de-protonated,1,2062,C35 H22 O5 N2 S1 13C1,35,22,5,2,-9999,1,1,N/A
2069,594.120985,594.1209656312797,594.1211543146491,2310325.5,-9999,315352.9,14.66,-1,-0.31758399449560787,0.981865602734292,0.980019907556038,0.9811273246629904,14,1.125,0.5416666666666666,13C1 N2 P1 O13,de-protonated,1,2062,C24 H27 O13 N2 P1 13C1,24,27,13,2,1,-9999,1,N/A
2069,594.120985,594.1209656312797,594.121290660269,2310325.5,-9999,315352.9,14.66,-1,-0.5470751417809925,0.947142239455814,0,0.5682853436734883,14,1.0416666666666667,0.625,N3 O15,de-protonated,0,-9999,C24 H25 O15 N3,24,25,15,3,-9999,-9999,-9999,N/A
2069,594.120985,594.1209656312797,594.120641250399,2310325.5,-9999,315352.9,14.66,-1,0.5459848693144317,0.9473470701518212,0.9415406207785332,0.945024490402506,32,0.5135135135135135,0.05405405405405406,13C1 N4 P1 O2,de-protonated,1,2062,C37 H19 O2 N4 P1 13C1,37,19,2,4,1,-9999,1,N/A
2070,594.157489,594.1574696346723,594.1579199465191,2940115,-9999,315491.7,19.12,-1,-0.7578992581446979,0.9010214875006292,0.954919342275788,0.9225806294106929,8,1.4782608695652173,0.6521739130434783,13C1 S1 O15,de-protonated,1,2064,C23 H34 O15 S1 13C1,23,34,15,-9999,-9999,1,1,N/A
2070,594.157489,594.1574696346723,594.157406882269,2940115,-9999,315491.7,19.12,-1,0.1056157890090289,0.9979780421827252,0.9653565329510172,0.984929438490042,26,0.7222222222222222,0.1111111111111111,13C1 N2 S1 O4,de-protonated,1,2064,C36 H26 O4 N2 S1 13C1,36,26,4,2,-9999,1,1,N/A
2070,594.157489,594.1574696346723,594.1575398239991,2940115,-9999,315491.7,19.12,-1,-0.11813251876148743,0.9974710338381628,0.9683235428688176,0.9858120374504248,13,1.24,0.48,13C1 N2 P1 O12,de-protonated,1,2064,C25 H31 O12 N2 P1 13C1,25,31,12,2,1,-9999,1,N/A
2070,594.157489,594.1574696346723,594.1576761696191,2940115,-9999,315491.7,19.12,-1,-0.34760965824288803,0.9783137097538326,0,0.5869882258522995,13,1.16,0.56,N3 O14,de-protonated,0,-9999,C25 H29 O14 N3,25,29,14,3,-9999,-9999,-9999,N/A
2070,594.157489,594.1574696346723,594.157026759749,2940115,-9999,315491.7,19.12,-1,0.7453836332903195,0.9041027149050676,0.9544908085222414,0.9242579523519372,31,0.6052631578947368,0.02631578947368421,13C1 N4 P1 O1,de-protonated,1,2064,C38 H23 O1 N4 P1 13C1,38,23,1,4,1,-9999,1,N/A
2070,594.157489,594.1574696346723,594.1568883753191,2940115,-9999,315491.7,19.12,-1,0.978292711231403,0.840585447978893,0.9117943124467032,0.8690689937660171,4,2.0588235294117645,0.8235294117647058,13C1 N4 S1 P1 O14,de-protonated,1,2064,C17 H35 O14 N4 P1 S1 13C1,17,35,14,4,1,1,1,N/A
2071,594.193786,594.1937666380458,594.1943054558691,2803952.8,-9999,343875.6,18.15,-1,-0.9068040847559364,0.8613932846780821,0.978618220538643,0.9082832590223064,7,1.5833333333333333,0.5833333333333334,13C1 S1 O14,de-protonated,1,2065,C24 H38 O14 S1 13C1,24,38,14,-9999,-9999,1,1,N/A
2071,594.193786,594.1937666380458,594.193213525799,2803952.8,-9999,343875.6,18.15,-1,0.9308626119315044,0.8545107204435455,0,0.5127064322661272,11,1.3571428571428572,0.32142857142857145,N1 S1 P1 O9,de-protonated,0,-9999,C28 H38 O9 N1 P1 S1,28,38,9,1,1,1,-9999,N/A
2071,594.193786,594.1937666380458,594.193792391619,2803952.8,-9999,343875.6,18.15,-1,-0.04334204359616074,0.999659200786822,0.9429423077959282,0.9769724435904644,25,0.8108108108108109,0.08108108108108109,13C1 N2 S1 O3,de-protonated,1,2065,C37 H30 O3 N2 S1 13C1,37,30,3,2,-9999,1,1,N/A
2071,594.193786,594.1937666380458,594.19392533334906,2803952.8,-9999,343875.6,18.15,-1,-0.26707661679533856,0.9871406766800968,0.9917970487583468,0.9890032255113969,12,1.3461538461538465,0.4230769230769231,13C1 N2 P1 O11,de-protonated,1,2065,C26 H35 O11 N2 P1 13C1,26,35,11,2,1,-9999,1,N/A
2071,594.193786,594.1937666380458,594.194061678969,2803952.8,-9999,343875.6,18.15,-1,-0.4965396698617005,0.9562494472643938,0,0.5737496683586363,12,1.2692307692307692,0.5,N3 O13,de-protonated,0,-9999,C26 H33 O13 N3,26,33,13,3,-9999,-9999,-9999,N/A
2071,594.193786,594.1937666380458,594.193273884669,2803952.8,-9999,343875.6,18.15,-1,0.8292813103384247,0.882687877103201,0.9362439670661634,0.904110313088386,3,2.1666666666666665,0.7222222222222222,13C1 N4 S1 P1 O13,de-protonated,1,2065,C18 H39 O13 N4 P1 S1 13C1,18,39,13,4,1,1,1,N/A
2072,594.230144,594.2301246414248,594.2306909652191,2411790.5,-9999,309693.8,15.38,-1,-0.953036931397848,0.8480581244187291,0.9551397854396017,0.8908907888270781,6,1.68,0.52,13C1 S1 O13,de-protonated,1,2066,C25 H42 O13 S1 13C1,25,42,13,-9999,-9999,1,1,N/A
2072,594.230144,594.2301246414248,594.229599035149,2411790.5,-9999,309693.8,15.38,-1,0.8845171574324304,0.8676558597302052,0,0.5205935158381231,10,1.4482758620689655,0.27586206896551724,N1 S1 P1 O8,de-protonated,0,-9999,C29 H42 O8 N1 P1 S1,29,42,8,1,1,1,-9999,N/A
2072,594.230144,594.2301246414248,594.230177900969,2411790.5,-9999,309693.8,15.38,-1,-0.08962780109275792,0.9985434585925064,0.9676745659514576,0.9861959015360868,24,0.8947368421052632,0.05263157894736842,13C1 N2 S1 O2,de-protonated,1,2066,C38 H34 O2 N2 S1 13C1,38,34,2,2,-9999,1,1,N/A
2072,594.230144,594.2301246414248,594.230310842699,2411790.5,-9999,309693.8,15.38,-1,-0.3133486643724566,0.9823417940179116,0.9680988779673192,0.9766446275976748,11,1.4444444444444444,0.3703703703703703,13C1 N2 P1 O10,de-protonated,1,2066,C27 H39 O10 N2 P1 13C1,27,39,10,2,1,-9999,1,N/A
2072,594.230144,594.2301246414248,594.2304471883191,2411790.5,-9999,309693.8,15.38,-1,-0.5427976566894801,0.9479437644115536,0,0.5687662586469321,11,1.3703703703703705,0.4444444444444444,N3 O12,de-protonated,0,-9999,C27 H37 O12 N3,27,37,12,3,-9999,-9999,-9999,N/A
2073,595.039502,595.0394827166461,595.039929279799,2496422,-9999,294593.9,14.8,-1,-0.7504759443923064,0.9028539598551528,0,0.5417123759130916,15,0.8333333333333334,0.6666666666666666,S1 O16,de-protonated,0,-9999,C24 H20 O16 S1,24,20,16,-9999,-9999,1,-9999,N/A
2073,595.039502,595.0394827166461,595.0394162155491,2496422,-9999,294593.9,14.8,-1,0.1117591461479391,0.4988681263440781,0.7141928963326544,0.5849980343395086,33,0.32432432432432434,0.13513513513513514,N2 S1 O5,de-protonated,0,-9999,C37 H12 O5 N2 S1,37,12,5,2,-9999,1,-9999,N/A
2073,595.039502,595.0394827166461,595.039549157279,2496422,-9999,294593.9,14.8,-1,-0.11165750737704516,0.9977403636687104,0,0.5986442182012262,20,0.6538461538461539,0.5,N2 P1 O13,de-protonated,0,-9999,C26 H17 O13 N2 P1,26,17,13,2,1,-9999,-9999,N/A
2073,595.039502,595.0394827166461,595.038897708599,2496422,-9999,294593.9,14.8,-1,0.9831425295878204,0.8391358072262256,0,0.5034814843357354,11,1.1666666666666667,0.8333333333333334,N4 S1 P1 O15,de-protonated,0,-9999,C18 H21 O15 N4 P1 S1,18,21,15,4,1,1,-9999,N/A
2074,595.060687,595.06066771861515,595.0610586478591,3899319.3,-9999,256564.3,24,-1,-0.6569565228336375,0.46233804380174787,0.8149093904448101,0.6033665824589728,10,1.1428571428571428,0.8571428571428571,S1 O18,de-protonated,0,-9999,C21 H24 O18 S1,21,24,18,-9999,-9999,1,-9999,N/A
2074,595.060687,595.06066771861515,595.060545583609,3899319.3,-9999,256564.3,24,-1,0.2052480323475449,0.4961926477849533,0.7311359101322861,0.5901699527238864,28,0.4705882352941176,0.2058823529411765,N2 S1 O7,de-protonated,0,-9999,C34 H16 O7 N2 S1,34,16,7,2,-9999,1,-9999,N/A
2074,595.060687,595.06066771861515,595.0606785253391,3899319.3,-9999,256564.3,24,-1,-0.01816070919365033,0.49997007897644574,0.8007932653391621,0.6202993535215322,15,0.9130434782608696,0.6521739130434783,N2 P1 O15,de-protonated,0,-9999,C23 H21 O15 N2 P1,23,21,15,2,1,-9999,-9999,N/A
2074,595.060687,595.06066771861515,595.060165461089,3899319.3,-9999,256564.3,24,-1,0.8440449475344032,0.4393700075444775,0.719752637322661,0.551523059455751,33,0.3611111111111111,0.1111111111111111,N4 P1 O4,de-protonated,0,-9999,C36 H13 O4 N4 P1,36,13,4,4,1,-9999,-9999,N/A
2075,595.075876,595.0758567200268,595.076314789149,4711364,-9999,278536.1,29.32,-1,-0.7697653408072394,0.44903136177944314,0.7871578612348809,0.5842819615616182,14,0.96,0.6,S1 O15,de-protonated,0,-9999,C25 H24 O15 S1,25,24,15,-9999,-9999,1,-9999,N/A
2075,595.075876,595.0758567200268,595.0758017248991,4711364,-9999,278536.1,29.32,-1,0.09241701231777688,0.4992257321898565,0.7087183895694522,0.5830227951416949,32,0.42105263157894735,0.10526315789473684,N2 S1 O4,de-protonated,0,-9999,C38 H16 O4 N2 S1,38,16,4,2,-9999,1,-9999,N/A
2075,595.075876,595.0758567200268,595.075934666629,4711364,-9999,278536.1,29.32,-1,-0.13098597622827143,0.4984458333222771,0.7739790330151772,0.6086591131994372,19,0.7777777777777778,0.4444444444444444,N2 P1 O12,de-protonated,0,-9999,C27 H21 O12 N2 P1,27,21,12,2,1,-9999,-9999,N/A
2075,595.075876,595.0758567200268,595.0754216023789,4711364,-9999,278536.1,29.32,-1,0.7311974785780568,0.4537727868003257,0.6980173569463055,0.5514706148587176,37,0.325,0.025,N4 P1 O1,de-protonated,0,-9999,C40 H13 O1 N4 P1,40,13,1,4,1,-9999,-9999,N/A
2075,595.075876,595.0758567200268,595.075283217949,4711364,-9999,278536.1,29.32,-1,0.9637470987074008,0.4224525030483358,0.8295321147073604,0.5852843477119457,10,1.3157894736842106,0.7368421052631579,N4 S1 P1 O14,de-protonated,0,-9999,C19 H25 O14 N4 P1 S1,19,25,14,4,1,1,-9999,N/A
2076,595.096999,595.0969797219899,595.097444157209,6858709,-9999,250079.1,43.4,-1,-0.7804355801906063,0.4476856839871253,0.8077896627745539,0.5917272755020968,9,1.2727272727272727,0.7727272727272727,S1 O17,de-protonated,0,-9999,C22 H28 O17 S1,22,28,17,-9999,-9999,1,-9999,N/A
2076,595.096999,595.0969797219899,595.096931092959,6858709,-9999,250079.1,43.4,-1,0.08171615129642075,0.4993945523958377,0.725399618712417,0.5897965789224694,27,0.5714285714285714,0.17142857142857143,N2 S1 O6,de-protonated,0,-9999,C35 H20 O6 N2 S1,35,20,6,2,-9999,1,-9999,N/A
2076,595.096999,595.0969797219899,595.0970640346891,6858709,-9999,250079.1,43.4,-1,-0.14167890295930718,0.4981822106737411,0.7939170211058493,0.6164761348465844,14,1.0416666666666667,0.5833333333333334,N2 P1 O14,de-protonated,0,-9999,C24 H25 O14 N2 P1,24,25,14,2,1,-9999,-9999,N/A
2076,595.096999,595.0969797219899,595.0965509704389,6858709,-9999,250079.1,43.4,-1,0.7204739303218355,0.4550563362742433,0.7141928963326544,0.5587109602976077,32,0.4594594594594595,0.08108108108108109,N4 P1 O3,de-protonated,0,-9999,C37 H17 O3 N4 P1,37,17,3,4,1,-9999,-9999,N/A
2077,595.112385,595.1123657234199,595.112838682929,3712993.8,-9999,296736.2,22.77,-1,-0.7947392131071754,0.4458592048658546,0.6629808336683964,0.5327078563868713,40,0.3404255319148936,0.02127659574468085,O1,de-protonated,0,-9999,C47 H16 O1,47,16,1,-9999,-9999,-9999,-9999,N/A
2077,595.112385,595.1123657234199,595.112700298499,3712993.8,-9999,296736.2,22.77,-1,-0.5622045689312198,0.4721311893284644,0.7805128205128198,0.5954838418022066,13,1.0769230769230769,0.5384615384615384,S1 O14,de-protonated,0,-9999,C26 H28 O14 S1,26,28,14,-9999,-9999,1,-9999,N/A
2077,595.112385,595.1123657234199,595.112187234249,3712993.8,-9999,296736.2,22.77,-1,0.2999252489927989,0.4919051206673892,0.7033271719038787,0.576473941161985,31,0.5128205128205128,0.07692307692307693,N2 S1 O3,de-protonated,0,-9999,C39 H20 O3 N2 S1,39,20,3,2,-9999,1,-9999,N/A
2077,595.112385,595.1123657234199,595.1123201759791,3712993.8,-9999,296736.2,22.77,-1,0.0765358726967011,0.49946884273141984,0.7675537279851021,0.6067027968328927,18,0.8928571428571429,0.3928571428571429,N2 P1 O11,de-protonated,0,-9999,C28 H25 O11 N2 P1,28,25,11,2,1,-9999,-9999,N/A
2077,595.112385,595.1123657234199,595.112048849819,3712993.8,-9999,296736.2,22.77,-1,0.5324604022643193,0.9498575458549248,0,0.5699145275129549,4,1.7777777777777777,0.8888888888888888,N2 S2 O16,de-protonated,0,-9999,C18 H32 O16 N2 S2,18,32,16,2,-9999,2,-9999,N/A
2078,595.133397,595.1333777253726,595.133968050989,7247859,-9999,246870.1,45.95,-1,-0.9919205558123664,0.4182500990457452,0.677556331758097,0.5219725921306859,35,0.4545454545454546,0.06818181818181818,O3,de-protonated,0,-9999,C44 H20 O3,44,20,3,-9999,-9999,-9999,-9999,N/A
2078,595.133397,595.1333777253726,595.1338296665591,7247859,-9999,246870.1,45.95,-1,-0.7593942134844182,0.4503253618119637,0.8007932653391622,0.5905125232228431,8,1.391304347826087,0.6956521739130435,S1 O16,de-protonated,0,-9999,C23 H32 O16 S1,23,32,16,-9999,-9999,1,-9999,N/A
2078,595.133397,595.1333777253726,595.133316602309,7247859,-9999,246870.1,45.95,-1,0.10270482574063566,0.9833873565917766,0.9495508901654948,0.9698527700212638,26,0.6666666666666666,0.1388888888888889,N2 S1 O5,de-protonated,0,-9999,C36 H24 O5 N2 S1,36,24,5,2,-9999,1,-9999,N/A
2078,595.133397,595.1333777253726,595.1334495440391,7247859,-9999,246870.1,45.95,-1,-0.1206765751864634,0.9626801596585144,0.9830438859222856,0.9708256501640228,13,1.16,0.52,N2 P1 O13,de-protonated,0,-9999,C25 H29 O13 N2 P1,25,29,13,2,1,-9999,-9999,N/A
2078,595.133397,595.1333777253726,595.132936479789,7247859,-9999,246870.1,45.95,-1,0.7414235653159779,0.9482055208481996,0.9385166424122856,0.944329969473834,31,0.5526315789473685,0.05263157894736842,N4 P1 O2,de-protonated,0,-9999,C38 H21 O2 N4 P1,38,21,2,4,1,-9999,-9999,N/A
2078,595.133397,595.1333777253726,595.132798095359,7247859,-9999,246870.1,45.95,-1,0.9739507139328828,0.9028185487467238,0.925512539506893,0.9118961450507916,4,1.9411764705882353,0.8823529411764706,N4 S1 P1 O15,de-protonated,0,-9999,C17 H33 O15 N4 P1 S1,17,33,15,4,1,1,-9999,N/A
2079,595.148441,595.148421726771,595.148572743599,2841599.5,-9999,278467.7,17.06,-1,-0.2537464339417804,0.49419249930831793,0.6980173569463055,0.575722442363513,30,0.6,0.05,N2 S1 O2,de-protonated,0,-9999,C40 H24 O2 N2 S1,40,24,2,2,-9999,1,-9999,N/A
2079,595.148441,595.148421726771,595.148705685329,2841599.5,-9999,278467.7,17.06,-1,-0.477122029050219,0.47976775069759514,0.7612342259156646,0.5923543407848229,17,1,0.3448275862068966,N2 P1 O10,de-protonated,0,-9999,C29 H29 O10 N2 P1,29,29,10,2,1,-9999,-9999,N/A
2079,595.148441,595.148421726771,595.1484343591691,2841599.5,-9999,278467.7,17.06,-1,-0.02122562607172252,0.9999182557722662,0,0.5999509534633597,3,1.894736842105263,0.7894736842105263,N2 S2 O15,de-protonated,0,-9999,C19 H36 O15 N2 S2,19,36,15,2,-9999,2,-9999,N/A
2079,595.148441,595.148421726771,595.1479212949191,2841599.5,-9999,278467.7,17.06,-1,0.8408528937550365,0.4397989904010907,0.7428850341668535,0.5610334079073958,21,0.875,0.125,N4 S2 O4,de-protonated,0,-9999,C32 H28 O4 N4 S2,32,28,4,4,-9999,2,-9999,N/A
2079,595.148441,595.148421726771,595.148054236649,2841599.5,-9999,278467.7,17.06,-1,0.6174768098237312,0.9331565299983792,0,0.5598939179990275,8,1.5714285714285714,0.5714285714285714,N4 S1 P1 O12,de-protonated,0,-9999,C21 H33 O12 N4 P1 S1,21,33,12,4,1,1,-9999,N/A
2080,595.169843,595.16982372876,595.1703535603391,7374865,-9999,273417.3,46.78,-1,-0.8902183651212566,0.28868812407641103,0.6240179704823443,0.4228200626387843,34,0.5333333333333333,0.04444444444444444,O2,de-protonated,0,-9999,C45 H24 O2,45,24,2,-9999,-9999,-9999,-9999,N/A
2080,595.169843,595.16982372876,595.170215175909,7374865,-9999,273417.3,46.78,-1,-0.6577062141755624,0.4622553693211248,0.7939170211058493,0.5949200300350146,7,1.5,0.625,S1 O15,de-protonated,0,-9999,C24 H36 O15 S1,24,36,15,-9999,-9999,1,-9999,N/A
2080,595.169843,595.16982372876,595.169702111659,7374865,-9999,273417.3,46.78,-1,0.204340208369323,0.4962261264346372,0.7141928963326545,0.5834128343938441,25,0.7567567567567568,0.10810810810810811,N2 S1 O4,de-protonated,0,-9999,C37 H28 O4 N2 S1,37,28,4,2,-9999,1,-9999,N/A
2080,595.169843,595.16982372876,595.169835053389,7374865,-9999,273417.3,46.78,-1,-0.0190275587213862,0.4999671545127084,0.7805128205128198,0.612185420912753,12,1.2692307692307692,0.4615384615384616,N2 P1 O12,de-protonated,0,-9999,C26 H33 O12 N2 P1,26,33,12,2,1,-9999,-9999,N/A
2080,595.169843,595.16982372876,595.1693219891389,7374865,-9999,273417.3,46.78,-1,0.8430199651573659,0.43950788731820906,0.7033271719038787,0.5450356011524768,30,0.6410256410256411,0.02564102564102564,N4 P1 O1,de-protonated,0,-9999,C39 H25 O1 N4 P1,39,25,1,4,1,-9999,-9999,N/A
2081,595.185039,595.1850197301723,595.1854713171991,2109469.5,-9999,239459.6,12.26,-1,-0.7587332833812451,0.9008147121810476,0,0.5404888273086286,11,1.2857142857142858,0.42857142857142855,S1 O12,de-protonated,0,-9999,C28 H36 O12 S1,28,36,12,-9999,-9999,1,-9999,N/A
2081,595.185039,595.1850197301723,595.184958252949,2109469.5,-9999,239459.6,12.26,-1,0.10329095596186114,0.4990329963282289,0.6927871148459346,0.5765346437353112,29,0.6829268292682927,0.02439024390243902,N2 S1 O1,de-protonated,0,-9999,C41 H28 O1 N2 S1,41,28,1,2,-9999,1,-9999,N/A
2081,595.185039,595.1850197301723,595.185091194679,2109469.5,-9999,239459.6,12.26,-1,-0.12007106325269902,0.9973874619935988,0,0.5984324771961592,16,1.1,0.3,N2 P1 O9,de-protonated,0,-9999,C30 H33 O9 N2 P1,30,33,9,2,1,-9999,-9999,N/A
2081,595.185039,595.1850197301723,595.1848198685191,2109469.5,-9999,239459.6,12.26,-1,0.3357976321213438,0.9797477260116684,0,0.587848635607001,2,2,0.7,N2 S2 O14,de-protonated,0,-9999,C20 H40 O14 N2 S2,20,40,14,2,-9999,2,-9999,N/A
2081,595.185039,595.1850197301723,595.184439745999,2109469.5,-9999,239459.6,12.26,-1,0.97446125013224,0.8417273858390666,0,0.5050364315034399,7,1.681818181818182,0.5,N4 S1 P1 O11,de-protonated,0,-9999,C22 H37 O11 N4 P1 S1,22,37,11,4,1,1,-9999,N/A
2082,595.206185,595.2061657321376,595.206739069689,6365231,-9999,250802.3,40.16,-1,-0.9632578291517956,0.42252478000922766,0.6677691528855879,0.5206225291597717,33,0.6086956521739131,0.0217391304347826,O1,de-protonated,0,-9999,C46 H28 O1,46,28,1,-9999,-9999,-9999,-9999,N/A
2082,595.206185,595.2061657321376,595.206600685259,6365231,-9999,250802.3,40.16,-1,-0.7307599090534136,0.4538254611596836,0.7871578612348809,0.5871584211897625,6,1.6,0.56,S1 O14,de-protonated,0,-9999,C25 H40 O14 S1,25,40,14,-9999,-9999,1,-9999,N/A
2082,595.206185,595.2061657321376,595.2060876210089,6365231,-9999,250802.3,40.16,-1,0.13123375299998313,0.4984399571408924,0.7087183895694522,0.5825513301123163,24,0.8421052631578947,0.07894736842105263,N2 S1 O3,de-protonated,0,-9999,C38 H32 O3 N2 S1,38,32,3,2,-9999,1,-9999,N/A
2082,595.206185,595.2061657321376,595.2062205627391,6365231,-9999,250802.3,40.16,-1,-0.0921203434649466,0.499230691362111,0.7739790330151771,0.6091300280233375,11,1.3703703703703705,0.4074074074074074,N2 P1 O11,de-protonated,0,-9999,C27 H37 O11 N2 P1,27,37,11,2,1,-9999,-9999,N/A
2083,595.242483,595.2424637355111,595.242986194609,3659852.8,-9999,257217.9,22.42,-1,-0.8777240723011415,0.43477128563416045,0.7805128205128198,0.5730678995856242,5,1.6923076923076923,0.5,S1 O13,de-protonated,0,-9999,C26 H44 O13 S1,26,44,13,-9999,-9999,1,-9999,N/A
2083,595.242483,595.2424637355111,595.242473130359,3659852.8,-9999,257217.9,22.42,-1,-0.01578322837752298,0.499977400142608,0.7033271719038788,0.5813173088471164,23,0.9230769230769232,0.05128205128205128,N2 S1 O2,de-protonated,0,-9999,C39 H36 O2 N2 S1,39,36,2,2,-9999,1,-9999,N/A
2083,595.242483,595.2424637355111,595.242606072089,3659852.8,-9999,257217.9,22.42,-1,-0.23912363861678995,0.4948391903237442,0.7675537279851021,0.6039250053882874,10,1.4642857142857142,0.35714285714285715,N2 P1 O10,de-protonated,0,-9999,C28 H41 O10 N2 P1,28,41,10,2,1,-9999,-9999,N/A
2083,595.242483,595.2424637355111,595.241954623409,3659852.8,-9999,257217.9,22.42,-1,0.85530278598128,0.8756949404873589,0,0.5254169642924152,1,2.25,0.6,N4 S1 P1 O12,de-protonated,0,-9999,C20 H45 O12 N4 P1 S1,20,45,12,4,1,1,-9999,N/A
2084,596.136441,596.1364218185951,596.135959629829,2162479.3,-9999,302956.9,12.6,-1,0.7753076434736922,0.4483342019055626,0.7141928963326544,0.5546776796763994,25,0.7297297297297297,0.08108108108108109,N1 S2 O3,de-protonated,0,-9999,C37 H27 O3 N1 S2,37,27,3,1,-9999,2,-9999,N/A
2084,596.136441,596.1364218185951,596.1360925715591,2162479.3,-9999,302956.9,12.6,-1,0.5523017983801096,0.9461552483428736,0,0.5676931490057242,12,1.2307692307692308,0.4230769230769231,N1 S1 P1 O11,de-protonated,0,-9999,C26 H32 O11 N1 P1 S1,26,32,11,1,1,1,-9999,N/A
2084,596.136441,596.1364218185951,596.1366714373792,2162479.3,-9999,302956.9,12.6,-1,-0.41872744297756126,0.9686868544796966,0.9495508901654948,0.9610324687540158,26,0.6857142857142857,0.14285714285714285,13C1 N2 S1 O5,de-protonated,1,2078,C35 H24 O5 N2 S1 13C1,35,24,5,2,-9999,1,1,N/A
2084,596.136441,596.1364218185951,596.1368043791091,2162479.3,-9999,302956.9,12.6,-1,-0.6417327553276212,0.9279992386561712,0.9830438859222856,0.9500170975626168,13,1.2083333333333333,0.5416666666666666,13C1 N2 P1 O13,de-protonated,1,2078,C24 H29 O13 N2 P1 13C1,24,29,13,2,1,-9999,1,N/A
2084,596.136441,596.1364218185951,596.136940724729,2162479.3,-9999,302956.9,12.6,-1,-0.8704478761491532,0.8715518237002893,0,0.5229310942201736,13,1.125,0.625,N3 O15,de-protonated,0,-9999,C24 H27 O15 N3,24,27,15,3,-9999,-9999,-9999,N/A
2084,596.136441,596.1364218185951,596.136291314859,2162479.3,-9999,302956.9,12.6,-1,0.21891593910084003,0.9913419179244028,0.9385166424122856,0.9702118077195558,31,0.5675675675675675,0.05405405405405406,13C1 N4 P1 O2,de-protonated,1,2078,C37 H21 O2 N4 P1 13C1,37,21,2,4,1,-9999,1,N/A
2084,596.136441,596.1364218185951,596.136152930429,2162479.3,-9999,302956.9,12.6,-1,0.4510516007317224,0.9637577717641138,0.925512539506893,0.9484596788612256,4,2.0625,0.9375,13C1 N4 S1 P1 O15,de-protonated,1,2078,C16 H33 O15 N4 P1 S1 13C1,16,33,15,4,1,1,1,N/A
2085,597.05538,597.0553609040007,597.0555793442591,4871723.5,-9999,277064.7,30.36,-1,-0.36586251913503176,0.4880023468877741,0.7939170211058493,0.6103682165750042,14,0.9166666666666666,0.6666666666666666,S1 O16,de-protonated,0,-9999,C24 H22 O16 S1,24,22,16,-9999,-9999,1,-9999,N/A
2085,597.05538,597.0553609040007,597.055066280009,4871723.5,-9999,277064.7,30.36,-1,0.4934620077589339,0.4783891300262841,0.7141928963326545,0.5727106365488323,32,0.3783783783783784,0.13513513513513514,N2 S1 O5,de-protonated,0,-9999,C37 H14 O5 N2 S1,37,14,5,2,-9999,1,-9999,N/A
2085,597.05538,597.0553609040007,597.055199221739,4871723.5,-9999,277064.7,30.36,-1,0.2707995205735786,0.49339103512660937,0.7805128205128198,0.6082397492810936,19,0.7307692307692307,0.5,N2 P1 O13,de-protonated,0,-9999,C26 H19 O13 N2 P1,26,19,13,2,1,-9999,-9999,N/A
2086,597.076347,597.0763279059495,597.076847096749,3449405,-9999,224253.5,21.03,-1,-0.869554400009492,0.4358988569093571,0.6876346701883607,0.5365931822209585,36,0.3333333333333333,0.11904761904761904,O5,de-protonated,0,-9999,C42 H14 O5,42,14,5,-9999,-9999,-9999,-9999,N/A
2086,597.076347,597.0763279059495,597.076708712319,3449405,-9999,224253.5,21.03,-1,-0.6377846665129502,0.9288502466139832,0,0.5573101479683898,9,1.238095238095238,0.8571428571428571,S1 O18,de-protonated,0,-9999,C21 H26 O18 S1,21,26,18,-9999,-9999,1,-9999,N/A
2086,597.076347,597.0763279059495,597.0761956480691,3449405,-9999,224253.5,21.03,-1,0.22150921670175905,0.49556824643205183,0.731135910132286,0.5897953119121455,27,0.5294117647058824,0.2058823529411765,N2 S1 O7,de-protonated,0,-9999,C34 H18 O7 N2 S1,34,18,7,2,-9999,1,-9999,N/A
2086,597.076347,597.0763279059495,597.076328589799,3449405,-9999,224253.5,21.03,-1,-0.00114533015004222,0.49999988098953074,0.8007932653391622,0.6203172347293833,14,1,0.6521739130434783,N2 P1 O15,de-protonated,0,-9999,C23 H23 O15 N2 P1,23,23,15,2,1,-9999,-9999,N/A
2086,597.076347,597.0763279059495,597.075815525549,3449405,-9999,224253.5,21.03,-1,0.8581496471867582,0.43746010305015887,0.719752637322661,0.5503771167591598,32,0.4166666666666667,0.1111111111111111,N4 P1 O4,de-protonated,0,-9999,C36 H15 O4 N4 P1,36,15,4,4,1,-9999,-9999,N/A
2087,597.091616,597.0915969073685,597.092103238039,5404234,-9999,255568.6,33.85,-1,-0.8479942504457322,0.438837590641594,0.667769152885588,0.5304102155391917,40,0.30434782608695654,0.04347826086956521,O2,de-protonated,0,-9999,C46 H14 O2,46,14,2,-9999,-9999,-9999,-9999,N/A
2087,597.091616,597.0915969073685,597.091964853609,5404234,-9999,255568.6,33.85,-1,-0.616230433840423,0.4667084617378723,0.7871578612348809,0.5948882215366758,13,1.04,0.6,S1 O15,de-protonated,0,-9999,C25 H26 O15 S1,25,26,15,-9999,-9999,1,-9999,N/A
2087,597.091616,597.0915969073685,597.0914517893591,5404234,-9999,255568.6,33.85,-1,0.2430415122821598,0.4946696044268387,0.7087183895694522,0.5802891184838841,31,0.47368421052631576,0.10526315789473684,N2 S1 O4,de-protonated,0,-9999,C38 H18 O4 N2 S1,38,18,4,2,-9999,1,-9999,N/A
2087,597.091616,597.0915969073685,597.091584731089,5404234,-9999,255568.6,33.85,-1,0.02039264962817984,0.49996227278365746,0.7739790330151771,0.6095689768762653,18,0.8518518518518519,0.4444444444444444,N2 P1 O12,de-protonated,0,-9999,C27 H23 O12 N2 P1,27,23,12,2,1,-9999,-9999,N/A
2087,597.091616,597.0915969073685,597.091071666839,5404234,-9999,255568.6,33.85,-1,0.8796656900073682,0.4345021866483216,0.6980173569463055,0.5399082547675151,36,0.375,0.025,N4 P1 O1,de-protonated,0,-9999,C40 H15 O1 N4 P1,40,15,1,4,1,-9999,-9999,N/A
2088,597.112633,597.1126139093218,597.113094221669,4914779.5,-9999,253802.2,30.64,-1,-0.8043909133524358,0.4446123060603313,0.8077896627745538,0.5898832487460204,8,1.3636363636363635,0.7727272727272727,S1 O17,de-protonated,0,-9999,C22 H30 O17 S1,22,30,17,-9999,-9999,1,-9999,N/A
2088,597.112633,597.1126139093218,597.1125811574191,4914779.5,-9999,253802.2,30.64,-1,0.05485046498074765,0.4997271236332104,0.725399618712417,0.589996121664893,26,0.6285714285714286,0.17142857142857143,N2 S1 O6,de-protonated,0,-9999,C35 H22 O6 N2 S1,35,22,6,2,-9999,1,-9999,N/A
2088,597.112633,597.1126139093218,597.112714099149,4914779.5,-9999,253802.2,30.64,-1,-0.1677904771448315,0.49745229206989544,0.7939170211058493,0.616038183684277,13,1.125,0.5833333333333334,N2 P1 O14,de-protonated,0,-9999,C24 H27 O14 N2 P1,24,27,14,2,1,-9999,-9999,N/A
2088,597.112633,597.1126139093218,597.1122010348989,4914779.5,-9999,253802.2,30.64,-1,0.6914519953673172,0.4584523763208322,0.7141928963326545,0.5607485843255611,31,0.5135135135135135,0.08108108108108109,N4 P1 O3,de-protonated,0,-9999,C37 H19 O3 N4 P1,37,19,3,4,1,-9999,-9999,N/A
2089,597.128039,597.1280199107536,597.1284887473889,4091496.5,-9999,235643.9,25.24,-1,-0.7851520136998429,0.44708626952382546,0.6629808336683964,0.5334440951816539,39,0.3829787234042553,0.02127659574468085,O1,de-protonated,0,-9999,C47 H18 O1,47,18,1,-9999,-9999,-9999,-9999,N/A
2089,597.128039,597.1280199107536,597.128350362959,4091496.5,-9999,235643.9,25.24,-1,-0.5534023050527483,0.4729731834427915,0.7805128205128198,0.5959890382708029,12,1.1538461538461535,0.5384615384615384,S1 O14,de-protonated,0,-9999,C26 H30 O14 S1,26,30,14,-9999,-9999,1,-9999,N/A
2089,597.128039,597.1280199107536,597.127837298709,4091496.5,-9999,235643.9,25.24,-1,0.3058173361915065,0.4915866629150029,0.7033271719038788,0.5762828665105533,30,0.5641025641025641,0.07692307692307693,N2 S1 O3,de-protonated,0,-9999,C39 H22 O3 N2 S1,39,22,3,2,-9999,1,-9999,N/A
2089,597.128039,597.1280199107536,597.127970240439,4091496.5,-9999,235643.9,25.24,-1,0.08318202629918507,0.4993726495321776,0.7675537279851021,0.6066450809133475,17,0.9642857142857144,0.3928571428571429,N2 P1 O11,de-protonated,0,-9999,C28 H27 O11 N2 P1,28,27,11,2,1,-9999,-9999,N/A
2089,597.128039,597.1280199107536,597.127698914279,4091496.5,-9999,235643.9,25.24,-1,0.53756755069338,0.9489161536288068,0,0.569349692177284,3,1.8888888888888888,0.8888888888888888,N2 S2 O16,de-protonated,0,-9999,C18 H34 O16 N2 S2,18,34,16,2,-9999,2,-9999,N/A
2090,597.149128,597.1491089127137,597.149618115449,4772474,-9999,211153.2,29.71,-1,-0.8527221987058078,0.4381977887849449,0.677556331758097,0.5339412059742058,34,0.5,0.06818181818181818,O3,de-protonated,0,-9999,C44 H22 O3,44,22,3,-9999,-9999,-9999,-9999,N/A
2090,597.149128,597.1491089127137,597.149479731019,4772474,-9999,211153.2,29.71,-1,-0.620980705693212,0.4662110337167326,0.8007932653391622,0.6000439263657045,7,1.4782608695652173,0.6956521739130435,S1 O16,de-protonated,0,-9999,C23 H34 O16 S1,23,34,16,-9999,-9999,1,-9999,N/A
2090,597.149128,597.1491089127137,597.148966666769,4772474,-9999,211153.2,29.71,-1,0.23820847507782592,0.4948784145594931,0.719752637322661,0.5848281036647602,25,0.7222222222222222,0.1388888888888889,N2 S1 O5,de-protonated,0,-9999,C36 H26 O5 N2 S1,36,26,5,2,-9999,1,-9999,N/A
2090,597.149128,597.1491089127137,597.149099608499,4772474,-9999,211153.2,29.71,-1,0.01558105790684989,0.4999779753938745,0.7871578612348809,0.6148499297302771,12,1.24,0.52,N2 P1 O13,de-protonated,0,-9999,C25 H31 O13 N2 P1,25,31,13,2,1,-9999,-9999,N/A
2090,597.149128,597.1491089127137,597.1485865442489,4772474,-9999,211153.2,29.71,-1,0.8747713325333455,0.43517969965793973,0.7087183895694522,0.5445951756225447,30,0.6052631578947368,0.05263157894736842,N4 P1 O2,de-protonated,0,-9999,C38 H23 O2 N4 P1,38,23,2,4,1,-9999,-9999,N/A
2091,597.164329,597.1643099141264,597.164735872309,3803782.8,-9999,314066.5,23.36,-1,-0.7133009654523282,0.4559063069646243,0.7739790330151771,0.5831353973848454,11,1.2592592592592593,0.48148148148148145,S1 O13,de-protonated,0,-9999,C27 H34 O13 S1,27,34,13,-9999,-9999,1,-9999,N/A
2091,597.164329,597.1643099141264,597.164222808059,3803782.8,-9999,314066.5,23.36,-1,0.145866185737467,0.49807338462789286,0.6980173569463055,0.5780509735552579,29,0.65,0.05,N2 S1 O2,de-protonated,0,-9999,C40 H26 O2 N2 S1,40,26,2,2,-9999,1,-9999,N/A
2091,597.164329,597.1643099141264,597.164355749789,3803782.8,-9999,314066.5,23.36,-1,-0.07675552327051795,0.4994657912479286,0.7612342259156646,0.6041731651150231,16,1.0689655172413792,0.3448275862068966,N2 P1 O10,de-protonated,0,-9999,C29 H31 O10 N2 P1,29,31,10,2,1,-9999,-9999,N/A
2091,597.164329,597.1643099141264,597.164084423629,3803782.8,-9999,314066.5,23.36,-1,0.3776022425152477,0.974460221427256,0,0.5846761328563537,2,2,0.7894736842105263,N2 S2 O15,de-protonated,0,-9999,C19 H38 O15 N2 S2,19,38,15,2,-9999,2,-9999,N/A
2092,597.185529,597.1855099160967,597.186003624799,4584088.5,-9999,267778,28.47,-1,-0.8267251731766678,0.4416830511903654,0.672627141691601,0.5340606873908595,33,0.5777777777777777,0.04444444444444444,O2,de-protonated,0,-9999,C45 H26 O2,45,26,2,-9999,-9999,-9999,-9999,N/A
2092,597.185529,597.1855099160967,597.185865240369,4584088.5,-9999,267778,28.47,-1,-0.5949977937510937,0.46889140867547113,0.7939170211058493,0.5989016536476224,6,1.5833333333333333,0.625,S1 O15,de-protonated,0,-9999,C24 H38 O15 S1,24,38,15,-9999,-9999,1,-9999,N/A
2092,597.185529,597.1855099160967,597.1853521761191,4584088.5,-9999,267778,28.47,-1,0.26413906018600536,0.4937101107632173,0.7141928963326545,0.5819032249909921,24,0.8108108108108109,0.10810810810810811,N2 S1 O4,de-protonated,0,-9999,C37 H30 O4 N2 S1,37,30,4,2,-9999,1,-9999,N/A
2092,597.185529,597.1855099160967,597.185485117849,4584088.5,-9999,267778,28.47,-1,0.04152520174778631,0.4998435846410494,0.7805128205128199,0.6121112789897576,11,1.3461538461538465,0.4615384615384616,N2 P1 O12,de-protonated,0,-9999,C26 H35 O12 N2 P1,26,35,12,2,1,-9999,-9999,N/A
2092,597.185529,597.1855099160967,597.1849720535989,4584088.5,-9999,267778,28.47,-1,0.9006631495974531,0.4315649380713819,0.7033271719038788,0.5402698316043807,29,0.6923076923076923,0.02564102564102564,N4 P1 O1,de-protonated,0,-9999,C39 H27 O1 N4 P1,39,27,1,4,1,-9999,-9999,N/A
2093,597.200881,597.2008619175235,597.201121381659,2516645.3,-9999,310127.2,14.92,-1,-0.4344669261909328,0.9663293817350934,0,0.579797629041056,10,1.3571428571428572,0.42857142857142855,S1 O12,de-protonated,0,-9999,C28 H38 O12 S1,28,38,12,-9999,-9999,1,-9999,N/A
2093,597.200881,597.2008619175235,597.200608317409,2516645.3,-9999,310127.2,14.92,-1,0.4246481182625293,0.4839047927618975,0.6927871148459346,0.5674577215955123,28,0.7317073170731707,0.02439024390243902,N2 S1 O1,de-protonated,0,-9999,C41 H30 O1 N2 S1,41,30,1,2,-9999,1,-9999,N/A
2093,597.200881,597.2008619175235,597.200741259139,2516645.3,-9999,310127.2,14.92,-1,0.20203991081602132,0.9926206042774884,0,0.595572362566493,15,1.1666666666666667,0.3,N2 P1 O9,de-protonated,0,-9999,C30 H35 O9 N2 P1,30,35,9,2,1,-9999,-9999,N/A
2093,597.200881,597.2008619175235,597.2004699329791,2516645.3,-9999,310127.2,14.92,-1,0.6563701205150856,0.9248053113217828,0,0.5548831867930697,1,2.1,0.7,N2 S2 O14,de-protonated,0,-9999,C20 H42 O14 N2 S2,20,42,14,2,-9999,2,-9999,N/A
2094,597.221888,597.2218689194759,597.222389134149,3318966.8,-9999,215324.5,20.18,-1,-0.871056883587794,0.4356920580934633,0.6677691528855879,0.5285228960103132,32,0.6521739130434783,0.0217391304347826,O1,de-protonated,0,-9999,C46 H30 O1,46,30,1,-9999,-9999,-9999,-9999,N/A
2094,597.221888,597.2218689194759,597.222250749719,3318966.8,-9999,215324.5,20.18,-1,-0.6393436323256274,0.4642573734310031,0.7871578612348809,0.5934175685525542,5,1.68,0.56,S1 O14,de-protonated,0,-9999,C25 H42 O14 S1,25,42,14,-9999,-9999,1,-9999,N/A
2094,597.221888,597.2218689194759,597.221737685469,3318966.8,-9999,215324.5,20.18,-1,0.21974084111586104,0.4956384157620899,0.7087183895694522,0.5808704052850349,23,0.8947368421052632,0.07894736842105263,N2 S1 O3,de-protonated,0,-9999,C38 H34 O3 N2 S1,38,34,3,2,-9999,1,-9999,N/A
2094,597.221888,597.2218689194759,597.2218706271991,3318966.8,-9999,215324.5,20.18,-1,-0.00285944515759204,0.4999992581996168,0.7739790330151772,0.609591168125841,10,1.4444444444444444,0.4074074074074074,N2 P1 O11,de-protonated,0,-9999,C27 H39 O11 N2 P1,27,39,11,2,1,-9999,-9999,N/A
2095,599.034369,599.0343500879269,599.0348438993691,2757804,-9999,312631.4,16.49,-1,-0.8243451065101416,0.8839961945496432,0,0.5303977167297859,14,0.8695652173913043,0.7391304347826086,S1 O17,de-protonated,0,-9999,C23 H20 O17 S1,23,20,17,-9999,-9999,1,-9999,N/A
2095,599.034369,599.0343500879269,599.034330835119,2757804,-9999,312631.4,16.49,-1,0.03213974038406295,0.499906293900239,0.719752637322661,0.5878448312692078,32,0.3333333333333333,0.16666666666666666,N2 S1 O6,de-protonated,0,-9999,C36 H12 O6 N2 S1,36,12,6,2,-9999,1,-9999,N/A
2095,599.034369,599.0343500879269,599.0344637768491,2757804,-9999,312631.4,16.49,-1,-0.18978694723670655,0.9934856949676344,0,0.5960914169805807,19,0.68,0.56,N2 P1 O14,de-protonated,0,-9999,C25 H17 O14 N2 P1,25,17,14,2,1,-9999,-9999,N/A
2095,599.034369,599.0343500879269,599.0338123281691,2757804,-9999,312631.4,16.49,-1,0.8977118598468292,0.8639615082063318,0,0.5183769049237991,10,1.2352941176470589,0.9411764705882352,N4 S1 P1 O16,de-protonated,0,-9999,C17 H21 O16 N4 P1 S1,17,21,16,4,1,1,-9999,N/A
2096,599.070798,599.0707790913126,599.071229408719,7042251,-9999,288407.3,44.58,-1,-0.7516925939176721,0.4512773034739325,0.7939170211058494,0.5883331905266993,13,1,0.6666666666666666,S1 O16,de-protonated,0,-9999,C24 H24 O16 S1,24,24,16,-9999,-9999,1,-9999,N/A
2096,599.070798,599.0707790913126,599.070716344469,7042251,-9999,288407.3,44.58,-1,0.10474029504429612,0.4990056958788953,0.7141928963326544,0.585080576060399,31,0.43243243243243246,0.13513513513513514,N2 S1 O5,de-protonated,0,-9999,C37 H16 O5 N2 S1,37,16,5,2,-9999,1,-9999,N/A
2096,599.070798,599.0707790913126,599.0708492861991,7042251,-9999,288407.3,44.58,-1,-0.11717292962140936,0.49875595077512824,0.7805128205128198,0.6114586986702049,18,0.8076923076923077,0.5,N2 P1 O13,de-protonated,0,-9999,C26 H21 O13 N2 P1,26,21,13,2,1,-9999,-9999,N/A
2096,599.070798,599.0707790913126,599.070336221949,7042251,-9999,288407.3,44.58,-1,0.7392610463789766,0.4527975609680936,0.7033271719038788,0.5530094053424077,36,0.3333333333333333,0.05128205128205128,N4 P1 O2,de-protonated,0,-9999,C39 H13 O2 N4 P1,39,13,2,4,1,-9999,-9999,N/A
2096,599.070798,599.0707790913126,599.070197837519,7042251,-9999,288407.3,44.58,-1,0.9702599055941166,0.4214880929142573,0.8370420509349343,0.5877096761225281,9,1.3888888888888888,0.8333333333333334,N4 S1 P1 O15,de-protonated,0,-9999,C18 H25 O15 N4 P1 S1,18,25,15,4,1,1,-9999,N/A
2097,599.092106,599.0920870932929,599.092497161209,3481821,-9999,289557.7,21.24,-1,-0.6844818089141931,0.4592508634574991,0.6876346701883607,0.5506043861498437,35,0.380952380952381,0.11904761904761904,O5,de-protonated,0,-9999,C42 H16 O5,42,16,5,-9999,-9999,-9999,-9999,N/A
2097,599.092106,599.0920870932929,599.0923587767791,3481821,-9999,289557.7,21.24,-1,-0.45349182341519023,0.96337185500811,0,0.578023113004866,8,1.3333333333333333,0.8571428571428571,S1 O18,de-protonated,0,-9999,C21 H28 O18 S1,21,28,18,-9999,-9999,1,-9999,N/A
2097,599.092106,599.0920870932929,599.091845712529,3481821,-9999,289557.7,21.24,-1,0.4029111155883258,0.48548684735087866,0.7311359101322861,0.5837464724634416,26,0.5882352941176471,0.2058823529411765,N2 S1 O7,de-protonated,0,-9999,C34 H20 O7 N2 S1,34,20,7,2,-9999,1,-9999,N/A
2097,599.092106,599.0920870932929,599.091978654259,3481821,-9999,289557.7,21.24,-1,0.1810056514118645,0.4970364119005614,0.8007932653391622,0.6185391532760017,13,1.0869565217391304,0.6521739130434783,N2 P1 O15,de-protonated,0,-9999,C23 H25 O15 N2 P1,23,25,15,2,1,-9999,-9999,N/A
2098,599.107234,599.1072150946989,599.1077533024991,6550761.5,-9999,247372.1,41.36,-1,-0.8983489151187226,0.4318910791234302,0.667769152885588,0.5262423086282934,39,0.34782608695652173,0.04347826086956521,O2,de-protonated,0,-9999,C46 H16 O2,46,16,2,-9999,-9999,-9999,-9999,N/A
2098,599.107234,599.1072150946989,599.1076149180691,6550761.5,-9999,247372.1,41.36,-1,-0.6673648611279236,0.46118314146599343,0.7871578612348809,0.5915730293735484,12,1.12,0.6,S1 O15,de-protonated,0,-9999,C25 H28 O15 S1,25,28,15,-9999,-9999,1,-9999,N/A
2098,599.107234,599.1072150946989,599.107101853819,6550761.5,-9999,247372.1,41.36,-1,0.18901608659088287,0.4967691675077118,0.7087183895694522,0.5815488563324079,30,0.5263157894736842,0.10526315789473684,N2 S1 O4,de-protonated,0,-9999,C38 H20 O4 N2 S1,38,20,4,2,-9999,1,-9999,N/A
2098,599.107234,599.1072150946989,599.1072347955491,6550761.5,-9999,247372.1,41.36,-1,-0.03288367934577858,0.49990190609201834,0.7739790330151771,0.6095327568612818,17,0.925925925925926,0.4444444444444444,N2 P1 O12,de-protonated,0,-9999,C27 H25 O12 N2 P1,27,25,12,2,1,-9999,-9999,N/A
2098,599.107234,599.1072150946989,599.1067217312989,6550761.5,-9999,247372.1,41.36,-1,0.8234983552795155,0.4421100155467275,0.6980173569463055,0.5444729521065588,35,0.425,0.025,N4 P1 O1,de-protonated,0,-9999,C40 H17 O1 N4 P1,40,17,1,4,1,-9999,-9999,N/A
2099,599.128377,599.128358096664,599.128882670559,3649787.8,-9999,265377.6,22.34,-1,-0.8755610190668877,0.4350705698856879,0.6825582999861977,0.5340656619258919,34,0.46511627906976744,0.09302325581395347,O4,de-protonated,0,-9999,C43 H20 O4,43,20,4,-9999,-9999,-9999,-9999,N/A
2099,599.128377,599.128358096664,599.1287442861291,3649787.8,-9999,265377.6,22.34,-1,-0.6445851058866394,0.4636908187555129,0.8077896627745538,0.6013303563631293,7,1.4545454545454546,0.7727272727272727,S1 O17,de-protonated,0,-9999,C22 H32 O17 S1,22,32,17,-9999,-9999,1,-9999,N/A
2099,599.128377,599.128358096664,599.128231221879,3649787.8,-9999,265377.6,22.34,-1,0.21176565947749987,0.4959480024756131,0.7253996187124169,0.5877286489703346,25,0.6857142857142857,0.17142857142857143,N2 S1 O6,de-protonated,0,-9999,C35 H24 O6 N2 S1,35,24,6,2,-9999,1,-9999,N/A
2099,599.128377,599.128358096664,599.128364163609,3649787.8,-9999,265377.6,22.34,-1,-0.01012628580212114,0.49999069706142,0.7939170211058493,0.6175612266791917,12,1.2083333333333333,0.5833333333333334,N2 P1 O14,de-protonated,0,-9999,C24 H29 O14 N2 P1,24,29,14,2,1,-9999,-9999,N/A
2099,599.128377,599.128358096664,599.127851099359,3649787.8,-9999,265377.6,22.34,-1,0.846225566202121,0.439076259516929,0.7141928963326544,0.5491229142432191,30,0.5675675675675675,0.08108108108108109,N4 P1 O3,de-protonated,0,-9999,C37 H21 O3 N4 P1,37,21,3,4,1,-9999,-9999,N/A
2100,599.143659,599.1436400980842,599.144138811849,5489928.5,-9999,282817.7,34.4,-1,-0.8323769397404831,0.44093220239422215,0.6629808336683964,0.5297516549038919,38,0.425531914893617,0.02127659574468085,O1,de-protonated,0,-9999,C47 H20 O1,47,20,1,-9999,-9999,-9999,-9999,N/A
2100,599.143659,599.1436400980842,599.1440004274191,5489928.5,-9999,282817.7,34.4,-1,-0.6014068981684729,0.468239480921145,0.7805128205128199,0.593148816757815,11,1.2307692307692308,0.5384615384615384,S1 O14,de-protonated,0,-9999,C26 H32 O14 S1,26,32,14,-9999,-9999,1,-9999,N/A
2100,599.143659,599.1436400980842,599.1434873631689,5489928.5,-9999,282817.7,34.4,-1,0.25492209888529727,0.49413887708020554,0.7033271719038788,0.5778141950096749,29,0.6153846153846154,0.07692307692307693,N2 S1 O3,de-protonated,0,-9999,C39 H24 O3 N2 S1,39,24,3,2,-9999,1,-9999,N/A
2100,599.143659,599.1436400980842,599.1436203048991,5489928.5,-9999,282817.7,34.4,-1,0.0330357939292568,0.4999009965499165,0.7675537279851021,0.6069620891239907,16,1.0357142857142858,0.3928571428571429,N2 P1 O11,de-protonated,0,-9999,C28 H29 O11 N2 P1,28,29,11,2,1,-9999,-9999,N/A
2100,599.143659,599.1436400980842,599.143348978739,5489928.5,-9999,282817.7,34.4,-1,0.48589264272506494,0.47903304227652654,0.8370420509349343,0.6222366457398897,2,2,0.8888888888888888,N2 S2 O16,de-protonated,0,-9999,C18 H36 O16 N2 S2,18,36,16,2,-9999,2,-9999,N/A
2101,599.164755,599.1647361000449,599.165268179909,3896602.5,-9999,307296.8,23.96,-1,-0.8880352256254452,0.43333732823350946,0.677556331758097,0.5310249296433445,33,0.5454545454545454,0.06818181818181818,O3,de-protonated,0,-9999,C44 H24 O3,44,24,3,-9999,-9999,-9999,-9999,N/A
2101,599.164755,599.1647361000449,599.1651297954791,3896602.5,-9999,307296.8,23.96,-1,-0.6570733418038273,0.462325166465962,0.8007932653391622,0.5977124060152421,6,1.565217391304348,0.6956521739130435,S1 O16,de-protonated,0,-9999,C23 H36 O16 S1,23,36,16,-9999,-9999,1,-9999,N/A
2101,599.164755,599.1647361000449,599.164616731229,3896602.5,-9999,307296.8,23.96,-1,0.1992254091970183,0.4964120170786447,0.719752637322661,0.5857482651762512,24,0.7777777777777778,0.1388888888888889,N2 S1 O5,de-protonated,0,-9999,C36 H28 O5 N2 S1,36,28,5,2,-9999,1,-9999,N/A
2101,599.164755,599.1647361000449,599.164749672959,3896602.5,-9999,307296.8,23.96,-1,-0.02265305845632936,0.4999534459675444,0.787157861234881,0.6148352120744791,11,1.32,0.52,N2 P1 O13,de-protonated,0,-9999,C25 H33 O13 N2 P1,25,33,13,2,1,-9999,-9999,N/A
2101,599.164755,599.1647361000449,599.164236608709,3896602.5,-9999,307296.8,23.96,-1,0.8336467790526324,0.440762974387,0.7087183895694522,0.5479451404599809,29,0.6578947368421053,0.05263157894736842,N4 P1 O2,de-protonated,0,-9999,C38 H25 O2 N4 P1,38,25,2,4,1,-9999,-9999,N/A
2102,599.179916,599.179897101454,599.1803859367691,4744487.5,-9999,248212.2,29.51,-1,-0.8158399816735674,0.44311830236020505,0.7739790330151772,0.575462594622194,10,1.3333333333333333,0.48148148148148145,S1 O13,de-protonated,0,-9999,C27 H36 O13 S1,27,36,13,-9999,-9999,1,-9999,N/A
2102,599.179916,599.179897101454,599.179872872519,4744487.5,-9999,248212.2,29.51,-1,0.04043683055260645,0.49985167525023394,0.6980173569463055,0.5791179479286626,28,0.7,0.05,N2 S1 O2,de-protonated,0,-9999,C40 H28 O2 N2 S1,40,28,2,2,-9999,1,-9999,N/A
2102,599.179916,599.179897101454,599.1800058142491,4744487.5,-9999,248212.2,29.51,-1,-0.18143595246699676,0.4970223466865911,0.7612342259156646,0.6027070983782206,15,1.137931034482759,0.3448275862068966,N2 P1 O10,de-protonated,0,-9999,C29 H33 O10 N2 P1,29,33,10,2,1,-9999,-9999,N/A
2102,599.179916,599.179897101454,599.179734488089,4744487.5,-9999,248212.2,29.51,-1,0.2713932992357362,0.4933622140137266,0.8295321147073605,0.6278301742911803,1,2.1052631578947367,0.7894736842105263,N2 S2 O15,de-protonated,0,-9999,C19 H40 O15 N2 S2,19,40,15,2,-9999,2,-9999,N/A
2102,599.179916,599.179897101454,599.1793543655691,4744487.5,-9999,248212.2,29.51,-1,0.9057987077452304,0.4308390812727289,0.8149093904448103,0.5844672049415613,6,1.761904761904762,0.5714285714285714,N4 S1 P1 O12,de-protonated,0,-9999,C21 H37 O12 N4 P1 S1,21,37,12,4,1,1,-9999,N/A
2103,599.20112,599.2011011034247,599.201653689259,3319097.5,-9999,349788.5,20.17,-1,-0.922203453515519,0.4285011372521344,0.672627141691601,0.526151539027921,32,0.6222222222222222,0.04444444444444444,O2,de-protonated,0,-9999,C45 H28 O2,45,28,2,-9999,-9999,-9999,-9999,N/A
2103,599.20112,599.2011011034247,599.2015153048291,3319097.5,-9999,349788.5,20.17,-1,-0.6912556023589048,0.458474966263467,0.7939170211058494,0.59265178820042,5,1.6666666666666667,0.625,S1 O15,de-protonated,0,-9999,C24 H40 O15 S1,24,40,15,-9999,-9999,1,-9999,N/A
2103,599.20112,599.2011011034247,599.2010022405791,3319097.5,-9999,349788.5,20.17,-1,0.16499112183044157,0.4975363849641424,0.7141928963326545,0.5841989895115473,23,0.8648648648648649,0.10810810810810811,N2 S1 O4,de-protonated,0,-9999,C37 H32 O4 N2 S1,37,32,4,2,-9999,1,-9999,N/A
2103,599.20112,599.2011011034247,599.201135182309,3319097.5,-9999,349788.5,20.17,-1,-0.05687386483056932,0.4997066258302057,0.7805128205128199,0.6120291037032514,10,1.4230769230769231,0.4615384615384616,N2 P1 O12,de-protonated,0,-9999,C26 H37 O12 N2 P1,26,37,12,2,1,-9999,-9999,N/A
2103,599.20112,599.2011011034247,599.200622118059,3319097.5,-9999,349788.5,20.17,-1,0.7993739459246381,0.44526188860025934,0.7033271719038788,0.5484880019217071,28,0.7435897435897436,0.02564102564102564,N4 P1 O1,de-protonated,0,-9999,C39 H29 O1 N4 P1,39,29,1,4,1,-9999,-9999,N/A
2104,599.216425,599.2164061048471,599.216771446119,3360070.3,-9999,291908.1,20.44,-1,-0.6096980078899638,0.467387125550996,0.7675537279851021,0.5874537665246384,9,1.4285714285714286,0.42857142857142855,S1 O12,de-protonated,0,-9999,C28 H40 O12 S1,28,40,12,-9999,-9999,1,-9999,N/A
2104,599.216425,599.2164061048471,599.2162583818689,3360070.3,-9999,291908.1,20.44,-1,0.24652698614295215,0.49451646849080233,0.6927871148459346,0.5738247270328551,27,0.7804878048780488,0.02439024390243902,N2 S1 O1,de-protonated,0,-9999,C41 H32 O1 N2 S1,41,32,1,2,-9999,1,-9999,N/A
2104,599.216425,599.2164061048471,599.216391323599,3360070.3,-9999,291908.1,20.44,-1,0.02466762972961151,0.49994479801441655,0.7550179348240813,0.6019740527382824,14,1.2333333333333334,0.3,N2 P1 O9,de-protonated,0,-9999,C30 H37 O9 N2 P1,30,37,9,2,1,-9999,-9999,N/A
2104,599.216425,599.2164061048471,599.216119997439,3360070.3,-9999,291908.1,20.44,-1,0.4774694781280436,0.9594777569068844,0,0.5756866541441307,0,2.2,0.7,N2 S2 O14,de-protonated,0,-9999,C20 H44 O14 N2 S2,20,44,14,2,-9999,2,-9999,N/A
2105,600.102658,600.1026391872132,600.1030022746991,2244665,-9999,289200.4,13.12,-1,-0.6050419419727926,0.4678670312157346,0.672627141691601,0.5497710754060812,39,0.3333333333333333,0.04444444444444444,N1 O2,de-protonated,0,-9999,C45 H15 O2 N1,45,15,2,1,-9999,-9999,-9999,N/A
2105,600.102658,600.1026391872132,600.1028638902691,2244665,-9999,289200.4,13.12,-1,-0.3744408990739932,0.9748806827536046,0,0.5849284096521628,12,1.125,0.625,N1 S1 O15,de-protonated,0,-9999,C24 H27 O15 N1 S1,24,27,15,1,-9999,1,-9999,N/A
2105,600.102658,600.1026391872132,600.102350826019,2244665,-9999,289200.4,13.12,-1,0.480520020931136,0.4794845578910464,0.7141928963326545,0.5733678932676897,30,0.5135135135135135,0.10810810810810811,N3 S1 O4,de-protonated,0,-9999,C37 H19 O4 N3 S1,37,19,4,3,-9999,1,-9999,N/A
2105,600.102658,600.1026391872132,600.102483767749,2244665,-9999,289200.4,13.12,-1,0.2589882034148114,0.9879031122317024,0,0.5927418673390215,17,0.9230769230769232,0.4615384615384616,N3 P1 O12,de-protonated,0,-9999,C26 H24 O12 N3 P1,26,24,12,3,1,-9999,-9999,N/A
2106,601.050186,601.050167275276,601.0504939638291,4391781.5,-9999,303984.2,27.19,-1,-0.5435292982100622,0.47390353291846526,0.8007932653391621,0.6046594258867439,13,0.9565217391304348,0.7391304347826086,S1 O17,de-protonated,0,-9999,C23 H22 O17 S1,23,22,17,-9999,-9999,1,-9999,N/A
2106,601.050186,601.050167275276,601.049980899579,4391781.5,-9999,303984.2,27.19,-1,0.31008352519997945,0.49135234726312743,0.719752637322661,0.5827124632869409,31,0.3888888888888889,0.16666666666666666,N2 S1 O6,de-protonated,0,-9999,C36 H14 O6 N2 S1,36,14,6,2,-9999,1,-9999,N/A
2106,601.050186,601.050167275276,601.050113841309,4391781.5,-9999,303984.2,27.19,-1,0.08890101796494988,0.4992834839295386,0.7871578612348809,0.6144332348516754,18,0.76,0.56,N2 P1 O14,de-protonated,0,-9999,C25 H19 O14 N2 P1,25,19,14,2,1,-9999,-9999,N/A
2107,601.086675,601.0866562786672,601.087017857609,7316357,-9999,264487.6,46.37,-1,-0.6015417586210169,0.46822569781279705,0.672627141691601,0.5499862753643187,39,0.3111111111111111,0.06666666666666667,O3,de-protonated,0,-9999,C45 H14 O3,45,14,3,-9999,-9999,-9999,-9999,N/A
2107,601.086675,601.0866562786672,601.086879473179,7316357,-9999,264487.6,46.37,-1,-0.3713182227732376,0.4876463534145999,0.7939170211058493,0.6101546204910997,12,1.0833333333333333,0.6666666666666666,S1 O16,de-protonated,0,-9999,C24 H26 O16 S1,24,26,16,-9999,-9999,1,-9999,N/A
2107,601.086675,601.0866562786672,601.086366408929,7316357,-9999,264487.6,46.37,-1,0.4822430757687673,0.4793402528085981,0.7141928963326545,0.5732813102182206,30,0.4864864864864865,0.13513513513513514,N2 S1 O5,de-protonated,0,-9999,C37 H18 O5 N2 S1,37,18,5,2,-9999,1,-9999,N/A
2107,601.086675,601.0866562786672,601.086499350659,7316357,-9999,264487.6,46.37,-1,0.2610739192761104,0.4938543472633397,0.7805128205128198,0.6085177365631318,17,0.8846153846153846,0.5,N2 P1 O13,de-protonated,0,-9999,C26 H23 O13 N2 P1,26,23,13,2,1,-9999,-9999,N/A
2108,601.12296,601.1229412820395,601.123403366959,6331300,-9999,232744.1,39.91,-1,-0.7687022613036626,0.4491646368881455,0.667769152885588,0.5366064432871225,38,0.391304347826087,0.04347826086956521,O2,de-protonated,0,-9999,C46 H18 O2,46,18,2,-9999,-9999,-9999,-9999,N/A
2108,601.12296,601.1229412820395,601.123264982529,6331300,-9999,232744.1,39.91,-1,-0.5384926991839294,0.4743723808280496,0.7871578612348809,0.5994865729907821,11,1.2,0.6,S1 O15,de-protonated,0,-9999,C25 H30 O15 S1,25,30,15,-9999,-9999,1,-9999,N/A
2108,601.12296,601.1229412820395,601.122751918279,6331300,-9999,232744.1,39.91,-1,0.31501679124774046,0.4910774884792845,0.7087183895694522,0.5781338489153516,29,0.5789473684210527,0.10526315789473684,N2 S1 O4,de-protonated,0,-9999,C38 H22 O4 N2 S1,38,22,4,2,-9999,1,-9999,N/A
2108,601.12296,601.1229412820395,601.1228848600091,6331300,-9999,232744.1,39.91,-1,0.09386105874921102,0.4992013662548192,0.7739790330151771,0.6091124329589623,16,1,0.4444444444444444,N2 P1 O12,de-protonated,0,-9999,C27 H27 O12 N2 P1,27,27,12,2,1,-9999,-9999,N/A
2108,601.12296,601.1229412820395,601.1223717957589,6331300,-9999,232744.1,39.91,-1,0.9473716290003804,0.4248582326326852,0.6980173569463055,0.5341218823581333,34,0.475,0.025,N4 P1 O1,de-protonated,0,-9999,C40 H19 O1 N4 P1,40,19,1,4,1,-9999,-9999,N/A
2109,601.159327,601.1593082854193,601.159788876309,5131203.5,-9999,255182,32.04,-1,-0.7994395143257828,0.4452534191033973,0.6629808336683964,0.532344384929397,37,0.46808510638297873,0.02127659574468085,O1,de-protonated,0,-9999,C47 H22 O1,47,22,1,-9999,-9999,-9999,-9999,N/A
2109,601.159327,601.1593082854193,601.159650491879,5131203.5,-9999,255182,32.04,-1,-0.5692438928385012,0.4714493713201304,0.7805128205128199,0.5950747509972062,10,1.3076923076923077,0.5384615384615384,S1 O14,de-protonated,0,-9999,C26 H34 O14 S1,26,34,14,-9999,-9999,1,-9999,N/A
2109,601.159327,601.1593082854193,601.1591374276289,5131203.5,-9999,255182,32.04,-1,0.2842139123749607,0.4927249553481982,0.7033271719038788,0.5769658419704705,28,0.6666666666666666,0.07692307692307693,N2 S1 O3,de-protonated,0,-9999,C39 H26 O3 N2 S1,39,26,3,2,-9999,1,-9999,N/A
2109,601.159327,601.1593082854193,601.159270369359,5131203.5,-9999,255182,32.04,-1,0.06307157226569889,0.4996392266756105,0.7675537279851021,0.6068050271994072,15,1.1071428571428572,0.3928571428571429,N2 P1 O11,de-protonated,0,-9999,C28 H31 O11 N2 P1,28,31,11,2,1,-9999,-9999,N/A
2109,601.159327,601.1593082854193,601.1589990431991,5131203.5,-9999,255182,32.04,-1,0.5144100325784041,0.47655996873647377,0.8370420509349343,0.620752801615858,1,2.111111111111111,0.8888888888888888,N2 S2 O16,de-protonated,0,-9999,C18 H38 O16 N2 S2,18,38,16,2,-9999,2,-9999,N/A
2110,601.195743,601.1957242888038,601.196036001229,4869091,-9999,245907.7,30.32,-1,-0.51848715977294,0.47619595579270985,0.7739790330151772,0.5953091866816969,9,1.4074074074074074,0.48148148148148145,S1 O13,de-protonated,0,-9999,C27 H38 O13 S1,27,38,13,-9999,-9999,1,-9999,N/A
2110,601.195743,601.1957242888038,601.1955229369789,4869091,-9999,245907.7,30.32,-1,0.3349190358487959,0.4899262459339569,0.6980173569463055,0.5731626903388963,27,0.75,0.05,N2 S1 O2,de-protonated,0,-9999,C40 H30 O2 N2 S1,40,30,2,2,-9999,1,-9999,N/A
2110,601.195743,601.1957242888038,601.1956558787091,4869091,-9999,245907.7,30.32,-1,0.11379006829486016,0.49882666378234847,0.7612342259156645,0.6037896886356748,14,1.206896551724138,0.3448275862068966,N2 P1 O10,de-protonated,0,-9999,C29 H35 O10 N2 P1,29,35,10,2,1,-9999,-9999,N/A
2110,601.195743,601.1957242888038,601.1953845525491,4869091,-9999,245907.7,30.32,-1,0.5651012358085059,0.4718515307402244,0.8295321147073604,0.6149237643270788,0,2.210526315789474,0.7894736842105263,N2 S2 O15,de-protonated,0,-9999,C19 H42 O15 N2 S2,19,42,15,2,-9999,2,-9999,N/A
2111,601.232124,601.2321052921851,601.232421510579,2671106.3,-9999,254039.6,15.91,-1,-0.5259503356400628,0.9510458387225332,0,0.5706275032335199,8,1.5,0.42857142857142855,S1 O12,de-protonated,0,-9999,C28 H42 O12 S1,28,42,12,-9999,-9999,1,-9999,N/A
2111,601.232124,601.2321052921851,601.2319084463289,2671106.3,-9999,254039.6,15.91,-1,0.3274042069543429,0.49036890539421313,0.6927871148459346,0.5713361891749017,26,0.8292682926829268,0.02439024390243902,N2 S1 O1,de-protonated,0,-9999,C41 H34 O1 N2 S1,41,34,1,2,-9999,1,-9999,N/A
2111,601.232124,601.2321052921851,601.2320413880591,2671106.3,-9999,254039.6,15.91,-1,0.10628862339959036,0.4989761122464786,0.7550179348240812,0.6013928412775196,13,1.3,0.3,N2 P1 O9,de-protonated,0,-9999,C30 H39 O9 N2 P1,30,39,9,2,1,-9999,-9999,N/A
2112,603.066036,603.066017462628,603.066144028289,5351994,-9999,223535.3,33.48,-1,-0.2098702809000327,0.4960199233655541,0.8007932653391622,0.6179292601549973,12,1.0434782608695652,0.7391304347826086,S1 O17,de-protonated,0,-9999,C23 H24 O17 S1,23,24,17,-9999,-9999,1,-9999,N/A
2112,603.066036,603.066017462628,603.0656309640391,5351994,-9999,223535.3,33.48,-1,0.6408897623491606,0.4640906602973298,0.719752637322661,0.5663554511074623,30,0.4444444444444444,0.16666666666666666,N2 S1 O6,de-protonated,0,-9999,C36 H16 O6 N2 S1,36,16,6,2,-9999,1,-9999,N/A
2112,603.066036,603.066017462628,603.065763905769,5351994,-9999,223535.3,33.48,-1,0.4204464490523264,0.4842166679558304,0.787157861234881,0.6053931452674506,17,0.84,0.56,N2 P1 O14,de-protonated,0,-9999,C25 H21 O14 N2 P1,25,21,14,2,1,-9999,-9999,N/A
2113,603.102247,603.1022284659933,603.102667922069,6677082,-9999,253490.4,42.16,-1,-0.7286588156051458,0.9480494380042822,0.9188486717200528,0.9363691314905904,38,0.35555555555555557,0.06666666666666667,O3,de-protonated,0,-9999,C45 H16 O3,45,16,3,-9999,-9999,-9999,-9999,N/A
2113,603.102247,603.1022284659933,603.102529537639,6677082,-9999,253490.4,42.16,-1,-0.4992047470588036,0.9778156753792366,0.9598614488656988,0.9706339847738216,11,1.1666666666666667,0.6666666666666666,S1 O16,de-protonated,0,-9999,C24 H28 O16 S1,24,28,16,-9999,-9999,1,-9999,N/A
2113,603.102247,603.1022284659933,603.102016473389,6677082,-9999,253490.4,42.16,-1,0.351503723371625,0.9315119671873208,0.9604144263611062,0.943072950856835,29,0.5405405405405406,0.13513513513513514,N2 S1 O5,de-protonated,0,-9999,C37 H20 O5 N2 S1,37,20,5,2,-9999,1,-9999,N/A
2113,603.102247,603.1022284659933,603.102149415119,6677082,-9999,253490.4,42.16,-1,0.1310737731510767,0.966852892765294,0.9732656494587284,0.9694179954426678,16,0.9615384615384616,0.5,N2 P1 O13,de-protonated,0,-9999,C26 H25 O13 N2 P1,26,25,13,2,1,-9999,-9999,N/A
2113,603.102247,603.1022284659933,603.101636350869,6677082,-9999,253490.4,42.16,-1,0.9817833159493864,0.4197712775097223,0.7033271719038788,0.533193635267385,34,0.4358974358974359,0.05128205128205128,N4 P1 O2,de-protonated,0,-9999,C39 H17 O2 N4 P1,39,17,2,4,1,-9999,-9999,N/A
2114,603.138693,603.1386744693806,603.139053431419,6812281.5,-9999,305570.4,43.05,-1,-0.6283162005238284,0.46543644632060766,0.667769152885588,0.5463695289465997,37,0.43478260869565216,0.04347826086956521,O2,de-protonated,0,-9999,C46 H20 O2,46,20,2,-9999,-9999,-9999,-9999,N/A
2114,603.138693,603.1386744693806,603.138915046989,6812281.5,-9999,305570.4,43.05,-1,-0.39887595121065633,0.4857719354292855,0.7871578612348809,0.6063263057515236,10,1.28,0.6,S1 O15,de-protonated,0,-9999,C25 H32 O15 S1,25,32,15,-9999,-9999,1,-9999,N/A
2114,603.138693,603.1386744693806,603.1384019827391,6812281.5,-9999,305570.4,43.05,-1,0.45178128371649173,0.48182128788811046,0.7087183895694522,0.5725801285606471,28,0.631578947368421,0.10526315789473684,N2 S1 O4,de-protonated,0,-9999,C38 H24 O4 N2 S1,38,24,4,2,-9999,1,-9999,N/A
2114,603.138693,603.1386744693806,603.1385349244691,6812281.5,-9999,305570.4,43.05,-1,0.23136460926009839,0.4951670725941051,0.7739790330151771,0.6066918567625339,15,1.0740740740740742,0.4444444444444444,N2 P1 O12,de-protonated,0,-9999,C27 H29 O12 N2 P1,27,29,12,2,1,-9999,-9999,N/A
2115,603.140296,603.1402774695296,603.140055753019,3226491,-9999,280568,19.54,-1,0.3676036907092547,0.48788927696369766,0.719752637322661,0.580634621107283,23,0.8055555555555556,0.1388888888888889,S1 P1 O5,de-protonated,0,-9999,C36 H29 O5 P1 S1,36,29,5,-9999,1,1,-9999,N/A
2115,603.140296,603.1402774695296,603.1402524575091,3226491,-9999,280568,19.54,-1,0.04146965883817016,0.49984400272929586,0.7805128205128199,0.6121115298427054,15,1.0769230769230769,0.4230769230769231,N4 S1 O11,de-protonated,0,-9999,C26 H28 O11 N4 S1,26,28,11,4,-9999,1,-9999,N/A
2116,603.175116,603.1750974727657,603.175438940769,5675673.5,-9999,227905.3,35.6,-1,-0.5661172210267151,0.9246383322933138,0.9644883707384077,0.9405783476713514,36,0.5106382978723404,0.02127659574468085,O1,de-protonated,0,-9999,C47 H24 O1,47,24,1,-9999,-9999,-9999,-9999,N/A
2116,603.175116,603.1750974727657,603.175300556339,5675673.5,-9999,227905.3,35.6,-1,-0.336690798030633,0.9668159004170828,0.9179796424171688,0.9472813972171172,9,1.3846153846153846,0.5384615384615384,S1 O14,de-protonated,0,-9999,C26 H36 O14 S1,26,36,14,-9999,-9999,1,-9999,N/A
2116,603.175116,603.1750974727657,603.174787492089,5675673.5,-9999,227905.3,35.6,-1,0.5139151755063668,0.9662436297331628,0.99516529102611,0.9778122942503416,27,0.717948717948718,0.07692307692307693,N2 S1 O3,de-protonated,0,-9999,C39 H28 O3 N2 S1,39,28,3,2,-9999,1,-9999,N/A
2116,603.175116,603.1750974727657,603.174920433819,5675673.5,-9999,227905.3,35.6,-1,0.29351178361944186,0.9909475505340044,0.9309387349448864,0.9669440242983572,14,1.1785714285714286,0.3928571428571429,N2 P1 O11,de-protonated,0,-9999,C28 H33 O11 N2 P1,28,33,11,2,1,-9999,-9999,N/A
2116,603.175116,603.1750974727657,603.1746491076591,5675673.5,-9999,227905.3,35.6,-1,0.743342093890512,0.9237986519716171,0.8614504119950545,0.8988593559809921,0,2.2222222222222223,0.8888888888888888,N2 S2 O16,de-protonated,0,-9999,C18 H40 O16 N2 S2,18,40,16,2,-9999,2,-9999,N/A
2117,603.211483,603.2114644761457,603.211686065689,5481145.5,-9999,249477.2,34.32,-1,-0.3673495531709486,0.48790581222226903,0.7739790330151772,0.6023351005394324,8,1.4814814814814814,0.48148148148148145,S1 O13,de-protonated,0,-9999,C27 H40 O13 S1,27,40,13,-9999,-9999,1,-9999,N/A
2117,603.211483,603.2114644761457,603.211173001439,5481145.5,-9999,249477.2,34.32,-1,0.4832050860027296,0.47925947914396727,0.6980173569463055,0.5667626302649025,26,0.8,0.05,N2 S1 O2,de-protonated,0,-9999,C40 H32 O2 N2 S1,40,32,2,2,-9999,1,-9999,N/A
2117,603.211483,603.2114644761457,603.211305943169,5481145.5,-9999,249477.2,34.32,-1,0.26281499554475607,0.4937726187166954,0.7612342259156646,0.6007572615962831,13,1.2758620689655171,0.3448275862068966,N2 P1 O10,de-protonated,0,-9999,C29 H37 O10 N2 P1,29,37,10,2,1,-9999,-9999,N/A
2118,603.247689,603.2476704795107,603.248071575039,3162841,-9999,310512.2,19.12,-1,-0.6648931794921027,0.461458778700162,0.7675537279851021,0.5838967584141381,7,1.5714285714285714,0.42857142857142855,S1 O12,de-protonated,0,-9999,C28 H44 O12 S1,28,44,12,-9999,-9999,1,-9999,N/A
2118,603.247689,603.2476704795107,603.247558510789,3162841,-9999,310512.2,19.12,-1,0.1856099045242689,0.4968842010524824,0.6927871148459346,0.5752453665698632,25,0.8780487804878049,0.02439024390243902,N2 S1 O1,de-protonated,0,-9999,C41 H36 O1 N2 S1,41,36,1,2,-9999,1,-9999,N/A
2118,603.247689,603.2476704795107,603.247691452519,3162841,-9999,310512.2,19.12,-1,-0.03476682729407868,0.4998903505825899,0.7550179348240812,0.6019413842791864,12,1.3666666666666667,0.3,N2 P1 O9,de-protonated,0,-9999,C30 H41 O9 N2 P1,30,41,9,2,1,-9999,-9999,N/A
2119,604.105885,604.1058665592708,604.106022757139,2181067,-9999,259009.9,12.68,-1,-0.2585603559080361,0.9879428055142948,0.9188486717200528,0.960305151996598,38,0.3636363636363637,0.06818181818181818,13C1 O3,de-protonated,1,2113,C44 H16 O3 13C1,44,16,3,-9999,-9999,-9999,1,N/A
2119,604.105885,604.1058665592708,604.105884372709,2181067,-9999,259009.9,12.68,-1,-0.02948727817927907,0.9998422428894344,0.9598614488656988,0.9838499252799402,11,1.2173913043478262,0.6956521739130435,13C1 S1 O16,de-protonated,1,2113,C23 H28 O16 S1 13C1,23,28,16,-9999,-9999,1,1,N/A
2119,604.105885,604.1058665592708,604.1053713084591,2181067,-9999,259009.9,12.68,-1,0.8198086546111695,0.8851933674441986,0.9604144263611062,0.9152817910109616,29,0.5555555555555556,0.1388888888888889,13C1 N2 S1 O5,de-protonated,1,2113,C36 H20 O5 N2 S1 13C1,36,20,5,2,-9999,1,1,N/A
2119,604.105885,604.1058665592708,604.105504250189,2181067,-9999,259009.9,12.68,-1,0.5997447121677587,0.9368182806793004,0.9732656494587284,0.9513972281910716,16,1,0.52,13C1 N2 P1 O13,de-protonated,1,2113,C25 H25 O13 N2 P1 13C1,25,25,13,2,1,-9999,1,N/A
2119,604.105885,604.1058665592708,604.105640595809,2181067,-9999,259009.9,12.68,-1,0.37404627048531286,0.9749329331796228,0,0.5849597599077737,16,0.92,0.6,N3 O15,de-protonated,0,-9999,C25 H23 O15 N3,25,23,15,3,-9999,-9999,-9999,N/A
2120,604.178366,604.1783475660072,604.178793775839,2449931,-9999,335366.5,14.44,-1,-0.7385393800709283,0.9057703816674963,0.9644883707384077,0.9292575772958608,36,0.5217391304347826,0.0217391304347826,13C1 O1,de-protonated,1,2116,C46 H24 O1 13C1,46,24,1,-9999,-9999,-9999,1,N/A
2120,604.178366,604.1783475660072,604.178655391409,2449931,-9999,335366.5,14.44,-1,-0.5094940032592715,0.9539908478069222,0.9179796424171688,0.9395863656510208,9,1.44,0.56,13C1 S1 O14,de-protonated,1,2116,C25 H36 O14 S1 13C1,25,36,14,-9999,-9999,1,1,N/A
2120,604.178366,604.1783475660072,604.178142327159,2449931,-9999,335366.5,14.44,-1,0.33969922755230125,0.9792793120592076,0.99516529102611,0.9856337036459684,27,0.7368421052631579,0.07894736842105263,13C1 N2 S1 O3,de-protonated,1,2116,C38 H28 O3 N2 S1 13C1,38,28,3,2,-9999,1,1,N/A
2120,604.178366,604.1783475660072,604.178275268889,2449931,-9999,335366.5,14.44,-1,0.11966189644335894,0.997405214093868,0.9309387349448864,0.9708186224342754,14,1.2222222222222223,0.4074074074074074,13C1 N2 P1 O11,de-protonated,1,2116,C27 H33 O11 N2 P1 13C1,27,33,11,2,1,-9999,1,N/A
2120,604.178366,604.1783475660072,604.1780039427291,2449931,-9999,335366.5,14.44,-1,0.5687450981076142,0.9429958609617336,0.8614504119950545,0.910377681375062,0,2.3529411764705883,0.9411764705882352,13C1 N2 S2 O16,de-protonated,1,2116,C17 H40 O16 N2 S2 13C1,17,40,16,2,-9999,2,1,N/A
2120,604.178366,604.1783475660072,604.1784116145091,2449931,-9999,335366.5,14.44,-1,-0.10600925255747906,0.997962964205114,0,0.5987777785230683,14,1.148148148148148,0.48148148148148145,N3 O13,de-protonated,0,-9999,C27 H31 O13 N3,27,31,13,3,-9999,-9999,-9999,N/A
2121,605.045057,605.045038646557,605.0454085833991,2894089.8,-9999,270351.7,17.35,-1,-0.6114199641884469,0.9344176706992324,0,0.5606506024195395,12,1,0.8181818181818182,S1 O18,de-protonated,0,-9999,C22 H22 O18 S1,22,22,18,-9999,-9999,1,-9999,N/A
2121,605.045057,605.045038646557,605.044895519149,2894089.8,-9999,270351.7,17.35,-1,0.23655667386539772,0.4949488384235869,0.7253996187124169,0.587129150539119,30,0.4,0.2,N2 S1 O7,de-protonated,0,-9999,C35 H14 O7 N2 S1,35,14,7,2,-9999,1,-9999,N/A
2121,605.045057,605.045038646557,605.045028460879,2894089.8,-9999,270351.7,17.35,-1,0.01683457842003952,0.99994857821455,0,0.5999691469287299,17,0.7916666666666666,0.625,N2 P1 O15,de-protonated,0,-9999,C24 H19 O15 N2 P1,24,19,15,2,1,-9999,-9999,N/A
2122,605.06056,605.0605416479979,605.060664724689,2252055.5,-9999,302489,13.14,-1,-0.20341215071530208,0.9925204003490716,0,0.595512240209443,16,0.8461538461538461,0.5769230769230769,S1 O15,de-protonated,0,-9999,C26 H22 O15 S1,26,22,15,-9999,-9999,1,-9999,N/A
2122,605.06056,605.0605416479979,605.060151660439,2252055.5,-9999,302489,13.14,-1,0.6445434520235747,0.4636953366486594,0.7033271719038787,0.5595480707507472,34,0.358974358974359,0.10256410256410256,N2 S1 O4,de-protonated,0,-9999,C39 H14 O4 N2 S1,39,14,4,2,-9999,1,-9999,N/A
2122,605.06056,605.0605416479979,605.060284602169,2252055.5,-9999,302489,13.14,-1,0.4248268072525299,0.967782930067282,0,0.5806697580403691,21,0.6785714285714286,0.42857142857142855,N2 P1 O12,de-protonated,0,-9999,C28 H19 O12 N2 P1,28,19,12,2,1,-9999,-9999,N/A
2122,605.06056,605.0605416479979,605.060013276009,2252055.5,-9999,302489,13.14,-1,0.8732555072683957,0.8707779558204085,0,0.5224667734922451,7,1.4444444444444444,0.9444444444444444,N2 S2 O17,de-protonated,0,-9999,C18 H26 O17 N2 S2,18,26,17,2,-9999,2,-9999,N/A
2123,605.081512,605.0814936499451,605.0819324771791,7530794,-9999,248577.1,47.75,-1,-0.7252360555702387,0.4544882297797582,0.677556331758097,0.5437154705710938,38,0.3181818181818182,0.09090909090909093,O4,de-protonated,0,-9999,C44 H14 O4,44,14,4,-9999,-9999,-9999,-9999,N/A
2123,605.081512,605.0814936499451,605.081794092749,7530794,-9999,248577.1,47.75,-1,-0.496532546240832,0.47812533736161,0.8007932653391621,0.6071925085526308,11,1.1304347826086956,0.7391304347826086,S1 O17,de-protonated,0,-9999,C23 H26 O17 S1,23,26,17,-9999,-9999,1,-9999,N/A
2123,605.081512,605.0814936499451,605.0812810284991,7530794,-9999,248577.1,47.75,-1,0.35139319725453805,0.488922175493591,0.7197526373226611,0.5812543602252191,29,0.5,0.16666666666666666,N2 S1 O6,de-protonated,0,-9999,C36 H18 O6 N2 S1,36,18,6,2,-9999,1,-9999,N/A
2123,605.081512,605.0814936499451,605.081413970229,7530794,-9999,248577.1,47.75,-1,0.13168428936922513,0.4984292441125012,0.787157861234881,0.6139206909614532,16,0.92,0.56,N2 P1 O14,de-protonated,0,-9999,C25 H23 O14 N2 P1,25,23,14,2,1,-9999,-9999,N/A
2123,605.081512,605.0814936499451,605.080900905979,7530794,-9999,248577.1,47.75,-1,0.9796110986041396,0.420095917966557,0.7087183895694522,0.535544906607715,34,0.3947368421052632,0.07894736842105263,N4 P1 O3,de-protonated,0,-9999,C38 H15 O3 N4 P1,38,15,3,4,1,-9999,-9999,N/A
2124,605.096821,605.096802651368,605.097050234039,2228023.8,-9999,290882.3,12.98,-1,-0.40916192026827497,0.970079787733574,0,0.5820478726401445,15,0.9629629629629628,0.5185185185185185,S1 O14,de-protonated,0,-9999,C27 H26 O14 S1,27,26,14,-9999,-9999,1,-9999,N/A
2124,605.096821,605.096802651368,605.0965371697889,2228023.8,-9999,290882.3,12.98,-1,0.438742519154049,0.4828374883018273,0.6980173569463056,0.5689094357596187,33,0.45,0.075,N2 S1 O3,de-protonated,0,-9999,C40 H18 O3 N2 S1,40,18,3,2,-9999,1,-9999,N/A
2124,605.096821,605.096802651368,605.0966701115191,2228023.8,-9999,290882.3,12.98,-1,0.21903913116425464,0.9913322131049358,0,0.5947993278629614,20,0.7931034482758621,0.3793103448275862,N2 P1 O11,de-protonated,0,-9999,C29 H23 O11 N2 P1,29,23,11,2,1,-9999,-9999,N/A
2124,605.096821,605.096802651368,605.0963987853589,2228023.8,-9999,290882.3,12.98,-1,0.6674407744749471,0.9223493243542612,0,0.5534095946125567,6,1.5789473684210529,0.8421052631578947,N2 S2 O16,de-protonated,0,-9999,C19 H30 O16 N2 S2,19,30,16,2,-9999,2,-9999,N/A
2125,605.117933,605.1179146533301,605.118317986529,7883082.5,-9999,269591.6,50.06,-1,-0.6665360919641603,0.6291414909758767,0.8558388031566547,0.7198204158481879,37,0.4,0.06666666666666667,O3,de-protonated,0,-9999,C45 H18 O3,45,18,3,-9999,-9999,-9999,-9999,N/A
2125,605.117933,605.1179146533301,605.1181796020991,7883082.5,-9999,269591.6,50.06,-1,-0.43784632143515634,0.9787061924133548,0.9742621462198402,0.976928573935949,10,1.25,0.6666666666666666,S1 O16,de-protonated,0,-9999,C24 H30 O16 S1,24,30,16,-9999,-9999,1,-9999,N/A
2125,605.117933,605.1179146533301,605.117666537849,7883082.5,-9999,269591.6,50.06,-1,0.4100284867221879,0.9501441093611742,0.9460137290069648,0.9484919572194904,28,0.5945945945945946,0.13513513513513514,N2 S1 O5,de-protonated,0,-9999,C37 H22 O5 N2 S1,37,22,5,2,-9999,1,-9999,N/A
2125,605.117933,605.1179146533301,605.117799479579,7883082.5,-9999,269591.6,50.06,-1,0.19033277678240776,0.9815936355160122,0.9876663468128696,0.9840227200347552,15,1.0384615384615383,0.5,N2 P1 O13,de-protonated,0,-9999,C26 H27 O13 N2 P1,26,27,13,2,1,-9999,-9999,N/A
2126,605.154302,605.1542836567103,605.1547034958791,7246187,-9999,241938.1,45.88,-1,-0.6937716361778776,0.6335235384351305,0.8614410242658879,0.7246905327674336,36,0.4782608695652174,0.04347826086956521,O2,de-protonated,0,-9999,C46 H22 O2,46,22,2,-9999,-9999,-9999,-9999,N/A
2126,605.154302,605.1542836567103,605.154565111449,7246187,-9999,241938.1,45.88,-1,-0.4650956216971058,0.9803363265983032,0.9692198294641672,0.9758897277446488,9,1.36,0.6,S1 O15,de-protonated,0,-9999,C25 H34 O15 S1,25,34,15,-9999,-9999,1,-9999,N/A
2126,605.154302,605.1542836567103,605.154052047199,7246187,-9999,241938.1,45.88,-1,0.3827281838254813,0.9348219290196113,0.952340698870404,0.9418294369599284,27,0.6842105263157895,0.10526315789473684,N2 S1 O4,de-protonated,0,-9999,C38 H26 O4 N2 S1,38,26,4,2,-9999,1,-9999,N/A
2126,605.154302,605.1542836567103,605.154184988929,7246187,-9999,241938.1,45.88,-1,0.16304568931055652,0.9700198223140462,0.9823986576838708,0.974971356461976,14,1.148148148148148,0.4444444444444444,N2 P1 O12,de-protonated,0,-9999,C27 H31 O12 N2 P1,27,31,12,2,1,-9999,-9999,N/A
2127,605.190674,605.1906556600906,605.191089005229,7899531,-9999,254441.9,50.17,-1,-0.7160467929266741,0.6118441834427619,0.8757779620599431,0.7174176948896345,35,0.5531914893617021,0.02127659574468085,O1,de-protonated,0,-9999,C47 H26 O1,47,26,1,-9999,-9999,-9999,-9999,N/A
2127,605.190674,605.1906556600906,605.1909506207991,7899531,-9999,254441.9,50.17,-1,-0.4873845324571987,0.962405344789437,0.955406863263654,0.9596059521791236,8,1.4615384615384617,0.5384615384615384,S1 O14,de-protonated,0,-9999,C26 H38 O14 S1,26,38,14,-9999,-9999,1,-9999,N/A
2127,605.190674,605.1906556600906,605.1904375565489,7899531,-9999,254441.9,50.17,-1,0.36038828133227824,0.9728757147433468,0.9674074881274052,0.9706884240969702,26,0.7692307692307693,0.07692307692307693,N2 S1 O3,de-protonated,0,-9999,C39 H30 O3 N2 S1,39,30,3,2,-9999,1,-9999,N/A
2127,605.190674,605.1906556600906,605.190570498279,7899531,-9999,254441.9,50.17,-1,0.1407189993756226,0.9946981738836524,0.9683659557913716,0.98416528664674,13,1.25,0.3928571428571429,N2 P1 O11,de-protonated,0,-9999,C28 H35 O11 N2 P1,28,35,11,2,1,-9999,-9999,N/A
2128,605.227147,605.2271286634804,605.2273361301491,5808555.5,-9999,261474.8,36.46,-1,-0.3427913055592259,0.48945220219028635,0.7739790330151772,0.6032629345202427,7,1.5555555555555556,0.48148148148148145,S1 O13,de-protonated,0,-9999,C27 H42 O13 S1,27,42,13,-9999,-9999,1,-9999,N/A
2128,605.227147,605.2271286634804,605.226823065899,5808555.5,-9999,261474.8,36.46,-1,0.5049306635344423,0.4773962472875632,0.6980173569463056,0.5656446911510602,25,0.85,0.05,N2 S1 O2,de-protonated,0,-9999,C40 H34 O2 N2 S1,40,34,2,2,-9999,1,-9999,N/A
2128,605.227147,605.2271286634804,605.226956007629,5808555.5,-9999,261474.8,36.46,-1,0.28527455626639875,0.4926709559253842,0.7612342259156645,0.6000962639214964,12,1.3448275862068966,0.3448275862068966,N2 P1 O10,de-protonated,0,-9999,C29 H39 O10 N2 P1,29,39,10,2,1,-9999,-9999,N/A
2129,605.26332,605.2633016668423,605.2637216394991,2824651.8,-9999,289423.4,16.89,-1,-0.6938672214861777,0.4581741335510149,0.7675537279851021,0.5819259713246498,6,1.6428571428571428,0.42857142857142855,S1 O12,de-protonated,0,-9999,C28 H46 O12 S1,28,46,12,-9999,-9999,1,-9999,N/A
2129,605.26332,605.2633016668423,605.2632085752489,2824651.8,-9999,289423.4,16.89,-1,0.15380348923591292,0.4978584683887959,0.6927871148459346,0.5758299269716514,24,0.926829268292683,0.02439024390243902,N2 S1 O1,de-protonated,0,-9999,C41 H38 O1 N2 S1,41,38,1,2,-9999,1,-9999,N/A
2129,605.26332,605.2633016668423,605.263341516979,2824651.8,-9999,289423.4,16.89,-1,-0.0658393364329315,0.4996068810876477,0.7550179348240812,0.6017713025822211,11,1.4333333333333331,0.3,N2 P1 O9,de-protonated,0,-9999,C30 H43 O9 N2 P1,30,43,9,2,1,-9999,-9999,N/A
2130,606.121422,606.1214037465938,606.121672821599,2378953.8,-9999,323000.8,13.96,-1,-0.443929028092548,0.6432487688359724,0.8558388031566547,0.7282847825642453,37,0.4090909090909091,0.06818181818181818,13C1 O3,de-protonated,1,2125,C44 H18 O3 13C1,44,18,3,-9999,-9999,-9999,1,N/A
2130,606.121422,606.1214037465938,606.1215344371691,2378953.8,-9999,323000.8,13.96,-1,-0.21561777271043245,0.9915997457613364,0.9742621462198402,0.984664705944738,10,1.3043478260869563,0.6956521739130435,13C1 S1 O16,de-protonated,1,2125,C23 H30 O16 S1 13C1,23,30,16,-9999,-9999,1,1,N/A
2130,606.121422,606.1214037465938,606.1210213729191,2378953.8,-9999,323000.8,13.96,-1,0.6308536764567629,0.9303333763235472,0.9460137290069648,0.9366055173969144,28,0.6111111111111112,0.1388888888888889,13C1 N2 S1 O5,de-protonated,1,2125,C36 H22 O5 N2 S1 13C1,36,22,5,2,-9999,1,1,N/A
2130,606.121422,606.1214037465938,606.1211543146491,2378953.8,-9999,323000.8,13.96,-1,0.4115215959795867,0.9697389771938142,0.9876663468128696,0.9769099250414364,15,1.08,0.52,13C1 N2 P1 O13,de-protonated,1,2125,C25 H27 O13 N2 P1 13C1,25,27,13,2,1,-9999,1,N/A
2130,606.121422,606.1214037465938,606.121290660269,2378953.8,-9999,323000.8,13.96,-1,0.18657375446402769,0.9937037188891172,0,0.5962222313334703,15,1,0.6,N3 O15,de-protonated,0,-9999,C25 H25 O15 N3,25,25,15,3,-9999,-9999,-9999,N/A
2131,606.157897,606.1578787499839,606.1580583309491,2333930.3,-9999,245886.4,13.67,-1,-0.2962609549461398,0.6561335294741542,0.8614410242658879,0.7382565273908477,36,0.4888888888888889,0.04444444444444444,13C1 O2,de-protonated,1,2126,C45 H22 O2 13C1,45,22,2,-9999,-9999,-9999,1,N/A
2131,606.157897,606.1578787499839,606.1579199465191,2333930.3,-9999,245886.4,13.67,-1,-0.06796337037883309,0.9991622360613098,0.9692198294641672,0.9871852734224528,9,1.4166666666666667,0.625,13C1 S1 O15,de-protonated,1,2126,C24 H34 O15 S1 13C1,24,34,15,-9999,-9999,1,1,N/A
2131,606.157897,606.1578787499839,606.157406882269,2333930.3,-9999,245886.4,13.67,-1,0.7784573932327669,0.8958725115581379,0.952340698870404,0.9184597864830444,27,0.7027027027027027,0.10810810810810811,13C1 N2 S1 O4,de-protonated,1,2126,C37 H26 O4 N2 S1 13C1,37,26,4,2,-9999,1,1,N/A
2131,606.157897,606.1578787499839,606.1575398239991,2333930.3,-9999,245886.4,13.67,-1,0.559138445930651,0.9448516428409022,0.9823986576838708,0.9598704487780896,14,1.1923076923076923,0.4615384615384616,13C1 N2 P1 O12,de-protonated,1,2126,C26 H31 O12 N2 P1 13C1,26,31,12,2,1,-9999,1,N/A
2131,606.157897,606.1578787499839,606.1576761696191,2333930.3,-9999,245886.4,13.67,-1,0.33420407384971906,0.9799375512782952,0,0.5879625307669771,14,1.1153846153846154,0.5384615384615384,N3 O14,de-protonated,0,-9999,C26 H29 O14 N3,26,29,14,3,-9999,-9999,-9999,N/A
2132,606.194063,606.1940447533451,606.194443840299,2834698.8,-9999,285406.3,16.95,-1,-0.6583480893030438,0.61624602858666655,0.8757779620599431,0.7200588019759773,35,0.5652173913043478,0.0217391304347826,13C1 O1,de-protonated,1,2127,C46 H26 O1 13C1,46,26,1,-9999,-9999,-9999,1,N/A
2132,606.194063,606.1940447533451,606.1943054558691,2834698.8,-9999,285406.3,16.95,-1,-0.4300642906534388,0.9669969910767487,0.955406863263654,0.9623609399515108,8,1.52,0.56,13C1 S1 O14,de-protonated,1,2127,C25 H38 O14 S1 13C1,25,38,14,-9999,-9999,1,1,N/A
2132,606.194063,606.1940447533451,606.193792391619,2834698.8,-9999,285406.3,16.95,-1,0.4163053618579908,0.9690424114098952,0.9674074881274052,0.9683884420968992,26,0.7894736842105263,0.07894736842105263,13C1 N2 S1 O3,de-protonated,1,2127,C38 H30 O3 N2 S1 13C1,38,30,3,2,-9999,1,1,N/A
2132,606.194063,606.1940447533451,606.19392533334906,2834698.8,-9999,285406.3,16.95,-1,0.19699965813419165,0.9929829178758928,0.9683659557913716,0.983136133042084,13,1.2962962962962965,0.4074074074074074,13C1 N2 P1 O11,de-protonated,1,2127,C27 H35 O11 N2 P1 13C1,27,35,11,2,1,-9999,1,N/A
2132,606.194063,606.1940447533451,606.194061678969,2834698.8,-9999,285406.3,16.95,-1,-0.02792113109935952,0.9998585545024948,0,0.5999151327014968,13,1.2222222222222223,0.48148148148148145,N3 O13,de-protonated,0,-9999,C27 H33 O13 N3,27,33,13,3,-9999,-9999,-9999,N/A
2133,607.039684,607.0396658319365,607.039929279799,2126851,-9999,301803.7,12.31,-1,-0.4339876996339635,0.9664023583007252,0,0.5798414149804351,16,0.8,0.64,S1 O16,de-protonated,0,-9999,C25 H20 O16 S1,25,20,16,-9999,-9999,1,-9999,N/A
2133,607.039684,607.0396658319365,607.0394162155491,2126851,-9999,301803.7,12.31,-1,0.4112029314670861,0.48489255485573374,0.7087183895694522,0.574422888741221,34,0.3157894736842105,0.13157894736842105,N2 S1 O5,de-protonated,0,-9999,C38 H12 O5 N2 S1,38,12,5,2,-9999,1,-9999,N/A
2133,607.039684,607.0396658319365,607.039549157279,2126851,-9999,301803.7,12.31,-1,0.19220272829932616,0.9933193581896064,0,0.5959916149137637,21,0.6296296296296297,0.48148148148148145,N2 P1 O13,de-protonated,0,-9999,C27 H17 O13 N2 P1,27,17,13,2,1,-9999,-9999,N/A
2134,607.06094,607.0609218339121,607.0610586478591,4647958,-9999,264482.9,28.84,-1,-0.22537098221418447,0.4954130912388931,0.8077896627745539,0.6203637198531575,11,1.0909090909090908,0.8181818181818182,S1 O18,de-protonated,0,-9999,C22 H24 O18 S1,22,24,18,-9999,-9999,1,-9999,N/A
2134,607.06094,607.0609218339121,607.060545583609,4647958,-9999,264482.9,28.84,-1,0.619790407657818,0.46633598535625537,0.7253996187124169,0.56996143869872,29,0.45714285714285713,0.2,N2 S1 O7,de-protonated,0,-9999,C35 H16 O7 N2 S1,35,16,7,2,-9999,1,-9999,N/A
2134,607.06094,607.0609218339121,607.0606785253391,4647958,-9999,264482.9,28.84,-1,0.4007977811498448,0.48563649339047765,0.7939170211058493,0.6089487044766264,16,0.875,0.625,N2 P1 O15,de-protonated,0,-9999,C24 H21 O15 N2 P1,24,21,15,2,1,-9999,-9999,N/A
2135,607.076316,607.0762978353412,607.076314789149,3096612,-9999,264435.2,18.66,-1,-0.02792697959882175,0.49992924762236113,0.7805128205128198,0.6121626767785446,15,0.9230769230769232,0.5769230769230769,S1 O15,de-protonated,0,-9999,C26 H24 O15 S1,26,24,15,-9999,-9999,1,-9999,N/A
2135,607.076316,607.0762978353412,607.075801724899,3096612,-9999,264435.2,18.66,-1,0.8172133377809464,0.44293801358839513,0.7033271719038788,0.5470936769145887,33,0.41025641025641024,0.10256410256410256,N2 S1 O4,de-protonated,0,-9999,C39 H16 O4 N2 S1,39,16,4,2,-9999,1,-9999,N/A
2135,607.076316,607.0762978353412,607.076804046499,3096612,-9999,264435.2,18.66,-1,-0.8338502713964884,0.4407358375821034,0.7612342259156646,0.5689351929155279,19,0.8620689655172413,0.2413793103448276,N2 S2 P1 O7,de-protonated,0,-9999,C29 H25 O7 N2 P1 S2,29,25,7,2,1,2,-9999,N/A
2135,607.076316,607.0762978353412,607.075934666629,3096612,-9999,264435.2,18.66,-1,0.5982261714411602,0.46856378095717216,0.7675537279851021,0.5881597597683441,20,0.75,0.42857142857142855,N2 P1 O12,de-protonated,0,-9999,C28 H21 O12 N2 P1,28,21,12,2,1,-9999,-9999,N/A
2136,607.097212,607.0971938372833,607.0975825416391,7014455,-9999,249510.2,44.35,-1,-0.6402666836534142,0.46415788566367944,0.6775563317580969,0.5495172641014464,37,0.3636363636363637,0.09090909090909093,O4,de-protonated,0,-9999,C44 H16 O4,44,16,4,-9999,-9999,-9999,-9999,N/A
2136,607.097212,607.0971938372833,607.097444157209,7014455,-9999,249510.2,44.35,-1,-0.4123224832114364,0.4848114430266249,0.8007932653391622,0.6112041719516398,10,1.2173913043478262,0.7391304347826086,S1 O17,de-protonated,0,-9999,C23 H28 O17 S1,23,28,17,-9999,-9999,1,-9999,N/A
2136,607.097212,607.0971938372833,607.0969310929589,7014455,-9999,249510.2,44.35,-1,0.4327880950945621,0.483292352447039,0.719752637322661,0.5778764663972877,28,0.5555555555555556,0.16666666666666666,N2 S1 O6,de-protonated,0,-9999,C36 H20 O6 N2 S1,36,20,6,2,-9999,1,-9999,N/A
2136,607.097212,607.0971938372833,607.0970640346891,7014455,-9999,249510.2,44.35,-1,0.21380863436428257,0.49586976872836513,0.787157861234881,0.6123850057309714,15,1,0.56,N2 P1 O14,de-protonated,0,-9999,C25 H25 O14 N2 P1,25,25,14,2,1,-9999,-9999,N/A
2137,607.11239,607.1123718386939,607.112700298499,2265156.5,-9999,301802.2,13.21,-1,-0.5410194927083614,0.9482753076429374,0,0.5689651845857624,14,1.037037037037037,0.5185185185185185,S1 O14,de-protonated,0,-9999,C27 H28 O14 S1,27,28,14,-9999,-9999,1,-9999,N/A
2137,607.11239,607.1123718386939,607.112187234249,2265156.5,-9999,301802.2,13.21,-1,0.30406974002676007,0.4916817423142935,0.6980173569463056,0.5742159881670983,32,0.5,0.075,N2 S1 O3,de-protonated,0,-9999,C40 H20 O3 N2 S1,40,20,3,2,-9999,1,-9999,N/A
2137,607.11239,607.1123718386939,607.1123201759791,2265156.5,-9999,301802.2,13.21,-1,0.0850958102230022,0.9986869390070848,0,0.5992121634042509,19,0.8620689655172413,0.3793103448275862,N2 P1 O11,de-protonated,0,-9999,C29 H25 O11 N2 P1,29,25,11,2,1,-9999,-9999,N/A
2137,607.11239,607.1123718386939,607.112048849819,2265156.5,-9999,301802.2,13.21,-1,0.5320086721048258,0.94994042464212,0,0.5699642547852719,5,1.6842105263157894,0.8421052631578947,N2 S2 O16,de-protonated,0,-9999,C19 H32 O16 N2 S2,19,32,16,2,-9999,2,-9999,N/A
2138,607.133669,607.1336508406715,607.133968050989,6672472,-9999,263687.7,42.11,-1,-0.5224717017239481,0.4758377042362817,0.672627141691601,0.5545534792184095,36,0.4444444444444444,0.06666666666666667,O3,de-protonated,0,-9999,C45 H20 O3,45,20,3,-9999,-9999,-9999,-9999,N/A
2138,607.133669,607.1336508406715,607.1338296665591,6672472,-9999,263687.7,42.11,-1,-0.29454113549540745,0.49219088156121193,0.7939170211058493,0.6128813373790669,9,1.3333333333333333,0.6666666666666666,S1 O16,de-protonated,0,-9999,C24 H32 O16 S1,24,32,16,-9999,-9999,1,-9999,N/A
2138,607.133669,607.1336508406715,607.133316602309,6672472,-9999,263687.7,42.11,-1,0.550518894852489,0.4732464335067321,0.7141928963326544,0.569625018637101,27,0.6486486486486487,0.13513513513513514,N2 S1 O5,de-protonated,0,-9999,C37 H24 O5 N2 S1,37,24,5,2,-9999,1,-9999,N/A
2138,607.133669,607.1336508406715,607.1334495440391,6672472,-9999,263687.7,42.11,-1,0.33155253197009193,0.4901257417015707,0.7805128205128198,0.6062805732260703,14,1.1153846153846154,0.5,N2 P1 O13,de-protonated,0,-9999,C26 H29 O13 N2 P1,26,29,13,2,1,-9999,-9999,N/A
2139,607.170002,607.1699838440483,607.1703535603391,6379640.5,-9999,224355.5,40.19,-1,-0.6089169022595895,0.46746785729502927,0.667769152885588,0.5475883755312527,35,0.5217391304347826,0.04347826086956521,O2,de-protonated,0,-9999,C46 H24 O2,46,24,2,-9999,-9999,-9999,-9999,N/A
2139,607.170002,607.1699838440483,607.170215175909,6379640.5,-9999,224355.5,40.19,-1,-0.3810000144112417,0.4870022891943574,0.787157861234881,0.6070645180105668,8,1.44,0.6,S1 O15,de-protonated,0,-9999,C25 H36 O15 S1,25,36,15,-9999,-9999,1,-9999,N/A
2139,607.170002,607.1699838440483,607.169702111659,6379640.5,-9999,224355.5,40.19,-1,0.4640093012646692,0.4808432607864644,0.7087183895694522,0.5719933122996594,26,0.7368421052631579,0.10526315789473684,N2 S1 O4,de-protonated,0,-9999,C38 H28 O4 N2 S1,38,28,4,2,-9999,1,-9999,N/A
2139,607.170002,607.1699838440483,607.169835053389,6379640.5,-9999,224355.5,40.19,-1,0.24505607937941212,0.49458135361436767,0.7739790330151772,0.6063404253746916,13,1.2222222222222223,0.4444444444444444,N2 P1 O12,de-protonated,0,-9999,C27 H33 O12 N2 P1,27,33,12,2,1,-9999,-9999,N/A
2140,607.206375,607.2063568474288,607.206739069689,6455449.5,-9999,254599.7,40.69,-1,-0.6294763144419351,0.4653132305302174,0.6629808336683964,0.5443802717854891,34,0.5957446808510638,0.02127659574468085,O1,de-protonated,0,-9999,C47 H28 O1,47,28,1,-9999,-9999,-9999,-9999,N/A
2140,607.206375,607.2063568474288,607.206600685259,6455449.5,-9999,254599.7,40.69,-1,-0.40157308888058113,0.4855816795918502,0.7805128205128199,0.6035541359602381,7,1.5384615384615383,0.5384615384615384,S1 O14,de-protonated,0,-9999,C26 H40 O14 S1,26,40,14,-9999,-9999,1,-9999,N/A
2140,607.206375,607.2063568474288,607.2060876210089,6455449.5,-9999,254599.7,40.69,-1,0.44338557424654024,0.4824787903202776,0.7033271719038787,0.570818142953718,25,0.8205128205128205,0.07692307692307693,N2 S1 O3,de-protonated,0,-9999,C39 H32 O3 N2 S1,39,32,3,2,-9999,1,-9999,N/A
2140,607.206375,607.2063568474288,607.2062205627391,6455449.5,-9999,254599.7,40.69,-1,0.22444547679679192,0.4954505153951326,0.7675537279851021,0.6042918004311204,12,1.3214285714285714,0.3928571428571429,N2 P1 O11,de-protonated,0,-9999,C28 H37 O11 N2 P1,28,37,11,2,1,-9999,-9999,N/A
2141,607.242689,607.2426708508038,607.242986194609,4229306.5,-9999,267693.4,26.09,-1,-0.519304153873338,0.47612270116320055,0.7739790330151771,0.5952652339039912,6,1.6296296296296295,0.48148148148148145,S1 O13,de-protonated,0,-9999,C27 H44 O13 S1,27,44,13,-9999,-9999,1,-9999,N/A
2141,607.242689,607.2426708508038,607.242473130359,4229306.5,-9999,267693.4,26.09,-1,0.3256037803110825,0.49047352594465593,0.6980173569463056,0.5734910583453159,24,0.9,0.05,N2 S1 O2,de-protonated,0,-9999,C40 H36 O2 N2 S1,40,36,2,2,-9999,1,-9999,N/A
2141,607.242689,607.2426708508038,607.242606072089,4229306.5,-9999,267693.4,26.09,-1,0.10667682774341623,0.49896862710745565,0.7612342259156646,0.6038748666307392,11,1.4137931034482758,0.3448275862068966,N2 P1 O10,de-protonated,0,-9999,C29 H41 O10 N2 P1,29,41,10,2,1,-9999,-9999,N/A
2142,609.055428,609.0554100192787,609.0555793442591,2989868,-9999,239950.7,17.95,-1,-0.278012362215193,0.9860735552976992,0,0.5916441331786194,15,0.88,0.64,S1 O16,de-protonated,0,-9999,C25 H22 O16 S1,25,22,16,-9999,-9999,1,-9999,N/A
2142,609.055428,609.0554100192787,609.055066280009,2989868,-9999,239950.7,17.95,-1,0.5643812666026177,0.4719211588597859,0.7087183895694522,0.5666400511436525,33,0.3684210526315789,0.13157894736842105,N2 S1 O5,de-protonated,0,-9999,C38 H14 O5 N2 S1,38,14,5,2,-9999,1,-9999,N/A
2142,609.055428,609.0554100192787,609.055199221739,2989868,-9999,239950.7,17.95,-1,0.34610580447100053,0.4892494589442841,0.7739790330151771,0.6031412885726413,20,0.7037037037037037,0.48148148148148145,N2 P1 O13,de-protonated,0,-9999,C27 H19 O13 N2 P1,27,19,13,2,1,-9999,-9999,N/A
2143,609.076648,609.0766300212509,609.076847096749,4474687.5,-9999,230101.7,27.69,-1,-0.3564008369715116,0.4886078396603145,0.6825582999861977,0.5661880237906678,37,0.32558139534883723,0.11627906976744186,O5,de-protonated,0,-9999,C43 H14 O5,43,14,5,-9999,-9999,-9999,-9999,N/A
2143,609.076648,609.0766300212509,609.076708712319,4474687.5,-9999,230101.7,27.69,-1,-0.1291973030188251,0.4984879254151723,0.8077896627745539,0.622208620358925,10,1.181818181818182,0.8181818181818182,S1 O18,de-protonated,0,-9999,C22 H26 O18 S1,22,26,18,-9999,-9999,1,-9999,N/A
2143,609.076648,609.0766300212509,609.0761956480691,4474687.5,-9999,230101.7,27.69,-1,0.713167227621842,0.4559220886474644,0.725399618712417,0.5637131006734455,28,0.5142857142857142,0.2,N2 S1 O7,de-protonated,0,-9999,C35 H18 O7 N2 S1,35,18,7,2,-9999,1,-9999,N/A
2143,609.076648,609.0766300212509,609.0771979696691,4474687.5,-9999,230101.7,27.69,-1,-0.932473617562392,0.42702270577151274,0.7871578612348809,0.57107676795686,14,1.08,0.4,N2 S2 P1 O10,de-protonated,0,-9999,C25 H27 O10 N2 P1 S2,25,27,10,2,1,2,-9999,N/A
2143,609.076648,609.0766300212509,609.076328589799,4474687.5,-9999,230101.7,27.69,-1,0.49489930536033006,0.4782658361237942,0.7939170211058493,0.6045263101166163,15,0.9583333333333334,0.625,N2 P1 O15,de-protonated,0,-9999,C24 H23 O15 N2 P1,24,23,15,2,1,-9999,-9999,N/A
2144,609.091816,609.0917980226607,609.091964853609,3686221.3,-9999,276334,22.52,-1,-0.27390108228999294,0.4932398124912155,0.7805128205128198,0.6081490156998572,14,1,0.5769230769230769,S1 O15,de-protonated,0,-9999,C26 H26 O15 S1,26,26,15,-9999,-9999,1,-9999,N/A
2144,609.091816,609.0917980226607,609.091451789359,3686221.3,-9999,276334,22.52,-1,0.5684422276277299,0.471527397495998,0.7033271719038788,0.5642473072591503,32,0.4615384615384616,0.10256410256410256,N2 S1 O4,de-protonated,0,-9999,C39 H18 O4 N2 S1,39,18,4,2,-9999,1,-9999,N/A
2144,609.091816,609.0917980226607,609.091584731089,3686221.3,-9999,276334,22.52,-1,0.35017980380463004,0.4889977023866385,0.7675537279851021,0.600420112626024,19,0.8214285714285714,0.42857142857142855,N2 P1 O12,de-protonated,0,-9999,C28 H23 O12 N2 P1,28,23,12,2,1,-9999,-9999,N/A
2144,609.091816,609.0917980226607,609.091313404929,3686221.3,-9999,276334,22.52,-1,0.795640523853621,0.8914865098822224,0,0.5348919059293334,5,1.6666666666666667,0.9444444444444444,N2 S2 O17,de-protonated,0,-9999,C18 H30 O17 N2 S2,18,30,17,2,-9999,2,-9999,N/A
2145,609.112864,609.1128460246167,609.113232606099,5584736.5,-9999,261419.8,34.97,-1,-0.6346627549839597,0.4647600012164441,0.677556331758097,0.5498785334331053,36,0.4090909090909091,0.09090909090909093,O4,de-protonated,0,-9999,C44 H18 O4,44,18,4,-9999,-9999,-9999,-9999,N/A
2145,609.112864,609.1128460246167,609.113094221669,5584736.5,-9999,261419.8,34.97,-1,-0.4074728563044347,0.48516130530515894,0.8007932653391622,0.6114140893187603,9,1.3043478260869563,0.7391304347826086,S1 O17,de-protonated,0,-9999,C23 H30 O17 S1,23,30,17,-9999,-9999,1,-9999,N/A
2145,609.112864,609.1128460246167,609.112581157419,5584736.5,-9999,261419.8,34.97,-1,0.4348411212480031,0.483136173597584,0.719752637322661,0.5777827590876148,27,0.6111111111111112,0.16666666666666666,N2 S1 O6,de-protonated,0,-9999,C36 H22 O6 N2 S1,36,22,6,2,-9999,1,-9999,N/A
2145,609.112864,609.1128460246167,609.112714099149,5584736.5,-9999,261419.8,34.97,-1,0.21658629783799885,0.4957622160737515,0.7871578612348809,0.6123204741382032,14,1.08,0.56,N2 P1 O14,de-protonated,0,-9999,C25 H27 O14 N2 P1,25,27,14,2,1,-9999,-9999,N/A
2146,609.127927,609.1279090260167,609.1284887473889,2515822.3,-9999,249642.7,14.84,-1,-0.951722638044879,0.42422171733506225,0.6582606959877569,0.5178373087961401,40,0.375,0.02083333333333333,O1,de-protonated,0,-9999,C48 H18 O1,48,18,1,-9999,-9999,-9999,-9999,N/A
2146,609.127927,609.1279090260167,609.128350362959,2515822.3,-9999,249642.7,14.84,-1,-0.7245385017486509,0.9091432704909512,0,0.5454859622945707,13,1.1111111111111112,0.5185185185185185,S1 O14,de-protonated,0,-9999,C27 H30 O14 S1,27,30,14,-9999,-9999,1,-9999,N/A
2146,609.127927,609.1279090260167,609.127837298709,2515822.3,-9999,249642.7,14.84,-1,0.11775411224871216,0.4987435946535433,0.6980173569463056,0.5784530995706483,31,0.55,0.075,N2 S1 O3,de-protonated,0,-9999,C40 H22 O3 N2 S1,40,22,3,2,-9999,1,-9999,N/A
2146,609.127927,609.1279090260167,609.127970240439,2515822.3,-9999,249642.7,14.84,-1,-0.1004951755748744,0.9981691768594506,0,0.5989015061156704,18,0.9310344827586208,0.3793103448275862,N2 P1 O11,de-protonated,0,-9999,C29 H27 O11 N2 P1,29,27,11,2,1,-9999,-9999,N/A
2146,609.127927,609.1279090260167,609.127698914279,2515822.3,-9999,249642.7,14.84,-1,0.3449387346686602,0.9786421198038412,0,0.5871852718823047,4,1.7894736842105263,0.8421052631578947,N2 S2 O16,de-protonated,0,-9999,C19 H34 O16 N2 S2,19,34,16,2,-9999,2,-9999,N/A
2146,609.127927,609.1279090260167,609.1273187917591,2515822.3,-9999,249642.7,14.84,-1,0.9689833954581588,0.8433549101893234,0,0.506012946113594,9,1.4761904761904765,0.6190476190476191,N4 S1 P1 O13,de-protonated,0,-9999,C21 H31 O13 N4 P1 S1,21,31,13,4,1,1,-9999,N/A
2147,609.149292,609.1492740280023,609.149618115449,5216130,-9999,229572,32.55,-1,-0.5648652424186291,0.47187436227475954,0.672627141691601,0.5521754740414961,35,0.4888888888888889,0.06666666666666667,O3,de-protonated,0,-9999,C45 H22 O3,45,22,3,-9999,-9999,-9999,-9999,N/A
2147,609.149292,609.1492740280023,609.149479731019,5216130,-9999,229572,32.55,-1,-0.3376888983124368,0.48976065699569366,0.7939170211058493,0.6114232026397559,8,1.4166666666666667,0.6666666666666666,S1 O16,de-protonated,0,-9999,C24 H34 O16 S1,24,34,16,-9999,-9999,1,-9999,N/A
2147,609.149292,609.1492740280023,609.148966666769,5216130,-9999,229572,32.55,-1,0.5045748251623831,0.47742736505609934,0.7141928963326544,0.5721335775667213,26,0.7027027027027027,0.13513513513513514,N2 S1 O5,de-protonated,0,-9999,C37 H26 O5 N2 S1,37,26,5,2,-9999,1,-9999,N/A
2147,609.149292,609.1492740280023,609.149099608499,5216130,-9999,229572,32.55,-1,0.28633302326452365,0.4926168727414893,0.7805128205128198,0.6077752518500215,13,1.1923076923076923,0.5,N2 P1 O13,de-protonated,0,-9999,C26 H31 O13 N2 P1,26,31,13,2,1,-9999,-9999,N/A
2148,609.185626,609.1856080313793,609.186003624799,5289891,-9999,246506.6,33.03,-1,-0.6493803491633057,0.4631690582571616,0.667769152885588,0.5450090961085321,34,0.5652173913043478,0.04347826086956521,O2,de-protonated,0,-9999,C46 H26 O2,46,26,2,-9999,-9999,-9999,-9999,N/A
2148,609.185626,609.1856080313793,609.185865240369,5289891,-9999,246506.6,33.03,-1,-0.4222175930653712,0.4840855557582065,0.7871578612348809,0.6053144779488763,7,1.52,0.6,S1 O15,de-protonated,0,-9999,C25 H38 O15 S1,25,38,15,-9999,-9999,1,-9999,N/A
2148,609.185626,609.1856080313793,609.185352176119,5289891,-9999,246506.6,33.03,-1,0.4199957523707656,0.4842499492878548,0.7087183895694522,0.5740373254004938,25,0.7894736842105263,0.10526315789473684,N2 S1 O4,de-protonated,0,-9999,C38 H30 O4 N2 S1,38,30,4,2,-9999,1,-9999,N/A
2148,609.185626,609.1856080313793,609.185485117849,5289891,-9999,246506.6,33.03,-1,0.20176700410502005,0.4963202264283144,0.7739790330151772,0.6073837490630596,12,1.2962962962962965,0.4444444444444444,N2 P1 O12,de-protonated,0,-9999,C27 H35 O12 N2 P1,27,35,12,2,1,-9999,-9999,N/A
2149,609.222224,609.2222060347807,609.222389134149,4214725,-9999,253679.4,25.98,-1,-0.3005460265085069,0.491871850981512,0.6629808336683964,0.5603154440562658,33,0.6382978723404256,0.02127659574468085,O1,de-protonated,0,-9999,C47 H30 O1,47,30,1,-9999,-9999,-9999,-9999,N/A
2149,609.222224,609.2222060347807,609.222250749719,4214725,-9999,253679.4,25.98,-1,-0.07339675836072031,0.4995114991187226,0.7805128205128199,0.6119120276763615,6,1.6153846153846154,0.5384615384615384,S1 O14,de-protonated,0,-9999,C26 H42 O14 S1,26,42,14,-9999,-9999,1,-9999,N/A
2149,609.222224,609.2222060347807,609.221737685469,4214725,-9999,253679.4,25.98,-1,0.7687665800054607,0.4491565775554968,0.7033271719038788,0.5508248152948496,24,0.8717948717948718,0.07692307692307693,N2 S1 O3,de-protonated,0,-9999,C39 H34 O3 N2 S1,39,34,3,2,-9999,1,-9999,N/A
2149,609.222224,609.2222060347807,609.2227400070691,4214725,-9999,253679.4,25.98,-1,-0.876481216686665,0.4349433146411216,0.7612342259156646,0.5654596791509388,10,1.4827586206896552,0.20689655172413793,N2 S2 P1 O6,de-protonated,0,-9999,C29 H43 O6 N2 P1 S2,29,43,6,2,1,2,-9999,N/A
2149,609.222224,609.2222060347807,609.2218706271991,4214725,-9999,253679.4,25.98,-1,0.5505507890622554,0.4732434179573433,0.7675537279851021,0.5909675419684468,11,1.3928571428571428,0.3928571428571429,N2 P1 O11,de-protonated,0,-9999,C28 H39 O11 N2 P1,28,39,11,2,1,-9999,-9999,N/A
2150,609.258588,609.2585700381603,609.258636259069,2441190,-9999,350177.1,14.35,-1,-0.10869096433886864,0.9978587108236662,0,0.5987152264941997,5,1.7037037037037035,0.48148148148148145,S1 O13,de-protonated,0,-9999,C27 H46 O13 S1,27,46,13,-9999,-9999,1,-9999,N/A
2150,609.258588,609.2585700381603,609.258123194819,2441190,-9999,350177.1,14.35,-1,0.733422049461992,0.45350460149598304,0.6980173569463056,0.5513097036761121,23,0.95,0.05,N2 S1 O2,de-protonated,0,-9999,C40 H38 O2 N2 S1,40,38,2,2,-9999,1,-9999,N/A
2150,609.258588,609.2585700381603,609.259125516419,2441190,-9999,350177.1,14.35,-1,-0.9117274332010872,0.8599950373583204,0,0.5159970224149922,9,1.5666666666666669,0.16666666666666666,N2 S2 P1 O5,de-protonated,0,-9999,C30 H47 O5 N2 P1 S2,30,47,5,2,1,2,-9999,N/A
2150,609.258588,609.2585700381603,609.258256136549,2441190,-9999,350177.1,14.35,-1,0.5152192984818427,0.9529758451971,0,0.57178550711826,10,1.4827586206896552,0.3448275862068966,N2 P1 O10,de-protonated,0,-9999,C29 H43 O10 N2 P1,29,43,10,2,1,-9999,-9999,N/A
2151,611.071134,611.0711162066174,611.071229408719,4670065.5,-9999,261857.8,28.96,-1,-0.18525189233907136,0.496896171879479,0.7871578612348809,0.6130008476216398,14,0.96,0.64,S1 O16,de-protonated,0,-9999,C25 H24 O16 S1,25,24,16,-9999,-9999,1,-9999,N/A
2151,611.071134,611.0711162066174,611.070716344469,4670065.5,-9999,261857.8,28.96,-1,0.6543631328762127,0.4626234240134519,0.7087183895694522,0.561061410235852,32,0.42105263157894735,0.13157894736842105,N2 S1 O5,de-protonated,0,-9999,C38 H16 O5 N2 S1,38,16,5,2,-9999,1,-9999,N/A
2151,611.071134,611.0711162066174,611.071718666069,4670065.5,-9999,261857.8,28.96,-1,-0.9859062909757752,0.4191538098274667,0.7675537279851021,0.5585137770905209,18,0.8928571428571429,0.2857142857142857,N2 S2 P1 O8,de-protonated,0,-9999,C28 H25 O8 N2 P1 S2,28,25,8,2,1,2,-9999,N/A
2151,611.071134,611.0711162066174,611.0708492861991,4670065.5,-9999,261857.8,28.96,-1,0.4368076445209336,0.48298592983287336,0.7739790330151771,0.5993831711057949,19,0.7777777777777778,0.48148148148148145,N2 P1 O13,de-protonated,0,-9999,C27 H21 O13 N2 P1,27,21,13,2,1,-9999,-9999,N/A
2152,611.092322,611.0923042085866,611.092497161209,3093125,-9999,204295.6,18.62,-1,-0.31575027242541287,0.4910362650984105,0.6825582999861977,0.5676450790535253,36,0.3720930232558139,0.11627906976744186,O5,de-protonated,0,-9999,C43 H16 O5,43,16,5,-9999,-9999,-9999,-9999,N/A
2152,611.092322,611.0923042085866,611.0923587767791,3093125,-9999,204295.6,18.62,-1,-0.0892961459655132,0.9985542103218484,0,0.5991325261931091,9,1.2727272727272727,0.8181818181818182,S1 O18,de-protonated,0,-9999,C22 H28 O18 S1,22,28,18,-9999,-9999,1,-9999,N/A
2152,611.092322,611.0923042085866,611.091845712529,3093125,-9999,204295.6,18.62,-1,0.7502899291175269,0.4514498471751063,0.725399618712417,0.5610297557900306,27,0.5714285714285714,0.2,N2 S1 O7,de-protonated,0,-9999,C35 H20 O7 N2 S1,35,20,7,2,-9999,1,-9999,N/A
2152,611.092322,611.0923042085866,611.0928480341291,3093125,-9999,204295.6,18.62,-1,-0.8899229377099453,0.8661470197801068,0,0.519688211868064,13,1.16,0.4,N2 S2 P1 O10,de-protonated,0,-9999,C25 H29 O10 N2 P1 S2,25,29,10,2,1,2,-9999,N/A
2152,611.092322,611.0923042085866,611.091978654259,3093125,-9999,204295.6,18.62,-1,0.532741942181793,0.9498058598955564,0,0.5698835159373339,14,1.0416666666666667,0.625,N2 P1 O15,de-protonated,0,-9999,C24 H25 O15 N2 P1,24,25,15,2,1,-9999,-9999,N/A
2153,611.107484,611.1074662099958,611.1077533024991,4455059.5,-9999,292208,27.55,-1,-0.4697903139796687,0.4803724978151635,0.6629808336683964,0.5534158321564566,40,0.3404255319148936,0.0425531914893617,O2,de-protonated,0,-9999,C47 H16 O2,47,16,2,-9999,-9999,-9999,-9999,N/A
2153,611.107484,611.1074662099958,611.1076149180691,4455059.5,-9999,292208,27.55,-1,-0.24334187576977193,0.494656491816081,0.7805128205128198,0.6089990232947765,13,1.0769230769230769,0.5769230769230769,S1 O15,de-protonated,0,-9999,C26 H28 O15 S1,26,28,15,-9999,-9999,1,-9999,N/A
2153,611.107484,611.1074662099958,611.107101853819,4455059.5,-9999,292208,27.55,-1,0.5962231099181289,0.468767240853339,0.7033271719038788,0.5625912132735549,31,0.5128205128205128,0.10256410256410256,N2 S1 O4,de-protonated,0,-9999,C39 H20 O4 N2 S1,39,20,4,2,-9999,1,-9999,N/A
2153,611.107484,611.1074662099958,611.1072347955491,4455059.5,-9999,292208,27.55,-1,0.3786805875302606,0.48715801693457994,0.7675537279851021,0.5993163013547889,18,0.8928571428571429,0.42857142857142855,N2 P1 O12,de-protonated,0,-9999,C28 H25 O12 N2 P1,28,25,12,2,1,-9999,-9999,N/A
2153,611.107484,611.1074662099958,611.106963469389,4455059.5,-9999,292208,27.55,-1,0.8226720309227143,0.44221915031180586,0.8370420509349343,0.6001483105610572,4,1.7777777777777777,0.9444444444444444,N2 S2 O17,de-protonated,0,-9999,C18 H32 O17 N2 S2,18,32,17,2,-9999,2,-9999,N/A
2154,611.128668,611.1286502119646,611.128882670559,3900071,-9999,286941.8,23.91,-1,-0.38037572938845504,0.48704429269741134,0.6775563317580969,0.5632491083216855,35,0.4545454545454546,0.09090909090909093,O4,de-protonated,0,-9999,C44 H20 O4,44,20,4,-9999,-9999,-9999,-9999,N/A
2154,611.128668,611.1286502119646,611.1287442861291,3900071,-9999,286941.8,23.91,-1,-0.15393510023492463,0.49785480964266887,0.8007932653391621,0.6190301919212662,8,1.391304347826087,0.7391304347826086,S1 O17,de-protonated,0,-9999,C23 H32 O17 S1,23,32,17,-9999,-9999,1,-9999,N/A
2154,611.128668,611.1286502119646,611.128231221879,3900071,-9999,286941.8,23.91,-1,0.6856009330903317,0.4591231112328979,0.719752637322661,0.5633749216688032,26,0.6666666666666666,0.16666666666666666,N2 S1 O6,de-protonated,0,-9999,C36 H24 O6 N2 S1,36,24,6,2,-9999,1,-9999,N/A
2154,611.128668,611.1286502119646,611.129233543479,3900071,-9999,286941.8,23.91,-1,-0.9545141721996664,0.42381230881679255,0.7805128205128198,0.5664925134952035,12,1.2692307692307692,0.34615384615384615,N2 S2 P1 O9,de-protonated,0,-9999,C26 H33 O9 N2 P1 S2,26,33,9,2,1,2,-9999,N/A
2154,611.128668,611.1286502119646,611.128364163609,3900071,-9999,286941.8,23.91,-1,0.46806591265172753,0.48051348196861227,0.787157861234881,0.6031712336751198,13,1.16,0.56,N2 P1 O14,de-protonated,0,-9999,C25 H29 O14 N2 P1,25,29,14,2,1,-9999,-9999,N/A
2155,611.13075,611.1307322121581,611.130733145329,2375336.8,-9999,350989.8,13.91,-1,-0.0015269578906961,0.99999957693426,0,0.599999746160556,22,0.75,0.34375,N2 O11,de-protonated,0,-9999,C32 H24 O11 N2,32,24,11,2,-9999,-9999,-9999,N/A
2155,611.13075,611.1307322121581,611.131222402679,2375336.8,-9999,350989.8,13.91,-1,-0.8021035464734846,0.4449088541704206,0.725399618712417,0.5571051599872192,26,0.7142857142857143,0.08571428571428572,N4 S1 P1 O3,de-protonated,0,-9999,C35 H25 O3 N4 P1 S1,35,25,3,4,1,1,-9999,N/A
2156,611.143895,611.1438772133798,611.144138811849,3322037.3,-9999,231564.7,20.12,-1,-0.4280470882793865,0.4836503789316588,0.6582606959877568,0.553494505754098,39,0.4166666666666667,0.02083333333333333,O1,de-protonated,0,-9999,C48 H20 O1,48,20,1,-9999,-9999,-9999,-9999,N/A
2156,611.143895,611.1438772133798,611.1440004274191,3322037.3,-9999,231564.7,20.12,-1,-0.20161212280068613,0.4963258528293347,0.7739790330151771,0.6073871249036717,12,1.1851851851851851,0.5185185185185185,S1 O14,de-protonated,0,-9999,C27 H32 O14 S1,27,32,14,-9999,-9999,1,-9999,N/A
2156,611.143895,611.1438772133798,611.1434873631689,3322037.3,-9999,231564.7,20.12,-1,0.6379029131184017,0.4644124118129225,0.6980173569463056,0.5578543898662758,30,0.6,0.075,N2 S1 O3,de-protonated,0,-9999,C40 H24 O3 N2 S1,40,24,3,2,-9999,1,-9999,N/A
2156,611.143895,611.1438772133798,611.1436203048991,3322037.3,-9999,231564.7,20.12,-1,0.4203733332542668,0.48422206940297935,0.7612342259156645,0.5950269320080535,17,1,0.3793103448275862,N2 P1 O11,de-protonated,0,-9999,C29 H29 O11 N2 P1,29,29,11,2,1,-9999,-9999,N/A
2156,611.143895,611.1438772133798,611.143348978739,3322037.3,-9999,231564.7,20.12,-1,0.8643383613343241,0.8732295356654602,0,0.5239377213992761,3,1.894736842105263,0.8421052631578947,N2 S2 O16,de-protonated,0,-9999,C19 H36 O16 N2 S2,19,36,16,2,-9999,2,-9999,N/A
2157,611.164879,611.16486121533,611.165268179909,4394696.5,-9999,241292.4,27.15,-1,-0.6658830274408285,0.4613484957552102,0.672627141691601,0.5458599541297665,34,0.5333333333333333,0.06666666666666667,O3,de-protonated,0,-9999,C45 H24 O3,45,24,3,-9999,-9999,-9999,-9999,N/A
2157,611.164879,611.16486121533,611.1651297954791,4394696.5,-9999,241292.4,27.15,-1,-0.43945594400021665,0.4827826011079803,0.7939170211058494,0.6072363691071279,7,1.5,0.6666666666666666,S1 O16,de-protonated,0,-9999,C24 H36 O16 S1,24,36,16,-9999,-9999,1,-9999,N/A
2157,611.164879,611.16486121533,611.164616731229,4394696.5,-9999,241292.4,27.15,-1,0.4000298680984053,0.4856906860520863,0.7141928963326545,0.5770915701643136,25,0.7567567567567568,0.13513513513513514,N2 S1 O5,de-protonated,0,-9999,C37 H28 O5 N2 S1,37,28,5,2,-9999,1,-9999,N/A
2157,611.164879,611.16486121533,611.164749672959,4394696.5,-9999,241292.4,27.15,-1,0.18250786065970953,0.4969871658385309,0.7805128205128198,0.6103974277082465,12,1.2692307692307692,0.5,N2 P1 O13,de-protonated,0,-9999,C26 H33 O13 N2 P1,26,33,13,2,1,-9999,-9999,N/A
2158,611.18014,611.1801222167484,611.1803859367691,2687190.8,-9999,286749.3,15.96,-1,-0.4314929385497781,0.9667810477480928,0,0.5800686286488556,11,1.2857142857142858,0.4642857142857143,S1 O13,de-protonated,0,-9999,C28 H36 O13 S1,28,36,13,-9999,-9999,1,-9999,N/A
2158,611.18014,611.1801222167484,611.179872872519,2687190.8,-9999,286749.3,15.96,-1,0.4079719251681866,0.48512548090042407,0.6927871148459346,0.5681901344786282,29,0.6829268292682927,0.04878048780487805,N2 S1 O2,de-protonated,0,-9999,C41 H28 O2 N2 S1,41,28,2,2,-9999,1,-9999,N/A
2158,611.18014,611.1801222167484,611.1800058142491,2687190.8,-9999,286749.3,15.96,-1,0.19045534573861556,0.4967199403198263,0.7550179348240813,0.6000391381215283,16,1.1,0.3333333333333333,N2 P1 O10,de-protonated,0,-9999,C30 H33 O10 N2 P1,30,33,10,2,1,-9999,-9999,N/A
2158,611.18014,611.1801222167484,611.179734488089,2687190.8,-9999,286749.3,15.96,-1,0.6343938410730173,0.929577562365138,0,0.5577465374190828,2,2,0.75,N2 S2 O15,de-protonated,0,-9999,C20 H40 O15 N2 S2,20,40,15,2,-9999,2,-9999,N/A
2159,611.201405,611.2013872187247,611.201653689259,3951338.8,-9999,273257.4,24.24,-1,-0.4359780978373002,0.4830493847541082,0.667769152885588,0.5569372920067002,33,0.6086956521739131,0.04347826086956521,O2,de-protonated,0,-9999,C46 H28 O2,46,28,2,-9999,-9999,-9999,-9999,N/A
2159,611.201405,611.2013872187247,611.2015153048291,3951338.8,-9999,273257.4,24.24,-1,-0.2095644418004061,0.4960314689358668,0.7871578612348809,0.6124820258554724,6,1.6,0.6,S1 O15,de-protonated,0,-9999,C25 H40 O15 S1,25,40,15,-9999,-9999,1,-9999,N/A
2159,611.201405,611.2013872187247,611.201002240579,3951338.8,-9999,273257.4,24.24,-1,0.6298715877068218,0.4652712040730664,0.7087183895694522,0.5626500782716207,24,0.8421052631578947,0.10526315789473684,N2 S1 O4,de-protonated,0,-9999,C38 H32 O4 N2 S1,38,32,4,2,-9999,1,-9999,N/A
2159,611.201405,611.2013872187247,611.201135182309,3951338.8,-9999,273257.4,24.24,-1,0.4123624796117723,0.4848085414478008,0.7739790330151771,0.6004767380747513,11,1.3703703703703705,0.4444444444444444,N2 P1 O12,de-protonated,0,-9999,C27 H37 O12 N2 P1,27,37,12,2,1,-9999,-9999,N/A
2160,611.237762,611.2377442221036,611.2380391986089,2458380.5,-9999,311641.9,14.45,-1,-0.48258859296206336,0.4793112589639865,0.6629808336683964,0.5527790888457504,32,0.6808510638297872,0.02127659574468085,O1,de-protonated,0,-9999,C47 H32 O1,47,32,1,-9999,-9999,-9999,-9999,N/A
2160,611.237762,611.2377442221036,611.237900814179,2458380.5,-9999,311641.9,14.45,-1,-0.25618842551944876,0.9881616980766472,0,0.5928970188459882,5,1.6923076923076923,0.5384615384615384,S1 O14,de-protonated,0,-9999,C26 H44 O14 S1,26,44,14,-9999,-9999,1,-9999,N/A
2160,611.237762,611.2377442221036,611.237387749929,2458380.5,-9999,311641.9,14.45,-1,0.5831975952199712,0.4700757602520303,0.7033271719038788,0.5633763249127697,23,0.9230769230769232,0.07692307692307693,N2 S1 O3,de-protonated,0,-9999,C39 H36 O3 N2 S1,39,36,3,2,-9999,1,-9999,N/A
2160,611.237762,611.2377442221036,611.237520691659,2458380.5,-9999,311641.9,14.45,-1,0.3657014450739013,0.97602556213413,0,0.585615337280478,10,1.4642857142857142,0.3928571428571429,N2 P1 O11,de-protonated,0,-9999,C28 H41 O11 N2 P1,28,41,11,2,1,-9999,-9999,N/A
2161,613.050377,613.0503593905672,613.0504939638291,3117488.5,-9999,308708.5,18.77,-1,-0.21951415622031129,0.9912947413763704,0,0.5947768448258223,14,0.9166666666666666,0.7083333333333334,S1 O17,de-protonated,0,-9999,C24 H22 O17 S1,24,22,17,-9999,-9999,1,-9999,N/A
2161,613.050377,613.0503593905672,613.049980899579,3117488.5,-9999,308708.5,18.77,-1,0.6173900986235852,0.4665873302098526,0.7141928963326545,0.5656295566589733,32,0.3783783783783784,0.16216216216216217,N2 S1 O6,de-protonated,0,-9999,C37 H14 O6 N2 S1,37,14,6,2,-9999,1,-9999,N/A
2161,613.050377,613.0503593905672,613.050113841309,3117488.5,-9999,308708.5,18.77,-1,0.400537007814763,0.4856549074929315,0.7805128205128199,0.6035980727008868,19,0.7307692307692307,0.5384615384615384,N2 P1 O14,de-protonated,0,-9999,C26 H19 O14 N2 P1,26,19,14,2,1,-9999,-9999,N/A
2162,613.086705,613.0866873939435,613.087017857609,4710867,-9999,229504.3,29.21,-1,-0.5390159240890345,0.47432385642820657,0.6677691528855879,0.5517019750111591,40,0.30434782608695654,0.06521739130434782,O3,de-protonated,0,-9999,C46 H14 O3,46,14,3,-9999,-9999,-9999,-9999,N/A
2162,613.086705,613.0866873939435,613.086879473179,4710867,-9999,229504.3,29.21,-1,-0.31329855836178583,0.4911736953499659,0.7871578612348809,0.6095673617039319,13,1.04,0.64,S1 O16,de-protonated,0,-9999,C25 H26 O16 S1,25,26,16,-9999,-9999,1,-9999,N/A
2162,613.086705,613.0866873939435,613.086366408929,4710867,-9999,229504.3,29.21,-1,0.5235559491375741,0.475739791417518,0.7087183895694522,0.5689312306782917,31,0.47368421052631576,0.13157894736842105,N2 S1 O5,de-protonated,0,-9999,C38 H18 O5 N2 S1,38,18,5,2,-9999,1,-9999,N/A
2162,613.086705,613.0866873939435,613.086499350659,4710867,-9999,229504.3,29.21,-1,0.30671574849130756,0.4915375791941413,0.7739790330151771,0.6045141607225557,18,0.8518518518518519,0.48148148148148145,N2 P1 O13,de-protonated,0,-9999,C27 H23 O13 N2 P1,27,23,13,2,1,-9999,-9999,N/A
2163,613.108087,613.1080693959307,613.108147225669,2468327,-9999,247311.6,14.51,-1,-0.12694291970242536,0.49854015742867286,0.6825582999861977,0.5721474144516828,35,0.4186046511627907,0.11627906976744186,O5,de-protonated,0,-9999,C43 H18 O5,43,18,5,-9999,-9999,-9999,-9999,N/A
2163,613.108087,613.1080693959307,613.108008841239,2468327,-9999,247311.6,14.51,-1,0.09876676019990796,0.9982315566653612,0,0.5989389339992166,8,1.3636363636363635,0.8181818181818182,S1 O18,de-protonated,0,-9999,C22 H30 O18 S1,22,30,18,-9999,-9999,1,-9999,N/A
2163,613.108087,613.1080693959307,613.107495776989,2468327,-9999,247311.6,14.51,-1,0.9355927722216584,0.4265714690338467,0.7253996187124169,0.5461027289052748,26,0.6285714285714286,0.2,N2 S1 O7,de-protonated,0,-9999,C35 H22 O7 N2 S1,35,22,7,2,-9999,1,-9999,N/A
2163,613.108087,613.1080693959307,613.1084980985889,2468327,-9999,247311.6,14.51,-1,-0.699228047887602,0.9151073786791049,0,0.5490644272074628,12,1.24,0.4,N2 S2 P1 O10,de-protonated,0,-9999,C25 H31 O10 N2 P1 S2,25,31,10,2,1,2,-9999,N/A
2163,613.108087,613.1080693959307,613.107628718719,2468327,-9999,247311.6,14.51,-1,0.718759955139565,0.910520129839306,0,0.5463120779035836,13,1.125,0.625,N2 P1 O15,de-protonated,0,-9999,C24 H27 O15 N2 P1,24,27,15,2,1,-9999,-9999,N/A
2164,613.123101,613.1230833973261,613.123403366959,4256245,-9999,237573,26.23,-1,-0.5218682423671631,0.47589212033795464,0.6629808336683964,0.5507276056701313,39,0.3829787234042553,0.0425531914893617,O2,de-protonated,0,-9999,C47 H18 O2,47,18,2,-9999,-9999,-9999,-9999,N/A
2164,613.123101,613.1230833973261,613.123264982529,4256245,-9999,237573,26.23,-1,-0.2961642678596216,0.4921052617046741,0.7805128205128198,0.6074682852279324,12,1.1538461538461535,0.5769230769230769,S1 O15,de-protonated,0,-9999,C26 H30 O15 S1,26,30,15,-9999,-9999,1,-9999,N/A
2164,613.123101,613.1230833973261,613.122751918279,4256245,-9999,237573,26.23,-1,0.5406405912024228,0.4741729145724569,0.7033271719038788,0.5658346175050257,30,0.5641025641025641,0.10256410256410256,N2 S1 O4,de-protonated,0,-9999,C39 H22 O4 N2 S1,39,22,4,2,-9999,1,-9999,N/A
2164,613.123101,613.1230833973261,613.1228848600091,4256245,-9999,237573,26.23,-1,0.3238132549531542,0.49057702094441674,0.7675537279851021,0.6013677037606909,17,0.9642857142857144,0.42857142857142855,N2 P1 O12,de-protonated,0,-9999,C28 H27 O12 N2 P1,28,27,12,2,1,-9999,-9999,N/A
2164,613.123101,613.1230833973261,613.1226135338491,4256245,-9999,237573,26.23,-1,0.7663450453354569,0.898919275250857,0,0.5393515651505142,3,1.8888888888888888,0.9444444444444444,N2 S2 O17,de-protonated,0,-9999,C18 H34 O17 N2 S2,18,34,17,2,-9999,2,-9999,N/A
2165,613.144459,613.1444413993111,613.1445327350191,2586633.3,-9999,251744,15.28,-1,-0.1489627700231833,0.4979908826744065,0.6775563317580969,0.5698170623078826,34,0.5,0.09090909090909093,O4,de-protonated,0,-9999,C44 H22 O4,44,22,4,-9999,-9999,-9999,-9999,N/A
2165,613.144459,613.1444413993111,613.1443943505891,2586633.3,-9999,251744,15.28,-1,0.0767335107370415,0.9989321948985448,0,0.5993593169391268,7,1.4782608695652173,0.7391304347826086,S1 O17,de-protonated,0,-9999,C23 H34 O17 S1,23,34,17,-9999,-9999,1,-9999,N/A
2165,613.144459,613.1444413993111,613.143881286339,2586633.3,-9999,251744,15.28,-1,0.9135098451343384,0.4297437611068525,0.719752637322661,0.5457473115931759,25,0.7222222222222222,0.16666666666666666,N2 S1 O6,de-protonated,0,-9999,C36 H26 O6 N2 S1,36,26,6,2,-9999,1,-9999,N/A
2165,613.144459,613.1444413993111,613.144883607939,2586633.3,-9999,251744,15.28,-1,-0.7212139248154334,0.9099365127990592,0,0.5459619076794354,11,1.3461538461538465,0.34615384615384615,N2 S2 P1 O9,de-protonated,0,-9999,C26 H35 O9 N2 P1 S2,26,35,9,2,1,2,-9999,N/A
2165,613.144459,613.1444413993111,613.1440142280691,2586633.3,-9999,251744,15.28,-1,0.69668990006007,0.915695873027906,0,0.5494175238167437,12,1.24,0.56,N2 P1 O14,de-protonated,0,-9999,C25 H31 O14 N2 P1,25,31,14,2,1,-9999,-9999,N/A
2166,613.159479,613.1594614007071,613.159788876309,3695127.5,-9999,305931.7,22.55,-1,-0.5340787309635274,0.474780056879469,0.6582606959877568,0.5481723125227842,38,0.4583333333333333,0.02083333333333333,O1,de-protonated,0,-9999,C48 H22 O1,48,22,1,-9999,-9999,-9999,-9999,N/A
2166,613.159479,613.1594614007071,613.159650491879,3695127.5,-9999,305931.7,22.55,-1,-0.3083881527122623,0.4914458389778667,0.7739790330151771,0.6044591165927908,11,1.2592592592592593,0.5185185185185185,S1 O14,de-protonated,0,-9999,C27 H34 O14 S1,27,34,14,-9999,-9999,1,-9999,N/A
2166,613.159479,613.1594614007071,613.1591374276289,3695127.5,-9999,305931.7,22.55,-1,0.5283670394246464,0.4753031234146205,0.6980173569463056,0.5643888168272946,29,0.65,0.075,N2 S1 O3,de-protonated,0,-9999,C40 H26 O3 N2 S1,40,26,3,2,-9999,1,-9999,N/A
2166,613.159479,613.1594614007071,613.159270369359,3695127.5,-9999,305931.7,22.55,-1,0.3115525725962916,0.49127093629569635,0.7612342259156645,0.5992562521436836,16,1.0689655172413792,0.3793103448275862,N2 P1 O11,de-protonated,0,-9999,C29 H31 O11 N2 P1,29,31,11,2,1,-9999,-9999,N/A
2166,613.159479,613.1594614007071,613.1589990431991,3695127.5,-9999,305931.7,22.55,-1,0.7540580970590652,0.9019714793681758,0,0.5411828876209055,2,2,0.8421052631578947,N2 S2 O16,de-protonated,0,-9999,C19 H38 O16 N2 S2,19,38,16,2,-9999,2,-9999,N/A
2167,613.161294,613.1612764008757,613.160791197909,2113561.3,-9999,296697.9,12.18,-1,0.7913144051189663,0.4462988676439093,0.7087183895694522,0.5512666764141265,24,0.8157894736842105,0.10526315789473684,S1 P1 O4,de-protonated,0,-9999,C38 H31 O4 P1 S1,38,31,4,-9999,1,1,-9999,N/A
2167,613.161294,613.1612764008757,613.161639351079,2113561.3,-9999,296697.9,12.18,-1,-0.5919323387704535,0.938402143711104,0,0.5630412862266623,25,0.7222222222222222,0.2222222222222222,N2 O8,de-protonated,0,-9999,C36 H26 O8 N2,36,26,8,2,-9999,-9999,-9999,N/A
2167,613.161294,613.1612764008757,613.160987902399,2113561.3,-9999,296697.9,12.18,-1,0.4705101635829375,0.9606270060337524,0,0.5763762036202513,16,1.0714285714285714,0.35714285714285715,N4 S1 O10,de-protonated,0,-9999,C28 H30 O10 N4 S1,28,30,10,4,-9999,1,-9999,N/A
2168,613.180623,613.1806054026721,613.180918244369,2483243.5,-9999,251290.8,14.61,-1,-0.5101947689073136,0.4769335823588722,0.672627141691601,0.5552110060919637,33,0.5777777777777777,0.06666666666666667,O3,de-protonated,0,-9999,C45 H26 O3,45,26,3,-9999,-9999,-9999,-9999,N/A
2168,613.180623,613.1806054026721,613.180779859939,2483243.5,-9999,251290.8,14.61,-1,-0.28451196225340375,0.985419601554548,0,0.5912517609327287,6,1.5833333333333333,0.6666666666666666,S1 O16,de-protonated,0,-9999,C24 H38 O16 S1,24,38,16,-9999,-9999,1,-9999,N/A
2168,613.180623,613.1806054026721,613.180266795689,2483243.5,-9999,251290.8,14.61,-1,0.5522144162163752,0.47308590902675113,0.7141928963326544,0.5695287039491124,24,0.8108108108108109,0.13513513513513514,N2 S1 O5,de-protonated,0,-9999,C37 H30 O5 N2 S1,37,30,5,2,-9999,1,-9999,N/A
2168,613.180623,613.1806054026721,613.1803997374191,2483243.5,-9999,251290.8,14.61,-1,0.33540741535131746,0.9797942888617908,0,0.5878765733170744,11,1.3461538461538465,0.5,N2 P1 O13,de-protonated,0,-9999,C26 H35 O13 N2 P1,26,35,13,2,1,-9999,-9999,N/A
2169,613.196005,613.1959874041017,613.196036001229,3024442,-9999,289306.8,18.15,-1,-0.07925218756782898,0.49943049321976535,0.7675537279851021,0.6066797871259001,10,1.3571428571428572,0.4642857142857143,S1 O13,de-protonated,0,-9999,C28 H38 O13 S1,28,38,13,-9999,-9999,1,-9999,N/A
2169,613.196005,613.1959874041017,613.195522936979,3024442,-9999,289306.8,18.15,-1,0.7574535451145541,0.4505659584456676,0.6927871148459346,0.5474544210057743,28,0.7317073170731707,0.04878048780487805,N2 S1 O2,de-protonated,0,-9999,C41 H30 O2 N2 S1,41,30,2,2,-9999,1,-9999,N/A
2169,613.196005,613.1959874041017,613.196525258579,3024442,-9999,289306.8,18.15,-1,-0.8771322978205922,0.4348532176063645,0.7489023467070351,0.5604728692466328,14,1.2580645161290325,0.16129032258064516,N2 S2 P1 O5,de-protonated,0,-9999,C31 H39 O5 N2 P1 S2,31,39,5,2,1,2,-9999,N/A
2169,613.196005,613.1959874041017,613.1956558787091,3024442,-9999,289306.8,18.15,-1,0.5406518938526148,0.4741718630620847,0.7550179348240813,0.5865102917668834,15,1.1666666666666667,0.3333333333333333,N2 P1 O10,de-protonated,0,-9999,C30 H35 O10 N2 P1,30,35,10,2,1,-9999,-9999,N/A
2169,613.196005,613.1959874041017,613.1953845525491,3024442,-9999,289306.8,18.15,-1,0.9831312626805356,0.8391391803763164,0,0.5034835082257898,1,2.1,0.75,N2 S2 O15,de-protonated,0,-9999,C20 H42 O15 N2 S2,20,42,15,2,-9999,2,-9999,N/A
2170,613.217198,613.2171804060714,613.2173037537191,2242126,-9999,317558.5,13.02,-1,-0.20114834809404472,0.49634267499806906,0.667769152885588,0.5649132661530767,32,0.6521739130434783,0.04347826086956521,O2,de-protonated,0,-9999,C46 H30 O2,46,30,2,-9999,-9999,-9999,-9999,N/A
2170,613.217198,613.2171804060714,613.2171653692891,2242126,-9999,317558.5,13.02,-1,0.02452113731395066,0.999890903364889,0,0.5999345420189334,5,1.68,0.6,S1 O15,de-protonated,0,-9999,C25 H42 O15 S1,25,42,15,-9999,-9999,1,-9999,N/A
2170,613.217198,613.2171804060714,613.216652305039,2242126,-9999,317558.5,13.02,-1,0.8611981269619632,0.43704425676358766,0.7087183895694522,0.5457139098859335,23,0.8947368421052632,0.10526315789473684,N2 S1 O4,de-protonated,0,-9999,C38 H34 O4 N2 S1,38,34,4,2,-9999,1,-9999,N/A
2170,613.217198,613.2171804060714,613.217654626639,2242126,-9999,317558.5,13.02,-1,-0.7733315635344541,0.8971664401552638,0,0.5382998640931582,9,1.5357142857142858,0.25,N2 S2 P1 O7,de-protonated,0,-9999,C28 H43 O7 N2 P1 S2,28,43,7,2,1,2,-9999,N/A
2170,613.217198,613.2171804060714,613.2167852467691,2242126,-9999,317558.5,13.02,-1,0.6444039234575074,0.9274209369926248,0,0.5564525621955749,10,1.4444444444444444,0.4444444444444444,N2 P1 O12,de-protonated,0,-9999,C27 H39 O12 N2 P1,27,39,12,2,1,-9999,-9999,N/A
2171,615.066011,615.0659935778991,615.066144028289,4590893,-9999,218515.7,28.41,-1,-0.24460847241365544,0.4946010232223648,0.7939170211058493,0.6143274223757587,13,1,0.7083333333333334,S1 O17,de-protonated,0,-9999,C24 H24 O17 S1,24,24,17,-9999,-9999,1,-9999,N/A
2171,615.066011,615.0659935778991,615.0656309640391,4590893,-9999,218515.7,28.41,-1,0.5895531172267532,0.46944045129692286,0.7141928963326545,0.5673414293112156,31,0.43243243243243246,0.16216216216216217,N2 S1 O6,de-protonated,0,-9999,C37 H16 O6 N2 S1,37,16,6,2,-9999,1,-9999,N/A
2171,615.066011,615.0659935778991,615.065763905769,4590893,-9999,218515.7,28.41,-1,0.37341068806228583,0.48750848845835154,0.7805128205128198,0.6047102212801388,18,0.8076923076923077,0.5384615384615384,N2 P1 O14,de-protonated,0,-9999,C26 H21 O14 N2 P1,26,21,14,2,1,-9999,-9999,N/A
2172,615.102396,615.1023785812807,615.102667922069,5776719.5,-9999,256433.7,36.19,-1,-0.4703942990148106,0.48032300423077307,0.667769152885588,0.5553014636926991,39,0.34782608695652173,0.06521739130434782,O3,de-protonated,0,-9999,C46 H16 O3,46,16,3,-9999,-9999,-9999,-9999,N/A
2172,615.102396,615.1023785812807,615.102529537639,5776719.5,-9999,256433.7,36.19,-1,-0.24541657863897257,0.4945654862870882,0.7871578612348809,0.6116024362662053,12,1.12,0.64,S1 O16,de-protonated,0,-9999,C25 H28 O16 S1,25,28,16,-9999,-9999,1,-9999,N/A
2172,615.102396,615.1023785812807,615.102016473389,5776719.5,-9999,256433.7,36.19,-1,0.58869566683668,0.4695265150235704,0.7087183895694522,0.5652032648419232,30,0.5263157894736842,0.13157894736842105,N2 S1 O5,de-protonated,0,-9999,C38 H20 O5 N2 S1,38,20,5,2,-9999,1,-9999,N/A
2172,615.102396,615.1023785812807,615.102149415119,5776719.5,-9999,256433.7,36.19,-1,0.37256602327650407,0.4875642289115349,0.7739790330151771,0.6021301505529918,17,0.925925925925926,0.48148148148148145,N2 P1 O13,de-protonated,0,-9999,C27 H25 O13 N2 P1,27,25,13,2,1,-9999,-9999,N/A
2173,615.138825,615.1388075846663,615.139053431419,5125490.5,-9999,262815.3,31.92,-1,-0.3996604529227822,0.4857167213058609,0.6629808336683964,0.5566223662508751,38,0.425531914893617,0.0425531914893617,O2,de-protonated,0,-9999,C47 H20 O2,47,20,2,-9999,-9999,-9999,-9999,N/A
2173,615.138825,615.1388075846663,615.138915046989,5125490.5,-9999,262815.3,31.92,-1,-0.17469602408205154,0.49723886297508546,0.7805128205128199,0.6105484459901792,11,1.2307692307692308,0.5769230769230769,S1 O15,de-protonated,0,-9999,C26 H32 O15 S1,26,32,15,-9999,-9999,1,-9999,N/A
2173,615.138825,615.1388075846663,615.138401982739,5125490.5,-9999,262815.3,31.92,-1,0.6593669425408732,0.4620719444952498,0.7033271719038788,0.5585740354587014,29,0.6153846153846154,0.10256410256410256,N2 S1 O4,de-protonated,0,-9999,C39 H24 O4 N2 S1,39,24,4,2,-9999,1,-9999,N/A
2173,615.138825,615.1388075846663,615.139404304339,5125490.5,-9999,262815.3,31.92,-1,-0.9700560043724196,0.4215183513867119,0.7612342259156646,0.557404701198293,15,1.137931034482759,0.2413793103448276,N2 S2 P1 O7,de-protonated,0,-9999,C29 H33 O7 N2 P1 S2,29,33,7,2,1,2,-9999,N/A
2173,615.138825,615.1388075846663,615.1385349244691,5125490.5,-9999,262815.3,31.92,-1,0.4432500676138949,0.4824893085469876,0.7675537279851021,0.5965150763222333,16,1.0357142857142858,0.42857142857142855,N2 P1 O12,de-protonated,0,-9999,C28 H29 O12 N2 P1,28,29,12,2,1,-9999,-9999,N/A
2173,615.138825,615.1388075846663,615.138263598309,5125490.5,-9999,262815.3,31.92,-1,0.8843318478690865,0.4338537330221862,0.8370420509349343,0.5951290601872854,2,2,0.9444444444444444,N2 S2 O17,de-protonated,0,-9999,C18 H36 O17 N2 S2,18,36,17,2,-9999,2,-9999,N/A
2174,615.175147,615.1751295880422,615.175438940769,4918677.5,-9999,221024.6,28.24,-1,-0.5028691122281972,0.4775762516778205,0.6582606959877569,0.5498500294017951,37,0.5,0.02083333333333333,O1,de-protonated,0,-9999,C48 H24 O1,48,24,1,-9999,-9999,-9999,-9999,N/A
2174,615.175147,615.1751295880422,615.175300556339,4918677.5,-9999,221024.6,28.24,-1,-0.2779180124788541,0.4930414700626737,0.7739790330151772,0.6054164952436751,10,1.3333333333333333,0.5185185185185185,S1 O14,de-protonated,0,-9999,C27 H36 O14 S1,27,36,14,-9999,-9999,1,-9999,N/A
2174,615.175147,615.1751295880422,615.174787492089,4918677.5,-9999,221024.6,28.24,-1,0.5560955360502204,0.4727168102089419,0.6980173569463055,0.5628370289038873,28,0.7,0.075,N2 S1 O3,de-protonated,0,-9999,C40 H28 O3 N2 S1,40,28,3,2,-9999,1,-9999,N/A
2174,615.175147,615.1751295880422,615.174920433819,4918677.5,-9999,221024.6,28.24,-1,0.3399914662053057,0.4896220090019098,0.7612342259156645,0.5982668957674118,15,1.137931034482759,0.3793103448275862,N2 P1 O11,de-protonated,0,-9999,C29 H33 O11 N2 P1,29,33,11,2,1,-9999,-9999,N/A
2174,615.175147,615.1751295880422,615.1746491076591,4918677.5,-9999,221024.6,28.24,-1,0.7810471120458291,0.4476081225814811,0.8295321147073604,0.6003777194318328,1,2.1052631578947367,0.8421052631578947,N2 S2 O16,de-protonated,0,-9999,C19 H40 O16 N2 S2,19,40,16,2,-9999,2,-9999,N/A
2175,615.211718,615.2117005914411,615.211686065689,3702200.3,-9999,252555.1,20.87,-1,0.02361098196061191,0.49994942568999673,0.7675537279851021,0.6069911466080389,9,1.4285714285714286,0.4642857142857143,S1 O13,de-protonated,0,-9999,C28 H40 O13 S1,28,40,13,-9999,-9999,1,-9999,N/A
2175,615.211718,615.2117005914411,615.211173001439,3702200.3,-9999,252555.1,20.87,-1,0.8575754557892493,0.4375383082235199,0.6927871148459346,0.5396378308724857,27,0.7804878048780488,0.04878048780487805,N2 S1 O2,de-protonated,0,-9999,C41 H32 O2 N2 S1,41,32,2,2,-9999,1,-9999,N/A
2175,615.211718,615.2117005914411,615.212175323039,3702200.3,-9999,252555.1,20.87,-1,-0.7716550760454509,0.44879409452433566,0.7489023467070351,0.5688373953974155,13,1.3225806451612905,0.16129032258064516,N2 S2 P1 O5,de-protonated,0,-9999,C31 H41 O5 N2 P1 S2,31,41,5,2,1,2,-9999,N/A
2175,615.211718,615.2117005914411,615.211305943169,3702200.3,-9999,252555.1,20.87,-1,0.6414841018637533,0.4640264838177125,0.7550179348240813,0.58042306422026,14,1.2333333333333334,0.3333333333333333,N2 P1 O10,de-protonated,0,-9999,C30 H37 O10 N2 P1,30,37,10,2,1,-9999,-9999,N/A
2176,617.045626,617.0456087618834,617.0454085833991,2552481,-9999,228546.7,13.89,-1,0.32441451070115795,0.9810846573765996,0,0.5886507944259598,13,0.9565217391304348,0.782608695652174,S1 O18,de-protonated,0,-9999,C23 H22 O18 S1,23,22,18,-9999,-9999,1,-9999,N/A
2176,617.045626,617.0456087618834,617.045897840749,2552481,-9999,228546.7,13.89,-1,-0.4684884328058028,0.960957963121879,0,0.5765747778731274,17,0.8846153846153846,0.38461538461538464,N2 S2 P1 O10,de-protonated,0,-9999,C26 H23 O10 N2 P1 S2,26,23,10,2,1,2,-9999,N/A
2176,617.045626,617.0456087618834,617.045028460879,2552481,-9999,228546.7,13.89,-1,0.9404516324864884,0.8517330194577678,0,0.5110398116746606,18,0.76,0.6,N2 P1 O15,de-protonated,0,-9999,C25 H19 O15 N2 P1,25,19,15,2,1,-9999,-9999,N/A
2177,617.081721,617.0817037652381,617.0819324771791,5946564,-9999,254595.1,34.46,-1,-0.3706346417319955,0.48769123261577846,0.672627141691601,0.5616655962461075,39,0.3111111111111111,0.08888888888888889,O4,de-protonated,0,-9999,C45 H14 O4,45,14,4,-9999,-9999,-9999,-9999,N/A
2177,617.081721,617.0817037652381,617.081794092749,5946564,-9999,254595.1,34.46,-1,-0.14637850561455212,0.4980598536525981,0.7939170211058493,0.6164027206338987,12,1.0833333333333333,0.7083333333333334,S1 O17,de-protonated,0,-9999,C24 H26 O17 S1,24,26,17,-9999,-9999,1,-9999,N/A
2177,617.081721,617.0817037652381,617.0812810284991,5946564,-9999,254595.1,34.46,-1,0.6850584387821553,0.4591850606189735,0.7141928963326544,0.5611881949044458,30,0.4864864864864865,0.16216216216216217,N2 S1 O6,de-protonated,0,-9999,C37 H18 O6 N2 S1,37,18,6,2,-9999,1,-9999,N/A
2177,617.081721,617.0817037652381,617.082283350099,5946564,-9999,254595.1,34.46,-1,-0.9392343234731092,0.42604335913672714,0.7739790330151771,0.5652176286881072,16,1,0.3333333333333333,N2 S2 P1 O9,de-protonated,0,-9999,C27 H27 O9 N2 P1 S2,27,27,9,2,1,2,-9999,N/A
2177,617.081721,617.0817037652381,617.081413970229,5946564,-9999,254595.1,34.46,-1,0.469622002043926,0.48038627972352543,0.7805128205128199,0.6004368960392432,17,0.8846153846153846,0.5384615384615384,N2 P1 O14,de-protonated,0,-9999,C26 H23 O14 N2 P1,26,23,14,2,1,-9999,-9999,N/A
2178,617.118272,617.1182547686352,617.118317986529,6028519.5,-9999,248370.3,34.95,-1,-0.10244047518420948,0.9726502606468728,0.9412566617497408,0.96009282108802,38,0.391304347826087,0.06521739130434782,O3,de-protonated,0,-9999,C46 H18 O3,46,18,3,-9999,-9999,-9999,-9999,N/A
2178,617.118272,617.1182547686352,617.1181796020991,6028519.5,-9999,248370.3,34.95,-1,0.12180249848318347,0.9892869350958572,0.9393546299009664,0.9693140130179008,11,1.2,0.64,S1 O16,de-protonated,0,-9999,C25 H30 O16 S1,25,30,16,-9999,-9999,1,-9999,N/A
2178,617.118272,617.1182547686352,617.117666537849,6028519.5,-9999,248370.3,34.95,-1,0.95319064434942,0.9012069779628078,0.9822058984336052,0.9336065461511268,29,0.5789473684210527,0.13157894736842105,N2 S1 O5,de-protonated,0,-9999,C38 H22 O5 N2 S1,38,22,5,2,-9999,1,-9999,N/A
2178,617.118272,617.1182547686352,617.118668859449,6028519.5,-9999,248370.3,34.95,-1,-0.6710067847810038,0.4607754395244179,0.7675537279851021,0.5834867549086916,15,1.1071428571428572,0.2857142857142857,N2 S2 P1 O8,de-protonated,0,-9999,C28 H31 O8 N2 P1 S2,28,31,8,2,1,2,-9999,N/A
2178,617.118272,617.1182547686352,617.117799479579,6028519.5,-9999,248370.3,34.95,-1,0.7377668518824199,0.9452982179368886,0.95253345812067,0.9481923140104012,16,1,0.48148148148148145,N2 P1 O13,de-protonated,0,-9999,C27 H27 O13 N2 P1,27,27,13,2,1,-9999,-9999,N/A
2179,617.15467,617.1546527720179,617.1547034958791,5612811,-9999,239453.5,32.43,-1,-0.08218986398211393,0.99560464086044,0.953338438596123,0.9786981599547132,37,0.46808510638297873,0.0425531914893617,O2,de-protonated,0,-9999,C47 H22 O2,47,22,2,-9999,-9999,-9999,-9999,N/A
2179,617.15467,617.1546527720179,617.154565111449,5612811,-9999,239453.5,32.43,-1,0.14203989392777974,0.9981392260648928,0.9291295745594536,0.9705353654627172,10,1.3076923076923077,0.5769230769230769,S1 O15,de-protonated,0,-9999,C26 H34 O15 S1,26,34,15,-9999,-9999,1,-9999,N/A
2179,617.15467,617.1546527720179,617.154052047199,5612811,-9999,239453.5,32.43,-1,0.973379040339735,0.8596898109212945,0.9936847768316052,0.9132877972854188,28,0.6666666666666666,0.10256410256410256,N2 S1 O4,de-protonated,0,-9999,C39 H26 O4 N2 S1,39,26,4,2,-9999,1,-9999,N/A
2179,617.15467,617.1546527720179,617.155054368799,5612811,-9999,239453.5,32.43,-1,-0.6507226640371437,0.9117486829077094,0.948408169156609,0.9264124774072692,14,1.206896551724138,0.2413793103448276,N2 S2 P1 O7,de-protonated,0,-9999,C29 H35 O7 N2 P1 S2,29,35,7,2,1,2,-9999,N/A
2179,617.15467,617.1546527720179,617.154184988929,5612811,-9999,239453.5,32.43,-1,0.7579679442470372,0.9153107575226412,0.9420886670871714,0.9260219213484534,15,1.1071428571428572,0.42857142857142855,N2 P1 O12,de-protonated,0,-9999,C28 H31 O12 N2 P1,28,31,12,2,1,-9999,-9999,N/A
2180,617.190933,617.1909157753881,617.191089005229,6171950,-9999,258841.4,35.82,-1,-0.2806745656206409,0.4929037370204229,0.6582606959877568,0.5590465206073565,36,0.5416666666666666,0.02083333333333333,O1,de-protonated,0,-9999,C48 H26 O1,48,26,1,-9999,-9999,-9999,-9999,N/A
2180,617.190933,617.1909157753881,617.1909506207991,6171950,-9999,258841.4,35.82,-1,-0.05645807169089908,0.4997108985107398,0.7739790330151771,0.6094181523125147,9,1.4074074074074074,0.5185185185185185,S1 O14,de-protonated,0,-9999,C27 H38 O14 S1,27,38,14,-9999,-9999,1,-9999,N/A
2180,617.190933,617.1909157753881,617.1904375565489,6171950,-9999,258841.4,35.82,-1,0.7748318997642293,0.44839419877723546,0.6980173569463056,0.5482434620448635,27,0.75,0.075,N2 S1 O3,de-protonated,0,-9999,C40 H30 O3 N2 S1,40,30,3,2,-9999,1,-9999,N/A
2180,617.190933,617.1909157753881,617.191439878149,6171950,-9999,258841.4,35.82,-1,-0.8491737361024279,0.43867822442032794,0.7550179348240812,0.5652141085818292,13,1.3,0.2,N2 S2 P1 O6,de-protonated,0,-9999,C30 H39 O6 N2 P1 S2,30,39,6,2,1,2,-9999,N/A
2180,617.190933,617.1909157753881,617.190570498279,6171950,-9999,258841.4,35.82,-1,0.5594335454798808,0.4723975266004199,0.7612342259156645,0.5879322063265178,14,1.206896551724138,0.3793103448275862,N2 P1 O11,de-protonated,0,-9999,C29 H35 O11 N2 P1,29,35,11,2,1,-9999,-9999,N/A
2180,617.190933,617.1909157753881,617.1902991721191,6171950,-9999,258841.4,35.82,-1,0.999048866834124,0.4171744216524641,0.8295321147073604,0.5821174988744227,0,2.210526315789474,0.8421052631578947,N2 S2 O16,de-protonated,0,-9999,C19 H42 O16 N2 S2,19,42,16,2,-9999,2,-9999,N/A
2181,617.227288,617.2272707787671,617.2273361301491,3774801.5,-9999,232043,21.3,-1,-0.10587894954035594,0.49898398187566934,0.7675537279851021,0.6064118803194425,8,1.5,0.4642857142857143,S1 O13,de-protonated,0,-9999,C28 H42 O13 S1,28,42,13,-9999,-9999,1,-9999,N/A
2181,617.227288,617.2272707787671,617.226823065899,3774801.5,-9999,232043,21.3,-1,0.725361976122091,0.4544731667278087,0.6927871148459346,0.5497987459750591,26,0.8292682926829268,0.04878048780487805,N2 S1 O2,de-protonated,0,-9999,C41 H34 O2 N2 S1,41,34,2,2,-9999,1,-9999,N/A
2181,617.227288,617.2272707787671,617.227825387499,3774801.5,-9999,232043,21.3,-1,-0.8985478442802015,0.4318630676756981,0.7489023467070351,0.5586787792882328,12,1.3870967741935485,0.16129032258064516,N2 S2 P1 O5,de-protonated,0,-9999,C31 H43 O5 N2 P1 S2,31,43,5,2,1,2,-9999,N/A
2181,617.227288,617.2272707787671,617.226956007629,3774801.5,-9999,232043,21.3,-1,0.509976330403144,0.4769528674955945,0.7550179348240813,0.5881788944269892,13,1.3,0.3333333333333333,N2 P1 O10,de-protonated,0,-9999,C30 H39 O10 N2 P1,30,39,10,2,1,-9999,-9999,N/A
2182,618.121352,618.1213348618609,618.121672821599,2269368.8,-9999,311692.6,12.17,-1,-0.5467527720670338,0.947202841345005,0.9412566617497408,0.9448243695068992,38,0.4,0.06666666666666667,13C1 O3,de-protonated,1,2178,C45 H18 O3 13C1,45,18,3,-9999,-9999,-9999,1,N/A
2182,618.121352,618.1213348618609,618.1215344371691,2269368.8,-9999,311692.6,12.17,-1,-0.32287389630794044,0.9812621954016072,0.9393546299009664,0.9644991692013508,11,1.25,0.6666666666666666,13C1 S1 O16,de-protonated,1,2178,C24 H30 O16 S1 13C1,24,30,16,-9999,-9999,1,1,N/A
2182,618.121352,618.1213348618609,618.121021372919,2269368.8,-9999,311692.6,12.17,-1,0.507164343254054,0.9544009186909468,0.9822058984336052,0.96552291058801,29,0.5945945945945946,0.13513513513513514,13C1 N2 S1 O5,de-protonated,1,2178,C37 H22 O5 N2 S1 13C1,37,22,5,2,-9999,1,1,N/A
2182,618.121352,618.1213348618609,618.1211543146491,2269368.8,-9999,311692.6,12.17,-1,0.2920903297871089,0.9846385946135846,0.95253345812067,0.9717965400164188,16,1.0384615384615383,0.5,13C1 N2 P1 O13,de-protonated,1,2178,C26 H27 O13 N2 P1 13C1,26,27,13,2,1,-9999,1,N/A
2182,618.121352,618.1213348618609,618.121290660269,2269368.8,-9999,311692.6,12.17,-1,0.07150957677489725,0.9990725707752016,0,0.599443542465121,16,0.9615384615384616,0.5769230769230769,N3 O15,de-protonated,0,-9999,C26 H25 O15 N3,26,25,15,3,-9999,-9999,-9999,N/A
2183,618.157949,618.1579318652622,618.1580583309491,2296540.3,-9999,304323.6,12.34,-1,-0.20458470966349548,0.992434248237311,0.953338438596123,0.9767959243808356,37,0.4782608695652174,0.04347826086956521,13C1 O2,de-protonated,1,2179,C46 H22 O2 13C1,46,22,2,-9999,-9999,-9999,1,N/A
2183,618.157949,618.1579318652622,618.1579199465191,2296540.3,-9999,304323.6,12.34,-1,0.01928106510271747,0.9999325470073288,0.9291295745594536,0.9716113580281788,10,1.36,0.6,13C1 S1 O15,de-protonated,1,2179,C25 H34 O15 S1 13C1,25,34,15,-9999,-9999,1,1,N/A
2183,618.157949,618.1579318652622,618.157406882269,2296540.3,-9999,304323.6,12.34,-1,0.8492707315726264,0.8773302231934699,0.9936847768316052,0.923872044648724,28,0.6842105263157895,0.10526315789473684,13C1 N2 S1 O4,de-protonated,1,2179,C38 H26 O4 N2 S1 13C1,38,26,4,2,-9999,1,1,N/A
2183,618.157949,618.1579318652622,618.158409203869,2296540.3,-9999,304323.6,12.34,-1,-0.7721946344969413,0.8974525322208899,0.948408169156609,0.9178347869951776,14,1.25,0.25,13C1 N2 S2 P1 O7,de-protonated,1,2179,C28 H35 O7 N2 P1 S2 13C1,28,35,7,2,1,2,1,N/A
2183,618.157949,618.1579318652622,618.1575398239991,2296540.3,-9999,304323.6,12.34,-1,0.6342093040515149,0.9296170497138572,0.9420886670871714,0.9346056966631828,15,1.148148148148148,0.4444444444444444,13C1 N2 P1 O12,de-protonated,1,2179,C27 H31 O12 N2 P1 13C1,27,31,12,2,1,-9999,1,N/A
2183,618.157949,618.1579318652622,618.1585455494891,2296540.3,-9999,304323.6,12.34,-1,-0.9927618590891638,0.8362468032955183,0,0.5017480819773109,14,1.1785714285714286,0.32142857142857145,N3 S2 O9,de-protonated,0,-9999,C28 H33 O9 N3 S2,28,33,9,3,-9999,2,-9999,N/A
2183,618.157949,618.1579318652622,618.1576761696191,2296540.3,-9999,304323.6,12.34,-1,0.4136414590452187,0.96943123478879,0,0.5816587408732741,15,1.0740740740740742,0.5185185185185185,N3 O14,de-protonated,0,-9999,C27 H29 O14 N3,27,29,14,3,-9999,-9999,-9999,N/A
2184,619.060964,619.0609469491878,619.0610586478591,4333649.5,-9999,240241.5,24.67,-1,-0.18043239792838395,0.49705509852122987,0.8007932653391622,0.6185503652484028,12,1.0434782608695652,0.782608695652174,S1 O18,de-protonated,0,-9999,C23 H24 O18 S1,23,24,18,-9999,-9999,1,-9999,N/A
2184,619.060964,619.0609469491878,619.060545583609,4333649.5,-9999,240241.5,24.67,-1,0.648346242801494,0.46328185450622617,0.719752637322661,0.5658701676328002,30,0.4444444444444444,0.19444444444444445,N2 S1 O7,de-protonated,0,-9999,C36 H16 O7 N2 S1,36,16,7,2,-9999,1,-9999,N/A
2184,619.060964,619.0609469491878,619.0615479052091,4333649.5,-9999,240241.5,24.67,-1,-0.9707532688213052,0.42141486162720776,0.7805128205128198,0.5650540451814525,16,0.9615384615384616,0.38461538461538464,N2 S2 P1 O10,de-protonated,0,-9999,C26 H25 O10 N2 P1 S2,26,25,10,2,1,2,-9999,N/A
2184,619.060964,619.0609469491878,619.0606785253391,4333649.5,-9999,240241.5,24.67,-1,0.43359860844532977,0.48323077693458927,0.7871578612348809,0.6048016106547058,17,0.84,0.6,N2 P1 O15,de-protonated,0,-9999,C25 H21 O15 N2 P1,25,21,15,2,1,-9999,-9999,N/A
2185,619.097527,619.097509952586,619.0975825416391,6624373.5,-9999,263816,38.55,-1,-0.1172497762784277,0.4987543204813803,0.672627141691601,0.5683034489654686,38,0.35555555555555557,0.08888888888888889,O4,de-protonated,0,-9999,C45 H16 O4,45,16,4,-9999,-9999,-9999,-9999,N/A
2185,619.097527,619.097509952586,619.097444157209,6624373.5,-9999,263816,38.55,-1,0.10627628602758891,0.4989763496832173,0.7939170211058493,0.6169526182522701,11,1.1666666666666667,0.7083333333333334,S1 O17,de-protonated,0,-9999,C24 H28 O17 S1,24,28,17,-9999,-9999,1,-9999,N/A
2185,619.097527,619.097509952586,619.0969310929589,6624373.5,-9999,263816,38.55,-1,0.9350064554575812,0.4266563679038205,0.7141928963326545,0.541670979275354,29,0.5405405405405406,0.16216216216216217,N2 S1 O6,de-protonated,0,-9999,C37 H20 O6 N2 S1,37,20,6,2,-9999,1,-9999,N/A
2185,619.097527,619.097509952586,619.0979334145591,6624373.5,-9999,263816,38.55,-1,-0.6839983630353517,0.45930599704453023,0.7739790330151771,0.58517521143278906,15,1.0740740740740742,0.3333333333333333,N2 S2 P1 O9,de-protonated,0,-9999,C27 H29 O9 N2 P1 S2,27,29,9,2,1,2,-9999,N/A
2185,619.097527,619.097509952586,619.0970640346891,6624373.5,-9999,263816,38.55,-1,0.7202713804878491,0.4550804325319175,0.7805128205128198,0.5852533877242784,16,0.9615384615384616,0.5384615384615384,N2 P1 O14,de-protonated,0,-9999,C26 H25 O14 N2 P1,26,25,14,2,1,-9999,-9999,N/A
2186,619.13389,619.1338729559656,619.133968050989,6239385,-9999,254352.7,36.22,-1,-0.15359361355165896,0.497864296450806,0.6677691528855879,0.5658262390247187,37,0.43478260869565216,0.06521739130434782,O3,de-protonated,0,-9999,C46 H20 O3,46,20,3,-9999,-9999,-9999,-9999,N/A
2186,619.13389,619.1338729559656,619.1338296665591,6239385,-9999,254352.7,36.22,-1,0.06991930399302346,0.4995566717368677,0.7871578612348809,0.614597147536073,10,1.28,0.64,S1 O16,de-protonated,0,-9999,C25 H32 O16 S1,25,32,16,-9999,-9999,1,-9999,N/A
2186,619.13389,619.1338729559656,619.133316602309,6239385,-9999,254352.7,36.22,-1,0.8986007401017952,0.4318556186152187,0.7087183895694522,0.5426007269969121,28,0.631578947368421,0.13157894736842105,N2 S1 O5,de-protonated,0,-9999,C38 H24 O5 N2 S1,38,24,5,2,-9999,1,-9999,N/A
2186,619.13389,619.1338729559656,619.1343189239091,6239385,-9999,254352.7,36.22,-1,-0.72030887300988,0.4550759726642235,0.7675537279851021,0.5800670747925749,14,1.1785714285714286,0.2857142857142857,N2 S2 P1 O8,de-protonated,0,-9999,C28 H33 O8 N2 P1 S2,28,33,8,2,1,2,-9999,N/A
2186,619.13389,619.1338729559656,619.1334495440391,6239385,-9999,254352.7,36.22,-1,0.6838782927789939,0.45931968519565186,0.7739790330151771,0.5851834243234619,15,1.0740740740740742,0.48148148148148145,N2 P1 O13,de-protonated,0,-9999,C27 H29 O13 N2 P1,27,29,13,2,1,-9999,-9999,N/A
2187,619.170129,619.1701119593336,619.1703535603391,5835965,-9999,258265.8,33.77,-1,-0.3902011847822192,0.4863756521845839,0.6629808336683964,0.557017724778109,36,0.5106382978723404,0.0425531914893617,O2,de-protonated,0,-9999,C47 H24 O2,47,24,2,-9999,-9999,-9999,-9999,N/A
2187,619.170129,619.1701119593336,619.170215175909,5835965,-9999,258265.8,33.77,-1,-0.1667014544784299,0.49748517285530064,0.7805128205128198,0.6106962319183082,9,1.3846153846153846,0.5769230769230769,S1 O15,de-protonated,0,-9999,C26 H36 O15 S1,26,36,15,-9999,-9999,1,-9999,N/A
2187,619.170129,619.1701119593336,619.169702111659,5835965,-9999,258265.8,33.77,-1,0.6619310879080276,0.4617879738979808,0.7033271719038788,0.55840365310034,27,0.717948717948718,0.10256410256410256,N2 S1 O4,de-protonated,0,-9999,C39 H28 O4 N2 S1,39,28,4,2,-9999,1,-9999,N/A
2187,619.170129,619.1701119593336,619.170704433259,5835965,-9999,258265.8,33.77,-1,-0.9568830068219925,0.42346426438555007,0.7612342259156646,0.5585722489975959,13,1.2758620689655171,0.2413793103448276,N2 S2 P1 O7,de-protonated,0,-9999,C29 H37 O7 N2 P1 S2,29,37,7,2,1,2,-9999,N/A
2187,619.170129,619.1701119593336,619.169835053389,5835965,-9999,258265.8,33.77,-1,0.44722130974662666,0.48217981718750985,0.7675537279851021,0.5963293815065468,14,1.1785714285714286,0.42857142857142855,N2 P1 O12,de-protonated,0,-9999,C28 H33 O12 N2 P1,28,33,12,2,1,-9999,-9999,N/A
2187,619.170129,619.1701119593336,619.169563727229,5835965,-9999,258265.8,33.77,-1,0.8854312883312467,0.4337005864201934,0.8370420509349343,0.5950371722260898,0,2.2222222222222223,0.9444444444444444,N2 S2 O17,de-protonated,0,-9999,C18 H40 O17 N2 S2,18,40,17,2,-9999,2,-9999,N/A
2188,619.206574,619.2065569627208,619.206739069689,5530848.5,-9999,245051.2,31.92,-1,-0.29409719997852307,0.4922142196948563,0.6582606959877569,0.5586328102120166,35,0.5833333333333334,0.02083333333333333,O1,de-protonated,0,-9999,C48 H28 O1,48,28,1,-9999,-9999,-9999,-9999,N/A
2188,619.206574,619.2065569627208,619.206600685259,5530848.5,-9999,245051.2,31.92,-1,-0.07061058156002271,0.49954786619836694,0.7739790330151771,0.609320332925091,8,1.4814814814814814,0.5185185185185185,S1 O14,de-protonated,0,-9999,C27 H40 O14 S1,27,40,14,-9999,-9999,1,-9999,N/A
2188,619.206574,619.2065569627208,619.2060876210089,5530848.5,-9999,245051.2,31.92,-1,0.757973348896995,0.450501562934704,0.6980173569463056,0.5495078805393446,26,0.8,0.075,N2 S1 O3,de-protonated,0,-9999,C40 H32 O3 N2 S1,40,32,3,2,-9999,1,-9999,N/A
2188,619.206574,619.2065569627208,619.2070899426091,5530848.5,-9999,245051.2,31.92,-1,-0.8607457777944989,0.4371060303379324,0.7550179348240813,0.564270792132392,12,1.3666666666666667,0.2,N2 S2 P1 O6,de-protonated,0,-9999,C30 H41 O6 N2 P1 S2,30,41,6,2,1,2,-9999,N/A
2188,619.206574,619.2065569627208,619.2062205627391,5530848.5,-9999,245051.2,31.92,-1,0.5432761664250164,0.4739271895610962,0.7612342259156646,0.5888500041029235,13,1.2758620689655171,0.3793103448275862,N2 P1 O11,de-protonated,0,-9999,C29 H37 O11 N2 P1,29,37,11,2,1,-9999,-9999,N/A
2189,619.243092,619.2430749661148,619.242986194609,4545796.5,-9999,283901.4,25.96,-1,0.1433548829923385,0.49813903010052735,0.7675537279851021,0.6059049092543572,7,1.5714285714285714,0.4642857142857143,S1 O13,de-protonated,0,-9999,C28 H44 O13 S1,28,44,13,-9999,-9999,1,-9999,N/A
2189,619.243092,619.2430749661148,619.242473130359,4545796.5,-9999,283901.4,25.96,-1,0.9718903045286852,0.4212459949816611,0.6927871148459346,0.5298624429273704,25,0.8780487804878049,0.04878048780487805,N2 S1 O2,de-protonated,0,-9999,C41 H36 O2 N2 S1,41,36,2,2,-9999,1,-9999,N/A
2189,619.243092,619.2430749661148,619.243475451959,4545796.5,-9999,283901.4,25.96,-1,-0.6467340553448542,0.4634574015909821,0.7489023467070351,0.5776353796374033,11,1.4516129032258065,0.16129032258064516,N2 S2 P1 O5,de-protonated,0,-9999,C31 H45 O5 N2 P1 S2,31,45,5,2,1,2,-9999,N/A
2189,619.243092,619.2430749661148,619.242606072089,4545796.5,-9999,283901.4,25.96,-1,0.7572056916944344,0.4505966512697497,0.7550179348240813,0.5723651646914824,12,1.3666666666666667,0.3333333333333333,N2 P1 O10,de-protonated,0,-9999,C30 H41 O10 N2 P1,30,41,10,2,1,-9999,-9999,N/A
2190,621.055799,621.0557821345867,621.0555793442591,2392583.3,-9999,265069.4,12.9,-1,0.326525248935994,0.9808400996693162,0,0.5885040598015897,16,0.8461538461538461,0.6153846153846154,S1 O16,de-protonated,0,-9999,C26 H22 O16 S1,26,22,16,-9999,-9999,1,-9999,N/A
2190,621.055799,621.0557821345867,621.056068601609,2392583.3,-9999,265069.4,12.9,-1,-0.4612579069570776,0.9621308536563316,0,0.5772785121937989,20,0.7931034482758621,0.27586206896551724,N2 S2 P1 O8,de-protonated,0,-9999,C29 H23 O8 N2 P1 S2,29,23,8,2,1,2,-9999,N/A
2190,621.055799,621.0557821345867,621.055199221739,2392583.3,-9999,265069.4,12.9,-1,0.9385846031184696,0.8522753722141124,0,0.5113652233284675,21,0.6785714285714286,0.4642857142857143,N2 P1 O13,de-protonated,0,-9999,C28 H19 O13 N2 P1,28,19,13,2,1,-9999,-9999,N/A
2191,621.076736,621.0767191365326,621.076847096749,5422108,-9999,296347.7,31.25,-1,-0.20602960333178563,0.4961637080192896,0.677556331758097,0.5687207575148125,38,0.3181818181818182,0.11363636363636365,O5,de-protonated,0,-9999,C44 H14 O5,44,14,5,-9999,-9999,-9999,-9999,N/A
2191,621.076736,621.0767191365326,621.076708712319,5422108,-9999,296347.7,31.25,-1,0.01678409992825179,0.4999744430604227,0.8007932653391622,0.6203019719719185,11,1.1304347826086956,0.782608695652174,S1 O18,de-protonated,0,-9999,C23 H26 O18 S1,23,26,18,-9999,-9999,1,-9999,N/A
2191,621.076736,621.0767191365326,621.0761956480691,5422108,-9999,296347.7,31.25,-1,0.842873172677152,0.4395276235439402,0.719752637322661,0.5516176290554285,29,0.5,0.19444444444444445,N2 S1 O7,de-protonated,0,-9999,C36 H18 O7 N2 S1,36,18,7,2,-9999,1,-9999,N/A
2191,621.076736,621.0767191365326,621.0771979696691,5422108,-9999,296347.7,31.25,-1,-0.7709720113562685,0.4488799099316534,0.7805128205128198,0.5815330741641199,15,1.0384615384615383,0.38461538461538464,N2 S2 P1 O10,de-protonated,0,-9999,C26 H27 O10 N2 P1 S2,26,27,10,2,1,2,-9999,N/A
2191,621.076736,621.0767191365326,621.076328589799,5422108,-9999,296347.7,31.25,-1,0.6288224419317818,0.465382702321102,0.7871578612348809,0.5940927658866135,16,0.92,0.6,N2 P1 O15,de-protonated,0,-9999,C25 H23 O15 N2 P1,25,23,15,2,1,-9999,-9999,N/A
2192,621.091947,621.0919301379463,621.091964853609,2619435.3,-9999,243808.5,14.27,-1,-0.05589456107713658,0.9994332783063848,0,0.5996599669838308,15,0.9629629629629628,0.5555555555555556,S1 O15,de-protonated,0,-9999,C27 H26 O15 S1,27,26,15,-9999,-9999,1,-9999,N/A
2192,621.091947,621.0919301379463,621.091451789359,2619435.3,-9999,243808.5,14.27,-1,0.7701741602296187,0.44898007081358426,0.6980173569463055,0.5485949852666727,33,0.45,0.1,N2 S1 O4,de-protonated,0,-9999,C40 H18 O4 N2 S1,40,18,4,2,-9999,1,-9999,N/A
2192,621.091947,621.0919301379463,621.092454110959,2619435.3,-9999,243808.5,14.27,-1,-0.8436312649598894,0.8788513414713937,0,0.5273108048828362,19,0.9,0.23333333333333336,N2 S2 P1 O7,de-protonated,0,-9999,C30 H27 O7 N2 P1 S2,30,27,7,2,1,2,-9999,N/A
2192,621.091947,621.0919301379463,621.091584731089,2619435.3,-9999,243808.5,14.27,-1,0.5561287026827874,0.945427292262246,0,0.5672563753573476,20,0.7931034482758621,0.41379310344827586,N2 P1 O12,de-protonated,0,-9999,C29 H23 O12 N2 P1,29,23,12,2,1,-9999,-9999,N/A
2192,621.091947,621.0919301379463,621.091313404929,2619435.3,-9999,243808.5,14.27,-1,0.9929828416286564,0.8361802219784955,0,0.5017081331870973,6,1.5789473684210529,0.8947368421052632,N2 S2 O17,de-protonated,0,-9999,C19 H30 O17 N2 S2,19,30,17,2,-9999,2,-9999,N/A
2193,621.113162,621.1131451399181,621.113232606099,6149184.5,-9999,281372.4,35.66,-1,-0.14082163503515718,0.4982041027745548,0.672627141691601,0.5679733183413733,37,0.4,0.08888888888888889,O4,de-protonated,0,-9999,C45 H18 O4,45,18,4,-9999,-9999,-9999,-9999,N/A
2193,621.113162,621.1131451399181,621.113094221669,6149184.5,-9999,281372.4,35.66,-1,0.08197903007387188,0.4993906530895044,0.7939170211058493,0.6172012002960423,10,1.25,0.7083333333333334,S1 O17,de-protonated,0,-9999,C24 H30 O17 S1,24,30,17,-9999,-9999,1,-9999,N/A
2193,621.113162,621.1131451399181,621.112581157419,6149184.5,-9999,281372.4,35.66,-1,0.9080197635849006,0.4305242604164902,0.7141928963326545,0.5439917147829559,28,0.5945945945945946,0.16216216216216217,N2 S1 O6,de-protonated,0,-9999,C37 H22 O6 N2 S1,37,22,6,2,-9999,1,-9999,N/A
2193,621.113162,621.1131451399181,621.113583479019,6149184.5,-9999,281372.4,35.66,-1,-0.7057309847724086,0.4567957941392255,0.7739790330151771,0.5836690896896062,14,1.148148148148148,0.3333333333333333,N2 S2 P1 O9,de-protonated,0,-9999,C27 H31 O9 N2 P1 S2,27,31,9,2,1,2,-9999,N/A
2193,621.113162,621.1131451399181,621.112714099149,6149184.5,-9999,281372.4,35.66,-1,0.693981558054843,0.45816094170887656,0.7805128205128199,0.5871016932304539,15,1.0384615384615383,0.5384615384615384,N2 P1 O14,de-protonated,0,-9999,C26 H27 O14 N2 P1,26,27,14,2,1,-9999,-9999,N/A
2194,621.149525,621.1495081432977,621.149618115449,6224996.5,-9999,248232.9,36.12,-1,-0.1770461546273206,0.497164286344239,0.667769152885588,0.5654062329607786,36,0.4782608695652174,0.06521739130434782,O3,de-protonated,0,-9999,C46 H22 O3,46,22,3,-9999,-9999,-9999,-9999,N/A
2194,621.149525,621.1495081432977,621.149479731019,6224996.5,-9999,248232.9,36.12,-1,0.04574145126028477,0.49981021526569536,0.7871578612348809,0.6147492736533695,9,1.36,0.64,S1 O16,de-protonated,0,-9999,C25 H34 O16 S1,25,34,16,-9999,-9999,1,-9999,N/A
2194,621.149525,621.1495081432977,621.148966666769,6224996.5,-9999,248232.9,36.12,-1,0.8717337672311536,0.4355988086531818,0.7087183895694522,0.5448466410196899,27,0.6842105263157895,0.13157894736842105,N2 S1 O5,de-protonated,0,-9999,C38 H26 O5 N2 S1,38,26,5,2,-9999,1,-9999,N/A
2194,621.149525,621.1495081432977,621.1499689883691,6224996.5,-9999,248232.9,36.12,-1,-0.741922393019535,0.4524738086457687,0.7675537279851021,0.5785057763815021,13,1.25,0.2857142857142857,N2 S2 P1 O8,de-protonated,0,-9999,C28 H35 O8 N2 P1 S2,28,35,8,2,1,2,-9999,N/A
2194,621.149525,621.1495081432977,621.149099608499,6224996.5,-9999,248232.9,36.12,-1,0.6577081073411953,0.4622551604459278,0.7739790330151771,0.5869447094736275,14,1.148148148148148,0.48148148148148145,N2 P1 O13,de-protonated,0,-9999,C27 H31 O13 N2 P1,27,31,13,2,1,-9999,-9999,N/A
2195,621.186003,621.1859861466879,621.186003624799,6583433,-9999,292202.1,38.29,-1,-0.02813667884980658,0.49992818117303567,0.6629808336683964,0.56514924217118,35,0.5531914893617021,0.0425531914893617,O2,de-protonated,0,-9999,C47 H26 O2,47,26,2,-9999,-9999,-9999,-9999,N/A
2195,621.186003,621.1859861466879,621.185865240369,6583433,-9999,292202.1,38.29,-1,0.19463791058939484,0.49657479248598985,0.7805128205128198,0.6101500036967218,8,1.4615384615384617,0.5769230769230769,S1 O15,de-protonated,0,-9999,C26 H38 O15 S1,26,38,15,-9999,-9999,1,-9999,N/A
2195,621.186003,621.1859861466879,621.186354497719,6583433,-9999,292202.1,38.29,-1,-0.5929799139815833,0.46909540584270104,0.7612342259156646,0.5859509338718865,12,1.3448275862068966,0.2413793103448276,N2 S2 P1 O7,de-protonated,0,-9999,C29 H39 O7 N2 P1 S2,29,39,7,2,1,2,-9999,N/A
2195,621.186003,621.1859861466879,621.185485117849,6583433,-9999,292202.1,38.29,-1,0.8065688122618051,0.4443293496898298,0.7675537279851021,0.5736191010079388,13,1.25,0.42857142857142855,N2 P1 O12,de-protonated,0,-9999,C28 H35 O12 N2 P1,28,35,12,2,1,-9999,-9999,N/A
2196,621.222244,621.2222271500561,621.222389134149,5225645,-9999,252309.5,30.06,-1,-0.2607505712978036,0.4938694673390317,0.6582606959877568,0.5596259587985217,34,0.625,0.02083333333333333,O1,de-protonated,0,-9999,C48 H30 O1,48,30,1,-9999,-9999,-9999,-9999,N/A
2196,621.222244,621.2222271500561,621.222250749719,5225645,-9999,252309.5,30.06,-1,-0.03798908177097345,0.4998690864607509,0.7739790330151771,0.6095130650825213,7,1.5555555555555556,0.5185185185185185,S1 O14,de-protonated,0,-9999,C27 H42 O14 S1,27,42,14,-9999,-9999,1,-9999,N/A
2196,621.222244,621.2222271500561,621.221737685469,5225645,-9999,252309.5,30.06,-1,0.7879064068389617,0.4467349152555112,0.6980173569463055,0.5472478919318289,25,0.85,0.075,N2 S1 O3,de-protonated,0,-9999,C40 H34 O3 N2 S1,40,34,3,2,-9999,1,-9999,N/A
2196,621.222244,621.2222271500561,621.2227400070691,5225645,-9999,252309.5,30.06,-1,-0.8255605919129291,0.4418372905953514,0.7550179348240812,0.5671095482868433,11,1.4333333333333331,0.2,N2 S2 P1 O6,de-protonated,0,-9999,C30 H43 O6 N2 P1 S2,30,43,6,2,1,2,-9999,N/A
2196,621.222244,621.2222271500561,621.2218706271991,5225645,-9999,252309.5,30.06,-1,0.5739058360459952,0.47099370280435426,0.7612342259156645,0.5870899120488784,12,1.3448275862068966,0.3793103448275862,N2 P1 O11,de-protonated,0,-9999,C29 H39 O11 N2 P1,29,39,11,2,1,-9999,-9999,N/A
2197,621.258608,621.2585911534356,621.258636259069,2393297.3,-9999,216777.4,12.9,-1,-0.0726036319551261,0.9990439891008646,0,0.5994263934605187,6,1.6428571428571428,0.4642857142857143,S1 O13,de-protonated,0,-9999,C28 H46 O13 S1,28,46,13,-9999,-9999,1,-9999,N/A
2197,621.258608,621.2585911534356,621.258123194819,2393297.3,-9999,216777.4,12.9,-1,0.7532434574687242,0.4510862314965085,0.6927871148459346,0.5477665848362789,24,0.926829268292683,0.04878048780487805,N2 S1 O2,de-protonated,0,-9999,C41 H38 O2 N2 S1,41,38,2,2,-9999,1,-9999,N/A
2197,621.258608,621.2585911534356,621.259125516419,2393297.3,-9999,216777.4,12.9,-1,-0.8601289886669297,0.8743804437444345,0,0.5246282662466607,10,1.5161290322580645,0.16129032258064516,N2 S2 P1 O5,de-protonated,0,-9999,C31 H47 O5 N2 P1 S2,31,47,5,2,1,2,-9999,N/A
2197,621.258608,621.2585911534356,621.258256136549,2393297.3,-9999,216777.4,12.9,-1,0.5392554277430707,0.9486032611100724,0,0.5691619566660435,11,1.4333333333333331,0.3333333333333333,N2 P1 O10,de-protonated,0,-9999,C30 H43 O10 N2 P1,30,43,10,2,1,-9999,-9999,N/A
2198,623.071318,623.071301321908,623.071229408719,3488746.3,-9999,240057.6,19.53,-1,0.115417283946692,0.49879290689068134,0.7805128205128199,0.6114808723395367,15,0.9230769230769232,0.6153846153846154,S1 O16,de-protonated,0,-9999,C26 H24 O16 S1,26,24,16,-9999,-9999,1,-9999,N/A
2198,623.071318,623.071301321908,623.0707163444689,3488746.3,-9999,240057.6,19.53,-1,0.9388620323988472,0.4260974141118756,0.7033271719038788,0.5369893172286769,33,0.41025641025641024,0.1282051282051282,N2 S1 O5,de-protonated,0,-9999,C39 H16 O5 N2 S1,39,16,5,2,-9999,1,-9999,N/A
2198,623.071318,623.071301321908,623.071718666069,3488746.3,-9999,240057.6,19.53,-1,-0.6698172113446871,0.4609088128647685,0.7612342259156646,0.5810389780851268,19,0.8620689655172413,0.27586206896551724,N2 S2 P1 O8,de-protonated,0,-9999,C29 H25 O8 N2 P1 S2,29,25,8,2,1,2,-9999,N/A
2198,623.071318,623.071301321908,623.0708492861991,3488746.3,-9999,240057.6,19.53,-1,0.7254964815567598,0.4544570743854403,0.7675537279851021,0.579695735825305,20,0.75,0.4642857142857143,N2 P1 O13,de-protonated,0,-9999,C28 H21 O13 N2 P1,28,21,13,2,1,-9999,-9999,N/A
2199,623.092473,623.0924563238742,623.092497161209,4694015.5,-9999,252328.4,26.83,-1,-0.06553976339379837,0.4996104489886653,0.677556331758097,0.570788802096438,37,0.3636363636363637,0.11363636363636365,O5,de-protonated,0,-9999,C44 H16 O5,44,16,5,-9999,-9999,-9999,-9999,N/A
2199,623.092473,623.0924563238742,623.0923587767791,4694015.5,-9999,252328.4,26.83,-1,0.1565531879465495,0.4977813829575231,0.8007932653391622,0.6189861359101787,10,1.2173913043478262,0.782608695652174,S1 O18,de-protonated,0,-9999,C23 H28 O18 S1,23,28,18,-9999,-9999,1,-9999,N/A
2199,623.092473,623.0924563238742,623.091845712529,4694015.5,-9999,252328.4,26.83,-1,0.9799700468316608,0.420042305024381,0.719752637322661,0.539926437943693,28,0.5555555555555556,0.19444444444444445,N2 S1 O7,de-protonated,0,-9999,C36 H20 O7 N2 S1,36,20,7,2,-9999,1,-9999,N/A
2199,623.092473,623.0924563238742,623.0928480341291,4694015.5,-9999,252328.4,26.83,-1,-0.6286547119783872,0.46540051310791886,0.7805128205128199,0.5914454360698793,14,1.1153846153846154,0.38461538461538464,N2 S2 P1 O10,de-protonated,0,-9999,C26 H29 O10 N2 P1 S2,26,29,10,2,1,2,-9999,N/A
2199,623.092473,623.0924563238742,623.091978654259,4694015.5,-9999,252328.4,26.83,-1,0.7666117227363873,0.44942629924183536,0.7871578612348809,0.5845189240390536,15,1,0.6,N2 P1 O15,de-protonated,0,-9999,C25 H25 O15 N2 P1,25,25,15,2,1,-9999,-9999,N/A
2200,623.107591,623.1075743252792,623.1076149180691,3475470.5,-9999,315771.7,19.45,-1,-0.06514571308251683,0.4996151173705009,0.7739790330151771,0.6093606836283714,14,1.037037037037037,0.5555555555555556,S1 O15,de-protonated,0,-9999,C27 H28 O15 S1,27,28,15,-9999,-9999,1,-9999,N/A
2200,623.107591,623.1075743252792,623.107101853819,3475470.5,-9999,315771.7,19.45,-1,0.7582508027352752,0.4504671764561919,0.6980173569463055,0.5494872486522373,32,0.5,0.1,N2 S1 O4,de-protonated,0,-9999,C40 H20 O4 N2 S1,40,20,4,2,-9999,1,-9999,N/A
2200,623.107591,623.1075743252792,623.108104175419,3475470.5,-9999,315771.7,19.45,-1,-0.8503342137666382,0.4385212668795503,0.7550179348240813,0.5651199340573627,18,0.9666666666666668,0.23333333333333336,N2 S2 P1 O7,de-protonated,0,-9999,C30 H29 O7 N2 P1 S2,30,29,7,2,1,2,-9999,N/A
2200,623.107591,623.1075743252792,623.1072347955491,3475470.5,-9999,315771.7,19.45,-1,0.5448977498040876,0.4737754728130156,0.7612342259156646,0.5887589740540752,19,0.8620689655172413,0.41379310344827586,N2 P1 O12,de-protonated,0,-9999,C29 H25 O12 N2 P1,29,25,12,2,1,-9999,-9999,N/A
2200,623.107591,623.1075743252792,623.106963469389,3475470.5,-9999,315771.7,19.45,-1,0.9803387315037684,0.8399744490289319,0,0.5039846694173591,5,1.6842105263157894,0.8947368421052632,N2 S2 O17,de-protonated,0,-9999,C19 H32 O17 N2 S2,19,32,17,2,-9999,2,-9999,N/A
2201,623.128699,623.128682327241,623.128882670559,4642852,-9999,260259,26.52,-1,-0.3215118471118974,0.49070923928285914,0.672627141691601,0.5634764002463559,36,0.4444444444444444,0.08888888888888889,O4,de-protonated,0,-9999,C45 H20 O4,45,20,4,-9999,-9999,-9999,-9999,N/A
2201,623.128699,623.128682327241,623.1287442861291,4642852,-9999,260259,26.52,-1,-0.09943192098950468,0.499103839074776,0.7939170211058493,0.6170291118872053,9,1.3333333333333333,0.7083333333333334,S1 O17,de-protonated,0,-9999,C24 H32 O17 S1,24,32,17,-9999,-9999,1,-9999,N/A
2201,623.128699,623.128682327241,623.128231221879,4642852,-9999,260259,26.52,-1,0.7239366464250584,0.4546435459700762,0.7141928963326545,0.5584632861151075,27,0.6486486486486487,0.16216216216216217,N2 S1 O6,de-protonated,0,-9999,C37 H24 O6 N2 S1,37,24,6,2,-9999,1,-9999,N/A
2201,623.128699,623.128682327241,623.129233543479,4642852,-9999,260259,26.52,-1,-0.8845937702011664,0.4338172609018493,0.7739790330151772,0.5698819697471804,13,1.2222222222222223,0.3333333333333333,N2 S2 P1 O9,de-protonated,0,-9999,C27 H33 O9 N2 P1 S2,27,33,9,2,1,2,-9999,N/A
2201,623.128699,623.128682327241,623.128364163609,4642852,-9999,260259,26.52,-1,0.5105908353034638,0.47689859603312024,0.7805128205128198,0.5983442858250001,14,1.1153846153846154,0.5384615384615384,N2 P1 O14,de-protonated,0,-9999,C26 H29 O14 N2 P1,26,29,14,2,1,-9999,-9999,N/A
2202,623.144041,623.1440243286669,623.144138811849,2408499.5,-9999,268697,12.98,-1,-0.18371862133236144,0.4969471815307117,0.6536072938689251,0.559611226465997,40,0.40816326530612246,0.02040816326530612,O1,de-protonated,0,-9999,C49 H20 O1,49,20,1,-9999,-9999,-9999,-9999,N/A
2202,623.144041,623.1440243286669,623.1440004274191,2408499.5,-9999,268697,12.98,-1,0.03835589812964762,0.9997330928692376,0,0.5998398557215425,13,1.1428571428571428,0.5,S1 O14,de-protonated,0,-9999,C28 H32 O14 S1,28,32,14,-9999,-9999,1,-9999,N/A
2202,623.144041,623.1440243286669,623.143487363169,2408499.5,-9999,268697,12.98,-1,0.8617044208298753,0.4369750882795383,0.6927871148459347,0.5392998989060969,31,0.5853658536585366,0.07317073170731707,N2 S1 O3,de-protonated,0,-9999,C41 H24 O3 N2 S1,41,24,3,2,-9999,1,-9999,N/A
2202,623.144041,623.1440243286669,623.1444896847689,2408499.5,-9999,268697,12.98,-1,-0.7467868363497364,0.903759292939612,0,0.5422555757637672,17,1.064516129032258,0.1935483870967742,N2 S2 P1 O6,de-protonated,0,-9999,C31 H33 O6 N2 P1 S2,31,33,6,2,1,2,-9999,N/A
2202,623.144041,623.1440243286669,623.1436203048991,2408499.5,-9999,268697,12.98,-1,0.6483638035651164,0.9265598806372914,0,0.5559359283823748,18,0.9666666666666668,0.36666666666666664,N2 P1 O11,de-protonated,0,-9999,C30 H29 O11 N2 P1,30,29,11,2,1,-9999,-9999,N/A
2203,623.165183,623.1651663306317,623.165268179909,5265480.5,-9999,228763.2,30.29,-1,-0.1634386294802267,0.4975824181174138,0.6677691528855879,0.5656571120246834,35,0.5217391304347826,0.06521739130434782,O3,de-protonated,0,-9999,C46 H24 O3,46,24,3,-9999,-9999,-9999,-9999,N/A
2203,623.165183,623.1651663306317,623.1651297954791,5265480.5,-9999,228763.2,30.29,-1,0.05862836489106034,0.4996882517880946,0.787157861234881,0.6146760955668091,8,1.44,0.64,S1 O16,de-protonated,0,-9999,C25 H36 O16 S1,25,36,16,-9999,-9999,1,-9999,N/A
2203,623.165183,623.1651663306317,623.164616731229,5265480.5,-9999,228763.2,30.29,-1,0.881948987366479,0.4341851855870715,0.7087183895694522,0.5439984671800238,26,0.7368421052631579,0.13157894736842105,N2 S1 O5,de-protonated,0,-9999,C38 H28 O5 N2 S1,38,28,5,2,-9999,1,-9999,N/A
2203,623.165183,623.1651663306317,623.165619052829,5265480.5,-9999,228763.2,30.29,-1,-0.7264877642410943,0.4543384020713695,0.7675537279851021,0.5796245324368625,12,1.3214285714285714,0.2857142857142857,N2 S2 P1 O8,de-protonated,0,-9999,C28 H37 O8 N2 P1 S2,28,37,8,2,1,2,-9999,N/A
2203,623.165183,623.1651663306317,623.164749672959,5265480.5,-9999,228763.2,30.29,-1,0.668615599427639,0.4610433347704882,0.7739790330151771,0.5862176140683637,13,1.2222222222222223,0.48148148148148145,N2 P1 O13,de-protonated,0,-9999,C27 H33 O13 N2 P1,27,33,13,2,1,-9999,-9999,N/A
2204,623.201686,623.2016693340244,623.201653689259,5011565.5,-9999,252291.7,28.75,-1,0.02510385718644645,0.4999428284570297,0.6629808336683964,0.5651580305415764,34,0.5957446808510638,0.0425531914893617,O2,de-protonated,0,-9999,C47 H28 O2,47,28,2,-9999,-9999,-9999,-9999,N/A
2204,623.201686,623.2016693340244,623.2015153048291,5011565.5,-9999,252291.7,28.75,-1,0.2471579280824888,0.4944885197936663,0.7805128205128198,0.6088982400813276,7,1.5384615384615383,0.5769230769230769,S1 O15,de-protonated,0,-9999,C26 H40 O15 S1,26,40,15,-9999,-9999,1,-9999,N/A
2204,623.201686,623.2016693340244,623.202004562179,5011565.5,-9999,252291.7,28.75,-1,-0.537912510229395,0.4744261388249664,0.7612342259156646,0.5891493736612456,11,1.4137931034482758,0.2413793103448276,N2 S2 P1 O7,de-protonated,0,-9999,C29 H41 O7 N2 P1 S2,29,41,7,2,1,2,-9999,N/A
2204,623.201686,623.2016693340244,623.201135182309,5011565.5,-9999,252291.7,28.75,-1,0.857109663595327,0.43760172117479346,0.7675537279851021,0.569582523898917,12,1.3214285714285714,0.42857142857142855,N2 P1 O12,de-protonated,0,-9999,C28 H37 O12 N2 P1,28,37,12,2,1,-9999,-9999,N/A
2205,623.237945,623.2379283373942,623.2380391986089,3322002,-9999,258555,18.52,-1,-0.17787940998621465,0.4971376080844921,0.6582606959877569,0.561586843245798,33,0.6666666666666666,0.02083333333333333,O1,de-protonated,0,-9999,C48 H32 O1,48,32,1,-9999,-9999,-9999,-9999,N/A
2205,623.237945,623.2379283373942,623.237900814179,3322002,-9999,258555,18.52,-1,0.04416165182634171,0.4998230960167998,0.7739790330151771,0.6094854708161508,6,1.6296296296296295,0.5185185185185185,S1 O14,de-protonated,0,-9999,C27 H44 O14 S1,27,44,14,-9999,-9999,1,-9999,N/A
2205,623.237945,623.2379283373942,623.237387749929,3322002,-9999,258555,18.52,-1,0.8673861290705126,0.43619683645631774,0.6980173569463055,0.5409250446523128,24,0.9,0.075,N2 S1 O3,de-protonated,0,-9999,C40 H36 O3 N2 S1,40,36,3,2,-9999,1,-9999,N/A
2205,623.237945,623.2379283373942,623.2383900715289,3322002,-9999,258555,18.52,-1,-0.740862793460502,0.45260282037244487,0.7550179348240813,0.5735688661530995,10,1.5,0.2,N2 S2 P1 O6,de-protonated,0,-9999,C30 H45 O6 N2 P1 S2,30,45,6,2,1,2,-9999,N/A
2205,623.237945,623.2379283373942,623.237520691659,3322002,-9999,258555,18.52,-1,0.6540776536625442,0.4626547803076003,0.7612342259156646,0.582086558550826,11,1.4137931034482758,0.3793103448275862,N2 P1 O11,de-protonated,0,-9999,C29 H41 O11 N2 P1,29,41,11,2,1,-9999,-9999,N/A
2206,625.050744,625.0507275058748,625.0504939638291,2833344.5,-9999,274974.5,15.55,-1,0.37363708674752927,0.9749870555367544,0,0.5849922333220526,15,0.88,0.68,S1 O17,de-protonated,0,-9999,C25 H22 O17 S1,25,22,17,-9999,-9999,1,-9999,N/A
2206,625.050744,625.0507275058748,625.050983221179,2833344.5,-9999,274974.5,15.55,-1,-0.40911111424604973,0.4850435527315697,0.7675537279851021,0.5980476228329827,19,0.8214285714285714,0.32142857142857145,N2 S2 P1 O9,de-protonated,0,-9999,C28 H23 O9 N2 P1 S2,28,23,9,2,1,2,-9999,N/A
2206,625.050744,625.0507275058748,625.050113841309,2833344.5,-9999,274974.5,15.55,-1,0.9817845836469398,0.8395421758284449,0,0.503725305497067,20,0.7037037037037037,0.5185185185185185,N2 P1 O14,de-protonated,0,-9999,C27 H19 O14 N2 P1,27,19,14,2,1,-9999,-9999,N/A
2207,625.086907,625.0868905092358,625.086879473179,4696037.5,-9999,281622.9,26.83,-1,0.01765523663733555,0.4999717213523394,0.7805128205128199,0.6121881610165316,14,1,0.6153846153846154,S1 O16,de-protonated,0,-9999,C26 H26 O16 S1,26,26,16,-9999,-9999,1,-9999,N/A
2207,625.086907,625.0868905092358,625.0863664089289,4696037.5,-9999,281622.9,26.83,-1,0.8384446294335293,0.44012183922649706,0.7033271719038788,0.5454039722974497,32,0.4615384615384616,0.1282051282051282,N2 S1 O5,de-protonated,0,-9999,C39 H18 O5 N2 S1,39,18,5,2,-9999,1,-9999,N/A
2207,625.086907,625.0868905092358,625.0873687305291,4696037.5,-9999,281622.9,26.83,-1,-0.7650471233541974,0.44962176556074135,0.7612342259156645,0.5742667497027106,18,0.9310344827586208,0.27586206896551724,N2 S2 P1 O8,de-protonated,0,-9999,C29 H27 O8 N2 P1 S2,29,27,8,2,1,2,-9999,N/A
2207,625.086907,625.0868905092358,625.086499350659,4696037.5,-9999,281622.9,26.83,-1,0.6257671173670439,0.46570650029451954,0.7675537279851021,0.5864453913707526,19,0.8214285714285714,0.4642857142857143,N2 P1 O13,de-protonated,0,-9999,C28 H23 O13 N2 P1,28,23,13,2,1,-9999,-9999,N/A
2208,625.108162,625.1081455112112,625.108147225669,3664891,-9999,229105.3,20.58,-1,-0.0027426578496457,0.49999931755634464,0.677556331758097,0.5710221232370456,36,0.4090909090909091,0.11363636363636365,O5,de-protonated,0,-9999,C44 H18 O5,44,18,5,-9999,-9999,-9999,-9999,N/A
2208,625.108162,625.1081455112112,625.108008841239,3664891,-9999,229105.3,20.58,-1,0.21863417247607397,0.4956820473781576,0.8007932653391622,0.6177265345625594,9,1.3043478260869563,0.782608695652174,S1 O18,de-protonated,0,-9999,C23 H30 O18 S1,23,30,18,-9999,-9999,1,-9999,N/A
2208,625.108162,625.1081455112112,625.1084980985889,3664891,-9999,229105.3,20.58,-1,-0.564041888417685,0.4719539528512238,0.7805128205128199,0.5953774999158623,13,1.1923076923076923,0.38461538461538464,N2 S2 P1 O10,de-protonated,0,-9999,C26 H31 O10 N2 P1 S2,26,31,10,2,1,2,-9999,N/A
2208,625.108162,625.1081455112112,625.107628718719,3664891,-9999,229105.3,20.58,-1,0.8267256205274031,0.4416829919109429,0.7871578612348809,0.579872939640518,14,1.08,0.6,N2 P1 O15,de-protonated,0,-9999,C25 H27 O15 N2 P1,25,27,15,2,1,-9999,-9999,N/A
2209,625.123307,625.1232905126187,625.123403366959,3822602.5,-9999,262411.4,21.54,-1,-0.18053129936428475,0.49705187876436446,0.6582606959877568,0.5615354056537214,40,0.375,0.04166666666666666,O2,de-protonated,0,-9999,C48 H18 O2,48,18,2,-9999,-9999,-9999,-9999,N/A
2209,625.123307,625.1232905126187,625.123264982529,3822602.5,-9999,262411.4,21.54,-1,0.04084008889972937,0.49984870259673714,0.7739790330151772,0.6095008347641132,13,1.1111111111111112,0.5555555555555556,S1 O15,de-protonated,0,-9999,C27 H30 O15 S1,27,30,15,-9999,-9999,1,-9999,N/A
2209,625.123307,625.1232905126187,625.122751918279,3822602.5,-9999,262411.4,21.54,-1,0.8615817261816622,0.4369918532137901,0.6980173569463055,0.5414020547067963,31,0.55,0.1,N2 S1 O4,de-protonated,0,-9999,C40 H22 O4 N2 S1,40,22,4,2,-9999,1,-9999,N/A
2209,625.123307,625.1232905126187,625.123754239879,3822602.5,-9999,262411.4,21.54,-1,-0.7418167316379402,0.4524866800901491,0.7550179348240813,0.5734991819837221,17,1.0333333333333334,0.23333333333333336,N2 S2 P1 O7,de-protonated,0,-9999,C30 H31 O7 N2 P1 S2,30,31,7,2,1,2,-9999,N/A
2209,625.123307,625.1232905126187,625.1228848600091,3822602.5,-9999,262411.4,21.54,-1,0.6489165881681919,0.4632196623149002,0.7612342259156646,0.582425487755206,18,0.9310344827586208,0.41379310344827586,N2 P1 O12,de-protonated,0,-9999,C29 H27 O12 N2 P1,29,27,12,2,1,-9999,-9999,N/A
2210,625.144531,625.1445145145914,625.1445327350191,3813408.3,-9999,258486.2,21.48,-1,-0.02914594425957563,0.4999229368739069,0.672627141691601,0.5690046188009845,35,0.4888888888888889,0.08888888888888889,O4,de-protonated,0,-9999,C45 H22 O4,45,22,4,-9999,-9999,-9999,-9999,N/A
2210,625.144531,625.1445145145914,625.1443943505891,3813408.3,-9999,258486.2,21.48,-1,0.19221799534424636,0.4966591501939398,0.7939170211058493,0.6155622985587037,8,1.4166666666666667,0.7083333333333334,S1 O17,de-protonated,0,-9999,C24 H34 O17 S1,24,34,17,-9999,-9999,1,-9999,N/A
2210,625.144531,625.1445145145914,625.144883607939,3813408.3,-9999,258486.2,21.48,-1,-0.5904124905281253,0.46935408474308576,0.7739790330151772,0.5912040640519224,12,1.2962962962962965,0.3333333333333333,N2 S2 P1 O9,de-protonated,0,-9999,C27 H35 O9 N2 P1 S2,27,35,9,2,1,2,-9999,N/A
2210,625.144531,625.1445145145914,625.1440142280691,3813408.3,-9999,258486.2,21.48,-1,0.8002740343411036,0.4451455772178414,0.7805128205128198,0.5792924745358328,13,1.1923076923076923,0.5384615384615384,N2 P1 O14,de-protonated,0,-9999,C26 H31 O14 N2 P1,26,31,14,2,1,-9999,-9999,N/A
2211,625.15983,625.1598135160133,625.159788876309,3042351.8,-9999,274346.4,16.81,-1,0.03941345033912576,0.49985908684496766,0.6536072938689251,0.5613583696545505,39,0.4489795918367347,0.02040816326530612,O1,de-protonated,0,-9999,C49 H22 O1,49,22,1,-9999,-9999,-9999,-9999,N/A
2211,625.15983,625.1598135160133,625.159650491879,3042351.8,-9999,274346.4,16.81,-1,0.2607720030438033,0.4938684657346156,0.7675537279851021,0.6033425706348102,12,1.2142857142857142,0.5,S1 O14,de-protonated,0,-9999,C28 H34 O14 S1,28,34,14,-9999,-9999,1,-9999,N/A
2211,625.15983,625.1598135160133,625.160139749229,3042351.8,-9999,274346.4,16.81,-1,-0.5218394374992821,0.47589471635950575,0.7489023467070351,0.5850977684985175,16,1.1290322580645162,0.1935483870967742,N2 S2 P1 O6,de-protonated,0,-9999,C31 H35 O6 N2 P1 S2,31,35,6,2,1,2,-9999,N/A
2211,625.15983,625.1598135160133,625.159270369359,3042351.8,-9999,274346.4,16.81,-1,0.8688132449635646,0.4360007725933701,0.7550179348240813,0.5636076374856547,17,1.0333333333333334,0.36666666666666664,N2 P1 O11,de-protonated,0,-9999,C30 H31 O11 N2 P1,30,31,11,2,1,-9999,-9999,N/A
2212,625.180955,625.1809385179765,625.180918244369,3798085.5,-9999,220473.3,21.39,-1,0.03242838507878858,0.49990460336800385,0.6677691528855879,0.5670504231750375,34,0.5652173913043478,0.06521739130434782,O3,de-protonated,0,-9999,C46 H26 O3,46,26,3,-9999,-9999,-9999,-9999,N/A
2212,625.180955,625.1809385179765,625.180779859939,3798085.5,-9999,220473.3,21.39,-1,0.25377945493513127,0.49419099652054904,0.787157861234881,0.6113777424062818,7,1.52,0.64,S1 O16,de-protonated,0,-9999,C25 H38 O16 S1,25,38,16,-9999,-9999,1,-9999,N/A
2212,625.180955,625.1809385179765,625.181269117289,3798085.5,-9999,220473.3,21.39,-1,-0.5288055302525861,0.47526314619082777,0.7675537279851021,0.5921793789085374,11,1.3928571428571428,0.2857142857142857,N2 S2 P1 O8,de-protonated,0,-9999,C28 H39 O8 N2 P1 S2,28,39,8,2,1,2,-9999,N/A
2212,625.180955,625.1809385179765,625.1803997374191,3798085.5,-9999,220473.3,21.39,-1,0.8618001423094949,0.4369620077342887,0.7739790330151771,0.571768817846644,12,1.2962962962962965,0.48148148148148145,N2 P1 O13,de-protonated,0,-9999,C27 H35 O13 N2 P1,27,35,13,2,1,-9999,-9999,N/A
2213,625.217163,625.2171465213418,625.2173037537191,3532906.3,-9999,256204.6,19.78,-1,-0.2514843661154351,0.4942949914220439,0.6629808336683964,0.5617693283205849,33,0.6382978723404256,0.0425531914893617,O2,de-protonated,0,-9999,C47 H30 O2,47,30,2,-9999,-9999,-9999,-9999,N/A
2213,625.217163,625.2171465213418,625.2171653692891,3532906.3,-9999,256204.6,19.78,-1,-0.03014624097810277,0.4999175568915031,0.7805128205128198,0.6121556623400297,6,1.6153846153846154,0.5769230769230769,S1 O15,de-protonated,0,-9999,C26 H42 O15 S1,26,42,15,-9999,-9999,1,-9999,N/A
2213,625.217163,625.2171465213418,625.216652305039,3532906.3,-9999,256204.6,19.78,-1,0.7904720722308902,0.4464067781496597,0.7033271719038788,0.5491749356513473,24,0.8717948717948718,0.10256410256410256,N2 S1 O4,de-protonated,0,-9999,C39 H34 O4 N2 S1,39,34,4,2,-9999,1,-9999,N/A
2213,625.217163,625.2171465213418,625.217654626639,3532906.3,-9999,256204.6,19.78,-1,-0.8126854600562031,0.4435315439273847,0.7612342259156646,0.5706126167226966,10,1.4827586206896552,0.2413793103448276,N2 S2 P1 O7,de-protonated,0,-9999,C29 H43 O7 N2 P1 S2,29,43,7,2,1,2,-9999,N/A
2213,625.217163,625.2171465213418,625.2167852467691,3532906.3,-9999,256204.6,19.78,-1,0.5778388892010698,0.47060673350860965,0.7675537279851021,0.5893855312992067,11,1.3928571428571428,0.42857142857142855,N2 P1 O12,de-protonated,0,-9999,C28 H39 O12 N2 P1,28,39,12,2,1,-9999,-9999,N/A
2214,625.253652,625.2536355247329,625.253689263069,2366607.5,-9999,330296.4,12.72,-1,-0.08594645181742107,0.4993302870115432,0.6582606959877568,0.5629024506020286,32,0.7083333333333334,0.02083333333333333,O1,de-protonated,0,-9999,C48 H34 O1,48,34,1,-9999,-9999,-9999,-9999,N/A
2214,625.253652,625.2536355247329,625.2535508786391,2366607.5,-9999,330296.4,12.72,-1,0.13537882940046878,0.9966800356754972,0,0.5980080214052983,5,1.7037037037037035,0.5185185185185185,S1 O14,de-protonated,0,-9999,C27 H46 O14 S1,27,46,14,-9999,-9999,1,-9999,N/A
2214,625.253652,625.2536355247329,625.2530378143889,2366607.5,-9999,330296.4,12.72,-1,0.9559495241656888,0.4236014865147246,0.6980173569463056,0.533367834687357,23,0.95,0.075,N2 S1 O3,de-protonated,0,-9999,C40 H38 O3 N2 S1,40,38,3,2,-9999,1,-9999,N/A
2214,625.253652,625.2536355247329,625.2540401359889,2366607.5,-9999,330296.4,12.72,-1,-0.6471149805869589,0.926831914051061,0,0.5560991484306366,9,1.5666666666666669,0.2,N2 S2 P1 O6,de-protonated,0,-9999,C30 H47 O6 N2 P1 S2,30,47,6,2,1,2,-9999,N/A
2214,625.253652,625.2536355247329,625.2531707561191,2366607.5,-9999,330296.4,12.72,-1,0.7433286795844912,0.9046047163500366,0,0.5427628298100219,10,1.4827586206896552,0.3793103448275862,N2 P1 O11,de-protonated,0,-9999,C29 H43 O11 N2 P1,29,43,11,2,1,-9999,-9999,N/A
2215,627.066229,627.0662126931929,627.066144028289,4903891,-9999,312117.1,28.08,-1,0.10950185167303542,0.4989133382015044,0.7871578612348809,0.614211147414855,14,0.96,0.68,S1 O17,de-protonated,0,-9999,C25 H24 O17 S1,25,24,17,-9999,-9999,1,-9999,N/A
2215,627.066229,627.0662126931929,627.0656309640391,4903891,-9999,312117.1,28.08,-1,0.9277005868687692,0.4277112035086168,0.7087183895694522,0.540114077932951,32,0.42105263157894735,0.15789473684210523,N2 S1 O6,de-protonated,0,-9999,C38 H16 O6 N2 S1,38,16,6,2,-9999,1,-9999,N/A
2215,627.066229,627.0662126931929,627.066633285639,4903891,-9999,312117.1,28.08,-1,-0.6707300687620655,0.460806482220204,0.7675537279851021,0.5835053805261632,18,0.8928571428571429,0.32142857142857145,N2 S2 P1 O9,de-protonated,0,-9999,C28 H25 O9 N2 P1 S2,28,25,9,2,1,2,-9999,N/A
2215,627.066229,627.0662126931929,627.065763905769,4903891,-9999,312117.1,28.08,-1,0.7156943493852335,0.4556234689014642,0.7739790330151771,0.5829656945469495,19,0.7777777777777778,0.5185185185185185,N2 P1 O14,de-protonated,0,-9999,C27 H21 O14 N2 P1,27,21,14,2,1,-9999,-9999,N/A
2216,627.102576,627.1025596965709,627.102667922069,4349944.5,-9999,244120.6,24.72,-1,-0.17258019089121554,0.49730516156770177,0.6629808336683964,0.5635754304079796,40,0.3404255319148936,0.06382978723404255,O3,de-protonated,0,-9999,C47 H16 O3,47,16,3,-9999,-9999,-9999,-9999,N/A
2216,627.102576,627.1025596965709,627.102529537639,4349944.5,-9999,244120.6,24.72,-1,0.04809250549809047,0.499790208681676,0.7805128205128199,0.6120792534141335,13,1.0769230769230769,0.6153846153846154,S1 O16,de-protonated,0,-9999,C26 H28 O16 S1,26,28,16,-9999,-9999,1,-9999,N/A
2216,627.102576,627.1025596965709,627.102016473389,4349944.5,-9999,244120.6,24.72,-1,0.8662437173719407,0.436353617443139,0.7033271719038787,0.5431430392274349,31,0.5128205128205128,0.1282051282051282,N2 S1 O5,de-protonated,0,-9999,C39 H20 O5 N2 S1,39,20,5,2,-9999,1,-9999,N/A
2216,627.102576,627.1025596965709,627.1030187949891,4349944.5,-9999,244120.6,24.72,-1,-0.7320940969170494,0.4536647730435057,0.7612342259156645,0.5766925541923693,17,1,0.27586206896551724,N2 S2 P1 O8,de-protonated,0,-9999,C29 H29 O8 N2 P1 S2,29,29,8,2,1,2,-9999,N/A
2216,627.102576,627.1025596965709,627.102149415119,4349944.5,-9999,244120.6,24.72,-1,0.6542497936899745,0.46263587427820835,0.7675537279851021,0.5846030157609658,18,0.8928571428571429,0.4642857142857143,N2 P1 O13,de-protonated,0,-9999,C28 H25 O13 N2 P1,28,25,13,2,1,-9999,-9999,N/A
2217,627.123851,627.1238346985482,627.123797290129,2928654.5,-9999,276080.5,16.11,-1,0.05965077286274856,0.4996772874964448,0.677556331758097,0.5708289052011057,35,0.4545454545454546,0.11363636363636365,O5,de-protonated,0,-9999,C44 H20 O5,44,20,5,-9999,-9999,-9999,-9999,N/A
2217,627.123851,627.1238346985482,627.123658905699,2928654.5,-9999,276080.5,16.11,-1,0.28031608548107495,0.985843446868938,0,0.5915060681213627,8,1.391304347826087,0.782608695652174,S1 O18,de-protonated,0,-9999,C23 H32 O18 S1,23,32,18,-9999,-9999,1,-9999,N/A
2217,627.123851,627.1238346985482,627.124148163049,2928654.5,-9999,276080.5,16.11,-1,-0.4998444115025978,0.9556782848964022,0,0.5734069709378413,12,1.2692307692307692,0.38461538461538464,N2 S2 P1 O10,de-protonated,0,-9999,C26 H33 O10 N2 P1 S2,26,33,10,2,1,2,-9999,N/A
2217,627.123851,627.1238346985482,627.123278783179,2928654.5,-9999,276080.5,16.11,-1,0.8864530914613711,0.8671162645365285,0,0.520269758721917,13,1.16,0.6,N2 P1 O15,de-protonated,0,-9999,C25 H29 O15 N2 P1,25,29,15,2,1,-9999,-9999,N/A
2218,627.139055,627.1390386999612,627.139053431419,3842590.3,-9999,207957.3,21.65,-1,-0.02348993847701265,0.4999499428809683,0.6582606959877569,0.5632742441236838,39,0.4166666666666667,0.04166666666666666,O2,de-protonated,0,-9999,C48 H20 O2,48,20,2,-9999,-9999,-9999,-9999,N/A
2218,627.139055,627.1390386999612,627.138915046989,3842590.3,-9999,207957.3,21.65,-1,0.19716998776441064,0.4964854105958713,0.7739790330151771,0.6074828595635937,12,1.1851851851851851,0.5555555555555556,S1 O15,de-protonated,0,-9999,C27 H32 O15 S1,27,32,15,-9999,-9999,1,-9999,N/A
2218,627.139055,627.1390386999612,627.139404304339,3842590.3,-9999,207957.3,21.65,-1,-0.5829714657362209,0.4700982534280648,0.7550179348240813,0.5840661259864715,16,1.1,0.23333333333333336,N2 S2 P1 O7,de-protonated,0,-9999,C30 H33 O7 N2 P1 S2,30,33,7,2,1,2,-9999,N/A
2218,627.139055,627.1390386999612,627.1385349244691,3842590.3,-9999,207957.3,21.65,-1,0.803292197921011,0.4447548309063214,0.7612342259156645,0.5713465889100586,17,1,0.41379310344827586,N2 P1 O12,de-protonated,0,-9999,C29 H29 O12 N2 P1,29,29,12,2,1,-9999,-9999,N/A
2219,627.160185,627.160168701925,627.1601827994791,2777139.8,-9999,279517.4,15.19,-1,-0.02247839460844011,0.4999541610663373,0.672627141691601,0.5690233533164428,34,0.5333333333333333,0.08888888888888889,O4,de-protonated,0,-9999,C45 H24 O4,45,24,4,-9999,-9999,-9999,-9999,N/A
2219,627.160185,627.160168701925,627.1600444150491,2777139.8,-9999,279517.4,15.19,-1,0.19817409770147357,0.992899300585827,0,0.5957395803514962,7,1.5,0.7083333333333334,S1 O17,de-protonated,0,-9999,C24 H36 O17 S1,24,36,17,-9999,-9999,1,-9999,N/A
2219,627.160185,627.160168701925,627.160533672399,2777139.8,-9999,279517.4,15.19,-1,-0.5819410730255402,0.9404013002078236,0,0.5642407801246941,11,1.3703703703703705,0.3333333333333333,N2 S2 P1 O9,de-protonated,0,-9999,C27 H37 O9 N2 P1 S2,27,37,9,2,1,2,-9999,N/A
2219,627.160185,627.160168701925,627.159664292529,2777139.8,-9999,279517.4,15.19,-1,0.8042758882250233,0.8892544681064889,0,0.5335526808638933,12,1.2692307692307692,0.5384615384615384,N2 P1 O14,de-protonated,0,-9999,C26 H33 O14 N2 P1,26,33,14,2,1,-9999,-9999,N/A
2220,627.175395,627.1753787033387,627.175438940769,3561539.5,-9999,268710.3,19.94,-1,-0.09604558252001058,0.4991637902869745,0.6536072938689252,0.5609411917197548,38,0.4897959183673469,0.02040816326530612,O1,de-protonated,0,-9999,C49 H24 O1,49,24,1,-9999,-9999,-9999,-9999,N/A
2220,627.175395,627.1753787033387,627.175300556339,3561539.5,-9999,268710.3,19.94,-1,0.12460152614971667,0.4985934376881749,0.7675537279851021,0.6061775538069458,11,1.2857142857142858,0.5,S1 O14,de-protonated,0,-9999,C28 H36 O14 S1,28,36,14,-9999,-9999,1,-9999,N/A
2220,627.175395,627.1753787033387,627.174787492089,3561539.5,-9999,268710.3,19.94,-1,0.9426578706209192,0.4255455935638579,0.6927871148459346,0.5324422020766886,29,0.6829268292682927,0.07317073170731707,N2 S1 O3,de-protonated,0,-9999,C41 H28 O3 N2 S1,41,28,3,2,-9999,1,-9999,N/A
2220,627.175395,627.1753787033387,627.175789813689,3561539.5,-9999,268710.3,19.94,-1,-0.6554946109511661,0.4624990317622194,0.7489023467070351,0.5770603577401456,15,1.1935483870967742,0.1935483870967742,N2 S2 P1 O6,de-protonated,0,-9999,C31 H37 O6 N2 P1 S2,31,37,6,2,1,2,-9999,N/A
2220,627.175395,627.1753787033387,627.174920433819,3561539.5,-9999,268710.3,19.94,-1,0.7306885283669607,0.4538340515127452,0.7550179348240813,0.5743076048372797,16,1.1,0.36666666666666664,N2 P1 O11,de-protonated,0,-9999,C30 H33 O11 N2 P1,30,33,11,2,1,-9999,-9999,N/A
2221,627.19652,627.196503705302,627.196568308829,2792537.3,-9999,246882,15.29,-1,-0.10300363595415568,0.4990383634214469,0.667769152885588,0.5665306792071034,33,0.6086956521739131,0.06521739130434782,O3,de-protonated,0,-9999,C46 H28 O3,46,28,3,-9999,-9999,-9999,-9999,N/A
2221,627.19652,627.196503705302,627.196429924399,2792537.3,-9999,246882,15.29,-1,0.1176360378887227,0.997492219748973,0,0.5984953318493837,6,1.6,0.64,S1 O16,de-protonated,0,-9999,C25 H40 O16 S1,25,40,16,-9999,-9999,1,-9999,N/A
2221,627.19652,627.196503705302,627.1959168601489,2792537.3,-9999,246882,15.29,-1,0.9356648174685184,0.4265610343515768,0.7087183895694522,0.539423976438727,24,0.8421052631578947,0.13157894736842105,N2 S1 O5,de-protonated,0,-9999,C38 H32 O5 N2 S1,38,32,5,2,-9999,1,-9999,N/A
2221,627.19652,627.196503705302,627.1969191817491,2792537.3,-9999,246882,15.29,-1,-0.6624338136356078,0.9234643799665772,0,0.5540786279799463,10,1.4642857142857142,0.2857142857142857,N2 S2 P1 O8,de-protonated,0,-9999,C28 H41 O8 N2 P1 S2,28,41,8,2,1,2,-9999,N/A
2221,627.19652,627.196503705302,627.196049801879,2792537.3,-9999,246882,15.29,-1,0.7237026176509956,0.9093429901390256,0,0.5456057940834153,11,1.3703703703703705,0.48148148148148145,N2 P1 O13,de-protonated,0,-9999,C27 H37 O13 N2 P1,27,37,13,2,1,-9999,-9999,N/A
2222,627.212002,627.211985706741,627.211686065689,3028585.3,-9999,249657.8,16.72,-1,0.4777351228961317,0.4797167909607671,0.7612342259156645,0.5923237649427261,10,1.3793103448275863,0.4482758620689655,S1 O13,de-protonated,0,-9999,C29 H40 O13 S1,29,40,13,-9999,-9999,1,-9999,N/A
2222,627.212002,627.211985706741,627.212175323039,3028585.3,-9999,249657.8,16.72,-1,-0.3023160351319708,0.4917766246418461,0.7428850341668536,0.5922199884518491,14,1.28125,0.15625,N2 S2 P1 O5,de-protonated,0,-9999,C32 H41 O5 N2 P1 S2,32,41,5,2,1,2,-9999,N/A
2223,629.045487,629.045470877144,629.0454085833991,2497494.8,-9999,216193.5,13.49,-1,0.09902901136856924,0.9982221612168978,0,0.5989332967301386,14,0.9166666666666666,0.75,S1 O18,de-protonated,0,-9999,C24 H22 O18 S1,24,22,18,-9999,-9999,1,-9999,N/A
2223,629.045487,629.045470877144,629.044895519149,2497494.8,-9999,216193.5,13.49,-1,0.914653308671718,0.4295807871095142,0.7141928963326545,0.5434256307987704,32,0.3783783783783784,0.1891891891891892,N2 S1 O7,de-protonated,0,-9999,C37 H14 O7 N2 S1,37,14,7,2,-9999,1,-9999,N/A
2223,629.045487,629.045470877144,629.045897840749,2497494.8,-9999,216193.5,13.49,-1,-0.6787479363624769,0.9198053706234052,0,0.551883222374043,18,0.8518518518518519,0.3703703703703703,N2 S2 P1 O10,de-protonated,0,-9999,C27 H23 O10 N2 P1 S2,27,23,10,2,1,2,-9999,N/A
2223,629.045487,629.045470877144,629.045028460879,2497494.8,-9999,216193.5,13.49,-1,0.7033141427540777,0.914156282405126,0,0.5484937694430757,19,0.7307692307692307,0.5769230769230769,N2 P1 O15,de-protonated,0,-9999,C26 H19 O15 N2 P1,26,19,15,2,1,-9999,-9999,N/A
2224,629.082044,629.0820278805417,629.0819324771791,5434364.5,-9999,238942.9,31.28,-1,0.15165490799804762,0.4979177594787227,0.6677691528855879,0.5658583168414688,40,0.30434782608695654,0.08695652173913043,O4,de-protonated,0,-9999,C46 H14 O4,46,14,4,-9999,-9999,-9999,-9999,N/A
2224,629.082044,629.0820278805417,629.081794092749,5434364.5,-9999,238942.9,31.28,-1,0.3716333788230969,0.4876256359905535,0.7871578612348809,0.6074385260882844,13,1.04,0.68,S1 O17,de-protonated,0,-9999,C25 H26 O17 S1,25,26,17,-9999,-9999,1,-9999,N/A
2224,629.082044,629.0820278805417,629.082283350099,5434364.5,-9999,238942.9,31.28,-1,-0.4060987952372036,0.48525972587451416,0.7675537279851021,0.5981773267187493,17,0.9642857142857144,0.32142857142857145,N2 S2 P1 O9,de-protonated,0,-9999,C28 H27 O9 N2 P1 S2,28,27,9,2,1,2,-9999,N/A
2224,629.082044,629.0820278805417,629.081413970229,5434364.5,-9999,238942.9,31.28,-1,0.9758837234346842,0.4206518853176788,0.7739790330151771,0.5619827443966781,18,0.8518518518518519,0.5185185185185185,N2 P1 O14,de-protonated,0,-9999,C27 H23 O14 N2 P1,27,23,14,2,1,-9999,-9999,N/A
2225,629.118345,629.1183288839154,629.118317986529,5176354.5,-9999,250758,29.72,-1,0.01732168043485129,0.4999727797534264,0.6629808336683964,0.5651760013194145,39,0.3829787234042553,0.06382978723404255,O3,de-protonated,0,-9999,C47 H18 O3,47,18,3,-9999,-9999,-9999,-9999,N/A
2225,629.118345,629.1183288839154,629.1181796020991,5176354.5,-9999,250758,29.72,-1,0.23728739873427349,0.4949177434755487,0.7805128205128199,0.6091557742904572,12,1.1538461538461535,0.6153846153846154,S1 O16,de-protonated,0,-9999,C26 H30 O16 S1,26,30,16,-9999,-9999,1,-9999,N/A
2225,629.118345,629.1183288839154,629.118668859449,5176354.5,-9999,250758,29.72,-1,-0.540399689992941,0.4741953214679859,0.7612342259156645,0.5890108832470573,16,1.0689655172413792,0.27586206896551724,N2 S2 P1 O8,de-protonated,0,-9999,C29 H31 O8 N2 P1 S2,29,31,8,2,1,2,-9999,N/A
2225,629.118345,629.1183288839154,629.117799479579,5176354.5,-9999,250758,29.72,-1,0.841502715071621,0.4397117582189356,0.7675537279851021,0.5708485461254023,17,0.9642857142857144,0.4642857142857143,N2 P1 O13,de-protonated,0,-9999,C28 H27 O13 N2 P1,28,27,13,2,1,-9999,-9999,N/A
2226,629.154777,629.1547608873013,629.1547034958791,4225096.5,-9999,226797.5,23.95,-1,0.091219889091234,0.4992456461789907,0.6582606959877569,0.5628516661024972,38,0.4583333333333333,0.04166666666666666,O2,de-protonated,0,-9999,C48 H22 O2,48,22,2,-9999,-9999,-9999,-9999,N/A
2226,629.154777,629.1547608873013,629.154565111449,4225096.5,-9999,226797.5,23.95,-1,0.3111729028639661,0.4912920122294504,0.7739790330151772,0.6043668205437411,11,1.2592592592592593,0.5555555555555556,S1 O15,de-protonated,0,-9999,C27 H34 O15 S1,27,34,15,-9999,-9999,1,-9999,N/A
2226,629.154777,629.1547608873013,629.155054368799,4225096.5,-9999,226797.5,23.95,-1,-0.4664692680358716,0.4806435953951036,0.7550179348240813,0.5903933311666947,15,1.1666666666666667,0.23333333333333336,N2 S2 P1 O7,de-protonated,0,-9999,C30 H35 O7 N2 P1 S2,30,35,7,2,1,2,-9999,N/A
2226,629.154777,629.1547608873013,629.154184988929,4225096.5,-9999,226797.5,23.95,-1,0.9153533204265636,0.4294809467351744,0.7612342259156646,0.5621822584073705,16,1.0689655172413792,0.41379310344827586,N2 P1 O12,de-protonated,0,-9999,C29 H31 O12 N2 P1,29,31,12,2,1,-9999,-9999,N/A
2227,629.191033,629.191016890671,629.191089005229,4159598.3,-9999,265803.1,23.56,-1,-0.11461471596153527,0.49880961592911754,0.6536072938689252,0.5607286871050405,37,0.5306122448979592,0.02040816326530612,O1,de-protonated,0,-9999,C49 H26 O1,49,26,1,-9999,-9999,-9999,-9999,N/A
2227,629.191033,629.191016890671,629.1909506207991,4159598.3,-9999,265803.1,23.56,-1,0.10532553250662674,0.4989945646781512,0.7675537279851021,0.6064182300009315,10,1.3571428571428572,0.5,S1 O14,de-protonated,0,-9999,C28 H38 O14 S1,28,38,14,-9999,-9999,1,-9999,N/A
2227,629.191033,629.191016890671,629.190437556549,4159598.3,-9999,265803.1,23.56,-1,0.920761167706258,0.428707855526729,0.6927871148459346,0.5343395592544112,28,0.7317073170731707,0.07317073170731707,N2 S1 O3,de-protonated,0,-9999,C41 H30 O3 N2 S1,41,30,3,2,-9999,1,-9999,N/A
2227,629.191033,629.191016890671,629.191439878149,4159598.3,-9999,265803.1,23.56,-1,-0.6722715078801329,0.4606334233983304,0.7489023467070351,0.5759409927218123,14,1.2580645161290325,0.1935483870967742,N2 S2 P1 O6,de-protonated,0,-9999,C31 H39 O6 N2 P1 S2,31,39,6,2,1,2,-9999,N/A
2227,629.191033,629.191016890671,629.190570498279,4159598.3,-9999,265803.1,23.56,-1,0.7094708866928786,0.4563573179547995,0.7550179348240813,0.5758215647025122,15,1.1666666666666667,0.36666666666666664,N2 P1 O11,de-protonated,0,-9999,C30 H35 O11 N2 P1,30,35,11,2,1,-9999,-9999,N/A
2228,629.227468,629.2274518940573,629.2273361301491,3194004.3,-9999,250541.3,17.71,-1,0.18397787498533497,0.49693858596073687,0.7612342259156645,0.602656841942708,9,1.4482758620689655,0.4482758620689655,S1 O13,de-protonated,0,-9999,C29 H42 O13 S1,29,42,13,-9999,-9999,1,-9999,N/A
2228,629.227468,629.2274518940573,629.226823065899,3194004.3,-9999,250541.3,17.71,-1,0.9993664211446748,0.41712638748668207,0.6876346701883607,0.5253297005673535,27,0.8095238095238095,0.04761904761904761,N2 S1 O2,de-protonated,0,-9999,C42 H34 O2 N2 S1,42,34,2,2,-9999,1,-9999,N/A
2228,629.227468,629.2274518940573,629.227825387499,3194004.3,-9999,250541.3,17.71,-1,-0.5935742615017449,0.46903538318124577,0.7428850341668535,0.5785752435754888,13,1.34375,0.15625,N2 S2 P1 O5,de-protonated,0,-9999,C32 H43 O5 N2 P1 S2,32,43,5,2,1,2,-9999,N/A
2228,629.227468,629.2274518940573,629.226956007629,3194004.3,-9999,250541.3,17.71,-1,0.7880883415389175,0.44671167383157584,0.7489023467070351,0.5675879429817596,14,1.2580645161290325,0.3225806451612903,N2 P1 O10,de-protonated,0,-9999,C31 H39 O10 N2 P1,31,39,10,2,1,-9999,-9999,N/A
2229,631.061172,631.0611560644808,631.0610586478591,3830806.3,-9999,213974.4,21.55,-1,0.154369565863009,0.49784270960341753,0.7939170211058493,0.6162724342043903,13,1,0.75,S1 O18,de-protonated,0,-9999,C24 H24 O18 S1,24,24,18,-9999,-9999,1,-9999,N/A
2229,631.061172,631.0611560644808,631.060545583609,3830806.3,-9999,213974.4,21.55,-1,0.9673887489886364,0.4219137797983861,0.7141928963326545,0.5388254264120935,31,0.43243243243243246,0.1891891891891892,N2 S1 O7,de-protonated,0,-9999,C37 H16 O7 N2 S1,37,16,7,2,-9999,1,-9999,N/A
2229,631.061172,631.0611560644808,631.0615479052091,3830806.3,-9999,213974.4,21.55,-1,-0.6209231565428521,0.4662170796880965,0.7739790330151772,0.5893218610189288,17,0.925925925925926,0.3703703703703703,N2 S2 P1 O10,de-protonated,0,-9999,C27 H25 O10 N2 P1 S2,27,25,10,2,1,2,-9999,N/A
2229,631.061172,631.0611560644808,631.0606785253391,3830806.3,-9999,213974.4,21.55,-1,0.7567246034092299,0.4506562039273266,0.7805128205128198,0.5825988505615238,18,0.8076923076923077,0.5769230769230769,N2 P1 O15,de-protonated,0,-9999,C26 H21 O15 N2 P1,26,21,15,2,1,-9999,-9999,N/A
2230,631.097818,631.0978020678865,631.0975825416391,5493821,-9999,242013.5,31.63,-1,0.3478483414909634,0.48914212197565654,0.6677691528855879,0.5605929343396291,39,0.34782608695652173,0.08695652173913043,O4,de-protonated,0,-9999,C46 H16 O4,46,16,4,-9999,-9999,-9999,-9999,N/A
2230,631.097818,631.0978020678865,631.097444157209,5493821,-9999,242013.5,31.63,-1,0.5671242703030689,0.4716554634383768,0.7871578612348809,0.5978564225569785,12,1.12,0.68,S1 O17,de-protonated,0,-9999,C25 H28 O17 S1,25,28,17,-9999,-9999,1,-9999,N/A
2230,631.097818,631.0978020678865,631.0979334145591,5493821,-9999,242013.5,31.63,-1,-0.20812407331123317,0.4960856207372874,0.7675537279851021,0.6046728636364134,16,1.0357142857142858,0.32142857142857145,N2 S2 P1 O9,de-protonated,0,-9999,C28 H29 O9 N2 P1 S2,28,29,9,2,1,2,-9999,N/A
2231,631.133937,631.1339210712434,631.133968050989,4782179,-9999,232656.6,27.32,-1,-0.0744370417790907,0.4994975605340973,0.6629808336683964,0.564890869787817,38,0.425531914893617,0.06382978723404255,O3,de-protonated,0,-9999,C47 H20 O3,47,20,3,-9999,-9999,-9999,-9999,N/A
2231,631.133937,631.1339210712434,631.1338296665591,4782179,-9999,232656.6,27.32,-1,0.14482615260003717,0.4981007083486256,0.7805128205128199,0.6110655532143033,11,1.2307692307692308,0.6153846153846154,S1 O16,de-protonated,0,-9999,C26 H32 O16 S1,26,32,16,-9999,-9999,1,-9999,N/A
2231,631.133937,631.1339210712434,631.1333166023089,4782179,-9999,232656.6,27.32,-1,0.9577515853003276,0.42333650287512586,0.7033271719038787,0.5353327704866271,29,0.6153846153846154,0.1282051282051282,N2 S1 O5,de-protonated,0,-9999,C39 H24 O5 N2 S1,39,24,5,2,-9999,1,-9999,N/A
2231,631.133937,631.1339210712434,631.1343189239091,4782179,-9999,232656.6,27.32,-1,-0.6303771696437768,0.4652174164038184,0.7612342259156646,0.5836241402085569,15,1.137931034482759,0.27586206896551724,N2 S2 P1 O8,de-protonated,0,-9999,C29 H33 O8 N2 P1 S2,29,33,8,2,1,2,-9999,N/A
2231,631.133937,631.1339210712434,631.1334495440391,4782179,-9999,232656.6,27.32,-1,0.7471117315913371,0.45183985207112104,0.7675537279851021,0.5781254024367135,16,1.0357142857142858,0.4642857142857143,N2 P1 O13,de-protonated,0,-9999,C28 H29 O13 N2 P1,28,29,13,2,1,-9999,-9999,N/A
2232,631.170679,631.1706630746583,631.1703535603391,4861065.5,-9999,237873.5,27.79,-1,0.49038158622295686,0.47865227238361086,0.6582606959877568,0.5504956418252692,37,0.5,0.04166666666666666,O2,de-protonated,0,-9999,C48 H24 O2,48,24,2,-9999,-9999,-9999,-9999,N/A
2232,631.170679,631.1706630746583,631.170215175909,4861065.5,-9999,237873.5,27.79,-1,0.7096322647809298,0.45633835489762986,0.7739790330151771,0.5833946261446488,10,1.3333333333333333,0.5555555555555556,S1 O15,de-protonated,0,-9999,C27 H36 O15 S1,27,36,15,-9999,-9999,1,-9999,N/A
2232,631.170679,631.1706630746583,631.170704433259,4861065.5,-9999,237873.5,27.79,-1,-0.06552680662552493,0.49961060293665904,0.7550179348240813,0.601773535691628,14,1.2333333333333334,0.23333333333333336,N2 S2 P1 O7,de-protonated,0,-9999,C30 H37 O7 N2 P1 S2,30,37,7,2,1,2,-9999,N/A
2233,631.206826,631.2068100780177,631.206739069689,3958959.5,-9999,266180.5,22.33,-1,0.11249615118258052,0.4988531658396029,0.6536072938689252,0.5607548170513318,36,0.5714285714285714,0.02040816326530612,O1,de-protonated,0,-9999,C49 H28 O1,49,28,1,-9999,-9999,-9999,-9999,N/A
2233,631.206826,631.2068100780177,631.206600685259,3958959.5,-9999,266180.5,22.33,-1,0.33173410814551085,0.49011503102982545,0.7675537279851021,0.6010905098119361,9,1.4285714285714286,0.5,S1 O14,de-protonated,0,-9999,C28 H40 O14 S1,28,40,14,-9999,-9999,1,-9999,N/A
2233,631.206826,631.2068100780177,631.2070899426091,3958959.5,-9999,266180.5,22.33,-1,-0.4433799870021904,0.48247922406952415,0.7489023467070351,0.5890484731245286,13,1.3225806451612905,0.1935483870967742,N2 S2 P1 O6,de-protonated,0,-9999,C31 H41 O6 N2 P1 S2,31,41,6,2,1,2,-9999,N/A
2233,631.206826,631.2068100780177,631.2062205627391,3958959.5,-9999,266180.5,22.33,-1,0.9339503627235368,0.42680919879794305,0.7550179348240813,0.5580926932083984,14,1.2333333333333334,0.36666666666666664,N2 P1 O11,de-protonated,0,-9999,C30 H37 O11 N2 P1,30,37,11,2,1,-9999,-9999,N/A
2234,631.243128,631.2431120813916,631.242986194609,3225814,-9999,264894.4,17.89,-1,0.1994268219233127,0.49640478481818945,0.7612342259156646,0.6023365612571795,8,1.5172413793103448,0.4482758620689655,S1 O13,de-protonated,0,-9999,C29 H44 O13 S1,29,44,13,-9999,-9999,1,-9999,N/A
2234,631.243128,631.2431120813916,631.243475451959,3225814,-9999,264894.4,17.89,-1,-0.5756424921402986,0.4708231215392482,0.7428850341668536,0.5796478865902903,12,1.40625,0.15625,N2 S2 P1 O5,de-protonated,0,-9999,C32 H45 O5 N2 P1 S2,32,45,5,2,1,2,-9999,N/A
2234,631.243128,631.2431120813916,631.242606072089,3225814,-9999,264894.4,17.89,-1,0.8016082846095328,0.4449729776960955,0.748902346707035,0.5665447253004714,13,1.3225806451612905,0.3225806451612903,N2 P1 O10,de-protonated,0,-9999,C31 H41 O10 N2 P1,31,41,10,2,1,-9999,-9999,N/A
2235,633.077,633.0769842518307,633.076847096749,4415595.5,-9999,227719,25.08,-1,0.2166483931886285,0.4957597961120006,0.672627141691601,0.5665067343438408,39,0.3111111111111111,0.1111111111111111,O5,de-protonated,0,-9999,C45 H14 O5,45,14,5,-9999,-9999,-9999,-9999,N/A
2235,633.077,633.0769842518307,633.076708712319,4415595.5,-9999,227719,25.08,-1,0.4352387441909195,0.4831058458395517,0.7939170211058493,0.6074303159460708,12,1.0833333333333333,0.75,S1 O18,de-protonated,0,-9999,C24 H26 O18 S1,24,26,18,-9999,-9999,1,-9999,N/A
2235,633.077,633.0769842518307,633.0771979696691,4415595.5,-9999,227719,25.08,-1,-0.3375857463785915,0.4897668471045307,0.7739790330151771,0.6034517214687893,16,1,0.3703703703703703,N2 S2 P1 O10,de-protonated,0,-9999,C27 H27 O10 N2 P1 S2,27,27,10,2,1,2,-9999,N/A
2236,633.113388,633.1133722552125,633.113232606099,4974738.5,-9999,218362.9,28.47,-1,0.2205752562558271,0.4956053749243065,0.667769152885588,0.5644708861088191,38,0.391304347826087,0.08695652173913043,O4,de-protonated,0,-9999,C46 H18 O4,46,18,4,-9999,-9999,-9999,-9999,N/A
2236,633.113388,633.1133722552125,633.113094221669,4974738.5,-9999,218362.9,28.47,-1,0.43915304555639995,0.48280591466868866,0.7871578612348809,0.6045466932951655,11,1.2,0.68,S1 O17,de-protonated,0,-9999,C25 H30 O17 S1,25,30,17,-9999,-9999,1,-9999,N/A
2236,633.113388,633.1133722552125,633.113583479019,4974738.5,-9999,218362.9,28.47,-1,-0.33362703305916264,0.4900030374706611,0.7675537279851021,0.6010233136764376,15,1.1071428571428572,0.32142857142857145,N2 S2 P1 O9,de-protonated,0,-9999,C28 H31 O9 N2 P1 S2,28,31,9,2,1,2,-9999,N/A
2237,633.149851,633.1498352586015,633.149618115449,4698297,-9999,232989.3,26.79,-1,0.3429570929641843,0.4894421055712144,0.6629808336683964,0.5588575968100873,37,0.46808510638297873,0.06382978723404255,O3,de-protonated,0,-9999,C47 H22 O3,47,22,3,-9999,-9999,-9999,-9999,N/A
2237,633.149851,633.1498352586015,633.149479731019,4698297,-9999,232989.3,26.79,-1,0.5615223478969504,0.4721968692484503,0.7805128205128199,0.5955232497541981,10,1.3076923076923077,0.6153846153846154,S1 O16,de-protonated,0,-9999,C26 H34 O16 S1,26,34,16,-9999,-9999,1,-9999,N/A
2237,633.149851,633.1498352586015,633.1499689883691,4698297,-9999,232989.3,26.79,-1,-0.2112134157626257,0.4959690232563641,0.7612342259156645,0.6020751043200843,14,1.206896551724138,0.27586206896551724,N2 S2 P1 O8,de-protonated,0,-9999,C29 H35 O8 N2 P1 S2,29,35,8,2,1,2,-9999,N/A
2238,633.186105,633.1860892619709,633.186003624799,4904160,-9999,240403,28.04,-1,0.13524804936940196,0.4983432181573467,0.6582606959877568,0.5623102092895107,36,0.5416666666666666,0.04166666666666666,O2,de-protonated,0,-9999,C48 H26 O2,48,26,2,-9999,-9999,-9999,-9999,N/A
2238,633.186105,633.1860892619709,633.185865240369,4904160,-9999,240403,28.04,-1,0.353800699232689,0.4887715835045666,0.7739790330151771,0.6028545633088108,9,1.4074074074074074,0.5555555555555556,S1 O15,de-protonated,0,-9999,C27 H38 O15 S1,27,38,15,-9999,-9999,1,-9999,N/A
2238,633.186105,633.1860892619709,633.186354497719,4904160,-9999,240403,28.04,-1,-0.4188904991465658,0.4843314243709266,0.7550179348240813,0.5926060285521885,13,1.3,0.23333333333333336,N2 S2 P1 O7,de-protonated,0,-9999,C30 H39 O7 N2 P1 S2,30,39,7,2,1,2,-9999,N/A
2238,633.186105,633.1860892619709,633.185485117849,4904160,-9999,240403,28.04,-1,0.9541345089134188,0.4238680377263338,0.7612342259156646,0.5588145130020661,14,1.206896551724138,0.41379310344827586,N2 P1 O12,de-protonated,0,-9999,C29 H35 O12 N2 P1,29,35,12,2,1,-9999,-9999,N/A
2239,633.222561,633.2225452653591,633.222389134149,3830022.8,-9999,228097.6,21.53,-1,0.24656615560690365,0.49451473544350005,0.6536072938689251,0.5581517588136701,35,0.6122448979591837,0.02040816326530612,O1,de-protonated,0,-9999,C49 H30 O1,49,30,1,-9999,-9999,-9999,-9999,N/A
2239,633.222561,633.2225452653591,633.222250749719,3830022.8,-9999,228097.6,21.53,-1,0.4651062715695215,0.4807543443978976,0.7675537279851021,0.5954740978327795,8,1.5,0.5,S1 O14,de-protonated,0,-9999,C28 H42 O14 S1,28,42,14,-9999,-9999,1,-9999,N/A
2239,633.222561,633.2225452653591,633.2227400070691,3830022.8,-9999,228097.6,21.53,-1,-0.307540613505276,0.49149239119228,0.7489023467070353,0.5944563733981821,12,1.3870967741935485,0.1935483870967742,N2 S2 P1 O6,de-protonated,0,-9999,C31 H43 O6 N2 P1 S2,31,43,6,2,1,2,-9999,N/A
2240,633.258767,633.258751268724,633.258636259069,2363693.3,-9999,196743.7,12.65,-1,0.1816156123799673,0.9940329287866762,0,0.5964197572720057,7,1.5862068965517242,0.4482758620689655,S1 O13,de-protonated,0,-9999,C29 H46 O13 S1,29,46,13,-9999,-9999,1,-9999,N/A
2240,633.258767,633.258751268724,633.258123194819,2363693.3,-9999,196743.7,12.65,-1,0.9918134202876429,0.4182662283334002,0.6876346701883606,0.5260136050753843,25,0.9047619047619048,0.04761904761904761,N2 S1 O2,de-protonated,0,-9999,C42 H38 O2 N2 S1,42,38,2,2,-9999,1,-9999,N/A
2240,633.258767,633.258751268724,633.259125516419,2363693.3,-9999,196743.7,12.65,-1,-0.5909866591031768,0.9385926397523692,0,0.5631555838514215,11,1.46875,0.15625,N2 S2 P1 O5,de-protonated,0,-9999,C32 H47 O5 N2 P1 S2,32,47,5,2,1,2,-9999,N/A
2240,633.258767,633.258751268724,633.258256136549,2363693.3,-9999,196743.7,12.65,-1,0.7818803312057484,0.8950047363156941,0,0.5370028417894165,12,1.3870967741935485,0.3225806451612903,N2 P1 O10,de-protonated,0,-9999,C31 H43 O10 N2 P1,31,43,10,2,1,-9999,-9999,N/A
2241,634.95747,634.9574544266005,634.9572019754991,2538053.3,-9999,243328.9,13.69,-1,0.397587586493151,0.9717247803686266,0,0.583034868221176,14,0.8095238095238095,0.8095238095238095,S2 P1 O17,de-protonated,0,-9999,C21 H17 O17 P1 S2,21,17,17,-9999,1,2,-9999,N/A
2241,634.95747,634.9574544266005,634.957670006149,2538053.3,-9999,243328.9,13.69,-1,-0.33951798466307387,0.9793011863971912,0,0.5875807118383146,20,0.42857142857142855,0.8571428571428571,N4 P1 O18,de-protonated,0,-9999,C21 H9 O18 N4 P1,21,9,18,4,1,-9999,-9999,N/A
2242,635.092978,635.0929624391946,635.092497161209,4281046.5,-9999,208376.1,24.25,-1,0.7326145209087869,0.4536020297374998,0.672627141691601,0.5412120745191402,38,0.35555555555555557,0.1111111111111111,O5,de-protonated,0,-9999,C45 H16 O5,45,16,5,-9999,-9999,-9999,-9999,N/A
2242,635.092978,635.0929624391946,635.0934994828091,4281046.5,-9999,208376.1,24.25,-1,-0.8456134646680433,0.439158771513395,0.7253996187124169,0.5536551103930037,24,0.7142857142857143,0.22857142857142856,S1 P1 O8,de-protonated,0,-9999,C35 H25 O8 P1 S1,35,25,8,-9999,1,1,-9999,N/A
2242,635.092978,635.0929624391946,635.0923587767791,4281046.5,-9999,208376.1,24.25,-1,0.950511224369391,0.4243991337933103,0.7939170211058493,0.5722062887183259,11,1.1666666666666667,0.75,S1 O18,de-protonated,0,-9999,C24 H28 O18 S1,24,28,18,-9999,-9999,1,-9999,N/A
2242,635.092978,635.0929624391946,635.0928480341291,4281046.5,-9999,208376.1,24.25,-1,0.18013911794844278,0.4970646360609889,0.7739790330151771,0.6078303948426642,15,1.0740740740740742,0.3703703703703703,N2 S2 P1 O10,de-protonated,0,-9999,C27 H29 O10 N2 P1 S2,27,29,10,2,1,2,-9999,N/A
2243,635.129097,635.1290814425515,635.128882670559,4009213.5,-9999,234966.6,22.61,-1,0.3129632392672339,0.4911924112797724,0.667769152885588,0.5618231079220987,37,0.43478260869565216,0.08695652173913043,O4,de-protonated,0,-9999,C46 H20 O4,46,20,4,-9999,-9999,-9999,-9999,N/A
2243,635.129097,635.1290814425515,635.1287442861291,4009213.5,-9999,234966.6,22.61,-1,0.5308473683390762,0.47507659945643177,0.7871578612348809,0.5999091041678114,10,1.28,0.68,S1 O17,de-protonated,0,-9999,C25 H32 O17 S1,25,32,17,-9999,-9999,1,-9999,N/A
2243,635.129097,635.1290814425515,635.129233543479,4009213.5,-9999,234966.6,22.61,-1,-0.2394802812732371,0.4948238646093551,0.7675537279851021,0.603915809959654,14,1.1785714285714286,0.32142857142857145,N2 S2 P1 O9,de-protonated,0,-9999,C28 H33 O9 N2 P1 S2,28,33,9,2,1,2,-9999,N/A
2244,635.165406,635.1653904459259,635.165268179909,4586788.5,-9999,229328.3,26.11,-1,0.1924948088521347,0.4966495532713164,0.6629808336683964,0.5631820654301485,36,0.5106382978723404,0.06382978723404255,O3,de-protonated,0,-9999,C47 H24 O3,47,24,3,-9999,-9999,-9999,-9999,N/A
2244,635.165406,635.1653904459259,635.1651297954791,4586788.5,-9999,229328.3,26.11,-1,0.4103664301593061,0.48495302448163696,0.7805128205128199,0.6031769428941101,9,1.3846153846153846,0.6153846153846154,S1 O16,de-protonated,0,-9999,C26 H36 O16 S1,26,36,16,-9999,-9999,1,-9999,N/A
2244,635.165406,635.1653904459259,635.165619052829,4586788.5,-9999,229328.3,26.11,-1,-0.3599169983723323,0.48838459062517414,0.7612342259156646,0.5975244447413703,13,1.2758620689655171,0.27586206896551724,N2 S2 P1 O8,de-protonated,0,-9999,C29 H37 O8 N2 P1 S2,29,37,8,2,1,2,-9999,N/A
2245,635.20188,635.2018644493158,635.201653689259,4381003.5,-9999,245120.1,24.86,-1,0.3318002331674219,0.4901111291008941,0.6582606959877569,0.5573709558556392,35,0.5833333333333334,0.04166666666666666,O2,de-protonated,0,-9999,C48 H28 O2,48,28,2,-9999,-9999,-9999,-9999,N/A
2245,635.20188,635.2018644493158,635.2015153048291,4381003.5,-9999,245120.1,24.86,-1,0.549659404736956,0.4733276384368282,0.7739790330151772,0.5935881962681678,8,1.4814814814814814,0.5555555555555556,S1 O15,de-protonated,0,-9999,C27 H40 O15 S1,27,40,15,-9999,-9999,1,-9999,N/A
2245,635.20188,635.2018644493158,635.202004562179,4381003.5,-9999,245120.1,24.86,-1,-0.22058000786812904,0.4956051864195916,0.7550179348240813,0.5993702857813875,12,1.3666666666666667,0.23333333333333336,N2 S2 P1 O7,de-protonated,0,-9999,C30 H41 O7 N2 P1 S2,30,41,7,2,1,2,-9999,N/A
2246,635.238062,635.2380464526786,635.2380391986089,3474802.8,-9999,287973.4,19.37,-1,0.0114194510830019,0.49998816933514784,0.6536072938689251,0.5614358191486588,34,0.6530612244897959,0.02040816326530612,O1,de-protonated,0,-9999,C49 H32 O1,49,32,1,-9999,-9999,-9999,-9999,N/A
2246,635.238062,635.2380464526786,635.237900814179,3474802.8,-9999,287973.4,19.37,-1,0.22926607402105048,0.49525393118974465,0.7675537279851021,0.6041738499078877,7,1.5714285714285714,0.5,S1 O14,de-protonated,0,-9999,C28 H44 O14 S1,28,44,14,-9999,-9999,1,-9999,N/A
2246,635.238062,635.2380464526786,635.2383900715289,3474802.8,-9999,287973.4,19.37,-1,-0.5409289734728129,0.47414607959121047,0.7489023467070351,0.5840485864375404,11,1.4516129032258065,0.1935483870967742,N2 S2 P1 O6,de-protonated,0,-9999,C31 H45 O6 N2 P1 S2,31,45,6,2,1,2,-9999,N/A
2246,635.238062,635.2380464526786,635.237520691659,3474802.8,-9999,287973.4,19.37,-1,0.8276605245929227,0.4415590530509695,0.7550179348240813,0.5669426057602143,12,1.3666666666666667,0.36666666666666664,N2 P1 O11,de-protonated,0,-9999,C30 H41 O11 N2 P1,30,41,11,2,1,-9999,-9999,N/A
2247,635.239555,635.2395394528174,635.239041520209,2332532.3,-9999,234692.9,12.45,-1,0.783850764730346,0.4472519264956032,0.7033271719038788,0.5496820246589135,20,1.051282051282051,0.10256410256410256,S1 P1 O4,de-protonated,0,-9999,C39 H41 O4 P1 S1,39,41,4,-9999,1,1,-9999,N/A
2247,635.239555,635.2395394528174,635.239889673379,2332532.3,-9999,234692.9,12.45,-1,-0.5513201662540892,0.47317062739884846,0.7141928963326545,0.5695795349723709,21,0.972972972972973,0.21621621621621623,N2 O8,de-protonated,0,-9999,C37 H36 O8 N2,37,36,8,2,-9999,-9999,-9999,N/A
2247,635.239555,635.2395394528174,635.2392382246991,2332532.3,-9999,234692.9,12.45,-1,0.4741963345997446,0.960020208507462,0,0.5760121251044772,12,1.3793103448275863,0.3448275862068966,N4 S1 O10,de-protonated,0,-9999,C29 H40 O10 N4 S1,29,40,10,4,-9999,1,-9999,N/A
2248,637.072371,637.0723556231583,637.072631096189,2871598.3,-9999,217921,15.7,-1,-0.4324044343410552,0.4833214620958747,0.672627141691601,0.5590437339341652,37,0.4,0.02222222222222222,S2 O1,de-protonated,0,-9999,C45 H18 O1 S2,45,18,1,-9999,-9999,2,-9999,N/A
2248,637.072371,637.0723556231583,637.071761716319,2871598.3,-9999,217921,15.7,-1,0.9322448034724105,0.4270557668969248,0.677556331758097,0.5272559928413937,38,0.3181818181818182,0.13636363636363635,O6,de-protonated,0,-9999,C44 H14 O6,44,14,6,-9999,-9999,-9999,-9999,N/A
2248,637.072371,637.0723556231583,637.072764037919,2871598.3,-9999,217921,15.7,-1,-0.641080240408729,0.46407009808417937,0.7311359101322861,0.570896422903422,24,0.6764705882352942,0.2647058823529412,S1 P1 O9,de-protonated,0,-9999,C34 H23 O9 P1 S1,34,23,9,-9999,1,1,-9999,N/A
2248,637.072371,637.0723556231583,637.072112589239,2871598.3,-9999,217921,15.7,-1,0.38148572887769727,0.973939127883854,0,0.5843634767303123,15,1.0384615384615383,0.4230769230769231,N2 S2 P1 O11,de-protonated,0,-9999,C26 H27 O11 N2 P1 S2,26,27,11,2,1,2,-9999,N/A
2248,637.072371,637.0723556231583,637.072960742409,2871598.3,-9999,217921,15.7,-1,-0.9498429348351644,0.848993885020799,0,0.5093963310124794,16,0.9166666666666666,0.625,N4 S1 O15,de-protonated,0,-9999,C24 H22 O15 N4 S1,24,22,15,4,-9999,1,-9999,N/A
2249,637.087229,637.0872136245392,637.086879473179,3253566.8,-9999,257776.9,18.02,-1,0.5244988885929889,0.4756544907983183,0.7739790330151771,0.5949843076850618,15,0.9629629629629628,0.5925925925925926,S1 O16,de-protonated,0,-9999,C27 H26 O16 S1,27,26,16,-9999,-9999,1,-9999,N/A
2249,637.087229,637.0872136245392,637.0873687305291,3253566.8,-9999,257776.9,18.02,-1,-0.2434610972691819,0.49465128271174746,0.7550179348240813,0.598797943556681,19,0.9,0.26666666666666666,N2 S2 P1 O8,de-protonated,0,-9999,C30 H27 O8 N2 P1 S2,30,27,8,2,1,2,-9999,N/A
2250,637.108305,637.1082896264979,637.108147225669,3765589.5,-9999,278941.7,21.12,-1,0.2235112352326878,0.4954881394704845,0.672627141691601,0.5663437403589311,37,0.4,0.1111111111111111,O5,de-protonated,0,-9999,C45 H18 O5,45,18,5,-9999,-9999,-9999,-9999,N/A
2250,637.108305,637.1082896264979,637.108008841239,3765589.5,-9999,278941.7,21.12,-1,0.4407184575531272,0.4826852666896059,0.7939170211058494,0.6071779684561033,10,1.25,0.75,S1 O18,de-protonated,0,-9999,C24 H30 O18 S1,24,30,18,-9999,-9999,1,-9999,N/A
2250,637.108305,637.1082896264979,637.1084980985889,3765589.5,-9999,278941.7,21.12,-1,-0.3272159948039599,0.4903798681229138,0.7739790330151771,0.6038195340798191,14,1.148148148148148,0.3703703703703703,N2 S2 P1 O10,de-protonated,0,-9999,C27 H31 O10 N2 P1 S2,27,31,10,2,1,2,-9999,N/A
2251,637.109809,637.1097936266378,637.1099977004391,2736471.3,-9999,271597.3,14.88,-1,-0.32031172319522383,0.4907778276029349,0.7369636471990461,0.5892521554413794,24,0.6666666666666666,0.3636363636363637,N2 O12,de-protonated,0,-9999,C33 H22 O12 N2,33,22,12,2,-9999,-9999,-9999,N/A
2251,637.109809,637.1097936266378,637.109346251759,2736471.3,-9999,271597.3,14.88,-1,0.7021948139097195,0.914417274634852,0,0.5486503647809112,15,1.04,0.56,N4 S1 O14,de-protonated,0,-9999,C25 H26 O14 N4 S1,25,26,14,4,-9999,1,-9999,N/A
2252,637.144657,637.1446416298766,637.1445327350191,3898749,-9999,233936.7,21.92,-1,0.17091076181517553,0.49735690826840206,0.6677691528855879,0.5655218061152765,36,0.4782608695652174,0.08695652173913043,O4,de-protonated,0,-9999,C46 H22 O4,46,22,4,-9999,-9999,-9999,-9999,N/A
2252,637.144657,637.1446416298766,637.1443943505891,3898749,-9999,233936.7,21.92,-1,0.388105568622624,0.486519615704949,0.7871578612348809,0.6067749139169217,9,1.36,0.68,S1 O17,de-protonated,0,-9999,C25 H34 O17 S1,25,34,17,-9999,-9999,1,-9999,N/A
2252,637.144657,637.1446416298766,637.144883607939,3898749,-9999,233936.7,21.92,-1,-0.37978498880858574,0.48708397914340473,0.7675537279851021,0.5992718786800837,13,1.25,0.32142857142857145,N2 S2 P1 O9,de-protonated,0,-9999,C28 H35 O9 N2 P1 S2,28,35,9,2,1,2,-9999,N/A
2252,637.144657,637.1446416298766,637.1440142280691,3898749,-9999,233936.7,21.92,-1,0.9847095687652444,0.419333206958496,0.7739790330151771,0.5611915373811684,14,1.148148148148148,0.5185185185185185,N2 P1 O14,de-protonated,0,-9999,C27 H31 O14 N2 P1,27,31,14,2,1,-9999,-9999,N/A
2253,637.181115,637.1810996332649,637.180918244369,3862948.5,-9999,217129.2,21.71,-1,0.28467408668324173,0.49270155096431933,0.6629808336683964,0.5608132640459502,35,0.5531914893617021,0.06382978723404255,O3,de-protonated,0,-9999,C47 H26 O3,47,26,3,-9999,-9999,-9999,-9999,N/A
2253,637.181115,637.1810996332649,637.180779859939,3862948.5,-9999,217129.2,21.71,-1,0.5018565155269313,0.4776644216341556,0.7805128205128199,0.5988037811856213,8,1.4615384615384617,0.6153846153846154,S1 O16,de-protonated,0,-9999,C26 H38 O16 S1,26,38,16,-9999,-9999,1,-9999,N/A
2253,637.181115,637.1810996332649,637.181269117289,3862948.5,-9999,217129.2,21.71,-1,-0.26599027991183616,0.49362220304796783,0.7612342259156645,0.6006670121950466,12,1.3448275862068966,0.27586206896551724,N2 S2 P1 O8,de-protonated,0,-9999,C29 H39 O8 N2 P1 S2,29,39,8,2,1,2,-9999,N/A
2254,637.217492,637.2174766366458,637.2173037537191,3598795.8,-9999,236101.2,20.11,-1,0.271309215330943,0.4933662990528125,0.6582606959877568,0.5593240578267902,34,0.625,0.04166666666666666,O2,de-protonated,0,-9999,C48 H30 O2,48,30,2,-9999,-9999,-9999,-9999,N/A
2254,637.217492,637.2174766366458,637.2171653692891,3598795.8,-9999,236101.2,20.11,-1,0.4884792400160269,0.47881402742707624,0.7739790330151771,0.5968800296623167,7,1.5555555555555556,0.5555555555555556,S1 O15,de-protonated,0,-9999,C27 H42 O15 S1,27,42,15,-9999,-9999,1,-9999,N/A
2254,637.217492,637.2174766366458,637.217654626639,3598795.8,-9999,236101.2,20.11,-1,-0.27932370046177213,0.49297139895775505,0.7550179348240813,0.5977900133042855,11,1.4333333333333331,0.23333333333333336,N2 S2 P1 O7,de-protonated,0,-9999,C30 H43 O7 N2 P1 S2,30,43,7,2,1,2,-9999,N/A
2255,639.06636,639.0663448084786,639.066144028289,3664297.5,-9999,243406.5,18.94,-1,0.31417747817226443,0.49112454647320464,0.7805128205128198,0.6068798560890507,15,0.9230769230769232,0.6538461538461539,S1 O17,de-protonated,0,-9999,C26 H24 O17 S1,26,24,17,-9999,-9999,1,-9999,N/A
2255,639.06636,639.0663448084786,639.066633285639,3664297.5,-9999,243406.5,18.94,-1,-0.45140388406043097,0.4818510889363012,0.7612342259156646,0.5936043437280465,19,0.8620689655172413,0.3103448275862069,N2 S2 P1 O9,de-protonated,0,-9999,C29 H25 O9 N2 P1 S2,29,25,9,2,1,2,-9999,N/A
2255,639.06636,639.0663448084786,639.065763905769,3664297.5,-9999,243406.5,18.94,-1,0.90898737243177,0.4303869388813726,0.7675537279851021,0.5652536545228644,20,0.75,0.5,N2 P1 O14,de-protonated,0,-9999,C28 H21 O14 N2 P1,28,21,14,2,1,-9999,-9999,N/A
2256,639.087646,639.0876308104569,639.087411780779,2993600.8,-9999,279464.6,15.19,-1,0.3427225662926134,0.48945638710983536,0.677556331758097,0.5646963649691401,37,0.3636363636363637,0.13636363636363635,O6,de-protonated,0,-9999,C44 H16 O6,44,16,6,-9999,-9999,-9999,-9999,N/A
2256,639.087646,639.0876308104569,639.087273396349,2993600.8,-9999,279464.6,15.19,-1,0.5592571198287473,0.944828888573068,0,0.5668973331438408,10,1.2173913043478262,0.8260869565217391,S1 O19,de-protonated,0,-9999,C23 H28 O19 S1,23,28,19,-9999,-9999,1,-9999,N/A
2256,639.087646,639.0876308104569,639.0877626536991,2993600.8,-9999,279464.6,15.19,-1,-0.2062991187345276,0.992307406751374,0,0.5953844440508244,14,1.1153846153846154,0.4230769230769231,N2 S2 P1 O11,de-protonated,0,-9999,C26 H29 O11 N2 P1 S2,26,29,11,2,1,2,-9999,N/A
2257,639.102738,639.1027228118596,639.102529537639,4394449.5,-9999,265308.5,23.03,-1,0.30241504554512916,0.4917712819206227,0.7739790330151772,0.6046543823584445,14,1.037037037037037,0.5925925925925926,S1 O16,de-protonated,0,-9999,C27 H28 O16 S1,27,28,16,-9999,-9999,1,-9999,N/A
2257,639.102738,639.1027228118596,639.103018794989,4394449.5,-9999,265308.5,23.03,-1,-0.46312272148952943,0.4809149822512308,0.7550179348240813,0.5905561632803711,18,0.9666666666666668,0.26666666666666666,N2 S2 P1 O8,de-protonated,0,-9999,C30 H29 O8 N2 P1 S2,30,29,8,2,1,2,-9999,N/A
2257,639.102738,639.1027228118596,639.102149415119,4394449.5,-9999,265308.5,23.03,-1,0.8971910689560475,0.4320540297065836,0.7612342259156645,0.563726108190216,19,0.8620689655172413,0.4482758620689655,N2 P1 O13,de-protonated,0,-9999,C29 H25 O13 N2 P1,29,25,13,2,1,-9999,-9999,N/A
2258,639.124252,639.1242368138589,639.123797290129,3109352.8,-9999,209014.2,15.83,-1,0.6876973315675142,0.45888333382563634,0.672627141691601,0.5443808569720222,36,0.4444444444444444,0.1111111111111111,O5,de-protonated,0,-9999,C45 H20 O5,45,20,5,-9999,-9999,-9999,-9999,N/A
2258,639.124252,639.1242368138589,639.124799611729,3109352.8,-9999,209014.2,15.83,-1,-0.8805758600362841,0.4343758941747016,0.7253996187124169,0.5507853839897877,22,0.8285714285714286,0.22857142857142856,S1 P1 O8,de-protonated,0,-9999,C35 H29 O8 P1 S1,35,29,8,-9999,1,1,-9999,N/A
2258,639.124252,639.1242368138589,639.123658905699,3109352.8,-9999,209014.2,15.83,-1,0.9042196324186208,0.862125152082428,0,0.5172750912494568,9,1.3333333333333333,0.75,S1 O18,de-protonated,0,-9999,C24 H32 O18 S1,24,32,18,-9999,-9999,1,-9999,N/A
2258,639.124252,639.1242368138589,639.124148163049,3109352.8,-9999,209014.2,15.83,-1,0.13870671328240541,0.498257547467192,0.7739790330151771,0.6085461416863861,13,1.2222222222222223,0.3703703703703703,N2 S2 P1 O10,de-protonated,0,-9999,C27 H33 O10 N2 P1 S2,27,33,10,2,1,2,-9999,N/A
2259,639.139159,639.1391438152444,639.139053431419,2823673,-9999,238108.8,14.23,-1,0.14141496271223153,0.49818896498492427,0.6536072938689252,0.5603562965385247,40,0.40816326530612246,0.04081632653061224,O2,de-protonated,0,-9999,C49 H20 O2,49,20,2,-9999,-9999,-9999,-9999,N/A
2259,639.139159,639.1391438152444,639.138915046989,2823673,-9999,238108.8,14.23,-1,0.35793197693204576,0.4885108809886966,0.7675537279851021,0.6001280197872588,13,1.1428571428571428,0.5357142857142857,S1 O15,de-protonated,0,-9999,C28 H32 O15 S1,28,32,15,-9999,-9999,1,-9999,N/A
2259,639.139159,639.1391438152444,639.139404304339,2823673,-9999,238108.8,14.23,-1,-0.40756225137017654,0.4851548913343681,0.7489023467070351,0.590653873483435,17,1.064516129032258,0.2258064516129032,N2 S2 P1 O7,de-protonated,0,-9999,C31 H33 O7 N2 P1 S2,31,33,7,2,1,2,-9999,N/A
2259,639.139159,639.1391438152444,639.1385349244691,2823673,-9999,238108.8,14.23,-1,0.9526741731868302,0.4240822547833688,0.7550179348240813,0.55645652679965385,18,0.9666666666666668,0.4,N2 P1 O12,de-protonated,0,-9999,C30 H29 O12 N2 P1,30,29,12,2,1,-9999,-9999,N/A
2260,639.160398,639.1603828172184,639.1601827994791,3562000.3,-9999,237409.6,18.37,-1,0.3129383598753431,0.4911937991597566,0.6677691528855879,0.5618239406500891,35,0.5217391304347826,0.08695652173913043,O4,de-protonated,0,-9999,C46 H24 O4,46,24,4,-9999,-9999,-9999,-9999,N/A
2260,639.160398,639.1603828172184,639.1600444150491,3562000.3,-9999,237409.6,18.37,-1,0.5294482536070152,0.4752044952370473,0.7871578612348809,0.5999858416361807,8,1.44,0.68,S1 O17,de-protonated,0,-9999,C25 H36 O17 S1,25,36,17,-9999,-9999,1,-9999,N/A
2260,639.160398,639.1603828172184,639.160533672399,3562000.3,-9999,237409.6,18.37,-1,-0.2360208001005039,0.4949715820455352,0.7675537279851021,0.604004440421362,12,1.3214285714285714,0.32142857142857145,N2 S2 P1 O9,de-protonated,0,-9999,C28 H37 O9 N2 P1 S2,28,37,9,2,1,2,-9999,N/A
2261,639.175499,639.1754838186218,639.175438940769,2661920.8,-9999,283057,13.33,-1,0.07021210466039247,0.4995529525797557,0.649019221937925,0.5593394603230235,39,0.48,0.02,O1,de-protonated,0,-9999,C50 H24 O1,50,24,1,-9999,-9999,-9999,-9999,N/A
2261,639.175499,639.1754838186218,639.175300556339,2661920.8,-9999,283057,13.33,-1,0.28671677807916923,0.985194432984528,0,0.5911166597907167,12,1.2413793103448276,0.4827586206896552,S1 O14,de-protonated,0,-9999,C29 H36 O14 S1,29,36,14,-9999,-9999,1,-9999,N/A
2261,639.175499,639.1754838186218,639.175789813689,2661920.8,-9999,283057,13.33,-1,-0.4787338194404027,0.47963365182006,0.7428850341668535,0.5849342047587773,16,1.15625,0.1875,N2 S2 P1 O6,de-protonated,0,-9999,C32 H37 O6 N2 P1 S2,32,37,6,2,1,2,-9999,N/A
2261,639.175499,639.1754838186218,639.174920433819,2661920.8,-9999,283057,13.33,-1,0.8814250760161945,0.4342579748776648,0.7489023467070351,0.560115723609413,17,1.064516129032258,0.3548387096774194,N2 P1 O11,de-protonated,0,-9999,C31 H33 O11 N2 P1,31,33,11,2,1,-9999,-9999,N/A
2262,639.196844,639.1968288206058,639.196568308829,3390008,-9999,249432.2,17.41,-1,0.40756128819082016,0.48515496044818446,0.6629808336683964,0.5562853097362692,34,0.5957446808510638,0.06382978723404255,O3,de-protonated,0,-9999,C47 H28 O3,47,28,3,-9999,-9999,-9999,-9999,N/A
2262,639.196844,639.1968288206058,639.196429924399,3390008,-9999,249432.2,17.41,-1,0.6240588778355879,0.46588694684051646,0.7805128205128199,0.5917372963094378,7,1.5384615384615383,0.6153846153846154,S1 O16,de-protonated,0,-9999,C26 H40 O16 S1,26,40,16,-9999,-9999,1,-9999,N/A
2262,639.196844,639.1968288206058,639.196919181749,3390008,-9999,249432.2,17.41,-1,-0.14136667506968037,0.4981901993274128,0.7612342259156646,0.6034078099627135,11,1.4137931034482758,0.27586206896551724,N2 S2 P1 O8,de-protonated,0,-9999,C29 H41 O8 N2 P1 S2,29,41,8,2,1,2,-9999,N/A
2263,639.233126,639.2331108239777,639.232953818179,2486879.8,-9999,258119.5,12.35,-1,0.2456159334679366,0.494556701913748,0.6582606959877569,0.5600382995433516,33,0.6666666666666666,0.04166666666666666,O2,de-protonated,0,-9999,C48 H32 O2,48,32,2,-9999,-9999,-9999,-9999,N/A
2263,639.233126,639.2331108239777,639.232815433749,2486879.8,-9999,258119.5,12.35,-1,0.4621011648832814,0.961994932098312,0,0.5771969592589872,6,1.6296296296296295,0.5555555555555556,S1 O15,de-protonated,0,-9999,C27 H44 O15 S1,27,44,15,-9999,-9999,1,-9999,N/A
2263,639.233126,639.2331108239777,639.233304691099,2486879.8,-9999,258119.5,12.35,-1,-0.3032806956214058,0.983448996730207,0,0.5900693980381242,10,1.5,0.23333333333333336,N2 S2 P1 O7,de-protonated,0,-9999,C30 H45 O7 N2 P1 S2,30,45,7,2,1,2,-9999,N/A
2264,641.046272,641.0462569924906,641.046549289429,2617895.8,-9999,249862.1,13.07,-1,-0.4559683515853275,0.4814891134962325,0.719752637322661,0.5767945230268039,28,0.5277777777777778,0.2222222222222222,S1 P1 O8,de-protonated,0,-9999,C36 H19 O8 P1 S1,36,19,8,-9999,1,1,-9999,N/A
2264,641.046272,641.0462569924906,641.045897840749,2617895.8,-9999,249862.1,13.07,-1,0.5602590123216127,0.9446366173550496,0,0.5667819704130298,19,0.8214285714285714,0.35714285714285715,N2 S2 P1 O10,de-protonated,0,-9999,C28 H23 O10 N2 P1 S2,28,23,10,2,1,2,-9999,N/A
2264,641.046272,641.0462569924906,641.0467459939191,2617895.8,-9999,249862.1,13.07,-1,-0.7628171136457239,0.8997996362780472,0,0.5398797817668283,20,0.6923076923076923,0.5384615384615384,N4 S1 O14,de-protonated,0,-9999,C26 H18 O14 N4 S1,26,18,14,4,-9999,1,-9999,N/A
2265,641.082266,641.0822509958358,641.081794092749,5130831.5,-9999,249207.7,27.14,-1,0.7127063832611784,0.4559764519286735,0.7805128205128199,0.585790999362332,14,1,0.6538461538461539,S1 O17,de-protonated,0,-9999,C26 H26 O17 S1,26,26,17,-9999,-9999,1,-9999,N/A
2265,641.082266,641.0822509958358,641.082283350099,5130831.5,-9999,249207.7,27.14,-1,-0.05046819116077315,0.49976897501050455,0.7612342259156645,0.6043550753725686,18,0.9310344827586208,0.3103448275862069,N2 S2 P1 O9,de-protonated,0,-9999,C29 H27 O9 N2 P1 S2,29,27,9,2,1,2,-9999,N/A
2266,641.118709,641.1186939992227,641.118317986529,4484727.5,-9999,242769.6,23.52,-1,0.586495009156234,0.46974689730908137,0.6582606959877569,0.5451524167805516,40,0.375,0.0625,O3,de-protonated,0,-9999,C48 H18 O3,48,18,3,-9999,-9999,-9999,-9999,N/A
2266,641.118709,641.1186939992227,641.119320308129,4484727.5,-9999,242769.6,23.52,-1,-0.9768991300208908,0.4205005666627292,0.7087183895694522,0.5357876958254184,26,0.7105263157894737,0.15789473684210523,S1 P1 O6,de-protonated,0,-9999,C38 H27 O6 P1 S1,38,27,6,-9999,1,1,-9999,N/A
2266,641.118709,641.1186939992227,641.1181796020991,4484727.5,-9999,242769.6,23.52,-1,0.8023436864188466,0.44487775136651603,0.7739790330151772,0.5765182640259805,13,1.1111111111111112,0.5925925925925926,S1 O16,de-protonated,0,-9999,C27 H30 O16 S1,27,30,16,-9999,-9999,1,-9999,N/A
2266,641.118709,641.1186939992227,641.1186688594489,4484727.5,-9999,242769.6,23.52,-1,0.03921235651405586,0.4998605209002479,0.7550179348240813,0.6019234864697813,17,1.0333333333333334,0.26666666666666666,N2 S2 P1 O8,de-protonated,0,-9999,C30 H31 O8 N2 P1 S2,30,31,8,2,1,2,-9999,N/A
2267,641.13989,641.1398750011914,641.139447354589,2561167.3,-9999,229808.8,12.75,-1,0.6670102800969134,0.46122273637372063,0.672627141691601,0.54578449850087285,35,0.4888888888888889,0.1111111111111111,O5,de-protonated,0,-9999,C45 H22 O5,45,22,5,-9999,-9999,-9999,-9999,N/A
2267,641.13989,641.1398750011914,641.140449676189,2561167.3,-9999,229808.8,12.75,-1,-0.8963324616965369,0.43217477054848474,0.725399618712417,0.5494647098140577,21,0.8857142857142857,0.22857142857142856,S1 P1 O8,de-protonated,0,-9999,C35 H31 O8 P1 S1,35,31,8,-9999,1,1,-9999,N/A
2267,641.13989,641.1398750011914,641.139308970159,2561167.3,-9999,229808.8,12.75,-1,0.882851861412769,0.8681193450513052,0,0.5208716070307831,8,1.4166666666666667,0.75,S1 O18,de-protonated,0,-9999,C24 H34 O18 S1,24,34,18,-9999,-9999,1,-9999,N/A
2267,641.13989,641.1398750011914,641.139798227509,2561167.3,-9999,229808.8,12.75,-1,0.11974561960871524,0.9974015865882562,0,0.5984409519529537,12,1.2962962962962965,0.3703703703703703,N2 S2 P1 O10,de-protonated,0,-9999,C27 H35 O10 N2 P1 S2,27,35,10,2,1,2,-9999,N/A
2268,641.155109,641.1550940026058,641.1547034958791,4102816,-9999,278479.1,21.38,-1,0.6090678655053047,0.4674522613599149,0.6536072938689251,0.541914274363519,39,0.4489795918367347,0.04081632653061224,O2,de-protonated,0,-9999,C49 H22 O2,49,22,2,-9999,-9999,-9999,-9999,N/A
2268,641.155109,641.1550940026058,641.155705817479,4102816,-9999,278479.1,21.38,-1,-0.9542375863530016,0.4238529089630785,0.7033271719038788,0.5356426141393986,25,0.7948717948717948,0.1282051282051282,S1 P1 O5,de-protonated,0,-9999,C39 H31 O5 P1 S1,39,31,5,-9999,1,1,-9999,N/A
2268,641.155109,641.1550940026058,641.154565111449,4102816,-9999,278479.1,21.38,-1,0.8249042985862703,0.44192413926161395,0.7675537279851021,0.5721759747510092,12,1.2142857142857142,0.5357142857142857,S1 O15,de-protonated,0,-9999,C28 H34 O15 S1,28,34,15,-9999,-9999,1,-9999,N/A
2268,641.155109,641.1550940026058,641.155054368799,4102816,-9999,278479.1,21.38,-1,0.06181625876650862,0.49965343977703103,0.7489023467070353,0.5993530025490328,16,1.1290322580645162,0.2258064516129032,N2 S2 P1 O7,de-protonated,0,-9999,C31 H35 O7 N2 P1 S2,31,35,7,2,1,2,-9999,N/A
2269,641.191238,641.1912230059636,641.191089005229,2706119.8,-9999,299435.4,13.56,-1,0.20898720669213108,0.4960532146849088,0.649019221937925,0.5572396175861154,38,0.52,0.02,O1,de-protonated,0,-9999,C50 H26 O1,50,26,1,-9999,-9999,-9999,-9999,N/A
2269,641.191238,641.1912230059636,641.1909506207991,2706119.8,-9999,299435.4,13.56,-1,0.42481130505306675,0.9677852429819525,0,0.58067114578917145,11,1.3103448275862069,0.4827586206896552,S1 O14,de-protonated,0,-9999,C29 H38 O14 S1,29,38,14,-9999,-9999,1,-9999,N/A
2269,641.191238,641.1912230059636,641.191439878149,2706119.8,-9999,299435.4,13.56,-1,-0.33823312655954585,0.48972796805052776,0.7428850341668536,0.590990794497058,15,1.21875,0.1875,N2 S2 P1 O6,de-protonated,0,-9999,C32 H39 O6 N2 P1 S2,32,39,6,2,1,2,-9999,N/A
2270,641.227805,641.2277900093621,641.2273361301491,2621168,-9999,275882.1,13.09,-1,0.707828858027206,0.9131001346698449,0,0.5478600808019068,10,1.4,0.43333333333333335,S1 O13,de-protonated,0,-9999,C30 H42 O13 S1,30,42,13,-9999,-9999,1,-9999,N/A
2270,641.227805,641.2277900093621,641.227825387499,2621168,-9999,275882.1,13.09,-1,-0.05517249171841776,0.4997239110040382,0.7369636471990461,0.5946198054820413,14,1.303030303030303,0.15151515151515152,N2 S2 P1 O5,de-protonated,0,-9999,C33 H43 O5 N2 P1 S2,33,43,5,2,1,2,-9999,N/A
2271,643.061426,643.0614111797778,643.0610586478591,2952927.5,-9999,324447.5,14.93,-1,0.5482090914049266,0.9469288167136752,0,0.5681572900282051,14,0.96,0.72,S1 O18,de-protonated,0,-9999,C25 H24 O18 S1,25,24,18,-9999,-9999,1,-9999,N/A
2271,643.061426,643.0614111797778,643.0615479052091,2952927.5,-9999,324447.5,14.93,-1,-0.2126163999710376,0.49591551395998457,0.7675537279851021,0.6045707995700316,18,0.8928571428571429,0.35714285714285715,N2 S2 P1 O10,de-protonated,0,-9999,C28 H25 O10 N2 P1 S2,28,25,10,2,1,2,-9999,N/A
2272,643.09792,643.0979051831696,643.0975825416391,4566792,-9999,210138.9,23.97,-1,0.5016991810369757,0.4776781067463123,0.6629808336683964,0.551799197515146,40,0.3404255319148936,0.0851063829787234,O4,de-protonated,0,-9999,C47 H16 O4,47,16,4,-9999,-9999,-9999,-9999,N/A
2272,643.09792,643.0979051831696,643.097444157209,4566792,-9999,210138.9,23.97,-1,0.7168835217404816,0.4554826516587854,0.7805128205128199,0.5854947192003992,13,1.0769230769230769,0.6538461538461539,S1 O17,de-protonated,0,-9999,C26 H28 O17 S1,26,28,17,-9999,-9999,1,-9999,N/A
2272,643.09792,643.0979051831696,643.0979334145591,4566792,-9999,210138.9,23.97,-1,-0.04389905178004507,0.4998251932562053,0.7612342259156645,0.6043888063199889,17,1,0.3103448275862069,N2 S2 P1 O9,de-protonated,0,-9999,C29 H29 O9 N2 P1 S2,29,29,9,2,1,2,-9999,N/A
2273,643.134318,643.1343031865524,643.133968050989,5013296,-9999,264100.3,26.47,-1,0.5210975940951411,0.4759615300597048,0.6582606959877569,0.5488811964309257,39,0.4166666666666667,0.0625,O3,de-protonated,0,-9999,C48 H20 O3,48,20,3,-9999,-9999,-9999,-9999,N/A
2273,643.134318,643.1343031865524,643.1338296665591,5013296,-9999,264100.3,26.47,-1,0.7362697644937818,0.4531603360491741,0.7739790330151771,0.5814878148355753,12,1.1851851851851851,0.5925925925925926,S1 O16,de-protonated,0,-9999,C27 H32 O16 S1,27,32,16,-9999,-9999,1,-9999,N/A
2273,643.134318,643.1343031865524,643.134318923909,5013296,-9999,264100.3,26.47,-1,-0.02446978192783268,0.4999456799152855,0.7550179348240813,0.6019745818788038,16,1.1,0.26666666666666666,N2 S2 P1 O8,de-protonated,0,-9999,C30 H33 O8 N2 P1 S2,30,33,8,2,1,2,-9999,N/A
2274,643.170848,643.1708331899474,643.1703535603391,3658585.3,-9999,262922.5,18.88,-1,0.7457271711395481,0.4520093423011933,0.6536072938689251,0.532648522928286,38,0.4897959183673469,0.04081632653061224,O2,de-protonated,0,-9999,C49 H24 O2,49,24,2,-9999,-9999,-9999,-9999,N/A
2274,643.170848,643.1708331899474,643.1713558819389,3658585.3,-9999,262922.5,18.88,-1,-0.8126792132414741,0.4435323610517911,0.7033271719038787,0.5474502853926262,24,0.8461538461538461,0.1282051282051282,S1 P1 O5,de-protonated,0,-9999,C39 H33 O5 P1 S1,39,33,5,-9999,1,1,-9999,N/A
2274,643.170848,643.1708331899474,643.170215175909,3658585.3,-9999,262922.5,18.88,-1,0.9608872174748784,0.42287463169864314,0.7675537279851021,0.5607462702132268,11,1.2857142857142858,0.5357142857142857,S1 O15,de-protonated,0,-9999,C28 H36 O15 S1,28,36,15,-9999,-9999,1,-9999,N/A
2274,643.170848,643.1708331899474,643.170704433259,3658585.3,-9999,262922.5,18.88,-1,0.20019053663508,0.4963772961775447,0.7489023467070351,0.5973873163893408,15,1.1935483870967742,0.2258064516129032,N2 S2 P1 O7,de-protonated,0,-9999,C31 H37 O7 N2 P1 S2,31,37,7,2,1,2,-9999,N/A
2275,643.207019,643.2070041933091,643.206739069689,3716993.5,-9999,255616,19.21,-1,0.4121903643422739,0.484821025845008,0.6490192219379252,0.5505003042821749,37,0.56,0.02,O1,de-protonated,0,-9999,C50 H28 O1,50,28,1,-9999,-9999,-9999,-9999,N/A
2275,643.207019,643.2070041933091,643.206600685259,3716993.5,-9999,255616,19.21,-1,0.6273381673675122,0.4655401720014796,0.7612342259156646,0.5838177935671536,10,1.3793103448275863,0.4827586206896552,S1 O14,de-protonated,0,-9999,C29 H40 O14 S1,29,40,14,-9999,-9999,1,-9999,N/A
2275,643.207019,643.2070041933091,643.2070899426091,3716993.5,-9999,255616,19.21,-1,-0.13331522816920727,0.4983901579473415,0.7428850341668535,0.5961881084351462,14,1.28125,0.1875,N2 S2 P1 O6,de-protonated,0,-9999,C32 H41 O6 N2 P1 S2,32,41,6,2,1,2,-9999,N/A
2276,643.243493,643.243478196699,643.242986194609,2481065.8,-9999,270125.5,12.29,-1,0.7648775044370981,0.8992858745185703,0,0.5395715247111422,9,1.4666666666666666,0.43333333333333335,S1 O13,de-protonated,0,-9999,C30 H44 O13 S1,30,44,13,-9999,-9999,1,-9999,N/A
2276,643.243493,643.243478196699,643.243475451959,2481065.8,-9999,270125.5,12.29,-1,0.0042670313455247,0.4999983481341244,0.7369636471990461,0.5947844677600931,13,1.3636363636363635,0.15151515151515152,N2 S2 P1 O5,de-protonated,0,-9999,C33 H45 O5 N2 P1 S2,33,45,5,2,1,2,-9999,N/A
2277,645.077208,645.0771933671236,645.076847096749,4469674,-9999,206289.3,23.42,-1,0.5367893394086394,0.47453005994205,0.667769152885588,0.5518256971194653,40,0.30434782608695654,0.10869565217391304,O5,de-protonated,0,-9999,C46 H14 O5,46,14,5,-9999,-9999,-9999,-9999,N/A
2277,645.077208,645.0771933671236,645.076708712319,4469674,-9999,206289.3,23.42,-1,0.7513134454604017,0.4513239683151259,0.7871578612348809,0.5856575254830279,13,1.04,0.72,S1 O18,de-protonated,0,-9999,C25 H26 O18 S1,25,26,18,-9999,-9999,1,-9999,N/A
2277,645.077208,645.0771933671236,645.0771979696691,4469674,-9999,206289.3,23.42,-1,-0.00713487544422005,0.4999953815673087,0.7675537279851021,0.6070187201344261,17,0.9642857142857144,0.35714285714285715,N2 S2 P1 O10,de-protonated,0,-9999,C28 H27 O10 N2 P1 S2,28,27,10,2,1,2,-9999,N/A
2278,645.113551,645.1135363705013,645.113232606099,4767698,-9999,227512,25.08,-1,0.4708698983275603,0.48028399006409594,0.6629808336683964,0.5533627275058162,39,0.3829787234042553,0.0851063829787234,O4,de-protonated,0,-9999,C47 H18 O4,47,18,4,-9999,-9999,-9999,-9999,N/A
2278,645.113551,645.1135363705013,645.113094221669,4767698,-9999,227512,25.08,-1,0.6853818907031923,0.4591481293714256,0.7805128205128198,0.5876940058279833,12,1.1538461538461535,0.6538461538461539,S1 O17,de-protonated,0,-9999,C26 H30 O17 S1,26,30,17,-9999,-9999,1,-9999,N/A
2278,645.113551,645.1135363705013,645.113583479019,4767698,-9999,227512,25.08,-1,-0.07302360224002234,0.4995164512655548,0.7612342259156646,0.6042035611255987,16,1.0689655172413792,0.3103448275862069,N2 S2 P1 O9,de-protonated,0,-9999,C29 H31 O9 N2 P1 S2,29,31,9,2,1,2,-9999,N/A
2279,645.149872,645.1498573738769,645.149618115449,4808699,-9999,248694.7,25.31,-1,0.3708572727380736,0.48767662483170193,0.6582606959877569,0.5559102532941239,38,0.4583333333333333,0.0625,O3,de-protonated,0,-9999,C48 H22 O3,48,22,3,-9999,-9999,-9999,-9999,N/A
2279,645.149872,645.1498573738769,645.149479731019,4808699,-9999,248694.7,25.31,-1,0.5853571454909824,0.46986056403214127,0.7739790330151771,0.5915079516253556,11,1.2592592592592593,0.5925925925925926,S1 O16,de-protonated,0,-9999,C27 H34 O16 S1,27,34,16,-9999,-9999,1,-9999,N/A
2279,645.149872,645.1498573738769,645.149968988369,4808699,-9999,248694.7,25.31,-1,-0.1730054986429242,0.49729189892552694,0.7550179348240813,0.6003823132849487,15,1.1666666666666667,0.26666666666666666,N2 S2 P1 O8,de-protonated,0,-9999,C30 H35 O8 N2 P1 S2,30,35,8,2,1,2,-9999,N/A
2280,645.186393,645.1863783772711,645.186003624799,4213796,-9999,216861.6,21.98,-1,0.580844082181893,0.47030949042001,0.6536072938689251,0.543628611799576,37,0.5306122448979592,0.04081632653061224,O2,de-protonated,0,-9999,C49 H26 O2,49,26,2,-9999,-9999,-9999,-9999,N/A
2280,645.186393,645.1863783772711,645.1870059463989,4213796,-9999,216861.6,21.98,-1,-0.972693377294606,0.42112664850031817,0.7033271719038787,0.5340068578617424,23,0.8974358974358975,0.1282051282051282,S1 P1 O5,de-protonated,0,-9999,C39 H35 O5 P1 S1,39,35,5,-9999,1,1,-9999,N/A
2280,645.186393,645.1863783772711,645.185865240369,4213796,-9999,216861.6,21.98,-1,0.7953319031701249,0.44578296912445553,0.7675537279851021,0.5744912726687141,10,1.3571428571428572,0.5357142857142857,S1 O15,de-protonated,0,-9999,C28 H38 O15 S1,28,38,15,-9999,-9999,1,-9999,N/A
2280,645.186393,645.1863783772711,645.186354497719,4213796,-9999,216861.6,21.98,-1,0.03701186793393246,0.49987573412942926,0.7489023467070351,0.5994863791604716,14,1.2580645161290325,0.2258064516129032,N2 S2 P1 O7,de-protonated,0,-9999,C31 H39 O7 N2 P1 S2,31,39,7,2,1,2,-9999,N/A
2281,645.222738,645.2227233806491,645.222389134149,3481676.5,-9999,250545.7,17.88,-1,0.5180330157524852,0.4762366309685097,0.649019221937925,0.5453496673562759,36,0.6,0.02,O1,de-protonated,0,-9999,C50 H30 O1,50,30,1,-9999,-9999,-9999,-9999,N/A
2281,645.222738,645.2227233806491,645.222250749719,3481676.5,-9999,250545.7,17.88,-1,0.7325087278268032,0.4536147872603174,0.7612342259156646,0.5766625627224562,9,1.4482758620689655,0.4827586206896552,S1 O14,de-protonated,0,-9999,C29 H42 O14 S1,29,42,14,-9999,-9999,1,-9999,N/A
2281,645.222738,645.2227233806491,645.2227400070691,3481676.5,-9999,250545.7,17.88,-1,-0.02576849663718125,0.4999397612662679,0.7428850341668535,0.5971178704265021,13,1.34375,0.1875,N2 S2 P1 O6,de-protonated,0,-9999,C32 H43 O6 N2 P1 S2,32,43,6,2,1,2,-9999,N/A
2283,647.056615,647.0566005510885,647.056981031729,3116124.3,-9999,288982.9,15.82,-1,-0.5880172096973154,0.46959453529019174,0.6677691528855879,0.5488643823283502,39,0.34782608695652173,0.0217391304347826,S2 O1,de-protonated,0,-9999,C46 H16 O1 S2,46,16,1,-9999,-9999,2,-9999,N/A
2283,647.056615,647.0566005510885,647.0571139734591,3116124.3,-9999,288982.9,15.82,-1,-0.7934730326857558,0.44602192261801815,0.7253996187124169,0.5577730010557777,26,0.6,0.2571428571428571,S1 P1 O9,de-protonated,0,-9999,C35 H21 O9 P1 S1,35,21,9,-9999,1,1,-9999,N/A
2283,647.056615,647.0566005510885,647.0559732674291,3116124.3,-9999,288982.9,15.82,-1,0.969442653162404,0.8432186920894359,0,0.5059312152536615,13,1,0.7916666666666666,S1 O19,de-protonated,0,-9999,C24 H24 O19 S1,24,24,19,-9999,-9999,1,-9999,N/A
2283,647.056615,647.0566005510885,647.056462524779,3116124.3,-9999,288982.9,15.82,-1,0.21331416577735,0.49588877168788137,0.7739790330151772,0.6071248762187997,17,0.925925925925926,0.4074074074074074,N2 S2 P1 O11,de-protonated,0,-9999,C27 H25 O11 N2 P1 S2,27,25,11,2,1,2,-9999,N/A
2284,647.092853,647.0928385544565,647.092497161209,6445189,-9999,236673.4,34.47,-1,0.5275802902662016,0.47537477664476546,0.667769152885588,0.5523325271410945,39,0.34782608695652173,0.10869565217391304,O5,de-protonated,0,-9999,C46 H16 O5,46,16,5,-9999,-9999,-9999,-9999,N/A
2284,647.092853,647.0928385544565,647.0923587767791,6445189,-9999,236673.4,34.47,-1,0.7414361658919426,0.4525330276388873,0.7871578612348809,0.5863829610772847,12,1.12,0.72,S1 O18,de-protonated,0,-9999,C25 H28 O18 S1,25,28,18,-9999,-9999,1,-9999,N/A
2284,647.092853,647.0928385544565,647.0928480341291,6445189,-9999,236673.4,34.47,-1,-0.01464963278098222,0.4999805298698948,0.7675537279851021,0.6070098091159777,16,1.0357142857142858,0.35714285714285715,N2 S2 P1 O10,de-protonated,0,-9999,C28 H29 O10 N2 P1 S2,28,29,10,2,1,2,-9999,N/A
2285,647.129426,647.1294115578555,647.128882670559,5834926.5,-9999,260364.3,31.05,-1,0.8172827865228041,0.4429288905272231,0.6629808336683964,0.5309496677836925,38,0.425531914893617,0.0851063829787234,O4,de-protonated,0,-9999,C47 H20 O4,47,20,4,-9999,-9999,-9999,-9999,N/A
2285,647.129426,647.1294115578555,647.1298849921591,5834926.5,-9999,260364.3,31.05,-1,-0.731590851446596,0.4537254111163383,0.7141928963326545,0.5579124052028648,24,0.7837837837837838,0.1891891891891892,S1 P1 O7,de-protonated,0,-9999,C37 H29 O7 P1 S1,37,29,7,-9999,1,1,-9999,N/A
2285,647.129426,647.1294115578555,647.129233543479,5834926.5,-9999,260364.3,31.05,-1,0.2750831940121555,0.4931817354059054,0.7612342259156645,0.6004027316098091,15,1.137931034482759,0.3103448275862069,N2 S2 P1 O9,de-protonated,0,-9999,C29 H33 O9 N2 P1 S2,29,33,9,2,1,2,-9999,N/A
2286,647.165588,647.1655735612164,647.165268179909,5451991,-9999,291004.9,28.9,-1,0.4718753035737436,0.4802013957652803,0.6582606959877569,0.5514251158542709,37,0.5,0.0625,O3,de-protonated,0,-9999,C48 H24 O3,48,24,3,-9999,-9999,-9999,-9999,N/A
2286,647.165588,647.1655735612164,647.1651297954791,5451991,-9999,291004.9,28.9,-1,0.6857071200870415,0.4591109805958172,0.7739790330151771,0.5850582015635613,10,1.3333333333333333,0.5925925925925926,S1 O16,de-protonated,0,-9999,C27 H36 O16 S1,27,36,16,-9999,-9999,1,-9999,N/A
2286,647.165588,647.1655735612164,647.1656190528289,5451991,-9999,291004.9,28.9,-1,-0.07029361747417988,0.4995519144424361,0.7550179348240813,0.6017383225950942,14,1.2333333333333334,0.26666666666666666,N2 S2 P1 O8,de-protonated,0,-9999,C30 H37 O8 N2 P1 S2,30,37,8,2,1,2,-9999,N/A
2287,647.201962,647.201947564597,647.201653689259,4903168.5,-9999,269121.9,25.83,-1,0.45407074646208984,0.48164000828423725,0.6536072938689251,0.5504269225181124,36,0.5714285714285714,0.04081632653061224,O2,de-protonated,0,-9999,C49 H28 O2,49,28,2,-9999,-9999,-9999,-9999,N/A
2287,647.201962,647.201947564597,647.2015153048291,4903168.5,-9999,269121.9,25.83,-1,0.6678905375965087,0.4611244084267167,0.7675537279851021,0.5836961362500709,9,1.4285714285714286,0.5357142857142857,S1 O15,de-protonated,0,-9999,C28 H40 O15 S1,28,40,15,-9999,-9999,1,-9999,N/A
2287,647.201962,647.201947564597,647.202004562179,4903168.5,-9999,269121.9,25.83,-1,-0.08806768452916343,0.4992968444111305,0.7489023467070351,0.5991390453294924,13,1.3225806451612905,0.2258064516129032,N2 S2 P1 O7,de-protonated,0,-9999,C31 H41 O7 N2 P1 S2,31,41,7,2,1,2,-9999,N/A
2288,647.238414,647.2383995679849,647.2380391986089,3554601.5,-9999,220640.1,18.28,-1,0.556780278817022,0.47265145217074606,0.649019221937925,0.5431985600776177,35,0.64,0.02,O1,de-protonated,0,-9999,C50 H32 O1,50,32,1,-9999,-9999,-9999,-9999,N/A
2288,647.238414,647.2383995679849,647.239041520209,3554601.5,-9999,220640.1,18.28,-1,-0.9918317390010328,0.4182634705246113,0.6980173569463055,0.530165025093289,21,1.025,0.1,S1 P1 O4,de-protonated,0,-9999,C40 H41 O4 P1 S1,40,41,4,-9999,1,1,-9999,N/A
2288,647.238414,647.2383995679849,647.237900814179,3554601.5,-9999,220640.1,18.28,-1,0.7705880715158014,0.44892811924585146,0.7612342259156646,0.5738505619137767,8,1.5172413793103448,0.4827586206896552,S1 O14,de-protonated,0,-9999,C29 H44 O14 S1,29,44,14,-9999,-9999,1,-9999,N/A
2288,647.238414,647.2383995679849,647.2383900715289,3554601.5,-9999,220640.1,18.28,-1,0.01467226929837953,0.4999804696543464,0.7428850341668535,0.5971422954593493,12,1.40625,0.1875,N2 S2 P1 O6,de-protonated,0,-9999,C32 H45 O6 N2 P1 S2,32,45,6,2,1,2,-9999,N/A
2289,647.274919,647.2749045713775,647.2754270295588,2466131,-9999,287557.6,12.18,-1,-0.8071651718740124,0.44425176767033353,0.6927871148459346,0.543665906540574,20,1.0975609756097562,0.07317073170731707,S1 P1 O3,de-protonated,0,-9999,C41 H45 O3 P1 S1,41,45,3,-9999,1,1,-9999,N/A
2289,647.274919,647.2749045713775,647.274286323529,2466131,-9999,287557.6,12.18,-1,0.9551558922423165,0.8474361602967752,0,0.508461696178065,7,1.6,0.43333333333333335,S1 O13,de-protonated,0,-9999,C30 H48 O13 S1,30,48,13,-9999,-9999,1,-9999,N/A
2289,647.274919,647.2749045713775,647.274775580879,2466131,-9999,287557.6,12.18,-1,0.19928244292921568,0.4964099698615744,0.7369636471990461,0.5926314407965632,11,1.4848484848484849,0.15151515151515152,N2 S2 P1 O5,de-protonated,0,-9999,C33 H49 O5 N2 P1 S2,33,49,5,2,1,2,-9999,N/A
2291,649.072049,649.072034738402,649.072631096189,3584328.3,-9999,238626.2,18.43,-1,-0.9187843677775126,0.4289908199369348,0.667769152885588,0.524502153116396,38,0.391304347826087,0.0217391304347826,S2 O1,de-protonated,0,-9999,C46 H18 O1 S2,46,18,1,-9999,-9999,2,-9999,N/A
2291,649.072049,649.072034738402,649.071761716319,3584328.3,-9999,238626.2,18.43,-1,0.4206346648897888,0.4842027594213528,0.672627141691601,0.5595725123294522,39,0.3111111111111111,0.13333333333333333,O6,de-protonated,0,-9999,C45 H14 O6,45,14,6,-9999,-9999,-9999,-9999,N/A
2291,649.072049,649.072034738402,649.071623331889,3584328.3,-9999,238626.2,18.43,-1,0.6338383903691955,0.4648481941889413,0.7939170211058493,0.5964757249557044,12,1.0833333333333333,0.7916666666666666,S1 O19,de-protonated,0,-9999,C24 H26 O19 S1,24,26,19,-9999,-9999,1,-9999,N/A
2291,649.072049,649.072034738402,649.072112589239,3584328.3,-9999,238626.2,18.43,-1,-0.11994173773814636,0.49869653971119615,0.7739790330151772,0.6088095370327886,16,1,0.4074074074074074,N2 S2 P1 O11,de-protonated,0,-9999,C27 H27 O11 N2 P1 S2,27,27,11,2,1,2,-9999,N/A
2292,649.087102,649.087087739801,649.086879473179,2551129.3,-9999,285880.7,12.65,-1,0.32086093329823223,0.981492940643783,0,0.5888957643862698,16,0.9285714285714286,0.5714285714285714,S1 O16,de-protonated,0,-9999,C28 H26 O16 S1,28,26,16,-9999,-9999,1,-9999,N/A
2292,649.087102,649.087087739801,649.087368730529,2551129.3,-9999,285880.7,12.65,-1,-0.43290124188488793,0.4832837630199258,0.7489023467070351,0.5895311964947696,20,0.8709677419354839,0.25806451612903225,N2 S2 P1 O8,de-protonated,0,-9999,C31 H27 O8 N2 P1 S2,31,27,8,2,1,2,-9999,N/A
2292,649.087102,649.087087739801,649.086499350659,2551129.3,-9999,285880.7,12.65,-1,0.9064880298014932,0.8614828641022823,0,0.5168897184613693,21,0.7666666666666667,0.43333333333333335,N2 P1 O13,de-protonated,0,-9999,C30 H23 O13 N2 P1,30,23,13,2,1,-9999,-9999,N/A
2293,649.108545,649.1085307417939,649.108147225669,5437809.5,-9999,250734.2,28.81,-1,0.5908354817661463,0.46931153399590775,0.6677691528855879,0.5486945815517799,38,0.391304347826087,0.10869565217391304,O5,de-protonated,0,-9999,C46 H18 O5,46,18,5,-9999,-9999,-9999,-9999,N/A
2293,649.108545,649.1085307417939,649.109149547269,5437809.5,-9999,250734.2,28.81,-1,-0.9533149788036744,0.4239882819025946,0.719752637322661,0.5422940240706211,24,0.75,0.2222222222222222,S1 P1 O8,de-protonated,0,-9999,C36 H27 O8 P1 S1,36,27,8,-9999,1,1,-9999,N/A
2293,649.108545,649.1085307417939,649.108008841239,5437809.5,-9999,250734.2,28.81,-1,0.8040272924749778,0.4446594912974812,0.7871578612348809,0.5816588392724411,11,1.2,0.72,S1 O18,de-protonated,0,-9999,C25 H30 O18 S1,25,30,18,-9999,-9999,1,-9999,N/A
2293,649.108545,649.1085307417939,649.1084980985889,5437809.5,-9999,250734.2,28.81,-1,0.05028928909947169,0.49977060962924374,0.7675537279851021,0.6068838569715871,15,1.1071428571428572,0.35714285714285715,N2 S2 P1 O10,de-protonated,0,-9999,C28 H31 O10 N2 P1 S2,28,31,10,2,1,2,-9999,N/A
2294,649.145042,649.1450277451859,649.1445327350191,4879771,-9999,252554.3,25.69,-1,0.7625577076059075,0.4499321210673409,0.6629808336683964,0.5351516061077631,37,0.46808510638297873,0.0851063829787234,O4,de-protonated,0,-9999,C47 H22 O4,47,22,4,-9999,-9999,-9999,-9999,N/A
2294,649.145042,649.1450277451859,649.145535056619,4879771,-9999,252554.3,25.69,-1,-0.7815064661595117,0.4475498309736444,0.7141928963326545,0.5542070571172484,23,0.8378378378378378,0.1891891891891892,S1 P1 O7,de-protonated,0,-9999,C37 H31 O7 P1 S1,37,31,7,-9999,1,1,-9999,N/A
2294,649.145042,649.1450277451859,649.1443943505891,4879771,-9999,252554.3,25.69,-1,0.9757376052041784,0.42067365178072863,0.7805128205128198,0.5646093192735651,10,1.3076923076923077,0.6538461538461539,S1 O17,de-protonated,0,-9999,C26 H34 O17 S1,26,34,17,-9999,-9999,1,-9999,N/A
2294,649.145042,649.1450277451859,649.144883607939,4879771,-9999,252554.3,25.69,-1,0.22204172051639096,0.495547008402652,0.7612342259156646,0.601821895407857,14,1.206896551724138,0.3103448275862069,N2 S2 P1 O9,de-protonated,0,-9999,C29 H35 O9 N2 P1 S2,29,35,9,2,1,2,-9999,N/A
2295,649.181401,649.181386748565,649.180918244369,5255620.5,-9999,277245.6,27.79,-1,0.7216851002727702,0.45491213522666823,0.6582606959877568,0.5362515595311037,36,0.5416666666666666,0.0625,O3,de-protonated,0,-9999,C48 H26 O3,48,26,3,-9999,-9999,-9999,-9999,N/A
2295,649.181401,649.181386748565,649.1819205659689,5255620.5,-9999,277245.6,27.79,-1,-0.8222924682944025,0.4422692524141719,0.7087183895694522,0.5488489072762841,22,0.9210526315789472,0.15789473684210523,S1 P1 O6,de-protonated,0,-9999,C38 H35 O6 P1 S1,38,35,6,-9999,1,1,-9999,N/A
2295,649.181401,649.181386748565,649.180779859939,5255620.5,-9999,277245.6,27.79,-1,0.9348530407775312,0.4266785764053232,0.7739790330151771,0.5655987590492648,9,1.4074074074074074,0.5925925925925926,S1 O16,de-protonated,0,-9999,C27 H38 O16 S1,27,38,16,-9999,-9999,1,-9999,N/A
2295,649.181401,649.181386748565,649.1812691172889,5255620.5,-9999,277245.6,27.79,-1,0.18119943027884688,0.4970300819514349,0.7550179348240813,0.6002252231004934,13,1.3,0.26666666666666666,N2 S2 P1 O8,de-protonated,0,-9999,C30 H39 O8 N2 P1 S2,30,39,8,2,1,2,-9999,N/A
2296,649.217854,649.217839751953,649.2173037537191,4596206,-9999,233402.4,24.1,-1,0.8256068203771713,0.4418311711260214,0.6536072938689251,0.5265416202231828,35,0.6122448979591837,0.04081632653061224,O2,de-protonated,0,-9999,C49 H30 O2,49,30,2,-9999,-9999,-9999,-9999,N/A
2296,649.217854,649.217839751953,649.218306075319,4596206,-9999,233402.4,24.1,-1,-0.7182843762458528,0.455316523902602,0.7033271719038787,0.5545207831031127,21,1,0.1282051282051282,S1 P1 O5,de-protonated,0,-9999,C39 H39 O5 P1 S1,39,39,5,-9999,1,1,-9999,N/A
2296,649.217854,649.217839751953,649.217654626639,4596206,-9999,233402.4,24.1,-1,0.28515138582577143,0.4926772367883812,0.7489023467070353,0.5951672807558428,12,1.3870967741935485,0.2258064516129032,N2 S2 P1 O7,de-protonated,0,-9999,C31 H43 O7 N2 P1 S2,31,43,7,2,1,2,-9999,N/A
2297,649.254347,649.2543327553446,649.253689263069,3397143.5,-9999,283802.8,17.38,-1,0.9911260980521608,0.4183696782612082,0.649019221937925,0.5106294957318949,34,0.68,0.02,O1,de-protonated,0,-9999,C50 H34 O1,50,34,1,-9999,-9999,-9999,-9999,N/A
2297,649.254347,649.2543327553446,649.254691584669,3397143.5,-9999,283802.8,17.38,-1,-0.5526788315772443,0.4730418636307805,0.6980173569463056,0.5630320609569905,20,1.075,0.1,S1 P1 O4,de-protonated,0,-9999,C40 H43 O4 P1 S1,40,43,4,-9999,1,1,-9999,N/A
2297,649.254347,649.2543327553446,649.2540401359889,3397143.5,-9999,283802.8,17.38,-1,0.45070086226553224,0.4819065409623209,0.7428850341668535,0.5862979382441339,11,1.46875,0.1875,N2 S2 P1 O6,de-protonated,0,-9999,C32 H47 O6 N2 P1 S2,32,47,6,2,1,2,-9999,N/A
2297,649.254347,649.2543327553446,649.2548882891591,3397143.5,-9999,283802.8,17.38,-1,-0.8556482584629259,0.4378005128021129,0.7550179348240812,0.5646874816109002,12,1.4,0.3333333333333333,N4 S1 O10,de-protonated,0,-9999,C30 H42 O10 N4 S1,30,42,10,4,-9999,1,-9999,N/A
2298,651.06653,651.0665159237678,651.066144028289,2797100,-9999,254269.3,14.01,-1,0.5712099795142092,0.9425152024091088,0,0.5655091214454653,16,0.8888888888888888,0.6296296296296297,S1 O17,de-protonated,0,-9999,C27 H24 O17 S1,27,24,17,-9999,-9999,1,-9999,N/A
2298,651.06653,651.0665159237678,651.066633285639,2797100,-9999,254269.3,14.01,-1,-0.18026092132778335,0.49706067684557115,0.7550179348240812,0.6002435800369752,20,0.8333333333333334,0.3,N2 S2 P1 O9,de-protonated,0,-9999,C30 H25 O9 N2 P1 S2,30,25,9,2,1,2,-9999,N/A
2299,651.087948,651.0879339257584,651.088281160649,3393092.5,-9999,238975.2,17.35,-1,-0.5333146066611419,0.4748503263907695,0.667769152885588,0.5520178569886969,37,0.43478260869565216,0.0217391304347826,S2 O1,de-protonated,0,-9999,C46 H20 O1 S2,46,20,1,-9999,-9999,2,-9999,N/A
2299,651.087948,651.0879339257584,651.087411780779,3393092.5,-9999,238975.2,17.35,-1,0.8019583391811959,0.4449276578828657,0.672627141691601,0.5360074514063597,38,0.35555555555555557,0.13333333333333333,O6,de-protonated,0,-9999,C45 H16 O6,45,16,6,-9999,-9999,-9999,-9999,N/A
2299,651.087948,651.0879339257584,651.088414102379,3393092.5,-9999,238975.2,17.35,-1,-0.7374983338857776,0.4530114811192939,0.7253996187124169,0.5619667361565431,24,0.7142857142857143,0.2571428571428571,S1 P1 O9,de-protonated,0,-9999,C35 H25 O9 P1 S1,35,25,9,-9999,1,1,-9999,N/A
2299,651.087948,651.0879339257584,651.0877626536991,3393092.5,-9999,238975.2,17.35,-1,0.26305525791966294,0.49376129887837383,0.7739790330151771,0.6058483925330951,15,1.0740740740740742,0.4074074074074074,N2 S2 P1 O11,de-protonated,0,-9999,C27 H29 O11 N2 P1 S2,27,29,11,2,1,2,-9999,N/A
2300,651.103262,651.1032479271818,651.103670243669,2745942.3,-9999,225922.2,13.72,-1,-0.6486163517041218,0.4632524067869022,0.7033271719038788,0.5592823128336929,28,0.6410256410256411,0.15384615384615383,S1 P1 O6,de-protonated,0,-9999,C39 H25 O6 P1 S1,39,25,6,-9999,1,1,-9999,N/A
2300,651.103262,651.1032479271818,651.103018794989,2745942.3,-9999,225922.2,13.72,-1,0.35191388483421693,0.4888896891118007,0.7489023467070351,0.5928947521498945,19,0.935483870967742,0.25806451612903225,N2 S2 P1 O8,de-protonated,0,-9999,C31 H29 O8 N2 P1 S2,31,29,8,2,1,2,-9999,N/A
2300,651.103262,651.1032479271818,651.1038669481591,2745942.3,-9999,225922.2,13.72,-1,-0.9507253891735836,0.4243677795341542,0.7612342259156645,0.5591143580867584,20,0.8275862068965517,0.41379310344827586,N4 S1 O12,de-protonated,0,-9999,C29 H24 O12 N4 S1,29,24,12,4,-9999,1,-9999,N/A
2301,651.124355,651.1243409291421,651.123797290129,3869294.3,-9999,229650.4,20.01,-1,0.8349241962793424,0.44059254188972063,0.667769152885588,0.5314631862880677,37,0.43478260869565216,0.10869565217391304,O5,de-protonated,0,-9999,C46 H20 O5,46,20,5,-9999,-9999,-9999,-9999,N/A
2301,651.124355,651.1243409291421,651.124799611729,3869294.3,-9999,229650.4,20.01,-1,-0.7044465011454584,0.4569459525438423,0.719752637322661,0.5620686264553698,23,0.8055555555555556,0.2222222222222222,S1 P1 O8,de-protonated,0,-9999,C36 H29 O8 P1 S1,36,29,8,-9999,1,1,-9999,N/A
2301,651.124355,651.1243409291421,651.124148163049,3869294.3,-9999,229650.4,20.01,-1,0.2960512119048894,0.4921112401418784,0.7675537279851021,0.6022882352791679,14,1.1785714285714286,0.35714285714285715,N2 S2 P1 O10,de-protonated,0,-9999,C28 H33 O10 N2 P1 S2,28,33,10,2,1,2,-9999,N/A
2302,651.160814,651.1607999325306,651.1601827994791,3879576,-9999,249941.5,20.07,-1,0.9477438390635352,0.4248038583099077,0.6629808336683964,0.5200746484533032,36,0.5106382978723404,0.0851063829787234,O4,de-protonated,0,-9999,C47 H24 O4,47,24,4,-9999,-9999,-9999,-9999,N/A
2302,651.160814,651.1607999325306,651.161185121079,3879576,-9999,249941.5,20.07,-1,-0.591541015070382,0.4692405017583812,0.7141928963326545,0.5672214595880904,22,0.8918918918918919,0.1891891891891892,S1 P1 O7,de-protonated,0,-9999,C37 H33 O7 P1 S1,37,33,7,-9999,1,1,-9999,N/A
2302,651.160814,651.1607999325306,651.160533672399,3879576,-9999,249941.5,20.07,-1,0.4089009051840509,0.4850586866872912,0.7612342259156645,0.5955289023786405,13,1.2758620689655171,0.3103448275862069,N2 S2 P1 O9,de-protonated,0,-9999,C29 H37 O9 N2 P1 S2,29,37,9,2,1,2,-9999,N/A
2302,651.160814,651.1607999325306,651.161381825569,3879576,-9999,249941.5,20.07,-1,-0.8936233853395906,0.4325551945221366,0.7739790330151771,0.5691247299193528,14,1.1851851851851851,0.48148148148148145,N4 S1 O13,de-protonated,0,-9999,C27 H32 O13 N4 S1,27,32,13,4,-9999,1,-9999,N/A
2303,651.197149,651.1971349359076,651.196568308829,3766977.8,-9999,245128.6,19.44,-1,0.8701321630750048,0.4358193654005308,0.6582606959877568,0.5247958976354212,35,0.5833333333333334,0.0625,O3,de-protonated,0,-9999,C48 H28 O3,48,28,3,-9999,-9999,-9999,-9999,N/A
2303,651.197149,651.1971349359076,651.1975706304289,3766977.8,-9999,245128.6,19.44,-1,-0.6690665644241691,0.4609928724081351,0.7087183895694522,0.5600830792726619,21,0.9736842105263158,0.15789473684210523,S1 P1 O6,de-protonated,0,-9999,C38 H37 O6 P1 S1,38,37,6,-9999,1,1,-9999,N/A
2303,651.197149,651.1971349359076,651.196919181749,3766977.8,-9999,245128.6,19.44,-1,0.331319378589934,0.4901394865122524,0.7550179348240813,0.596090865836984,12,1.3666666666666667,0.26666666666666666,N2 S2 P1 O8,de-protonated,0,-9999,C30 H41 O8 N2 P1 S2,30,41,8,2,1,2,-9999,N/A
2303,651.197149,651.1971349359076,651.1977673349191,3766977.8,-9999,245128.6,19.44,-1,-0.9711320328492526,0.42135862399893736,0.7675537279851021,0.5598366655934033,13,1.2857142857142858,0.42857142857142855,N4 S1 O12,de-protonated,0,-9999,C28 H36 O12 N4 S1,28,36,12,4,-9999,1,-9999,N/A
2304,651.233862,651.2338479393197,651.2339561397789,3011307.8,-9999,231455.9,15.21,-1,-0.16614683273300235,0.4975018370550643,0.7033271719038787,0.57983197099459,20,1.051282051282051,0.1282051282051282,S1 P1 O5,de-protonated,0,-9999,C39 H41 O5 P1 S1,39,41,5,-9999,1,1,-9999,N/A
2304,651.233862,651.2338479393197,651.233304691099,3011307.8,-9999,231455.9,15.21,-1,0.8341837201076745,0.4406913596877585,0.7489023467070351,0.5639757544954691,11,1.4516129032258065,0.2258064516129032,N2 S2 P1 O7,de-protonated,0,-9999,C31 H45 O7 N2 P1 S2,31,45,7,2,1,2,-9999,N/A
2304,651.233862,651.2338479393197,651.234152844269,3011307.8,-9999,231455.9,15.21,-1,-0.4681955760017109,0.48050289750095726,0.7612342259156646,0.5927954288668402,12,1.3793103448275863,0.3793103448275862,N4 S1 O11,de-protonated,0,-9999,C29 H40 O11 N4 S1,29,40,11,4,-9999,1,-9999,N/A
2305,653.04597,653.045956107736,653.046549289429,2594573.8,-9999,320237.8,12.86,-1,-0.90832987890323,0.4304802604915311,0.7141928963326545,0.5439653148279804,29,0.5135135135135135,0.21621621621621623,S1 P1 O8,de-protonated,0,-9999,C37 H19 O8 P1 S1,37,19,8,-9999,1,1,-9999,N/A
2305,653.04597,653.045956107736,653.0454085833991,2594573.8,-9999,320237.8,12.86,-1,0.838416945697769,0.8802510929292804,0,0.5281506557575683,16,0.8461538461538461,0.6923076923076923,S1 O18,de-protonated,0,-9999,C26 H22 O18 S1,26,22,18,-9999,-9999,1,-9999,N/A
2305,653.04597,653.045956107736,653.045897840749,2594573.8,-9999,320237.8,12.86,-1,0.08922341768696396,0.9985565627431956,0,0.5991339376459173,20,0.7931034482758621,0.3448275862068966,N2 S2 P1 O10,de-protonated,0,-9999,C29 H23 O10 N2 P1 S2,29,23,10,2,1,2,-9999,N/A
2306,653.082447,653.0824331111262,653.082934798779,4893496,-9999,270961.1,25.74,-1,-0.7681836808991283,0.44922959726386685,0.7087183895694522,0.553025114186101,28,0.6052631578947368,0.18421052631578944,S1 P1 O7,de-protonated,0,-9999,C38 H23 O7 P1 S1,38,23,7,-9999,1,1,-9999,N/A
2306,653.082447,653.0824331111262,653.081794092749,4893496,-9999,270961.1,25.74,-1,0.9784660711847806,0.4202668550629132,0.7739790330151771,0.5617517262438187,15,0.9629629629629628,0.6296296296296297,S1 O17,de-protonated,0,-9999,C27 H26 O17 S1,27,26,17,-9999,-9999,1,-9999,N/A
2306,653.082447,653.0824331111262,653.082283350099,4893496,-9999,270961.1,25.74,-1,0.2293141782865189,0.4952519488420637,0.7550179348240813,0.5991583432348708,19,0.9,0.3,N2 S2 P1 O9,de-protonated,0,-9999,C30 H27 O9 N2 P1 S2,30,27,9,2,1,2,-9999,N/A
2307,653.103432,653.1034181130765,653.103931225109,3682128.5,-9999,254693.6,18.95,-1,-0.7856514223906017,0.4470226350891362,0.667769152885588,0.5353212422077169,36,0.4782608695652174,0.0217391304347826,S2 O1,de-protonated,0,-9999,C46 H22 O1 S2,46,22,1,-9999,-9999,2,-9999,N/A
2307,653.103432,653.1034181130765,653.103061845239,3682128.5,-9999,254693.6,18.95,-1,0.545500179466145,0.473719006180914,0.672627141691601,0.5532822603851888,37,0.4,0.13333333333333333,O6,de-protonated,0,-9999,C45 H18 O6,45,18,6,-9999,-9999,-9999,-9999,N/A
2307,653.103432,653.1034181130765,653.1040641668391,3682128.5,-9999,254693.6,18.95,-1,-0.9892049338324588,0.4186585906888751,0.725399618712417,0.5413550018982919,23,0.7714285714285715,0.2571428571428571,S1 P1 O9,de-protonated,0,-9999,C35 H27 O9 P1 S1,35,27,9,-9999,1,1,-9999,N/A
2307,653.103432,653.1034181130765,653.1029234608089,3682128.5,-9999,254693.6,18.95,-1,0.7573879242907308,0.45057408534696697,0.7939170211058493,0.5879112596505199,10,1.25,0.7916666666666666,S1 O19,de-protonated,0,-9999,C24 H30 O19 S1,24,30,19,-9999,-9999,1,-9999,N/A
2307,653.103432,653.1034181130765,653.103412718159,3682128.5,-9999,254693.6,18.95,-1,0.00826043376103117,0.4999938094840043,0.7739790330151771,0.6095878988964734,14,1.148148148148148,0.4074074074074074,N2 S2 P1 O11,de-protonated,0,-9999,C27 H31 O11 N2 P1 S2,27,31,11,2,1,2,-9999,N/A
2308,653.118765,653.1187511145016,653.119320308129,4239202,-9999,263910.7,22.07,-1,-0.8715002139304174,0.4356309895576315,0.7033271719038788,0.5427094624961304,27,0.6923076923076923,0.15384615384615383,S1 P1 O6,de-protonated,0,-9999,C39 H27 O6 P1 S1,39,27,6,-9999,1,1,-9999,N/A
2308,653.118765,653.1187511145016,653.1181796020991,4239202,-9999,263910.7,22.07,-1,0.8750520508834175,0.4351409142716808,0.7675537279851021,0.5681060397570493,14,1.0714285714285714,0.5714285714285714,S1 O16,de-protonated,0,-9999,C28 H30 O16 S1,28,30,16,-9999,-9999,1,-9999,N/A
2308,653.118765,653.1187511145016,653.1186688594489,4239202,-9999,263910.7,22.07,-1,0.1259419713614214,0.4985630554784381,0.7489023467070351,0.5986987719698769,18,1,0.25806451612903225,N2 S2 P1 O8,de-protonated,0,-9999,C31 H31 O8 N2 P1 S2,31,31,8,2,1,2,-9999,N/A
2309,653.139789,653.1397751164554,653.139447354589,3158906.3,-9999,277785.2,16.02,-1,0.5018252499202461,0.4776671414584801,0.6677691528855879,0.5537079460293233,36,0.4782608695652174,0.10869565217391304,O5,de-protonated,0,-9999,C46 H22 O5,46,22,5,-9999,-9999,-9999,-9999,N/A
2309,653.139789,653.1397751164554,653.139308970159,3158906.3,-9999,277785.2,16.02,-1,0.713701181336832,0.45585906522577047,0.7871578612348809,0.5883785836294146,9,1.36,0.72,S1 O18,de-protonated,0,-9999,C25 H34 O18 S1,25,34,18,-9999,-9999,1,-9999,N/A
2309,653.139789,653.1397751164554,653.139798227509,3158906.3,-9999,277785.2,16.02,-1,-0.03538454344358692,0.49988642004466033,0.7675537279851021,0.606953343220837,13,1.25,0.35714285714285715,N2 S2 P1 O10,de-protonated,0,-9999,C28 H35 O10 N2 P1 S2,28,35,10,2,1,2,-9999,N/A
2310,653.155171,653.1551571178851,653.1547034958791,3211147.8,-9999,249865,16.32,-1,0.6945092848701427,0.45810003078274814,0.6490192219379252,0.534467707244819,40,0.44,0.04,O2,de-protonated,0,-9999,C50 H22 O2,50,22,2,-9999,-9999,-9999,-9999,N/A
2310,653.155171,653.1551571178851,653.155705817479,3211147.8,-9999,249865,16.32,-1,-0.8400747157087318,0.4399033872959612,0.6980173569463055,0.543148975156099,26,0.775,0.125,S1 P1 O5,de-protonated,0,-9999,C40 H31 O5 P1 S1,40,31,5,-9999,1,1,-9999,N/A
2310,653.155171,653.1551571178851,653.154565111449,3211147.8,-9999,249865,16.32,-1,0.9063803083657562,0.43075669528532,0.7612342259156646,0.5629477075374578,13,1.1724137931034482,0.5172413793103449,S1 O15,de-protonated,0,-9999,C29 H34 O15 S1,29,34,15,-9999,-9999,1,-9999,N/A
2310,653.155171,653.1551571178851,653.155054368799,3211147.8,-9999,249865,16.32,-1,0.1573119359340847,0.49775987378477105,0.7428850341668536,0.5958099379376041,17,1.09375,0.21875,N2 S2 P1 O7,de-protonated,0,-9999,C32 H35 O7 N2 P1 S2,32,35,7,2,1,2,-9999,N/A
2311,653.176303,653.176289119849,653.175832863939,3738532,-9999,259280,19.27,-1,0.6985192761438653,0.4576359457946329,0.6629808336683964,0.5397739009441382,35,0.5531914893617021,0.0851063829787234,O4,de-protonated,0,-9999,C47 H26 O4,47,26,4,-9999,-9999,-9999,-9999,N/A
2311,653.176303,653.176289119849,653.1768351855391,3738532,-9999,259280,19.27,-1,-0.8360150890905922,0.4404468411017925,0.7141928963326545,0.5499452631941373,21,0.945945945945946,0.1891891891891892,S1 P1 O7,de-protonated,0,-9999,C37 H35 O7 P1 S1,37,35,7,-9999,1,1,-9999,N/A
2311,653.176303,653.176289119849,653.175694479509,3738532,-9999,259280,19.27,-1,0.9103834465681826,0.43018862982699374,0.7805128205128198,0.5703183061013242,8,1.4615384615384617,0.6538461538461539,S1 O17,de-protonated,0,-9999,C26 H38 O17 S1,26,38,17,-9999,-9999,1,-9999,N/A
2311,653.176303,653.176289119849,653.176183736859,3738532,-9999,259280,19.27,-1,0.16133930266299348,0.4976439800556751,0.7612342259156645,0.6030800783996708,12,1.3448275862068966,0.3103448275862069,N2 S2 P1 O9,de-protonated,0,-9999,C29 H39 O9 N2 P1 S2,29,39,9,2,1,2,-9999,N/A
2312,653.212973,653.2129591232572,653.213220694889,3413966.5,-9999,261722,17.45,-1,-0.4004383614426925,0.485661870310271,0.7087183895694522,0.5748844780139435,20,1.0263157894736843,0.15789473684210523,S1 P1 O6,de-protonated,0,-9999,C38 H39 O6 P1 S1,38,39,6,-9999,1,1,-9999,N/A
2312,653.212973,653.2129591232572,653.212569246209,3413966.5,-9999,261722,17.45,-1,0.5968609095017661,0.4687025211734616,0.7550179348240813,0.5832286866337095,11,1.4333333333333331,0.26666666666666666,N2 S2 P1 O8,de-protonated,0,-9999,C30 H43 O8 N2 P1 S2,30,43,8,2,1,2,-9999,N/A
2312,653.212973,653.2129591232572,653.2134173993791,3413966.5,-9999,261722,17.45,-1,-0.7015718135649894,0.45728119541937945,0.7675537279851021,0.5813902084456686,12,1.3571428571428572,0.42857142857142855,N4 S1 O12,de-protonated,0,-9999,C28 H38 O12 N4 S1,28,38,12,4,-9999,1,-9999,N/A
2313,655.061677,655.0616632950747,655.062199353889,3232808.5,-9999,237021.3,16.42,-1,-0.8183326939542312,0.4427908990069586,0.7141928963326544,0.5513516979372369,28,0.5675675675675675,0.21621621621621623,S1 P1 O8,de-protonated,0,-9999,C37 H21 O8 P1 S1,37,21,8,-9999,1,1,-9999,N/A
2313,655.061677,655.0616632950747,655.0610586478591,3232808.5,-9999,237021.3,16.42,-1,0.9230394748909546,0.4283812105317481,0.7805128205128198,0.5692338545241767,15,0.9230769230769232,0.6923076923076923,S1 O18,de-protonated,0,-9999,C26 H24 O18 S1,26,24,18,-9999,-9999,1,-9999,N/A
2313,655.061677,655.0616632950747,655.0615479052091,3232808.5,-9999,237021.3,16.42,-1,0.17615118153430168,0.4971928026724635,0.7612342259156645,0.6028093719697439,19,0.8620689655172413,0.3448275862068966,N2 S2 P1 O10,de-protonated,0,-9999,C29 H25 O10 N2 P1 S2,29,25,10,2,1,2,-9999,N/A
2314,655.098166,655.098152298466,655.098584863239,4892755,-9999,232150.5,25.72,-1,-0.6603048503824248,0.4619681819150499,0.7087183895694522,0.5606682649768109,27,0.6578947368421053,0.18421052631578944,S1 P1 O7,de-protonated,0,-9999,C38 H25 O7 P1 S1,38,25,7,-9999,1,1,-9999,N/A
2314,655.098166,655.098152298466,655.0979334145591,4892755,-9999,232150.5,25.72,-1,0.3341239465392564,0.4899735365996452,0.7550179348240812,0.5959912958894196,18,0.9666666666666668,0.3,N2 S2 P1 O9,de-protonated,0,-9999,C30 H29 O9 N2 P1 S2,30,29,9,2,1,2,-9999,N/A
2314,655.098166,655.098152298466,655.098781567729,4892755,-9999,232150.5,25.72,-1,-0.960571566880888,0.4229211717697272,0.7675537279851021,0.5607741942558772,19,0.8571428571428571,0.4642857142857143,N4 S1 O13,de-protonated,0,-9999,C28 H24 O13 N4 S1,28,24,13,4,-9999,1,-9999,N/A
2315,655.134516,655.1345023018442,655.133968050989,3737724.8,-9999,245986.7,19.25,-1,0.8154833687565233,0.443165079488985,0.6536072938689251,0.527341965240961,40,0.40816326530612246,0.06122448979591836,O3,de-protonated,0,-9999,C49 H20 O3,49,20,3,-9999,-9999,-9999,-9999,N/A
2315,655.134516,655.1345023018442,655.134970372589,3737724.8,-9999,245986.7,19.25,-1,-0.7144646003358424,0.4557688908689663,0.7033271719038788,0.5547922032829313,26,0.7435897435897436,0.15384615384615383,S1 P1 O6,de-protonated,0,-9999,C39 H29 O6 P1 S1,39,29,6,-9999,1,1,-9999,N/A
2315,655.134516,655.1345023018442,655.134318923909,3737724.8,-9999,245986.7,19.25,-1,0.27990891331666373,0.4929421258382883,0.7489023467070351,0.595326214185787,17,1.064516129032258,0.25806451612903225,N2 S2 P1 O8,de-protonated,0,-9999,C31 H33 O8 N2 P1 S2,31,33,8,2,1,2,-9999,N/A
2316,655.170772,655.170758305214,655.1703535603391,3192998.8,-9999,232783.4,16.2,-1,0.6177704359086216,0.4665475597539792,0.6490192219379252,0.5395362246275577,39,0.48,0.04,O2,de-protonated,0,-9999,C50 H24 O2,50,24,2,-9999,-9999,-9999,-9999,N/A
2316,655.170772,655.170758305214,655.1713558819389,3192998.8,-9999,232783.4,16.2,-1,-0.9120922633761588,0.4299456068640529,0.6980173569463056,0.537174306896954,25,0.825,0.125,S1 P1 O5,de-protonated,0,-9999,C40 H33 O5 P1 S1,40,33,5,-9999,1,1,-9999,N/A
2316,655.170772,655.170758305214,655.170215175909,3192998.8,-9999,232783.4,16.2,-1,0.8289896158806197,0.4413826762414304,0.7612342259156645,0.5693232961111241,12,1.2413793103448276,0.5172413793103449,S1 O15,de-protonated,0,-9999,C29 H36 O15 S1,29,36,15,-9999,-9999,1,-9999,N/A
2316,655.170772,655.170758305214,655.170704433259,3192998.8,-9999,232783.4,16.2,-1,0.08222583014766972,0.49938698090973455,0.7428850341668534,0.596786202212582,16,1.15625,0.21875,N2 S2 P1 O7,de-protonated,0,-9999,C32 H37 O7 N2 P1 S2,32,37,7,2,1,2,-9999,N/A
2317,655.207392,655.2073783086174,655.206739069689,2698449.5,-9999,229128,13.43,-1,0.975629355324555,0.4206897758194442,0.6444951140065156,0.5102119110942728,38,0.5490196078431373,0.0196078431372549,O1,de-protonated,0,-9999,C51 H28 O1,51,28,1,-9999,-9999,-9999,-9999,N/A
2317,655.207392,655.2073783086174,655.207741391289,2698449.5,-9999,229128,13.43,-1,-0.5541489342181593,0.47290222132915755,0.6927871148459346,0.5608561787358683,24,0.902439024390244,0.0975609756097561,S1 P1 O4,de-protonated,0,-9999,C41 H37 O4 P1 S1,41,37,4,-9999,1,1,-9999,N/A
2317,655.207392,655.2073783086174,655.2070899426091,2698449.5,-9999,229128,13.43,-1,0.44011429788989515,0.48273187721749217,0.7369636471990462,0.5844245852101138,15,1.2424242424242424,0.18181818181818185,N2 S2 P1 O6,de-protonated,0,-9999,C33 H41 O6 N2 P1 S2,33,41,6,2,1,2,-9999,N/A
2317,655.207392,655.2073783086174,655.207938095779,2698449.5,-9999,229128,13.43,-1,-0.8543656586621735,0.4379747766611139,0.7489023467070351,0.5623458046794825,16,1.1612903225806452,0.3225806451612903,N4 S1 O10,de-protonated,0,-9999,C31 H36 O10 N4 S1,31,36,10,4,-9999,1,-9999,N/A
2318,657.077486,657.077472482423,657.0778494183489,3998033,-9999,202032.9,20.7,-1,-0.5736548968678543,0.4710183135303763,0.7141928963326545,0.5682881466512876,27,0.6216216216216216,0.21621621621621623,S1 P1 O8,de-protonated,0,-9999,C37 H23 O8 P1 S1,37,23,8,-9999,1,1,-9999,N/A
2318,657.077486,657.077472482423,657.0771979696691,3998033,-9999,202032.9,20.7,-1,0.4177785422144464,0.484413190756232,0.7612342259156645,0.595141604820005,18,0.9310344827586208,0.3448275862068966,N2 S2 P1 O10,de-protonated,0,-9999,C29 H27 O10 N2 P1 S2,29,27,10,2,1,2,-9999,N/A
2318,657.077486,657.077472482423,657.078046122839,3998033,-9999,202032.9,20.7,-1,-0.873017169648513,0.43542185946270445,0.7739790330151772,0.5708447288836935,19,0.8148148148148148,0.5185185185185185,N4 S1 O14,de-protonated,0,-9999,C27 H22 O14 N4 S1,27,22,14,4,-9999,1,-9999,N/A
2319,657.113907,657.1138934858079,657.1142349276989,4014459.5,-9999,199917.2,20.79,-1,-0.5196081181337924,0.4760954200759854,0.7087183895694522,0.5691446078733722,26,0.7105263157894737,0.18421052631578944,S1 P1 O7,de-protonated,0,-9999,C38 H27 O7 P1 S1,38,27,7,-9999,1,1,-9999,N/A
2319,657.113907,657.1138934858079,657.113583479019,4014459.5,-9999,199917.2,20.79,-1,0.4717704773275817,0.4802100148307633,0.7550179348240813,0.5901331828280905,17,1.0333333333333334,0.3,N2 S2 P1 O9,de-protonated,0,-9999,C30 H31 O9 N2 P1 S2,30,31,9,2,1,2,-9999,N/A
2319,657.113907,657.1138934858079,657.114431632189,4014459.5,-9999,199917.2,20.79,-1,-0.8189538309105804,0.4427091985469352,0.7675537279851021,0.572647010322202,18,0.9285714285714286,0.4642857142857143,N4 S1 O13,de-protonated,0,-9999,C28 H26 O13 N4 S1,28,26,13,4,-9999,1,-9999,N/A
2320,657.150057,657.1500434891676,657.149618115449,4326821.5,-9999,278741.6,22.54,-1,0.6473011729337192,0.46339569181751294,0.6536072938689251,0.5394803326380778,39,0.4489795918367347,0.06122448979591836,O3,de-protonated,0,-9999,C49 H22 O3,49,22,3,-9999,-9999,-9999,-9999,N/A
2320,657.150057,657.1500434891676,657.150620437049,4326821.5,-9999,278741.6,22.54,-1,-0.877953795499044,0.4347394694216817,0.7033271719038788,0.5421745504145605,25,0.7948717948717948,0.15384615384615383,S1 P1 O6,de-protonated,0,-9999,C39 H31 O6 P1 S1,39,31,6,-9999,1,1,-9999,N/A
2320,657.150057,657.1500434891676,657.149479731019,4326821.5,-9999,278741.6,22.54,-1,0.8578841891769691,0.4374962633404954,0.7675537279851021,0.5695192491983381,12,1.2142857142857142,0.5714285714285714,S1 O16,de-protonated,0,-9999,C28 H34 O16 S1,28,34,16,-9999,-9999,1,-9999,N/A
2320,657.150057,657.1500434891676,657.149968988369,4326821.5,-9999,278741.6,22.54,-1,0.11336955360000853,0.4988353098686407,0.7489023467070351,0.5988621246039985,16,1.1290322580645162,0.25806451612903225,N2 S2 P1 O8,de-protonated,0,-9999,C31 H35 O8 N2 P1 S2,31,35,8,2,1,2,-9999,N/A
2321,657.186529,657.1865154925573,657.186003624799,3531216.3,-9999,255164.6,18.08,-1,0.7788780580659005,0.44788301276791503,0.6490192219379252,0.5283374964359191,38,0.52,0.04,O2,de-protonated,0,-9999,C50 H26 O2,50,26,2,-9999,-9999,-9999,-9999,N/A
2321,657.186529,657.1865154925573,657.1870059463989,3531216.3,-9999,255164.6,18.08,-1,-0.7462926643155153,0.45194014805836735,0.6980173569463055,0.5503710316135426,24,0.875,0.125,S1 P1 O5,de-protonated,0,-9999,C40 H35 O5 P1 S1,40,35,5,-9999,1,1,-9999,N/A
2321,657.186529,657.1865154925573,657.185865240369,3531216.3,-9999,255164.6,18.08,-1,0.9894494429541282,0.41862184048277695,0.7612342259156646,0.5556667946559319,11,1.3103448275862069,0.5172413793103449,S1 O15,de-protonated,0,-9999,C29 H38 O15 S1,29,38,15,-9999,-9999,1,-9999,N/A
2321,657.186529,657.1865154925573,657.186354497719,3531216.3,-9999,255164.6,18.08,-1,0.24497592992145295,0.4945848782818647,0.7428850341668535,0.5939049406358602,15,1.21875,0.21875,N2 S2 P1 O7,de-protonated,0,-9999,C32 H39 O7 N2 P1 S2,32,39,7,2,1,2,-9999,N/A
2322,657.222907,657.2228934959383,657.222389134149,2809338.8,-9999,254113,14.04,-1,0.7674141927882344,0.4493259242925827,0.6444951140065156,0.5273936001781558,37,0.5882352941176471,0.0196078431372549,O1,de-protonated,0,-9999,C51 H30 O1,51,30,1,-9999,-9999,-9999,-9999,N/A
2322,657.222907,657.2228934959383,657.2233914557489,2809338.8,-9999,254113,14.04,-1,-0.7576720748936365,0.45053889030481575,0.6927871148459346,0.5474381801212633,23,0.951219512195122,0.0975609756097561,S1 P1 O4,de-protonated,0,-9999,C41 H39 O4 P1 S1,41,39,4,-9999,1,1,-9999,N/A
2322,657.222907,657.2228934959383,657.222250749719,2809338.8,-9999,254113,14.04,-1,0.9779739174907252,0.4203402868651512,0.7550179348240812,0.5542113460487232,10,1.4,0.4666666666666667,S1 O14,de-protonated,0,-9999,C30 H42 O14 S1,30,42,14,-9999,-9999,1,-9999,N/A
2322,657.222907,657.2228934959383,657.2227400070691,2809338.8,-9999,254113,14.04,-1,0.2335416287601295,0.495076145481406,0.7369636471990461,0.591831146168462,14,1.303030303030303,0.18181818181818185,N2 S2 P1 O6,de-protonated,0,-9999,C33 H43 O6 N2 P1 S2,33,43,6,2,1,2,-9999,N/A
2323,659.05624,659.0562266663272,659.0559732674291,3884636,-9999,355227.2,20.05,-1,0.38448767395353806,0.4867664304743458,0.7871578612348809,0.6069230027785598,14,0.96,0.76,S1 O19,de-protonated,0,-9999,C25 H24 O19 S1,25,24,19,-9999,-9999,1,-9999,N/A
2323,659.05624,659.0562266663272,659.056462524779,3884636,-9999,355227.2,20.05,-1,-0.357872906494707,0.9274191339644358,0.8128313910102251,0.8815840367827514,18,0.8928571428571429,0.3928571428571429,N2 S2 P1 O11,de-protonated,0,-9999,C28 H25 O11 N2 P1 S2,28,25,11,2,1,2,-9999,N/A
2323,659.05624,659.0562266663272,659.055593144909,3884636,-9999,355227.2,20.05,-1,0.9612564171884816,0.4228201833524415,0.7739790330151771,0.5632837232175357,19,0.7777777777777778,0.5925925925925926,N2 P1 O16,de-protonated,0,-9999,C27 H21 O16 N2 P1,27,21,16,2,1,-9999,-9999,N/A
2324,659.060887,659.0608736667591,659.060485276779,10235490,-9999,213428.6,55.62,-1,0.5893085517842733,0.3129766732657198,0.6913706598733611,0.4643342679087763,22,0.7575757575757576,0.2727272727272727,S2 P1 O9,de-protonated,0,-9999,C33 H25 O9 P1 S2,33,25,9,-9999,1,2,-9999,N/A
2324,659.060887,659.0608736667591,659.0613334299491,10235490,-9999,213428.6,55.62,-1,-0.6976030403099246,0.4577421777320155,0.7489023467070351,0.5742062453220234,23,0.6451612903225806,0.41935483870967744,N2 S1 O13,de-protonated,0,-9999,C31 H20 O13 N2 S1,31,20,13,2,-9999,1,-9999,N/A
2324,659.060887,659.0608736667591,659.060953307429,10235490,-9999,213428.6,55.62,-1,-0.1208396120632714,0.4986769774045354,0.7369636471990461,0.5939916453223397,28,0.5151515151515151,0.30303030303030304,N4 P1 O10,de-protonated,0,-9999,C33 H17 O10 N4 P1,33,17,10,4,1,-9999,-9999,N/A
2324,659.060887,659.0608736667591,659.060681981269,10235490,-9999,213428.6,55.62,-1,0.29084649615576996,0.32825604876354103,0.7472474090586231,0.4958525928815739,14,1.0434782608695652,0.6521739130434783,N4 S2 O15,de-protonated,0,-9999,C23 H24 O15 N4 S2,23,24,15,4,-9999,2,-9999,N/A
2325,659.09321,659.0931966697632,659.093499482809,6055559.5,-9999,263274.2,32.21,-1,-0.4594386775403739,0.4812116539639031,0.7141928963326545,0.5744041509114036,26,0.6756756756756757,0.21621621621621623,S1 P1 O8,de-protonated,0,-9999,C37 H25 O8 P1 S1,37,25,8,-9999,1,1,-9999,N/A
2325,659.09321,659.0931966697632,659.0928480341291,6055559.5,-9999,263274.2,32.21,-1,0.5289628541629451,0.47524879570101064,0.7612342259156645,0.5896429677868722,17,1,0.3448275862068966,N2 S2 P1 O10,de-protonated,0,-9999,C29 H29 O10 N2 P1 S2,29,29,10,2,1,2,-9999,N/A
2325,659.09321,659.0931966697632,659.0936961872991,6055559.5,-9999,263274.2,32.21,-1,-0.7578854702897798,0.4505124521679125,0.7739790330151771,0.5798990845068184,18,0.8888888888888888,0.5185185185185185,N4 S1 O14,de-protonated,0,-9999,C27 H24 O14 N4 S1,27,24,14,4,-9999,1,-9999,N/A
2326,659.129421,659.1294076731286,659.128882670559,5658290,-9999,241337,29.98,-1,0.7965097318471683,0.4456313390274755,0.6582606959877568,0.530683081811588,39,0.4166666666666667,0.08333333333333333,O4,de-protonated,0,-9999,C48 H20 O4,48,20,4,-9999,-9999,-9999,-9999,N/A
2326,659.129421,659.1294076731286,659.129884992159,5658290,-9999,241337,29.98,-1,-0.7241653598056403,0.4546162245960113,0.7087183895694522,0.5562570905853876,25,0.7631578947368421,0.18421052631578944,S1 P1 O7,de-protonated,0,-9999,C38 H29 O7 P1 S1,38,29,7,-9999,1,1,-9999,N/A
2326,659.129421,659.1294076731286,659.129233543479,5658290,-9999,241337,29.98,-1,0.26418134830088574,0.4937081093319408,0.7550179348240813,0.598232039528797,16,1.1,0.3,N2 S2 P1 O9,de-protonated,0,-9999,C30 H33 O9 N2 P1 S2,30,33,9,2,1,2,-9999,N/A
2327,659.165729,659.1657156765032,659.165268179909,5000924.5,-9999,249061.6,26.3,-1,0.6788837575674183,0.4598872980246635,0.6536072938689251,0.5373752963623681,38,0.4897959183673469,0.06122448979591836,O3,de-protonated,0,-9999,C49 H24 O3,49,24,3,-9999,-9999,-9999,-9999,N/A
2327,659.165729,659.1657156765032,659.1662705015088,5000924.5,-9999,249061.6,26.3,-1,-0.8417072148684515,0.4396842957543167,0.7033271719038787,0.5451414462141415,24,0.8461538461538461,0.15384615384615383,S1 P1 O6,de-protonated,0,-9999,C39 H33 O6 P1 S1,39,33,6,-9999,1,1,-9999,N/A
2327,659.165729,659.1657156765032,659.1651297954791,5000924.5,-9999,249061.6,26.3,-1,0.8888228421453833,0.4332273029883696,0.7675537279851021,0.5669578729870626,11,1.2857142857142858,0.5714285714285714,S1 O16,de-protonated,0,-9999,C28 H36 O16 S1,28,36,16,-9999,-9999,1,-9999,N/A
2327,659.165729,659.1657156765032,659.1656190528289,5000924.5,-9999,249061.6,26.3,-1,0.14658482098297904,0.49805439132401214,0.7489023467070351,0.5983935734772213,15,1.1935483870967742,0.25806451612903225,N2 S2 P1 O8,de-protonated,0,-9999,C31 H37 O8 N2 P1 S2,31,37,8,2,1,2,-9999,N/A
2328,659.202224,659.202210679895,659.201653689259,4774663.5,-9999,265183.8,25.03,-1,0.8449472673452202,0.43924852543351733,0.6490192219379252,0.5231568040352805,37,0.56,0.04,O2,de-protonated,0,-9999,C50 H28 O2,50,28,2,-9999,-9999,-9999,-9999,N/A
2328,659.202224,659.202210679895,659.202656010859,4774663.5,-9999,265183.8,25.03,-1,-0.6755600268563273,0.4602631089881055,0.6980173569463055,0.5553648081713856,23,0.925,0.125,S1 P1 O5,de-protonated,0,-9999,C40 H37 O5 P1 S1,40,37,5,-9999,1,1,-9999,N/A
2328,659.202224,659.202210679895,659.202004562179,4774663.5,-9999,265183.8,25.03,-1,0.31267762312780206,0.4912083377805867,0.7428850341668535,0.5918790163350933,14,1.28125,0.21875,N2 S2 P1 O7,de-protonated,0,-9999,C32 H41 O7 N2 P1 S2,32,41,7,2,1,2,-9999,N/A
2328,659.202224,659.202210679895,659.2028527153491,4774663.5,-9999,265183.8,25.03,-1,-0.9739573357061876,0.4209386776838885,0.7550179348240812,0.5545703805399655,15,1.2,0.36666666666666664,N4 S1 O11,de-protonated,0,-9999,C30 H36 O11 N4 S1,30,36,11,4,-9999,1,-9999,N/A
2329,659.238693,659.2386796832843,659.2380391986089,3770162.3,-9999,267658.3,19.41,-1,0.971552970707336,0.4212961076120657,0.6444951140065156,0.5105757101698456,36,0.6274509803921569,0.0196078431372549,O1,de-protonated,0,-9999,C51 H32 O1,51,32,1,-9999,-9999,-9999,-9999,N/A
2329,659.238693,659.2386796832843,659.239041520209,3770162.3,-9999,267658.3,19.41,-1,-0.5488705945043074,0.4734020660844053,0.6927871148459346,0.561156085589017,22,1,0.0975609756097561,S1 P1 O4,de-protonated,0,-9999,C41 H41 O4 P1 S1,41,41,4,-9999,1,1,-9999,N/A
2329,659.238693,659.2386796832843,659.2383900715289,3770162.3,-9999,267658.3,19.41,-1,0.4393126367969245,0.4827936330746737,0.7369636471990461,0.5844616387244226,13,1.3636363636363635,0.18181818181818185,N2 S2 P1 O6,de-protonated,0,-9999,C33 H45 O6 N2 P1 S2,33,45,6,2,1,2,-9999,N/A
2329,659.238693,659.2386796832843,659.2392382246991,3770162.3,-9999,267658.3,19.41,-1,-0.8472514716597798,0.43893786719846817,0.7489023467070351,0.5629236590018949,14,1.2903225806451613,0.3225806451612903,N4 S1 O10,de-protonated,0,-9999,C31 H40 O10 N4 S1,31,40,10,4,-9999,1,-9999,N/A
2330,660.06039,660.0603767596524,660.060605154149,2808568,-9999,313954.8,14.02,-1,-0.3460204939261041,0.4892547006734284,0.7253996187124169,0.5837126678890239,27,0.5428571428571428,0.3142857142857143,N1 S1 O11,de-protonated,0,-9999,C35 H19 O11 N1 S1,35,19,11,1,-9999,1,-9999,N/A
2330,660.06039,660.0603767596524,660.060738095879,2808568,-9999,313954.8,14.02,-1,-0.5474287526769929,0.9470757279570846,0,0.5682454367742508,14,1,0.7916666666666666,N1 P1 O19,de-protonated,0,-9999,C24 H24 O19 N1 P1,24,24,19,1,1,-9999,-9999,N/A
2330,660.06039,660.0603767596524,660.059817359849,2808568,-9999,313954.8,14.02,-1,0.8474986488378241,0.8778090100378345,0.8128313910102251,0.8518179624267908,18,0.925925925925926,0.4074074074074074,13C1 N2 S2 P1 O11,de-protonated,1,2323,C27 H25 O11 N2 P1 S2 13C1,27,25,11,2,1,2,1,N/A
2330,660.06039,660.0603767596524,660.060225031629,2808568,-9999,313954.8,14.02,-1,0.22986996891662947,0.4952290154617637,0.7141928963326544,0.58281456781012,32,0.43243243243243246,0.21621621621621623,N3 P1 O8,de-protonated,0,-9999,C37 H16 O8 N3 P1,37,16,8,3,1,-9999,-9999,N/A
2330,660.06039,660.0603767596524,660.059953705469,2808568,-9999,313954.8,14.02,-1,0.6409329653589354,0.9281719939282934,0,0.556903196356976,18,0.8518518518518519,0.48148148148148145,N3 S2 O13,de-protonated,0,-9999,C27 H23 O13 N3 S2,27,23,13,3,-9999,2,-9999,N/A
2331,661.057935,661.0579218523637,661.057374954899,4123535,-9999,225238.3,21.37,-1,0.8273071073818707,0.4416059174299968,0.6825582999861977,0.5379868704524772,35,0.4186046511627907,0.09302325581395347,S2 O4,de-protonated,0,-9999,C43 H18 O4 S2,43,18,4,-9999,-9999,2,-9999,N/A
2331,661.057935,661.0579218523637,661.0575078966291,4123535,-9999,225238.3,21.37,-1,0.6262023041846371,0.4656604625419855,0.7428850341668535,0.5765502911919327,22,0.71875,0.375,S1 P1 O12,de-protonated,0,-9999,C32 H23 O12 P1 S1,32,23,12,-9999,1,1,-9999,N/A
2331,661.057935,661.0579218523637,661.058356049799,4123535,-9999,225238.3,21.37,-1,-0.6568216426543823,0.4623529096815024,0.7550179348240813,0.579418919738534,23,0.6,0.5333333333333333,N2 O16,de-protonated,0,-9999,C30 H18 O16 N2,30,18,16,2,-9999,-9999,-9999,N/A
2331,661.057935,661.0579218523637,661.0577046011191,4123535,-9999,225238.3,21.37,-1,0.32864187668169953,0.490296664373194,0.8077896627745538,0.617293863733738,14,1,0.8181818181818182,N4 S1 O18,de-protonated,0,-9999,C22 H22 O18 N4 S1,22,22,18,4,-9999,1,-9999,N/A
2332,661.072264,661.0722508536954,661.072631096189,3019679.8,-9999,300810.5,15.19,-1,-0.5751901918699655,0.4708675919514209,0.6629808336683964,0.5477128886382112,39,0.3829787234042553,0.02127659574468085,S2 O1,de-protonated,0,-9999,C47 H18 O1 S2,47,18,1,-9999,-9999,2,-9999,N/A
2332,661.072264,661.0722508536954,661.071761716319,3019679.8,-9999,300810.5,15.19,-1,0.7399157017268991,0.45271800870390594,0.6677691528855879,0.5387384663765787,40,0.30434782608695654,0.13043478260869565,O6,de-protonated,0,-9999,C46 H14 O6,46,14,6,-9999,-9999,-9999,-9999,N/A
2332,661.072264,661.0722508536954,661.072764037919,3019679.8,-9999,300810.5,15.19,-1,-0.7762900719575416,0.448210215029632,0.719752637322661,0.5568271839468437,26,0.6388888888888888,0.25,S1 P1 O9,de-protonated,0,-9999,C36 H23 O9 P1 S1,36,23,9,-9999,1,1,-9999,N/A
2332,661.072264,661.0722508536954,661.071623331889,3019679.8,-9999,300810.5,15.19,-1,0.949249346519233,0.8491675587859506,0,0.5095005352715704,13,1.04,0.76,S1 O19,de-protonated,0,-9999,C25 H26 O19 S1,25,26,19,-9999,-9999,1,-9999,N/A
2332,661.072264,661.0722508536954,661.072112589239,3019679.8,-9999,300810.5,15.19,-1,0.20915185158897664,0.49604701815721103,0.7675537279851021,0.6046497020883674,17,0.9642857142857144,0.3928571428571429,N2 S2 P1 O11,de-protonated,0,-9999,C28 H27 O11 N2 P1 S2,28,27,11,2,1,2,-9999,N/A
2333,661.108755,661.1087418570869,661.108147225669,4216779,-9999,244263,21.9,-1,0.8994465132835626,0.431736470412321,0.6629808336683964,0.5242342157147513,39,0.3829787234042553,0.10638297872340426,O5,de-protonated,0,-9999,C47 H18 O5,47,18,5,-9999,-9999,-9999,-9999,N/A
2333,661.108755,661.1087418570869,661.109149547269,4216779,-9999,244263,21.9,-1,-0.6166760547483556,0.46666193811211915,0.7141928963326545,0.5656743214003332,25,0.7297297297297297,0.21621621621621623,S1 P1 O8,de-protonated,0,-9999,C37 H27 O8 P1 S1,37,27,8,-9999,1,1,-9999,N/A
2333,661.108755,661.1087418570869,661.1084980985889,4216779,-9999,244263,21.9,-1,0.3687117903641412,0.4878170522705735,0.7612342259156645,0.5971839217286099,16,1.0689655172413792,0.3448275862068966,N2 S2 P1 O10,de-protonated,0,-9999,C29 H31 O10 N2 P1 S2,29,31,10,2,1,2,-9999,N/A
2333,661.108755,661.1087418570869,661.109346251759,4216779,-9999,244263,21.9,-1,-0.9142128689239616,0.42964357831912314,0.7739790330151771,0.5673777601975447,17,0.9629629629629628,0.5185185185185185,N4 S1 O14,de-protonated,0,-9999,C27 H26 O14 N4 S1,27,26,14,4,-9999,1,-9999,N/A
2334,661.145085,661.1450718604634,661.1445327350191,4175861.5,-9999,197680.1,21.67,-1,0.8154426417225678,0.4431704206911782,0.6582606959877568,0.5292065308098096,38,0.4583333333333333,0.08333333333333333,O4,de-protonated,0,-9999,C48 H22 O4,48,22,4,-9999,-9999,-9999,-9999,N/A
2334,661.145085,661.1450718604634,661.145535056619,4175861.5,-9999,197680.1,21.67,-1,-0.7005963604353829,0.45739469586704173,0.7087183895694522,0.5579241733480059,24,0.8157894736842105,0.18421052631578944,S1 P1 O7,de-protonated,0,-9999,C38 H31 O7 P1 S1,38,31,7,-9999,1,1,-9999,N/A
2334,661.145085,661.1450718604634,661.144883607939,4175861.5,-9999,197680.1,21.67,-1,0.2847371718887959,0.4926983395975084,0.7550179348240813,0.5976261776881375,15,1.1666666666666667,0.3,N2 S2 P1 O9,de-protonated,0,-9999,C30 H35 O9 N2 P1 S2,30,35,9,2,1,2,-9999,N/A
2334,661.145085,661.1450718604634,661.145731761109,4175861.5,-9999,197680.1,21.67,-1,-0.9981167749951184,0.4173153562570015,0.7675537279851021,0.5574107049482417,16,1.0714285714285714,0.4642857142857143,N4 S1 O13,de-protonated,0,-9999,C28 H30 O13 N4 S1,28,30,13,4,-9999,1,-9999,N/A
2335,661.181587,661.1815738638559,661.180918244369,4358176.5,-9999,246333.4,20.91,-1,0.9915886390780198,0.418300065575492,0.6536072938689251,0.5124229568928652,37,0.5306122448979592,0.06122448979591836,O3,de-protonated,0,-9999,C49 H26 O3,49,26,3,-9999,-9999,-9999,-9999,N/A
2335,661.181587,661.1815738638559,661.1819205659689,4358176.5,-9999,246333.4,20.91,-1,-0.5243672009506597,0.475666411887552,0.7033271719038788,0.5667307158940827,23,0.8974358974358975,0.15384615384615383,S1 P1 O6,de-protonated,0,-9999,C39 H35 O6 P1 S1,39,35,6,-9999,1,1,-9999,N/A
2335,661.181587,661.1815738638559,661.1812691172889,4358176.5,-9999,246333.4,20.91,-1,0.46091228105499216,0.4810932487991283,0.7489023467070351,0.5882168879622911,14,1.2580645161290325,0.25806451612903225,N2 S2 P1 O8,de-protonated,0,-9999,C31 H39 O8 N2 P1 S2,31,39,8,2,1,2,-9999,N/A
2335,661.181587,661.1815738638559,661.1821172704591,4358176.5,-9999,246333.4,20.91,-1,-0.8218712954389605,0.44232482662518446,0.7612342259156645,0.5698885863413765,15,1.1724137931034482,0.41379310344827586,N4 S1 O12,de-protonated,0,-9999,C29 H34 O12 N4 S1,29,34,12,4,-9999,1,-9999,N/A
2336,661.217906,661.2178928672313,661.2173037537191,4173899.8,-9999,239896.8,19.96,-1,0.8909529573125182,0.43292939053144086,0.6490192219379252,0.5193653230940346,36,0.6,0.04,O2,de-protonated,0,-9999,C50 H30 O2,50,30,2,-9999,-9999,-9999,-9999,N/A
2336,661.217906,661.2178928672313,661.2183060753189,4173899.8,-9999,239896.8,19.96,-1,-0.6249193100021448,0.4657961096862102,0.6980173569463056,0.5586846085902484,22,0.975,0.125,S1 P1 O5,de-protonated,0,-9999,C40 H39 O5 P1 S1,40,39,5,-9999,1,1,-9999,N/A
2336,661.217906,661.2178928672313,661.217654626639,4173899.8,-9999,239896.8,19.96,-1,0.3603058547695688,0.48835977296165406,0.7428850341668535,0.5901698774437338,13,1.34375,0.21875,N2 S2 P1 O7,de-protonated,0,-9999,C32 H43 O7 N2 P1 S2,32,43,7,2,1,2,-9999,N/A
2336,661.217906,661.2178928672313,661.218502779809,4173899.8,-9999,239896.8,19.96,-1,-0.9224070033602532,0.4284719450770568,0.7550179348240812,0.5590903409758665,14,1.2666666666666666,0.36666666666666664,N4 S1 O11,de-protonated,0,-9999,C30 H38 O11 N4 S1,30,38,11,4,-9999,1,-9999,N/A
2337,661.254221,661.2542078706065,661.253689263069,2923638.5,-9999,315186.1,13.51,-1,0.7842792349377149,0.44719740317871054,0.6444951140065156,0.5261164875098325,35,0.6666666666666666,0.0196078431372549,O1,de-protonated,0,-9999,C51 H34 O1,51,34,1,-9999,-9999,-9999,-9999,N/A
2337,661.254221,661.2542078706065,661.254691584669,2923638.5,-9999,315186.1,13.51,-1,-0.7315094602234927,0.4537352151162983,0.6927871148459346,0.5493559750081527,21,1.048780487804878,0.0975609756097561,S1 P1 O4,de-protonated,0,-9999,C41 H43 O4 P1 S1,41,43,4,-9999,1,1,-9999,N/A
2337,661.254221,661.2542078706065,661.2535508786391,2923638.5,-9999,315186.1,13.51,-1,0.9935552958715376,0.41800384956924663,0.7550179348240812,0.5528094836711805,8,1.5333333333333334,0.4666666666666667,S1 O14,de-protonated,0,-9999,C30 H46 O14 S1,30,46,14,-9999,-9999,1,-9999,N/A
2337,661.254221,661.2542078706065,661.2540401359889,2923638.5,-9999,315186.1,13.51,-1,0.253661387859167,0.49419636888225904,0.7369636471990462,0.5913032802089739,12,1.4242424242424243,0.18181818181818185,N2 S2 P1 O6,de-protonated,0,-9999,C33 H47 O6 N2 P1 S2,33,47,6,2,1,2,-9999,N/A
2338,663.088124,663.0881110410484,663.088281160649,4443375.5,-9999,240820.2,21.34,-1,-0.25655648796478925,0.4940639303269733,0.6629808336683964,0.5616306916635425,38,0.425531914893617,0.02127659574468085,S2 O1,de-protonated,0,-9999,C47 H20 O1 S2,47,20,1,-9999,-9999,2,-9999,N/A
2338,663.088124,663.0881110410484,663.088414102379,4443375.5,-9999,240820.2,21.34,-1,-0.45704513036833166,0.4814032308840469,0.719752637322661,0.5767429934594925,25,0.6944444444444444,0.25,S1 P1 O9,de-protonated,0,-9999,C36 H25 O9 P1 S1,36,25,9,-9999,1,1,-9999,N/A
2338,663.088124,663.0881110410484,663.0877626536991,4443375.5,-9999,240820.2,21.34,-1,0.5254015665779037,0.4755727028971218,0.7675537279851021,0.592365112932314,16,1.0357142857142858,0.3928571428571429,N2 S2 P1 O11,de-protonated,0,-9999,C28 H29 O11 N2 P1 S2,28,29,11,2,1,2,-9999,N/A
2338,663.088124,663.0881110410484,663.088610806869,4443375.5,-9999,240820.2,21.34,-1,-0.7536938691639335,0.4510306805445352,0.7805128205128198,0.582823536531849,17,0.9230769230769232,0.5769230769230769,N4 S1 O15,de-protonated,0,-9999,C26 H24 O15 N4 S1,26,24,15,4,-9999,1,-9999,N/A
2339,663.124688,663.1246750444466,663.124799611729,5074203,-9999,248863.6,24.6,-1,-0.18784892757469185,0.4968088173663977,0.7141928963326545,0.5837624489529003,24,0.7837837837837838,0.21621621621621623,S1 P1 O8,de-protonated,0,-9999,C37 H29 O8 P1 S1,37,29,8,-9999,1,1,-9999,N/A
2339,663.124688,663.1246750444466,663.124148163049,5074203,-9999,248863.6,24.6,-1,0.7945441273161634,0.4458842885169642,0.7612342259156646,0.5720242634764443,15,1.137931034482759,0.3448275862068966,N2 S2 P1 O10,de-protonated,0,-9999,C29 H33 O10 N2 P1 S2,29,33,10,2,1,2,-9999,N/A
2339,663.124688,663.1246750444466,663.124996316219,5074203,-9999,248863.6,24.6,-1,-0.48448146917758206,0.4791520822669792,0.7739790330151771,0.5970828625662583,16,1.037037037037037,0.5185185185185185,N4 S1 O14,de-protonated,0,-9999,C27 H28 O14 N4 S1,27,28,14,4,-9999,1,-9999,N/A
2340,663.160949,663.1609360478167,663.1611851210789,4702534,-9999,250209.3,22.68,-1,-0.3755848017456457,0.4873644649775087,0.7087183895694522,0.5759060348142861,23,0.868421052631579,0.18421052631578944,S1 P1 O7,de-protonated,0,-9999,C38 H33 O7 P1 S1,38,33,7,-9999,1,1,-9999,N/A
2340,663.160949,663.1609360478167,663.160533672399,4702534,-9999,250209.3,22.68,-1,0.6067541677709491,0.4676909207716534,0.7550179348240812,0.5826217263926246,14,1.2333333333333334,0.3,N2 S2 P1 O9,de-protonated,0,-9999,C30 H37 O9 N2 P1 S2,30,37,9,2,1,2,-9999,N/A
2340,663.160949,663.1609360478167,663.161381825569,4702534,-9999,250209.3,22.68,-1,-0.6722010125711182,0.46064134522176525,0.7675537279851021,0.5834062983271,15,1.1428571428571428,0.4642857142857143,N4 S1 O13,de-protonated,0,-9999,C28 H32 O13 N4 S1,28,32,13,4,-9999,1,-9999,N/A
2341,663.197345,663.1973320511994,663.1975706304289,4225393,-9999,269131.6,20.21,-1,-0.35974080738928,0.48839582711068175,0.7033271719038788,0.5743683650279605,22,0.9487179487179488,0.15384615384615383,S1 P1 O6,de-protonated,0,-9999,C39 H37 O6 P1 S1,39,37,6,-9999,1,1,-9999,N/A
2341,663.197345,663.1973320511994,663.196919181749,4225393,-9999,269131.6,20.21,-1,0.6225442828326777,0.46604658382279435,0.7489023467070351,0.5791888889764907,13,1.3225806451612905,0.25806451612903225,N2 S2 P1 O8,de-protonated,0,-9999,C31 H41 O8 N2 P1 S2,31,41,8,2,1,2,-9999,N/A
2341,663.197345,663.1973320511994,663.1977673349191,4225393,-9999,269131.6,20.21,-1,-0.6563407496110687,0.46240589056984943,0.7612342259156645,0.5819372247081755,14,1.2413793103448276,0.41379310344827586,N4 S1 O12,de-protonated,0,-9999,C29 H36 O12 N4 S1,29,36,12,4,-9999,1,-9999,N/A
2342,663.2337,663.2336870545781,663.2339561397789,3917212.3,-9999,264059,18.62,-1,-0.4057168640017456,0.48528702714736793,0.6980173569463055,0.5703791590669429,21,1.025,0.125,S1 P1 O5,de-protonated,0,-9999,C40 H41 O5 P1 S1,40,41,5,-9999,1,1,-9999,N/A
2342,663.2337,663.2336870545781,663.233304691099,3917212.3,-9999,264059,18.62,-1,0.5765142921156927,0.4707373189351864,0.7428850341668535,0.5795964050278533,12,1.40625,0.21875,N2 S2 P1 O7,de-protonated,0,-9999,C32 H45 O7 N2 P1 S2,32,45,7,2,1,2,-9999,N/A
2342,663.2337,663.2336870545781,663.234152844269,3917212.3,-9999,264059,18.62,-1,-0.7023005207272157,0.4571963208630187,0.7550179348240812,0.5763249664474437,13,1.3333333333333333,0.36666666666666664,N4 S1 O11,de-protonated,0,-9999,C30 H40 O11 N4 S1,30,40,11,4,-9999,1,-9999,N/A
2343,665.103817,665.1038042283858,665.103931225109,3439179,-9999,237783,16.14,-1,-0.1909426741633704,0.496703188643342,0.6629808336683964,0.5632142466533638,37,0.46808510638297873,0.02127659574468085,S2 O1,de-protonated,0,-9999,C47 H22 O1 S2,47,22,1,-9999,-9999,2,-9999,N/A
2343,665.103817,665.1038042283858,665.1040641668391,3439179,-9999,237783,16.14,-1,-0.3908237331165297,0.48633274357299977,0.719752637322661,0.5797007010728643,24,0.75,0.25,S1 P1 O9,de-protonated,0,-9999,C36 H27 O9 P1 S1,36,27,9,-9999,1,1,-9999,N/A
2343,665.103817,665.1038042283858,665.103412718159,3439179,-9999,237783,16.14,-1,0.5886456441277865,0.46953153250600654,0.7675537279851021,0.5887404106976448,15,1.1071428571428572,0.3928571428571429,N2 S2 P1 O11,de-protonated,0,-9999,C28 H31 O11 N2 P1 S2,28,31,11,2,1,2,-9999,N/A
2343,665.103817,665.1038042283858,665.1042608713291,3439179,-9999,237783,16.14,-1,-0.686573474478788,0.4590119514189656,0.7805128205128198,0.5876122990565072,16,1,0.5769230769230769,N4 S1 O15,de-protonated,0,-9999,C26 H26 O15 N4 S1,26,26,15,4,-9999,1,-9999,N/A
2344,665.140163,665.1401502317638,665.140449676189,3373686.3,-9999,240076.7,15.81,-1,-0.4501972859132831,0.48194621218140354,0.7141928963326545,0.574844885841904,23,0.8378378378378378,0.21621621621621623,S1 P1 O8,de-protonated,0,-9999,C37 H31 O8 P1 S1,37,31,8,-9999,1,1,-9999,N/A
2344,665.140163,665.1401502317638,665.139798227509,3373686.3,-9999,240076.7,15.81,-1,0.5292184525549619,0.4752254728091247,0.7612342259156645,0.5896289740517406,14,1.206896551724138,0.3448275862068966,N2 S2 P1 O10,de-protonated,0,-9999,C29 H35 O10 N2 P1 S2,29,35,10,2,1,2,-9999,N/A
2344,665.140163,665.1401502317638,665.1406463806791,3373686.3,-9999,240076.7,15.81,-1,-0.7459308313470626,0.45198442708190073,0.7739790330151772,0.5807822694552114,15,1.1111111111111112,0.5185185185185185,N4 S1 O14,de-protonated,0,-9999,C27 H30 O14 N4 S1,27,30,14,4,-9999,1,-9999,N/A
2345,665.176584,665.1765712351488,665.176835185539,3729057.5,-9999,232041.1,17.64,-1,-0.39681236054398056,0.4859166850650543,0.7087183895694521,0.5750373668668134,22,0.9210526315789472,0.18421052631578944,S1 P1 O7,de-protonated,0,-9999,C38 H35 O7 P1 S1,38,35,7,-9999,1,1,-9999,N/A
2345,665.176584,665.1765712351488,665.176183736859,3729057.5,-9999,232041.1,17.64,-1,0.5825498556186846,0.47014017070621394,0.7550179348240812,0.5840912763533608,13,1.3,0.3,N2 S2 P1 O9,de-protonated,0,-9999,C30 H39 O9 N2 P1 S2,30,39,9,2,1,2,-9999,N/A
2345,665.176584,665.1765712351488,665.1770318900291,3729057.5,-9999,232041.1,17.64,-1,-0.6925297449948749,0.458328314677556,0.7675537279851021,0.5820184800005745,14,1.2142857142857142,0.4642857142857143,N4 S1 O13,de-protonated,0,-9999,C28 H34 O13 N4 S1,28,34,13,4,-9999,1,-9999,N/A
2346,665.212903,665.2128902385242,665.213220694889,3708620.8,-9999,226858.5,17.53,-1,-0.49676758437086743,0.4781050836228357,0.7033271719038787,0.568193918935253,21,1,0.15384615384615383,S1 P1 O6,de-protonated,0,-9999,C39 H39 O6 P1 S1,39,39,6,-9999,1,1,-9999,N/A
2346,665.212903,665.2128902385242,665.212569246209,3708620.8,-9999,226858.5,17.53,-1,0.482540965173904,0.47931525674775066,0.7489023467070351,0.5871500927314645,12,1.3870967741935485,0.25806451612903225,N2 S2 P1 O8,de-protonated,0,-9999,C31 H43 O8 N2 P1 S2,31,43,8,2,1,2,-9999,N/A
2346,665.212903,665.2128902385242,665.2134173993791,3708620.8,-9999,226858.5,17.53,-1,-0.7924687642639217,0.4461508395144445,0.7612342259156644,0.5721841940749325,13,1.3103448275862069,0.41379310344827586,N4 S1 O12,de-protonated,0,-9999,C29 H38 O12 N4 S1,29,38,12,4,-9999,1,-9999,N/A
2347,667.061798,667.0617854103594,667.062199353889,2848108.5,-9999,202481.6,13.08,-1,-0.6205471243409206,0.4662565728374107,0.7087183895694522,0.5632412995302273,29,0.5526315789473685,0.21052631578947367,S1 P1 O8,de-protonated,0,-9999,C38 H21 O8 P1 S1,38,21,8,-9999,1,1,-9999,N/A
2347,667.061798,667.0617854103594,667.0615479052091,2848108.5,-9999,202481.6,13.08,-1,0.35604683125013087,0.48863020046596994,0.7550179348240812,0.5951852942092144,20,0.8333333333333334,0.3333333333333333,N2 S2 P1 O10,de-protonated,0,-9999,C30 H25 O10 N2 P1 S2,30,25,10,2,1,2,-9999,N/A
2347,667.061798,667.0617854103594,667.062396058379,2848108.5,-9999,202481.6,13.08,-1,-0.9154286363348816,0.4294702015070816,0.7675537279851021,0.5647036120982898,21,0.7142857142857143,0.5,N4 S1 O14,de-protonated,0,-9999,C28 H20 O14 N4 S1,28,20,14,4,-9999,1,-9999,N/A
2348,667.098298,667.0982854137518,667.098584863239,4058008.3,-9999,269418.6,19.33,-1,-0.4488834094542219,0.4820495245095116,0.7033271719038787,0.5705605834672585,28,0.6410256410256411,0.1794871794871795,S1 P1 O7,de-protonated,0,-9999,C39 H25 O7 P1 S1,39,25,7,-9999,1,1,-9999,N/A
2348,667.098298,667.0982854137518,667.0979334145591,4058008.3,-9999,269418.6,19.33,-1,0.5276574474287875,0.47536775379598434,0.748902346707035,0.5847815909604046,19,0.935483870967742,0.2903225806451613,N2 S2 P1 O9,de-protonated,0,-9999,C31 H29 O9 N2 P1 S2,31,29,9,2,1,2,-9999,N/A
2348,667.098298,667.0982854137518,667.098781567729,4058008.3,-9999,269418.6,19.33,-1,-0.7437488883698983,0.4522510771367007,0.7612342259156646,0.5758443366482863,20,0.8275862068965517,0.4482758620689655,N4 S1 O13,de-protonated,0,-9999,C29 H24 O13 N4 S1,29,24,13,4,-9999,1,-9999,N/A
2349,667.119348,667.1193354157081,667.119581289569,3278769.3,-9999,308750.8,15.3,-1,-0.36856040189227024,0.48782693179098074,0.6629808336683964,0.5578884925419471,36,0.5106382978723404,0.02127659574468085,S2 O1,de-protonated,0,-9999,C47 H24 O1 S2,47,24,1,-9999,-9999,2,-9999,N/A
2349,667.119348,667.1193354157081,667.1187119096991,3278769.3,-9999,308750.8,15.3,-1,0.9346252741243424,0.4267115436017051,0.6677691528855879,0.5231345873152582,37,0.43478260869565216,0.13043478260869565,O6,de-protonated,0,-9999,C46 H20 O6,46,20,6,-9999,-9999,-9999,-9999,N/A
2349,667.119348,667.1193354157081,667.1197142312991,3278769.3,-9999,308750.8,15.3,-1,-0.5678375004563477,0.47158619143747726,0.719752637322661,0.5708527697915508,23,0.8055555555555556,0.25,S1 P1 O9,de-protonated,0,-9999,C36 H29 O9 P1 S1,36,29,9,-9999,1,1,-9999,N/A
2349,667.119348,667.1193354157081,667.119062782619,3278769.3,-9999,308750.8,15.3,-1,0.40867231088899847,0.4850751359910944,0.7675537279851021,0.5980665727886975,14,1.1785714285714286,0.3928571428571429,N2 S2 P1 O11,de-protonated,0,-9999,C28 H33 O11 N2 P1 S2,28,33,11,2,1,2,-9999,N/A
2349,667.119348,667.1193354157081,667.1199109357891,3278769.3,-9999,308750.8,15.3,-1,-0.8626936051651785,0.4368398629502221,0.7805128205128198,0.5743090459752611,15,1.0769230769230769,0.5769230769230769,N4 S1 O15,de-protonated,0,-9999,C26 H28 O15 N4 S1,26,28,15,4,-9999,1,-9999,N/A
2350,667.134725,667.1347124171373,667.134970372589,3258308,-9999,281777.9,15.2,-1,-0.3866615650287673,0.48661838858744766,0.6980173569463056,0.5711779759309908,27,0.725,0.15,S1 P1 O6,de-protonated,0,-9999,C40 H29 O6 P1 S1,40,29,6,-9999,1,1,-9999,N/A
2350,667.134725,667.1347124171373,667.134318923909,3258308,-9999,281777.9,15.2,-1,0.5898260922399415,0.4694130293670154,0.7428850341668535,0.5788018312869506,18,1.03125,0.25,N2 S2 P1 O8,de-protonated,0,-9999,C32 H33 O8 N2 P1 S2,32,33,8,2,1,2,-9999,N/A
2350,667.134725,667.1347124171373,667.135167077079,3258308,-9999,281777.9,15.2,-1,-0.6815109803461614,0.4595891538879444,0.7550179348240813,0.5777606662623992,19,0.9333333333333332,0.4,N4 S1 O12,de-protonated,0,-9999,C30 H28 O12 N4 S1,30,28,12,4,-9999,1,-9999,N/A
2351,667.155814,667.1558014190972,667.156099740649,2867165,-9999,246739.1,13.18,-1,-0.4471540497006998,0.4821850802946577,0.7141928963326545,0.5749882067098564,22,0.8918918918918919,0.21621621621621623,S1 P1 O8,de-protonated,0,-9999,C37 H33 O8 P1 S1,37,33,8,-9999,1,1,-9999,N/A
2351,667.155814,667.1558014190972,667.155448291969,2867165,-9999,246739.1,13.18,-1,0.5293026221528325,0.475217790269824,0.7612342259156645,0.5896243645281602,13,1.2758620689655171,0.3448275862068966,N2 S2 P1 O10,de-protonated,0,-9999,C29 H37 O10 N2 P1 S2,29,37,10,2,1,2,-9999,N/A
2351,667.155814,667.1558014190972,667.1562964451391,2867165,-9999,246739.1,13.18,-1,-0.7419941092384836,0.9049301429860014,0,0.5429580857916008,14,1.1851851851851851,0.5185185185185185,N4 S1 O14,de-protonated,0,-9999,C27 H32 O14 N4 S1,27,32,14,4,-9999,1,-9999,N/A
2352,667.192315,667.1923024224897,667.192485249999,2920456.8,-9999,291199.8,13.45,-1,-0.2740251327198307,0.49323372932578863,0.7087183895694522,0.579427593423254,21,0.9736842105263158,0.18421052631578944,S1 P1 O7,de-protonated,0,-9999,C38 H37 O7 P1 S1,38,37,7,-9999,1,1,-9999,N/A
2352,667.192315,667.1923024224897,667.191833801319,2920456.8,-9999,291199.8,13.45,-1,0.7023784568161957,0.4571872391466862,0.7550179348240812,0.5763195174176441,12,1.3666666666666667,0.3,N2 S2 P1 O9,de-protonated,0,-9999,C30 H41 O9 N2 P1 S2,30,41,9,2,1,2,-9999,N/A
2352,667.192315,667.1923024224897,667.1926819544891,2920456.8,-9999,291199.8,13.45,-1,-0.5688491641284146,0.4714878024434721,0.7675537279851021,0.589914172660124,13,1.2857142857142858,0.4642857142857143,N4 S1 O13,de-protonated,0,-9999,C28 H36 O13 N4 S1,28,36,13,4,-9999,1,-9999,N/A
2353,669.077621,669.0776085977091,669.0778494183489,3392733.5,-9999,242518.6,15.88,-1,-0.3599291772750006,0.4883838137284379,0.7087183895694522,0.5765176440648436,28,0.6052631578947368,0.21052631578947367,S1 P1 O8,de-protonated,0,-9999,C38 H23 O8 P1 S1,38,23,8,-9999,1,1,-9999,N/A
2353,669.077621,669.0776085977091,669.0771979696691,3392733.5,-9999,242518.6,15.88,-1,0.6137229623193611,0.46696970535598464,0.7550179348240813,0.5821889971432233,19,0.9,0.3333333333333333,N2 S2 P1 O10,de-protonated,0,-9999,C30 H27 O10 N2 P1 S2,30,27,10,2,1,2,-9999,N/A
2353,669.077621,669.0776085977091,669.078046122839,3392733.5,-9999,242518.6,15.88,-1,-0.653922412387519,0.4626718267537017,0.7675537279851021,0.5846245872462619,20,0.7857142857142857,0.5,N4 S1 O14,de-protonated,0,-9999,C28 H22 O14 N4 S1,28,22,14,4,-9999,1,-9999,N/A
2354,669.113926,669.1139136010831,669.1142349276989,4139273.3,-9999,247663.3,19.73,-1,-0.4802268417211392,0.47950906441398833,0.7033271719038788,0.5690363074099445,27,0.6923076923076923,0.1794871794871795,S1 P1 O7,de-protonated,0,-9999,C39 H27 O7 P1 S1,39,27,7,-9999,1,1,-9999,N/A
2354,669.113926,669.1139136010831,669.113583479019,4139273.3,-9999,247663.3,19.73,-1,0.49337223500919863,0.47839682004435946,0.7489023467070351,0.5865990307094298,18,1,0.2903225806451613,N2 S2 P1 O9,de-protonated,0,-9999,C31 H31 O9 N2 P1 S2,31,31,9,2,1,2,-9999,N/A
2354,669.113926,669.1139136010831,669.114431632189,4139273.3,-9999,247663.3,19.73,-1,-0.7742040545268758,0.4484733333452672,0.7612342259156646,0.5735776903734262,19,0.896551724137931,0.4482758620689655,N4 S1 O13,de-protonated,0,-9999,C29 H26 O13 N4 S1,29,26,13,4,-9999,1,-9999,N/A
2355,669.186713,669.186700607848,669.1870059463989,2677088.8,-9999,263028.7,12.18,-1,-0.45628284498763305,0.4814640492310382,0.6927871148459346,0.5659932754769967,25,0.8536585365853658,0.12195121951219512,S1 P1 O5,de-protonated,0,-9999,C41 H35 O5 P1 S1,41,35,5,-9999,1,1,-9999,N/A
2355,669.186713,669.186700607848,669.186354497719,2677088.8,-9999,263028.7,12.18,-1,0.5172103805132858,0.4763102279426669,0.7369636471990461,0.5805715956452187,16,1.181818181818182,0.21212121212121213,N2 S2 P1 O7,de-protonated,0,-9999,C33 H39 O7 N2 P1 S2,33,39,7,2,1,2,-9999,N/A
2355,669.186713,669.186700607848,669.187202650889,2677088.8,-9999,263028.7,12.18,-1,-0.7502280961669756,0.4514574474304227,0.7489023467070351,0.5704354071410678,17,1.096774193548387,0.3548387096774194,N4 S1 O11,de-protonated,0,-9999,C31 H34 O11 N4 S1,31,34,11,4,-9999,1,-9999,N/A
2355,669.186713,669.186700607848,669.187335592619,2677088.8,-9999,263028.7,12.18,-1,-0.948889402385404,0.8492728366821235,0,0.509563702009274,4,1.95,0.95,N4 P1 O19,de-protonated,0,-9999,C20 H39 O19 N4 P1,20,39,19,4,1,-9999,-9999,N/A
2356,671.057006,671.056993781672,671.0571139734591,3057196.5,-9999,220767,14.13,-1,-0.1791081334446332,0.4970980422458045,0.7141928963326544,0.5839359838805445,28,0.5675675675675675,0.24324324324324328,S1 P1 O9,de-protonated,0,-9999,C37 H21 O9 P1 S1,37,21,9,-9999,1,1,-9999,N/A
2356,671.057006,671.056993781672,671.056462524779,3057196.5,-9999,220767,14.13,-1,0.7916724189532472,0.4462529759178514,0.7612342259156645,0.5722454759169766,19,0.8620689655172413,0.3793103448275862,N2 S2 P1 O11,de-protonated,0,-9999,C29 H25 O11 N2 P1 S2,29,25,11,2,1,2,-9999,N/A
2356,671.057006,671.056993781672,671.057310677949,3057196.5,-9999,220767,14.13,-1,-0.4722342964911683,0.4801718651710327,0.7739790330151771,0.5976947323086905,20,0.7407407407407407,0.5555555555555556,N4 S1 O15,de-protonated,0,-9999,C27 H20 O15 N4 S1,27,20,15,4,-9999,1,-9999,N/A
2357,671.093241,671.0932287850396,671.093499482809,4953688.5,-9999,234424.4,23.92,-1,-0.40336818870466784,0.4854543844020554,0.7087183895694522,0.574759986469014,27,0.6578947368421053,0.21052631578947367,S1 P1 O8,de-protonated,0,-9999,C38 H25 O8 P1 S1,38,25,8,-9999,1,1,-9999,N/A
2357,671.093241,671.0932287850396,671.092848034129,4953688.5,-9999,234424.4,23.92,-1,0.5673595117628519,0.47163262426717006,0.7550179348240812,0.5849867484899345,18,0.9666666666666668,0.3333333333333333,N2 S2 P1 O10,de-protonated,0,-9999,C30 H29 O10 N2 P1 S2,30,29,10,2,1,2,-9999,N/A
2357,671.093241,671.0932287850396,671.0936961872991,4953688.5,-9999,234424.4,23.92,-1,-0.696478393576669,0.4578724166578408,0.7675537279851021,0.5817449411887453,19,0.8571428571428571,0.5,N4 S1 O14,de-protonated,0,-9999,C28 H24 O14 N4 S1,28,24,14,4,-9999,1,-9999,N/A
2358,671.129705,671.1296927884285,671.129884992159,4783748.5,-9999,230539.5,23.05,-1,-0.28638827553241125,0.4926140442471923,0.7033271719038788,0.5768992953098669,26,0.7435897435897436,0.1794871794871795,S1 P1 O7,de-protonated,0,-9999,C39 H29 O7 P1 S1,39,29,7,-9999,1,1,-9999,N/A
2358,671.129705,671.1296927884285,671.129233543479,4783748.5,-9999,230539.5,23.05,-1,0.684286910138181,0.4592730941762435,0.7489023467070351,0.5751247951885602,17,1.064516129032258,0.2903225806451613,N2 S2 P1 O9,de-protonated,0,-9999,C31 H33 O9 N2 P1 S2,31,33,9,2,1,2,-9999,N/A
2358,671.129705,671.1296927884285,671.1300816966491,4783748.5,-9999,230539.5,23.05,-1,-0.5794826236369748,0.47044431979632695,0.7612342259156645,0.5867602822440621,18,0.9655172413793104,0.4482758620689655,N4 S1 O13,de-protonated,0,-9999,C29 H28 O13 N4 S1,29,28,13,4,-9999,1,-9999,N/A
2359,671.166184,671.1661717918189,671.1662705015088,3727024.5,-9999,227485.1,17.59,-1,-0.1470718870854162,0.4980414656619259,0.6980173569463055,0.5780318221756777,25,0.825,0.15,S1 P1 O6,de-protonated,0,-9999,C40 H33 O6 P1 S1,40,33,6,-9999,1,1,-9999,N/A
2359,671.166184,671.1661717918189,671.1656190528289,3727024.5,-9999,227485.1,17.59,-1,0.8235508111624498,0.4421030847758374,0.7428850341668535,0.5624158645322438,16,1.15625,0.25,N2 S2 P1 O8,de-protonated,0,-9999,C32 H37 O8 N2 P1 S2,32,37,8,2,1,2,-9999,N/A
2359,671.166184,671.1661717918189,671.1664672059991,3727024.5,-9999,227485.1,17.59,-1,-0.44015038685753594,0.48272909464624864,0.7550179348240812,0.5916446307173817,17,1.0666666666666669,0.4,N4 S1 O12,de-protonated,0,-9999,C30 H32 O12 N4 S1,30,32,12,4,-9999,1,-9999,N/A
2360,671.202414,671.2024017951861,671.202656010859,3238620.3,-9999,197512.6,15.07,-1,-0.3787465239640695,0.487153602368569,0.6927871148459346,0.5694070073595152,24,0.902439024390244,0.12195121951219512,S1 P1 O5,de-protonated,0,-9999,C41 H37 O5 P1 S1,41,37,5,-9999,1,1,-9999,N/A
2360,671.202414,671.2024017951861,671.202004562179,3238620.3,-9999,197512.6,15.07,-1,0.5918233324788587,0.4692120576519487,0.7369636471990462,0.5763126934707876,15,1.2424242424242424,0.21212121212121213,N2 S2 P1 O7,de-protonated,0,-9999,C33 H41 O7 N2 P1 S2,33,41,7,2,1,2,-9999,N/A
2360,671.202414,671.2024017951861,671.2028527153491,3238620.3,-9999,197512.6,15.07,-1,-0.6718090680596326,0.4606853768365968,0.7489023467070351,0.5759721647847722,16,1.1612903225806452,0.3548387096774194,N4 S1 O11,de-protonated,0,-9999,C31 H36 O11 N4 S1,31,36,11,4,-9999,1,-9999,N/A
2360,671.202414,671.2024017951861,671.202985657079,3238620.3,-9999,197512.6,15.07,-1,-0.8698738017685813,0.8717098335300674,0,0.5230259001180404,3,2.05,0.95,N4 P1 O19,de-protonated,0,-9999,C20 H41 O19 N4 P1,20,41,19,4,1,-9999,-9999,N/A
2361,671.238921,671.238908798579,671.239041520209,3368712,-9999,252479.8,15.74,-1,-0.19772632658274655,0.4964656193056554,0.6876346701883606,0.5729332396587374,23,0.9761904761904762,0.09523809523809525,S1 P1 O4,de-protonated,0,-9999,C42 H41 O4 P1 S1,42,41,4,-9999,1,1,-9999,N/A
2361,671.238921,671.238908798579,671.2383900715289,3368712,-9999,252479.8,15.74,-1,0.772791094480961,0.44865124131911627,0.7311359101322861,0.5616451088443841,14,1.3235294117647058,0.17647058823529413,N2 S2 P1 O6,de-protonated,0,-9999,C34 H45 O6 N2 P1 S2,34,45,6,2,1,2,-9999,N/A
2361,671.238921,671.238908798579,671.239238224699,3368712,-9999,252479.8,15.74,-1,-0.4907730376704425,0.47861891636721376,0.7428850341668535,0.5843253634870696,15,1.25,0.3125,N4 S1 O10,de-protonated,0,-9999,C32 H40 O10 N4 S1,32,40,10,4,-9999,1,-9999,N/A
2361,671.238921,671.238908798579,671.2393711664291,3368712,-9999,252479.8,15.74,-1,-0.6888270711852248,0.9175077348255596,0,0.5505046408953357,2,2.142857142857143,0.8571428571428571,N4 P1 O18,de-protonated,0,-9999,C21 H45 O18 N4 P1,21,45,18,4,1,-9999,-9999,N/A
2362,673.072689,673.0726769690084,673.072631096189,2777008.8,-9999,300722.5,12.68,-1,0.06815433776734242,0.499578761719404,0.6582606959877569,0.5630515354267451,40,0.375,0.02083333333333333,S2 O1,de-protonated,0,-9999,C48 H18 O1 S2,48,18,1,-9999,-9999,2,-9999,N/A
2362,673.072689,673.0726769690084,673.072764037919,2777008.8,-9999,300722.5,12.68,-1,-0.12936032365941716,0.4984841129423305,0.7141928963326544,0.58476762629846,27,0.6216216216216216,0.24324324324324328,S1 P1 O9,de-protonated,0,-9999,C37 H23 O9 P1 S1,37,23,9,-9999,1,1,-9999,N/A
2362,673.072689,673.0726769690084,673.072112589239,2777008.8,-9999,300722.5,12.68,-1,0.8385130787437446,0.44011267251821384,0.7612342259156645,0.5685612938771941,18,0.9310344827586208,0.3793103448275862,N2 S2 P1 O11,de-protonated,0,-9999,C29 H27 O11 N2 P1 S2,29,27,11,2,1,2,-9999,N/A
2362,673.072689,673.0726769690084,673.072960742409,2777008.8,-9999,300722.5,12.68,-1,-0.4216086771598912,0.9682613800845464,0,0.5809568280507278,19,0.8148148148148148,0.5555555555555556,N4 S1 O15,de-protonated,0,-9999,C27 H22 O15 N4 S1,27,22,15,4,-9999,1,-9999,N/A
2363,673.074253,673.0742409691538,673.074481570959,2743730.5,-9999,294933.7,12.5,-1,-0.3574668358477138,0.4885403777339246,0.719752637322661,0.5810252815694192,27,0.6111111111111112,0.2222222222222222,N2 S2 O8,de-protonated,0,-9999,C36 H22 O8 N2 S2,36,22,8,2,-9999,2,-9999,N/A
2363,673.074253,673.0742409691538,673.0736121910891,2743730.5,-9999,294933.7,12.5,-1,0.934189148670477,0.42677465356758126,0.7253996187124169,0.5462246396255155,28,0.5142857142857142,0.37142857142857144,N2 O13,de-protonated,0,-9999,C35 H18 O13 N2,35,18,13,2,-9999,-9999,-9999,N/A
2363,673.074253,673.0742409691538,673.074614512689,2743730.5,-9999,294933.7,12.5,-1,-0.5549808700150426,0.9456461025238296,0,0.5673876615142976,14,1.08,0.64,N2 S1 P1 O16,de-protonated,0,-9999,C25 H27 O16 N2 P1 S1,25,27,16,2,1,1,-9999,N/A
2363,673.074253,673.0742409691538,673.0741014484389,2743730.5,-9999,294933.7,12.5,-1,0.20728878829857872,0.49611685553996376,0.7087183895694521,0.5811574691517591,32,0.5,0.13157894736842105,N4 S1 P1 O5,de-protonated,0,-9999,C38 H19 O5 N4 P1 S1,38,19,5,4,1,1,-9999,N/A
2364,673.109233,673.1092209724048,673.1091495472689,4265949,-9999,228440.2,20.36,-1,0.1061122642662866,0.4989795037271192,0.7087183895694522,0.5828750580640525,26,0.7105263157894737,0.21052631578947367,S1 P1 O8,de-protonated,0,-9999,C38 H27 O8 P1 S1,38,27,8,-9999,1,1,-9999,N/A
2364,673.109233,673.1092209724048,673.109346251759,4265949,-9999,228440.2,20.36,-1,-0.1861203604777,0.4968670935057662,0.7675537279851021,0.6051417472975006,18,0.9285714285714286,0.5,N4 S1 O14,de-protonated,0,-9999,C28 H26 O14 N4 S1,28,26,14,4,-9999,1,-9999,N/A
2365,673.145504,673.1454919757758,673.145535056619,3906568.8,-9999,256449.4,18.51,-1,-0.06399930019078251,0.49962853926852874,0.7033271719038788,0.5811079923226687,25,0.7948717948717948,0.1794871794871795,S1 P1 O7,de-protonated,0,-9999,C39 H31 O7 P1 S1,39,31,7,-9999,1,1,-9999,N/A
2365,673.145504,673.1454919757758,673.144883607939,3906568.8,-9999,256449.4,18.51,-1,0.903769532518949,0.43112623081100526,0.7489023467070351,0.5582366771694172,16,1.1290322580645162,0.2903225806451613,N2 S2 P1 O9,de-protonated,0,-9999,C31 H35 O9 N2 P1 S2,31,35,9,2,1,2,-9999,N/A
2365,673.145504,673.1454919757758,673.145731761109,3906568.8,-9999,256449.4,18.51,-1,-0.35621607902237284,0.4886195125587543,0.7612342259156646,0.5976653979015184,17,1.0344827586206895,0.4482758620689655,N4 S1 O13,de-protonated,0,-9999,C29 H30 O13 N4 S1,29,30,13,4,-9999,1,-9999,N/A
2366,673.181783,673.1817709791476,673.1819205659689,3532852.8,-9999,197383.6,16.58,-1,-0.22220861363658653,0.4955403418400301,0.6980173569463056,0.5765311478825403,24,0.875,0.15,S1 P1 O6,de-protonated,0,-9999,C40 H35 O6 P1 S1,40,35,6,-9999,1,1,-9999,N/A
2366,673.181783,673.1817709791476,673.1812691172889,3532852.8,-9999,197383.6,16.58,-1,0.7455077579771822,0.4520361786158755,0.7428850341668536,0.5683757208362668,15,1.21875,0.25,N2 S2 P1 O8,de-protonated,0,-9999,C32 H39 O8 N2 P1 S2,32,39,8,2,1,2,-9999,N/A
2366,673.181783,673.1817709791476,673.1821172704591,3532852.8,-9999,197383.6,16.58,-1,-0.5144095522532134,0.4765600114677627,0.7550179348240812,0.5879431808102902,16,1.1333333333333333,0.4,N4 S1 O12,de-protonated,0,-9999,C30 H34 O12 N4 S1,30,34,12,4,-9999,1,-9999,N/A
2367,673.218529,673.2185169825627,673.2183060753189,3476577.5,-9999,281194.8,16.29,-1,0.3132820987650208,0.49117461449810057,0.6927871148459346,0.5718196146372341,23,0.951219512195122,0.12195121951219512,S1 P1 O5,de-protonated,0,-9999,C41 H39 O5 P1 S1,41,39,5,-9999,1,1,-9999,N/A
2367,673.218529,673.2185169825627,673.2191542284891,3476577.5,-9999,281194.8,16.29,-1,-0.9465653529389084,0.4249759681034672,0.7033271719038788,0.5363164496236319,24,0.8717948717948718,0.2307692307692308,N2 O9,de-protonated,0,-9999,C39 H34 O9 N2,39,34,9,2,-9999,-9999,-9999,N/A
2367,673.218529,673.2185169825627,673.218502779809,3476577.5,-9999,281194.8,16.29,-1,0.02109679646884542,0.4999596225096166,0.7489023467070351,0.5995367121885841,15,1.2258064516129032,0.3548387096774194,N4 S1 O11,de-protonated,0,-9999,C31 H38 O11 N4 S1,31,38,11,4,-9999,1,-9999,N/A
2367,673.218529,673.2185169825627,673.218635721539,3476577.5,-9999,281194.8,16.29,-1,-0.17637505857885127,0.994371365457318,0,0.5966228192743908,2,2.15,0.95,N4 P1 O19,de-protonated,0,-9999,C20 H43 O19 N4 P1,20,43,19,4,1,-9999,-9999,N/A
2368,673.254383,673.254370985895,673.254691584669,2945164.8,-9999,322447.1,13.54,-1,-0.4761924098228602,0.479844905163145,0.6876346701883606,0.5629608111732312,22,1.0238095238095235,0.09523809523809525,S1 P1 O4,de-protonated,0,-9999,C42 H43 O4 P1 S1,42,43,4,-9999,1,1,-9999,N/A
2368,673.254383,673.254370985895,673.2540401359889,2945164.8,-9999,322447.1,13.54,-1,0.4914191171918583,0.4785638100838297,0.7311359101322861,0.5795926501032123,13,1.3823529411764706,0.17647058823529413,N2 S2 P1 O6,de-protonated,0,-9999,C34 H47 O6 N2 P1 S2,34,47,6,2,1,2,-9999,N/A
2368,673.254383,673.254370985895,673.254888289159,2945164.8,-9999,322447.1,13.54,-1,-0.7683616903743684,0.44920730265170566,0.7428850341668535,0.5666783952577648,14,1.3125,0.3125,N4 S1 O10,de-protonated,0,-9999,C32 H42 O10 N4 S1,32,42,10,4,-9999,1,-9999,N/A
2368,673.254383,673.254370985895,673.255021230889,2945164.8,-9999,322447.1,13.54,-1,-0.965822717332002,0.84429122716958,0,0.506574736301748,1,2.238095238095238,0.8571428571428571,N4 P1 O18,de-protonated,0,-9999,C21 H47 O18 N4 P1,21,47,18,4,1,-9999,-9999,N/A
2369,675.088352,675.0883401563431,675.088281160649,4540733.5,-9999,217975.9,21.77,-1,0.08738959884523369,0.4993076232831036,0.6582606959877569,0.5628888523649649,39,0.4166666666666667,0.02083333333333333,S2 O1,de-protonated,0,-9999,C48 H20 O1 S2,48,20,1,-9999,-9999,2,-9999,N/A
2369,675.088352,675.0883401563431,675.088414102379,4540733.5,-9999,217975.9,21.77,-1,-0.1095353355553302,0.49891267425618374,0.7141928963326545,0.585024763086772,26,0.6756756756756757,0.24324324324324328,S1 P1 O9,de-protonated,0,-9999,C37 H25 O9 P1 S1,37,25,9,-9999,1,1,-9999,N/A
2369,675.088352,675.0883401563431,675.0877626536991,4540733.5,-9999,217975.9,21.77,-1,0.8554482482510434,0.437827700363402,0.7612342259156645,0.567190310584307,17,1,0.3793103448275862,N2 S2 P1 O11,de-protonated,0,-9999,C29 H29 O11 N2 P1 S2,29,29,11,2,1,2,-9999,N/A
2369,675.088352,675.0883401563431,675.088610806869,4540733.5,-9999,217975.9,21.77,-1,-0.400911112473297,0.4856284871574827,0.7739790330151771,0.6009687055005605,18,0.8888888888888888,0.5555555555555556,N4 S1 O15,de-protonated,0,-9999,C27 H24 O15 N4 S1,27,24,15,4,-9999,1,-9999,N/A
2370,675.124794,675.12478215973,675.1247996117289,4692329.5,-9999,229211.2,22.55,-1,-0.02585003385848141,0.49993937946893985,0.7087183895694522,0.5834509835091448,25,0.7631578947368421,0.21052631578947367,S1 P1 O8,de-protonated,0,-9999,C38 H29 O8 P1 S1,38,29,8,-9999,1,1,-9999,N/A
2370,675.124794,675.12478215973,675.124148163049,4692329.5,-9999,229211.2,22.55,-1,0.9390816233465,0.42606553226514743,0.7550179348240812,0.557646493288721,16,1.1,0.3333333333333333,N2 S2 P1 O10,de-protonated,0,-9999,C30 H33 O10 N2 P1 S2,30,33,10,2,1,2,-9999,N/A
2370,675.124794,675.12478215973,675.124996316219,4692329.5,-9999,229211.2,22.55,-1,-0.31721013178196317,0.49095394259869735,0.7675537279851021,0.6015938567532593,17,1,0.5,N4 S1 O14,de-protonated,0,-9999,C28 H28 O14 N4 S1,28,28,14,4,-9999,1,-9999,N/A
2371,675.160989,675.1609771630939,675.1611851210789,4529558,-9999,247389.8,21.71,-1,-0.30801235261880133,0.4914664955611071,0.7033271719038787,0.5762107660982158,24,0.8461538461538461,0.1794871794871795,S1 P1 O7,de-protonated,0,-9999,C39 H33 O7 P1 S1,39,33,7,-9999,1,1,-9999,N/A
2371,675.160989,675.1609771630939,675.160533672399,4529558,-9999,247389.8,21.71,-1,0.6568670305826726,0.4623479075179271,0.7489023467070353,0.5769696831935704,15,1.1935483870967742,0.2903225806451613,N2 S2 P1 O9,de-protonated,0,-9999,C31 H37 O9 N2 P1 S2,31,37,9,2,1,2,-9999,N/A
2371,675.160989,675.1609771630939,675.161381825569,4529558,-9999,247389.8,21.71,-1,-0.599356666481688,0.468448689410526,0.7612342259156646,0.5855629040125814,16,1.103448275862069,0.4482758620689655,N4 S1 O13,de-protonated,0,-9999,C29 H32 O13 N4 S1,29,32,13,4,-9999,1,-9999,N/A
2372,675.197555,675.1975431664923,675.1975706304289,4489666,-9999,260242.3,21.5,-1,-0.04067540788715827,0.4998499201182248,0.6980173569463055,0.5791168948494572,23,0.925,0.15,S1 P1 O6,de-protonated,0,-9999,C40 H37 O6 P1 S1,40,37,6,-9999,1,1,-9999,N/A
2372,675.197555,675.1975431664923,675.196919181749,4489666,-9999,260242.3,21.5,-1,0.92415223711687,0.4282214690891812,0.7428850341668535,0.55408689512025,14,1.28125,0.25,N2 S2 P1 O8,de-protonated,0,-9999,C32 H41 O8 N2 P1 S2,32,41,8,2,1,2,-9999,N/A
2372,675.197555,675.1975431664923,675.1977673349191,4489666,-9999,260242.3,21.5,-1,-0.33200409964389727,0.4900990945757074,0.7550179348240812,0.5960666306750568,15,1.2,0.4,N4 S1 O12,de-protonated,0,-9999,C30 H36 O12 N4 S1,30,36,12,4,-9999,1,-9999,N/A
2373,675.23387,675.2338581698675,675.2339561397789,3681774,-9999,223886.7,17.33,-1,-0.1450903209225186,0.498093786507901,0.6927871148459346,0.5759711178431144,22,1,0.12195121951219512,S1 P1 O5,de-protonated,0,-9999,C41 H41 O5 P1 S1,41,41,5,-9999,1,1,-9999,N/A
2373,675.23387,675.2338581698675,675.233304691099,3681774,-9999,223886.7,17.33,-1,0.8196852328028192,0.4426129344067854,0.7369636471990462,0.5603532195236898,13,1.3636363636363635,0.21212121212121213,N2 S2 P1 O7,de-protonated,0,-9999,C33 H45 O7 N2 P1 S2,33,45,7,2,1,2,-9999,N/A
2373,675.23387,675.2338581698675,675.234152844269,3681774,-9999,223886.7,17.33,-1,-0.43640328362384456,0.4830168748361756,0.7489023467070351,0.5893710635845195,14,1.2903225806451613,0.3548387096774194,N4 S1 O11,de-protonated,0,-9999,C31 H40 O11 N4 S1,31,40,11,4,-9999,1,-9999,N/A
2373,675.23387,675.2338581698675,675.2342857859991,3681774,-9999,223886.7,17.33,-1,-0.6332855729658474,0.929814562771707,0,0.5578887376630242,1,2.25,0.95,N4 P1 O19,de-protonated,0,-9999,C20 H45 O19 N4 P1,20,45,19,4,1,-9999,-9999,N/A
2374,677.104131,677.1041193436886,677.103931225109,3462866.3,-9999,213545.8,16.19,-1,0.2778282193959201,0.4930459344169719,0.6582606959877568,0.55913183904528585,38,0.4583333333333333,0.02083333333333333,S2 O1,de-protonated,0,-9999,C48 H22 O1 S2,48,22,1,-9999,-9999,2,-9999,N/A
2374,677.104131,677.1041193436886,677.1040641668391,3462866.3,-9999,213545.8,16.19,-1,0.08148946732756095,0.4993979047894178,0.7141928963326545,0.5853159014067125,25,0.7297297297297297,0.24324324324324328,S1 P1 O9,de-protonated,0,-9999,C37 H27 O9 P1 S1,37,27,9,-9999,1,1,-9999,N/A
2374,677.104131,677.1041193436886,677.1042608713291,3462866.3,-9999,213545.8,16.19,-1,-0.20901897783364712,0.49605201932936577,0.7739790330151772,0.6072228248036904,17,0.9629629629629628,0.5555555555555556,N4 S1 O15,de-protonated,0,-9999,C27 H26 O15 N4 S1,27,26,15,4,-9999,1,-9999,N/A
2375,677.140373,677.1403613470568,677.140449676189,2991870.5,-9999,238864,13.76,-1,-0.1304443298233401,0.49845864037430376,0.7087183895694522,0.5825625400523631,24,0.8157894736842105,0.21052631578947367,S1 P1 O8,de-protonated,0,-9999,C38 H31 O8 P1 S1,38,31,8,-9999,1,1,-9999,N/A
2375,677.140373,677.1403613470568,677.139798227509,2991870.5,-9999,238864,13.76,-1,0.8316149032530463,0.44103366419540807,0.7550179348240812,0.5666273724468773,15,1.1666666666666667,0.3333333333333333,N2 S2 P1 O10,de-protonated,0,-9999,C30 H35 O10 N2 P1 S2,30,35,10,2,1,2,-9999,N/A
2375,677.140373,677.1403613470568,677.1406463806791,2991870.5,-9999,238864,13.76,-1,-0.42093710339187823,0.4841803980055955,0.7675537279851021,0.5975297299973982,16,1.0714285714285714,0.5,N4 S1 O14,de-protonated,0,-9999,C28 H30 O14 N4 S1,28,30,14,4,-9999,1,-9999,N/A
2376,677.176703,677.1766913504333,677.176835185539,3263274.5,-9999,176922.3,15.16,-1,-0.21240405483273364,0.49592363510438825,0.7033271719038787,0.5788850498241844,23,0.8974358974358975,0.1794871794871795,S1 P1 O7,de-protonated,0,-9999,C39 H35 O7 P1 S1,39,35,7,-9999,1,1,-9999,N/A
2376,677.176703,677.1766913504333,677.176183736859,3263274.5,-9999,176922.3,15.16,-1,0.749603406771742,0.4515342037551153,0.7489023467070353,0.5704814609358833,14,1.2580645161290325,0.2903225806451613,N2 S2 P1 O9,de-protonated,0,-9999,C31 H39 O9 N2 P1 S2,31,39,9,2,1,2,-9999,N/A
2376,677.176703,677.1766913504333,677.1770318900291,3263274.5,-9999,176922.3,15.16,-1,-0.5028811960793291,0.4775751985244726,0.7612342259156645,0.5910388094809493,15,1.1724137931034482,0.4482758620689655,N4 S1 O13,de-protonated,0,-9999,C29 H34 O13 N4 S1,29,34,13,4,-9999,1,-9999,N/A
2377,677.213406,677.2133943538444,677.213220694889,4034391.5,-9999,234459.3,19.14,-1,0.25643172653989305,0.49406966788661066,0.6980173569463056,0.5756487435104887,22,0.975,0.15,S1 P1 O6,de-protonated,0,-9999,C40 H39 O6 P1 S1,40,39,6,-9999,1,1,-9999,N/A
2377,677.213406,677.2133943538444,677.214068848059,4034391.5,-9999,234459.3,19.14,-1,-0.9959837600495024,0.4176375571531256,0.7087183895694522,0.5340698901196562,23,0.8947368421052632,0.2631578947368421,N2 O10,de-protonated,0,-9999,C38 H34 O10 N2,38,34,10,2,-9999,-9999,-9999,N/A
2377,677.213406,677.2133943538444,677.2134173993791,4034391.5,-9999,234459.3,19.14,-1,-0.03402994404949703,0.4998949488827604,0.7550179348240812,0.6019441432592887,14,1.2666666666666666,0.4,N4 S1 O12,de-protonated,0,-9999,C30 H38 O12 N4 S1,30,38,12,4,-9999,1,-9999,N/A
2378,677.249594,677.2495823572077,677.249606204239,3052419.8,-9999,217032.6,14.07,-1,-0.03521158375175961,0.49988752756427857,0.6927871148459346,0.577047362476941,21,1.048780487804878,0.12195121951219512,S1 P1 O5,de-protonated,0,-9999,C41 H43 O5 P1 S1,41,43,5,-9999,1,1,-9999,N/A
2378,677.249594,677.2495823572077,677.248954755559,3052419.8,-9999,217032.6,14.07,-1,0.9266926797145928,0.42785628114421737,0.7369636471990462,0.5514992275661489,12,1.4242424242424243,0.21212121212121213,N2 S2 P1 O7,de-protonated,0,-9999,C33 H47 O7 N2 P1 S2,33,47,7,2,1,2,-9999,N/A
2378,677.249594,677.2495823572077,677.2498029087291,3052419.8,-9999,217032.6,14.07,-1,-0.3256575644681751,0.4904704086512048,0.7489023467070351,0.593843183873537,13,1.3548387096774193,0.3548387096774194,N4 S1 O11,de-protonated,0,-9999,C31 H42 O11 N4 S1,31,42,11,4,-9999,1,-9999,N/A
2378,677.249594,677.2495823572077,677.249935850459,3052419.8,-9999,217032.6,14.07,-1,-0.5219539088448762,0.9517687978692502,0,0.5710612787215501,0,2.35,0.95,N4 P1 O19,de-protonated,0,-9999,C20 H47 O19 N4 P1,20,47,19,4,1,-9999,-9999,N/A
2379,679.083438,679.0834265276442,679.0831957802191,3187778.3,-9999,293625,14.76,-1,0.3397925711531824,0.48963402099375675,0.6629808336683964,0.5589727460636127,38,0.425531914893617,0.0425531914893617,S2 O2,de-protonated,0,-9999,C47 H20 O2 S2,47,20,2,-9999,-9999,2,-9999,N/A
2379,679.083438,679.0834265276442,679.083328721949,3187778.3,-9999,293625,14.76,-1,0.1440260584439215,0.4981215963500363,0.719752637322661,0.5867740127390861,25,0.6944444444444444,0.2777777777777778,S1 P1 O10,de-protonated,0,-9999,C36 H25 O10 P1 S1,36,25,10,-9999,1,1,-9999,N/A
2379,679.083438,679.0834265276442,679.083525426439,3187778.3,-9999,293625,14.76,-1,-0.14563568561836307,0.4980794570550249,0.7805128205128199,0.6110528024381429,17,0.9230769230769232,0.6153846153846154,N4 S1 O16,de-protonated,0,-9999,C26 H24 O16 N4 S1,26,24,16,4,-9999,1,-9999,N/A
2380,679.119682,679.1196705310127,679.119581289569,3268718.3,-9999,240055.6,15.18,-1,0.13140755491894027,0.49843582873414327,0.6582606959877568,0.5623657756355886,37,0.5,0.02083333333333333,S2 O1,de-protonated,0,-9999,C48 H24 O1 S2,48,24,1,-9999,-9999,2,-9999,N/A
2380,679.119682,679.1196705310127,679.1197142312991,3268718.3,-9999,240055.6,15.18,-1,-0.0643484284926041,0.49962447696337325,0.7141928963326545,0.5854518447110857,24,0.7837837837837838,0.24324324324324328,S1 P1 O9,de-protonated,0,-9999,C37 H29 O9 P1 S1,37,29,9,-9999,1,1,-9999,N/A
2380,679.119682,679.1196705310127,679.119062782619,3268718.3,-9999,240055.6,15.18,-1,0.8949069861187727,0.43237504579443864,0.7612342259156645,0.563918717842929,15,1.137931034482759,0.3793103448275862,N2 S2 P1 O11,de-protonated,0,-9999,C29 H33 O11 N2 P1 S2,29,33,11,2,1,2,-9999,N/A
2380,679.119682,679.1196705310127,679.1199109357891,3268718.3,-9999,240055.6,15.18,-1,-0.35399459286399204,0.4887594125235904,0.7739790330151771,0.6028472607202251,16,1.037037037037037,0.5555555555555556,N4 S1 O15,de-protonated,0,-9999,C27 H28 O15 N4 S1,27,28,15,4,-9999,1,-9999,N/A
2381,679.156104,679.1560925343978,679.1560997406489,3802266.8,-9999,271370.4,17.93,-1,-0.01061059615134204,0.4999897859267733,0.7087183895694522,0.5834812273838448,23,0.868421052631579,0.21052631578947367,S1 P1 O8,de-protonated,0,-9999,C38 H33 O8 P1 S1,38,33,8,-9999,1,1,-9999,N/A
2381,679.156104,679.1560925343978,679.1554482919689,3802266.8,-9999,271370.4,17.93,-1,0.948593478073689,0.42467968483491647,0.7550179348240813,0.5568149848305824,14,1.2333333333333334,0.3333333333333333,N2 S2 P1 O10,de-protonated,0,-9999,C30 H37 O10 N2 P1 S2,30,37,10,2,1,2,-9999,N/A
2381,679.156104,679.1560925343978,679.1562964451391,3802266.8,-9999,271370.4,17.93,-1,-0.3002412587517379,0.4918881928895907,0.7675537279851021,0.6021544069277953,15,1.1428571428571428,0.5,N4 S1 O14,de-protonated,0,-9999,C28 H32 O14 N4 S1,28,32,14,4,-9999,1,-9999,N/A
2382,679.192401,679.1923895377712,679.192485249999,3956935.3,-9999,272299.4,18.73,-1,-0.1409206224570646,0.498201581663176,0.7033271719038788,0.5802518177594571,22,0.9487179487179488,0.1794871794871795,S1 P1 O7,de-protonated,0,-9999,C39 H37 O7 P1 S1,39,37,7,-9999,1,1,-9999,N/A
2382,679.192401,679.1923895377712,679.191833801319,3956935.3,-9999,272299.4,18.73,-1,0.8182319405197964,0.4428041470592037,0.7489023467070351,0.5652434269183363,13,1.3225806451612905,0.2903225806451613,N2 S2 P1 O9,de-protonated,0,-9999,C31 H41 O9 N2 P1 S2,31,41,9,2,1,2,-9999,N/A
2382,679.192401,679.1923895377712,679.1926819544891,3956935.3,-9999,272299.4,18.73,-1,-0.4305357311421771,0.4834629028165307,0.7612342259156646,0.5945714320561842,14,1.2413793103448276,0.4482758620689655,N4 S1 O13,de-protonated,0,-9999,C29 H36 O13 N4 S1,29,36,13,4,-9999,1,-9999,N/A
2383,679.228822,679.2288105411561,679.228870759349,3785971.8,-9999,258000.4,17.85,-1,-0.08865670387323649,0.4992874139138701,0.6980173569463055,0.5787793911268442,21,1.025,0.15,S1 P1 O6,de-protonated,0,-9999,C40 H41 O6 P1 S1,40,41,6,-9999,1,1,-9999,N/A
2383,679.228822,679.2288105411561,679.2282193106689,3785971.8,-9999,258000.4,17.85,-1,0.8704445286485443,0.4357763726473892,0.7428850341668535,0.558619837255175,12,1.40625,0.25,N2 S2 P1 O8,de-protonated,0,-9999,C32 H45 O8 N2 P1 S2,32,45,8,2,1,2,-9999,N/A
2383,679.228822,679.2288105411561,679.229067463839,3785971.8,-9999,258000.4,17.85,-1,-0.37825631318282366,0.4871864054569288,0.7550179348240812,0.5943190172037898,13,1.3333333333333333,0.4,N4 S1 O12,de-protonated,0,-9999,C30 H40 O12 N4 S1,30,40,12,4,-9999,1,-9999,N/A
2384,679.265349,679.2653375445509,679.2652562686989,2880800.3,-9999,306455.8,13.17,-1,0.11965259711075564,0.4987028084269342,0.6927871148459346,0.5763365309945343,20,1.0975609756097562,0.12195121951219512,S1 P1 O5,de-protonated,0,-9999,C41 H45 O5 P1 S1,41,45,5,-9999,1,1,-9999,N/A
2384,679.265349,679.2653375445509,679.2654529731891,2880800.3,-9999,306455.8,13.17,-1,-0.16993156017415123,0.4973870286716,0.7489023467070351,0.5979931558857741,12,1.4193548387096775,0.3548387096774194,N4 S1 O11,de-protonated,0,-9999,C31 H44 O11 N4 S1,31,44,11,4,-9999,1,-9999,N/A
2385,681.077828,681.0778167130017,681.0778494183489,3833291.5,-9999,262210.7,18.08,-1,-0.04801998377733427,0.4997908407874716,0.7033271719038787,0.5812053732340344,29,0.5897435897435898,0.20512820512820512,S1 P1 O8,de-protonated,0,-9999,C39 H23 O8 P1 S1,39,23,8,-9999,1,1,-9999,N/A
2385,681.077828,681.0778167130017,681.077197969669,3833291.5,-9999,262210.7,18.08,-1,0.908477533105472,0.4304593072506877,0.7489023467070351,0.5578365230332267,20,0.8709677419354839,0.3225806451612903,N2 S2 P1 O10,de-protonated,0,-9999,C31 H27 O10 N2 P1 S2,31,27,10,2,1,2,-9999,N/A
2385,681.077828,681.0778167130017,681.078046122839,3833291.5,-9999,262210.7,18.08,-1,-0.33683340508217774,0.48981193998722145,0.7612342259156645,0.5983808543585987,21,0.7586206896551724,0.4827586206896552,N4 S1 O14,de-protonated,0,-9999,C29 H22 O14 N4 S1,29,22,14,4,-9999,1,-9999,N/A
2386,681.114321,681.1143097163934,681.1142349276989,4005368.3,-9999,290087.4,18.97,-1,0.10980345246652438,0.4989073505301884,0.6980173569463056,0.5785513530966353,28,0.675,0.175,S1 P1 O7,de-protonated,0,-9999,C40 H27 O7 P1 S1,40,27,7,-9999,1,1,-9999,N/A
2386,681.114321,681.1143097163934,681.114431632189,4005368.3,-9999,290087.4,18.97,-1,-0.17899458584483646,0.497101709855063,0.7550179348240813,0.6002681998426704,20,0.8666666666666667,0.43333333333333335,N4 S1 O13,de-protonated,0,-9999,C30 H26 O13 N4 S1,30,26,13,4,-9999,1,-9999,N/A
2387,681.150302,681.1502907197374,681.150620437049,2999844.3,-9999,311157.7,13.78,-1,-0.4840593280289213,0.479187630574149,0.6927871148459346,0.5646274242828633,27,0.7560975609756098,0.14634146341463414,S1 P1 O6,de-protonated,0,-9999,C41 H31 O6 P1 S1,41,31,6,-9999,1,1,-9999,N/A
2387,681.150302,681.1502907197374,681.150482052619,2999844.3,-9999,311157.7,13.78,-1,-0.2808966398300569,0.9857851668965284,0,0.5914711001379169,0,2.15,0.95,S2 P1 O19,de-protonated,0,-9999,C20 H43 O19 P1 S2,20,43,19,-9999,1,2,-9999,N/A
2387,681.150302,681.1502907197374,681.149968988369,2999844.3,-9999,311157.7,13.78,-1,0.4723355840745588,0.480163529567098,0.7369636471990461,0.5828835766198772,18,1.0606060606060606,0.24242424242424243,N2 S2 P1 O8,de-protonated,0,-9999,C33 H35 O8 N2 P1 S2,33,35,8,2,1,2,-9999,N/A
2387,681.150302,681.1502907197374,681.150817141539,2999844.3,-9999,311157.7,13.78,-1,-0.7728417677494589,0.4486448653694988,0.7489023467070351,0.5687478579045133,19,0.967741935483871,0.3870967741935484,N4 S1 O12,de-protonated,0,-9999,C31 H30 O12 N4 S1,31,30,12,4,-9999,1,-9999,N/A
2388,681.171813,681.1718017217368,681.1717498051089,2754110.8,-9999,277824.3,12.51,-1,0.07621664854494786,0.499473261978464,0.7087183895694522,0.5831713130148592,22,0.9210526315789472,0.21052631578947367,S1 P1 O8,de-protonated,0,-9999,C38 H35 O8 P1 S1,38,35,8,-9999,1,1,-9999,N/A
2388,681.171813,681.1718017217368,681.171946509599,2754110.8,-9999,277824.3,12.51,-1,-0.21255699535244743,0.991835573390086,0,0.5951013440340516,14,1.2142857142857142,0.5,N4 S1 O14,de-protonated,0,-9999,C28 H34 O14 N4 S1,28,34,14,4,-9999,1,-9999,N/A
2389,681.208171,681.2081597251157,681.208135314459,2687595.3,-9999,251155.7,12.16,-1,0.03583435873264265,0.49988351432713646,0.7033271719038788,0.5812609773578334,21,1,0.1794871794871795,S1 P1 O7,de-protonated,0,-9999,C39 H39 O7 P1 S1,39,39,7,-9999,1,1,-9999,N/A
2389,681.208171,681.2081597251157,681.2074838657791,2687595.3,-9999,251155.7,12.16,-1,0.9921490186852716,0.4182157001459923,0.7489023467070353,0.5504903587704095,12,1.3870967741935485,0.2903225806451613,N2 S2 P1 O9,de-protonated,0,-9999,C31 H43 O9 N2 P1 S2,31,43,9,2,1,2,-9999,N/A
2389,681.208171,681.2081597251157,681.208332018949,2687595.3,-9999,251155.7,12.16,-1,-0.2529238490159412,0.9884597471325992,0,0.5930758482795594,13,1.3103448275862069,0.4482758620689655,N4 S1 O13,de-protonated,0,-9999,C29 H38 O13 N4 S1,29,38,13,4,-9999,1,-9999,N/A
2390,683.093447,683.0934359003322,683.093499482809,2843510.3,-9999,193486,12.96,-1,-0.09308019588763591,0.4992145888062879,0.7033271719038788,0.5808596220453243,28,0.6410256410256411,0.20512820512820512,S1 P1 O8,de-protonated,0,-9999,C39 H25 O8 P1 S1,39,25,8,-9999,1,1,-9999,N/A
2390,683.093447,683.0934359003322,683.092848034129,2843510.3,-9999,193486,12.96,-1,0.8605948735906557,0.4371266327953277,0.7489023467070351,0.5618369183600107,19,0.935483870967742,0.3225806451612903,N2 S2 P1 O10,de-protonated,0,-9999,C31 H29 O10 N2 P1 S2,31,29,10,2,1,2,-9999,N/A
2390,683.093447,683.0934359003322,683.0936961872991,2843510.3,-9999,193486,12.96,-1,-0.38104138321921127,0.4869995034891202,0.7612342259156645,0.596693392459738,20,0.8275862068965517,0.4827586206896552,N4 S1 O14,de-protonated,0,-9999,C29 H24 O14 N4 S1,29,24,14,4,-9999,1,-9999,N/A
2391,683.129906,683.1298949037208,683.129884992159,3150755,-9999,303627.2,14.54,-1,0.01450904442122916,0.49998090176825577,0.6980173569463056,0.5791954838394757,27,0.725,0.175,S1 P1 O7,de-protonated,0,-9999,C40 H29 O7 P1 S1,40,29,7,-9999,1,1,-9999,N/A
2391,683.129906,683.1298949037208,683.129233543479,3150755,-9999,303627.2,14.54,-1,0.9681334209082266,0.4218034522730188,0.7428850341668535,0.5502360850305527,18,1.03125,0.28125,N2 S2 P1 O9,de-protonated,0,-9999,C32 H33 O9 N2 P1 S2,32,33,9,2,1,2,-9999,N/A
2391,683.129906,683.1298949037208,683.1300816966491,3150755,-9999,303627.2,14.54,-1,-0.2734368362338177,0.4932625543376909,0.7550179348240813,0.5979647065322471,19,0.9333333333333332,0.43333333333333335,N4 S1 O13,de-protonated,0,-9999,C30 H28 O13 N4 S1,30,28,13,4,-9999,1,-9999,N/A
2392,683.166388,683.1663769071114,683.1662705015088,2828240,-9999,262987,12.88,-1,0.1557535948883133,0.4978039384725986,0.6927871148459346,0.575797209021933,26,0.8048780487804879,0.14634146341463414,S1 P1 O6,de-protonated,0,-9999,C41 H33 O6 P1 S1,41,33,6,-9999,1,1,-9999,N/A
2392,683.166388,683.1663769071114,683.1664672059991,2828240,-9999,262987,12.88,-1,-0.13217699057747834,0.4984174867065464,0.7489023467070351,0.5986114307067418,18,1.032258064516129,0.3870967741935484,N4 S1 O12,de-protonated,0,-9999,C31 H32 O12 N4 S1,31,32,12,4,-9999,1,-9999,N/A
2393,685.072762,685.0727510842888,685.072764037919,2709756,-9999,270170.8,12.25,-1,-0.01890840047306148,0.4999675645946643,0.7087183895694521,0.5834678945845795,28,0.6052631578947368,0.23684210526315788,S1 P1 O9,de-protonated,0,-9999,C38 H23 O9 P1 S1,38,23,9,-9999,1,1,-9999,N/A
2393,685.072762,685.0727510842888,685.072112589239,2709756,-9999,270170.8,12.25,-1,0.9320114452728578,0.4270894788747911,0.7550179348240813,0.5582608612545072,19,0.9,0.36666666666666664,N2 S2 P1 O11,de-protonated,0,-9999,C30 H27 O11 N2 P1 S2,30,27,11,2,1,2,-9999,N/A
2393,685.072762,685.0727510842888,685.072960742409,2709756,-9999,270170.8,12.25,-1,-0.30603765175146563,0.983149278200086,0,0.5898895669200516,20,0.7857142857142857,0.5357142857142857,N4 S1 O15,de-protonated,0,-9999,C28 H22 O15 N4 S1,28,22,15,4,-9999,1,-9999,N/A
2394,685.109277,685.1092660876825,685.1091495472689,4115752.8,-9999,251664.9,19.51,-1,0.1701048857565858,0.4973817096212943,0.7033271719038788,0.5797598945343281,27,0.6923076923076923,0.20512820512820512,S1 P1 O8,de-protonated,0,-9999,C39 H27 O8 P1 S1,39,27,8,-9999,1,1,-9999,N/A
2394,685.109277,685.1092660876825,685.109346251759,4115752.8,-9999,251664.9,19.51,-1,-0.11700917079317384,0.49875942135344176,0.7612342259156645,0.603749343178331,19,0.896551724137931,0.4827586206896552,N4 S1 O14,de-protonated,0,-9999,C29 H26 O14 N4 S1,29,26,14,4,-9999,1,-9999,N/A
2395,685.145593,685.1455820910576,685.145535056619,3167061.5,-9999,212881.8,14.61,-1,0.06864882886006582,0.4995726296119938,0.6980173569463056,0.5789505205457185,26,0.775,0.175,S1 P1 O7,de-protonated,0,-9999,C40 H31 O7 P1 S1,40,31,7,-9999,1,1,-9999,N/A
2395,685.145593,685.1455820910576,685.145731761109,3167061.5,-9999,212881.8,14.61,-1,-0.21844995084966884,0.49568928950011976,0.7550179348240813,0.5994207476297044,18,1,0.43333333333333335,N4 S1 O13,de-protonated,0,-9999,C30 H30 O13 N4 S1,30,30,13,4,-9999,1,-9999,N/A
2396,685.181744,685.1817330944175,685.1819205659689,2874754.3,-9999,249718.5,13.1,-1,-0.2736084326774617,0.49325415277975754,0.6927871148459347,0.5730673376062284,25,0.8536585365853658,0.14634146341463414,S1 P1 O6,de-protonated,0,-9999,C41 H35 O6 P1 S1,41,35,6,-9999,1,1,-9999,N/A
2396,685.181744,685.1817330944175,685.1812691172889,2874754.3,-9999,249718.5,13.1,-1,0.677159679450653,0.460082429758543,0.7369636471990461,0.5708349167347442,16,1.181818181818182,0.24242424242424243,N2 S2 P1 O8,de-protonated,0,-9999,C33 H39 O8 N2 P1 S2,33,39,8,2,1,2,-9999,N/A
2396,685.181744,685.1817330944175,685.1821172704591,2874754.3,-9999,249718.5,13.1,-1,-0.5606918685373862,0.47227672721771546,0.7489023467070351,0.5829269750134434,17,1.096774193548387,0.3870967741935484,N4 S1 O12,de-protonated,0,-9999,C31 H34 O12 N4 S1,31,34,12,4,-9999,1,-9999,N/A
2397,685.218781,685.2187700978598,685.2183060753189,3081135.5,-9999,208544.4,14.17,-1,0.677189352309955,0.4600790748715805,0.6876346701883606,0.5511013129982925,24,0.9285714285714286,0.11904761904761904,S1 P1 O5,de-protonated,0,-9999,C42 H39 O5 P1 S1,42,39,5,-9999,1,1,-9999,N/A
2397,685.218781,685.2187700978598,685.2191542284891,3081135.5,-9999,208544.4,14.17,-1,-0.5605952882800932,0.4722860074713524,0.6980173569463055,0.5625785472613336,25,0.85,0.225,N2 O9,de-protonated,0,-9999,C40 H34 O9 N2,40,34,9,2,-9999,-9999,-9999,N/A
2397,685.218781,685.2187700978598,685.218502779809,3081135.5,-9999,208544.4,14.17,-1,0.3901208879729701,0.4863811818684484,0.7428850341668535,0.5889827227878104,16,1.1875,0.34375,N4 S1 O11,de-protonated,0,-9999,C32 H38 O11 N4 S1,32,38,11,4,-9999,1,-9999,N/A
2397,685.218781,685.2187700978598,685.218635721539,3081135.5,-9999,208544.4,14.17,-1,0.19610721850041615,0.9930461297867492,0,0.5958276778720495,3,2.047619047619047,0.9047619047619048,N4 P1 O19,de-protonated,0,-9999,C21 H43 O19 N4 P1,21,43,19,4,1,-9999,-9999,N/A
2398,687.088602,687.0885912716399,687.088281160649,4370101,-9999,225844.7,19.18,-1,0.4513408238564872,0.4818560661838133,0.6536072938689251,0.550556557257858,40,0.40816326530612246,0.02040816326530612,S2 O1,de-protonated,0,-9999,C49 H20 O1 S2,49,20,1,-9999,-9999,2,-9999,N/A
2398,687.088602,687.0885912716399,687.088414102379,4370101,-9999,225844.7,19.18,-1,0.2578551132588575,0.4940040470899367,0.7087183895694522,0.579889784081743,27,0.6578947368421053,0.23684210526315788,S1 P1 O9,de-protonated,0,-9999,C38 H25 O9 P1 S1,38,25,9,-9999,1,1,-9999,N/A
2398,687.088602,687.0885912716399,687.089262255549,4370101,-9999,225844.7,19.18,-1,-0.9765600278987926,0.4205511120300836,0.719752637322661,0.5402317221471146,28,0.5555555555555556,0.3611111111111111,N2 O13,de-protonated,0,-9999,C36 H20 O13 N2,36,20,13,2,-9999,-9999,-9999,N/A
2398,687.088602,687.0885912716399,687.088610806869,4370101,-9999,225844.7,19.18,-1,-0.028431891991712938,0.4999266663158798,0.7675537279851021,0.6069774909835687,19,0.8571428571428571,0.5357142857142857,N4 S1 O15,de-protonated,0,-9999,C28 H24 O15 N4 S1,28,24,15,4,-9999,1,-9999,N/A
2399,687.124848,687.1248372750085,687.1247996117289,3617506,-9999,255456.8,15.6,-1,0.05481286606826056,0.4997274975058034,0.7033271719038788,0.5811673672650336,26,0.7435897435897436,0.20512820512820512,S1 P1 O8,de-protonated,0,-9999,C39 H29 O8 P1 S1,39,29,8,-9999,1,1,-9999,N/A
2399,687.124848,687.1248372750085,687.124996316219,3617506,-9999,255456.8,15.6,-1,-0.2314589213919555,0.495163150781313,0.7612342259156644,0.6015915808350536,18,0.9655172413793104,0.4827586206896552,N4 S1 O14,de-protonated,0,-9999,C29 H28 O14 N4 S1,29,28,14,4,-9999,1,-9999,N/A
2400,687.161429,687.1614182784083,687.1611851210789,3778319.3,-9999,232657.2,16.36,-1,0.339305150559132,0.4896634296109656,0.6980173569463056,0.5730050005451016,25,0.825,0.175,S1 P1 O7,de-protonated,0,-9999,C40 H33 O7 P1 S1,40,33,7,-9999,1,1,-9999,N/A
2400,687.161429,687.1614182784083,687.162033274249,3778319.3,-9999,232657.2,16.36,-1,-0.8949793657281381,0.4323648821131932,0.7087183895694522,0.5429062850956967,26,0.7368421052631579,0.2894736842105263,N2 O11,de-protonated,0,-9999,C38 H28 O11 N2,38,28,11,2,-9999,-9999,-9999,N/A
2400,687.161429,687.1614182784083,687.161381825569,3778319.3,-9999,232657.2,16.36,-1,0.05304843988315252,0.499744754443955,0.7550179348240813,0.6018540265960055,17,1.0666666666666669,0.43333333333333335,N4 S1 O13,de-protonated,0,-9999,C30 H32 O13 N4 S1,30,32,13,4,-9999,1,-9999,N/A
2401,687.19771,687.1976992817803,687.1975706304289,3156796.3,-9999,198526.7,13.41,-1,0.1872115922099489,0.4968303661078514,0.6927871148459346,0.5752130656030847,24,0.902439024390244,0.14634146341463414,S1 P1 O6,de-protonated,0,-9999,C41 H37 O6 P1 S1,41,37,6,-9999,1,1,-9999,N/A
2401,687.19771,687.1976992817803,687.1977673349191,3156796.3,-9999,198526.7,13.41,-1,-0.09902991847482236,0.4991110643378469,0.748902346707035,0.5990275772855221,16,1.1612903225806452,0.3870967741935484,N4 S1 O12,de-protonated,0,-9999,C31 H36 O12 N4 S1,31,36,12,4,-9999,1,-9999,N/A
2402,689.104284,689.1042734589762,689.103931225109,3127413.8,-9999,193241.3,13.25,-1,0.4966360684724984,0.4781164177047217,0.6536072938689252,0.5483127681704031,39,0.4489795918367347,0.02040816326530612,S2 O1,de-protonated,0,-9999,C49 H22 O1 S2,49,22,1,-9999,-9999,2,-9999,N/A
2402,689.104284,689.1042734589762,689.104064166839,3127413.8,-9999,193241.3,13.25,-1,0.30371630081059714,0.4917009074469996,0.7087183895694522,0.5785079002959806,26,0.7105263157894737,0.23684210526315788,S1 P1 O9,de-protonated,0,-9999,C38 H27 O9 P1 S1,38,27,9,-9999,1,1,-9999,N/A
2402,689.104284,689.1042734589762,689.104912320009,3127413.8,-9999,193241.3,13.25,-1,-0.9270882000753567,0.42779936308343824,0.719752637322661,0.5445806727791274,27,0.6111111111111112,0.3611111111111111,N2 O13,de-protonated,0,-9999,C36 H22 O13 N2,36,22,13,2,-9999,-9999,-9999,N/A
2402,689.104284,689.1042734589762,689.1042608713291,3127413.8,-9999,193241.3,13.25,-1,0.01826668014544391,0.4999697287793233,0.7675537279851021,0.6070033284616349,18,0.9285714285714286,0.5357142857142857,N4 S1 O15,de-protonated,0,-9999,C28 H26 O15 N4 S1,28,26,15,4,-9999,1,-9999,N/A
2403,689.14069,689.1406794623598,689.140449676189,3609763,-9999,290681,15.55,-1,0.33343880910840057,0.4900142009901563,0.7033271719038788,0.5753393893556453,25,0.7948717948717948,0.20512820512820512,S1 P1 O8,de-protonated,0,-9999,C39 H31 O8 P1 S1,39,31,8,-9999,1,1,-9999,N/A
2403,689.14069,689.1406794623598,689.141297829359,3609763,-9999,290681,15.55,-1,-0.897300743936557,0.4320386008699362,0.7141928963326545,0.5449003190550235,26,0.7027027027027027,0.32432432432432434,N2 O12,de-protonated,0,-9999,C37 H26 O12 N2,37,26,12,2,-9999,-9999,-9999,N/A
2403,689.14069,689.1406794623598,689.1406463806791,3609763,-9999,290681,15.55,-1,0.04800425123680822,0.4997909777878907,0.7612342259156645,0.6043682770390002,17,1.0344827586206895,0.4827586206896552,N4 S1 O14,de-protonated,0,-9999,C29 H30 O14 N4 S1,29,30,14,4,-9999,1,-9999,N/A
2404,689.177,689.1769894657344,689.176835185539,3771600,-9999,260801.9,16.32,-1,0.223861551363402,0.4954740494827663,0.6980173569463056,0.576491372468182,24,0.875,0.175,S1 P1 O7,de-protonated,0,-9999,C40 H35 O7 P1 S1,40,35,7,-9999,1,1,-9999,N/A
2404,689.177,689.1769894657344,689.1770318900291,3771600,-9999,260801.9,16.32,-1,-0.06155790554627301,0.49965632953898426,0.7550179348240813,0.601800971653023,16,1.1333333333333333,0.43333333333333335,N4 S1 O13,de-protonated,0,-9999,C30 H34 O13 N4 S1,30,34,13,4,-9999,1,-9999,N/A
2405,689.213351,689.2133404691128,689.213220694889,3541245.3,-9999,238550.6,15.22,-1,0.17378399063402977,0.49726753907322857,0.6927871148459347,0.575475369382311,23,0.951219512195122,0.14634146341463414,S1 P1 O6,de-protonated,0,-9999,C41 H39 O6 P1 S1,41,39,6,-9999,1,1,-9999,N/A
2405,689.213351,689.2133404691128,689.2134173993791,3541245.3,-9999,238550.6,15.22,-1,-0.11162038388964306,0.4988709321365042,0.7489023467070351,0.5988834979647166,15,1.2258064516129032,0.3870967741935484,N4 S1 O12,de-protonated,0,-9999,C31 H38 O12 N4 S1,31,38,12,4,-9999,1,-9999,N/A
2406,691.120204,691.1201936463347,691.119581289569,3001917.5,-9999,219068.6,12.65,-1,0.8860359077915981,0.4336163079055011,0.6536072938689252,0.5216127022908708,38,0.4897959183673469,0.02040816326530612,S2 O1,de-protonated,0,-9999,C49 H24 O1 S2,49,24,1,-9999,-9999,2,-9999,N/A
2406,691.120204,691.1201936463347,691.119714231299,3001917.5,-9999,219068.6,12.65,-1,0.6936787155658026,0.4581958789342498,0.7087183895694522,0.5584048831883308,25,0.7631578947368421,0.23684210526315788,S1 P1 O9,de-protonated,0,-9999,C38 H29 O9 P1 S1,38,29,9,-9999,1,1,-9999,N/A
2406,691.120204,691.1201936463347,691.120562384469,3001917.5,-9999,219068.6,12.65,-1,-0.5335366280027478,0.4748299184200147,0.7197526373226611,0.5727990059810733,26,0.6666666666666666,0.3611111111111111,N2 O13,de-protonated,0,-9999,C36 H24 O13 N2,36,24,13,2,-9999,-9999,-9999,N/A
2406,691.120204,691.1201936463347,691.1199109357891,3001917.5,-9999,219068.6,12.65,-1,0.4090614972520112,0.4850471255549773,0.7675537279851021,0.5980497665270272,17,1,0.5357142857142857,N4 S1 O15,de-protonated,0,-9999,C28 H28 O15 N4 S1,28,28,15,4,-9999,1,-9999,N/A
2407,691.156467,691.1564566497051,691.1560997406489,3254890.8,-9999,213920.7,13.85,-1,0.5163942796081065,0.47638313596032966,0.7033271719038788,0.5671607503377494,24,0.8461538461538461,0.20512820512820512,S1 P1 O8,de-protonated,0,-9999,C39 H33 O8 P1 S1,39,33,8,-9999,1,1,-9999,N/A
2407,691.156467,691.1564566497051,691.156947893819,3254890.8,-9999,213920.7,13.85,-1,-0.7107562406143664,0.4562061821185128,0.7141928963326545,0.5594008678041695,25,0.7567567567567568,0.32432432432432434,N2 O12,de-protonated,0,-9999,C37 H28 O12 N2,37,28,12,2,-9999,-9999,-9999,N/A
2407,691.156467,691.1564566497051,691.1562964451391,3254890.8,-9999,213920.7,13.85,-1,0.23179209508836307,0.4951492837609652,0.7612342259156645,0.601583260622845,16,1.103448275862069,0.4827586206896552,N4 S1 O14,de-protonated,0,-9999,C29 H32 O14 N4 S1,29,32,14,4,-9999,1,-9999,N/A
2408,691.192856,691.192845653087,691.192485249999,4026008.3,-9999,269452.3,17.52,-1,0.5214221736251268,0.47593230753238297,0.6980173569463056,0.564766327297952,23,0.925,0.175,S1 P1 O7,de-protonated,0,-9999,C40 H37 O7 P1 S1,40,37,7,-9999,1,1,-9999,N/A
2408,691.192856,691.192845653087,691.193333403169,4026008.3,-9999,269452.3,17.52,-1,-0.7056637534598945,0.4568036591577058,0.7087183895694522,0.5575695513224044,24,0.8421052631578947,0.2894736842105263,N2 O11,de-protonated,0,-9999,C38 H32 O11 N2,38,32,11,2,-9999,-9999,-9999,N/A
2408,691.192856,691.192845653087,691.1926819544891,4026008.3,-9999,269452.3,17.52,-1,0.23683496976185411,0.4949370070181529,0.7550179348240813,0.5989693781405243,15,1.2,0.43333333333333335,N4 S1 O13,de-protonated,0,-9999,C30 H36 O13 N4 S1,30,36,13,4,-9999,1,-9999,N/A
2409,691.229172,691.2291616564621,691.228870759349,3192517.3,-9999,232062.6,13.55,-1,0.4208405138117858,0.4841875411904098,0.6927871148459346,0.5676273706526197,22,1,0.14634146341463414,S1 P1 O6,de-protonated,0,-9999,C41 H41 O6 P1 S1,41,41,6,-9999,1,1,-9999,N/A
2409,691.229172,691.2291616564621,691.229718912519,3192517.3,-9999,232062.6,13.55,-1,-0.806180697515358,0.4443798170460697,0.7033271719038788,0.5479587589891934,23,0.9230769230769232,0.2564102564102564,N2 O10,de-protonated,0,-9999,C39 H36 O10 N2,39,36,10,2,-9999,-9999,-9999,N/A
2409,691.229172,691.2291616564621,691.229067463839,3192517.3,-9999,232062.6,13.55,-1,0.1362683190813844,0.4983181696139384,0.7489023467070351,0.5985518404511772,14,1.2903225806451613,0.3870967741935484,N4 S1 O12,de-protonated,0,-9999,C31 H40 O12 N4 S1,31,40,12,4,-9999,1,-9999,N/A
2410,693.099414,693.0994038302815,693.0988458446791,2903007,-9999,268478.1,12.16,-1,0.8050592001014055,0.4445255433123162,0.6582606959877569,0.5300196043824925,38,0.4583333333333333,0.04166666666666666,S2 O2,de-protonated,0,-9999,C48 H22 O2 S2,48,22,2,-9999,-9999,2,-9999,N/A
2410,693.099414,693.0994038302815,693.098978786409,2903007,-9999,268478.1,12.16,-1,0.6132513327907085,0.4670187398601874,0.7141928963326544,0.5658884024491742,25,0.7297297297297297,0.2702702702702703,S1 P1 O10,de-protonated,0,-9999,C37 H27 O10 P1 S1,37,27,10,-9999,1,1,-9999,N/A
2410,693.099414,693.0994038302815,693.0998269395791,2903007,-9999,268478.1,12.16,-1,-0.6104593900127818,0.4673083461810586,0.725399618712417,0.570544855193602,26,0.6285714285714286,0.4,N2 O14,de-protonated,0,-9999,C35 H22 O14 N2,35,22,14,2,-9999,-9999,-9999,N/A
2410,693.099414,693.0994038302815,693.099175490899,2903007,-9999,268478.1,12.16,-1,0.3294469111530892,0.9804990701740852,0,0.5882994421044511,17,0.9629629629629628,0.5925925925925926,N4 S1 O16,de-protonated,0,-9999,C27 H26 O16 N4 S1,27,26,16,4,-9999,1,-9999,N/A
2411,693.208719,693.2087088404402,693.2081353144589,3212391.3,-9999,256319.9,13.63,-1,0.827350332553067,0.4416001864259808,0.6980173569463056,0.5441670546341106,22,0.975,0.175,S1 P1 O7,de-protonated,0,-9999,C40 H39 O7 P1 S1,40,39,7,-9999,1,1,-9999,N/A
2411,693.208719,693.2087088404402,693.2089834676291,3212391.3,-9999,256319.9,13.63,-1,-0.3961679600964757,0.4859617412086234,0.7087183895694522,0.5750644005529549,23,0.8947368421052632,0.2894736842105263,N2 O11,de-protonated,0,-9999,C38 H34 O11 N2,38,34,11,2,-9999,-9999,-9999,N/A
2411,693.208719,693.2087088404402,693.208332018949,3212391.3,-9999,256319.9,13.63,-1,0.5435905394577787,0.4738978080883624,0.7550179348240813,0.58634585878265,14,1.2666666666666666,0.43333333333333335,N4 S1 O13,de-protonated,0,-9999,C30 H38 O13 N4 S1,30,38,13,4,-9999,1,-9999,N/A
2411,693.208719,693.2087088404402,693.209334340549,3212391.3,-9999,256319.9,13.63,-1,-0.9023249946029164,0.8626607438666702,0,0.5175964463200021,0,2.35,0.8,N4 S2 P1 O16,de-protonated,0,-9999,C20 H47 O16 N4 P1 S2,20,47,16,4,1,2,-9999,N/A
2412,697.109894,697.1098842030134,697.110510764689,3309431,-9999,243414,14.07,-1,-0.8987982048120446,0.431827807884945,0.7871578612348809,0.5739598292249193,11,1.2,0.92,O23,de-protonated,0,-9999,C25 H30 O23,25,30,23,-9999,-9999,-9999,-9999,N/A
2412,697.109894,697.1098842030134,697.1099977004391,3309431,-9999,243414,14.07,-1,-0.16281135839006527,0.49760089516997535,0.7087183895694522,0.5820478929297661,29,0.5789473684210527,0.3157894736842105,N2 O12,de-protonated,0,-9999,C38 H22 O12 N2,38,22,12,2,-9999,-9999,-9999,N/A
2412,697.109894,697.1098842030134,697.110486957789,3309431,-9999,243414,14.07,-1,-0.8646474079854761,0.4365724379898358,0.6927871148459346,0.5390583087322753,33,0.5609756097560976,0.0975609756097561,N4 S1 P1 O4,de-protonated,0,-9999,C41 H23 O4 N4 P1 S1,41,23,4,4,1,1,-9999,N/A
2412,697.109894,697.1098842030134,697.109346251759,3309431,-9999,243414,14.07,-1,0.7716884837067531,0.4487898958942023,0.7550179348240813,0.571281111466154,20,0.8666666666666667,0.4666666666666667,N4 S1 O14,de-protonated,0,-9999,C30 H26 O14 N4 S1,30,26,14,4,-9999,1,-9999,N/A
2412,697.109894,697.1098842030134,697.1103485733591,3309431,-9999,243414,14.07,-1,-0.6661360668415445,0.9226405630432232,0,0.5535843378259339,6,1.75,0.85,N4 S2 P1 O17,de-protonated,0,-9999,C20 H35 O17 N4 P1 S2,20,35,17,4,1,2,-9999,N/A
2413,699.088837,699.0888273869352,699.088414102379,3676460.5,-9999,211174.5,15.81,-1,0.5911763775019073,0.46927722226855045,0.7033271719038787,0.5628972021226817,28,0.6410256410256411,0.2307692307692308,S1 P1 O9,de-protonated,0,-9999,C39 H25 O9 P1 S1,39,25,9,-9999,1,1,-9999,N/A
2413,699.088837,699.0888273869352,699.089262255549,3676460.5,-9999,211174.5,15.81,-1,-0.6220501976368442,0.46609858786457814,0.7141928963326545,0.5653363112518086,29,0.5405405405405406,0.35135135135135137,N2 O13,de-protonated,0,-9999,C37 H20 O13 N2,37,20,13,2,-9999,-9999,-9999,N/A
2413,699.088837,699.0888273869352,699.088610806869,3676460.5,-9999,211174.5,15.81,-1,0.30980345387720193,0.4913678259765765,0.7612342259156646,0.5993143859522118,20,0.8275862068965517,0.5172413793103449,N4 S1 O15,de-protonated,0,-9999,C29 H24 O15 N4 S1,29,24,15,4,-9999,1,-9999,N/A
2414,699.12503,699.125020390299,699.1247996117289,3619162,-9999,258202.1,15.53,-1,0.3157927886879175,0.49103387275023586,0.6980173569463056,0.5738272664286638,27,0.725,0.2,S1 P1 O8,de-protonated,0,-9999,C40 H29 O8 P1 S1,40,29,8,-9999,1,1,-9999,N/A
2414,699.12503,699.125020390299,699.1256477648991,3619162,-9999,258202.1,15.53,-1,-0.8973703111554769,0.4320288136136578,0.7087183895694521,0.5427046439959755,28,0.631578947368421,0.3157894736842105,N2 O12,de-protonated,0,-9999,C38 H24 O12 N2,38,24,12,2,-9999,-9999,-9999,N/A
2414,699.12503,699.125020390299,699.124996316219,3619162,-9999,258202.1,15.53,-1,0.03443458625427108,0.4998924360227409,0.7550179348240813,0.6019426355432771,19,0.9333333333333332,0.4666666666666667,N4 S1 O14,de-protonated,0,-9999,C30 H28 O14 N4 S1,30,28,14,4,-9999,1,-9999,N/A
2415,699.161872,699.161862393723,699.1611851210789,3137928.3,-9999,248979.9,13.24,-1,0.9686931404723764,0.42172048965192094,0.6927871148459346,0.5301471397295263,26,0.8048780487804879,0.17073170731707318,S1 P1 O7,de-protonated,0,-9999,C41 H33 O7 P1 S1,41,33,7,-9999,1,1,-9999,N/A
2415,699.161872,699.161862393723,699.162546338499,3137928.3,-9999,248979.9,13.24,-1,-0.9782342884502564,0.4203014412148613,0.7805128205128198,0.5643859929340447,9,1.3846153846153846,0.8461538461538461,O22,de-protonated,0,-9999,C26 H36 O22,26,36,22,-9999,-9999,-9999,-9999,N/A
2415,699.161872,699.161862393723,699.162033274249,3137928.3,-9999,248979.9,13.24,-1,-0.24440761629541957,0.4946098381940522,0.7033271719038787,0.5780967716779828,27,0.717948717948718,0.28205128205128205,N2 O11,de-protonated,0,-9999,C39 H28 O11 N2,39,28,11,2,-9999,-9999,-9999,N/A
2415,699.161872,699.161862393723,699.1625225315989,3137928.3,-9999,248979.9,13.24,-1,-0.9441837264405492,0.4253233468061299,0.6876346701883607,0.5302478761590221,31,0.6904761904761905,0.07142857142857142,N4 S1 P1 O3,de-protonated,0,-9999,C42 H29 O3 N4 P1 S1,42,29,3,4,1,1,-9999,N/A
2415,699.161872,699.161862393723,699.161381825569,3137928.3,-9999,248979.9,13.24,-1,0.6873493966935373,0.4589231711701736,0.7489023467070351,0.5749148413849182,18,1.032258064516129,0.41935483870967744,N4 S1 O13,de-protonated,0,-9999,C31 H32 O13 N4 S1,31,32,13,4,-9999,1,-9999,N/A
2415,699.161872,699.161862393723,699.1623841471691,3137928.3,-9999,248979.9,13.24,-1,-0.7462550301151272,0.9038895086245996,0,0.5423337051747597,4,1.9523809523809523,0.7619047619047619,N4 S2 P1 O16,de-protonated,0,-9999,C21 H41 O16 N4 P1 S2,21,41,16,4,1,2,-9999,N/A
2416,701.104683,701.1046735742868,701.104064166839,3596054.8,-9999,227143.1,15.41,-1,0.8692111186184563,0.4359460691222759,0.7033271719038787,0.5428985102349171,27,0.6923076923076923,0.2307692307692308,S1 P1 O9,de-protonated,0,-9999,C39 H27 O9 P1 S1,39,27,9,-9999,1,1,-9999,N/A
2416,701.104683,701.1046735742868,701.104912320009,3596054.8,-9999,227143.1,15.41,-1,-0.3405278125861545,0.4895895835403888,0.7141928963326545,0.5794309086572951,28,0.5945945945945946,0.35135135135135137,N2 O13,de-protonated,0,-9999,C37 H22 O13 N2,37,22,13,2,-9999,-9999,-9999,N/A
2416,701.104683,701.1046735742868,701.1042608713291,3596054.8,-9999,227143.1,15.41,-1,0.5886470540735229,0.4695313910877836,0.7612342259156645,0.5862125250189361,19,0.896551724137931,0.5172413793103449,N4 S1 O15,de-protonated,0,-9999,C29 H26 O15 N4 S1,29,26,15,4,-9999,1,-9999,N/A
2416,701.104683,701.1046735742868,701.1052631929291,3596054.8,-9999,227143.1,15.41,-1,-0.8409844758272507,0.8795626616677129,0,0.5277375970006277,5,1.8421052631578947,0.9473684210526316,N4 S2 P1 O18,de-protonated,0,-9999,C19 H35 O18 N4 P1 S2,19,35,18,4,1,2,-9999,N/A
2417,701.141009,701.140999577663,701.140449676189,3678020.8,-9999,249939.8,15.8,-1,0.7842957489151933,0.447195301293216,0.6980173569463056,0.5475241235544519,26,0.775,0.2,S1 P1 O8,de-protonated,0,-9999,C40 H31 O8 P1 S1,40,31,8,-9999,1,1,-9999,N/A
2417,701.141009,701.140999577663,701.141297829359,3678020.8,-9999,249939.8,15.8,-1,-0.42538030054422743,0.4838501488364154,0.7087183895694521,0.5737974451296302,27,0.6842105263157895,0.3157894736842105,N2 O12,de-protonated,0,-9999,C38 H26 O12 N2,38,26,12,2,-9999,-9999,-9999,N/A
2417,701.141009,701.140999577663,701.1406463806791,3678020.8,-9999,249939.8,15.8,-1,0.5037462679915076,0.4774997445241893,0.7550179348240813,0.5885070206441461,18,1,0.4666666666666667,N4 S1 O14,de-protonated,0,-9999,C30 H30 O14 N4 S1,30,30,14,4,-9999,1,-9999,N/A
2417,701.141009,701.140999577663,701.141648702279,3678020.8,-9999,249939.8,15.8,-1,-0.92581095013065,0.8559662156228497,0,0.5135797293737098,4,1.95,0.85,N4 S2 P1 O17,de-protonated,0,-9999,C20 H39 O17 N4 P1 S2,20,39,17,4,1,2,-9999,N/A
2418,701.177237,701.17722758103,701.176835185539,3060594.5,-9999,297272.3,12.86,-1,0.5596241509778721,0.4723792438748128,0.6927871148459346,0.5605423922632615,25,0.8536585365853658,0.17073170731707318,S1 P1 O7,de-protonated,0,-9999,C41 H35 O7 P1 S1,41,35,7,-9999,1,1,-9999,N/A
2418,701.177237,701.17722758103,701.177683338709,3060594.5,-9999,297272.3,12.86,-1,-0.6499888542116204,0.46310261376766654,0.7033271719038787,0.5591924370221515,26,0.7692307692307693,0.28205128205128205,N2 O11,de-protonated,0,-9999,C39 H30 O11 N2,39,30,11,2,-9999,-9999,-9999,N/A
2418,701.177237,701.17722758103,701.1770318900291,3060594.5,-9999,297272.3,12.86,-1,0.2790892913683583,0.4929831077116608,0.7489023467070351,0.5953508033098105,17,1.096774193548387,0.41935483870967744,N4 S1 O13,de-protonated,0,-9999,C31 H34 O13 N4 S1,31,34,13,4,-9999,1,-9999,N/A
2419,703.120501,703.1204917616359,703.120562384469,3044616.3,-9999,215970.1,12.78,-1,-0.10044199663884672,0.4990855561020904,0.7141928963326545,0.5851284921943161,27,0.6486486486486487,0.35135135135135137,N2 O13,de-protonated,0,-9999,C37 H24 O13 N2,37,24,13,2,-9999,-9999,-9999,N/A
2419,703.120501,703.1204917616359,703.1210516418189,3044616.3,-9999,215970.1,12.78,-1,-0.7962785095074801,0.4456611195214076,0.6980173569463055,0.5466036144913669,31,0.625,0.125,N4 S1 P1 O5,de-protonated,0,-9999,C40 H25 O5 N4 P1 S1,40,25,5,4,1,1,-9999,N/A
2419,703.120501,703.1204917616359,703.1199109357891,3044616.3,-9999,215970.1,12.78,-1,0.8260694054436479,0.4417699224644682,0.7612342259156645,0.5695556438449467,18,0.9655172413793104,0.5172413793103449,N4 S1 O15,de-protonated,0,-9999,C29 H28 O15 N4 S1,29,28,15,4,-9999,1,-9999,N/A
2419,703.120501,703.1204917616359,703.120913257389,3044616.3,-9999,215970.1,12.78,-1,-0.5994641109132169,0.936875482106806,0,0.5621252892640836,4,1.9473684210526316,0.9473684210526316,N4 S2 P1 O18,de-protonated,0,-9999,C19 H37 O18 N4 P1 S2,19,37,18,4,1,2,-9999,N/A
2420,703.192961,703.1929517683702,703.192485249999,2933091.5,-9999,270864.4,12.25,-1,0.6634291193749,0.4616216429417494,0.6927871148459346,0.5540878317034235,24,0.902439024390244,0.17073170731707318,S1 P1 O7,de-protonated,0,-9999,C41 H37 O7 P1 S1,41,37,7,-9999,1,1,-9999,N/A
2420,703.192961,703.1929517683702,703.193333403169,2933091.5,-9999,270864.4,12.25,-1,-0.5427167475845276,0.47397943561222744,0.7033271719038788,0.5657185301288881,25,0.8205128205128205,0.28205128205128205,N2 O11,de-protonated,0,-9999,C39 H32 O11 N2,39,32,11,2,-9999,-9999,-9999,N/A
2420,703.192961,703.1929517683702,703.1926819544891,2933091.5,-9999,270864.4,12.25,-1,0.3836983632543193,0.48681998704216223,0.7489023467070351,0.5916529309081113,16,1.1612903225806452,0.41935483870967744,N4 S1 O13,de-protonated,0,-9999,C31 H36 O13 N4 S1,31,36,13,4,-9999,1,-9999,N/A
2421,707.22431,707.2243011430417,707.2237853789189,2902362.5,-9999,248973.1,12.08,-1,0.7292799441804849,0.45400342998946586,0.6927871148459346,0.5495169039320533,22,1,0.17073170731707318,S1 P1 O7,de-protonated,0,-9999,C41 H41 O7 P1 S1,41,41,7,-9999,1,1,-9999,N/A
2421,707.22431,707.2243011430417,707.2246335320891,2902362.5,-9999,248973.1,12.08,-1,-0.4699907662966046,0.4803560782247625,0.7033271719038788,0.5695445156964091,23,0.9230769230769232,0.28205128205128205,N2 O11,de-protonated,0,-9999,C39 H36 O11 N2,39,36,11,2,-9999,-9999,-9999,N/A
2421,707.22431,707.2243011430417,707.223982083409,2902362.5,-9999,248973.1,12.08,-1,0.4511436838754123,0.4818716219939957,0.7489023467070351,0.5886839118792114,14,1.2903225806451613,0.41935483870967744,N4 S1 O13,de-protonated,0,-9999,C31 H40 O13 N4 S1,31,40,13,4,-9999,1,-9999,N/A
2421,707.22431,707.2243011430417,707.2249844050091,2902362.5,-9999,248973.1,12.08,-1,-0.9661168404549756,0.844204181650398,0,0.5065225089902388,0,2.3333333333333335,0.7619047619047619,N4 S2 P1 O16,de-protonated,0,-9999,C21 H49 O16 N4 P1 S2,21,49,16,4,1,2,-9999,N/A
2422,711.089343,711.0893345022557,711.0897753197991,3186839.5,-9999,255618.5,13.41,-1,-0.6199182700063726,0.46632257288418233,0.7871578612348809,0.5946566882244617,12,1.12,0.96,O24,de-protonated,0,-9999,C25 H28 O24,25,28,24,-9999,-9999,-9999,-9999,N/A
2422,711.089343,711.0893345022557,711.089262255549,3186839.5,-9999,255618.5,13.41,-1,0.1016000530046808,0.4990643680479259,0.7087183895694522,0.5829259766565364,30,0.5263157894736842,0.34210526315789475,N2 O13,de-protonated,0,-9999,C38 H20 O13 N2,38,20,13,2,-9999,-9999,-9999,N/A
2422,711.089343,711.0893345022557,711.0897515128989,3186839.5,-9999,255618.5,13.41,-1,-0.5864388318509665,0.4697525136668396,0.6927871148459346,0.5589663541384775,34,0.5121951219512195,0.12195121951219512,N4 S1 P1 O5,de-protonated,0,-9999,C41 H21 O5 N4 P1 S1,41,21,5,4,1,1,-9999,N/A
2422,711.089343,711.0893345022557,711.0896131284691,3186839.5,-9999,255618.5,13.41,-1,-0.39182995813740096,0.9725265075465646,0,0.5835159045279387,7,1.65,0.9,N4 S2 P1 O18,de-protonated,0,-9999,C20 H33 O18 N4 P1 S2,20,33,18,4,1,2,-9999,N/A
2423,711.125298,711.1252895055975,711.1247996117289,3359941.5,-9999,298444.9,14.23,-1,0.6888999917356894,0.4587455047855898,0.6927871148459346,0.5523621488097277,28,0.7073170731707317,0.1951219512195122,S1 P1 O8,de-protonated,0,-9999,C41 H29 O8 P1 S1,41,29,8,-9999,1,1,-9999,N/A
2423,711.125298,711.1252895055975,711.125647764899,3359941.5,-9999,298444.9,14.23,-1,-0.5037918441257269,0.4774957659805035,0.7033271719038787,0.5678283283498535,29,0.6153846153846154,0.3076923076923077,N2 O12,de-protonated,0,-9999,C39 H24 O12 N2,39,24,12,2,-9999,-9999,-9999,N/A
2423,711.125298,711.1252895055975,711.124996316219,3359941.5,-9999,298444.9,14.23,-1,0.41228951305641975,0.4848138346808917,0.7489023467070351,0.5904492394913491,20,0.9032258064516128,0.4516129032258064,N4 S1 O14,de-protonated,0,-9999,C31 H28 O14 N4 S1,31,28,14,4,-9999,1,-9999,N/A
2423,711.125298,711.1252895055975,711.125998637819,3359941.5,-9999,298444.9,14.23,-1,-0.997196309539445,0.8349089009684105,0,0.5009453405810463,6,1.761904761904762,0.8095238095238095,N4 S2 P1 O17,de-protonated,0,-9999,C21 H37 O17 N4 P1 S2,21,37,17,4,1,2,-9999,N/A
2424,713.104826,713.1048176895737,713.1054253842591,3355305.5,-9999,253829.7,14.19,-1,-0.8521807067814748,0.4382711982433792,0.7871578612348809,0.5778258634399799,11,1.2,0.96,O24,de-protonated,0,-9999,C25 H30 O24,25,30,24,-9999,-9999,-9999,-9999,N/A
2424,713.104826,713.1048176895737,713.104912320009,3355305.5,-9999,253829.7,14.19,-1,-0.13270198214467396,0.4984049107383322,0.7087183895694522,0.5825303022707802,29,0.5789473684210527,0.34210526315789475,N2 O13,de-protonated,0,-9999,C38 H22 O13 N2,38,22,13,2,-9999,-9999,-9999,N/A
2424,713.104826,713.1048176895737,713.105401577359,3355305.5,-9999,253829.7,14.19,-1,-0.8187959087185087,0.4427299750889896,0.6927871148459346,0.5427528309917675,33,0.5609756097560976,0.12195121951219512,N4 S1 P1 O5,de-protonated,0,-9999,C41 H23 O5 N4 P1 S1,41,23,5,4,1,1,-9999,N/A
2424,713.104826,713.1048176895737,713.1042608713291,3355305.5,-9999,253829.7,14.19,-1,0.7808370741239263,0.44763476730717006,0.7550179348240812,0.5705880343139345,20,0.8666666666666667,0.5,N4 S1 O15,de-protonated,0,-9999,C30 H26 O15 N4 S1,30,26,15,4,-9999,1,-9999,N/A
2424,713.104826,713.1048176895737,713.1052631929291,3355305.5,-9999,253829.7,14.19,-1,-0.6247371579162374,0.93163069745656,0,0.558978418473936,6,1.75,0.9,N4 S2 P1 O18,de-protonated,0,-9999,C20 H35 O18 N4 P1 S2,20,35,18,4,1,2,-9999,N/A
2425,713.141222,713.1412136929563,713.141810893609,3422936,-9999,312035.1,14.52,-1,-0.8374220156064418,0.440258720926801,0.7805128205128199,0.5763603607612086,10,1.3076923076923077,0.8846153846153846,O23,de-protonated,0,-9999,C26 H34 O23,26,34,23,-9999,-9999,-9999,-9999,N/A
2425,713.141222,713.1412136929563,713.141297829359,3422936,-9999,312035.1,14.52,-1,-0.11797998936513686,0.4987387760221146,0.7033271719038788,0.5805741343748203,28,0.6666666666666666,0.3076923076923077,N2 O12,de-protonated,0,-9999,C39 H26 O12 N2,39,26,12,2,-9999,-9999,-9999,N/A
2425,713.141222,713.1412136929563,713.141787086709,3422936,-9999,312035.1,14.52,-1,-0.8040389205501315,0.4446579826338697,0.6876346701883607,0.541848657655666,32,0.6428571428571429,0.09523809523809525,N4 S1 P1 O4,de-protonated,0,-9999,C42 H27 O4 N4 P1 S1,42,27,4,4,1,1,-9999,N/A
2425,713.141222,713.1412136929563,713.1406463806791,3422936,-9999,312035.1,14.52,-1,0.7955124702139895,0.4457597346867285,0.748902346707035,0.5670167794948511,19,0.967741935483871,0.4516129032258064,N4 S1 O14,de-protonated,0,-9999,C31 H30 O14 N4 S1,31,30,14,4,-9999,1,-9999,N/A
2425,713.141222,713.1412136929563,713.141648702279,3422936,-9999,312035.1,14.52,-1,-0.609990067880553,0.9347138329581726,0,0.5608282997749036,5,1.8571428571428572,0.8095238095238095,N4 S2 P1 O17,de-protonated,0,-9999,C21 H39 O17 N4 P1 S2,21,39,17,4,1,2,-9999,N/A
2426,713.177829,713.1778206963585,713.1781964029591,3415814.8,-9999,281156.1,14.48,-1,-0.5268060668460082,0.4754451953782421,0.7739790330151771,0.5948587304330161,9,1.4074074074074074,0.8148148148148148,O22,de-protonated,0,-9999,C27 H38 O22,27,38,22,-9999,-9999,-9999,-9999,N/A
2426,713.177829,713.1778206963585,713.177683338709,3415814.8,-9999,281156.1,14.48,-1,0.19259947790470203,0.49664592092157606,0.6980173569463055,0.5771944953314678,27,0.75,0.275,N2 O11,de-protonated,0,-9999,C40 H30 O11 N2,40,30,11,2,-9999,-9999,-9999,N/A
2426,713.177829,713.1778206963585,713.178172596059,3415814.8,-9999,281156.1,14.48,-1,-0.4934246644276306,0.47839232904606055,0.6825582999861977,0.5600587174221154,31,0.7209302325581395,0.06976744186046512,N4 S1 P1 O3,de-protonated,0,-9999,C43 H31 O3 N4 P1 S1,43,31,3,4,1,1,-9999,N/A
2426,713.177829,713.1778206963585,713.1780342116291,3415814.8,-9999,281156.1,14.48,-1,-0.2993856517916995,0.983867971097794,0,0.5903207826586764,4,1.9545454545454544,0.7272727272727273,N4 S2 P1 O16,de-protonated,0,-9999,C22 H43 O16 N4 P1 S2,22,43,16,4,1,2,-9999,N/A
2427,715.222303,715.2222948863708,715.2229975325789,9852229,-9999,216671.2,41.79,-1,-0.982415569000238,0.27978446577577304,0.5937935904294966,0.4053881156372625,33,0.74,0.02,S1 P1 O1,de-protonated,0,-9999,C50 H37 O1 P1 S1,50,37,1,-9999,1,1,-9999,N/A
2427,715.222303,715.2222948863708,715.221856826549,9852229,-9999,216671.2,41.79,-1,0.6124810331738724,0.6326324111108047,0.9180201776957172,0.7467875177447698,20,1.0256410256410255,0.28205128205128205,S1 O11,de-protonated,0,-9999,C39 H40 O11 S1,39,40,11,-9999,-9999,1,-9999,N/A
2427,715.222303,715.2222948863708,715.222859148149,9852229,-9999,216671.2,41.79,-1,-0.7889314092683315,0.5809106887409182,0.9362264970177704,0.7230370120516592,6,1.6896551724137931,0.4827586206896552,S2 P1 O14,de-protonated,0,-9999,C29 H49 O14 P1 S2,29,49,14,-9999,1,2,-9999,N/A
2427,715.222303,715.2222948863708,715.2219897682791,9852229,-9999,216671.2,41.79,-1,0.4266061392667002,0.9773894949579762,0.9773382178636312,0.9773689841202382,7,1.6071428571428572,0.6785714285714286,P1 O19,de-protonated,0,-9999,C28 H45 O19 P1,28,45,19,-9999,1,-9999,-9999,N/A
2427,715.222303,715.2222948863708,715.222346083899,9852229,-9999,216671.2,41.79,-1,-0.07158267413945664,0.4973445226970428,0.8632091329631217,0.6436903668034744,24,0.9761904761904762,0.07142857142857142,N2 S2 P1 O3,de-protonated,0,-9999,C42 H41 O3 N2 P1 S2,42,41,3,2,1,2,-9999,N/A
2428,716.225543,716.2255349796114,716.225211661619,3374157.8,-9999,165334.8,13.22,-1,0.4514194517962216,0.6424664801321441,0.9180201776957172,0.7526879591575735,20,1.0526315789473684,0.2894736842105263,13C1 S1 O11,de-protonated,1,2427,C38 H40 O11 S1 13C1,38,40,11,-9999,-9999,1,1,N/A
2428,716.225543,716.2255349796114,716.226213983219,3374157.8,-9999,165334.8,13.22,-1,-0.9480295392138812,0.5663494827003818,0.9362264970177704,0.7143002884273373,6,1.75,0.5,13C1 S2 P1 O14,de-protonated,1,2427,C28 H49 O14 P1 S2 13C1,28,49,14,-9999,1,2,1,N/A
2428,716.225543,716.2255349796114,716.2253446033491,3374157.8,-9999,165334.8,13.22,-1,0.2658049785607425,0.9872620585641958,0.9773382178636312,0.98329252228397,7,1.6666666666666667,0.7037037037037037,13C1 P1 O19,de-protonated,1,2427,C27 H45 O19 P1 13C1,27,45,19,-9999,1,-9999,1,N/A
2428,716.225543,716.2255349796114,716.225480948969,3374157.8,-9999,165334.8,13.22,-1,0.0754380343657699,0.49948396358202907,0.7739790330151771,0.6092819913552883,7,1.5925925925925926,0.7777777777777778,N1 O21,de-protonated,0,-9999,C27 H43 O21 N1,27,43,21,1,-9999,-9999,-9999,N/A
2428,716.225543,716.2255349796114,716.225700918969,3374157.8,-9999,165334.8,13.22,-1,-0.2316858461387361,0.4951537080718711,0.8632091329631217,0.6423758780283714,24,1,0.07317073170731707,13C1 N2 S2 P1 O3,de-protonated,1,2427,C41 H41 O3 N2 P1 S2 13C1,41,41,3,2,1,2,1,N/A
2428,716.225543,716.2255349796114,716.225837264589,3374157.8,-9999,165334.8,13.22,-1,-0.4220526010809385,0.48409779137154896,0.6927871148459346,0.5675735207613032,24,0.951219512195122,0.12195121951219512,N3 S2 O5,de-protonated,0,-9999,C41 H39 O5 N3 S2,41,39,5,3,-9999,2,-9999,N/A
2428,716.225543,716.2255349796114,716.224967884719,3374157.8,-9999,165334.8,13.22,-1,0.7917831935939327,0.4462387731075622,0.6980173569463056,0.5469502066430596,25,0.875,0.25,N3 O10,de-protonated,0,-9999,C40 H35 O10 N3,40,35,10,3,-9999,-9999,-9999,N/A
2428,716.225543,716.2255349796114,716.2259702063191,3374157.8,-9999,165334.8,13.22,-1,-0.6076667500586257,0.4675968812576786,0.7550179348240813,0.5825653026842397,11,1.4666666666666666,0.43333333333333335,N3 S1 P1 O13,de-protonated,0,-9999,C30 H44 O13 N3 P1 S1,30,44,13,3,1,1,-9999,N/A
2429,717.208611,717.2086030709772,717.2081353144589,3314493.8,-9999,249505.9,12.95,-1,0.6521907592804637,0.46286174107105565,0.6876346701883606,0.5527709127179776,24,0.9285714285714286,0.16666666666666666,S1 P1 O7,de-protonated,0,-9999,C42 H39 O7 P1 S1,42,39,7,-9999,1,1,-9999,N/A
2429,717.208611,717.2086030709772,717.2089834676291,3314493.8,-9999,249505.9,12.95,-1,-0.530384672553586,0.4751189289148644,0.6980173569463055,0.5642783001274408,25,0.85,0.275,N2 O11,de-protonated,0,-9999,C40 H34 O11 N2,40,34,11,2,-9999,-9999,-9999,N/A
2429,717.208611,717.2086030709772,717.208332018949,3314493.8,-9999,249505.9,12.95,-1,0.3779264909649705,0.4872084532701535,0.7428850341668535,0.5894790856288334,16,1.1875,0.40625,N4 S1 O13,de-protonated,0,-9999,C32 H38 O13 N4 S1,32,38,13,4,-9999,1,-9999,N/A
2430,717.220412,717.2204040720741,717.220020152429,8793933,-9999,176883.5,37.12,-1,0.5352885227301816,0.6325716322522713,0.8924275179536031,0.7365139865328041,33,0.7142857142857143,0.08163265306122448,P1 O4,de-protonated,0,-9999,C49 H35 O4 P1,49,35,4,-9999,1,-9999,-9999,N/A
2430,717.220412,717.2204040720741,717.2197488262691,8793933,-9999,176883.5,37.12,-1,0.9135914146961684,0.8588002499304943,0.9960686163042992,0.9137075964800162,19,1.0769230769230769,0.2307692307692308,S2 O9,de-protonated,0,-9999,C39 H42 O9 S2,39,42,9,-9999,-9999,2,-9999,N/A
2430,717.220412,717.2204040720741,717.219881767999,8793933,-9999,176883.5,37.12,-1,0.7282342393526848,0.9076669588573012,0.9397048276144776,0.9204821063601718,6,1.6785714285714286,0.6071428571428571,S1 P1 O17,de-protonated,0,-9999,C28 H47 O17 P1 S1,28,47,17,-9999,1,1,-9999,N/A
2430,717.220412,717.2204040720741,717.220729921169,8793933,-9999,176883.5,37.12,-1,-0.4543219141788204,0.9637578276480988,0.92674573508676,0.9489529906235632,7,1.6153846153846154,0.8076923076923077,N2 O21,de-protonated,0,-9999,C26 H42 O21 N2,26,42,21,2,-9999,-9999,-9999,N/A
2430,717.220412,717.2204040720741,717.221086236789,8793933,-9999,176883.5,37.12,-1,-0.95112194554980245,0.8496795776258931,0.990758801346726,0.9061112671142262,24,0.95,0.125,N4 S2 O5,de-protonated,0,-9999,C40 H38 O5 N4 S2,40,38,5,4,-9999,2,-9999,N/A
2430,717.220412,717.2204040720741,717.220216856919,8793933,-9999,176883.5,37.12,-1,0.2610288313844871,0.9874499123377848,0.996068616304299,0.9908973939243906,25,0.8717948717948718,0.2564102564102564,N4 O10,de-protonated,0,-9999,C39 H34 O10 N4,39,34,10,4,-9999,-9999,-9999,N/A
2431,718.223771,718.2237631653257,718.223374987499,3639897.5,-9999,187512.6,14.38,-1,0.5404694977076728,0.6322517725010749,0.8924275179536031,0.7363220706820861,33,0.7291666666666666,0.08333333333333333,13C1 P1 O4,de-protonated,1,2430,C48 H35 O4 P1 13C1,48,35,4,-9999,1,-9999,1,N/A
2431,718.223771,718.2237631653257,718.2231036613391,3639897.5,-9999,187512.6,14.38,-1,0.9182439039871008,0.858136219903192,0.9960686163042992,0.9133091784636348,19,1.105263157894737,0.23684210526315788,13C1 S2 O9,de-protonated,1,2430,C38 H42 O9 S2 13C1,38,42,9,-9999,-9999,2,1,N/A
2431,718.223771,718.2237631653257,718.223236603069,3639897.5,-9999,187512.6,14.38,-1,0.7331456709753432,0.9070759125170192,0.9397048276144776,0.9201274785560024,6,1.7407407407407407,0.6296296296296297,13C1 S1 P1 O17,de-protonated,1,2430,C27 H47 O17 P1 S1 13C1,27,47,17,-9999,1,1,1,N/A
2431,718.223771,718.2237631653257,718.224380712989,3639897.5,-9999,187512.6,14.38,-1,-0.8598255362524593,0.4372316268346224,0.6536072938689252,0.5237818936483435,32,0.7551020408163265,0.02040816326530612,N1 S2 O1,de-protonated,0,-9999,C49 H37 O1 N1 S2,49,37,1,1,-9999,2,-9999,N/A
2431,718.223771,718.2237631653257,718.2235113331191,3639897.5,-9999,187512.6,14.38,-1,0.3506320841805871,0.488969579664048,0.6582606959877569,0.5566860261935316,33,0.6875,0.125,N1 O6,de-protonated,0,-9999,C48 H33 O6 N1,48,33,6,1,-9999,-9999,-9999,N/A
2431,718.223771,718.2237631653257,718.223372948689,3639897.5,-9999,187512.6,14.38,-1,0.5433081844522932,0.4739241978331453,0.7739790330151771,0.593946131905958,6,1.6666666666666667,0.7037037037037037,N1 S1 O19,de-protonated,0,-9999,C27 H45 O19 N1 S1,27,45,19,1,-9999,1,-9999,N/A
2431,718.223771,718.2237631653257,718.224084756239,3639897.5,-9999,187512.6,14.38,-1,-0.44775846434356753,0.9642755168612966,0.92674573508676,0.949263604151482,7,1.68,0.84,13C1 N2 O21,de-protonated,1,2430,C25 H42 O21 N2 13C1,25,42,21,2,-9999,-9999,1,N/A
2431,718.223771,718.2237631653257,718.2238622060389,3639897.5,-9999,187512.6,14.38,-1,-0.1378967176925611,0.49827780361041496,0.7550179348240812,0.6009738560958815,10,1.5333333333333334,0.36666666666666664,N3 S2 P1 O11,de-protonated,0,-9999,C30 H46 O11 N3 P1 S2,30,46,11,3,1,2,-9999,N/A
2431,718.223771,718.2237631653257,718.2244410718591,3639897.5,-9999,187512.6,14.38,-1,-0.9438644727424982,0.8507397349208622,0.990758801346726,0.9067473614912076,24,0.97435897435897445,0.1282051282051282,13C1 N4 S2 O5,de-protonated,1,2430,C39 H38 O5 N4 S2 13C1,39,38,5,4,-9999,2,1,N/A
2431,718.223771,718.2237631653257,718.223571691989,3639897.5,-9999,187512.6,14.38,-1,0.26659294439740544,0.9871869112458804,0.996068616304299,0.9907395932692478,25,0.8947368421052632,0.2631578947368421,13C1 N4 O10,de-protonated,1,2430,C38 H34 O10 N4 13C1,38,34,10,4,-9999,-9999,1,N/A
2432,733.240612,733.2406055609828,733.240796660799,3483806,-9999,340084.7,13.61,-1,-0.26062354562171774,0.49387540218699066,0.7675537279851021,0.6033467325062353,6,1.6428571428571428,0.7857142857142857,O22,de-protonated,0,-9999,C28 H46 O22,28,46,22,-9999,-9999,-9999,-9999,N/A
2432,733.240612,733.2406055609828,733.2411529764191,3483806,-9999,340084.7,13.61,-1,-0.7465694391758766,0.45190626638855613,0.6876346701883606,0.5461976279084779,23,1,0.14285714285714285,N2 S2 O6,de-protonated,0,-9999,C42 H42 O6 N2 S2,42,42,6,2,-9999,2,-9999,N/A
2432,733.240612,733.2406055609828,733.2402835965489,3483806,-9999,340084.7,13.61,-1,0.43909812520423014,0.4828101401906323,0.6927871148459346,0.5668009300527532,24,0.926829268292683,0.2682926829268293,N2 O11,de-protonated,0,-9999,C41 H38 O11 N2,41,38,11,2,-9999,-9999,-9999,N/A
2432,733.240612,733.2406055609828,733.2412859181491,3483806,-9999,340084.7,13.61,-1,-0.9278762384971684,0.42768590920468225,0.7489023467070351,0.5561724842056235,10,1.5161290322580645,0.4516129032258064,N2 S1 P1 O14,de-protonated,0,-9999,C31 H47 O14 N2 P1 S1,31,47,14,2,1,1,-9999,N/A
2432,733.240612,733.2406055609828,733.2407728538989,3483806,-9999,340084.7,13.61,-1,-0.22815550129877,0.4952995837799335,0.6775563317580969,0.5682022829711988,28,0.8863636363636364,0.06818181818181818,N4 S1 P1 O3,de-protonated,0,-9999,C44 H39 O3 N4 P1 S1,44,39,3,4,1,1,-9999,N/A
2432,733.240612,733.2406055609828,733.240634469469,3483806,-9999,340084.7,13.61,-1,-0.03942564673839396,0.4998589996332868,0.8007932653391622,0.620232705915637,1,2.217391304347826,0.6956521739130435,N4 S2 P1 O16,de-protonated,0,-9999,C23 H51 O16 N4 P1 S2,23,51,16,4,1,2,-9999,N/A
0,155.928081,155.92802090586758,-9999,877925.1,-9999,1271293.4,14.73,-1,-9999,-9999,-9999,-9999,-9999,-9999,-9999,unassigned,N/A,-9999,-9999,N/A,-9999,-9999,-9999,-9999,-9999,-9999,-9999,N/A
1,281.102782,281.10273353953676,-9999,1051988.8,-9999,745285.9,16.13,-1,-9999,-9999,-9999,-9999,-9999,-9999,-9999,unassigned,N/A,-9999,-9999,N/A,-9999,-9999,-9999,-9999,-9999,-9999,-9999,N/A
2,285.125314,285.1252659133888,-9999,957354.9,-9999,950443.5,14.41,-1,-9999,-9999,-9999,-9999,-9999,-9999,-9999,unassigned,N/A,-9999,-9999,N/A,-9999,-9999,-9999,-9999,-9999,-9999,-9999,N/A
3,285.125737,285.12568891342806,-9999,1376170.9,-9999,767365,21.6,-1,-9999,-9999,-9999,-9999,-9999,-9999,-9999,unassigned,N/A,-9999,-9999,N/A,-9999,-9999,-9999,-9999,-9999,-9999,-9999,N/A
12,297.097726,297.09767902609826,-9999,1610872.8,-9999,664961.2,25.15,-1,-9999,-9999,-9999,-9999,-9999,-9999,-9999,unassigned,N/A,-9999,-9999,N/A,-9999,-9999,-9999,-9999,-9999,-9999,-9999,N/A
34,311.167787,311.16774133376214,-9999,2082861.1,-9999,528485,32.66,-1,-9999,-9999,-9999,-9999,-9999,-9999,-9999,unassigned,N/A,-9999,-9999,N/A,-9999,-9999,-9999,-9999,-9999,-9999,-9999,N/A
36,311.801462,311.80141639265554,-9999,1960808.3,-9999,669066.4,30.43,-1,-9999,-9999,-9999,-9999,-9999,-9999,-9999,unassigned,N/A,-9999,-9999,N/A,-9999,-9999,-9999,-9999,-9999,-9999,-9999,N/A
45,315.108932,315.10888670005,-9999,889766.2,-9999,607183.8,12.73,-1,-9999,-9999,-9999,-9999,-9999,-9999,-9999,unassigned,N/A,-9999,-9999,N/A,-9999,-9999,-9999,-9999,-9999,-9999,-9999,N/A
66,325.129727,325.1296826313773,-9999,2040806.4,-9999,598386.2,31.11,-1,-9999,-9999,-9999,-9999,-9999,-9999,-9999,unassigned,N/A,-9999,-9999,N/A,-9999,-9999,-9999,-9999,-9999,-9999,-9999,N/A
67,325.183517,325.1834726363765,-9999,2361324.8,-9999,572815.5,36.3,-1,-9999,-9999,-9999,-9999,-9999,-9999,-9999,unassigned,N/A,-9999,-9999,N/A,-9999,-9999,-9999,-9999,-9999,-9999,-9999,N/A
70,326.188052,326.1880077297375,-9999,879078.6,-9999,619558.3,12.29,-1,-9999,-9999,-9999,-9999,-9999,-9999,-9999,unassigned,N/A,-9999,-9999,N/A,-9999,-9999,-9999,-9999,-9999,-9999,-9999,N/A
71,327.071384,327.07133981183387,-9999,1410259.6,-9999,589618.1,20.89,-1,-9999,-9999,-9999,-9999,-9999,-9999,-9999,unassigned,N/A,-9999,-9999,N/A,-9999,-9999,-9999,-9999,-9999,-9999,-9999,N/A
82,329.124627,329.12458300266115,-9999,889561.4,-9999,481767.4,12.24,-1,-9999,-9999,-9999,-9999,-9999,-9999,-9999,unassigned,N/A,-9999,-9999,N/A,-9999,-9999,-9999,-9999,-9999,-9999,-9999,N/A
87,333.062067,333.06202336860474,-9999,1299823.4,-9999,545129.9,18.76,-1,-9999,-9999,-9999,-9999,-9999,-9999,-9999,unassigned,N/A,-9999,-9999,N/A,-9999,-9999,-9999,-9999,-9999,-9999,-9999,N/A
89,333.098386,333.0983423719802,-9999,1695988.5,-9999,493498.8,25.07,-1,-9999,-9999,-9999,-9999,-9999,-9999,-9999,unassigned,N/A,-9999,-9999,N/A,-9999,-9999,-9999,-9999,-9999,-9999,-9999,N/A
91,333.134863,333.13481937537034,-9999,1212153.6,-9999,511544.3,17.37,-1,-9999,-9999,-9999,-9999,-9999,-9999,-9999,unassigned,N/A,-9999,-9999,N/A,-9999,-9999,-9999,-9999,-9999,-9999,-9999,N/A
93,335.07662,335.0765765558362,-9999,999952.8,-9999,754159.1,13.98,-1,-9999,-9999,-9999,-9999,-9999,-9999,-9999,unassigned,N/A,-9999,-9999,N/A,-9999,-9999,-9999,-9999,-9999,-9999,-9999,N/A
95,335.112977,335.1129335592152,-9999,1350422.1,-9999,481095.6,19.56,-1,-9999,-9999,-9999,-9999,-9999,-9999,-9999,unassigned,N/A,-9999,-9999,N/A,-9999,-9999,-9999,-9999,-9999,-9999,-9999,N/A
98,335.150481,335.1504375627008,-9999,1425435.6,-9999,421717,20.4,-1,-9999,-9999,-9999,-9999,-9999,-9999,-9999,unassigned,N/A,-9999,-9999,N/A,-9999,-9999,-9999,-9999,-9999,-9999,-9999,N/A
102,337.093433,337.0933897432777,-9999,3175741.3,-9999,526501.6,47.78,-1,-9999,-9999,-9999,-9999,-9999,-9999,-9999,unassigned,N/A,-9999,-9999,N/A,-9999,-9999,-9999,-9999,-9999,-9999,-9999,N/A
112,339.19932,339.1992769389977,-9999,1489026.8,-9999,559721,21.38,-1,-9999,-9999,-9999,-9999,-9999,-9999,-9999,unassigned,N/A,-9999,-9999,N/A,-9999,-9999,-9999,-9999,-9999,-9999,-9999,N/A
139,347.149434,347.14939167787696,-9999,905911.7,-9999,597599.7,12.02,-1,-9999,-9999,-9999,-9999,-9999,-9999,-9999,unassigned,N/A,-9999,-9999,N/A,-9999,-9999,-9999,-9999,-9999,-9999,-9999,N/A
141,347.150533,347.1504906779791,-9999,1412855.9,-9999,393937.6,19.81,-1,-9999,-9999,-9999,-9999,-9999,-9999,-9999,unassigned,N/A,-9999,-9999,N/A,-9999,-9999,-9999,-9999,-9999,-9999,-9999,N/A
145,349.092295,349.0922528584454,-9999,1506326.1,-9999,471715,20.86,-1,-9999,-9999,-9999,-9999,-9999,-9999,-9999,unassigned,N/A,-9999,-9999,N/A,-9999,-9999,-9999,-9999,-9999,-9999,-9999,N/A
147,349.128659,349.12861686182515,-9999,1414428.8,-9999,509637.1,19.47,-1,-9999,-9999,-9999,-9999,-9999,-9999,-9999,unassigned,N/A,-9999,-9999,N/A,-9999,-9999,-9999,-9999,-9999,-9999,-9999,N/A
151,351.071529,351.0714870423944,-9999,1637253.1,-9999,540420.6,22.83,-1,-9999,-9999,-9999,-9999,-9999,-9999,-9999,unassigned,N/A,-9999,-9999,N/A,-9999,-9999,-9999,-9999,-9999,-9999,-9999,N/A
166,355.066307,355.0662654136669,-9999,1985671.6,-9999,585319.8,28.08,-1,-9999,-9999,-9999,-9999,-9999,-9999,-9999,unassigned,N/A,-9999,-9999,N/A,-9999,-9999,-9999,-9999,-9999,-9999,-9999,N/A
171,355.105218,355.10517641728325,-9999,1006991.3,-9999,509868.5,13.31,-1,-9999,-9999,-9999,-9999,-9999,-9999,-9999,unassigned,N/A,-9999,-9999,N/A,-9999,-9999,-9999,-9999,-9999,-9999,-9999,N/A
179,357.082053,357.08201160100924,-9999,1423387.5,-9999,485500.8,19.22,-1,-9999,-9999,-9999,-9999,-9999,-9999,-9999,unassigned,N/A,-9999,-9999,N/A,-9999,-9999,-9999,-9999,-9999,-9999,-9999,N/A
238,369.082118,369.0820777162888,-9999,2549836,-9999,448214.5,35.19,-1,-9999,-9999,-9999,-9999,-9999,-9999,-9999,unassigned,N/A,-9999,-9999,N/A,-9999,-9999,-9999,-9999,-9999,-9999,-9999,N/A
243,369.12123,369.1211897199239,-9999,1024853.1,-9999,418022.9,13.03,-1,-9999,-9999,-9999,-9999,-9999,-9999,-9999,unassigned,N/A,-9999,-9999,N/A,-9999,-9999,-9999,-9999,-9999,-9999,-9999,N/A
249,371.061326,371.06128590023536,-9999,1055259.1,-9999,563227.9,13.21,-1,-9999,-9999,-9999,-9999,-9999,-9999,-9999,unassigned,N/A,-9999,-9999,N/A,-9999,-9999,-9999,-9999,-9999,-9999,-9999,N/A
270,375.071595,375.0715552729476,-9999,1382113.4,-9999,440024.7,17.85,-1,-9999,-9999,-9999,-9999,-9999,-9999,-9999,unassigned,N/A,-9999,-9999,N/A,-9999,-9999,-9999,-9999,-9999,-9999,-9999,N/A
290,378.720268,378.7202286120532,-9999,1136496.4,-9999,584983.9,14.05,-1,-9999,-9999,-9999,-9999,-9999,-9999,-9999,unassigned,N/A,-9999,-9999,N/A,-9999,-9999,-9999,-9999,-9999,-9999,-9999,N/A
293,379.102883,379.1028436476133,-9999,3641809.8,-9999,474383.8,49.04,-1,-9999,-9999,-9999,-9999,-9999,-9999,-9999,unassigned,N/A,-9999,-9999,N/A,-9999,-9999,-9999,-9999,-9999,-9999,-9999,N/A
297,379.175666,379.1756266543777,-9999,1255652.3,-9999,402408.4,15.71,-1,-9999,-9999,-9999,-9999,-9999,-9999,-9999,unassigned,N/A,-9999,-9999,N/A,-9999,-9999,-9999,-9999,-9999,-9999,-9999,N/A
303,381.045756,381.0457168281829,-9999,1724356.6,-9999,574217.2,22.25,-1,-9999,-9999,-9999,-9999,-9999,-9999,-9999,unassigned,N/A,-9999,-9999,N/A,-9999,-9999,-9999,-9999,-9999,-9999,-9999,N/A
319,383.061416,383.0613770155172,-9999,1714387.3,-9999,401528.2,22.11,-1,-9999,-9999,-9999,-9999,-9999,-9999,-9999,unassigned,N/A,-9999,-9999,N/A,-9999,-9999,-9999,-9999,-9999,-9999,-9999,N/A
323,383.097778,383.09773901889673,-9999,3792348.8,-9999,512675.5,51.13,-1,-9999,-9999,-9999,-9999,-9999,-9999,-9999,unassigned,N/A,-9999,-9999,N/A,-9999,-9999,-9999,-9999,-9999,-9999,-9999,N/A
327,383.170533,383.1704940256585,-9999,1577968,-9999,611803.6,20.2,-1,-9999,-9999,-9999,-9999,-9999,-9999,-9999,unassigned,N/A,-9999,-9999,N/A,-9999,-9999,-9999,-9999,-9999,-9999,-9999,N/A
334,385.077096,385.07705720285344,-9999,2012138.9,-9999,438478.6,26.26,-1,-9999,-9999,-9999,-9999,-9999,-9999,-9999,unassigned,N/A,-9999,-9999,N/A,-9999,-9999,-9999,-9999,-9999,-9999,-9999,N/A
338,385.113469,385.11343020623394,-9999,2835444.8,-9999,466177.4,37.76,-1,-9999,-9999,-9999,-9999,-9999,-9999,-9999,unassigned,N/A,-9999,-9999,N/A,-9999,-9999,-9999,-9999,-9999,-9999,-9999,N/A
342,385.149802,385.14976320961074,-9999,1533950.4,-9999,523687.4,19.58,-1,-9999,-9999,-9999,-9999,-9999,-9999,-9999,unassigned,N/A,-9999,-9999,N/A,-9999,-9999,-9999,-9999,-9999,-9999,-9999,N/A
349,387.07161,387.07157138822254,-9999,1436677.6,-9999,614691.1,17.81,-1,-9999,-9999,-9999,-9999,-9999,-9999,-9999,unassigned,N/A,-9999,-9999,N/A,-9999,-9999,-9999,-9999,-9999,-9999,-9999,N/A
359,387.145394,387.14535539507995,-9999,2340889.8,-9999,341740.6,30.15,-1,-9999,-9999,-9999,-9999,-9999,-9999,-9999,unassigned,N/A,-9999,-9999,N/A,-9999,-9999,-9999,-9999,-9999,-9999,-9999,N/A
368,389.161013,389.1609745824105,-9999,3085123.3,-9999,317970.1,40.31,-1,-9999,-9999,-9999,-9999,-9999,-9999,-9999,unassigned,N/A,-9999,-9999,N/A,-9999,-9999,-9999,-9999,-9999,-9999,-9999,N/A
376,391.102878,391.10283976288633,-9999,2652256.8,-9999,440527.6,34.39,-1,-9999,-9999,-9999,-9999,-9999,-9999,-9999,unassigned,N/A,-9999,-9999,N/A,-9999,-9999,-9999,-9999,-9999,-9999,-9999,N/A
379,391.140287,391.14024876636313,-9999,8088171,-9999,450818.5,108.61,-1,-9999,-9999,-9999,-9999,-9999,-9999,-9999,unassigned,N/A,-9999,-9999,N/A,-9999,-9999,-9999,-9999,-9999,-9999,-9999,N/A
381,391.175711,391.1756727696554,-9999,1277301.1,-9999,451845,15.61,-1,-9999,-9999,-9999,-9999,-9999,-9999,-9999,unassigned,N/A,-9999,-9999,N/A,-9999,-9999,-9999,-9999,-9999,-9999,-9999,N/A
382,391.176697,391.17665876974706,-9999,2347637.5,-9999,350236.1,30.23,-1,-9999,-9999,-9999,-9999,-9999,-9999,-9999,unassigned,N/A,-9999,-9999,N/A,-9999,-9999,-9999,-9999,-9999,-9999,-9999,N/A
391,393.082148,393.0821099468386,-9999,2755729,-9999,424903.5,35.79,-1,-9999,-9999,-9999,-9999,-9999,-9999,-9999,unassigned,N/A,-9999,-9999,N/A,-9999,-9999,-9999,-9999,-9999,-9999,-9999,N/A
393,393.118513,393.1184749502184,-9999,4818075.5,-9999,502957,63.95,-1,-9999,-9999,-9999,-9999,-9999,-9999,-9999,unassigned,N/A,-9999,-9999,N/A,-9999,-9999,-9999,-9999,-9999,-9999,-9999,N/A
395,393.154918,393.1548799536019,-9999,3350693.8,-9999,460870.6,43.92,-1,-9999,-9999,-9999,-9999,-9999,-9999,-9999,unassigned,N/A,-9999,-9999,N/A,-9999,-9999,-9999,-9999,-9999,-9999,-9999,N/A
409,395.134162,395.13412413755174,-9999,5725918.5,-9999,473487.2,73.76,-1,-9999,-9999,-9999,-9999,-9999,-9999,-9999,unassigned,N/A,-9999,-9999,N/A,-9999,-9999,-9999,-9999,-9999,-9999,-9999,N/A
411,395.170547,395.17050914093335,-9999,2015977,-9999,451015.6,24.82,-1,-9999,-9999,-9999,-9999,-9999,-9999,-9999,unassigned,N/A,-9999,-9999,N/A,-9999,-9999,-9999,-9999,-9999,-9999,-9999,N/A
412,395.171619,395.171581141033,-9999,4886249.5,-9999,426938.2,62.68,-1,-9999,-9999,-9999,-9999,-9999,-9999,-9999,unassigned,N/A,-9999,-9999,N/A,-9999,-9999,-9999,-9999,-9999,-9999,-9999,N/A
415,396.101157,396.10111922742374,-9999,1066999.3,-9999,582805.9,12.29,-1,-9999,-9999,-9999,-9999,-9999,-9999,-9999,unassigned,N/A,-9999,-9999,N/A,-9999,-9999,-9999,-9999,-9999,-9999,-9999,N/A
421,397.077058,397.07702031812346,-9999,3117332.8,-9999,554729.7,39.34,-1,-9999,-9999,-9999,-9999,-9999,-9999,-9999,unassigned,N/A,-9999,-9999,N/A,-9999,-9999,-9999,-9999,-9999,-9999,-9999,N/A
425,397.113478,397.1134403215083,-9999,4677919.5,-9999,459447.4,59.93,-1,-9999,-9999,-9999,-9999,-9999,-9999,-9999,unassigned,N/A,-9999,-9999,N/A,-9999,-9999,-9999,-9999,-9999,-9999,-9999,N/A
429,397.187267,397.18722932836624,-9999,2301237,-9999,409528.7,28.57,-1,-9999,-9999,-9999,-9999,-9999,-9999,-9999,unassigned,N/A,-9999,-9999,N/A,-9999,-9999,-9999,-9999,-9999,-9999,-9999,N/A
438,399.109009,399.1089715069719,-9999,2025325.4,-9999,491663.8,24.92,-1,-9999,-9999,-9999,-9999,-9999,-9999,-9999,unassigned,N/A,-9999,-9999,N/A,-9999,-9999,-9999,-9999,-9999,-9999,-9999,N/A
440,399.129116,399.1290785088406,-9999,2949491.3,-9999,490580.8,37.12,-1,-9999,-9999,-9999,-9999,-9999,-9999,-9999,unassigned,N/A,-9999,-9999,N/A,-9999,-9999,-9999,-9999,-9999,-9999,-9999,N/A
461,403.06651,403.0664728747799,-9999,1802263.8,-9999,538284.9,21.97,-1,-9999,-9999,-9999,-9999,-9999,-9999,-9999,unassigned,N/A,-9999,-9999,N/A,-9999,-9999,-9999,-9999,-9999,-9999,-9999,N/A
476,405.082173,405.0821360621145,-9999,2577028.8,-9999,465327.6,31.08,-1,-9999,-9999,-9999,-9999,-9999,-9999,-9999,unassigned,N/A,-9999,-9999,N/A,-9999,-9999,-9999,-9999,-9999,-9999,-9999,N/A
493,407.061446,407.06140924606706,-9999,2568431,-9999,440201.8,30.96,-1,-9999,-9999,-9999,-9999,-9999,-9999,-9999,unassigned,N/A,-9999,-9999,N/A,-9999,-9999,-9999,-9999,-9999,-9999,-9999,N/A
510,409.040683,409.0406464300163,-9999,1514081.6,-9999,525606.9,17.52,-1,-9999,-9999,-9999,-9999,-9999,-9999,-9999,unassigned,N/A,-9999,-9999,N/A,-9999,-9999,-9999,-9999,-9999,-9999,-9999,N/A
592,417.211173,417.2111371893772,-9999,1671127.4,-9999,350876.4,18.81,-1,-9999,-9999,-9999,-9999,-9999,-9999,-9999,unassigned,N/A,-9999,-9999,N/A,-9999,-9999,-9999,-9999,-9999,-9999,-9999,N/A
616,420.672191,420.6721555110424,-9999,1981554.8,-9999,404358.4,22.62,-1,-9999,-9999,-9999,-9999,-9999,-9999,-9999,unassigned,N/A,-9999,-9999,N/A,-9999,-9999,-9999,-9999,-9999,-9999,-9999,N/A
629,422.110724,422.1106886447389,-9999,1374052.9,-9999,486186.8,15.14,-1,-9999,-9999,-9999,-9999,-9999,-9999,-9999,unassigned,N/A,-9999,-9999,N/A,-9999,-9999,-9999,-9999,-9999,-9999,-9999,N/A
633,422.669036,422.6690006966281,-9999,2824487.5,-9999,456052.4,32.98,-1,-9999,-9999,-9999,-9999,-9999,-9999,-9999,unassigned,N/A,-9999,-9999,N/A,-9999,-9999,-9999,-9999,-9999,-9999,-9999,N/A
634,422.670218,422.6701826967379,-9999,8489256,-9999,366168.9,102.66,-1,-9999,-9999,-9999,-9999,-9999,-9999,-9999,unassigned,N/A,-9999,-9999,N/A,-9999,-9999,-9999,-9999,-9999,-9999,-9999,N/A
647,423.327541,423.3275057578291,-9999,1160974,-9999,421895.9,12.51,-1,-9999,-9999,-9999,-9999,-9999,-9999,-9999,unassigned,N/A,-9999,-9999,N/A,-9999,-9999,-9999,-9999,-9999,-9999,-9999,N/A
656,424.66702,424.6669848823196,-9999,3981286,-9999,446297.2,45.55,-1,-9999,-9999,-9999,-9999,-9999,-9999,-9999,unassigned,N/A,-9999,-9999,N/A,-9999,-9999,-9999,-9999,-9999,-9999,-9999,N/A
657,424.668235,424.66819988243253,-9999,13024230,-9999,317469.5,152.89,-1,-9999,-9999,-9999,-9999,-9999,-9999,-9999,unassigned,N/A,-9999,-9999,N/A,-9999,-9999,-9999,-9999,-9999,-9999,-9999,N/A
673,426.148237,426.1482020199832,-9999,1227252.8,-9999,509450.8,12.85,-1,-9999,-9999,-9999,-9999,-9999,-9999,-9999,unassigned,N/A,-9999,-9999,N/A,-9999,-9999,-9999,-9999,-9999,-9999,-9999,N/A
676,426.665046,426.66501106801513,-9999,2633389.8,-9999,438448.4,29.54,-1,-9999,-9999,-9999,-9999,-9999,-9999,-9999,unassigned,N/A,-9999,-9999,N/A,-9999,-9999,-9999,-9999,-9999,-9999,-9999,N/A
677,426.666133,426.6660980681161,-9999,8898222,-9999,383648.4,103.9,-1,-9999,-9999,-9999,-9999,-9999,-9999,-9999,unassigned,N/A,-9999,-9999,N/A,-9999,-9999,-9999,-9999,-9999,-9999,-9999,N/A
697,428.66405,428.66401525380144,-9999,2182015,-9999,328362,24.17,-1,-9999,-9999,-9999,-9999,-9999,-9999,-9999,unassigned,N/A,-9999,-9999,N/A,-9999,-9999,-9999,-9999,-9999,-9999,-9999,N/A
760,436.090201,436.0901669439839,-9999,1478218.6,-9999,476415.7,15.22,-1,-9999,-9999,-9999,-9999,-9999,-9999,-9999,unassigned,N/A,-9999,-9999,N/A,-9999,-9999,-9999,-9999,-9999,-9999,-9999,N/A
763,436.126493,436.12645894735687,-9999,1332696.4,-9999,447347.8,13.56,-1,-9999,-9999,-9999,-9999,-9999,-9999,-9999,unassigned,N/A,-9999,-9999,N/A,-9999,-9999,-9999,-9999,-9999,-9999,-9999,N/A
823,442.145352,442.1453185067464,-9999,1511547.3,-9999,365091.3,15.58,-1,-9999,-9999,-9999,-9999,-9999,-9999,-9999,unassigned,N/A,-9999,-9999,N/A,-9999,-9999,-9999,-9999,-9999,-9999,-9999,N/A
886,449.220052,449.2200191642652,-9999,1628332.3,-9999,355175.1,16.27,-1,-9999,-9999,-9999,-9999,-9999,-9999,-9999,unassigned,N/A,-9999,-9999,N/A,-9999,-9999,-9999,-9999,-9999,-9999,-9999,N/A
893,450.148286,450.1482532505347,-9999,1282093.5,-9999,521372.8,12.45,-1,-9999,-9999,-9999,-9999,-9999,-9999,-9999,unassigned,N/A,-9999,-9999,N/A,-9999,-9999,-9999,-9999,-9999,-9999,-9999,N/A
948,455.172997,455.17296471752866,-9999,1271674.4,-9999,307344.7,12.31,-1,-9999,-9999,-9999,-9999,-9999,-9999,-9999,unassigned,N/A,-9999,-9999,N/A,-9999,-9999,-9999,-9999,-9999,-9999,-9999,N/A
1125,473.283814,473.28378340073823,-9999,4995731.5,-9999,321497.7,48.75,-1,-9999,-9999,-9999,-9999,-9999,-9999,-9999,unassigned,N/A,-9999,-9999,N/A,-9999,-9999,-9999,-9999,-9999,-9999,-9999,N/A
1401,506.095954,506.0959264502808,-9999,1833717.4,-9999,270985.8,15.16,-1,-9999,-9999,-9999,-9999,-9999,-9999,-9999,unassigned,N/A,-9999,-9999,N/A,-9999,-9999,-9999,-9999,-9999,-9999,-9999,N/A
1491,516.043676,516.0436493748167,-9999,1564379.3,-9999,359521.2,12.04,-1,-9999,-9999,-9999,-9999,-9999,-9999,-9999,unassigned,N/A,-9999,-9999,N/A,-9999,-9999,-9999,-9999,-9999,-9999,-9999,N/A
1492,516.080204,516.0801773782116,-9999,2220784,-9999,322531.8,17.77,-1,-9999,-9999,-9999,-9999,-9999,-9999,-9999,unassigned,N/A,-9999,-9999,N/A,-9999,-9999,-9999,-9999,-9999,-9999,-9999,N/A
1494,516.116507,516.1164803815856,-9999,1592580.9,-9999,325024.6,12.28,-1,-9999,-9999,-9999,-9999,-9999,-9999,-9999,unassigned,N/A,-9999,-9999,N/A,-9999,-9999,-9999,-9999,-9999,-9999,-9999,N/A
1508,518.059841,518.059814562198,-9999,1664097.4,-9999,284358,12.9,-1,-9999,-9999,-9999,-9999,-9999,-9999,-9999,unassigned,N/A,-9999,-9999,N/A,-9999,-9999,-9999,-9999,-9999,-9999,-9999,N/A
1511,518.095716,518.0956895655322,-9999,2226038,-9999,271428.8,17.81,-1,-9999,-9999,-9999,-9999,-9999,-9999,-9999,unassigned,N/A,-9999,-9999,N/A,-9999,-9999,-9999,-9999,-9999,-9999,-9999,N/A
1513,518.132161,518.1321345689194,-9999,1762187.1,-9999,332591.8,13.75,-1,-9999,-9999,-9999,-9999,-9999,-9999,-9999,unassigned,N/A,-9999,-9999,N/A,-9999,-9999,-9999,-9999,-9999,-9999,-9999,N/A
1527,520.07522,520.0751937495062,-9999,1785326.3,-9999,266562.6,13.95,-1,-9999,-9999,-9999,-9999,-9999,-9999,-9999,unassigned,N/A,-9999,-9999,N/A,-9999,-9999,-9999,-9999,-9999,-9999,-9999,N/A
1529,520.111583,520.1115567528858,-9999,1975811.4,-9999,298327.2,15.61,-1,-9999,-9999,-9999,-9999,-9999,-9999,-9999,unassigned,N/A,-9999,-9999,N/A,-9999,-9999,-9999,-9999,-9999,-9999,-9999,N/A
1531,520.147796,520.1477697562514,-9999,2087448.4,-9999,273669.6,16.59,-1,-9999,-9999,-9999,-9999,-9999,-9999,-9999,unassigned,N/A,-9999,-9999,N/A,-9999,-9999,-9999,-9999,-9999,-9999,-9999,N/A
1547,522.09066,522.09063393682,-9999,2084994.1,-9999,331973.3,16.56,-1,-9999,-9999,-9999,-9999,-9999,-9999,-9999,unassigned,N/A,-9999,-9999,N/A,-9999,-9999,-9999,-9999,-9999,-9999,-9999,N/A
1549,522.127402,522.1273759402349,-9999,1837719.5,-9999,306258.4,14.39,-1,-9999,-9999,-9999,-9999,-9999,-9999,-9999,unassigned,N/A,-9999,-9999,N/A,-9999,-9999,-9999,-9999,-9999,-9999,-9999,N/A
1569,524.14288,524.1428541275524,-9999,1726770.1,-9999,363469.7,12.75,-1,-9999,-9999,-9999,-9999,-9999,-9999,-9999,unassigned,N/A,-9999,-9999,N/A,-9999,-9999,-9999,-9999,-9999,-9999,-9999,N/A
1601,528.080214,528.080188493486,-9999,1954371.6,-9999,340691.5,14.62,-1,-9999,-9999,-9999,-9999,-9999,-9999,-9999,unassigned,N/A,-9999,-9999,N/A,-9999,-9999,-9999,-9999,-9999,-9999,-9999,N/A
1619,530.059617,530.0595916774507,-9999,1735387.8,-9999,278526.9,12.79,-1,-9999,-9999,-9999,-9999,-9999,-9999,-9999,unassigned,N/A,-9999,-9999,N/A,-9999,-9999,-9999,-9999,-9999,-9999,-9999,N/A
1621,530.095742,530.0957166808081,-9999,1993969.3,-9999,295082.1,14.94,-1,-9999,-9999,-9999,-9999,-9999,-9999,-9999,unassigned,N/A,-9999,-9999,N/A,-9999,-9999,-9999,-9999,-9999,-9999,-9999,N/A
1623,530.132238,530.1322126842001,-9999,1986823,-9999,415157.1,14.88,-1,-9999,-9999,-9999,-9999,-9999,-9999,-9999,unassigned,N/A,-9999,-9999,N/A,-9999,-9999,-9999,-9999,-9999,-9999,-9999,N/A
1636,532.111567,532.1115418681578,-9999,2190245,-9999,376395.1,16.56,-1,-9999,-9999,-9999,-9999,-9999,-9999,-9999,unassigned,N/A,-9999,-9999,N/A,-9999,-9999,-9999,-9999,-9999,-9999,-9999,N/A
1654,534.090942,534.09091705212,-9999,1884744.9,-9999,265639.8,14.01,-1,-9999,-9999,-9999,-9999,-9999,-9999,-9999,unassigned,N/A,-9999,-9999,N/A,-9999,-9999,-9999,-9999,-9999,-9999,-9999,N/A
1656,534.127285,534.1272600554976,-9999,2062942.9,-9999,299720.1,15.49,-1,-9999,-9999,-9999,-9999,-9999,-9999,-9999,unassigned,N/A,-9999,-9999,N/A,-9999,-9999,-9999,-9999,-9999,-9999,-9999,N/A
1672,536.106603,536.1065782394543,-9999,2105608.3,-9999,288891.9,15.83,-1,-9999,-9999,-9999,-9999,-9999,-9999,-9999,unassigned,N/A,-9999,-9999,N/A,-9999,-9999,-9999,-9999,-9999,-9999,-9999,N/A
1729,544.075329,544.0753049800634,-9999,2103302.8,-9999,371888.6,14.96,-1,-9999,-9999,-9999,-9999,-9999,-9999,-9999,unassigned,N/A,-9999,-9999,N/A,-9999,-9999,-9999,-9999,-9999,-9999,-9999,N/A
1731,544.111822,544.111797983455,-9999,1739805.4,-9999,292937.3,12.1,-1,-9999,-9999,-9999,-9999,-9999,-9999,-9999,unassigned,N/A,-9999,-9999,N/A,-9999,-9999,-9999,-9999,-9999,-9999,-9999,N/A
1742,546.091184,546.0911601674159,-9999,1943270.3,-9999,321332.8,13.69,-1,-9999,-9999,-9999,-9999,-9999,-9999,-9999,unassigned,N/A,-9999,-9999,N/A,-9999,-9999,-9999,-9999,-9999,-9999,-9999,N/A
1755,548.106674,548.1066503547344,-9999,2151373.8,-9999,291317.2,15.32,-1,-9999,-9999,-9999,-9999,-9999,-9999,-9999,unassigned,N/A,-9999,-9999,N/A,-9999,-9999,-9999,-9999,-9999,-9999,-9999,N/A
1770,550.122357,550.1223335420709,-9999,1903806.6,-9999,312488.2,13.36,-1,-9999,-9999,-9999,-9999,-9999,-9999,-9999,unassigned,N/A,-9999,-9999,N/A,-9999,-9999,-9999,-9999,-9999,-9999,-9999,N/A
1899,568.72742,568.7273982712155,-9999,2338429.8,-9999,312539.3,15.83,-1,-9999,-9999,-9999,-9999,-9999,-9999,-9999,unassigned,N/A,-9999,-9999,N/A,-9999,-9999,-9999,-9999,-9999,-9999,-9999,N/A
2282,646.639407,646.6393925123135,-9999,2764421.8,-9999,239761.1,13.86,-1,-9999,-9999,-9999,-9999,-9999,-9999,-9999,unassigned,N/A,-9999,-9999,N/A,-9999,-9999,-9999,-9999,-9999,-9999,-9999,N/A
2290,648.637451,648.6374366980107,-9999,2552154.3,-9999,229545,12.65,-1,-9999,-9999,-9999,-9999,-9999,-9999,-9999,unassigned,N/A,-9999,-9999,N/A,-9999,-9999,-9999,-9999,-9999,-9999,-9999,N/A
